Epoch: 8Matrix Pair 0; W = [[-0.03292379  0.00808701  0.21229992 -0.25754812 -0.01948781]
 [ 0.03477477 -0.20941206 -0.32331041  0.19663878  0.26325507]
 [-0.55675609 -0.12027969  0.1368995  -0.03634127 -0.18853637]
 [-0.18277147 -0.30176292  0.0239292  -0.42581111  0.32602389]
 [-0.04735826 -0.09231541  0.32251234  0.08303827  0.65440477]]
U = [[-0.02347819 -0.1791152   0.00673016  0.15168345  0.11629814]
 [-0.10103262  0.23021468 -0.29569645  0.11116847 -0.30278568]
 [-0.10356311  0.09175764 -0.55852179  0.08911757 -0.0606095 ]
 [ 0.16912743 -0.12684135  0.04450967  0.11236511  0.51711096]
 [-0.12787196 -0.21200257 -0.26654033 -0.07214968  0.39494149]]
Matrix Pair 1; W = [[ 4.39872000e-02 -3.01094882e-02  2.49402480e-01 -2.54603769e-01
  -5.08046930e-02]
 [-2.98094749e-02 -1.95755266e-01 -3.83870467e-01  2.46515669e-01
   2.43932352e-01]
 [-5.28583677e-01 -4.43961848e-02  1.28056169e-01  6.09961195e-05
  -1.60587877e-01]
 [-1.56178073e-01 -3.48362721e-01 -3.87079190e-03 -3.95193692e-01
   3.38046264e-01]
 [-4.26413781e-02 -1.12973875e-01  3.49373199e-01  1.13659605e-01
   6.01969639e-01]]
U = [[-0.02407735 -0.25422869 -0.05467794  0.14514697  0.10013069]
 [-0.09911392  0.27337258 -0.2920005   0.03584829 -0.28267584]
 [-0.130622    0.13678441 -0.61236476  0.04919149 -0.04041742]
 [ 0.10737322 -0.21870722  0.03064864  0.05216821  0.47656583]
 [-0.13711337 -0.28922825 -0.23461681 -0.04258181  0.29865213]]
Matrix Pair 2; W = [[-0.01774133  0.00720537  0.18274349 -0.22346047 -0.07331171]
 [-0.00457985 -0.21386807 -0.34414669  0.23048566  0.27438953]
 [-0.56145132 -0.0464365   0.13503511 -0.05332522 -0.15128206]
 [-0.22228622 -0.37664808  0.04848493 -0.38676634  0.29707022]
 [ 0.02452156 -0.08791876  0.3381337   0.12975821  0.68572329]]
U = [[-0.01801114 -0.22233442 -0.05258319  0.20002579  0.06836131]
 [-0.11902464  0.28053081 -0.30558023  0.09899615 -0.29272059]
 [-0.0741047   0.1629913  -0.55972876  0.10888415 -0.07925908]
 [ 0.15942966 -0.1630688   0.02057686  0.062378    0.50346555]
 [-0.08023833 -0.28061815 -0.23280392 -0.07565133  0.34484382]]
Matrix Pair 3; W = [[-0.02881215  0.02864245  0.20557776 -0.25927639 -0.02999676]
 [ 0.0445782  -0.24732242 -0.3526594   0.27563101  0.19193533]
 [-0.5412734  -0.09384263  0.17501077 -0.04025675 -0.14861628]
 [-0.18701047 -0.30880666  0.04100546 -0.38496572  0.36662162]
 [-0.05167113 -0.04101626  0.33348355  0.14900813  0.68155684]]
U = [[ 0.00517193 -0.22777526 -0.01618917  0.15375294  0.07488895]
 [-0.06805376  0.27118812 -0.27836038  0.08027334 -0.28235603]
 [-0.12455529  0.09766111 -0.60983325  0.09065379 -0.08279232]
 [ 0.16974522 -0.14296585  0.02286848  0.04320139  0.50902412]
 [-0.15505184 -0.20945977 -0.19648063 -0.1274226   0.30869766]]
Matrix Pair 4; W = [[-0.02258152  0.02362819  0.17055585 -0.20708782 -0.19794991]
 [-0.03280029 -0.21036184 -0.3712578   0.16864935  0.21950745]
 [-0.60599575 -0.08629972  0.18486029 -0.01281133 -0.15082324]
 [-0.12309503 -0.32949742  0.00579011 -0.381923    0.33672679]
 [ 0.00809888 -0.08358085  0.26542457  0.09183376  0.61994676]]
U = [[-0.03491416 -0.23984766 -0.09725251  0.14344043  0.06707044]
 [-0.11842296  0.30317179 -0.24619736  0.09913469 -0.32009918]
 [-0.00464464  0.09572307 -0.65419402  0.02550963 -0.12003554]
 [ 0.15266425 -0.23329661  0.00284126  0.08090306  0.54007822]
 [-0.10491416 -0.18459776 -0.21118294 -0.12851165  0.2638565 ]]
Matrix Pair 5; W = [[ 0.02301936 -0.02065274  0.11239596 -0.20376858 -0.11968626]
 [ 0.02177098 -0.160614   -0.36519258  0.14114532  0.21838763]
 [-0.56320548 -0.0321618   0.13997469 -0.0604842  -0.10552171]
 [-0.07613744 -0.36292631  0.06883852 -0.35505123  0.33472078]
 [-0.06310778 -0.13306674  0.2961445   0.05877042  0.5863594 ]]
U = [[-0.0599161  -0.19255387 -0.11899763  0.15439754  0.14117161]
 [-0.12782406  0.24907013 -0.24736591  0.16536427 -0.30372583]
 [-0.03464169  0.09454284 -0.65696757  0.04040315 -0.12075841]
 [ 0.20961225 -0.19948559 -0.00071292  0.12517838  0.54754588]
 [-0.10839688 -0.24279852 -0.30644904 -0.06851009  0.31947497]]
Matrix Pair 6; W = [[ 0.01169697  0.00438305  0.17008193 -0.2361024  -0.16941129]
 [-0.0693529  -0.17065812 -0.35625785  0.1617059   0.27220497]
 [-0.53622665 -0.10575343  0.17467769 -0.00188892 -0.08724873]
 [-0.13555125 -0.37320969  0.06037721 -0.34073082  0.38607633]
 [-0.01517178 -0.07936163  0.26769281  0.15824541  0.58022223]]
U = [[-0.00736506 -0.22776754 -0.07810902  0.19221546  0.11361221]
 [-0.11653908  0.25357042 -0.225124    0.09033179 -0.27549496]
 [-0.09691277  0.09708756 -0.65777054  0.04856206 -0.07787173]
 [ 0.17012311 -0.14365579  0.0093271   0.15457635  0.50886938]
 [-0.18633569 -0.23560952 -0.24798984 -0.03394735  0.31635992]]
Matrix Pair 7; W = [[ 0.03192671  0.04511372  0.12009246 -0.18488669 -0.12122837]
 [ 0.00282703 -0.17972849 -0.37049356  0.14490564  0.21203741]
 [-0.53053955 -0.07168174  0.19640962 -0.08207557 -0.08933252]
 [-0.13431756 -0.34752454  0.09136482 -0.33393286  0.35317279]
 [-0.0309202  -0.04415202  0.26754903  0.11058115  0.61438486]]
U = [[-0.02258399 -0.1788234  -0.05611342  0.1834757   0.09486254]
 [-0.06275786  0.24229332 -0.30883053  0.06837289 -0.27297037]
 [-0.06828944  0.11276977 -0.67437647  0.09498697 -0.06758931]
 [ 0.1472339  -0.19049043 -0.03620129  0.09144005  0.5221661 ]
 [-0.19162533 -0.18122568 -0.30108343 -0.09600666  0.30182229]]
Matrix Pair 8; W = [[-0.11473386  0.063951    0.21793877 -0.26066924 -0.14757636]
 [ 0.05396903 -0.20614203 -0.35761127  0.18082537  0.16436734]
 [-0.58629356 -0.04346664  0.17893902  0.01945271 -0.08462004]
 [-0.22193434 -0.34791678  0.00691063 -0.3514648   0.37961368]
 [ 0.00743712 -0.08367341  0.25934329  0.03381129  0.64452231]]
U = [[-0.02878124 -0.2598167  -0.04375016  0.11409355  0.12013785]
 [-0.08851614  0.26693075 -0.30155778  0.02960029 -0.24881711]
 [-0.0930509   0.01079649 -0.60556019  0.11112965 -0.08465738]
 [ 0.11404782 -0.13392884 -0.01443897  0.12787287  0.47841325]
 [-0.109167   -0.22253167 -0.22852848 -0.08263679  0.32868405]]
Matrix Pair 9; W = [[-0.03491116  0.03230726  0.16800251 -0.2009598  -0.11079011]
 [-0.00339028 -0.28313523 -0.30829854  0.18009016  0.2496571 ]
 [-0.58407871 -0.0184309   0.11851368 -0.01375958 -0.16543123]
 [-0.15696211 -0.34125325 -0.0469181  -0.31618513  0.38164962]
 [ 0.06360655 -0.0563406   0.292926    0.04530769  0.58943137]]
U = [[ 0.02284435 -0.22701029 -0.04613086  0.14861563  0.08643248]
 [-0.04073983  0.21270366 -0.28008767  0.0296711  -0.26446652]
 [-0.11828672  0.08462773 -0.66928751  0.11201106 -0.05311305]
 [ 0.20664663 -0.1536452  -0.00119869  0.06199135  0.49803792]
 [-0.09951784 -0.29715917 -0.26934497 -0.10421124  0.29748478]]
Matrix Pair 10; W = [[-0.10432212  0.01478013  0.21998264 -0.22527207 -0.12218663]
 [-0.02611762 -0.29774954 -0.36715084  0.20985257  0.18375711]
 [-0.54615374 -0.05755642  0.16180992 -0.05526816 -0.14260763]
 [-0.16473176 -0.36302676 -0.03797116 -0.34234642  0.43052942]
 [ 0.06467916 -0.13198044  0.31698452  0.00466378  0.65607602]]
U = [[ 0.00404238 -0.28539469 -0.05203886  0.16609122  0.18505742]
 [-0.12311126  0.19713034 -0.31100904  0.04472355 -0.25047857]
 [-0.03968151  0.04191973 -0.64187718  0.04319815 -0.05104453]
 [ 0.16793532 -0.20242753 -0.00992285  0.07753063  0.51110533]
 [-0.13136178 -0.26151581 -0.23627313 -0.08566494  0.30822377]]
Matrix Pair 11; W = [[-0.04654054  0.01941856  0.14068229 -0.20644725 -0.09334519]
 [ 0.04241665 -0.28593009 -0.31791302  0.15758292  0.1655073 ]
 [-0.54842823 -0.07015485  0.13231598 -0.05407331 -0.13769787]
 [-0.15784489 -0.33993791 -0.03060211 -0.30999127  0.4298387 ]
 [ 0.03312645 -0.09717418  0.26114934  0.07186879  0.65820821]]
U = [[-0.02974269 -0.29061036  0.01779653  0.10696842  0.17623169]
 [-0.07893262  0.28429763 -0.30055932  0.11653517 -0.29680079]
 [-0.05602507  0.01651714 -0.6771155   0.08183281 -0.12086623]
 [ 0.15774851 -0.17861653 -0.01091835  0.10535724  0.46840958]
 [-0.15462452 -0.29703343 -0.2087629  -0.03823066  0.28744139]]
Matrix Pair 12; W = [[-0.03698399 -0.05549996  0.22057867 -0.15949263 -0.09186451]
 [ 0.04109823 -0.22439831 -0.31004364  0.29194809  0.16027668]
 [-0.51989286 -0.02620208  0.10784167 -0.05324454 -0.15594553]
 [-0.18654389 -0.28445854  0.01944786 -0.33626329  0.37659988]
 [-0.07001692 -0.06255451  0.3130438   0.0387645   0.63230833]]
U = [[-0.06257001 -0.25758382 -0.03781308  0.1390256   0.05580338]
 [-0.08646915  0.26907665 -0.33555241  0.05355771 -0.2331554 ]
 [-0.14963888  0.08154422 -0.62710224  0.11778488 -0.11238721]
 [ 0.11898418 -0.21114413 -0.03184615  0.13588303  0.53624799]
 [-0.11084449 -0.19571874 -0.27916899 -0.08602414  0.340382  ]]
Matrix Pair 13; W = [[-0.08141795 -0.04883869  0.15068096 -0.20599087 -0.10884544]
 [ 0.05666878 -0.26191583 -0.37147458  0.27534719  0.1773465 ]
 [-0.48608862 -0.09182097  0.13159192 -0.03618605 -0.14178556]
 [-0.26102754 -0.33302909  0.00652468 -0.39605021  0.37388511]
 [-0.04858111 -0.05159157  0.35829557  0.04585506  0.63220434]]
U = [[-0.03821525 -0.30223619 -0.08668131  0.16574298  0.06749324]
 [-0.02435042  0.30453189 -0.33656537  0.07099399 -0.28128901]
 [-0.07450345  0.10979452 -0.61973055  0.0534379  -0.06342251]
 [ 0.15396536 -0.20229634  0.01235549  0.10054453  0.55738634]
 [-0.07732567 -0.20248559 -0.27815322 -0.02500477  0.36345589]]
Matrix Pair 14; W = [[-0.07096693 -0.01887756  0.17325839 -0.20766407 -0.12564598]
 [ 0.0049437  -0.2304143  -0.29732771  0.24279696  0.21033327]
 [-0.49351694 -0.1065185   0.17702982 -0.02199579 -0.12226244]
 [-0.25048605 -0.33210797 -0.02381567 -0.37573166  0.32065583]
 [-0.0097321  -0.09692718  0.36708223  0.06541095  0.6804123 ]]
U = [[-0.05632919 -0.30336572 -0.08330089  0.15479052  0.13801548]
 [ 0.0094224   0.33290206 -0.34044142 -0.01193241 -0.29039233]
 [-0.06678588  0.07374226 -0.66279555  0.07445333 -0.07934042]
 [ 0.13445049 -0.16542109 -0.04253586  0.04751654  0.50211032]
 [-0.14151881 -0.21247805 -0.24939367 -0.06413379  0.42701079]]
Matrix Pair 15; W = [[-0.00301122 -0.06913833  0.23283668 -0.17113349 -0.08794752]
 [ 0.05611633 -0.20238671 -0.32098501  0.2567854   0.13807522]
 [-0.52780107 -0.09072815  0.13550567 -0.00783469 -0.17045072]
 [-0.18006941 -0.31039178 -0.06940474 -0.41462185  0.35861246]
 [-0.04780091 -0.12512632  0.36882697  0.07820878  0.61836235]]
U = [[-0.01960694 -0.30598422 -0.11935607  0.17003142  0.05365235]
 [-0.00480325  0.27492504 -0.38496789 -0.00944322 -0.29300591]
 [-0.12893073  0.11045606 -0.66085894  0.10504787 -0.11813519]
 [ 0.1567499  -0.17970754 -0.03392049  0.10456192  0.52606334]
 [-0.13048621 -0.24395833 -0.22506281 -0.05509848  0.39578445]]
Matrix Pair 16; W = [[ 0.01760592 -0.04727758  0.21785095 -0.24252207 -0.01829647]
 [ 0.08786512 -0.16435919 -0.35438722  0.2291068   0.19764331]
 [-0.47461378 -0.07122534  0.19928884 -0.00485966 -0.22521443]
 [-0.12540002 -0.37813158  0.01916976 -0.34894236  0.39391521]
 [-0.00985218 -0.04745896  0.31157774  0.0675703   0.54509581]]
U = [[-3.49078990e-03 -2.29382701e-01 -5.26325675e-02  1.73564216e-01
   9.21596066e-02]
 [-5.00156704e-02  3.35713686e-01 -2.74541718e-01 -1.61441592e-04
  -2.96129326e-01]
 [-8.83970544e-02  1.00602766e-01 -6.47052614e-01  7.81375558e-02
  -1.46097898e-01]
 [ 1.02128578e-01 -1.40347506e-01  7.34569018e-02  1.28716160e-01
   4.81796155e-01]
 [-1.58017197e-01 -2.02007668e-01 -3.23829207e-01 -9.93172027e-02
   3.42254075e-01]]
Matrix Pair 17; W = [[ 0.00818422  0.03655956  0.19147125 -0.22379115 -0.09054299]
 [ 0.01436235 -0.158946   -0.40203515  0.19600944  0.19171594]
 [-0.53870541 -0.1060433   0.13898356 -0.05113513 -0.16283344]
 [-0.17712084 -0.36343658  0.05240632 -0.37582334  0.40421727]
 [-0.07294126 -0.09720651  0.2932598   0.03869365  0.58486456]]
U = [[ 0.05749719 -0.19233583 -0.06042895  0.18515159  0.15191893]
 [-0.08318396  0.26204294 -0.28925326  0.05024656 -0.295824  ]
 [-0.10275882  0.07835482 -0.64978548  0.08550809 -0.1056416 ]
 [ 0.09070216 -0.16550592  0.06479006  0.13667776  0.41352442]
 [-0.12044059 -0.24723382 -0.24890834 -0.11186343  0.3735125 ]]
Matrix Pair 18; W = [[-0.01283181 -0.04039352  0.20862893 -0.24622795 -0.07705972]
 [ 0.09561576 -0.16745934 -0.42574716  0.15539841  0.18927653]
 [-0.48672548 -0.08334286  0.21359778 -0.05408216 -0.17584084]
 [-0.12977815 -0.34986573  0.02828676 -0.42516359  0.42210559]
 [ 0.01716951 -0.05876382  0.31736751  0.02932858  0.59274833]]
U = [[ 0.04138393 -0.19613045 -0.03736931  0.13572144  0.16447108]
 [-0.08217237  0.32863431 -0.32131228  0.06780384 -0.31022639]
 [-0.08998611  0.15930352 -0.58594204  0.02791109 -0.15190481]
 [ 0.09971273 -0.16703942  0.04776293  0.12972243  0.50135703]
 [-0.09280015 -0.23575734 -0.30400108 -0.04819486  0.35195612]]
Matrix Pair 19; W = [[-0.0344856  -0.05432458  0.21675943 -0.21083388 -0.01128685]
 [ 0.03062693 -0.16554705 -0.39613625  0.13388814  0.16566925]
 [-0.54989968 -0.11267833  0.18138528 -0.00180818 -0.17485872]
 [-0.11538896 -0.29835894  0.09848736 -0.33433088  0.38443436]
 [-0.00097814 -0.12010349  0.27919652  0.08195371  0.56276329]]
U = [[-0.02587114 -0.17027908 -0.02210105  0.21879773  0.11458685]
 [-0.1091646   0.29085873 -0.27821932  0.07762097 -0.3127709 ]
 [-0.12527611  0.10120129 -0.61196236  0.03169277 -0.13852937]
 [ 0.1303027  -0.19842097  0.01496112  0.07068231  0.4624191 ]
 [-0.15595914 -0.19956111 -0.2386945  -0.04599943  0.35493603]]
Matrix Pair 20; W = [[ 0.07263294  0.01182185  0.15924731 -0.23228221 -0.07346238]
 [-0.0230056  -0.17522065 -0.30474541  0.12524486  0.15300895]
 [-0.51752329 -0.09621844  0.10390924  0.02146135 -0.2425764 ]
 [-0.17342424 -0.34037499 -0.03339422 -0.35660426  0.38956634]
 [ 0.00379062 -0.17285691  0.30077449  0.10926297  0.58048675]]
U = [[ 0.00112118 -0.24745632 -0.10439645  0.24432904  0.10322009]
 [-0.04117629  0.26329686 -0.26663389  0.10625285 -0.33661718]
 [-0.06703324  0.04504771 -0.55831649  0.09111131 -0.00987208]
 [ 0.15448799 -0.16134119  0.00628529  0.08115249  0.50217436]
 [-0.11209195 -0.23689418 -0.29633603 -0.05439901  0.33033284]]
Matrix Pair 21; W = [[ 0.05541707  0.03747786  0.17972263 -0.31688714 -0.14876182]
 [-0.01478254 -0.2460157  -0.36846449  0.19964495  0.17428936]
 [-0.57112168 -0.10636182  0.13904853 -0.06604306 -0.19757899]
 [-0.13128639 -0.34903269 -0.03787369 -0.33417216  0.36406929]
 [-0.02418827 -0.08465313  0.30639492  0.12992436  0.55287305]]
U = [[-0.05387553 -0.17897211 -0.01903264  0.17591057  0.17230976]
 [-0.06740978  0.31373616 -0.33569246  0.08790157 -0.2878101 ]
 [-0.1232608   0.07822296 -0.64764747  0.07785569 -0.01560756]
 [ 0.15140269 -0.17671108  0.04847298  0.06908617  0.47798377]
 [-0.09254452 -0.27339287 -0.29388884 -0.03752503  0.40684108]]
Matrix Pair 22; W = [[ 0.02734298 -0.02622673  0.15837265 -0.27042284 -0.1503449 ]
 [ 0.04226178 -0.2554906  -0.29950573  0.10595819  0.1893837 ]
 [-0.59088625 -0.07015533  0.10913784 -0.02024706 -0.18890782]
 [-0.20914745 -0.36251685 -0.03002398 -0.38623562  0.40177291]
 [-0.076965   -0.12682463  0.33233481  0.11957954  0.63268984]]
U = [[-0.03885916 -0.25839219 -0.06284432  0.16618994  0.15277464]
 [-0.11917544  0.2447538  -0.32752754  0.02129686 -0.35327824]
 [-0.11890974  0.04820113 -0.55764765  0.06253759 -0.07192837]
 [ 0.07019555 -0.17417164  0.0308496   0.01603661  0.46232498]
 [-0.09595795 -0.29200525 -0.30678952 -0.0766915   0.3397124 ]]
Matrix Pair 23; W = [[ 3.29646741e-02  1.02456931e-02  1.75464724e-01 -2.86326739e-01
  -1.18764254e-01]
 [ 1.92266234e-02 -2.45859444e-01 -3.72947471e-01  1.86429971e-01
   1.96939739e-01]
 [-5.72946639e-01 -1.12031368e-01  1.58093346e-01 -2.26622424e-02
  -2.38883877e-01]
 [-1.48989821e-01 -3.00339830e-01  1.08224609e-05 -3.71338782e-01
   4.36465486e-01]
 [-8.11363481e-02 -1.08724888e-01  2.98277796e-01  7.63913495e-02
   6.01491670e-01]]
U = [[-0.07260769 -0.17708742 -0.03838321  0.17329147  0.09907917]
 [-0.1238054   0.3207263  -0.29879454  0.10406796 -0.34546663]
 [-0.06493568  0.10997585 -0.62079875  0.04150823 -0.00733647]
 [ 0.11457086 -0.17131229 -0.02247443  0.01461326  0.50319075]
 [-0.0811656  -0.22901422 -0.24197552 -0.0413583   0.32350075]]
Matrix Pair 24; W = [[ 0.00460901  0.02472147  0.15026681 -0.24787575 -0.03863409]
 [ 0.04822277 -0.20988054 -0.37412376  0.17108077  0.11563559]
 [-0.57071879 -0.05539561  0.16808931 -0.0203041  -0.19474437]
 [-0.18046068 -0.29953318 -0.00533101 -0.33649484  0.42083455]
 [-0.01532988 -0.0884671   0.36397193  0.06902588  0.64157175]]
U = [[-0.02510275 -0.25972273 -0.11361003  0.14096995  0.06793131]
 [ 0.03300692  0.27576809 -0.3634879   0.06084493 -0.25707247]
 [-0.075907    0.15453199 -0.59420247  0.10684986 -0.11257945]
 [ 0.07443029 -0.19190874 -0.00975646  0.12467349  0.50565165]
 [-0.12628089 -0.26207962 -0.30715583 -0.07238413  0.49052204]]
Matrix Pair 25; W = [[-0.05389991 -0.04526792  0.09473222 -0.25301664 -0.07652214]
 [ 0.09469672 -0.15278335 -0.37855662  0.19491047  0.15330878]
 [-0.51758717 -0.08596713  0.13809781 -0.02417633 -0.19754838]
 [-0.22964238 -0.27312892  0.00928609 -0.32134158  0.32552238]
 [ 0.00855397 -0.11717782  0.29982607  0.09031351  0.6565809 ]]
U = [[ 0.02118531 -0.3135139  -0.06020421  0.20725731  0.12552387]
 [ 0.01496455  0.35981097 -0.33778112  0.07911123 -0.22676447]
 [-0.04666227  0.16076382 -0.59020132  0.04976833 -0.09860728]
 [ 0.10146246 -0.24185406 -0.03272615  0.10311992  0.53160785]
 [-0.13194989 -0.28588493 -0.24087782 -0.08702165  0.46665803]]
Matrix Pair 26; W = [[-0.00545554 -0.02842831  0.11535144 -0.27125841 -0.094396  ]
 [ 0.03876781 -0.19539883 -0.34361622  0.21852204  0.16041575]
 [-0.5509729  -0.08404544  0.1173595   0.04690337 -0.2064943 ]
 [-0.18199471 -0.28023817 -0.04543125 -0.31742126  0.39990523]
 [-0.05390022 -0.07422163  0.3663748   0.08974528  0.66558333]]
U = [[-0.0463089  -0.26303986 -0.02567353  0.11377838  0.05131511]
 [ 0.00261869  0.29858628 -0.3308789   0.0872742  -0.26005843]
 [-0.03740154  0.07094983 -0.62778509  0.09110856 -0.11197359]
 [ 0.12387339 -0.19741377  0.0292264   0.10827022  0.48731041]
 [-0.06523013 -0.28684153 -0.28402499 -0.12346873  0.46583887]]
Matrix Pair 27; W = [[-0.0228023  -0.02138533  0.14168088 -0.20304157 -0.0772029 ]
 [ 0.09179207 -0.20382312 -0.33561261  0.20618666  0.17091682]
 [-0.52068497 -0.05676449  0.11352293  0.05133516 -0.15887268]
 [-0.22854416 -0.31426635  0.01928505 -0.28724986  0.40784138]
 [-0.00271707 -0.02922852  0.36334     0.0763335   0.57758537]]
U = [[ 0.00277845 -0.29494118 -0.04924266  0.15012934  0.04975479]
 [-0.05213909  0.29644598 -0.39040584  0.0794614  -0.27702535]
 [-0.01446047  0.11899314 -0.6514476   0.01719389 -0.10701102]
 [ 0.07284944 -0.19142065  0.00870617  0.1084756   0.5388208 ]
 [-0.1001335  -0.23143471 -0.24141184 -0.12120573  0.41584711]]
Matrix Pair 28; W = [[ 0.03725082  0.02404538  0.14233803 -0.20452239 -0.0606539 ]
 [ 0.00681938 -0.22559782 -0.41072838  0.09456559  0.16212818]
 [-0.60872298 -0.09130418  0.13720386 -0.04118998 -0.18954958]
 [-0.18812256 -0.34322344  0.04898502 -0.33522236  0.42500547]
 [-0.02542834 -0.05646353  0.30921749  0.10345817  0.62327343]]
U = [[-0.06150239 -0.25561526 -0.07556724  0.22366682  0.13082451]
 [-0.01038795  0.2469254  -0.23365916  0.09664242 -0.29590069]
 [-0.09681481  0.0756249  -0.57022063  0.11597204 -0.12001848]
 [ 0.15797262 -0.17657938  0.07232289  0.10207989  0.49597537]
 [-0.1356396  -0.21823021 -0.2231098  -0.09933831  0.26383916]]
Matrix Pair 29; W = [[-0.00202583 -0.00660052  0.16352863 -0.22030662 -0.08821677]
 [ 0.0240364  -0.20069225 -0.36396558  0.12650537  0.20898469]
 [-0.58470536 -0.10362487  0.14774699 -0.06989381 -0.21716764]
 [-0.19134481 -0.3655193   0.07760994 -0.38310362  0.43775818]
 [-0.0620955  -0.1071331   0.33015326  0.09061345  0.63724323]]
U = [[-0.03923694 -0.17674974 -0.08514353  0.20070458  0.11113335]
 [-0.07632934  0.24052589 -0.29358893  0.10703258 -0.30561138]
 [-0.07679959  0.10253788 -0.63771095  0.11499054 -0.10821251]
 [ 0.10482459 -0.15674524  0.0966174   0.06658345  0.46423796]
 [-0.20911304 -0.21212511 -0.29759631 -0.09540355  0.27471477]]
Matrix Pair 30; W = [[ 0.03534044  0.03167215  0.15334333 -0.22375024 -0.03696477]
 [-0.04063892 -0.19641124 -0.36220711  0.13113883  0.20914144]
 [-0.60927153 -0.06234085  0.15889943 -0.03300177 -0.23171027]
 [-0.18550974 -0.36693576  0.0233163  -0.38478201  0.42606519]
 [-0.0730231  -0.08020545  0.32647003  0.10565753  0.59514255]]
U = [[-0.06917395 -0.18274727 -0.02856     0.15233646  0.07375018]
 [-0.0213225   0.2274068  -0.28329738  0.06760494 -0.3630001 ]
 [-0.10180545  0.0789786  -0.61077836  0.03781332 -0.11502697]
 [ 0.11992666 -0.19853954  0.01167057  0.14132106  0.5393488 ]
 [-0.11508791 -0.16262499 -0.23730137 -0.06298515  0.29081735]]
Matrix Pair 31; W = [[ 0.03013689  0.06525912  0.17816578 -0.28028812 -0.06405792]
 [-0.01740811 -0.21989341 -0.33420883  0.10060106  0.22988361]
 [-0.57659098 -0.05326191  0.10873584 -0.08030513 -0.1721162 ]
 [-0.13325212 -0.27964209  0.09801926 -0.32853127  0.43928252]
 [-0.0498395  -0.11794849  0.35934527  0.10506959  0.6335606 ]]
U = [[-0.01908028 -0.2092736  -0.05200504  0.14627087  0.1031203 ]
 [-0.00962522  0.21875942 -0.32648675  0.05864485 -0.33901355]
 [-0.05166187  0.15296858 -0.59988244  0.08467641 -0.1034349 ]
 [ 0.15441851 -0.15176935  0.10136188  0.10511564  0.51895167]
 [-0.17982842 -0.2026591  -0.21331186 -0.15053344  0.32162646]]
