Epoch: 9Matrix Pair 0; W = [[-0.05708216  0.01454287  0.19929151 -0.20127425 -0.1472094 ]
 [-0.05807951 -0.24910702 -0.31104786  0.24529039  0.26607685]
 [-0.49625607 -0.13046399  0.1909715  -0.02340355 -0.13316845]
 [-0.18617365 -0.31264729  0.03197201 -0.38360757  0.34573726]
 [-0.06711896 -0.06636309  0.30285147  0.16530551  0.66498167]]
U = [[ 0.03890349 -0.20665066 -0.05670683  0.1491943   0.10075766]
 [-0.05714018  0.23311386 -0.23847836  0.12514983 -0.24059175]
 [-0.06892844  0.0924045  -0.64205565  0.05236326 -0.10523273]
 [ 0.18747466 -0.14055011  0.05055699  0.1164843   0.55362087]
 [-0.12282383 -0.21707558 -0.25494775 -0.1011128   0.30650328]]
Matrix Pair 1; W = [[-0.0139543  -0.01444759  0.20423057 -0.22030307 -0.07338643]
 [ 0.03108819 -0.22774471 -0.34305422  0.24320567  0.27224711]
 [-0.56434761 -0.11481123  0.17671904 -0.0472255  -0.16757005]
 [-0.11299346 -0.35532743  0.06707927 -0.41041557  0.40291924]
 [ 0.00888126 -0.05092181  0.30012762  0.11965233  0.66524078]]
U = [[-0.0058612  -0.27178327 -0.0666486   0.16335552  0.0951483 ]
 [-0.10636529  0.25925737 -0.28571066  0.12961122 -0.30975383]
 [-0.08268738  0.13825775 -0.61084676  0.10059615 -0.04472893]
 [ 0.14153021 -0.171277    0.01997313  0.09883796  0.50315032]
 [-0.20531452 -0.20386423 -0.23608523 -0.11298907  0.32673187]]
Matrix Pair 2; W = [[ 0.03781392  0.03591796  0.16556011 -0.27297555 -0.06266279]
 [ 0.01606826 -0.17183724 -0.36658871  0.24433102  0.27098888]
 [-0.52269515 -0.08475038  0.17571804 -0.02326466 -0.08799846]
 [-0.14811428 -0.32262249  0.09749571 -0.33138031  0.35748037]
 [ 0.01432185 -0.08172018  0.33013419  0.11190566  0.65012059]]
U = [[ 0.01049729 -0.21226316 -0.07326998  0.1807562   0.10565328]
 [-0.11436092  0.27382008 -0.27884008  0.08543096 -0.29120111]
 [-0.10126019  0.12621076 -0.58678593  0.03194085 -0.10138735]
 [ 0.20520952 -0.12859076  0.01521494  0.06982442  0.55685909]
 [-0.15941279 -0.26329908 -0.21485026 -0.04089756  0.28771063]]
Matrix Pair 3; W = [[-0.04732087  0.04228295  0.18058372 -0.24765371 -0.09253865]
 [-0.00877348 -0.17745863 -0.32920131  0.22304838  0.25089484]
 [-0.57025404 -0.09165799  0.137352    0.01971041 -0.09978486]
 [-0.12872753 -0.33730444  0.07922704 -0.32777415  0.37927438]
 [-0.03637116 -0.03055447  0.34692859  0.12314688  0.5965455 ]]
U = [[-0.02646359 -0.20374261 -0.07470774  0.14361345  0.0885936 ]
 [-0.09073022  0.29723981 -0.27537952  0.13306386 -0.28280009]
 [-0.10577311  0.09666981 -0.58401759  0.07813811 -0.06635773]
 [ 0.21883887 -0.16741109  0.05393554  0.06859594  0.5102051 ]
 [-0.16653942 -0.26587188 -0.22029213 -0.04405784  0.32942481]]
Matrix Pair 4; W = [[-0.06121868  0.03147421  0.18170549 -0.24502254 -0.11526072]
 [-0.04049326 -0.2517864  -0.29324969  0.14844235  0.18524012]
 [-0.50577774 -0.02444716  0.19679757 -0.03197544 -0.131221  ]
 [-0.12845452 -0.32076483 -0.07859112 -0.33760632  0.46091908]
 [ 0.04223802 -0.07199704  0.26274347  0.08103162  0.6466818 ]]
U = [[-0.03756553 -0.29080276 -0.02350747  0.18513095  0.17323655]
 [-0.09431382  0.28402241 -0.26381988  0.12543693 -0.31785924]
 [-0.06242548  0.03235624 -0.6904579   0.0742256  -0.03898912]
 [ 0.12396508 -0.15501296 -0.00165002  0.09990264  0.4830939 ]
 [-0.14551276 -0.27852315 -0.21709621 -0.09942834  0.27105374]]
Matrix Pair 5; W = [[-0.0590152  -0.01368591  0.20459279 -0.19018258 -0.06137532]
 [-0.01292825 -0.27581082 -0.36341457  0.17873417  0.2015396 ]
 [-0.58731181 -0.04458512  0.18617026 -0.08688137 -0.17440523]
 [-0.18299239 -0.37135333  0.01337889 -0.37031582  0.3840895 ]
 [ 0.07180477 -0.09364156  0.32561528  0.02505409  0.63071579]]
U = [[ 0.01577806 -0.23804999 -0.02981105  0.1233467   0.15613658]
 [-0.05495372  0.25943045 -0.25886955  0.03377231 -0.31600954]
 [-0.08339712  0.06270727 -0.62425595  0.02206799 -0.1102159 ]
 [ 0.20604228 -0.23872868  0.02895152  0.09423337  0.53807047]
 [-0.18519051 -0.30564651 -0.17778802 -0.02363208  0.32146249]]
Matrix Pair 6; W = [[-0.08703001 -0.02221339  0.18207314 -0.18355839 -0.12525411]
 [ 0.00996933 -0.28103357 -0.29264684  0.15670225  0.20349078]
 [-0.55720802 -0.03735226  0.0981089  -0.03211689 -0.13789821]
 [-0.1286265  -0.3983319  -0.04503803 -0.29336078  0.46279941]
 [ 0.05634111 -0.0669592   0.33230235  0.01586717  0.65529721]]
U = [[-0.00192055 -0.29807416 -0.06136156  0.15889248  0.16826377]
 [-0.14376066  0.28901116 -0.33257641  0.11333725 -0.28726596]
 [-0.04597053 -0.00105101 -0.70897394  0.02199724 -0.12003622]
 [ 0.21157122 -0.21641334 -0.04739702  0.11316882  0.45321035]
 [-0.17338604 -0.29516652 -0.20657239 -0.01435432  0.29549213]]
Matrix Pair 7; W = [[-0.11174769 -0.02522018  0.19845639 -0.1896009  -0.13734995]
 [ 0.02956479 -0.28938671 -0.34020122  0.23083775  0.15128457]
 [-0.56653778 -0.09028816  0.15412979 -0.02560135 -0.09505122]
 [-0.14353174 -0.34819645 -0.05249873 -0.3676967   0.42415184]
 [ 0.02981889 -0.09934003  0.30747605  0.06627189  0.6959887 ]]
U = [[-5.32769948e-03 -3.08248067e-01 -6.58872767e-02  1.25147119e-01
   1.78748702e-01]
 [-6.47218952e-02  2.37917329e-01 -2.57601206e-01  7.27680060e-02
  -2.74118632e-01]
 [-8.54484670e-02  2.67577031e-02 -6.20894352e-01  3.47686994e-02
  -8.63107909e-02]
 [ 1.21614233e-01 -1.51474412e-01  4.55653935e-05  5.52690491e-02
   5.06709124e-01]
 [-1.84777356e-01 -2.38492982e-01 -1.81000006e-01 -2.68748531e-02
   3.37435867e-01]]
Matrix Pair 8; W = [[-0.08371585  0.05695624  0.2070795  -0.20970365 -0.10666319]
 [ 0.05797846 -0.21258807 -0.33304286  0.27652669  0.13551241]
 [-0.53223739 -0.03466832  0.15443432  0.03370657 -0.07204428]
 [-0.27124644 -0.37252941  0.00736011 -0.33453875  0.38630276]
 [-0.06037738 -0.04926339  0.31943067  0.05331931  0.60527375]]
U = [[ 0.01034075 -0.28293466 -0.02806193  0.15034957  0.06512129]
 [-0.03266244  0.24151861 -0.36831625  0.07002431 -0.24341093]
 [-0.10415959  0.06936308 -0.61889103  0.04251786 -0.06565277]
 [ 0.1815922  -0.13687225  0.046782    0.08215246  0.5298353 ]
 [-0.05825616 -0.18987644 -0.27311975 -0.04083867  0.37693583]]
Matrix Pair 9; W = [[-0.14235223 -0.01100968  0.16062842 -0.27166732 -0.12238744]
 [ 0.03989086 -0.21115006 -0.36136083  0.20941641  0.14787695]
 [-0.50694212 -0.05239067  0.12307437 -0.0172994  -0.12846194]
 [-0.2811796  -0.30050836 -0.0245175  -0.33053424  0.34747108]
 [ 0.02847177 -0.03542869  0.27209266  0.0026347   0.59925766]]
U = [[ 0.01456386 -0.29883032 -0.1080318   0.14634917  0.13902278]
 [-0.0273328   0.32558213 -0.3061565   0.09706648 -0.29032359]
 [-0.10038967  0.08551486 -0.64699523  0.10547759 -0.0978783 ]
 [ 0.10523047 -0.21176424 -0.03376145  0.0887222   0.53455018]
 [-0.04364944 -0.25508401 -0.24691712 -0.02755878  0.30423619]]
Matrix Pair 10; W = [[-0.14671731  0.02020778  0.16624867 -0.25833023 -0.1140358 ]
 [ 0.01265985 -0.21681302 -0.3318915   0.24485592  0.19876369]
 [-0.52874187 -0.02133116  0.11435963 -0.0256449  -0.09775345]
 [-0.27589551 -0.33472284  0.03323388 -0.39151933  0.41032604]
 [-0.00935045 -0.10486457  0.29162235  0.08725311  0.65956768]]
U = [[-0.07177738 -0.26341889 -0.02168105  0.16334913  0.10756115]
 [-0.04037144  0.29516409 -0.35432047  0.08596365 -0.2530641 ]
 [-0.04060475  0.01127095 -0.62144261  0.10782511 -0.12391553]
 [ 0.13934308 -0.19411965  0.0057073   0.0811176   0.48565295]
 [-0.05483724 -0.17547584 -0.20380681 -0.00983256  0.34792508]]
Matrix Pair 11; W = [[-0.13310447  0.04417918  0.16260855 -0.19491753 -0.17020803]
 [ 0.02077799 -0.19568349 -0.32369261  0.2402376   0.21950504]
 [-0.52762431 -0.07317461  0.12174168  0.01378231 -0.13152883]
 [-0.25479413 -0.34598871  0.02397863 -0.40935638  0.35953949]
 [-0.05972218 -0.05823432  0.28278595  0.05275975  0.66852157]]
U = [[ 0.00705376 -0.27803023 -0.07780018  0.16545721  0.10622902]
 [-0.01469576  0.26916508 -0.33078094  0.07883116 -0.31326338]
 [-0.05487307  0.03737921 -0.58549264  0.04188606 -0.10762239]
 [ 0.0904096  -0.18017413 -0.01663295  0.07263635  0.48992366]
 [-0.04886775 -0.20321668 -0.27760891 -0.00421764  0.38020255]]
Matrix Pair 12; W = [[ 0.0022796  -0.09772774  0.25844023 -0.24192352 -0.0476276 ]
 [-0.01822896 -0.16823099 -0.39861456  0.24951738  0.18832806]
 [-0.49836084 -0.0793304   0.14037256 -0.04594275 -0.13138882]
 [-0.20573764 -0.30362628 -0.038748   -0.43022957  0.35043384]
 [-0.06792673 -0.15727876  0.38160469  0.11756331  0.63837362]]
U = [[-0.03972589 -0.24750705 -0.12816651  0.16473876  0.03538476]
 [-0.09018093  0.28827598 -0.30109899  0.00191596 -0.32552186]
 [-0.08114448  0.13924067 -0.64710408  0.04721163 -0.08061618]
 [ 0.11362882 -0.18115367 -0.02616385  0.03657804  0.47273309]
 [-0.14951744 -0.25120589 -0.21384299 -0.08868967  0.30751985]]
Matrix Pair 13; W = [[ 0.0578534  -0.03523213  0.22643358 -0.21720088 -0.02713225]
 [-0.01767922 -0.15589544 -0.30732277  0.28517881  0.17798621]
 [-0.48004703 -0.06691777  0.13635362 -0.00682229 -0.14873366]
 [-0.14925589 -0.36204369 -0.03546804 -0.43353961  0.36280914]
 [-0.03574883 -0.11016404  0.30972193  0.09200813  0.65230879]]
U = [[-0.025646   -0.3120257  -0.10701949  0.16682781  0.09678895]
 [-0.06293206  0.31433789 -0.33865455  0.04841668 -0.28584534]
 [-0.15845188  0.16330926 -0.59750677  0.07005574 -0.0921192 ]
 [ 0.08500134 -0.1633096  -0.02068074  0.0898401   0.49319261]
 [-0.12340893 -0.24181849 -0.2091495  -0.0764305   0.38366712]]
Matrix Pair 14; W = [[ 0.06596201 -0.05603407  0.21107743 -0.25469263 -0.03909089]
 [-0.02785773 -0.15915735 -0.37170463  0.26302262  0.20047831]
 [-0.48063882 -0.05782782  0.12309702  0.04315235 -0.16654293]
 [-0.16308721 -0.34438476 -0.06122648 -0.44898838  0.30259874]
 [-0.03879367 -0.16343129  0.34470297  0.0755326   0.61441191]]
U = [[ 0.00800484 -0.31173507 -0.06985936  0.13692321  0.03258381]
 [-0.06438167  0.2276018  -0.29140565 -0.02216923 -0.25521291]
 [-0.13727686  0.17208833 -0.63709912  0.05125359 -0.0637707 ]
 [ 0.16145877 -0.15905688  0.00131693  0.10098388  0.53536292]
 [-0.14590105 -0.28374863 -0.24272958 -0.07201708  0.38571329]]
Matrix Pair 15; W = [[ 4.46041177e-02 -7.54219127e-02  2.57529949e-01 -2.29856622e-01
  -4.61003428e-02]
 [ 2.51624388e-05 -2.03329104e-01 -3.68606384e-01  2.47389231e-01
   1.49400258e-01]
 [-5.35285325e-01 -5.85111333e-02  9.14658451e-02  2.54652353e-02
  -1.52099685e-01]
 [-1.21844590e-01 -2.79838862e-01 -4.64449103e-02 -4.02433583e-01
   3.93758848e-01]
 [-8.13861025e-03 -7.83127824e-02  3.11716839e-01  1.05251713e-01
   6.09303111e-01]]
U = [[ 0.0067189  -0.32461681 -0.08950414  0.13534826  0.11868317]
 [-0.04802951  0.24528383 -0.38492374 -0.00316921 -0.2571511 ]
 [-0.09289335  0.11934415 -0.602389    0.04373537 -0.08796409]
 [ 0.13037924 -0.19573869  0.0326249   0.10471952  0.54196506]
 [-0.10315942 -0.29288343 -0.26402239 -0.05149476  0.32060735]]
Matrix Pair 16; W = [[-0.03381837  0.05422569  0.18276845 -0.19101137 -0.14534518]
 [-0.02474871 -0.26998635 -0.31480616  0.15780973  0.24234632]
 [-0.58823449 -0.05584664  0.14606831 -0.02269011 -0.20447833]
 [-0.1374078  -0.37590849 -0.00116762 -0.36997731  0.34295216]
 [ 0.05551447 -0.0897641   0.23444785  0.03631232  0.56280043]]
U = [[ 0.02250983 -0.27494187 -0.07796843  0.11166703  0.10358683]
 [-0.03578255  0.21825348 -0.304357    0.08771122 -0.30399516]
 [-0.10973571  0.04921256 -0.67468716  0.09807496 -0.08719279]
 [ 0.18090881 -0.20886067 -0.00385941  0.10182309  0.50815681]
 [-0.08199686 -0.2202802  -0.27540402 -0.08321329  0.31820097]]
Matrix Pair 17; W = [[ 1.70219941e-02  1.38653191e-02  1.82776384e-01 -1.58046630e-01
  -1.43947811e-01]
 [ 2.41131290e-02 -2.94346107e-01 -2.91531175e-01  1.50739875e-01
   2.84033025e-01]
 [-5.68072980e-01 -8.11472535e-02  1.28130803e-01 -1.65575575e-04
  -1.57385694e-01]
 [-1.74680425e-01 -3.72807827e-01 -4.26413881e-02 -3.14568289e-01
   3.63151354e-01]
 [ 3.16829906e-03 -1.05347073e-01  2.55528433e-01  4.07079915e-02
   6.29365270e-01]]
U = [[ 0.01131758 -0.21784154 -0.07410167  0.10131317  0.09004293]
 [-0.0875585   0.21403237 -0.23233099  0.06784511 -0.31226076]
 [-0.07820537  0.10227474 -0.65948687  0.07401175 -0.0759048 ]
 [ 0.18342132 -0.14539006 -0.03191018  0.09456131  0.48027898]
 [-0.14509264 -0.24891753 -0.24811503 -0.15038167  0.26762657]]
Matrix Pair 18; W = [[-2.38516138e-02  6.11505174e-02  1.21640242e-01 -1.81388820e-01
  -1.90350782e-01]
 [ 1.85353289e-03 -2.84598399e-01 -3.56454198e-01  2.05590227e-01
   2.18785398e-01]
 [-6.14757129e-01 -2.30995563e-02  1.81578179e-01 -1.76218534e-02
  -1.49391325e-01]
 [-1.62339399e-01 -3.58016965e-01  3.59074313e-04 -3.69791288e-01
   3.22163126e-01]
 [ 8.06853960e-02 -2.60751040e-02  2.91060875e-01  3.63844648e-02
   5.93311546e-01]]
U = [[ 0.02359789 -0.23503213 -0.06523697  0.18505053  0.08160042]
 [-0.07381441  0.27670594 -0.27813692  0.0329126  -0.32459383]
 [-0.02887929  0.1280677  -0.66941594  0.06658467 -0.07242907]
 [ 0.17154732 -0.14881632 -0.01190694  0.06225303  0.49343833]
 [-0.07650873 -0.26103989 -0.26118244 -0.12155826  0.29027569]]
Matrix Pair 19; W = [[-0.0585862   0.01184796  0.13744042 -0.22180388 -0.18039903]
 [ 0.01824608 -0.28534054 -0.37644917  0.14572906  0.19458309]
 [-0.59208061 -0.03509206  0.19685599 -0.02768107 -0.12500348]
 [-0.18147118 -0.29776448 -0.05796229 -0.38747592  0.36026988]
 [ 0.0841322  -0.07790843  0.28619655  0.02487672  0.64698101]]
U = [[ 0.01628269 -0.21973806 -0.09450861  0.10047776  0.11754406]
 [-0.03581473  0.21061919 -0.27782956  0.02806291 -0.28597506]
 [-0.10775074  0.0997975  -0.66584403  0.07017335 -0.05082656]
 [ 0.16138185 -0.22032363  0.03728134  0.1151364   0.49590209]
 [-0.07986454 -0.27079918 -0.23065486 -0.13980721  0.30022847]]
Matrix Pair 20; W = [[ 0.01097094  0.02821525  0.14999769 -0.25978456 -0.14554981]
 [-0.01808032 -0.22890743 -0.34233826  0.13988031  0.24507316]
 [-0.58643906 -0.01368364  0.17417139 -0.09904178 -0.13544801]
 [-0.13192216 -0.34073579  0.08244143 -0.34957901  0.35394004]
 [ 0.02264752 -0.13790932  0.28947585  0.06297043  0.62086479]]
U = [[-0.08067841 -0.25169665 -0.10436145  0.20868682  0.0706897 ]
 [-0.09457816  0.29860396 -0.2613088   0.14626552 -0.33945285]
 [-0.06801505  0.11933529 -0.58170929  0.04556386 -0.08361774]
 [ 0.19258432 -0.13269146 -0.03467773  0.07980028  0.51628657]
 [-0.06709156 -0.26887114 -0.30036647 -0.03688123  0.32416835]]
Matrix Pair 21; W = [[-0.01523417 -0.00868743  0.14617294 -0.19182009 -0.12788095]
 [-0.00526749 -0.22439582 -0.31068987  0.20257481  0.246159  ]
 [-0.58167386 -0.0022901   0.13578625 -0.01800995 -0.10085795]
 [-0.13430939 -0.41957576  0.09800724 -0.35567133  0.36352586]
 [-0.06763982 -0.14061682  0.29967235  0.08976624  0.60887608]]
U = [[-0.04907393 -0.22474793 -0.12205174  0.13954018  0.13707795]
 [-0.08394056  0.22259964 -0.22841886  0.11328313 -0.25008952]
 [-0.04555616  0.08011263 -0.56749141  0.07498366 -0.07964196]
 [ 0.22738342 -0.14429745 -0.01768096  0.12125052  0.52704942]
 [-0.10717648 -0.26850298 -0.30342081 -0.06457276  0.32544364]]
Matrix Pair 22; W = [[-0.02898874  0.04319198  0.11518547 -0.21799605 -0.13333764]
 [-0.02568452 -0.15345446 -0.3653635   0.22121015  0.26707499]
 [-0.56268418 -0.03683039  0.11716943 -0.07996526 -0.13062218]
 [-0.14441332 -0.3295698   0.06039201 -0.37947947  0.33618183]
 [-0.00952538 -0.07738373  0.28725156  0.13133197  0.68097406]]
U = [[-0.02373239 -0.18258656 -0.07209955  0.12965141  0.13825468]
 [-0.12247899  0.24982723 -0.25240034  0.13198191 -0.3367392 ]
 [-0.01159057  0.1446184  -0.59181868  0.11800011 -0.13831615]
 [ 0.23024752 -0.19856887  0.01681704  0.12238405  0.49647202]
 [-0.12735478 -0.22952241 -0.22941252 -0.04101616  0.34638563]]
Matrix Pair 23; W = [[-0.04048723  0.04067119  0.18875308 -0.19507825 -0.11580673]
 [ 0.03021368 -0.19611567 -0.39003669  0.14376814  0.23471871]
 [-0.52329894 -0.05123098  0.09086999 -0.01946264 -0.17176938]
 [-0.17378921 -0.38474062  0.03333173 -0.42074773  0.32079776]
 [ 0.01114819 -0.1416847   0.33518334  0.07698096  0.5893469 ]]
U = [[-0.02136162 -0.23488446 -0.03666627  0.14173202  0.08146169]
 [-0.10256035  0.23855889 -0.30629851  0.11210365 -0.30938368]
 [-0.06808947  0.15428571 -0.64236954  0.06937254 -0.06778685]
 [ 0.18501655 -0.18882627  0.04851766  0.07578005  0.54307628]
 [-0.04981561 -0.25583671 -0.27463342 -0.04959108  0.37563175]]
Matrix Pair 24; W = [[-0.0266695  -0.00266576  0.16784821 -0.19288378 -0.1444029 ]
 [ 0.01513881 -0.20162999 -0.3081742   0.22385585  0.15727961]
 [-0.46082266 -0.03561807  0.10922659 -0.05845395 -0.11898587]
 [-0.17936303 -0.2738061  -0.01319644 -0.39022832  0.37046674]
 [ 0.00839936 -0.08295842  0.387814    0.0698115   0.68947498]]
U = [[-5.59364020e-02 -2.46227757e-01 -8.27243893e-02  1.18188338e-01
   8.57183411e-02]
 [-6.50730492e-04  3.23111000e-01 -3.05302268e-01  3.69881171e-03
  -2.89947866e-01]
 [-1.09575737e-01  1.01191777e-01 -6.70111440e-01  1.33895283e-01
  -1.16189234e-01]
 [ 1.18239731e-01 -2.10148462e-01 -1.07791917e-02  8.69271028e-02
   4.84166701e-01]
 [-1.39220092e-01 -2.45067450e-01 -2.92125468e-01 -5.05904453e-02
   4.20133155e-01]]
Matrix Pair 25; W = [[-0.09680171 -0.03395967  0.16190352 -0.16236719 -0.14005478]
 [-0.0053508  -0.19840642 -0.27158935  0.2538564   0.18141207]
 [-0.48747256 -0.05620467  0.13147962 -0.02604084 -0.13389021]
 [-0.21834906 -0.30306047 -0.02369704 -0.33563886  0.35093836]
 [-0.03611399 -0.04143232  0.31239414  0.06255003  0.69683374]]
U = [[-0.10065449 -0.28577562 -0.10907566  0.15912314  0.09475173]
 [-0.05232422  0.32669877 -0.32645899  0.00463841 -0.28158171]
 [-0.12502233  0.11243771 -0.63336044  0.1059856  -0.12067227]
 [ 0.13122928 -0.14461653 -0.00250871  0.05044709  0.55450442]
 [-0.17111674 -0.19907197 -0.29946984 -0.0646602   0.4027726 ]]
Matrix Pair 26; W = [[-0.01886072 -0.01123788  0.21012511 -0.19417355 -0.06453962]
 [ 0.02484401 -0.24293024 -0.26149638  0.21895877  0.14750062]
 [-0.55544233 -0.07004576  0.10603471 -0.0550268  -0.15443654]
 [-0.24643578 -0.28277191 -0.02786188 -0.40460583  0.33232095]
 [-0.0612737  -0.04131283  0.35626323  0.04429793  0.64550043]]
U = [[-0.02952315 -0.32705359 -0.10304953  0.12829844  0.10422317]
 [-0.08365661  0.34765213 -0.36767544  0.03658174 -0.29636511]
 [-0.1119952   0.09761547 -0.64891526  0.12553089 -0.10500382]
 [ 0.09721134 -0.1980762  -0.00636439  0.08942579  0.5645053 ]
 [-0.17615124 -0.15779194 -0.25047777 -0.04830258  0.33535979]]
Matrix Pair 27; W = [[-0.06302952 -0.08546928  0.19531163 -0.17066688 -0.14924417]
 [-0.00089568 -0.17883394 -0.34719084  0.25285032  0.16630498]
 [-0.4875794  -0.08115906  0.1607317  -0.05582271 -0.11047987]
 [-0.19470964 -0.27812661  0.02516163 -0.36839613  0.31624386]
 [-0.04126002 -0.11832837  0.38956595  0.01225052  0.69049318]]
U = [[-0.05399801 -0.33011761 -0.06784684  0.12396499  0.07790045]
 [-0.03109406  0.32759693 -0.38781916 -0.02382453 -0.22975159]
 [-0.10769937  0.04431808 -0.59571464  0.12589212 -0.08580109]
 [ 0.15347205 -0.13856871 -0.07494495  0.08928785  0.47646685]
 [-0.15989037 -0.21563631 -0.27971834 -0.02666462  0.39993793]]
Matrix Pair 28; W = [[ 0.0385595   0.06369398  0.16763558 -0.22413371 -0.07643824]
 [ 0.03242834 -0.22393684 -0.33849665  0.21491446  0.25333201]
 [-0.52899071 -0.08246914  0.13664352 -0.07840769 -0.1277795 ]
 [-0.12975395 -0.3130522   0.05988462 -0.331531    0.29042557]
 [-0.02744826 -0.03461465  0.28891488  0.05646898  0.62323528]]
U = [[-0.00273266 -0.17680005 -0.07410468  0.13175     0.11770602]
 [-0.11442559  0.20543688 -0.29641519  0.09630725 -0.33012619]
 [-0.09573535  0.11857124 -0.66581579  0.1078631  -0.10170035]
 [ 0.20339721 -0.17421378 -0.03263773  0.11872595  0.51573755]
 [-0.15779503 -0.24355452 -0.25832219 -0.09200189  0.35334494]]
Matrix Pair 29; W = [[-0.03235958  0.02785083  0.14694095 -0.26494156 -0.06140636]
 [ 0.05688566 -0.21252175 -0.31853633  0.15710294  0.27763144]
 [-0.5537102  -0.1247483   0.15070147 -0.04825368 -0.15524043]
 [-0.1905493  -0.30601049  0.01415593 -0.37627786  0.33754546]
 [-0.07517511 -0.07419608  0.28142455  0.12996859  0.58445032]]
U = [[-0.00419501 -0.224158   -0.0266319   0.12288839  0.15201244]
 [-0.10249938  0.27028807 -0.32394698  0.04753462 -0.33234822]
 [-0.05345789  0.11341827 -0.60612976  0.11225249 -0.09794187]
 [ 0.11071621 -0.18687484 -0.02646026  0.1257416   0.52234285]
 [-0.12302443 -0.18750725 -0.31309594 -0.1126401   0.36270088]]
Matrix Pair 30; W = [[-0.04388878  0.07583982  0.18020718 -0.20691396 -0.11815119]
 [ 0.02237549 -0.19634896 -0.33168091  0.18727901  0.28521083]
 [-0.52237177 -0.08001325  0.20653885 -0.0132117  -0.12894449]
 [-0.10934672 -0.35658712  0.02888483 -0.38895371  0.33624281]
 [-0.02790693 -0.08845273  0.34472726  0.08937684  0.58547197]]
U = [[-0.06552162 -0.14901196 -0.05421873  0.13507327  0.11767812]
 [-0.06048502  0.27196116 -0.30364474  0.12719716 -0.31951343]
 [-0.06585611  0.08652961 -0.59713668  0.11595108 -0.04232828]
 [ 0.18014318 -0.15161333  0.00437239  0.0882884   0.5328736 ]
 [-0.20761913 -0.16086828 -0.3100178  -0.09151323  0.31073826]]
Matrix Pair 31; W = [[-0.02872238  0.02071298  0.18769987 -0.17572957 -0.10672597]
 [ 0.02811156 -0.17598035 -0.33773153  0.15405225  0.28134943]
 [-0.56646015 -0.04925182  0.17163368 -0.09995534 -0.18542158]
 [-0.1768742  -0.36304977  0.09076798 -0.41642397  0.29886489]
 [-0.0622551  -0.10141463  0.30942492  0.08916054  0.58461879]]
U = [[-0.03358431 -0.20244895 -0.02215544  0.17653072  0.1091602 ]
 [-0.08491113  0.18634809 -0.27874358  0.08819097 -0.23879769]
 [-0.04397796  0.08532244 -0.57527108  0.13530464 -0.10493742]
 [ 0.18491985 -0.14161658  0.04365716  0.07298427  0.50892931]
 [-0.16748075 -0.22605308 -0.25877856 -0.04938745  0.33063417]]
