Epoch: 10Matrix Pair 0; W = [[-0.10650003  0.04608628  0.17032157 -0.19163742 -0.11214141]
 [ 0.06730159 -0.17267416 -0.31202873  0.2697919   0.20117648]
 [-0.52323567  0.02178238  0.11350405  0.0451738  -0.08354199]
 [-0.2888725  -0.37405711  0.06303231 -0.35987904  0.42010561]
 [-0.05250025 -0.10094814  0.33410524  0.05492134  0.67766544]]
U = [[-0.04141612 -0.30624013  0.01030791  0.15843443  0.07922484]
 [-0.00173547  0.30476246 -0.38820487  0.03708106 -0.26579522]
 [-0.04063667  0.01365909 -0.65758264  0.10638396 -0.09148383]
 [ 0.12966415 -0.12606892  0.06106192  0.1022241   0.46571153]
 [-0.03192501 -0.23071326 -0.21374732 -0.03084406  0.35647253]]
Matrix Pair 1; W = [[-0.07934766  0.00817847  0.14038534 -0.22212314 -0.1364379 ]
 [-0.01037306 -0.25072084 -0.36208991  0.2545271   0.17484968]
 [-0.48992012 -0.01140079  0.08675409 -0.00913101 -0.03741294]
 [-0.30732486 -0.35125578  0.01128958 -0.38364453  0.38822655]
 [-0.00598525 -0.08477108  0.29585759  0.05102705  0.61691703]]
U = [[-0.06941997 -0.22916579 -0.06554983  0.19311248  0.13446327]
 [-0.04067456  0.22476448 -0.39844672  0.06671449 -0.24857529]
 [-0.05704778  0.04007501 -0.5706397   0.10776061 -0.08978661]
 [ 0.20759029 -0.14495054 -0.01311896  0.08060137  0.55086208]
 [-0.06830728 -0.18827296 -0.222827   -0.07494377  0.32003487]]
Matrix Pair 2; W = [[-0.13252896  0.04316395  0.14388158 -0.2565223  -0.06051237]
 [ 0.02851829 -0.23767099 -0.28673454  0.2767      0.16277341]
 [-0.5092293   0.00225736  0.08871443 -0.04333568 -0.12806381]
 [-0.25691565 -0.35994154 -0.0281119  -0.35085851  0.35909555]
 [-0.00115944 -0.07755161  0.32977732  0.04964081  0.66718824]]
U = [[-4.08717746e-02 -3.07880397e-01 -7.97983523e-03  1.25248710e-01
   1.05801210e-01]
 [-6.49975733e-02  3.05590723e-01 -3.20040030e-01  1.00221355e-01
  -2.48481389e-01]
 [-8.85964589e-02 -5.52419529e-04 -6.52916806e-01  1.16953739e-01
  -7.95511881e-02]
 [ 1.94264412e-01 -1.16092604e-01  2.65108246e-03  1.27883379e-01
   5.53177189e-01]
 [-6.16328368e-02 -1.69845388e-01 -2.16220444e-01 -4.48218368e-02
   3.17525287e-01]]
Matrix Pair 3; W = [[-0.13391113  0.0857707   0.18278703 -0.24755138 -0.10422673]
 [-0.01276593 -0.25570004 -0.33136005  0.22415028  0.17550847]
 [-0.50733766  0.00258576  0.1274643   0.04911616 -0.07631249]
 [-0.31496524 -0.32473015  0.01070534 -0.32954727  0.42615532]
 [-0.00358829 -0.05364917  0.26587617  0.05937943  0.59409604]]
U = [[-0.03451886 -0.30203633 -0.00896356  0.18494323  0.06989895]
 [-0.06839196  0.29497218 -0.39231734  0.07916545 -0.2819036 ]
 [-0.08956763  0.02905489 -0.62495501  0.12269292 -0.11174442]
 [ 0.11468663 -0.1341018   0.06628727  0.05952567  0.48089198]
 [-0.05657745 -0.21042844 -0.27481724  0.01100844  0.38687184]]
Matrix Pair 4; W = [[-0.01461208  0.01153759  0.17075999 -0.19038514 -0.09028083]
 [ 0.05329015 -0.27871365 -0.29321163  0.24179199  0.26438827]
 [-0.56998029 -0.05618203  0.0993912   0.0088656  -0.14587372]
 [-0.12877149 -0.40657576  0.01287049 -0.3877649   0.46522968]
 [-0.00458076 -0.06841298  0.3531198   0.0514996   0.69075315]]
U = [[ 0.00283624 -0.29338256 -0.06124519  0.13853327  0.15485736]
 [-0.13159052  0.25639354 -0.26648299  0.12291007 -0.29773477]
 [-0.07634004  0.08361526 -0.64579793  0.02605698 -0.05958841]
 [ 0.13134227 -0.22079339 -0.01623114  0.05633729  0.48068961]
 [-0.16215608 -0.26789751 -0.20959277 -0.01838644  0.28795154]]
Matrix Pair 5; W = [[-0.07866751 -0.03700041  0.15645334 -0.2268104  -0.06365829]
 [ 0.00136371 -0.25039217 -0.29074964  0.19289275  0.2051037 ]
 [-0.53835415 -0.06784302  0.08842498 -0.07970217 -0.19196791]
 [-0.16605313 -0.37012398 -0.01333085 -0.37541617  0.46722424]
 [ 0.0024106  -0.0923665   0.32912863  0.02027005  0.68174276]]
U = [[ 0.01972683 -0.31329832 -0.10536752  0.16137967  0.15376708]
 [-0.07867131  0.28118005 -0.32116058  0.09114107 -0.31993108]
 [-0.09841549  0.10989123 -0.64627413  0.0969799  -0.0629539 ]
 [ 0.16560913 -0.233652    0.00137918  0.15265738  0.46522619]
 [-0.17488958 -0.29844136 -0.23265458 -0.08081315  0.28413483]]
Matrix Pair 6; W = [[-0.01351257  0.00469669  0.20261927 -0.24321337 -0.05581627]
 [ 0.04749991 -0.30230107 -0.29592428  0.2308691   0.22576997]
 [-0.59387363 -0.10106829  0.16748176 -0.01491564 -0.13082099]
 [-0.10421535 -0.33990486 -0.00842441 -0.33906261  0.39855557]
 [ 0.01659697 -0.03380979  0.29762343  0.02557367  0.6649075 ]]
U = [[-0.02453954 -0.24074534 -0.11128442  0.17254511  0.10474819]
 [-0.08856665  0.30489722 -0.2806788   0.16930705 -0.25590451]
 [-0.0743002   0.05838208 -0.66765143  0.06046639 -0.06917173]
 [ 0.1528679  -0.18744496 -0.02755344  0.07856935  0.51916383]
 [-0.21488676 -0.23420707 -0.21909969 -0.07750565  0.29947943]]
Matrix Pair 7; W = [[-0.08022334 -0.00842582  0.20791418 -0.21705056 -0.07973272]
 [ 0.00424386 -0.21279645 -0.34284886  0.21336328  0.27372205]
 [-0.54283799 -0.03758093  0.14321905 -0.02613892 -0.1058155 ]
 [-0.10112078 -0.37208026  0.02545947 -0.36350417  0.3835493 ]
 [ 0.06601055 -0.10647629  0.35287889  0.04983957  0.61039062]]
U = [[ 0.02782062 -0.23829178 -0.06599444  0.17357959  0.17882375]
 [-0.09110671  0.30990718 -0.35202354  0.11146675 -0.2988475 ]
 [-0.0822602   0.02891781 -0.70444701  0.08768562 -0.05552779]
 [ 0.16240568 -0.16210625 -0.05158932  0.14516838  0.5163833 ]
 [-0.19046427 -0.20865139 -0.24660777 -0.11115994  0.29362655]]
Matrix Pair 8; W = [[-0.06596044 -0.03524407  0.19179041 -0.18204019 -0.13490539]
 [-0.04351491 -0.15398571 -0.34876548  0.2607673   0.190865  ]
 [-0.4765925  -0.1055771   0.09749475  0.04621567 -0.13469174]
 [-0.15776489 -0.33508686  0.04098103 -0.47051567  0.32999961]
 [-0.08645875 -0.08171867  0.32680071  0.0519566   0.6458559 ]]
U = [[-0.04080231 -0.28639477 -0.04959461  0.21311321  0.07996849]
 [-0.06979648  0.27398082 -0.30733136  0.05668749 -0.3105876 ]
 [-0.14608458  0.14661691 -0.62193719  0.08993172 -0.12205303]
 [ 0.1213662  -0.15708462 -0.04499153  0.08738736  0.46213231]
 [-0.09275645 -0.24795225 -0.20067606  0.00216363  0.33262497]]
Matrix Pair 9; W = [[-0.03842258  0.00363533  0.18915021 -0.1624801  -0.13953885]
 [-0.01618375 -0.22576298 -0.34787805  0.27640749  0.24355604]
 [-0.50147779 -0.04312346  0.10170737  0.01041048 -0.09135475]
 [-0.19853033 -0.33098409  0.02641534 -0.37537531  0.39507142]
 [-0.0290627  -0.12200459  0.31580142  0.03771782  0.65722817]]
U = [[ 0.03460567 -0.28108044 -0.10804676  0.20193239  0.09116342]
 [-0.04480778  0.32618472 -0.32707405  0.07735666 -0.31113183]
 [-0.09517977  0.10156383 -0.62727277  0.04174081 -0.1305912 ]
 [ 0.05439876 -0.15262952 -0.00500353  0.08993003  0.50686791]
 [-0.10161043 -0.25165074 -0.21319467 -0.01031083  0.36774313]]
Matrix Pair 10; W = [[-0.00825648  0.05138142  0.1703496  -0.25341972 -0.08396864]
 [-0.01247212 -0.16600228 -0.32704595  0.22952084  0.22613917]
 [-0.46166236 -0.11511842  0.17785439  0.00396521 -0.13979303]
 [-0.21801798 -0.34420028 -0.00272721 -0.39685286  0.32797283]
 [-0.05239022 -0.07250268  0.3457753   0.0268138   0.64673086]]
U = [[-0.0334297  -0.2547101  -0.07382959  0.18190151  0.06127204]
 [-0.02989705  0.27531038 -0.29753132  0.11268528 -0.32382862]
 [-0.14619521  0.06224843 -0.55305503  0.09898791 -0.12186578]
 [ 0.04344061 -0.14840487 -0.0414502   0.04712121  0.5074344 ]
 [-0.09480911 -0.2565867  -0.23294553  0.00135135  0.35906933]]
Matrix Pair 11; W = [[ 0.0114347   0.03825192  0.20346079 -0.17067777 -0.07687387]
 [ 0.0455599  -0.12672242 -0.2796558   0.21901252  0.1983769 ]
 [-0.48203027 -0.10922797  0.1202129  -0.00848053 -0.18498363]
 [-0.20338736 -0.31865564 -0.03816524 -0.37529133  0.4007499 ]
 [-0.04179441 -0.12802055  0.31190599  0.10493068  0.64782147]]
U = [[ 0.00288098 -0.26776846 -0.10616352  0.19882204  0.09993405]
 [-0.04831091  0.29408769 -0.38041964  0.05842225 -0.33874049]
 [-0.11150428  0.05359867 -0.600771    0.0464757  -0.14694571]
 [ 0.10391039 -0.21547543  0.01836664  0.12033544  0.4900402 ]
 [-0.07996369 -0.24261287 -0.29296635 -0.00183982  0.38099048]]
Matrix Pair 12; W = [[ 0.04554693 -0.04281637  0.23775011 -0.18037355 -0.00508581]
 [-0.01723904 -0.1909889  -0.32619226  0.18413046  0.20303564]
 [-0.57735733 -0.02895284  0.11395574 -0.03996209 -0.14455027]
 [-0.18625119 -0.35480416 -0.03855231 -0.45215319  0.37065185]
 [-0.03070162 -0.1719475   0.36927768  0.08764169  0.64993651]]
U = [[ 0.0039644  -0.27109996 -0.05569449  0.15192041  0.0713296 ]
 [-0.02624423  0.29127257 -0.23624209 -0.0075158  -0.26758895]
 [-0.09934745  0.15171289 -0.58760333  0.06077913 -0.13100056]
 [ 0.2131412  -0.18828207  0.03422264  0.09025626  0.50293845]
 [-0.21129917 -0.29098361 -0.25497779 -0.05733606  0.34080161]]
Matrix Pair 13; W = [[ 0.02898001 -0.00061251  0.20787345 -0.231556   -0.05078943]
 [-0.0386133  -0.24641486 -0.34491064  0.17560662  0.22941193]
 [-0.57076619 -0.03924513  0.19080577 -0.01841728 -0.15358843]
 [-0.21688205 -0.33557503  0.0185838  -0.39322404  0.29679605]
 [-0.00152435 -0.16429844  0.38353357  0.05271052  0.57332674]]
U = [[-0.00530296 -0.26134687 -0.06673302  0.15317319  0.0944452 ]
 [-0.10088645  0.21598857 -0.27930772  0.04103994 -0.32064874]
 [-0.106809    0.08696162 -0.67371686 -0.01286886 -0.09647841]
 [ 0.21937877 -0.1829428  -0.01147435  0.08731248  0.50946759]
 [-0.14827141 -0.28382174 -0.24059381 -0.02958041  0.38760996]]
Matrix Pair 14; W = [[-0.0358837  -0.03166559  0.16316653 -0.21810878 -0.0941076 ]
 [ 0.02249597 -0.17936203 -0.35195616  0.26798925  0.1867805 ]
 [-0.48745521 -0.04990433  0.19930995 -0.02343853 -0.21862476]
 [-0.17054472 -0.30973239  0.01691531 -0.39028402  0.38914884]
 [ 0.01718275 -0.14597074  0.30132136  0.09910572  0.57479766]]
U = [[ 0.01273518 -0.29752221 -0.03998974  0.15430524  0.05064403]
 [-0.05453666  0.20319501 -0.22905172  0.04930199 -0.28038298]
 [-0.13520722  0.1611415  -0.59456128  0.04987499 -0.13593537]
 [ 0.21768203 -0.20775568  0.05857613  0.12662894  0.58047216]
 [-0.1525809  -0.26844432 -0.19087822 -0.02898486  0.30506573]]
Matrix Pair 15; W = [[ 0.04070108 -0.00220133  0.18562995 -0.19387578 -0.04763276]
 [-0.01387282 -0.2390602  -0.34117397  0.17467788  0.22458271]
 [-0.55059136 -0.06281523  0.11541021  0.01719908 -0.19318857]
 [-0.14947738 -0.36709894 -0.05075319 -0.36557937  0.33494772]
 [ 0.00553157 -0.11172237  0.37415335  0.06423574  0.65948615]]
U = [[ 0.00516289 -0.28593529 -0.07991203  0.12465973  0.14219054]
 [-0.01464705  0.23768351 -0.26136463  0.04047137 -0.33193275]
 [-0.11819642  0.11422747 -0.65629657  0.07244385 -0.12623355]
 [ 0.14676601 -0.2004909   0.02850124  0.05207316  0.51481035]
 [-0.21260019 -0.27324522 -0.25069333 -0.05863395  0.30930186]]
Matrix Pair 16; W = [[-0.04068741 -0.01299905  0.16857237 -0.19556491 -0.09936513]
 [ 0.01446262 -0.23535664 -0.28941939  0.25890762  0.22818985]
 [-0.54620643 -0.14653904  0.1606156  -0.02102544 -0.15873264]
 [-0.15642221 -0.2742578   0.0699726  -0.33568796  0.37939223]
 [-0.06765232 -0.09682877  0.33197209  0.12237912  0.64570964]]
U = [[ 0.03833806 -0.22716173 -0.09082158  0.12627266  0.12173611]
 [-0.09165428  0.22747122 -0.29459192  0.13856015 -0.24419555]
 [-0.07954005  0.06190524 -0.62828394  0.02872484 -0.07053709]
 [ 0.1536398  -0.1227062   0.04591763  0.04808571  0.60282405]
 [-0.09383137 -0.27596349 -0.18860739 -0.05528234  0.33346992]]
Matrix Pair 17; W = [[-0.02845421 -0.00786253  0.18136226 -0.23558353 -0.09096402]
 [-0.02908833 -0.21151038 -0.3303904   0.24353865  0.25261853]
 [-0.51139749 -0.13674242  0.21474828 -0.0232389  -0.14762089]
 [-0.15478932 -0.31407972  0.01523441 -0.35289424  0.39696531]
 [-0.00866332 -0.05870708  0.34489647  0.15399856  0.61529408]]
U = [[ 0.02610671 -0.16153571 -0.05293456  0.12471949  0.05801017]
 [-0.08105436  0.30245851 -0.25272622  0.07535015 -0.28036097]
 [-0.11171883  0.08084657 -0.64585881  0.08824645 -0.06302229]
 [ 0.17829365 -0.12523003  0.03811843  0.112962    0.5340583 ]
 [-0.09725445 -0.21641964 -0.22430779 -0.04326145  0.2482692 ]]
Matrix Pair 18; W = [[ 0.03551926  0.01699872  0.15634911 -0.25944405 -0.11777562]
 [ 0.02880662 -0.24885499 -0.33672006  0.29032597  0.30130934]
 [-0.51945889 -0.08314632  0.14106423  0.00909118 -0.07201419]
 [-0.13484596 -0.31774581  0.08908512 -0.33747842  0.34142924]
 [-0.00077354 -0.07434597  0.29461568  0.13843595  0.66475254]]
U = [[ 0.00712298 -0.17753443 -0.1141765   0.16096332  0.09042631]
 [-0.08936926  0.24641034 -0.27501602  0.07502661 -0.31045624]
 [-0.04824954  0.07931003 -0.64095624  0.0264876  -0.10535823]
 [ 0.21646194 -0.1658411   0.02956519  0.13010082  0.59686318]
 [-0.09944542 -0.24649795 -0.24634075 -0.09567472  0.29011887]]
Matrix Pair 19; W = [[-0.03847893  0.03850397  0.18004846 -0.19871573 -0.12724786]
 [ 0.01429834 -0.24503093 -0.29862457  0.24366856  0.26416076]
 [-0.49683968 -0.0646056   0.21922511  0.00541768 -0.13382476]
 [-0.21486417 -0.35538368  0.11014918 -0.37029294  0.34013032]
 [-0.02489256 -0.11757686  0.34911111  0.17612127  0.61293929]]
U = [[-0.01290513 -0.22318061 -0.08982015  0.21170239  0.09496159]
 [-0.10573705  0.3020645  -0.23723856  0.12304837 -0.2535838 ]
 [-0.04828557  0.1304783  -0.60287255  0.02683932 -0.10561539]
 [ 0.21004542 -0.14204486  0.06213228  0.08586211  0.54994094]
 [-0.16569315 -0.20931483 -0.21559232 -0.04257559  0.27657755]]
Matrix Pair 20; W = [[-0.09709874  0.01893183  0.23229026 -0.20186742 -0.08405726]
 [ 0.05047351 -0.24897838 -0.28925896  0.18199369  0.16968143]
 [-0.54593423 -0.04814034  0.14936359  0.0137336  -0.14034548]
 [-0.11076535 -0.37630365 -0.0231406  -0.33493299  0.39812258]
 [ 0.00503088 -0.02625133  0.33245476  0.07902402  0.59638711]]
U = [[-0.00341811 -0.27903511 -0.10727362  0.12575769  0.11132332]
 [-0.07575382  0.21857199 -0.21727892  0.15090952 -0.24677631]
 [-0.11744429  0.0184892  -0.56355011  0.03556582 -0.10683269]
 [ 0.1721756  -0.14873893 -0.01195153  0.05030636  0.53584459]
 [-0.15866449 -0.27603738 -0.20493432 -0.02804506  0.33985062]]
Matrix Pair 21; W = [[-0.03853126 -0.02848203  0.22592728 -0.18351245 -0.12641504]
 [ 0.05152881 -0.28265582 -0.35412574  0.18654758  0.24914014]
 [-0.57044665 -0.04657225  0.15438723 -0.04071295 -0.07243262]
 [-0.18135314 -0.38890773  0.04180446 -0.33338998  0.44019529]
 [-0.00438354 -0.0447456   0.31813949  0.12954166  0.65344308]]
U = [[ 0.03101563 -0.25948556 -0.04860805  0.09537422  0.18299339]
 [-0.04038201  0.22964052 -0.24699125  0.07954879 -0.25656439]
 [-0.07549363  0.08712752 -0.6061331   0.07925501 -0.10080037]
 [ 0.16130568 -0.18097303 -0.01065039  0.0812066   0.54637105]
 [-0.20387117 -0.26670093 -0.17899311  0.00949441  0.33289526]]
Matrix Pair 22; W = [[-0.06468871 -0.00926077  0.23842877 -0.21617814 -0.11235098]
 [-0.0206386  -0.19031692 -0.32829471  0.21096314  0.18573909]
 [-0.5899837  -0.11472825  0.17041389  0.00974024 -0.11587117]
 [-0.12199042 -0.37625025  0.00739502 -0.30866703  0.40155842]
 [-0.01470882 -0.06388192  0.37563385  0.08482062  0.63222409]]
U = [[ 0.00835297 -0.23762957 -0.0255221   0.15012671  0.17910531]
 [-0.04916919  0.21999468 -0.30750683  0.12229875 -0.29934958]
 [-0.05438371  0.09178087 -0.60327514  0.07240348 -0.0815411 ]
 [ 0.16107719 -0.12621601  0.02873541  0.07157022  0.49187141]
 [-0.19018292 -0.28706939 -0.17105512  0.01004698  0.3628994 ]]
Matrix Pair 23; W = [[-0.0756199  -0.02354866  0.23788818 -0.24935754 -0.15689219]
 [ 0.01596972 -0.22506491 -0.30426112  0.2068872   0.24346411]
 [-0.61080194 -0.11434704  0.09913743 -0.04131345 -0.0543389 ]
 [-0.10694102 -0.31475545  0.06054447 -0.33723403  0.36341005]
 [ 0.03584209 -0.02803368  0.30476724  0.06279642  0.67852174]]
U = [[ 0.00977892 -0.21568886 -0.08012722  0.10799731  0.16949759]
 [-0.04498583  0.27691168 -0.29528573  0.06783681 -0.27548015]
 [-0.09028838  0.05179573 -0.65159993  0.03241464 -0.0469402 ]
 [ 0.14895509 -0.14268902  0.05874781  0.06812204  0.48013762]
 [-0.1803143  -0.29530251 -0.22297324 -0.0593238   0.3456225 ]]
Matrix Pair 24; W = [[-0.06594667  0.02806543  0.18234984 -0.28646876 -0.09982271]
 [-0.03542645 -0.1922537  -0.32965396  0.20624408  0.18836536]
 [-0.55024216 -0.05407009  0.13509104 -0.05600512 -0.17004947]
 [-0.15608623 -0.28325671 -0.09949942 -0.3210307   0.40261804]
 [ 0.08480899 -0.00742825  0.28521608  0.00846407  0.59987377]]
U = [[-0.00281316 -0.29902525 -0.05919463  0.1744799   0.10898028]
 [-0.02514276  0.31752672 -0.33459902  0.13572879 -0.26603852]
 [-0.05689113  0.02214194 -0.66393806  0.07925209 -0.05832462]
 [ 0.09945599 -0.1770052   0.00258078  0.05503256  0.52934857]
 [-0.10038151 -0.29149597 -0.19066957 -0.10782908  0.24624269]]
Matrix Pair 25; W = [[-0.10428954  0.02336174  0.17235017 -0.28093679 -0.15634369]
 [ 0.00291347 -0.23468623 -0.29867245  0.20482849  0.20239399]
 [-0.48852007 -0.01238321  0.13592817 -0.03829501 -0.15983244]
 [-0.23138537 -0.32533055 -0.05348272 -0.34967445  0.3718329 ]
 [ 0.08247772 -0.05450452  0.24456074 -0.00678827  0.66203884]]
U = [[-0.0100069  -0.29740219 -0.06940492  0.20300322  0.18569202]
 [-0.05057648  0.26064661 -0.28127648  0.12700416 -0.34530769]
 [-0.04021845  0.04143866 -0.63240571  0.12784779 -0.05694261]
 [ 0.12888101 -0.15552037 -0.04970667  0.09472682  0.49873642]
 [-0.09773713 -0.29245893 -0.26941053 -0.11214662  0.27947824]]
Matrix Pair 26; W = [[-0.12331757 -0.03219214  0.19421294 -0.24709541 -0.14910867]
 [ 0.0140093  -0.27406686 -0.3564701   0.22069848  0.1809421 ]
 [-0.47029487 -0.04248059  0.16137494  0.01526039 -0.1577348 ]
 [-0.17083651 -0.26629017 -0.03424403 -0.37116743  0.39979994]
 [ 0.03431567 -0.02459173  0.31671729  0.05797914  0.64867684]]
U = [[-0.05311446 -0.29449223 -0.05775     0.18006483  0.11083795]
 [-0.0832452   0.3405642  -0.32678065  0.06139117 -0.31156719]
 [-0.10956403  0.04071166 -0.71308259  0.12695817 -0.04647362]
 [ 0.13787422 -0.14274812  0.02975121  0.06967854  0.5245056 ]
 [-0.05144946 -0.24606633 -0.20691827 -0.02617197  0.27888747]]
Matrix Pair 27; W = [[-0.06565925  0.03573648  0.1690462  -0.23262727 -0.09156332]
 [-0.00164392 -0.2565112  -0.36337899  0.21601786  0.1291284 ]
 [-0.51633228 -0.00928336  0.15675665 -0.01223642 -0.09017975]
 [-0.2258926  -0.26678721 -0.08163734 -0.30286258  0.38079915]
 [ 0.08218139 -0.01273937  0.23872287 -0.00332786  0.58905191]]
U = [[ 0.02864268 -0.27172121 -0.07104663  0.21541807  0.17688338]
 [-0.06005257  0.28848309 -0.25840875  0.13064861 -0.30314999]
 [-0.07100496  0.02953292 -0.69706114  0.07676613 -0.1153779 ]
 [ 0.0797363  -0.20109749 -0.01183285  0.06801808  0.48957227]
 [-0.10462236 -0.24763695 -0.2606539  -0.07662368  0.29778674]]
Matrix Pair 28; W = [[ 0.06044074 -0.09788739  0.21057904 -0.20851168 -0.00394617]
 [ 0.0352207  -0.19976764 -0.39386442  0.24104209  0.20209982]
 [-0.47671934 -0.10912901  0.08830169 -0.0089009  -0.13293648]
 [-0.11493381 -0.25527692 -0.05301577 -0.3988825   0.34313417]
 [ 0.0013344  -0.1125996   0.3061362   0.15771225  0.62277716]]
U = [[ 0.03207696 -0.26663984 -0.12382655  0.18328286  0.07277943]
 [-0.08419607  0.27913614 -0.30565437 -0.03519985 -0.33479215]
 [-0.07842219  0.10771827 -0.60662049  0.04459178 -0.04901722]
 [ 0.08336431 -0.19256964  0.03855497  0.0696725   0.53765696]
 [-0.14225887 -0.30719897 -0.26126821 -0.04716029  0.34742999]]
Matrix Pair 29; W = [[-0.0076711  -0.09263046  0.29597696 -0.22507113 -0.06985624]
 [-0.05655776 -0.15542275 -0.38820628  0.27845479  0.19963651]
 [-0.53677582 -0.03013518  0.15107555 -0.04141813 -0.1059018 ]
 [-0.13751361 -0.33271758 -0.00112313 -0.40992584  0.33791818]
 [ 0.01118923 -0.15354539  0.3654187   0.07242105  0.66023575]]
U = [[-0.06289839 -0.29506077 -0.06948222  0.14871115  0.0642042 ]
 [-0.08327089  0.29997512 -0.32145702 -0.02586997 -0.33744645]
 [-0.07934297  0.08479161 -0.64181975  0.00161135 -0.1340932 ]
 [ 0.14056969 -0.146641    0.01146375  0.05130382  0.48680177]
 [-0.07981567 -0.22424717 -0.26480764 -0.09697001  0.36042391]]
Matrix Pair 30; W = [[ 0.05271728 -0.07382132  0.21971046 -0.20406182 -0.01147481]
 [-0.00595502 -0.18828856 -0.38031127  0.20538495  0.21414673]
 [-0.51700502 -0.07858597  0.11936008 -0.03891792 -0.10902267]
 [-0.16811375 -0.30172412 -0.02962998 -0.42299527  0.38797995]
 [ 0.00738436 -0.07892565  0.34009617  0.09382321  0.57634481]]
U = [[-0.05490644 -0.29615341 -0.06796307  0.19611928  0.06399578]
 [-0.08773111  0.2313827  -0.3902637  -0.00860725 -0.26368855]
 [-0.10634166  0.09610435 -0.61602049  0.07969396 -0.03687369]
 [ 0.1659266  -0.14678146  0.01096418  0.03424667  0.47503699]
 [-0.14224359 -0.23234574 -0.23425554 -0.10899537  0.28846605]]
Matrix Pair 31; W = [[ 1.92938561e-02 -1.11478762e-01  2.53387303e-01 -2.61252474e-01
   1.23154518e-04]
 [ 3.84485602e-02 -1.80324723e-01 -3.56083358e-01  2.58722900e-01
   1.69388289e-01]
 [-5.00619037e-01 -1.12652476e-01  1.15777383e-01 -3.06016319e-02
  -1.00030660e-01]
 [-1.98170004e-01 -3.12927202e-01  3.74849249e-04 -4.65445432e-01
   3.24272346e-01]
 [-8.60958487e-02 -1.41303651e-01  3.18679909e-01  8.09492594e-02
   6.25262108e-01]]
U = [[-0.03107713 -0.24909463 -0.08856049  0.16505518  0.12169856]
 [-0.11341033  0.31065818 -0.38698498 -0.04674085 -0.33475764]
 [-0.13529312  0.11333477 -0.59720967  0.0548768  -0.05856309]
 [ 0.07597926 -0.23600421  0.0493824   0.04835207  0.5119009 ]
 [-0.09551279 -0.25487647 -0.27654587 -0.09185891  0.28570299]]
