Epoch: 13Matrix Pair 0; W = [[-0.02277388 -0.01086062  0.2062438  -0.24014561 -0.12609979]
 [ 0.05580944 -0.19529165 -0.30780849  0.31325244  0.16732429]
 [-0.49539369 -0.09212085  0.11007001  0.05080973 -0.08744323]
 [-0.17035591 -0.28599232 -0.00718873 -0.35061327  0.41366373]
 [-0.00812426 -0.0454145   0.30081476  0.05326138  0.66192127]]
U = [[ 0.0303937  -0.30956156 -0.08869102  0.18099129  0.10112775]
 [-0.07467557  0.30392007 -0.35110576  0.11020275 -0.29372287]
 [-0.08378139  0.0031326  -0.65684951  0.07323594 -0.06923416]
 [ 0.05200952 -0.11579353  0.008753    0.11778255  0.54866234]
 [-0.13160838 -0.25689484 -0.24488719 -0.0707703   0.34469128]]
Matrix Pair 1; W = [[ 0.01693023 -0.00332129  0.2314911  -0.15437882 -0.05159934]
 [ 0.06353443 -0.17767872 -0.26378116  0.23323431  0.20226565]
 [-0.56241333 -0.04322787  0.16125733  0.09807917 -0.1641882 ]
 [-0.18520745 -0.37972354 -0.00525413 -0.35063032  0.41479948]
 [-0.06168509 -0.10814634  0.23541998  0.07954924  0.66927822]]
U = [[ 0.01668701 -0.27961645  0.00179049  0.16396305  0.0664949 ]
 [-0.00274079  0.26605816 -0.34325876  0.11061385 -0.29098887]
 [-0.1714791   0.05705518 -0.58320286  0.10380294 -0.07367948]
 [ 0.11691309 -0.16639518  0.05861014  0.09565931  0.46304554]
 [-0.14351278 -0.2717408  -0.23265393 -0.05829443  0.35234939]]
Matrix Pair 2; W = [[ 0.02982462  0.04159698  0.22479901 -0.18521034 -0.1314933 ]
 [ 0.05926849 -0.23125568 -0.3295832   0.24850784  0.24085719]
 [-0.54014863 -0.00486431  0.10213514  0.09604137 -0.16516653]
 [-0.18786882 -0.36451339 -0.01790707 -0.38937344  0.3906782 ]
 [-0.07592711 -0.12185443  0.32507776  0.08914435  0.68203392]]
U = [[-0.01075967 -0.28995249 -0.0250163   0.16462738  0.06913982]
 [-0.01913097  0.30543126 -0.39275901  0.089172   -0.25716771]
 [-0.14737562  0.05077735 -0.65558453  0.08786081 -0.05121114]
 [ 0.08781691 -0.16716736 -0.00201253  0.12498114  0.49649407]
 [-0.08391737 -0.19868392 -0.2764626  -0.04825167  0.3904805 ]]
Matrix Pair 3; W = [[-2.26724060e-04  9.21513236e-03  2.13442256e-01 -1.80827458e-01
  -8.57661645e-02]
 [ 6.24094294e-02 -2.14031170e-01 -3.32240052e-01  2.33837883e-01
   2.52294211e-01]
 [-5.32302925e-01 -1.03102084e-02  1.75454188e-01  9.30030034e-02
  -6.72448684e-02]
 [-1.33667580e-01 -3.64460031e-01  6.42749432e-04 -3.94524316e-01
   4.12135806e-01]
 [-9.56163019e-03 -4.07492907e-02  2.48140405e-01  1.05862024e-01
   6.08955790e-01]]
U = [[ 4.82060718e-03 -2.40479908e-01 -7.34097388e-02  1.51980648e-01
   1.18639696e-01]
 [-5.54736016e-04  2.74268906e-01 -3.25788543e-01  1.45043145e-01
  -2.26970008e-01]
 [-1.39033206e-01  6.15664372e-02 -6.12413582e-01  7.37091928e-02
  -1.10016771e-01]
 [ 1.12148065e-01 -1.26942748e-01  6.36423206e-02  1.02518522e-01
   4.74892701e-01]
 [-9.55748813e-02 -2.32296607e-01 -2.61311030e-01 -2.53756483e-02
   3.82348606e-01]]
Matrix Pair 4; W = [[-0.0119973  -0.01486117  0.17374636 -0.26556588 -0.06152025]
 [ 0.0220695  -0.20375713 -0.24834147  0.22851894  0.27386151]
 [-0.52684335 -0.07742431  0.13062059  0.02830654 -0.1332793 ]
 [-0.13529535 -0.33688252  0.02920371 -0.3923715   0.32521033]
 [-0.05012426 -0.10951419  0.24158815  0.07463679  0.61668928]]
U = [[-0.02509863 -0.23649498 -0.08837055  0.180369    0.1231677 ]
 [-0.09145061  0.24265844 -0.2887681   0.06307354 -0.27150104]
 [-0.10671226  0.13792476 -0.60481695  0.10773379 -0.16851124]
 [ 0.15176331 -0.13855668  0.00672252  0.09578442  0.46598896]
 [-0.18211898 -0.24289088 -0.26650977 -0.01881109  0.29027604]]
Matrix Pair 5; W = [[-0.00985639  0.02579985  0.20425511 -0.27345747 -0.10850877]
 [ 0.01993434 -0.20984409 -0.27851539  0.16967495  0.23539074]
 [-0.50501774 -0.04902627  0.12980593  0.06970896 -0.17641781]
 [-0.2224332  -0.40387312 -0.00875647 -0.45439466  0.39290892]
 [ 0.02197303 -0.06854096  0.24763479  0.00079288  0.59136814]]
U = [[ 0.03616051 -0.31055476 -0.10334359  0.22947481  0.08278898]
 [-0.10696171  0.23150427 -0.29375463  0.05569262 -0.33558774]
 [-0.16517746  0.15574611 -0.61070357  0.05137495 -0.15524272]
 [ 0.12923997 -0.2276805  -0.0118212   0.0422491   0.50637419]
 [-0.19685125 -0.25727765 -0.23247051 -0.01122649  0.32614146]]
Matrix Pair 6; W = [[ 0.0098222  -0.02319318  0.24116272 -0.23145543 -0.06049033]
 [ 0.01796496 -0.16618103 -0.29090531  0.20911428  0.24375106]
 [-0.58131013 -0.03961747  0.15889395  0.00570989 -0.14684643]
 [-0.15379161 -0.36055041 -0.04845788 -0.36205651  0.38898456]
 [ 0.01910437 -0.07575888  0.32424128  0.07766401  0.62420292]]
U = [[ 0.00197011 -0.28715539 -0.06569631  0.15391296  0.16241987]
 [-0.1237422   0.2239513  -0.27692661  0.02791521 -0.27348671]
 [-0.11542947  0.13624258 -0.62318396  0.10638268 -0.0726896 ]
 [ 0.19638928 -0.17031014 -0.04964229  0.04606535  0.56141619]
 [-0.16269918 -0.31518033 -0.25600125 -0.02764355  0.34227515]]
Matrix Pair 7; W = [[-0.01122629  0.06310742  0.21248819 -0.20793998 -0.10840019]
 [-0.02325988 -0.1372218  -0.3253562   0.24252254  0.18481973]
 [-0.51480195 -0.03217768  0.10392585  0.075726   -0.16171241]
 [-0.14227223 -0.37656657 -0.00399566 -0.40111903  0.38155586]
 [-0.00885034 -0.12585339  0.27664882  0.02908865  0.59615612]]
U = [[-0.03125573 -0.23921644 -0.10262854  0.1969834   0.10837067]
 [-0.0703066   0.30466295 -0.29868213  0.01348892 -0.30594893]
 [-0.12181326  0.13175277 -0.59473012  0.10202126 -0.07304031]
 [ 0.12196329 -0.19828517 -0.03015395  0.07689916  0.54842987]
 [-0.16594225 -0.23851711 -0.22763818 -0.00393754  0.34462853]]
Matrix Pair 8; W = [[-0.0047691   0.03923684  0.22914905 -0.24136093 -0.14563878]
 [ 0.03264897 -0.17880638 -0.34112379  0.18557621  0.25422745]
 [-0.53448178 -0.03038976  0.15232883  0.00189861 -0.13766599]
 [-0.12979895 -0.33994576  0.03759398 -0.37847007  0.38450603]
 [ 0.03307773 -0.07079642  0.38297299  0.02052868  0.65126735]]
U = [[-0.03267637 -0.23876827 -0.05364055  0.18332777  0.17266007]
 [-0.03626405  0.25814994 -0.27404272  0.02641801 -0.35217123]
 [-0.05982019  0.12742151 -0.61889193  0.0933714  -0.11397542]
 [ 0.15897302 -0.16266405 -0.07504305  0.10357214  0.46551754]
 [-0.16785169 -0.24656735 -0.19735973 -0.05936047  0.32116578]]
Matrix Pair 9; W = [[ 0.04942397  0.04377369  0.21007959 -0.22837054 -0.13762166]
 [ 0.02956332 -0.16495316 -0.3159016   0.23145539  0.2586048 ]
 [-0.52142433 -0.09794696  0.10454992 -0.02791786 -0.14743796]
 [-0.17992119 -0.30342944  0.00996537 -0.4016479   0.3719896 ]
 [-0.01560161 -0.08225821  0.3417743   0.0511864   0.65897791]]
U = [[-0.03441945 -0.21275958 -0.10974348  0.18927294  0.17760602]
 [-0.03630341  0.28630398 -0.33344566  0.06502388 -0.30781119]
 [-0.07849003  0.12305694 -0.67530415  0.04748418 -0.10416341]
 [ 0.17856267 -0.16735283 -0.01002823  0.01655691  0.46908247]
 [-0.14955229 -0.25435816 -0.23617181 -0.05740224  0.31735935]]
Matrix Pair 10; W = [[ 0.00789578  0.04948142  0.23917853 -0.25027675 -0.09948953]
 [ 0.01428298 -0.20547817 -0.30828642  0.22282083  0.18475179]
 [-0.55507515 -0.09258499  0.10477187  0.03901251 -0.17462167]
 [-0.16729799 -0.29419678  0.03215185 -0.34684714  0.32559894]
 [ 0.00790988 -0.04961874  0.29027311  0.02419783  0.6496437 ]]
U = [[ 0.02385629 -0.23249177 -0.02624139  0.21190596  0.1317578 ]
 [-0.10522624  0.34928601 -0.33097414 -0.00094758 -0.31799121]
 [-0.04380905  0.07660909 -0.60628155  0.05772971 -0.17594141]
 [ 0.14883986 -0.19887446 -0.06650187  0.04169202  0.51691965]
 [-0.18002384 -0.22756595 -0.19526154 -0.06746531  0.31856788]]
Matrix Pair 11; W = [[ 0.03750858  0.02291617  0.18504442 -0.18390731 -0.1300697 ]
 [-0.00092065 -0.18655016 -0.38294379  0.24147788  0.24981738]
 [-0.58665519 -0.02595513  0.1278625  -0.00750813 -0.14371386]
 [-0.19900012 -0.32597131  0.04091435 -0.37483916  0.33798413]
 [ 0.02768055 -0.04552934  0.36410886  0.0596713   0.61215632]]
U = [[-0.03600499 -0.19262624 -0.02079778  0.20531089  0.10566057]
 [-0.12088611  0.30278305 -0.33380861  0.08654149 -0.37513462]
 [-0.11026797  0.09329614 -0.68442306  0.06705719 -0.09315249]
 [ 0.10790985 -0.2001363  -0.02191716  0.04800051  0.50848216]
 [-0.15266963 -0.20903671 -0.24093572 -0.0438581   0.34324486]]
Matrix Pair 12; W = [[-1.18473183e-02 -7.62650960e-02  1.67524791e-01 -1.99205112e-01
  -5.93062318e-02]
 [-1.49935273e-02 -1.98209396e-01 -3.74596442e-01  2.02677103e-01
   2.47200056e-01]
 [-4.71276335e-01 -7.61312679e-02  1.00877337e-01  8.45177587e-02
  -1.65841331e-01]
 [-1.88721433e-01 -3.85567008e-01 -9.66255839e-03 -4.20149868e-01
   2.82298571e-01]
 [-2.02761243e-03 -7.58085601e-02  3.80106832e-01  2.62983943e-04
   6.15411193e-01]]
U = [[-0.03715685 -0.34286178 -0.07768759  0.18951662  0.05712116]
 [-0.04055741  0.31241303 -0.30169193  0.0630447  -0.27156646]
 [-0.14960648  0.09243807 -0.64420782  0.05204309 -0.17071848]
 [ 0.12729829 -0.1402212  -0.06558395  0.04431272  0.50549475]
 [-0.18909953 -0.27330754 -0.20876389 -0.08876711  0.42265413]]
Matrix Pair 13; W = [[ 0.04865164 -0.01292594  0.22989215 -0.17737142 -0.09394786]
 [ 0.00246495 -0.12830145 -0.36872707  0.21873358  0.23266561]
 [-0.49783985  0.00123719  0.13868969  0.07955916 -0.12411774]
 [-0.21450046 -0.41085006  0.0771053  -0.35656678  0.33375549]
 [-0.06149961 -0.11304315  0.29425707  0.03968478  0.59631132]]
U = [[-0.04771453 -0.32125637 -0.01655577  0.18695243  0.08571009]
 [-0.07917401  0.31274795 -0.31946509  0.05079243 -0.35348046]
 [-0.1620441   0.1022053  -0.70056294  0.02112195 -0.16463128]
 [ 0.1301435  -0.19523128 -0.06261584  0.09401742  0.49416808]
 [-0.16881051 -0.29127296 -0.26441477 -0.03433416  0.38689691]]
Matrix Pair 14; W = [[-0.04070556 -0.03461089  0.22692823 -0.14746022 -0.08329779]
 [-0.01113571 -0.11922854 -0.3224758   0.27931705  0.18277292]
 [-0.51899218 -0.06491368  0.1308823   0.04524288 -0.15214118]
 [-0.21293558 -0.4065815   0.07849048 -0.39292228  0.2975331 ]
 [-0.02636988 -0.1552706   0.29999384  0.00813033  0.57672685]]
U = [[-0.03111886 -0.30618269  0.01600268  0.25701398  0.08002327]
 [-0.05132694  0.301616   -0.27207196  0.06889491 -0.28721502]
 [-0.12051703  0.15547573 -0.68407324  0.021473   -0.09127736]
 [ 0.19365748 -0.15548073 -0.06034893  0.09794103  0.58123146]
 [-0.19596421 -0.25925365 -0.27102416 -0.01101107  0.41575451]]
Matrix Pair 15; W = [[ 0.0210046  -0.08052076  0.15851476 -0.20166065 -0.12273502]
 [ 0.04357262 -0.11134484 -0.37155992  0.22801936  0.22522941]
 [-0.44923255 -0.01396602  0.11467977  0.1110166  -0.13667499]
 [-0.20268579 -0.39589602  0.0296891  -0.42101615  0.27830165]
 [-0.03273462 -0.15786759  0.31696284 -0.01498114  0.63851041]]
U = [[ 0.02206716 -0.35441563 -0.07252899  0.19156294  0.09466331]
 [-0.10325646  0.22076219 -0.31265483  0.0676399  -0.3207067 ]
 [-0.14026722  0.11137996 -0.65721701 -0.01009159 -0.12615207]
 [ 0.18333924 -0.18875413 -0.07305406  0.08914584  0.55077021]
 [-0.20551601 -0.26789128 -0.24624856 -0.0925538   0.4441126 ]]
Matrix Pair 16; W = [[-0.03045622 -0.03660178  0.19091455 -0.24028763 -0.13193138]
 [ 0.05939591 -0.20729294 -0.28094106  0.21087971  0.20770093]
 [-0.52990833 -0.01549799  0.15623403  0.02105936 -0.11229072]
 [-0.1800092  -0.380097    0.00389487 -0.45501095  0.42586409]
 [-0.03800429 -0.06457231  0.27293591  0.01140441  0.64650771]]
U = [[ 0.00211903 -0.23921334 -0.10150552  0.21435227  0.13676558]
 [-0.04274804  0.29269693 -0.27913995  0.11339855 -0.34831093]
 [-0.16317314  0.05596187 -0.56138357  0.04099885 -0.13194486]
 [ 0.07026538 -0.22595575  0.03352937  0.04123826  0.5039893 ]
 [-0.14441283 -0.23786498 -0.19017746 -0.0081113   0.36701318]]
Matrix Pair 17; W = [[ 0.04962418  0.00607247  0.16982061 -0.19348351 -0.0916365 ]
 [ 0.06206111 -0.18114832 -0.3208268   0.18625685  0.24484744]
 [-0.48978457 -0.02718382  0.10529326 -0.02561639 -0.19457263]
 [-0.136984   -0.31155626 -0.00351075 -0.41405205  0.46515988]
 [-0.03955052 -0.05311066  0.31315871  0.01868449  0.63955366]]
U = [[ 0.0080114  -0.28378807 -0.08932154  0.15785145  0.09736353]
 [-0.06220568  0.33113867 -0.29207001  0.13518528 -0.31055711]
 [-0.09593786  0.01459353 -0.59732815  0.08024661 -0.15518796]
 [ 0.10724391 -0.17367026  0.042786    0.05047669  0.43200331]
 [-0.12874725 -0.25527131 -0.18579452 -0.07445463  0.30481573]]
Matrix Pair 18; W = [[ 1.44939453e-02 -5.93155936e-03  1.71856077e-01 -1.56033198e-01
  -1.23399193e-01]
 [ 3.90366428e-02 -2.01793427e-01 -2.79979342e-01  2.64948774e-01
   2.06346860e-01]
 [-4.50727427e-01 -3.47190683e-02  8.23859024e-02  1.63069357e-02
  -1.46963368e-01]
 [-1.92920997e-01 -3.40321760e-01  5.95596143e-03 -4.03077164e-01
   3.85270192e-01]
 [ 4.29891166e-04 -6.96057028e-02  2.65827833e-01  5.45220190e-03
   6.13133466e-01]]
U = [[ 0.01151686 -0.28436834 -0.1570945   0.22020361  0.17349175]
 [-0.08386285  0.31728429 -0.31566112  0.1128393  -0.27393387]
 [-0.14148368  0.03175359 -0.59847732  0.02284601 -0.08290966]
 [ 0.1001     -0.19329045  0.02037035  0.08460235  0.47483242]
 [-0.17380526 -0.2828186  -0.20332222 -0.02515693  0.32934154]]
Matrix Pair 19; W = [[ 0.05813935 -0.03117489  0.13358231 -0.17925731 -0.11797522]
 [ 0.00946275 -0.18174406 -0.34428667  0.20519771  0.27064701]
 [-0.51475486 -0.10227625  0.12017847 -0.00365081 -0.2034073 ]
 [-0.21771965 -0.36122473 -0.0229811  -0.38925133  0.44277259]
 [-0.04545261 -0.09771534  0.35250681  0.05412627  0.60372042]]
U = [[ 0.03646064 -0.19804899 -0.14068468  0.22099941  0.15087589]
 [-0.04343938  0.32490881 -0.29835107  0.11942986 -0.35033192]
 [-0.15793049  0.09620239 -0.63503207  0.09351799 -0.10224179]
 [ 0.14743757 -0.19968838 -0.01896305  0.08692989  0.47826629]
 [-0.16648604 -0.21852814 -0.23217224 -0.03454663  0.38126958]]
Matrix Pair 20; W = [[-0.01275146 -0.03445554  0.15166691 -0.1940456  -0.05550349]
 [-0.00776195 -0.18095393 -0.34488635  0.19297517  0.17857136]
 [-0.49881392 -0.05255869  0.22787254 -0.03222252 -0.14325986]
 [-0.20545745 -0.42885288  0.02381096 -0.36683779  0.49027039]
 [-0.0051     -0.07699297  0.31618735  0.11898913  0.59751153]]
U = [[ 0.00280047 -0.26101636 -0.08654004  0.16425435  0.11987828]
 [-0.08320995  0.29088763 -0.3335722   0.06363498 -0.27148506]
 [-0.13001288  0.10167237 -0.64881261  0.10355298 -0.21698935]
 [ 0.11420082 -0.21932221 -0.03897461  0.08618005  0.4966008 ]
 [-0.09439404 -0.26175077 -0.19511446 -0.07142773  0.30555028]]
Matrix Pair 21; W = [[ 0.0023155   0.02546114  0.17681897 -0.2162578  -0.07399133]
 [ 0.0188992  -0.19737787 -0.25860423  0.25413135  0.20981382]
 [-0.48559291 -0.12740152  0.23372423  0.04633537 -0.14472298]
 [-0.1685069  -0.42218295 -0.02593155 -0.4100952   0.47477676]
 [ 0.01773741 -0.09115964  0.3064311   0.15271468  0.66764539]]
U = [[ 0.06994266 -0.26003212 -0.05732737  0.11697468  0.11259186]
 [-0.04158364  0.31505053 -0.33995613  0.11149239 -0.28610068]
 [-0.15991278  0.01094276 -0.6013408   0.09730193 -0.16930722]
 [ 0.12489635 -0.1731568  -0.03121391  0.09023676  0.53534835]
 [-0.12655243 -0.2369892  -0.27391622 -0.00614279  0.39388917]]
Matrix Pair 22; W = [[ 0.02371967 -0.01597637  0.19376645 -0.16242809 -0.08957003]
 [ 0.02741917 -0.20639655 -0.31558225  0.24803602  0.16548204]
 [-0.4973978  -0.05642507  0.14903326 -0.01018746 -0.16960175]
 [-0.22621261 -0.37007104 -0.04672686 -0.36545793  0.45757538]
 [-0.02713543 -0.08337993  0.3340243   0.1114875   0.58786853]]
U = [[ 0.00700733 -0.26454799 -0.04495798  0.12430944  0.10483393]
 [-0.08323013  0.34484143 -0.32876964  0.07668322 -0.27006689]
 [-0.1473779   0.0108206  -0.64908789  0.13518918 -0.12989393]
 [ 0.14299001 -0.19433606 -0.05525459  0.05563486  0.50209782]
 [-0.07137624 -0.30509038 -0.2497373  -0.0150421   0.35629527]]
Matrix Pair 23; W = [[ 0.01168022  0.04663206  0.21974877 -0.21225649 -0.10483326]
 [ 0.00753573 -0.20008759 -0.2883943   0.20796013  0.13625558]
 [-0.46944437 -0.07843871  0.1681838  -0.00098923 -0.16518025]
 [-0.17872227 -0.41719718 -0.04304097 -0.38422494  0.4261516 ]
 [ 0.0232318  -0.09554918  0.31829201  0.06981278  0.65211221]]
U = [[-0.0032608  -0.32792093 -0.01780588  0.10171016  0.12893949]
 [-0.05296283  0.34016879 -0.34990422  0.08609297 -0.24114204]
 [-0.10633228  0.0647429  -0.63785854  0.10157717 -0.22131704]
 [ 0.14296033 -0.26357178  0.00570204  0.11929556  0.51461488]
 [-0.06094737 -0.22880918 -0.2362854  -0.01096059  0.3130113 ]]
Matrix Pair 24; W = [[-4.04145354e-02 -5.54800407e-03  2.43559474e-01 -2.26106332e-01
  -5.82252172e-02]
 [ 7.95561874e-02 -1.99592337e-01 -2.40252003e-01  1.96264829e-01
   1.77496022e-01]
 [-5.82727652e-01 -1.11353287e-01  1.27170456e-01  2.56456011e-02
  -1.52689065e-01]
 [-2.23032200e-01 -3.20571136e-01 -1.99082443e-04 -4.04437790e-01
   3.59675406e-01]
 [-2.74816827e-02 -5.87685711e-02  2.92048981e-01  1.34827009e-01
   6.46509555e-01]]
U = [[ 0.01389345 -0.26089276 -0.14615528  0.26030565  0.18572521]
 [-0.06709205  0.32755319 -0.35039392  0.10654823 -0.31433421]
 [-0.09181936  0.12617245 -0.67921239  0.06389197 -0.15576165]
 [ 0.09005999 -0.16801175 -0.03974547  0.07956996  0.47669591]
 [-0.10033964 -0.23350839 -0.20664279 -0.04540882  0.33669844]]
Matrix Pair 25; W = [[-0.06696141 -0.00926031  0.20395447 -0.15960922 -0.08711917]
 [ 0.11589105 -0.23850365 -0.25833435  0.26431845  0.20732369]
 [-0.59094286 -0.05966161  0.04989233  0.07098253 -0.10097607]
 [-0.17046614 -0.28191537  0.04991289 -0.32556757  0.42526228]
 [-0.05511059 -0.08733534  0.34176879  0.13566934  0.61129874]]
U = [[-0.056988   -0.26115663 -0.12680783  0.20253913  0.18444559]
 [-0.05434228  0.34173646 -0.36415427  0.05463518 -0.35690828]
 [-0.0812487   0.07966628 -0.69279719  0.05529171 -0.09773674]
 [ 0.05064165 -0.08565849 -0.03785691  0.09696225  0.46927464]
 [-0.15645419 -0.24581696 -0.22353014 -0.06417212  0.30996504]]
Matrix Pair 26; W = [[-0.07637158 -0.0165308   0.20199913 -0.14645966 -0.06613011]
 [ 0.10705318 -0.23658994 -0.22338571  0.19924143  0.1970773 ]
 [-0.58241581 -0.09010203  0.04515504  0.03414104 -0.08535062]
 [-0.17581678 -0.29285667 -0.0112177  -0.38003903  0.40595486]
 [ 0.00792102 -0.09234176  0.31103212  0.13395619  0.67994388]]
U = [[-0.01906222 -0.35050114 -0.0778883   0.27533997  0.17522312]
 [-0.0318547   0.31090872 -0.33727843  0.05464706 -0.29156151]
 [-0.1334022   0.12215028 -0.61502581  0.04376806 -0.12793682]
 [ 0.09963934 -0.11610518  0.04912032  0.13415082  0.50115177]
 [-0.12973164 -0.17577354 -0.23292221 -0.06357313  0.33508977]]
Matrix Pair 27; W = [[-0.08780569  0.02140837  0.15837382 -0.16355141 -0.04637296]
 [ 0.03392521 -0.24884947 -0.20868571  0.26834989  0.22416275]
 [-0.51797669 -0.05756234  0.08588343  0.03629778 -0.12825358]
 [-0.21329193 -0.29295748  0.05050818 -0.32017563  0.38635517]
 [-0.05898464 -0.06244868  0.34598964  0.13379179  0.66136968]]
U = [[-2.93639584e-02 -3.36773200e-01 -6.85854587e-02  2.69689570e-01
   1.73672441e-01]
 [-5.67563152e-02  3.25341083e-01 -2.98444314e-01  6.41728799e-02
  -3.55381925e-01]
 [-7.76438749e-02  4.82942337e-02 -6.18289969e-01  9.76710737e-05
  -9.42480799e-02]
 [ 9.97852647e-02 -8.02156423e-02  4.09134379e-02  1.29922075e-01
   5.01711251e-01]
 [-1.94303715e-01 -2.23456768e-01 -2.77562606e-01 -6.10343791e-02
   3.29263323e-01]]
Matrix Pair 28; W = [[-0.04833667  0.08836496  0.13678728 -0.12971135 -0.133283  ]
 [ 0.02320176 -0.25957697 -0.33342947  0.24329797  0.14095918]
 [-0.52279912 -0.03710346  0.09959799  0.02674681 -0.14279644]
 [-0.17477316 -0.37530434  0.02467856 -0.30348458  0.42645584]
 [-0.03397476 -0.0982439   0.35310934  0.09101635  0.62287279]]
U = [[ 8.24155459e-02 -2.98920318e-01 -2.65423297e-02  1.83743516e-01
   1.20152879e-01]
 [ 3.34968015e-02  3.15789900e-01 -2.96182221e-01  1.23806773e-01
  -2.69744617e-01]
 [-1.53477164e-01  5.74317612e-02 -6.56308789e-01  1.06341745e-01
  -1.82026486e-01]
 [ 1.72195800e-01 -1.02793501e-01  2.30921116e-04  1.73563075e-01
   4.97032185e-01]
 [-1.12724435e-01 -2.71220756e-01 -3.01796386e-01 -1.94266612e-02
   4.07620766e-01]]
Matrix Pair 29; W = [[-0.09402659  0.08753229  0.15504414 -0.17014476 -0.10953694]
 [ 0.05032685 -0.26189722 -0.37777621  0.22857457  0.22020615]
 [-0.4957491  -0.01864819  0.12275917  0.08793886 -0.19613234]
 [-0.20018375 -0.36165509  0.06618251 -0.34695081  0.37415888]
 [-0.0384144  -0.08412574  0.31551201  0.10758369  0.61781558]]
U = [[ 0.03792087 -0.32702222  0.01884853  0.21669774  0.09287832]
 [ 0.00206139  0.30556111 -0.28167269  0.07795178 -0.30201532]
 [-0.14413632  0.07278949 -0.57846448  0.04880508 -0.2314476 ]
 [ 0.16911203 -0.11918394  0.00931527  0.11402569  0.50039569]
 [-0.12831419 -0.27925003 -0.25449904 -0.06448064  0.34667403]]
Matrix Pair 30; W = [[-0.03268033  0.08273246  0.19850113 -0.10104681 -0.09636932]
 [ 0.00126314 -0.22961619 -0.35389326  0.22005159  0.15938926]
 [-0.48634037  0.00956836  0.15116621  0.04412941 -0.19542964]
 [-0.15522568 -0.3514791   0.04168344 -0.2944538   0.44832037]
 [-0.05581669 -0.14836627  0.3265448   0.10588437  0.69490303]]
U = [[ 0.07962863 -0.30420604  0.0122348   0.20828654  0.06153219]
 [-0.00216536  0.31839776 -0.27621217  0.07820092 -0.2570817 ]
 [-0.0663457   0.07521963 -0.57340656  0.07562918 -0.23255058]
 [ 0.19635982 -0.16707277 -0.05190654  0.13420847  0.54542973]
 [-0.14464002 -0.22996316 -0.27648863 -0.04392628  0.3616743 ]]
Matrix Pair 31; W = [[ 0.00421142  0.01270341  0.15803808 -0.19639621 -0.1441422 ]
 [ 0.02975158 -0.18968982 -0.33699915  0.19061716  0.17924163]
 [-0.50321841  0.01784132  0.13860126  0.07953942 -0.19066535]
 [-0.18146472 -0.33743295  0.04399422 -0.34912036  0.37534239]
 [-0.07940059 -0.09452137  0.29174123  0.04626978  0.63035115]]
U = [[ 0.06818098 -0.302366    0.00464365  0.16553941  0.10286956]
 [ 0.00459434  0.30034069 -0.31113742  0.10849864 -0.27600187]
 [-0.09290626  0.11345616 -0.66140034  0.03553801 -0.23007965]
 [ 0.13578734 -0.1496859  -0.02427615  0.08520587  0.49044943]
 [-0.09895659 -0.24707697 -0.27840727  0.00157005  0.36383442]]
