Epoch: 0Matrix Pair 0; W = [[ 0.32454607 -0.0626577   0.03973059 -0.22465478  0.19704276]
 [-0.03497155 -0.2802005   0.00506231  0.30530303 -0.18781557]
 [ 0.05464374 -0.00278305 -0.12380237  0.08567741 -0.08828408]
 [-0.26194427 -0.004994    0.06255331 -0.22497055  0.06450959]
 [-0.02023473 -0.13798314 -0.24379489 -0.17996997  0.05750818]]
U = [[ 0.08137763  0.00741164  0.25260033  0.36509887  0.02328493]
 [-0.37489066 -0.11615168 -0.04082217  0.01151203  0.09324213]
 [ 0.1876131  -0.23871857 -0.14311228 -0.24022898  0.19504138]
 [ 0.22635861  0.06555701  0.29719652  0.04859064 -0.13414437]
 [-0.26512167  0.04997152 -0.22648166 -0.16308559 -0.04589467]]
Matrix Pair 1; W = [[ 0.2344129  -0.17258529 -0.02384191 -0.2841624   0.05766056]
 [-0.077971   -0.25085832  0.10803998  0.20131915 -0.17281974]
 [-0.02114287 -0.02088366 -0.17771872  0.03959352  0.04571025]
 [-0.24842554  0.14330921  0.08433359 -0.09464098  0.00223855]
 [-0.05369783 -0.07467857 -0.29063934 -0.13214175  0.09854057]]
U = [[ 0.08776409 -0.04116737  0.25094126  0.3282005  -0.04641362]
 [-0.42858367 -0.10109687  0.0188959  -0.03215943  0.01804294]
 [ 0.07871152 -0.18453072 -0.08959569 -0.26997231  0.19292535]
 [ 0.20639671  0.00997845  0.42995818  0.10514909 -0.09863727]
 [-0.1934313  -0.04684423 -0.38506126 -0.02015398  0.06467609]]
Matrix Pair 2; W = [[ 0.28920766 -0.17193999  0.09855267 -0.17515374  0.11381604]
 [-0.09829002 -0.39815041 -0.08207743  0.2914318  -0.22635527]
 [-0.00666456  0.03701194 -0.15410123  0.20023342 -0.0299183 ]
 [-0.25435008  0.03202829  0.08102647 -0.10810746 -0.03222961]
 [-0.05995091 -0.20976535 -0.15169132 -0.15594223 -0.0011522 ]]
U = [[ 0.19611822 -0.07153038  0.14565036  0.31412969 -0.08156032]
 [-0.35430107 -0.1421841   0.12059229  0.03072278  0.04179989]
 [ 0.1589507  -0.15362948 -0.14575882 -0.36037981  0.0912357 ]
 [ 0.32428955  0.00954353  0.36901151  0.08653223 -0.11537222]
 [-0.15888877  0.03828422 -0.26877091 -0.10965698  0.08676997]]
Matrix Pair 3; W = [[ 0.17978315 -0.17421593  0.09758947 -0.26645597  0.14408312]
 [-0.02160957 -0.29104617 -0.03065999  0.15511924 -0.18654375]
 [-0.00282339  0.02973794 -0.06574583  0.11991954 -0.03177373]
 [-0.12797862 -0.02810675  0.05851575 -0.06128886  0.03157312]
 [ 0.05958794 -0.04572828 -0.25899933 -0.12717348  0.14607074]]
U = [[ 1.86434176e-01  1.33396599e-02  2.69980509e-01  3.47826526e-01
  -9.19742252e-02]
 [-4.70315095e-01 -6.50805350e-02  1.16888970e-01 -1.00009511e-04
   5.98010314e-02]
 [ 6.29831989e-02 -1.32392992e-01 -1.85425304e-01 -3.48647650e-01
   2.51573488e-01]
 [ 2.48725960e-01  7.10234044e-02  2.68003045e-01 -4.07574736e-03
  -2.54695211e-01]
 [-1.43369115e-01  6.67584638e-02 -3.88466300e-01 -1.16510171e-01
   9.51030630e-02]]
Matrix Pair 4; W = [[ 0.25172398 -0.17234121  0.08860268 -0.18760397  0.18273392]
 [-0.12318605 -0.29685428 -0.01365063  0.24679519 -0.13314337]
 [-0.03417429  0.11677182 -0.11794245  0.12914498  0.03609975]
 [-0.07607465  0.02827273  0.20864286 -0.19488343 -0.07653564]
 [ 0.00899839 -0.0400868  -0.13667469 -0.02624802  0.06982407]]
U = [[ 0.08056297 -0.05567049  0.29455312  0.28613827 -0.04169265]
 [-0.41568373 -0.14770003  0.05334311 -0.08450953  0.05748379]
 [ 0.07794342 -0.09158505 -0.19576944 -0.33381903  0.21279013]
 [ 0.15564267  0.00568085  0.35540524 -0.0127204  -0.19374591]
 [-0.19311611 -0.05183441 -0.38493005 -0.04246151  0.14435215]]
Matrix Pair 5; W = [[ 0.29362205 -0.03529134  0.02851968 -0.25659876  0.23720449]
 [-0.02623043 -0.32915089 -0.02895806  0.17688539 -0.06883467]
 [-0.03828017  0.09445469 -0.15692561  0.11301908 -0.09561953]
 [-0.24955408  0.01190922  0.21260779 -0.15501624  0.01978793]
 [-0.07530436 -0.15388359 -0.23691795 -0.01299171  0.12484749]]
U = [[ 0.1303614   0.04123279  0.28213257  0.35319003 -0.15665919]
 [-0.36619351 -0.13807359  0.1396494  -0.08308577  0.10517129]
 [ 0.08487275 -0.1712859  -0.19025343 -0.35570098  0.10723055]
 [ 0.26508905 -0.00330943  0.36027974  0.10455018 -0.19079746]
 [-0.2579297  -0.02133751 -0.31336747 -0.0257414   0.02948605]]
Matrix Pair 6; W = [[ 0.17786511 -0.04556916  0.06893013 -0.16994331  0.22853283]
 [-0.07232334 -0.39209827  0.00709701  0.26471649 -0.2427839 ]
 [ 0.07070274 -0.00238197 -0.10625639  0.10509583  0.03450385]
 [-0.10494228  0.03611722  0.05092342 -0.22181534 -0.10331526]
 [-0.02878596 -0.1627813  -0.17807114 -0.07512155  0.15406436]]
U = [[ 0.05975231  0.06517273  0.11838684  0.39234367  0.01860864]
 [-0.41630893 -0.12731301 -0.0061121   0.00157622  0.15486692]
 [ 0.08690833 -0.23717649 -0.07350835 -0.31595522  0.22155848]
 [ 0.25852998  0.11999705  0.37431399 -0.04463327 -0.17162538]
 [-0.20779601 -0.02945463 -0.24744742 -0.02287697  0.00460685]]
Matrix Pair 7; W = [[ 0.14208497 -0.13046609 -0.00378965 -0.19071471  0.18372641]
 [-0.02924883 -0.25684783  0.09214486  0.16190778 -0.2150242 ]
 [ 0.08829287  0.06093177 -0.06185137  0.08456527  0.04210582]
 [-0.08665222  0.00082834  0.19650112 -0.11612193  0.07781015]
 [ 0.07066039 -0.1033255  -0.22866481 -0.08768665  0.07033927]]
U = [[ 0.05242314  0.00802971  0.15574077  0.2978661  -0.04360571]
 [-0.45145163 -0.10188282  0.03016063  0.01329547  0.08614114]
 [ 0.02942959 -0.12265189 -0.2138953  -0.21911207  0.17272343]
 [ 0.32330929  0.12497344  0.29772689  0.09713767 -0.17714402]
 [-0.25360935  0.07559009 -0.22407761 -0.11031286  0.06357276]]
Matrix Pair 8; W = [[ 0.18093932 -0.07356608  0.09889275 -0.26133696  0.21806091]
 [-0.12432295 -0.34929763 -0.01668946  0.18251849 -0.21815778]
 [ 0.05579461 -0.01895489 -0.12519453  0.04073397  0.01261161]
 [-0.1113774   0.02080744  0.08598322 -0.22888411 -0.06784372]
 [-0.10581777 -0.05360323 -0.14522389 -0.13373492  0.04773707]]
U = [[ 0.02578664  0.04392384  0.20048461  0.38537849 -0.04823014]
 [-0.398846   -0.04798404  0.05398245 -0.01496883  0.01617503]
 [ 0.0940933  -0.27069746 -0.11616986 -0.21978958  0.25222568]
 [ 0.27570235  0.04536537  0.40880853 -0.06894684 -0.15504891]
 [-0.27988021  0.10458317 -0.33331969 -0.12532088  0.04748719]]
Matrix Pair 9; W = [[ 0.25558134 -0.10923585  0.02653135 -0.2928121   0.17193296]
 [-0.08660686 -0.24369508 -0.07605992  0.11828125 -0.12140323]
 [-0.0663341   0.13736953 -0.09834295  0.1790181   0.03682641]
 [-0.20680729  0.14035366  0.07482556 -0.17231885 -0.00383501]
 [ 0.04044141 -0.09804862 -0.12292352 -0.11485539  0.0845204 ]]
U = [[ 0.03149019  0.07635439  0.15174643  0.42313602 -0.05638587]
 [-0.39563158 -0.07069885  0.05755281 -0.04887002  0.09724928]
 [ 0.05198156 -0.22247413 -0.22825658 -0.16938668  0.25394336]
 [ 0.19737598  0.12424377  0.35835962  0.07870227 -0.23543623]
 [-0.2558454   0.05222038 -0.26013728 -0.0092492  -0.03000172]]
Matrix Pair 10; W = [[ 0.32292277 -0.20228029  0.07521769 -0.22443586  0.23411265]
 [-0.06099467 -0.28834527  0.08950411  0.23768847 -0.06740653]
 [ 0.08921058 -0.00843553 -0.13583134  0.11277963 -0.10891774]
 [-0.16004962  0.03775208  0.06378824 -0.08963409 -0.03475513]
 [ 0.03403047 -0.12114163 -0.1880709  -0.1288952  -0.01160037]]
U = [[ 0.01203583 -0.08793288  0.2847857   0.3855617  -0.03450533]
 [-0.46158684 -0.02218631 -0.016814   -0.03621368 -0.02437131]
 [ 0.17413236 -0.16896331 -0.15844729 -0.17931551  0.20934712]
 [ 0.26332385  0.00126531  0.32898177  0.08506659 -0.13129751]
 [-0.21140538 -0.00874454 -0.33815869 -0.15009957  0.05477685]]
Matrix Pair 11; W = [[ 0.31660883 -0.09004507  0.00975731 -0.2802076   0.18041487]
 [-0.11074657 -0.30162332 -0.08478626  0.28512608 -0.22615044]
 [-0.01125662  0.14987267  0.00205761  0.17103153  0.00674344]
 [-0.23824892  0.13490477  0.08068189 -0.17805756 -0.09794928]
 [ 0.03210475 -0.21636573 -0.20853372 -0.15832085  0.05826101]]
U = [[ 0.15306801  0.08807202  0.12331527  0.36962929 -0.12953645]
 [-0.47458886 -0.08548664 -0.02224278 -0.04430369  0.16698418]
 [ 0.12763206 -0.09222569 -0.15602458 -0.32593981  0.08398625]
 [ 0.21633508  0.00377962  0.35179792  0.10834894 -0.23245238]
 [-0.29798457 -0.03961804 -0.3258363  -0.00186128  0.08527097]]
Matrix Pair 12; W = [[ 0.29533175 -0.21796663  0.07502387 -0.12566493  0.13940296]
 [-0.06426356 -0.42917135  0.00622644  0.28501609 -0.08605086]
 [ 0.06438059  0.14335938 -0.06363706  0.04957855 -0.00981462]
 [-0.15285313 -0.01049943  0.07073523 -0.0896621   0.02735021]
 [-0.04717641 -0.10593663 -0.22346636 -0.09747443 -0.0271573 ]]
U = [[ 0.1455436   0.10442444  0.22748075  0.31429447  0.02531336]
 [-0.38095874  0.0248623   0.11214847 -0.05270082  0.0958108 ]
 [ 0.16680981 -0.21774339 -0.18541852 -0.33220209  0.22531544]
 [ 0.33788351  0.08861377  0.42863686 -0.02288096 -0.15690811]
 [-0.10957638  0.04587565 -0.20372078 -0.06001614  0.10582996]]
Matrix Pair 13; W = [[ 0.21509599 -0.11206568  0.0297404  -0.27069495  0.22131608]
 [-0.04806263 -0.43718432  0.02989943  0.18758401 -0.14182657]
 [ 0.08244926  0.05376887 -0.18406597  0.09196366  0.02986183]
 [-0.13535777  0.0761124   0.22156802 -0.20867503 -0.0710972 ]
 [ 0.07876377 -0.14353718 -0.19949915 -0.15036501 -0.02653616]]
U = [[ 0.1032714   0.10455642  0.25475183  0.28956789  0.00191612]
 [-0.30941803 -0.09029526  0.0473265  -0.00612381  0.01805813]
 [ 0.16323462 -0.24623291 -0.14202117 -0.30363828  0.23696019]
 [ 0.16550618  0.09816906  0.44791073 -0.0188882  -0.13588452]
 [-0.13344389 -0.04135289 -0.29080347 -0.12340271  0.02339464]]
Matrix Pair 14; W = [[ 0.32963811 -0.13169918  0.07134769 -0.26997944  0.18663073]
 [ 0.02540301 -0.34641123 -0.07932334  0.16966133 -0.16154408]
 [-0.03616322  0.11430707 -0.14626325  0.09117917 -0.07870053]
 [-0.18131907 -0.00227646  0.23240262 -0.07305007 -0.07913769]
 [ 0.07031081 -0.05390319 -0.15273812 -0.03414435  0.11485532]]
U = [[ 0.11596922 -0.07042722  0.29127391  0.29833868  0.00415643]
 [-0.44428312 -0.16198843  0.1564284  -0.03131542  0.07998247]
 [ 0.0280558  -0.20691329 -0.10605833 -0.27136487  0.13178973]
 [ 0.33528446  0.08857936  0.3489146   0.03584058 -0.21104214]
 [-0.29420036  0.07180471 -0.32593707 -0.18519977 -0.01171011]]
Matrix Pair 15; W = [[ 0.29714228 -0.16502376  0.11149183 -0.13016108  0.07140079]
 [-0.03270819 -0.30381384 -0.07033873  0.12769755 -0.18860144]
 [-0.02370776  0.01875747 -0.0946468   0.0982497   0.06681352]
 [-0.081987    0.02369688  0.08616527 -0.21372652 -0.08767214]
 [-0.05861868 -0.07091331 -0.11254425 -0.07440846  0.16806184]]
U = [[ 0.05116774  0.06053209  0.15324018  0.39623173 -0.06875079]
 [-0.34264897 -0.14451262 -0.01550658 -0.13027842  0.10696939]
 [ 0.19634822 -0.17828555 -0.19030464 -0.19330244  0.15905939]
 [ 0.22153781  0.08077109  0.36238039  0.02054218 -0.17630596]
 [-0.13530831  0.05407621 -0.21097299 -0.0162771  -0.00500948]]
Matrix Pair 16; W = [[ 0.32394185 -0.09406334  0.11377927 -0.14190868  0.14759633]
 [-0.13913968 -0.29766184  0.08395647  0.1639106  -0.18617479]
 [-0.07715542  0.12361176 -0.1051501   0.15695088  0.04514861]
 [-0.14834568  0.14713407  0.07214547 -0.17199003 -0.04708376]
 [ 0.01757086 -0.20718661 -0.10688077 -0.04269308 -0.00640324]]
U = [[ 0.13035654 -0.02943809  0.14296816  0.41125997  0.02700912]
 [-0.44471928 -0.07553202  0.1026269  -0.05558397  0.00375314]
 [ 0.17248304 -0.17746682 -0.20453782 -0.19860506  0.14221719]
 [ 0.23869405 -0.02059259  0.29920192 -0.03999641 -0.26264767]
 [-0.25711548  0.00100357 -0.2704141  -0.08927844  0.08339579]]
Matrix Pair 17; W = [[ 0.33397857 -0.20677059  0.02757688 -0.16866545  0.13246799]
 [-0.09518444 -0.3178099   0.07693805  0.1634149  -0.24537133]
 [ 0.00772993  0.02520637 -0.15863502  0.02777654 -0.03826614]
 [-0.20421778  0.10644806  0.15999946 -0.17103079  0.08097338]
 [-0.07841261 -0.07431719 -0.1386036  -0.15726609  0.16195477]]
U = [[ 0.16726044 -0.02656845  0.2705151   0.38488858 -0.0585996 ]
 [-0.37103763 -0.0130929   0.08644152 -0.11428001  0.0472304 ]
 [ 0.08369253 -0.13415614 -0.24932099 -0.23560361  0.16249947]
 [ 0.15823167  0.12344098  0.38117315  0.06281842 -0.24809521]
 [-0.25290329  0.06775514 -0.2345092  -0.02410099 -0.03216123]]
Matrix Pair 18; W = [[ 0.25618635 -0.07572211 -0.07640962 -0.13412623  0.0538467 ]
 [-0.04500033 -0.35606098  0.09191064  0.31366578 -0.10485468]
 [ 0.08803684  0.11430422 -0.088711    0.07231998 -0.06423765]
 [-0.25641459  0.00703576  0.20379078 -0.10605137 -0.10395141]
 [ 0.04175811 -0.13007044 -0.28617861 -0.10633515  0.15948899]]
U = [[ 4.09444380e-02 -8.47793265e-05  2.09571370e-01  4.08437490e-01
  -1.38012836e-01]
 [-4.67619580e-01 -2.24701308e-02  3.70252937e-02  6.30472955e-02
   1.62458591e-01]
 [ 1.85610400e-01 -1.52785248e-01 -2.49180625e-01 -1.81653987e-01
   1.59489371e-01]
 [ 1.93857872e-01  9.38203176e-03  3.00183315e-01 -5.62964965e-02
  -1.87819400e-01]
 [-1.75269155e-01  2.21290302e-02 -3.19104108e-01 -1.23967248e-01
  -2.11971458e-02]]
Matrix Pair 19; W = [[ 0.27667522 -0.18715405 -0.02833265 -0.16303432  0.10376164]
 [-0.00900743 -0.39955479  0.04556541  0.18480543 -0.20593242]
 [-0.01411171  0.13345805 -0.00982151  0.21703706  0.05635429]
 [-0.10916084  0.04110337  0.17212381 -0.21741755 -0.01093397]
 [-0.0507777  -0.15542677 -0.29692324 -0.03189696  0.16326152]]
U = [[ 6.98536932e-02 -5.83841015e-02  1.15362925e-01  3.66143700e-01
  -8.40158491e-02]
 [-3.61525866e-01 -2.51665053e-02  3.65781172e-02  1.22575359e-04
   5.50142746e-02]
 [ 1.99250216e-01 -1.15293313e-01 -2.25255018e-01 -1.93360599e-01
   2.49801701e-01]
 [ 2.71783039e-01  2.90064694e-02  3.95701606e-01 -8.53682413e-03
  -1.58061702e-01]
 [-1.67852506e-01  1.09820762e-01 -1.97045653e-01 -7.91137199e-02
   3.46039634e-02]]
Matrix Pair 20; W = [[ 0.30471009 -0.21638205  0.0751098  -0.16102837  0.10895894]
 [-0.01419448 -0.36487533  0.10314862  0.12036398 -0.19024228]
 [-0.01081973  0.13402011 -0.18519344  0.14607581 -0.00468081]
 [-0.19501956  0.02722194  0.13665401 -0.14711539  0.03307709]
 [-0.02658836 -0.06014854 -0.1411462  -0.11432321  0.15763473]]
U = [[ 0.09551807  0.05869159  0.29351291  0.29230725 -0.14103936]
 [-0.35906413 -0.05406181  0.10405562  0.06164754  0.11605939]
 [ 0.0332451  -0.09731971 -0.24103895 -0.17309379  0.16997339]
 [ 0.29327568 -0.0246882   0.27533492  0.09462547 -0.10682858]
 [-0.14972295 -0.01985187 -0.38115456 -0.10514898  0.06535435]]
Matrix Pair 21; W = [[ 0.17459775 -0.16604444  0.05929867 -0.16985717  0.06976873]
 [ 0.00033799 -0.24735487  0.10141424  0.13040636 -0.06859971]
 [-0.02753044  0.0820251  -0.08503945  0.05977328 -0.00567444]
 [-0.08250791  0.16692731  0.13757099 -0.11044397  0.01171496]
 [-0.1022139  -0.21067266 -0.11028413 -0.17549284  0.07974495]]
U = [[ 0.14061598 -0.0389476   0.20416226  0.43050021 -0.15847165]
 [-0.31506537 -0.10654772  0.0254289  -0.08291177  0.14170826]
 [ 0.05497716 -0.20484811 -0.18549102 -0.32081133  0.21599853]
 [ 0.31119966  0.04974026  0.43525459  0.01666438 -0.14507578]
 [-0.30076175 -0.06487005 -0.36591619 -0.16090955  0.10369517]]
Matrix Pair 22; W = [[ 0.13853683 -0.05835174 -0.04092314 -0.16429094  0.10825957]
 [-0.13995922 -0.32121273  0.04124617  0.28198569 -0.23680799]
 [ 0.05011463  0.00948268 -0.04823231  0.14433902 -0.09130286]
 [-0.17256866  0.08947839  0.14185835 -0.05677386  0.04638151]
 [-0.01661722 -0.20472202 -0.15949319 -0.00805445  0.15103543]]
U = [[ 0.02939879  0.02473804  0.18205399  0.34576176 -0.08276814]
 [-0.31675023 -0.13770037 -0.00200773  0.00483546  0.14697025]
 [ 0.14923819 -0.10034892 -0.23346202 -0.34129445  0.16437207]
 [ 0.16671407  0.01066481  0.28517914 -0.03161654 -0.20672558]
 [-0.14700788 -0.00549223 -0.32121664 -0.01292203 -0.00497594]]
Matrix Pair 23; W = [[ 0.31736712 -0.16609025 -0.06395093 -0.24251462  0.11028378]
 [-0.09345391 -0.24213071  0.0722695   0.27766904 -0.25218575]
 [ 0.05843739  0.0378479  -0.17821335  0.02889257  0.07169682]
 [-0.11297704 -0.00608098  0.15521327 -0.23050571 -0.078069  ]
 [-0.02462053 -0.057219   -0.22993931  0.00654411  0.10028725]]
U = [[ 0.16590427  0.07248163  0.17972711  0.34684747 -0.11196645]
 [-0.38457779 -0.00089891 -0.00380581 -0.00106233  0.12373093]
 [ 0.06882469 -0.10369429 -0.10852741 -0.27544981  0.12327534]
 [ 0.22594836  0.09873649  0.35961685 -0.01070964 -0.1733479 ]
 [-0.17519982 -0.05399545 -0.34762804 -0.04804401  0.02226047]]
Matrix Pair 24; W = [[ 0.3056493  -0.03658881  0.02439151 -0.29180619  0.13441553]
 [-0.09035965 -0.43053456 -0.07655357  0.29882613 -0.24053779]
 [-0.1049012   0.13485148 -0.18297436  0.03133331  0.02177868]
 [-0.25014864  0.07152002  0.13803666 -0.09745024  0.01089744]
 [-0.00722099 -0.22582198 -0.19039636 -0.09545073  0.01138565]]
U = [[ 0.11316038  0.07875744  0.22121646  0.35431476 -0.03378029]
 [-0.36809464 -0.07874077  0.01292248 -0.12196443  0.08222716]
 [ 0.09446678 -0.24488465 -0.22988764 -0.35171569  0.11228588]
 [ 0.19961866  0.10808938  0.43036152  0.10654726 -0.21774369]
 [-0.21650812  0.05319061 -0.31974555 -0.03417239 -0.01908387]]
Matrix Pair 25; W = [[ 0.32291836 -0.21776369  0.0219035  -0.22924528  0.0717011 ]
 [ 0.03940402 -0.34549982 -0.06971303  0.30299589 -0.1078114 ]
 [ 0.01191341  0.00402183 -0.18224282  0.2146604  -0.07452763]
 [-0.11073067  0.04795199  0.1719778  -0.12966702  0.03876063]
 [ 0.04946691 -0.13262244 -0.16545451 -0.18096686 -0.00852966]]
U = [[ 0.1446142  -0.0295737   0.20089364  0.34953354 -0.12481702]
 [-0.29175176 -0.13627292 -0.00915513  0.00399638  0.06158373]
 [ 0.01559572 -0.14411059 -0.20499677 -0.17091086  0.15178766]
 [ 0.2221031   0.05124447  0.38576786  0.03045145 -0.21011823]
 [-0.29469995 -0.04118422 -0.39217888 -0.04909182 -0.03104044]]
Matrix Pair 26; W = [[ 3.00741945e-01 -2.16733528e-01 -8.13944755e-02 -1.99665708e-01
   2.41196413e-01]
 [-6.83174808e-02 -3.56559699e-01 -1.05591289e-04  1.73949503e-01
  -1.87742219e-01]
 [-1.07200749e-01  8.35324552e-02 -2.05561722e-03  1.28457792e-01
   6.40708079e-02]
 [-1.70591409e-01  1.16012400e-03  2.29213404e-01 -1.13158979e-01
   2.79159837e-02]
 [ 2.27286323e-02 -8.77845753e-02 -1.62031640e-01 -2.20285020e-02
   2.85546450e-02]]
U = [[ 0.19127884  0.06556736  0.19588425  0.28039895 -0.08870368]
 [-0.47153097 -0.13822404  0.11181053  0.03674776  0.00294583]
 [ 0.11564892 -0.19397154 -0.19895204 -0.35230589  0.14518407]
 [ 0.20038965  0.08068032  0.26466056 -0.01746182 -0.27265098]
 [-0.25640412  0.06798259 -0.36813854 -0.18984763  0.00334543]]
Matrix Pair 27; W = [[ 0.18816305 -0.17997733 -0.05794818 -0.29035334  0.17323203]
 [-0.03025007 -0.38011756  0.01497087  0.22227349 -0.11210982]
 [-0.00634259  0.1162414  -0.06083837  0.16053358  0.03972614]
 [-0.06708413 -0.02422545  0.15939576 -0.24582972 -0.00409323]
 [-0.10022427 -0.05709243 -0.28514364 -0.17921742  0.03905572]]
U = [[ 0.18994832 -0.04701575  0.17647065  0.43733251 -0.15204928]
 [-0.34470295 -0.08362291  0.04677966 -0.01824103  0.14898246]
 [ 0.10093745 -0.14849981 -0.15188463 -0.18962337  0.20240261]
 [ 0.24033991  0.11771494  0.28343732 -0.07374469 -0.21839993]
 [-0.27653856 -0.03262591 -0.347717   -0.17007999  0.08170657]]
Matrix Pair 28; W = [[ 0.27353714 -0.04319315 -0.02171339 -0.18377549  0.06031994]
 [-0.06522971 -0.36871315 -0.00385995  0.1399061  -0.24538188]
 [-0.04485869  0.12715554 -0.05424298  0.10234597 -0.0535491 ]
 [-0.20918805  0.15331626  0.20843128 -0.07437176 -0.10294504]
 [-0.11584465 -0.12701692 -0.26564786 -0.13186717  0.03593427]]
U = [[ 0.19396622  0.06854553  0.21303093  0.26077064  0.01265225]
 [-0.49100903  0.01091392 -0.01156946 -0.05984228  0.00324419]
 [ 0.15313593 -0.26807426 -0.22985858 -0.31750204  0.06732719]
 [ 0.28020663  0.01889001  0.32883321  0.00955782 -0.21207104]
 [-0.29582097 -0.05373019 -0.28080752 -0.14933049  0.06683447]]
Matrix Pair 29; W = [[ 0.16898954 -0.08543253  0.06444331 -0.20478882  0.19336958]
 [ 0.04315741 -0.26763471 -0.07651536  0.15986706 -0.19766959]
 [-0.09510111  0.13392308 -0.11393973  0.16842515 -0.0462798 ]
 [-0.06371106 -0.00901529  0.05249865 -0.07253172 -0.06507752]
 [ 0.02794381 -0.19263206 -0.16867912 -0.07800717  0.02537671]]
U = [[ 0.10085632 -0.00310309  0.16996157  0.26328276 -0.01651565]
 [-0.33857751 -0.15869137  0.04556085  0.02438673  0.04530329]
 [ 0.11765378 -0.27709933 -0.20335691 -0.21931951  0.13369373]
 [ 0.16266726 -0.02990626  0.27600262  0.04277028 -0.20722318]
 [-0.23282964  0.09739074 -0.39542247 -0.0651392  -0.03659688]]
Matrix Pair 30; W = [[ 2.50636039e-01 -1.06190372e-01 -3.81890463e-02 -1.15370982e-01
   2.14841357e-01]
 [-1.31919799e-01 -3.40228462e-01  7.38078304e-02  2.57535282e-01
  -2.46804779e-01]
 [-3.81971655e-03 -1.10868508e-02 -1.83003186e-01  2.09951757e-01
   2.80399129e-02]
 [-9.46488944e-02  2.01167683e-05  5.01302066e-02 -1.78867488e-01
   6.40877315e-02]
 [-5.46662075e-02 -4.17872265e-02 -2.81729618e-01 -9.24025417e-02
   7.91648718e-02]]
U = [[ 0.19264596  0.08972996  0.21922333  0.30939289 -0.03621883]
 [-0.38715195 -0.01389961  0.03735168 -0.08160324  0.11998432]
 [ 0.07595732 -0.16939884 -0.10487738 -0.21272186  0.25725438]
 [ 0.33931384  0.05201329  0.33384245 -0.04076879 -0.25426885]
 [-0.16631494  0.05895822 -0.25349589 -0.14646178 -0.03903849]]
Matrix Pair 31; W = [[ 0.18051432 -0.10432305  0.00186871 -0.21204694  0.10652346]
 [-0.08509057 -0.37841943  0.00487665  0.13561747 -0.23235335]
 [ 0.05894484 -0.01158271 -0.04465891  0.0299377  -0.09704622]
 [-0.13752694 -0.01282505  0.1030401  -0.16448424  0.05330762]
 [ 0.03512093 -0.04359189 -0.27586842 -0.04529442  0.11983335]]
U = [[ 0.08766459  0.03019283  0.09689018  0.34184135 -0.11244647]
 [-0.34190838 -0.12699158  0.10456241 -0.0970533   0.13319685]
 [ 0.09714327 -0.17217719 -0.22175122 -0.27584835  0.07827471]
 [ 0.21664895  0.01193079  0.37953847  0.01708008 -0.17974144]
 [-0.20751761  0.06624868 -0.31359487 -0.1573077   0.05804148]]
