Epoch: 1Matrix Pair 0; W = [[ 0.28129605 -0.13118455  0.01467284 -0.35447785  0.15029761]
 [ 0.01195895 -0.38793054  0.06121808  0.14040153 -0.15075759]
 [ 0.09957955  0.110793   -0.10639724  0.09974836  0.08337425]
 [-0.10755754  0.08714206  0.24584104 -0.18910464  0.03262574]
 [-0.10787354 -0.04927784 -0.28284692 -0.1544177  -0.0402394 ]]
U = [[ 0.1579885  -0.04909183  0.17729171  0.43114311  0.01187134]
 [-0.40184002 -0.10819771  0.02535764 -0.01046814  0.02277923]
 [ 0.15965455 -0.21997799 -0.22637518 -0.18989399  0.18760866]
 [ 0.17758397  0.13875993  0.3198731  -0.09350909 -0.2270545 ]
 [-0.25581452  0.01204836 -0.22769673 -0.15502183 -0.02982006]]
Matrix Pair 1; W = [[ 0.15308236 -0.24116319 -0.06380706 -0.33979724  0.11410539]
 [ 0.00985018 -0.44366871  0.08627266  0.29419171 -0.04917906]
 [-0.01883598  0.10012019 -0.1499307   0.12404037  0.11149574]
 [-0.01750282 -0.07313189  0.16388498 -0.24560688 -0.00424532]
 [-0.00650733 -0.00735944 -0.2065806  -0.14097887 -0.01085752]]
U = [[ 0.08612075  0.00708181  0.26423095  0.4363885  -0.03322513]
 [-0.24432593 -0.15721269 -0.02224578 -0.10186733  0.14590892]
 [ 0.11476162 -0.24022926 -0.11922214 -0.26334328  0.26464654]
 [ 0.26610192  0.09120561  0.30222669 -0.14502019 -0.12794627]
 [-0.26959207 -0.02713383 -0.23709719 -0.23595461  0.01402556]]
Matrix Pair 2; W = [[ 0.15770985 -0.15076542  0.07471064 -0.23996729  0.27916605]
 [-0.10532652 -0.41532274  0.01838664  0.29405484 -0.11735838]
 [-0.00484848  0.12591064 -0.06717262  0.11051395  0.01675919]
 [-0.04256371  0.12458661  0.1043915  -0.23389446  0.02751955]
 [ 0.06618245 -0.10191405 -0.21178853 -0.20295211 -0.07637468]]
U = [[ 0.09237124  0.04209303  0.30104197  0.34504602 -0.04758696]
 [-0.29417808 -0.05724777 -0.03656544 -0.07049151  0.05604118]
 [ 0.18009747 -0.12165068 -0.09927575 -0.15946006  0.2681082 ]
 [ 0.11656008  0.04685164  0.35177177 -0.08425987 -0.2154926 ]
 [-0.14046266  0.02513667 -0.30964387 -0.20115965  0.13499196]]
Matrix Pair 3; W = [[ 0.29853982 -0.21399535 -0.07939872 -0.21997627  0.20729567]
 [-0.12978872 -0.37304442 -0.00743592  0.24900726 -0.16054808]
 [-0.00354128  0.01221703 -0.06341046  0.20742735  0.00082776]
 [-0.19197238 -0.04834092  0.22124784 -0.32581687 -0.0848032 ]
 [ 0.02213064 -0.1544878  -0.25060925 -0.12460965 -0.04586292]]
U = [[ 0.13524387 -0.01168359  0.28603784  0.3754367  -0.07986214]
 [-0.26151568 -0.03068577 -0.04464286  0.05317244  0.03012547]
 [ 0.14849156 -0.18539043 -0.12437713 -0.26559253  0.21265965]
 [ 0.2785194   0.08110909  0.46553476 -0.12699824 -0.1161323 ]
 [-0.15326102 -0.07776372 -0.31639293 -0.09256526  0.04878192]]
Matrix Pair 4; W = [[ 0.26914743 -0.23978332  0.04959771 -0.31213972  0.13789427]
 [-0.09505906 -0.4323908  -0.07732586  0.12234532 -0.1209153 ]
 [ 0.08500286  0.02964105 -0.1457473   0.1357928   0.04040238]
 [-0.18791533  0.11254097  0.09707497 -0.24063117  0.03363421]
 [-0.04877868 -0.14585071 -0.31910297 -0.2313928   0.10177378]]
U = [[ 0.17157488  0.11946015  0.20346453  0.43966648  0.01570296]
 [-0.36989617 -0.03892248  0.1211996   0.0173527   0.10374028]
 [ 0.04892616 -0.16349001 -0.08684829 -0.2222498   0.28870224]
 [ 0.27610022  0.1209281   0.46061807 -0.13505009 -0.27505847]
 [-0.11004381  0.04976009 -0.37673044 -0.15068534  0.07507025]]
Matrix Pair 5; W = [[ 0.14089787 -0.23222392 -0.01527184 -0.2721201   0.16639953]
 [-0.07730858 -0.42986975  0.06364998  0.1053866  -0.19999479]
 [-0.00610059  0.02436733 -0.19552593  0.20112007 -0.0406173 ]
 [-0.15827649  0.07082438  0.1454671  -0.27994166  0.03679924]
 [-0.09423493 -0.11773583 -0.2327008  -0.13848775 -0.05457297]]
U = [[ 0.0731222  -0.04163653  0.30266968  0.32508935 -0.03402599]
 [-0.348494   -0.12133914 -0.04810326  0.04318644  0.16656416]
 [ 0.18980087 -0.22834511 -0.24516263 -0.31653471  0.19411456]
 [ 0.15287387  0.01649097  0.31236505 -0.04118495 -0.11085569]
 [-0.11857305  0.05215266 -0.37233489 -0.11833056  0.09611501]]
Matrix Pair 6; W = [[ 0.19215683 -0.21272917 -0.08717058 -0.28622526  0.25037492]
 [ 0.04103364 -0.32233955  0.01677931  0.22992789 -0.06765963]
 [ 0.05730768  0.08278714 -0.05349863  0.07980913 -0.00618348]
 [-0.09454512 -0.06581625  0.25783993 -0.1615903   0.01493629]
 [ 0.04384108 -0.10603549 -0.18634431 -0.25806424 -0.03657279]]
U = [[ 0.23056251  0.06521448  0.13795703  0.27716028 -0.11397925]
 [-0.30071585 -0.07623526  0.02410517  0.01429607  0.09613908]
 [ 0.22787356 -0.27369808 -0.15602132 -0.2815356   0.19160782]
 [ 0.18670381  0.0433827   0.29581252 -0.00459107 -0.27516841]
 [-0.19353249  0.0578225  -0.26360092 -0.16193027  0.12089093]]
Matrix Pair 7; W = [[ 0.25623506 -0.07340346  0.0326897  -0.347248    0.22554371]
 [-0.05168675 -0.48288912  0.03803738  0.19547232 -0.21017075]
 [-0.04754381  0.09132272 -0.1267314   0.02758501 -0.03657841]
 [-0.11014729  0.10398544  0.09410737 -0.2180783   0.00847555]
 [ 0.06802999 -0.19090099 -0.23319525 -0.24680291  0.097965  ]]
U = [[ 0.14427259 -0.05220148  0.19632114  0.27967418 -0.00337587]
 [-0.40192302 -0.0478441   0.14274789 -0.09194026  0.11950276]
 [ 0.08140194 -0.22194331 -0.13392627 -0.34012599  0.19914728]
 [ 0.11584445  0.17731522  0.31262544 -0.11135576 -0.11514669]
 [-0.29724082 -0.07588709 -0.27173333 -0.10690222  0.03498713]]
Matrix Pair 8; W = [[ 0.11411799 -0.17563826  0.04603449 -0.35079918  0.14336175]
 [-0.08764696 -0.5009844  -0.00232587  0.1448163  -0.037714  ]
 [ 0.13149267  0.1098117  -0.06180494  0.16658167 -0.02514538]
 [-0.13260334 -0.03912263  0.18251753 -0.24519323  0.05825261]
 [-0.02450508 -0.08274199 -0.23129888 -0.10897965  0.0442625 ]]
U = [[ 0.06958237 -0.02029824  0.11683412  0.45719853 -0.14077823]
 [-0.23680992 -0.10074366  0.06035926 -0.04933047  0.11312802]
 [ 0.12305465 -0.27287284 -0.18756322 -0.17194117  0.16342329]
 [ 0.15153036  0.10637673  0.46538994  0.03709647 -0.14635984]
 [-0.16119    -0.12663162 -0.28219416 -0.12399828  0.15153009]]
Matrix Pair 9; W = [[ 0.20862503 -0.21606869  0.0578431  -0.35313803  0.21611474]
 [-0.08004163 -0.35355841  0.05549724  0.24860972 -0.14029292]
 [-0.05467921  0.1239735  -0.02540871  0.11592724  0.00546613]
 [-0.07257666  0.02271816  0.23950912 -0.21458531 -0.1162975 ]
 [-0.08702888 -0.169075   -0.19935853 -0.23295287  0.09526691]]
U = [[ 0.16464009  0.07457746  0.2448555   0.40854486 -0.01664633]
 [-0.39560984 -0.12079175 -0.03461267  0.04028077  0.1166556 ]
 [ 0.17628021 -0.19183927 -0.15624309 -0.33429624  0.18911297]
 [ 0.11420393  0.18919445  0.29069562 -0.09844101 -0.22546997]
 [-0.21292757 -0.05625419 -0.22482997 -0.1273524   0.02836889]]
Matrix Pair 10; W = [[ 2.13218450e-01 -8.31873805e-02  1.64840309e-02 -3.46987898e-01
   2.05083275e-01]
 [-9.27469171e-02 -4.93612234e-01  9.93723279e-02  1.73011222e-01
  -6.42748987e-02]
 [ 1.23520073e-02  9.61608828e-02 -1.76751104e-01  1.00056757e-01
  -1.84127211e-04]
 [-5.73210139e-02  8.72059609e-02  1.77226108e-01 -1.84279385e-01
   4.17533781e-02]
 [ 8.79575147e-02 -1.87538713e-01 -3.14293094e-01 -8.25435057e-02
   7.33001966e-02]]
U = [[ 0.08460019  0.12508522  0.14224709  0.26353783 -0.10217347]
 [-0.30991437 -0.04459431  0.14673792 -0.00972828  0.02963846]
 [ 0.03298051 -0.23733144 -0.18926349 -0.19162234  0.23190993]
 [ 0.20891187  0.01221224  0.33782514 -0.05680967 -0.13949413]
 [-0.19761533 -0.11314834 -0.22157415 -0.14051637  0.14764347]]
Matrix Pair 11; W = [[ 0.28082001 -0.10890396 -0.01524295 -0.24336324  0.1859297 ]
 [-0.0556849  -0.50085853 -0.04514339  0.19317224 -0.09099265]
 [ 0.04584385  0.08247982 -0.08948522  0.21915613  0.05493645]
 [-0.12330529 -0.00237323  0.17887276 -0.25137501  0.01071831]
 [-0.04468924 -0.12783914 -0.28743301 -0.20730478  0.00422345]]
U = [[ 0.17661124  0.11651334  0.31440133  0.45343977 -0.05213787]
 [-0.3369436  -0.12713664  0.07136677  0.04538369  0.08523636]
 [ 0.11846679 -0.22325968 -0.20341207 -0.2520587   0.25496286]
 [ 0.26769049  0.05016643  0.29721861 -0.02856671 -0.18936352]
 [-0.11327695 -0.08195802 -0.23171656 -0.16037865  0.08122384]]
Matrix Pair 12; W = [[ 0.10291154 -0.17257189 -0.00679601 -0.19203915  0.14577624]
 [ 0.04282018 -0.33722583  0.00291386  0.14679599 -0.1482372 ]
 [ 0.08171012  0.02859835 -0.10065607  0.14513431  0.11399913]
 [-0.03320947  0.07977578  0.28199022 -0.32010177 -0.03437872]
 [-0.09672771 -0.05005931 -0.31309307 -0.13217355 -0.06333324]]
U = [[ 0.13509326  0.06204387  0.21069268  0.30924992 -0.05911574]
 [-0.35300935 -0.17598216 -0.01553574 -0.03345076  0.12589995]
 [ 0.14820178 -0.1587232  -0.18344057 -0.30566829  0.21992591]
 [ 0.23008462  0.11153923  0.41315999 -0.12967394 -0.11413596]
 [-0.14869579 -0.10919991 -0.26377879 -0.05341124  0.06691856]]
Matrix Pair 13; W = [[ 0.17353321 -0.13481306  0.01773043 -0.37932117  0.26049323]
 [ 0.00051199 -0.31944009 -0.04914924  0.27307179 -0.07199753]
 [ 0.00249651  0.03991008 -0.07118648  0.11373312  0.1287385 ]
 [-0.05090309  0.11566008  0.27726002 -0.14689748 -0.04919505]
 [-0.10119376 -0.17804525 -0.16386156 -0.15459228 -0.05949027]]
U = [[ 1.02796112e-01 -7.03586761e-02  2.13520023e-01  3.28035242e-01
   3.37368170e-04]
 [-2.31982740e-01 -3.02028920e-02  1.15452009e-01 -5.94519221e-02
   1.70830043e-02]
 [ 1.76961435e-01 -1.72458879e-01 -2.35966304e-01 -3.02556715e-01
   2.27288121e-01]
 [ 2.12857188e-01  1.59070735e-01  4.23398005e-01  3.60793212e-02
  -2.53710073e-01]
 [-2.52418023e-01 -5.45653027e-02 -3.58213199e-01 -1.19660353e-01
  -3.04407689e-02]]
Matrix Pair 14; W = [[ 0.10174318 -0.15123871 -0.0185002  -0.33446411  0.16570806]
 [-0.11242095 -0.49806789  0.00604748  0.22453041 -0.17377994]
 [-0.0280273   0.12633548 -0.09690048  0.16326734  0.08997664]
 [-0.10512954  0.0955369   0.27245214 -0.13282342  0.04400867]
 [-0.03112041 -0.09203027 -0.17238854 -0.14052916 -0.07871424]]
U = [[ 0.12025796  0.04863496  0.16762395  0.37527649 -0.1594878 ]
 [-0.30382653  0.00110128 -0.02759898 -0.03351175  0.07941118]
 [ 0.19790754 -0.2923411  -0.19908111 -0.19335863  0.31028422]
 [ 0.10703094  0.19465727  0.31901852  0.04424708 -0.21255267]
 [-0.29557799 -0.11867632 -0.40677048 -0.17826239  0.03117497]]
Matrix Pair 15; W = [[ 0.29001914 -0.08771282 -0.07669837 -0.37146125  0.17512203]
 [-0.11708109 -0.46158335  0.10770662  0.14644001 -0.16698382]
 [ 0.01132752  0.06769    -0.09764247  0.14568032 -0.03535029]
 [-0.01759406 -0.0421868   0.27956854 -0.12769487 -0.00986066]
 [-0.00576835 -0.12223964 -0.22935324 -0.24877237  0.0383875 ]]
U = [[ 0.15594536  0.01959658  0.14363454  0.36471    -0.16137412]
 [-0.42272963 -0.0022141   0.046832   -0.1111946   0.17234123]
 [ 0.0654093  -0.10690274 -0.04734846 -0.21577825  0.30844284]
 [ 0.12295196  0.1676101   0.30056948 -0.00911787 -0.16852507]
 [-0.1844884   0.06027716 -0.31115022 -0.19067611  0.02124424]]
Matrix Pair 16; W = [[ 0.19364286 -0.22194722  0.03700415 -0.20578081  0.14960011]
 [-0.14482281 -0.29913059 -0.01208155  0.20830111 -0.07818618]
 [ 0.1689258   0.04900062 -0.10455132  0.00436328  0.02611152]
 [-0.16251491  0.01726269  0.0255058  -0.10593099 -0.08284895]
 [-0.12157737 -0.14657467 -0.23640291 -0.16680342  0.04157489]]
U = [[ 0.0568577   0.01375806  0.15068367  0.44114478 -0.00194106]
 [-0.38553529 -0.07032485  0.01143623 -0.02447349 -0.03752139]
 [ 0.16333576 -0.18744605 -0.15284518 -0.24720302  0.20805773]
 [ 0.27648007 -0.04909516  0.34577707 -0.04479052 -0.11964484]
 [-0.25068183  0.10389544 -0.25490679 -0.04781054  0.1232282 ]]
Matrix Pair 17; W = [[ 0.18862903 -0.0976139   0.12953447 -0.17123655  0.23821524]
 [-0.12796475 -0.32026114  0.11805412  0.11677977 -0.20253987]
 [ 0.12428759 -0.01100364 -0.13452367  0.09196139 -0.00652309]
 [-0.11954185 -0.0338928   0.03120001 -0.25424348  0.02268247]
 [-0.05366504 -0.14431063 -0.1706128  -0.18921909  0.08690433]]
U = [[ 0.00579266 -0.1041918   0.1547686   0.46834768  0.01854411]
 [-0.43135252 -0.06740242  0.09502299 -0.09727925 -0.09319681]
 [ 0.03919687 -0.27293006 -0.12161552 -0.16788149  0.23079355]
 [ 0.34175791  0.11516792  0.40207783  0.01369824 -0.1172419 ]
 [-0.19706964 -0.01983289 -0.3592881  -0.07077975  0.00708021]]
Matrix Pair 18; W = [[ 0.24444165 -0.18348401  0.17727256 -0.29586028  0.1817703 ]
 [-0.09784459 -0.38997502  0.11548719  0.23605083 -0.09127305]
 [ 0.14360603  0.07407056 -0.10480536 -0.01595119 -0.00110798]
 [-0.11316971  0.02032037  0.14822287 -0.15493972  0.01820817]
 [-0.11438452 -0.10841338 -0.17350707 -0.07690558 -0.05427918]]
U = [[-0.02344977 -0.02952753  0.26722722  0.38520798  0.00757233]
 [-0.39167081 -0.03461387  0.03710086 -0.05968593  0.02886457]
 [ 0.17477358 -0.14724063 -0.13354454 -0.22286826  0.18458775]
 [ 0.28678115 -0.0487367   0.40111066 -0.04312018 -0.11976448]
 [-0.23261157 -0.02712936 -0.27108997 -0.14689622 -0.00634726]]
Matrix Pair 19; W = [[ 0.23338868 -0.20866877  0.11282636 -0.335103    0.16413804]
 [-0.03860943 -0.28092718 -0.0494979   0.28863331 -0.20779089]
 [ 0.03069899  0.06728914 -0.07542256  0.15718286 -0.11407976]
 [-0.14311664  0.06488487 -0.01141218 -0.11722211  0.04404508]
 [-0.07575146 -0.07233577 -0.23660606 -0.16136168  0.06658628]]
U = [[-0.01034218  0.06714481  0.21221516  0.44016163 -0.12774711]
 [-0.46682494 -0.00403475  0.07205751  0.02108487  0.05106883]
 [ 0.23217767 -0.12478807 -0.09518695 -0.28142215  0.20283304]
 [ 0.2179214   0.1055815   0.28008966  0.04654864 -0.12655019]
 [-0.22414974  0.10243519 -0.29912028 -0.16451717  0.12253777]]
Matrix Pair 20; W = [[ 0.31005998 -0.18175977  0.08400959 -0.24825615  0.25856379]
 [-0.06818139 -0.39646248  0.05771664  0.25077845 -0.06742015]
 [ 0.05383228 -0.01649263 -0.06034235  0.12377865 -0.05545185]
 [-0.1668057   0.00357715  0.04232869 -0.22291493 -0.0687531 ]
 [-0.06144315 -0.12579251 -0.07999921 -0.21976138  0.09645806]]
U = [[ 0.08641628 -0.03955028  0.25695358  0.45620531  0.05165943]
 [-0.33952477 -0.13354932 -0.00882804 -0.02503882  0.00728328]
 [ 0.05595514 -0.14337676 -0.16701497 -0.284274    0.14992089]
 [ 0.26586791  0.02674589  0.33813779  0.00794846 -0.05084274]
 [-0.32310293  0.09933807 -0.32452577 -0.19109633  0.04063572]]
Matrix Pair 21; W = [[ 0.27178101 -0.10765416  0.15233751 -0.16837553  0.14559017]
 [-0.02964094 -0.24573028  0.02712553  0.28133731 -0.22589018]
 [-0.01468457  0.02975867 -0.04523435  0.10212562 -0.08293557]
 [-0.11807453  0.08769226  0.09722408 -0.14981464 -0.08388024]
 [-0.01467632 -0.010294   -0.07715439 -0.20033929  0.05765899]]
U = [[-0.06412465 -0.03028793  0.30130813  0.34683954 -0.09477043]
 [-0.47249791 -0.07455149 -0.07231454 -0.05582373 -0.0104276 ]
 [ 0.07052386 -0.18475166 -0.14704305 -0.22459883  0.22788647]
 [ 0.29290827 -0.06356642  0.39835176 -0.00311566 -0.22266177]
 [-0.16919651  0.02189058 -0.26742967 -0.05076377  0.05782277]]
Matrix Pair 22; W = [[ 0.28315759 -0.0797725   0.15066528 -0.25083728  0.31491104]
 [-0.00514128 -0.40826533  0.02890254  0.2305604  -0.10394023]
 [ 0.01498903  0.08248144 -0.14770447  0.0390996  -0.06125716]
 [-0.14390582  0.09291796  0.05506522 -0.24378317 -0.10092511]
 [ 0.01369196 -0.11935299 -0.07755154 -0.04389632  0.09133296]]
U = [[-0.04855336 -0.12021594  0.32873681  0.38660566 -0.10424033]
 [-0.4728809  -0.1248529   0.07331852  0.03977089 -0.05394424]
 [ 0.1389091  -0.28237487 -0.14936131 -0.15316944  0.28006721]
 [ 0.3577792  -0.01286007  0.27625366  0.00861004 -0.23164988]
 [-0.29843103  0.07776643 -0.32439038 -0.12902555  0.01057033]]
Matrix Pair 23; W = [[ 0.21636085 -0.21579164  0.18549933 -0.2552191   0.23183273]
 [-0.04397006 -0.41544604  0.01453383  0.23733406 -0.1107171 ]
 [ 0.03325757 -0.00802604 -0.0464693   0.12830322 -0.12500694]
 [-0.10225617 -0.02783838  0.14382833 -0.12596834 -0.13922739]
 [-0.10246701 -0.01786573 -0.09543128 -0.15585095 -0.02329275]]
U = [[-0.03131219  0.02614903  0.16700719  0.42623715 -0.10451434]
 [-0.36732997 -0.07111572  0.02021301 -0.09083341 -0.02786006]
 [ 0.22539489 -0.18449899 -0.04599646 -0.29289345  0.17045512]
 [ 0.32061594 -0.04709942  0.46205797 -0.08189463 -0.12891169]
 [-0.29095244  0.07019835 -0.35743861 -0.21632985 -0.0150062 ]]
Matrix Pair 24; W = [[ 0.23372859 -0.08677974  0.0664319  -0.24030302  0.19527503]
 [-0.02185849 -0.34992281 -0.0631758   0.12016185 -0.04586451]
 [ 0.05455029 -0.02607639 -0.19013711 -0.00279658 -0.12635576]
 [-0.19883808  0.09269785  0.16399884 -0.11793111  0.03701539]
 [-0.13405572 -0.08919595 -0.2282241  -0.09883028 -0.02425322]]
U = [[-7.18815377e-02 -9.11016835e-02  2.47131541e-01  4.12084065e-01
  -1.26593687e-01]
 [-3.40834897e-01 -5.45524219e-02 -5.22345691e-02 -2.72060935e-02
   2.33251818e-04]
 [ 1.33249810e-01 -1.32136275e-01 -5.24976846e-02 -1.91322123e-01
   2.77553211e-01]
 [ 2.73970524e-01  1.42494590e-02  2.84337178e-01  2.50526070e-02
  -1.49293930e-01]
 [-2.28222327e-01 -5.00809495e-02 -2.84939788e-01 -1.35583209e-01
   5.47631757e-03]]
Matrix Pair 25; W = [[ 3.20334780e-01 -1.02223353e-01  1.52921240e-01 -2.95311008e-01
   1.60671715e-01]
 [-2.35146818e-04 -2.86333010e-01  1.24799741e-01  1.68313874e-01
  -1.22709913e-01]
 [ 4.66254615e-02 -5.85514245e-03 -1.61393413e-01  9.82346127e-02
  -1.90049554e-02]
 [-2.12934720e-01 -3.59815863e-02 -1.92270312e-02 -2.01486775e-01
  -5.53331215e-02]
 [-1.08939206e-01 -1.52775027e-01 -6.72554703e-02 -1.18620113e-01
  -5.21374125e-02]]
U = [[ 0.01420886 -0.0632732   0.28549045  0.31448031 -0.1278258 ]
 [-0.46443171 -0.035812    0.11415038 -0.11775205 -0.05215459]
 [ 0.22188697 -0.26903736 -0.15088068 -0.16272184  0.29259371]
 [ 0.187426   -0.01516421  0.28098907 -0.02305105 -0.20684679]
 [-0.17608801  0.1264736  -0.2887872  -0.15278779 -0.00820977]]
Matrix Pair 26; W = [[ 0.26537539 -0.2104681   0.14700969 -0.2443506   0.27833518]
 [-0.01731006 -0.25184508  0.11001944  0.17737042 -0.05674283]
 [ 0.10205292 -0.07181153 -0.21901145  0.15908587 -0.03082449]
 [-0.1903082   0.07179672  0.11427525 -0.10387389 -0.02993882]
 [-0.13338392 -0.17219522 -0.08578881 -0.22144432  0.03404645]]
U = [[-0.06013569 -0.05011608  0.25066756  0.38870553  0.03166929]
 [-0.40353025 -0.0932897   0.03827143 -0.12232545 -0.08867046]
 [ 0.13473147 -0.26872248 -0.13473636 -0.23240132  0.30241753]
 [ 0.21500099  0.0538434   0.38391378 -0.01562514 -0.1121066 ]
 [-0.20814747 -0.00950821 -0.2893851  -0.19287274  0.0554448 ]]
Matrix Pair 27; W = [[ 0.21830705 -0.12127248  0.13611293 -0.16474653  0.25313524]
 [-0.02767595 -0.27480862  0.04951072  0.2649192  -0.11075269]
 [ 0.07056507 -0.03926376 -0.11235852 -0.02226525 -0.04401083]
 [-0.09900177 -0.03273775  0.10521327 -0.06316533  0.04203159]
 [ 0.01924076 -0.10097646 -0.07927303 -0.18379669  0.06722586]]
U = [[ 0.06661027  0.03833     0.27381102  0.3591926   0.05859849]
 [-0.40090183 -0.04345111  0.03206738 -0.00387206  0.08021238]
 [ 0.12905192 -0.24359386 -0.16808178 -0.28078221  0.2747431 ]
 [ 0.28349811 -0.02355183  0.32928775 -0.07232297 -0.11634908]
 [-0.17605972  0.11452744 -0.40342376 -0.08415301 -0.0053987 ]]
Matrix Pair 28; W = [[ 0.29887633 -0.09711484  0.00124423 -0.2009965   0.3118451 ]
 [-0.07656571 -0.23334611  0.12191685  0.28192868 -0.1738535 ]
 [ 0.01625331  0.07141904 -0.14232893  0.09220545  0.0361074 ]
 [-0.20942287  0.05766583 -0.01334011 -0.14627131 -0.08904228]
 [-0.05312629 -0.04593362 -0.11437484 -0.16295548 -0.04743671]]
U = [[ 0.06668522 -0.08933935  0.15605072  0.34078845 -0.13542853]
 [-0.39303453 -0.06370674 -0.0737108  -0.09653063 -0.0576297 ]
 [ 0.03760001 -0.19217256 -0.19855077 -0.22848518  0.26488667]
 [ 0.29641753 -0.06436889  0.26949157  0.00346684 -0.16748562]
 [-0.20191376  0.04748685 -0.271489   -0.08288439  0.1060684 ]]
Matrix Pair 29; W = [[ 0.26525286 -0.19106018  0.05164292 -0.25128732  0.25789485]
 [-0.01907105 -0.22717298  0.00401402  0.30579102 -0.08856578]
 [ 0.08582432 -0.04587741 -0.05354269  0.07207403 -0.01754576]
 [-0.22291761  0.12066224  0.02079181 -0.2552951  -0.11898408]
 [ 0.02606815 -0.15143534 -0.13909072 -0.19778918 -0.07805242]]
U = [[ 0.11071664 -0.08201504  0.16722457  0.37799643 -0.13107776]
 [-0.42215376  0.03248035 -0.00097456 -0.1044239   0.01000281]
 [ 0.1432777  -0.1865699  -0.19260871 -0.13249666  0.32825133]
 [ 0.28270077 -0.01203155  0.33243164  0.001511   -0.20364258]
 [-0.26396887  0.09984367 -0.26716362 -0.14977161  0.00050836]]
Matrix Pair 30; W = [[ 0.22954302 -0.09586146  0.11402658 -0.33557848  0.15378446]
 [-0.16590479 -0.36134426 -0.05745018  0.22121975 -0.24251006]
 [ 0.07888955 -0.0168593  -0.11829413  0.08583083 -0.09443633]
 [-0.10241667  0.03381535  0.02080845 -0.08513149 -0.06070643]
 [ 0.00863225 -0.1826635  -0.25538488 -0.17780418  0.0759552 ]]
U = [[ 0.08103472 -0.06890144  0.16597602  0.33923248 -0.03077828]
 [-0.47405612 -0.11822835 -0.0144408   0.0010606   0.06441059]
 [ 0.1216028  -0.22254893 -0.14981835 -0.25582011  0.28368224]
 [ 0.33987249  0.04190713  0.30607298  0.02339864 -0.13486436]
 [-0.22770471  0.05321063 -0.40653702 -0.09872134 -0.02672459]]
Matrix Pair 31; W = [[ 2.53254915e-01 -1.51044064e-01  2.69809026e-02 -1.54757821e-01
   1.77797248e-01]
 [-1.83622908e-01 -2.72244232e-01 -4.76140506e-02  3.00440325e-01
  -1.73462240e-01]
 [ 1.55364066e-01  1.91102345e-04 -2.07102414e-01  1.43470234e-01
   2.74250416e-02]
 [-8.26419233e-02  5.52336281e-02  8.64091167e-02 -1.35003097e-01
  -7.85968755e-02]
 [-8.23599031e-03 -7.28319994e-02 -2.37760039e-01 -8.75055174e-02
   5.75940460e-02]]
U = [[ 0.09049183 -0.04199116  0.25483246  0.33149692  0.00792395]
 [-0.43886367 -0.05499663  0.0677297   0.00971693  0.03955287]
 [ 0.23215376 -0.12960686 -0.22716967 -0.24570983  0.2676679 ]
 [ 0.34883883  0.01157778  0.2816754   0.0931206  -0.1035639 ]
 [-0.21156154  0.03522962 -0.26003363 -0.1508061   0.08032149]]
