Epoch: 24Matrix Pair 0; W = [[ 0.31525551 -0.03116238  0.05922245 -0.08718208 -0.07067414]
 [-0.22794442 -0.40620972 -0.02608412  0.22071797 -0.1497557 ]
 [-0.09544704 -0.01899167 -0.04341596  0.11339634 -0.11219488]
 [ 0.05441146  0.07492203  0.04655011 -0.0924214  -0.01637607]
 [-0.11289851 -0.08977124 -0.3103881  -0.1443018  -0.0520771 ]]
U = [[ 0.20254237  0.21930836  0.30230548  0.27147911 -0.07473563]
 [-0.18667539 -0.1437336   0.08909573  0.20752745  0.27526509]
 [ 0.17652303  0.03764781 -0.16412153 -0.08631909  0.17206208]
 [ 0.19521151 -0.0479427   0.26533075 -0.09916844 -0.18818322]
 [-0.08616687 -0.05112768 -0.26619126 -0.06153399  0.03604111]]
Matrix Pair 1; W = [[ 0.25139655 -0.02764251  0.11473925 -0.05417517 -0.07081738]
 [-0.21331198 -0.4128713  -0.02180022  0.19791587 -0.10877946]
 [-0.1286699  -0.10440988 -0.09931416  0.16682355 -0.0882719 ]
 [ 0.10548035  0.06949446  0.0432909  -0.02026435 -0.03143935]
 [-0.16649869 -0.1221109  -0.2435474  -0.20875315 -0.0595906 ]]
U = [[ 0.17270686  0.16921412  0.31030657  0.23141559 -0.11495095]
 [-0.20893986 -0.15079065  0.05675096  0.24520815  0.29360916]
 [ 0.15285638  0.02549983 -0.16487777 -0.14248348  0.19610647]
 [ 0.20510803  0.02651266  0.25874325 -0.15979349 -0.17819777]
 [-0.08365774 -0.06507536 -0.31358049 -0.06224635  0.05085303]]
Matrix Pair 2; W = [[ 0.28907989  0.03863825  0.09536103 -0.06979525 -0.02691559]
 [-0.18625742 -0.44508394 -0.09988614  0.15834938 -0.1133158 ]
 [-0.11661448 -0.0259323  -0.11271936  0.13855399 -0.04659626]
 [ 0.04917558  0.09155055  0.05508617 -0.06731624 -0.0871083 ]
 [-0.13857647 -0.14806791 -0.27635192 -0.21591821 -0.00900721]]
U = [[ 0.20590685  0.1566923   0.29968069  0.22953784 -0.04253327]
 [-0.17755688 -0.12529582  0.02132848  0.17554239  0.34886439]
 [ 0.22489762  0.04218979 -0.1334013  -0.14619901  0.20690508]
 [ 0.1905402   0.01851896  0.26857876 -0.13772654 -0.12348256]
 [-0.079755   -0.08075432 -0.25784648 -0.09465015  0.0434211 ]]
Matrix Pair 3; W = [[ 0.2766142   0.01652036  0.07774427 -0.04473399 -0.06553651]
 [-0.2531322  -0.42768179 -0.03419175  0.16536805 -0.16713104]
 [-0.10933623 -0.08075903 -0.08048324  0.13411268 -0.05234554]
 [ 0.10957101  0.10634272  0.09432586 -0.01689732 -0.10498403]
 [-0.13905081 -0.10675119 -0.2758925  -0.17264448 -0.01872437]]
U = [[ 0.18984249  0.19503314  0.31414109  0.28656814 -0.01998308]
 [-0.17006148 -0.11476428  0.07790545  0.24579806  0.3651441 ]
 [ 0.19681082  0.05834397 -0.16398845 -0.06950932  0.13402475]
 [ 0.22936109  0.02193215  0.23504302 -0.15120557 -0.15314033]
 [-0.09233452 -0.05313181 -0.30556847 -0.04436261  0.0372123 ]]
Matrix Pair 4; W = [[ 0.26622526  0.00658803  0.13721009 -0.11713991 -0.02613961]
 [-0.2428097  -0.39152692 -0.03542445  0.16801316 -0.1858726 ]
 [-0.06709402 -0.07823944 -0.13956193  0.08610523 -0.10006002]
 [ 0.09120943  0.144202    0.06247773 -0.05534929 -0.03494359]
 [-0.19253    -0.17042363 -0.27941551 -0.18933558  0.01279756]]
U = [[ 0.19703811  0.20938318  0.32683016  0.26572686 -0.11375186]
 [-0.18571986 -0.16298025  0.07180887  0.19164311  0.33709442]
 [ 0.23852685 -0.03035698 -0.16221874 -0.12468309  0.14271382]
 [ 0.24420602 -0.00077609  0.20336083 -0.16610951 -0.13980306]
 [-0.07750541 -0.03142849 -0.28935783 -0.01496953  0.02357391]]
Matrix Pair 5; W = [[ 0.30316899  0.0038568   0.07902538 -0.09417222 -0.06777191]
 [-0.15635349 -0.40479807 -0.03331877  0.21259492 -0.14583758]
 [-0.12996994 -0.04271101 -0.0508906   0.16299783 -0.08243498]
 [ 0.1021275   0.14125529  0.11705503 -0.08274272 -0.04038509]
 [-0.15671664 -0.07458936 -0.25742427 -0.1777916  -0.04540865]]
U = [[ 0.20554232  0.18365273  0.22977441  0.31034512 -0.06421265]
 [-0.23001194 -0.15401633  0.09126675  0.16379874  0.32733559]
 [ 0.15581436 -0.00788887 -0.15888406 -0.09737748  0.19209499]
 [ 0.22422599 -0.01630957  0.18585746 -0.14615401 -0.1047285 ]
 [-0.08503585 -0.114023   -0.31769515 -0.05747016  0.0467667 ]]
Matrix Pair 6; W = [[ 0.26143592  0.04184502  0.1084704  -0.03573148 -0.0073187 ]
 [-0.2082049  -0.39177158 -0.08974042  0.20619675 -0.15803878]
 [-0.07024957 -0.07337126 -0.08691734  0.08117613 -0.1366789 ]
 [ 0.13571567  0.10188844  0.07859036 -0.05214536 -0.06181668]
 [-0.11613461 -0.08347013 -0.21400011 -0.15900531 -0.0040497 ]]
U = [[ 0.14733421  0.2236398   0.31803046  0.2804538  -0.10599837]
 [-0.23387861 -0.0985447   0.04791927  0.17436812  0.33648628]
 [ 0.23205108  0.05117494 -0.14305531 -0.10067526  0.22542059]
 [ 0.22827485 -0.02324762  0.20750698 -0.12626052 -0.10721021]
 [-0.02727265 -0.1029714  -0.2938469  -0.07195658 -0.03258475]]
Matrix Pair 7; W = [[ 0.30086015  0.03923985  0.08721759 -0.02792664 -0.09364157]
 [-0.19043412 -0.44599427 -0.11772979  0.25346996 -0.09774753]
 [-0.13690547 -0.03116356 -0.08686035  0.17207858 -0.05119822]
 [ 0.06503449  0.06323846  0.03075448 -0.09001438 -0.05245787]
 [-0.13304042 -0.15954533 -0.31232759 -0.21434554 -0.06170063]]
U = [[ 0.17922565  0.13264462  0.31969951  0.26735397 -0.06215687]
 [-0.24563225 -0.15596208  0.08365975  0.1867065   0.3116681 ]
 [ 0.19183291  0.04631086 -0.12951619 -0.16035625  0.22392028]
 [ 0.25559986  0.00593242  0.20570711 -0.08027597 -0.15793529]
 [-0.12262003 -0.03263662 -0.2539073  -0.02314979 -0.03847233]]
Matrix Pair 8; W = [[ 0.24439004  0.00756875  0.05791918 -0.09490435 -0.0572026 ]
 [-0.23251221 -0.42719657 -0.09245104  0.19071572 -0.17063605]
 [-0.06112891 -0.10376148 -0.05498097  0.13279674 -0.05326773]
 [ 0.06059795  0.14902     0.03040674 -0.0273321  -0.01557841]
 [-0.20246244 -0.08612821 -0.21606537 -0.21573899  0.0084671 ]]
U = [[ 0.11387301  0.18568348  0.3291068   0.298387   -0.0419998 ]
 [-0.19915968 -0.13058118  0.05531606  0.22138104  0.3673572 ]
 [ 0.22829206 -0.00981934 -0.22458493 -0.08910796  0.20929916]
 [ 0.1725285   0.00581686  0.2069487  -0.12270267 -0.18955404]
 [-0.04883023 -0.12302218 -0.32152116 -0.08916315  0.01580701]]
Matrix Pair 9; W = [[ 0.28209042  0.04902083  0.09255675 -0.10254115 -0.07759409]
 [-0.2501405  -0.45273919 -0.10692786  0.23092562 -0.12278892]
 [-0.09750635 -0.09532062 -0.08175898  0.10230064 -0.1187662 ]
 [ 0.05423206  0.13591759  0.04966089 -0.04385937 -0.03317339]
 [-0.20168085 -0.14279543 -0.23368867 -0.19141519 -0.03513916]]
U = [[ 0.16900333  0.15783591  0.2587523   0.22869901 -0.0623789 ]
 [-0.24246063 -0.10543533  0.0324682   0.16052222  0.29578112]
 [ 0.1985842   0.05820887 -0.12658482 -0.0745238   0.19889144]
 [ 0.20239338  0.03244446  0.25396173 -0.10884068 -0.15140617]
 [-0.05333568 -0.03129204 -0.27326994 -0.07114126 -0.02180982]]
Matrix Pair 10; W = [[ 0.26555787 -0.00479161  0.09848063 -0.05330488 -0.01815395]
 [-0.23682121 -0.3924645  -0.03900737  0.25749376 -0.14979961]
 [-0.10391328 -0.02643475 -0.13507969  0.14266314 -0.04578212]
 [ 0.06871465  0.09956132  0.03502701 -0.09319188 -0.07337457]
 [-0.14603329 -0.10158565 -0.28522143 -0.16002864 -0.01868831]]
U = [[ 0.18526567  0.22030472  0.25396032  0.2980799  -0.06553549]
 [-0.22044061 -0.17271203  0.04028791  0.21739882  0.30166305]
 [ 0.19502279 -0.0397187  -0.20196079 -0.0866784   0.20784465]
 [ 0.18070376 -0.03521461  0.19325739 -0.1427732  -0.18521791]
 [-0.10902062 -0.07172849 -0.27971995 -0.10331316  0.05016816]]
Matrix Pair 11; W = [[ 0.31062895  0.02155211  0.08705297 -0.10382291 -0.02963592]
 [-0.21653351 -0.43289822 -0.06269912  0.23844438 -0.12817125]
 [-0.12117046 -0.02679324 -0.08621192  0.09194226 -0.05434593]
 [ 0.1120819   0.06594585  0.07588805 -0.01356825 -0.09908695]
 [-0.1033108  -0.09581296 -0.27800419 -0.1705394  -0.06072838]]
U = [[ 0.13996112  0.19934021  0.26792973  0.27914843 -0.10740738]
 [-0.25659585 -0.16512672  0.02965441  0.24864792  0.30266639]
 [ 0.21726972  0.0311261  -0.20002399 -0.11889914  0.22774274]
 [ 0.20133355  0.01083598  0.25787368 -0.12205488 -0.18034478]
 [-0.03332165 -0.12205051 -0.25723203 -0.02657961  0.01653607]]
Matrix Pair 12; W = [[ 0.24676346  0.00190457  0.07531259 -0.07854158 -0.05419669]
 [-0.19858171 -0.3937051  -0.11872064  0.24716687 -0.13745313]
 [-0.04585459 -0.07712373 -0.09434755  0.11668026 -0.11962334]
 [ 0.10735643  0.11739531  0.08365398 -0.05090998 -0.0635683 ]
 [-0.13161771 -0.16127811 -0.24733985 -0.18433541  0.00464772]]
U = [[ 0.13934362  0.13571491  0.26678802  0.29934634 -0.02402717]
 [-0.22498581 -0.08528483  0.10041996  0.23592172  0.29077796]
 [ 0.21809342 -0.02738634 -0.15075679 -0.11460451  0.21840425]
 [ 0.17374397  0.0100039   0.19596953 -0.07735785 -0.17523689]
 [-0.12270234 -0.06856715 -0.2862734  -0.10574074  0.0430968 ]]
Matrix Pair 13; W = [[ 0.27606285  0.0351658   0.0545437  -0.10510107 -0.04306642]
 [-0.25280686 -0.46397719 -0.07785021  0.16606414 -0.15689154]
 [-0.0973903  -0.09100748 -0.11058634  0.14246999 -0.11761613]
 [ 0.12868754  0.12494478  0.0893787  -0.07890691 -0.0182268 ]
 [-0.12597149 -0.16651892 -0.27050608 -0.18010974 -0.04504835]]
U = [[ 0.20190488  0.1534609   0.29932965  0.26442114 -0.05016015]
 [-0.20724993 -0.07684615  0.05870005  0.20714293  0.30298854]
 [ 0.23708561  0.00586907 -0.20518933 -0.12205252  0.14736795]
 [ 0.1865256  -0.01859668  0.21023057 -0.10718295 -0.13195685]
 [-0.06163224 -0.064283   -0.2578611  -0.03770383  0.00607212]]
Matrix Pair 14; W = [[ 0.24322533 -0.02044856  0.07928757 -0.10065175 -0.05975819]
 [-0.16318043 -0.38485031 -0.10938943  0.23773972 -0.12232456]
 [-0.09644687 -0.06670246 -0.07311408  0.125719   -0.05038308]
 [ 0.07193276  0.13892789  0.09747491 -0.05023177 -0.05480809]
 [-0.1494218  -0.16922832 -0.28419496 -0.12609272 -0.04111441]]
U = [[ 0.13671199  0.12731293  0.28401842  0.24710531 -0.02899876]
 [-0.24793233 -0.11704986  0.10644584  0.19899149  0.34155107]
 [ 0.20025913  0.05281275 -0.17286909 -0.1022997   0.202969  ]
 [ 0.21204886  0.012837    0.20718262 -0.10520117 -0.1390907 ]
 [-0.11932797 -0.08677481 -0.33533584 -0.09460752  0.04845937]]
Matrix Pair 15; W = [[ 0.32230413  0.02387802  0.09055605 -0.1146184  -0.02210629]
 [-0.19735102 -0.38358287 -0.04524995  0.16568362 -0.11273443]
 [-0.13879631 -0.1107657  -0.07331758  0.0930805  -0.10311955]
 [ 0.06241294  0.10627149  0.0471118  -0.06444189 -0.02554473]
 [-0.13684387 -0.16362499 -0.21751849 -0.16125399  0.01348463]]
U = [[ 0.11553481  0.17342412  0.30202906  0.22695907 -0.03995469]
 [-0.16673588 -0.09987948  0.03826602  0.18913813  0.28926293]
 [ 0.22305908 -0.0028223  -0.12842597 -0.07598736  0.21401546]
 [ 0.21846752  0.01775239  0.26720102 -0.09525849 -0.13439131]
 [-0.07338127 -0.03119301 -0.3058225  -0.07848388  0.00625196]]
Matrix Pair 16; W = [[ 0.24126    -0.0233752   0.12384126 -0.11748342  0.04687957]
 [-0.16818255 -0.39165695 -0.06713811  0.12558835 -0.13064853]
 [-0.07669313 -0.0148074  -0.16451802  0.13266028 -0.04720799]
 [ 0.15125988  0.09988608  0.06875678 -0.03183991  0.02505543]
 [-0.20947852 -0.15455736 -0.30333816 -0.19564369 -0.01478849]]
U = [[ 0.16214824  0.07405208  0.28524573  0.32544289 -0.01893637]
 [-0.15339476 -0.13409964  0.12406771  0.25094477  0.30505883]
 [ 0.14043066  0.07658741 -0.24047204 -0.10227725  0.20751586]
 [ 0.18907942 -0.03829972  0.28350527 -0.10704577 -0.20274595]
 [-0.07326868 -0.02675039 -0.3022886  -0.03435302 -0.03424773]]
Matrix Pair 17; W = [[ 0.21129192 -0.03745823  0.08880142 -0.135966    0.00950473]
 [-0.23578576 -0.38953942 -0.07425107  0.18984769 -0.0996963 ]
 [-0.0788705   0.00778642 -0.12495645  0.08279892 -0.06429042]
 [ 0.11024581  0.15775627  0.03122595 -0.05619072  0.01281446]
 [-0.25091153 -0.14117883 -0.23538741 -0.1547384  -0.03978168]]
U = [[ 0.11859668  0.07549639  0.31551281  0.26456606 -0.07820756]
 [-0.1765152  -0.06860902  0.07277708  0.18664655  0.30639415]
 [ 0.18674954  0.00380486 -0.1932722  -0.11830543  0.15995831]
 [ 0.21742718 -0.08135349  0.27494331 -0.0563615  -0.13330728]
 [-0.07688932 -0.09879578 -0.24897721 -0.06864454  0.00481917]]
Matrix Pair 18; W = [[ 0.23852315  0.03058675  0.13760545 -0.07810626  0.01815776]
 [-0.16860727 -0.3989774  -0.13758029  0.16753387 -0.14391925]
 [-0.08947675  0.00317214 -0.11657597  0.09935797 -0.10552215]
 [ 0.11433337  0.16627868  0.07119423  0.00708494  0.01263896]
 [-0.19442758 -0.173662   -0.29919055 -0.14830833 -0.05144553]]
U = [[ 0.10703433  0.15483014  0.27088491  0.34388037 -0.00953415]
 [-0.21543514 -0.15493571  0.11715505  0.16018828  0.29236068]
 [ 0.13020366  0.02601107 -0.22261834 -0.12908414  0.15445538]
 [ 0.1687692  -0.02188145  0.28511771 -0.11187727 -0.16343077]
 [-0.09487326 -0.04590278 -0.32793119 -0.06479699  0.0027989 ]]
Matrix Pair 19; W = [[ 0.27205313  0.03273547  0.10842003 -0.11684293 -0.01442214]
 [-0.20121761 -0.46740792 -0.07046666  0.17289647 -0.13776256]
 [-0.12514576 -0.02241821 -0.10209112  0.10354154 -0.08075563]
 [ 0.07315934  0.17998391  0.0357406  -0.0654251  -0.04538464]
 [-0.21396674 -0.11900183 -0.23774222 -0.17116877 -0.08257863]]
U = [[ 0.10773947  0.06545875  0.24915527  0.32308837  0.00916466]
 [-0.16805643 -0.12559727  0.13415386  0.22617548  0.27513306]
 [ 0.19206242  0.04596996 -0.19323385 -0.05875206  0.2253416 ]
 [ 0.22081444 -0.08275146  0.27722169 -0.09520078 -0.16397002]
 [-0.04428708 -0.0462647  -0.29328899 -0.05827898 -0.04618447]]
Matrix Pair 20; W = [[ 2.74687248e-01 -4.56263615e-02  1.60209833e-01 -6.92637429e-02
  -4.70714781e-02]
 [-1.63324333e-01 -4.17755511e-01 -1.02911416e-01  2.08049348e-01
  -8.44167934e-02]
 [-1.41508875e-01  2.97172660e-03 -1.05503834e-01  1.50571068e-01
  -3.37314811e-02]
 [ 1.01448592e-01  1.87544817e-01  1.20643205e-01 -7.51217312e-02
  -5.43609534e-02]
 [-1.79292537e-01 -2.03233187e-01 -3.01716584e-01 -1.94041954e-01
   1.57479607e-04]]
U = [[ 0.19211497  0.1368926   0.30815285  0.33681843 -0.02184248]
 [-0.19395843 -0.1520041   0.13435662  0.17387582  0.28735469]
 [ 0.16051613  0.03531324 -0.21144623 -0.08253329  0.21674183]
 [ 0.22575712 -0.05678149  0.28018652 -0.02768704 -0.1238782 ]
 [-0.08225154 -0.09997919 -0.31640905 -0.06944655 -0.02223237]]
Matrix Pair 21; W = [[ 0.26168191 -0.02202767  0.13342794 -0.06046008 -0.00314484]
 [-0.19876459 -0.4416242  -0.13651943  0.17276069 -0.14928854]
 [-0.1231976  -0.03933488 -0.08993826  0.15559278 -0.05573854]
 [ 0.13800013  0.15832874  0.05210825 -0.03638386 -0.06274821]
 [-0.22383165 -0.15816034 -0.29488854 -0.14849394 -0.03162456]]
U = [[ 0.1860247   0.06292263  0.23787447  0.35500807 -0.02629332]
 [-0.17588963 -0.11501966  0.04481347  0.22930105  0.27388625]
 [ 0.1446904   0.00667241 -0.15805651 -0.06449228  0.16166892]
 [ 0.15300956 -0.06012165  0.3248727  -0.03761224 -0.133849  ]
 [-0.11710786 -0.02399082 -0.31497229 -0.00800029 -0.02837468]]
Matrix Pair 22; W = [[ 0.21125416  0.02267853  0.11842515 -0.0690563  -0.03948322]
 [-0.24757347 -0.42345718 -0.12032674  0.13353691 -0.15733815]
 [-0.0842838   0.00482434 -0.10391616  0.15467397 -0.10049065]
 [ 0.15290809  0.09690151  0.09914885 -0.08011875 -0.02638116]
 [-0.16376863 -0.11164615 -0.22233731 -0.22344001 -0.03914097]]
U = [[ 0.1393406   0.1424464   0.30338884  0.29103478 -0.04275898]
 [-0.1850224  -0.07581697  0.05995447  0.19515003  0.32728661]
 [ 0.21927063  0.06283721 -0.2274885  -0.06978248  0.2269515 ]
 [ 0.23874511 -0.00701648  0.32239624 -0.07074067 -0.18172196]
 [-0.0509452  -0.04550989 -0.27527883 -0.06369535  0.01575952]]
Matrix Pair 23; W = [[ 0.23979042 -0.04897866  0.17140012 -0.06579813 -0.00059176]
 [-0.16772137 -0.41366    -0.10252361  0.15611494 -0.15443566]
 [-0.05700247 -0.02744918 -0.09755623  0.10770152 -0.03075113]
 [ 0.12650676  0.15768427  0.07569864 -0.07936387 -0.01581316]
 [-0.25371194 -0.20662455 -0.23845733 -0.21775696 -0.08863309]]
U = [[ 0.13283533  0.10780354  0.32520303  0.34553898 -0.06499052]
 [-0.1781811  -0.0895017   0.06635331  0.16651448  0.34335408]
 [ 0.13319645  0.0156449  -0.18821163 -0.11231935  0.15264603]
 [ 0.19326724 -0.07749742  0.25861118 -0.08768131 -0.13816438]
 [-0.11832069 -0.08251725 -0.27586473 -0.06002662  0.03530307]]
Matrix Pair 24; W = [[ 0.2117527   0.03184829  0.14439472 -0.0673129  -0.03548909]
 [-0.16145903 -0.43018831 -0.09287445  0.16515767 -0.1261705 ]
 [-0.1405424  -0.04838219 -0.1284973   0.15969164 -0.0568153 ]
 [ 0.10096645  0.09409679  0.05238223 -0.04387021 -0.01093912]
 [-0.17454353 -0.16621073 -0.20861043 -0.21428372 -0.07977429]]
U = [[ 0.10784336  0.10238976  0.30636128  0.29435087 -0.01730442]
 [-0.19702162 -0.16495098  0.05751138  0.20098383  0.32278404]
 [ 0.16749943  0.08610631 -0.23091064 -0.13588216  0.20896679]
 [ 0.18932925 -0.02923767  0.30636144 -0.06480863 -0.18481005]
 [-0.11255108 -0.08456877 -0.28956641 -0.03827444 -0.04003102]]
Matrix Pair 25; W = [[ 0.24754213 -0.03847826  0.18255732 -0.09296609  0.01952981]
 [-0.2215331  -0.40869769 -0.06516144  0.15172777 -0.08468606]
 [-0.13069923 -0.03496014 -0.07516101  0.08496441 -0.03617212]
 [ 0.06724913  0.11630137  0.09918101 -0.01563824  0.0272744 ]
 [-0.24509835 -0.13901524 -0.22636061 -0.22054635  0.00868677]]
U = [[ 0.13113393  0.09088839  0.24622521  0.28410802 -0.05516914]
 [-0.15514961 -0.16141313  0.13060685  0.19194726  0.33455916]
 [ 0.15996526  0.09041792 -0.22660945 -0.05978581  0.18006399]
 [ 0.21721951 -0.0620012   0.33530117 -0.07677309 -0.17108602]
 [-0.13799665 -0.08400072 -0.28162114 -0.03509614 -0.00499156]]
Matrix Pair 26; W = [[ 0.22563601  0.01702699  0.13996287 -0.07168265  0.04650564]
 [-0.20482343 -0.39381393 -0.09541559  0.13968396 -0.11854331]
 [-0.04616002  0.03167217 -0.14715326  0.08638782 -0.07483984]
 [ 0.11063242  0.14475782  0.06337657  0.00389051 -0.03821273]
 [-0.18575057 -0.12252675 -0.20721411 -0.2097769  -0.04559729]]
U = [[ 0.12411997  0.06498304  0.31075415  0.32442517  0.00329142]
 [-0.1584409  -0.11109505  0.07061073  0.19535286  0.28476973]
 [ 0.20505804  0.01732976 -0.19102437 -0.04381643  0.16803729]
 [ 0.14373702 -0.05862638  0.31170791 -0.09526968 -0.16682759]
 [-0.09578814 -0.08518514 -0.29378448 -0.04392773 -0.02223444]]
Matrix Pair 27; W = [[ 0.26684273 -0.01612334  0.1712234  -0.130539    0.016721  ]
 [-0.22655318 -0.43507914 -0.1100961   0.16310096 -0.14752889]
 [-0.1321714  -0.05297025 -0.10298554  0.1017087  -0.03333026]
 [ 0.09462975  0.15067934  0.02846611 -0.08921851  0.00360628]
 [-0.16797589 -0.17222597 -0.28171752 -0.1652646  -0.02381378]]
U = [[ 0.14750118  0.09340866  0.28587465  0.3507718  -0.05965861]
 [-0.15531276 -0.11364103  0.05917245  0.19286799  0.3082513 ]
 [ 0.15479804  0.07692295 -0.2253049  -0.11858392  0.16157032]
 [ 0.14184772 -0.02729944  0.26179613 -0.0477363  -0.19450042]
 [-0.11186909 -0.11194842 -0.25526051 -0.05428036 -0.01088844]]
Matrix Pair 28; W = [[ 0.29645361 -0.03640286  0.13699187 -0.09188745 -0.04136967]
 [-0.22108001 -0.45350137 -0.08743083  0.12823332 -0.12552504]
 [-0.04439898  0.01461905 -0.09567517  0.08868118 -0.08419115]
 [ 0.12692317  0.13851642  0.06284866  0.00938785 -0.0685423 ]
 [-0.18903234 -0.11371564 -0.23224592 -0.18049019 -0.02777114]]
U = [[ 0.15280594  0.13915805  0.25926979  0.32708605 -0.0772958 ]
 [-0.20325936 -0.13497658  0.06397383  0.21845011  0.32644342]
 [ 0.20732884  0.05750017 -0.20463117 -0.09899145  0.13262501]
 [ 0.14861098 -0.05762379  0.29623763 -0.06964469 -0.16855979]
 [-0.11723866 -0.0298691  -0.32378784 -0.05762876 -0.01067082]]
Matrix Pair 29; W = [[ 0.29794717 -0.04069585  0.09537305 -0.09010045 -0.03348662]
 [-0.16250204 -0.45395473 -0.12811423  0.14881162 -0.1424447 ]
 [-0.09799017  0.01054038 -0.08094338  0.12662862 -0.08139332]
 [ 0.13569844  0.10956079  0.09810582 -0.01731679 -0.02151501]
 [-0.21149415 -0.13807922 -0.22500166 -0.1993843  -0.08181167]]
U = [[ 0.17881224  0.08039485  0.27211886  0.34579298 -0.04517017]
 [-0.18209393 -0.06619774  0.10893162  0.21951406  0.32663884]
 [ 0.13168878  0.02066861 -0.17897994 -0.12149692  0.21014556]
 [ 0.21302902 -0.08238601  0.26210734 -0.05140187 -0.20342344]
 [-0.09593226 -0.04893857 -0.26403483 -0.02584041 -0.04728338]]
Matrix Pair 30; W = [[ 0.30870771 -0.00444686  0.11156303 -0.14487822  0.00816571]
 [-0.17426242 -0.44795617 -0.05453438  0.19455268 -0.09905957]
 [-0.12417906 -0.02198322 -0.07752865  0.11599365 -0.05189543]
 [ 0.13407248  0.10496226  0.0727968  -0.03136387 -0.00740121]
 [-0.22831463 -0.16682119 -0.26958009 -0.22758258 -0.07543542]]
U = [[ 0.14642335  0.14312012  0.26049065  0.28953724 -0.07811573]
 [-0.22472745 -0.1549987   0.09660886  0.18757796  0.27768947]
 [ 0.18695158  0.00491431 -0.16606612 -0.12189112  0.20298441]
 [ 0.21337308 -0.09563787  0.25268737 -0.05411561 -0.19350111]
 [-0.04761146 -0.11610035 -0.31559941 -0.03296061 -0.03807867]]
Matrix Pair 31; W = [[ 0.28306752 -0.01763153  0.09836784 -0.1540625  -0.02374575]
 [-0.17951033 -0.42660014 -0.0436048   0.16527657 -0.16591208]
 [-0.04661977 -0.01285905 -0.15648864  0.09664048 -0.07749373]
 [ 0.08381272  0.1458612   0.06540354 -0.08391491 -0.03634296]
 [-0.21918711 -0.20728113 -0.30391192 -0.13820183 -0.00906151]]
U = [[ 0.10708291  0.10632041  0.29651827  0.29784676  0.00419409]
 [-0.2088619  -0.13706383  0.13412578  0.21213141  0.31241715]
 [ 0.17207387  0.01602751 -0.24501833 -0.12551166  0.17794917]
 [ 0.22646333 -0.09342057  0.26624788 -0.11143315 -0.18189222]
 [-0.10305442 -0.02634439 -0.24358458  0.01137041  0.01835914]]
Matrix Pair 32; W = [[ 0.34259656  0.08378315  0.11018473 -0.11059875 -0.02134171]
 [-0.26800445 -0.35069784 -0.13744008  0.17583555 -0.13502861]
 [-0.09982332 -0.02098254 -0.13049511  0.11788095 -0.12902284]
 [ 0.08598163  0.18763448  0.08218029 -0.00594557 -0.14642294]
 [-0.14432622 -0.1332389  -0.29584376 -0.13730026 -0.04438135]]
U = [[ 0.23723432  0.16269272  0.21581689  0.32854943 -0.04511302]
 [-0.23489815 -0.18486243  0.03822256  0.14046544  0.31082176]
 [ 0.2154891   0.022564   -0.20166722 -0.13838312  0.19967333]
 [ 0.19280746 -0.09762322  0.30042038 -0.12142295 -0.19734421]
 [-0.05815147  0.02493971 -0.30097736 -0.01662753 -0.0157374 ]]
Matrix Pair 33; W = [[ 0.2527088   0.09407498  0.08205606 -0.10842263  0.0019774 ]
 [-0.18954433 -0.36321372 -0.08013086  0.17399038 -0.07389114]
 [-0.03860058  0.0273775  -0.14736332  0.13712748 -0.10552101]
 [ 0.04932562  0.13454238  0.07702917 -0.02701847 -0.12570524]
 [-0.17414648 -0.14088511 -0.3520715  -0.14853649 -0.05360733]]
U = [[ 0.19086804  0.22725787  0.29597434  0.32804638 -0.03366915]
 [-0.24263908 -0.11409586  0.018291    0.16437647  0.26722265]
 [ 0.12636503  0.07978174 -0.17513887 -0.1045716   0.18803257]
 [ 0.14996152 -0.12042453  0.3300826  -0.05989987 -0.13315071]
 [-0.07709922 -0.05293238 -0.24439589 -0.05102071 -0.00033697]]
Matrix Pair 34; W = [[ 0.29792509  0.08444048  0.1563315  -0.13855777 -0.02351855]
 [-0.23341998 -0.38819322 -0.13266919  0.18305624 -0.07130276]
 [-0.05338115  0.01389582 -0.21282602  0.06575648 -0.15262333]
 [ 0.0652037   0.16501159  0.04018664 -0.05215956 -0.0727591 ]
 [-0.13964498 -0.12616481 -0.37553085 -0.1611671  -0.07432035]]
U = [[ 0.14728933  0.20765866  0.29106524  0.34789595  0.02939783]
 [-0.18691634 -0.11046314  0.017919    0.12327124  0.30705041]
 [ 0.1628009   0.07990319 -0.17102325 -0.11809599  0.16601579]
 [ 0.16824139 -0.057968    0.28215196 -0.07368064 -0.14448498]
 [-0.09025378  0.02575335 -0.26032367 -0.06306214 -0.01558851]]
Matrix Pair 35; W = [[ 0.32222118  0.07553679  0.12872223 -0.11085089 -0.0213378 ]
 [-0.26740748 -0.39014636 -0.07647626  0.19701298 -0.15862847]
 [-0.10276651  0.00831011 -0.20547973  0.06797993 -0.15401995]
 [ 0.06454405  0.1956072   0.0782546  -0.01098852 -0.06401737]
 [-0.12267392 -0.11519697 -0.32531435 -0.18436997 -0.04342623]]
U = [[ 0.16721645  0.21054006  0.3061856   0.2838785   0.01180819]
 [-0.23570898 -0.1948505   0.08747796  0.12428298  0.2658399 ]
 [ 0.16043778  0.11177946 -0.15510135 -0.07705981  0.15971058]
 [ 0.20629878 -0.0800748   0.2869126  -0.10903731 -0.17529323]
 [-0.10233061  0.03787911 -0.28127185 -0.06887203 -0.0408306 ]]
Matrix Pair 36; W = [[ 0.27911743  0.05224014  0.15681307 -0.14660131 -0.03146801]
 [-0.220302   -0.35800079 -0.05118721  0.21719113 -0.15124074]
 [-0.12409703  0.01556247 -0.13957471  0.07466032 -0.11391343]
 [ 0.1125989   0.16861585  0.00738617 -0.06245518 -0.13329113]
 [-0.16926075 -0.09484027 -0.29179602 -0.18484415 -0.02512451]]
U = [[ 0.22356384  0.21366599  0.2947561   0.2662771  -0.02487898]
 [-0.19877055 -0.18231498 -0.0077963   0.15520017  0.28493117]
 [ 0.15093859  0.01647977 -0.1715544  -0.06742676  0.19258565]
 [ 0.24341704 -0.06261738  0.29391075 -0.11117308 -0.20358093]
 [-0.08586119 -0.05837793 -0.26494674 -0.03738846 -0.0094824 ]]
Matrix Pair 37; W = [[ 0.29063274  0.06323583  0.09655548 -0.10263369  0.02539776]
 [-0.19897265 -0.3683187  -0.07031081  0.23994239 -0.09132984]
 [-0.07035084 -0.00099279 -0.15335861  0.09222292 -0.1685448 ]
 [ 0.10707713  0.14571668  0.08340686  0.00149303 -0.14702254]
 [-0.13977238 -0.11742745 -0.30126066 -0.12809016 -0.03536626]]
U = [[ 0.22408744  0.21982597  0.21354824  0.28511344 -0.05193322]
 [-0.243484   -0.18968931  0.05962608  0.13501289  0.23061477]
 [ 0.18794484  0.09639654 -0.20441679 -0.08469794  0.21452976]
 [ 0.16643181 -0.13112159  0.27387186 -0.10106023 -0.17448218]
 [-0.088014    0.01422036 -0.23601694 -0.09905319 -0.03749297]]
Matrix Pair 38; W = [[ 0.32348381  0.08974395  0.07365225 -0.11667815 -0.03778809]
 [-0.22678154 -0.38568082 -0.12435872  0.15761982 -0.13249914]
 [-0.05852334 -0.04187396 -0.18334158  0.13599824 -0.14035485]
 [ 0.07303543  0.18706338  0.02531113  0.00868798 -0.10729165]
 [-0.12441039 -0.07395132 -0.34438989 -0.19876604 -0.01364702]]
U = [[ 0.14154184  0.15320583  0.22968444  0.35580124 -0.01385444]
 [-0.2131199  -0.15043029  0.07414759  0.13656266  0.30681805]
 [ 0.11701671  0.01919579 -0.15285782 -0.06340352  0.12613343]
 [ 0.16878122 -0.06287706  0.338178   -0.0925243  -0.13229293]
 [-0.06701366  0.02478762 -0.21750564 -0.03976171 -0.08365657]]
Matrix Pair 39; W = [[ 0.30363197  0.03935364  0.08261249 -0.05654683  0.01701227]
 [-0.25752733 -0.40850739 -0.05507806  0.2281534  -0.15442543]
 [-0.03838154 -0.01206241 -0.21757946  0.07264054 -0.15775268]
 [ 0.07760856  0.21225195  0.02066346  0.00918916 -0.07306098]
 [-0.11887411 -0.14130449 -0.32433182 -0.19629492 -0.02252   ]]
U = [[ 0.21611815  0.22440344  0.29157061  0.32693679 -0.01598828]
 [-0.20164728 -0.16140252  0.05153404  0.14622655  0.2875066 ]
 [ 0.19816191  0.10343898 -0.14461317 -0.08984018  0.18065069]
 [ 0.20667334 -0.07193347  0.25802085 -0.07184794 -0.1697131 ]
 [-0.10203178 -0.0534724  -0.28120552 -0.06123299 -0.03660557]]
Matrix Pair 40; W = [[ 0.33362075  0.08128405  0.12877822 -0.09752037  0.0366515 ]
 [-0.20217474 -0.38383009 -0.1137569   0.20281248 -0.1054457 ]
 [-0.11533021 -0.00210786 -0.19661784  0.08378028 -0.13231197]
 [ 0.11614498  0.14385355  0.0722012  -0.01871594 -0.05862373]
 [-0.18589972 -0.07235411 -0.32647537 -0.18521852 -0.0445955 ]]
U = [[ 0.16247277  0.19894091  0.2136406   0.36164136 -0.04402873]
 [-0.18929636 -0.180707    0.05000793  0.11686759  0.29067051]
 [ 0.15370797  0.0903747  -0.23191458 -0.07700671  0.12914857]
 [ 0.21848504 -0.07374913  0.33114937 -0.03597083 -0.20719774]
 [-0.06211495  0.0218657  -0.25205082 -0.08299713 -0.01500243]]
Matrix Pair 41; W = [[ 0.26768238  0.04196129  0.13738524 -0.05267977 -0.02954085]
 [-0.25247032 -0.37398876 -0.14444958  0.18314543 -0.15749533]
 [-0.08476302 -0.0034302  -0.1303313   0.09313095 -0.15035761]
 [ 0.08500499  0.18295296  0.0244535   0.01999504 -0.13510458]
 [-0.18407608 -0.16412917 -0.37996922 -0.20562715 -0.10825727]]
U = [[ 0.14582895  0.21826997  0.22147487  0.27618047  0.0265688 ]
 [-0.21532301 -0.1347655   0.0558405   0.11723953  0.24000054]
 [ 0.19460747  0.01630812 -0.18880493 -0.13521732  0.17765633]
 [ 0.23092516 -0.05249465  0.28854879 -0.10139852 -0.1303025 ]
 [-0.08280252 -0.05658041 -0.30951008 -0.09013595 -0.00580908]]
Matrix Pair 42; W = [[ 0.33403596  0.04211264  0.13732111 -0.05308291 -0.01967523]
 [-0.26394641 -0.44325518 -0.14164964  0.15825889 -0.10462   ]
 [-0.07015313 -0.05457591 -0.13982851  0.11865588 -0.19088357]
 [ 0.0672065   0.16594594  0.02652231 -0.0786713  -0.08356202]
 [-0.12060984 -0.16419138 -0.36278363 -0.12981318 -0.0518054 ]]
U = [[ 0.17503535  0.16007368  0.294396    0.3121036   0.02802691]
 [-0.22781376 -0.09877129  0.03358596  0.12117165  0.26665957]
 [ 0.14315225  0.0964148  -0.18144965 -0.14045026  0.13761833]
 [ 0.21252324 -0.12780433  0.24206261 -0.04728947 -0.13495098]
 [-0.07594987 -0.02186439 -0.25679521 -0.07054243 -0.05503842]]
Matrix Pair 43; W = [[ 0.33795952  0.07567365  0.07719871 -0.1277461   0.03466926]
 [-0.24262711 -0.43492151 -0.1245111   0.16508769 -0.09589838]
 [-0.05156644  0.00943323 -0.21873475  0.06823322 -0.17658176]
 [ 0.0502202   0.19037006  0.07586201 -0.04577838 -0.11774799]
 [-0.12364369 -0.08343848 -0.32207414 -0.15443121 -0.05055614]]
U = [[ 0.19699993  0.19076988  0.25762843  0.34970299  0.0184847 ]
 [-0.2260826  -0.09930507  0.06399393  0.17062218  0.295877  ]
 [ 0.12830208  0.05749593 -0.20730909 -0.09768718  0.1531019 ]
 [ 0.23959064 -0.14023511  0.29078847 -0.10019607 -0.19016622]
 [-0.05723257  0.00249505 -0.31402218 -0.02814475 -0.07922975]]
Matrix Pair 44; W = [[ 0.29978926  0.02245693  0.13413452 -0.0662071  -0.01451591]
 [-0.19479972 -0.35823649 -0.1076334   0.21461286 -0.08940309]
 [-0.06928484 -0.00276224 -0.22172269  0.14357658 -0.11347129]
 [ 0.06892398  0.12439313  0.04650219  0.01638727 -0.11913093]
 [-0.12621991 -0.10658729 -0.32503143 -0.18147439 -0.04555606]]
U = [[ 0.15451475  0.21447849  0.24474728  0.33865558 -0.02495243]
 [-0.27361114 -0.11568972  0.04888812  0.13171982  0.23902368]
 [ 0.20664958  0.093804   -0.18873441 -0.1359654   0.17116886]
 [ 0.21808723 -0.11087446  0.30409529 -0.05635839 -0.12121109]
 [-0.04596292 -0.04297782 -0.21613252 -0.03105322  0.00423038]]
Matrix Pair 45; W = [[ 0.30220585  0.03506973  0.0613304  -0.06547634 -0.00691497]
 [-0.25961135 -0.36722898 -0.05301214  0.15091317 -0.10988365]
 [-0.06617296 -0.00109787 -0.19068612  0.10278662 -0.09619645]
 [ 0.06657165  0.18931743  0.0667945  -0.00437102 -0.09138745]
 [-0.17651905 -0.15687826 -0.35643806 -0.15678353 -0.10637403]]
U = [[ 0.16303114  0.18687779  0.26006357  0.35221331 -0.05327437]
 [-0.25772176 -0.10312816  0.01435707  0.178781    0.31108989]
 [ 0.18614994  0.0530051  -0.21455982 -0.14925656  0.20009395]
 [ 0.18262058 -0.06920266  0.31936842 -0.08739698 -0.16192312]
 [-0.05935547  0.02948815 -0.27899104 -0.09607182 -0.01168569]]
Matrix Pair 46; W = [[ 0.25089467  0.03420206  0.09839203 -0.13923513  0.03353032]
 [-0.24315223 -0.41219333 -0.09939285  0.23323574 -0.0894699 ]
 [-0.05112923 -0.03107306 -0.21028051  0.06423647 -0.16115101]
 [ 0.09018573  0.20638631  0.10531511 -0.02611763 -0.13442338]
 [-0.14162723 -0.10649563 -0.32996184 -0.12245527 -0.03853604]]
U = [[ 0.22786937  0.19729709  0.27688364  0.3099865  -0.03458935]
 [-0.21269986 -0.15153315  0.05476904  0.17608764  0.27408398]
 [ 0.1799064   0.08609516 -0.13951979 -0.08054832  0.21195447]
 [ 0.22448908 -0.08266412  0.24704915 -0.09326555 -0.16360236]
 [-0.10334044 -0.02790536 -0.25409165 -0.02793742 -0.06425487]]
Matrix Pair 47; W = [[ 0.34214954  0.06567196  0.11227308 -0.11357976  0.00045974]
 [-0.2171899  -0.42708254 -0.10589495  0.20058556 -0.1375514 ]
 [-0.06832556 -0.03410886 -0.15639445  0.05938652 -0.1899834 ]
 [ 0.13035807  0.17281948  0.06220947  0.01757746 -0.10539716]
 [-0.09434683 -0.13682971 -0.28847899 -0.17666893 -0.07387236]]
U = [[ 0.21278441  0.15647949  0.29170952  0.32363203  0.00636389]
 [-0.19365279 -0.1215559   0.06395113  0.19858277  0.21672761]
 [ 0.21175354  0.06487563 -0.20238311 -0.09179486  0.15974136]
 [ 0.20018317 -0.05162031  0.29989301 -0.08989912 -0.19123515]
 [-0.05933158 -0.01743329 -0.31225877 -0.10479383 -0.0786633 ]]
Matrix Pair 48; W = [[ 0.30160441  0.05809738  0.14540948 -0.0097745  -0.06635189]
 [-0.15877888 -0.43986975 -0.10034419  0.27822377 -0.13948978]
 [-0.11879283 -0.06575274 -0.11450467  0.08595245 -0.04428045]
 [ 0.11904623  0.11090816  0.01964787 -0.01598961 -0.01403854]
 [-0.17774296 -0.12248572 -0.25360006 -0.22907703 -0.11216622]]
U = [[ 1.69391567e-01  1.84611034e-01  3.73498387e-01  3.07868010e-01
  -8.50500468e-02]
 [-2.05583108e-01 -1.18400319e-01 -3.21032875e-04  1.85059953e-01
   3.55097439e-01]
 [ 1.62345573e-01  5.80508304e-02 -2.05944172e-01 -1.28247856e-01
   9.41377609e-02]
 [ 2.51736349e-01  8.75751781e-03  3.14182128e-01 -2.69948843e-02
  -1.31070168e-01]
 [-1.60505606e-01 -1.58047472e-01 -2.11960196e-01 -6.35782753e-02
  -2.64137855e-02]]
Matrix Pair 49; W = [[ 0.29860918  0.00729358  0.10896427 -0.00881844 -0.02572638]
 [-0.20655982 -0.4082684  -0.05037517  0.26967062 -0.11766971]
 [-0.0809009  -0.12252897 -0.14267807  0.110539    0.00421109]
 [ 0.14603528  0.15000793  0.03840714 -0.05047715 -0.01425333]
 [-0.13146187 -0.08591356 -0.24931042 -0.20646498 -0.07489028]]
U = [[ 0.1952624   0.19105698  0.36568026  0.40073763 -0.00457617]
 [-0.18113059 -0.17904118  0.02271665  0.22809786  0.32048367]
 [ 0.16180454  0.03326913 -0.24059016 -0.07668242  0.16505427]
 [ 0.2474435  -0.06027914  0.2520317  -0.03087668 -0.10890843]
 [-0.09650225 -0.15311855 -0.25487054 -0.01534629 -0.03640797]]
Matrix Pair 50; W = [[ 3.21199095e-01 -1.12684467e-02  1.20084278e-01 -6.80998553e-02
  -3.49292116e-02]
 [-2.23277503e-01 -4.33207061e-01 -1.23055710e-01  2.64596770e-01
  -1.94309905e-01]
 [-1.26673093e-01 -7.17211413e-02 -8.41569869e-02  6.98565974e-02
  -4.33453601e-02]
 [ 9.24510972e-02  1.41050152e-01  1.45369353e-04 -5.41611578e-02
  -1.22929904e-02]
 [-1.08706554e-01 -1.73454955e-01 -2.76926223e-01 -1.86130276e-01
  -6.77031225e-02]]
U = [[ 0.10273124  0.16207493  0.293309    0.38840711 -0.0283931 ]
 [-0.2202677  -0.16747721  0.04729866  0.14658231  0.32056361]
 [ 0.15637107  0.03119481 -0.16270466 -0.10490903  0.17454694]
 [ 0.19979009 -0.01974156  0.27126525 -0.04978687 -0.16555949]
 [-0.10915499 -0.1348173  -0.30331424 -0.01919248 -0.048336  ]]
Matrix Pair 51; W = [[ 0.33639724 -0.00888484  0.06485481 -0.01270707 -0.06969841]
 [-0.14126588 -0.46091856 -0.12814493  0.25858771 -0.15863966]
 [-0.13127766 -0.09948403 -0.11971308  0.11796494 -0.00193747]
 [ 0.15158031  0.15995432  0.04685703 -0.0434232  -0.01324495]
 [-0.16008861 -0.12691823 -0.30733606 -0.24016692 -0.09866635]]
U = [[ 0.1550223   0.1017464   0.36466039  0.34344338 -0.07450299]
 [-0.2545471  -0.08941957 -0.00559116  0.20834631  0.34187887]
 [ 0.15066466  0.01708327 -0.23198762 -0.08644978  0.1758837 ]
 [ 0.23178916 -0.06665314  0.26825927 -0.06113516 -0.16561061]
 [-0.13551315 -0.17481031 -0.27436845 -0.05309032 -0.08540781]]
Matrix Pair 52; W = [[ 0.29701303  0.04315237  0.07039989 -0.0704668  -0.10007448]
 [-0.15073113 -0.4714352  -0.07306315  0.21967302 -0.10544278]
 [-0.10945974 -0.11525442 -0.07733051  0.09841218  0.02344652]
 [ 0.13811622  0.16910533  0.025839   -0.02661836 -0.03444555]
 [-0.11268977 -0.1165131  -0.28688697 -0.19213306 -0.02476201]]
U = [[ 0.13803528  0.17159328  0.33106258  0.37509999 -0.02409887]
 [-0.22114162 -0.10755761  0.0730284   0.1477343   0.29056542]
 [ 0.17081528  0.03112886 -0.21874177 -0.10577585  0.12567832]
 [ 0.24745302  0.01000785  0.29699476 -0.03534308 -0.14702003]
 [-0.10804482 -0.12443988 -0.23230148 -0.07923225 -0.0655344 ]]
Matrix Pair 53; W = [[ 0.29373086  0.00347748  0.08712286 -0.02411559 -0.06090395]
 [-0.1791877  -0.4450835  -0.05679472  0.21546582 -0.16138335]
 [-0.07853861 -0.1518581  -0.07759207  0.11859349 -0.00213644]
 [ 0.06699092  0.10709181  0.01708305 -0.01892223 -0.10000471]
 [-0.11809002 -0.09894215 -0.29791309 -0.17876623 -0.10479209]]
U = [[ 0.12470285  0.18133945  0.37763024  0.40293089 -0.03599501]
 [-0.26579868 -0.109042    0.03958281  0.2431629   0.31578385]
 [ 0.17879987  0.05080631 -0.25572036 -0.15617126  0.14116548]
 [ 0.22895885 -0.04907626  0.25613557 -0.11275314 -0.11597545]
 [-0.1595995  -0.08961096 -0.24057008 -0.01889693  0.00377524]]
Matrix Pair 54; W = [[ 0.31729781  0.03393009  0.11437042 -0.02821631 -0.05244215]
 [-0.22647246 -0.44139605 -0.12725706  0.21626893 -0.13948289]
 [-0.12276379 -0.06883318 -0.1042118   0.05980959 -0.06637085]
 [ 0.13834205  0.1204749  -0.0102136  -0.0041533  -0.03189963]
 [-0.12696126 -0.12576104 -0.26958942 -0.17515703 -0.10359194]]
U = [[ 0.15219379  0.16742915  0.35584668  0.38667287  0.00570164]
 [-0.24320372 -0.10752198  0.04932861  0.20996119  0.3167908 ]
 [ 0.18787003  0.07268646 -0.23519199 -0.14148667  0.12583639]
 [ 0.20303367 -0.04951152  0.26911157 -0.07362403 -0.10269918]
 [-0.14628255 -0.1439353  -0.29127241 -0.09010421 -0.07932451]]
Matrix Pair 55; W = [[ 0.3311902   0.03921969  0.09942223 -0.09176049 -0.11958675]
 [-0.15438486 -0.46737998 -0.06209129  0.20224798 -0.10952304]
 [-0.05687573 -0.10519719 -0.08011391  0.06015144  0.02539929]
 [ 0.10832047  0.08809033  0.07789395 -0.05571929 -0.01130807]
 [-0.10748619 -0.10023164 -0.30132126 -0.21465187 -0.07397172]]
U = [[ 0.1871942   0.12293269  0.31652694  0.36067344 -0.03050777]
 [-0.20229987 -0.12653246  0.0376679   0.19127188  0.3339573 ]
 [ 0.12851877  0.04505632 -0.22656849 -0.08871274  0.1278246 ]
 [ 0.24330925  0.00108424  0.24350691 -0.10360949 -0.14240652]
 [-0.10391303 -0.08457081 -0.22016329 -0.01912898 -0.026823  ]]
Matrix Pair 56; W = [[ 0.26786406 -0.02980692  0.05993725 -0.05846348 -0.09136394]
 [-0.19547522 -0.47390633 -0.10232029  0.27347117 -0.12476248]
 [-0.11719863 -0.11032948 -0.13084108  0.09973057 -0.0562518 ]
 [ 0.06046266  0.11932069  0.03436058 -0.06782932 -0.04554576]
 [-0.11301499 -0.1033309  -0.3439928  -0.20950042 -0.10018592]]
U = [[ 0.1287693   0.19226679  0.363636    0.39717721 -0.05029794]
 [-0.27158479 -0.16036362 -0.0103575   0.20562597  0.30335642]
 [ 0.18562451  0.0644138  -0.2495588  -0.08241357  0.08459628]
 [ 0.23388378 -0.00452102  0.24464771 -0.03912508 -0.09057611]
 [-0.17321263 -0.09944884 -0.29311818 -0.04713502  0.00209508]]
Matrix Pair 57; W = [[ 0.28829947 -0.01263188  0.13468745 -0.01869336 -0.10102205]
 [-0.22170677 -0.4488228  -0.08537427  0.19451648 -0.1518777 ]
 [-0.11525318 -0.09897506 -0.07663159  0.08910502 -0.01360071]
 [ 0.11272221  0.11153544  0.03557707 -0.05599236 -0.08740097]
 [-0.14656707 -0.08460722 -0.27708791 -0.20464934 -0.08589898]]
U = [[ 0.1909914   0.14249307  0.38393839  0.32256724 -0.05899986]
 [-0.24874025 -0.10436046  0.07257202  0.18320599  0.32990475]
 [ 0.19451471  0.00647744 -0.18345821 -0.12681509  0.17788249]
 [ 0.28852464 -0.06614489  0.22968741 -0.06367453 -0.13056706]
 [-0.09013705 -0.164325   -0.28227183 -0.04320313 -0.04752595]]
Matrix Pair 58; W = [[ 0.35494715 -0.02797281  0.06272535 -0.03054264 -0.10208641]
 [-0.21675571 -0.42747628 -0.13110718  0.25001901 -0.10860971]
 [-0.0915719  -0.1176728  -0.11837788  0.05132917 -0.0158732 ]
 [ 0.15033768  0.10908033  0.00179062 -0.03507386 -0.08001388]
 [-0.14668956 -0.10621117 -0.30180885 -0.20866331 -0.04413643]]
U = [[ 0.15910148  0.14242179  0.34411829  0.30654138 -0.02832474]
 [-0.22470011 -0.12848221  0.06284069  0.23459443  0.33175157]
 [ 0.1577527   0.05578087 -0.23416195 -0.11263431  0.17621368]
 [ 0.2052699  -0.05695496  0.2392416  -0.03795682 -0.15813876]
 [-0.08285948 -0.11590768 -0.2924341  -0.02275683 -0.02117132]]
Matrix Pair 59; W = [[ 0.27868102 -0.0193388   0.10448802 -0.02491648 -0.11292076]
 [-0.1854308  -0.4688841  -0.05514538  0.20420431 -0.17961385]
 [-0.04900032 -0.09645843 -0.11219103  0.09495996 -0.06063579]
 [ 0.13049429  0.14650127 -0.00677733 -0.08260901 -0.03702071]
 [-0.19668659 -0.1458123  -0.2645846  -0.21119816 -0.05889187]]
U = [[ 0.17556556  0.16137637  0.30017573  0.34184708 -0.05370881]
 [-0.2725191  -0.09548599  0.07046251  0.18968041  0.30414061]
 [ 0.14542382  0.08361664 -0.2420924  -0.07708513  0.0982085 ]
 [ 0.24594405 -0.03626457  0.24314872 -0.12110527 -0.10234549]
 [-0.17480601 -0.07746925 -0.28817332 -0.00961159 -0.02030061]]
Matrix Pair 60; W = [[ 0.26966791  0.03746413  0.12926132 -0.09785721 -0.05198271]
 [-0.19390466 -0.4279247  -0.10990475  0.19403908 -0.13580926]
 [-0.08737289 -0.13584832 -0.09539286  0.06194301 -0.03747429]
 [ 0.14495428  0.09961212  0.02413995 -0.07489514 -0.08747404]
 [-0.15587829 -0.12878691 -0.32692993 -0.19304727 -0.08721382]]
U = [[ 0.17732288  0.19163623  0.31156073  0.37499165 -0.00954633]
 [-0.22542723 -0.11206317  0.06396918  0.15800766  0.2927904 ]
 [ 0.17143072  0.05864861 -0.17720994 -0.16301867  0.16907974]
 [ 0.28066543 -0.06389426  0.30644285 -0.03180204 -0.08481492]
 [-0.10291943 -0.07550696 -0.28122167 -0.0610647  -0.03849833]]
Matrix Pair 61; W = [[ 3.31827110e-01  2.10346421e-02  9.55433717e-02 -6.99880648e-02
  -1.10319093e-01]
 [-1.59941810e-01 -4.00379244e-01 -1.12410724e-01  2.23580770e-01
  -1.20486303e-01]
 [-6.82303079e-02 -1.36709498e-01 -1.40496641e-01  1.34726031e-01
   8.89076756e-05]
 [ 1.56108843e-01  1.52408782e-01  8.68607005e-03  5.81037693e-03
  -2.85215729e-02]
 [-1.74810054e-01 -1.35798437e-01 -2.70751465e-01 -1.53017024e-01
  -8.50906021e-02]]
U = [[ 0.17635377  0.12566407  0.36640849  0.35181341 -0.07660033]
 [-0.24502978 -0.1392547   0.05589417  0.14659053  0.3067913 ]
 [ 0.15024634  0.06057338 -0.259458   -0.13222084  0.18363593]
 [ 0.28484268 -0.00148704  0.26215648 -0.10657839 -0.12252045]
 [-0.16681613 -0.09594487 -0.21183698 -0.08019642 -0.07356523]]
Matrix Pair 62; W = [[ 0.27614649  0.0480036   0.1138852  -0.10209016 -0.0539359 ]
 [-0.17194449 -0.39457692 -0.10062285  0.26277999 -0.09695905]
 [-0.04825877 -0.09281769 -0.12429378  0.06931449 -0.00297993]
 [ 0.08031892  0.16119004  0.01458485 -0.05754524 -0.06941725]
 [-0.14749319 -0.1433701  -0.24851052 -0.24211783 -0.02109695]]
U = [[ 0.14965427  0.16803181  0.37589625  0.3276849  -0.04814886]
 [-0.24601259 -0.11563309  0.04295089  0.16843715  0.27754476]
 [ 0.16293613  0.0892322  -0.16041457 -0.13287435  0.16202157]
 [ 0.25548257  0.00713045  0.29517741 -0.07537871 -0.15744112]
 [-0.1272329  -0.1624652  -0.2807412  -0.08159839  0.00163761]]
Matrix Pair 63; W = [[ 0.28123087  0.01728473  0.07587492 -0.08025265 -0.0327563 ]
 [-0.15693924 -0.4037159  -0.06644731  0.21612558 -0.12475967]
 [-0.08620112 -0.07194074 -0.09339804  0.11408039 -0.0412267 ]
 [ 0.1157088   0.14555714  0.033496   -0.07362751 -0.03826166]
 [-0.14149019 -0.15495986 -0.25085247 -0.22432511 -0.10154666]]
U = [[ 0.16766515  0.16521129  0.31359671  0.33741517 -0.05048476]
 [-0.22780481 -0.11936699  0.06526607  0.18703727  0.26878986]
 [ 0.11907032  0.0018343  -0.23285899 -0.13825492  0.15880007]
 [ 0.26872924 -0.0648551   0.29721448 -0.04846334 -0.15581801]
 [-0.12885748 -0.13826582 -0.2607545   0.00495218 -0.06645887]]
Matrix Pair 64; W = [[ 0.32551395 -0.07358018  0.0994298  -0.07861216 -0.07548921]
 [-0.20233945 -0.41671287 -0.10357411  0.2614646  -0.09104555]
 [-0.14674836 -0.02121558 -0.08651316  0.18239152 -0.07976661]
 [ 0.0385747   0.09616304  0.09617121 -0.06607658  0.03545999]
 [-0.17826832 -0.09612733 -0.29718779 -0.18492047 -0.02590366]]
U = [[ 0.24269783  0.08081644  0.2750062   0.29322423 -0.15109054]
 [-0.2968088  -0.12381388  0.03809025  0.19939586  0.3126044 ]
 [ 0.18222844  0.06893005 -0.2611331  -0.17555999  0.11809803]
 [ 0.20044028 -0.04222385  0.31457943 -0.14043201 -0.08218463]
 [-0.07286939 -0.0679026  -0.1854718  -0.03058127 -0.02436569]]
Matrix Pair 65; W = [[ 0.23750723 -0.04568614  0.05086963 -0.02168306 -0.0766915 ]
 [-0.20675849 -0.42500946 -0.06818846  0.25099161 -0.14727317]
 [-0.13512849 -0.05026742 -0.14142464  0.13399974 -0.13353896]
 [ 0.03939643  0.05989309  0.08558462 -0.09370479 -0.03797101]
 [-0.15574954 -0.1419839  -0.30784842 -0.17245638 -0.08059457]]
U = [[ 0.20090006  0.12553125  0.20381267  0.20743512 -0.06167871]
 [-0.25446227 -0.15979692  0.00320558  0.15023847  0.30502575]
 [ 0.18759085  0.03404909 -0.25112268 -0.19956347  0.12042097]
 [ 0.19931695 -0.06830942  0.34438146 -0.11246593 -0.14029244]
 [-0.08470347 -0.11816861 -0.20672782 -0.02456629 -0.03002046]]
Matrix Pair 66; W = [[ 0.32902493  0.01406443  0.07577944 -0.06318703 -0.05105075]
 [-0.20844131 -0.47372434 -0.03184731  0.19492414 -0.10325403]
 [-0.13432168 -0.05379122 -0.06321118  0.10137163 -0.07068673]
 [ 0.05384556  0.04094156  0.11773292 -0.11137153  0.00948753]
 [-0.18380658 -0.13833458 -0.26637718 -0.24078947  0.00078342]]
U = [[ 0.23749802  0.08773928  0.28090502  0.28029791 -0.14916098]
 [-0.21549094 -0.0690432   0.01686983  0.18269071  0.2562641 ]
 [ 0.22114987  0.09504666 -0.27580813 -0.12219396  0.19826533]
 [ 0.20467936 -0.08963137  0.25955561 -0.09188809 -0.15417006]
 [-0.12261408 -0.10753954 -0.25208372 -0.03223074 -0.05416144]]
Matrix Pair 67; W = [[ 0.27020472 -0.07586961  0.06873556 -0.07412984 -0.0546794 ]
 [-0.18992297 -0.48080574 -0.10916628  0.25612458 -0.13582543]
 [-0.13740441 -0.06837985 -0.10151736  0.14239178 -0.09209194]
 [ 0.10238071  0.04611838  0.08299606 -0.13721122  0.03378448]
 [-0.18151907 -0.09353739 -0.31723399 -0.22171252 -0.01358599]]
U = [[ 0.2157996   0.09317963  0.2014665   0.20707378 -0.05832055]
 [-0.22307811 -0.12147185  0.04247781  0.23031065  0.26685506]
 [ 0.23913487  0.01650348 -0.21289541 -0.1723555   0.18052862]
 [ 0.15552177  0.00463803  0.2926771  -0.14618525 -0.13521989]
 [-0.07761329 -0.07914295 -0.24382696 -0.10149298 -0.0643808 ]]
Matrix Pair 68; W = [[ 0.27883388 -0.07028246  0.07422858 -0.09066471 -0.04530306]
 [-0.15663138 -0.46797789 -0.06317755  0.2054108  -0.17191082]
 [-0.14030684 -0.07644114 -0.14735831  0.10310694 -0.12113   ]
 [ 0.11785732  0.09642908  0.13586769 -0.12846879 -0.00461466]
 [-0.15903194 -0.08839491 -0.31598506 -0.21960431 -0.05371535]]
U = [[ 0.18556322  0.109867    0.20835501  0.26731984 -0.15019504]
 [-0.30226904 -0.15545792 -0.02002741  0.23078266  0.28915475]
 [ 0.1476107   0.08073679 -0.22116455 -0.1511306   0.12975017]
 [ 0.17122118 -0.03553105  0.32811628 -0.09088517 -0.11379895]
 [-0.13809599 -0.08599813 -0.25514849 -0.09071509 -0.05957135]]
Matrix Pair 69; W = [[ 0.2713436  -0.06065682  0.10820245 -0.04569366 -0.09788417]
 [-0.12193639 -0.45448796 -0.07566861  0.284334   -0.09822951]
 [-0.15164831 -0.07812095 -0.09481269  0.1142258  -0.13397532]
 [ 0.11732743  0.05919644  0.10859737 -0.09969328 -0.01504989]
 [-0.21912626 -0.04973602 -0.31530333 -0.14437868 -0.05191703]]
U = [[ 0.21400721  0.13102226  0.21513614  0.20351928 -0.05996507]
 [-0.25930316 -0.10608267  0.05633776  0.21380009  0.31028648]
 [ 0.16314858  0.03457997 -0.23402693 -0.1895829   0.13515428]
 [ 0.12384578 -0.03308723  0.27373426 -0.12615045 -0.109791  ]
 [-0.05890499 -0.14269648 -0.18471843 -0.10333237 -0.09280144]]
Matrix Pair 70; W = [[ 0.24375355 -0.02922892  0.08612421 -0.03494758 -0.06334768]
 [-0.18055702 -0.45162119 -0.03096127  0.23313037 -0.12335022]
 [-0.06194747 -0.11707737 -0.10000908  0.1446522  -0.1298433 ]
 [ 0.05579661  0.06336684  0.08482835 -0.10698913  0.03561891]
 [-0.19245706 -0.08027077 -0.30812126 -0.21924049 -0.0734894 ]]
U = [[ 0.19855523  0.11324101  0.2051574   0.29381925 -0.05567741]
 [-0.23870967 -0.10680108  0.03349879  0.14262829  0.29600017]
 [ 0.23935971  0.09131074 -0.2090138  -0.18643048  0.15395817]
 [ 0.21216586 -0.07786822  0.2818803  -0.11291815 -0.15368515]
 [-0.08516911 -0.0751724  -0.2171617  -0.08426782 -0.06968317]]
Matrix Pair 71; W = [[ 0.24768167  0.0104392   0.10085409 -0.01963735 -0.12781476]
 [-0.21029086 -0.43159426 -0.08687492  0.20153291 -0.1662442 ]
 [-0.12686683 -0.06734068 -0.14357436  0.14201696 -0.08744618]
 [ 0.09901545  0.02481671  0.07046214 -0.13509703  0.03218065]
 [-0.14379501 -0.10594914 -0.23024556 -0.22546565 -0.03125512]]
U = [[ 0.25358723  0.0603087   0.22204792  0.23853815 -0.14240163]
 [-0.30528742 -0.06881323 -0.00933699  0.16696127  0.26476641]
 [ 0.17708731  0.05908124 -0.26763911 -0.17953571  0.16117109]
 [ 0.12662388 -0.04519076  0.25348125 -0.0585402  -0.12477773]
 [-0.07959911 -0.13627823 -0.21271119 -0.05810676 -0.07646778]]
Matrix Pair 72; W = [[ 0.28297298 -0.06855275  0.11419506 -0.10581983 -0.05597104]
 [-0.16289608 -0.42877794 -0.07993152  0.19087724 -0.18267346]
 [-0.1350977  -0.08699262 -0.08008112  0.18175761 -0.14718194]
 [ 0.08564407  0.08866405  0.12383246 -0.05655445 -0.03579554]
 [-0.14715537 -0.14030943 -0.25929978 -0.21917542 -0.06131516]]
U = [[ 0.24086755  0.11213316  0.22125396  0.21033529 -0.08700242]
 [-0.25512789 -0.14050562  0.04137566  0.16926787  0.30814919]
 [ 0.23422564  0.0169728  -0.19125652 -0.14032925  0.15853243]
 [ 0.18906328 -0.00071936  0.33363853 -0.12176179 -0.15400615]
 [-0.10679598 -0.06137029 -0.23793875 -0.09746942 -0.0614985 ]]
Matrix Pair 73; W = [[ 0.24118722 -0.05776306  0.11692123 -0.03644205 -0.14418274]
 [-0.1935329  -0.44426511 -0.03282485  0.24124781 -0.10809209]
 [-0.09175311 -0.06278439 -0.14082368  0.1805416  -0.15258316]
 [ 0.08543463  0.10505775  0.1092822  -0.04943973  0.00376498]
 [-0.13872942 -0.10221054 -0.22852955 -0.23187891 -0.07250868]]
U = [[ 0.2436059   0.10270088  0.28512468  0.27850786 -0.08067378]
 [-0.22060744 -0.12555386  0.05787075  0.17972678  0.25377402]
 [ 0.19061023  0.07883153 -0.20186488 -0.1882711   0.14774675]
 [ 0.20925654 -0.07987505  0.32014655 -0.12747922 -0.14640511]
 [-0.12056592 -0.13420853 -0.28191808 -0.07577537 -0.0540978 ]]
Matrix Pair 74; W = [[ 0.32651458 -0.07634569  0.08233431 -0.03422217 -0.09931888]
 [-0.12512661 -0.46405331 -0.03324366  0.2631998  -0.09880281]
 [-0.12431891 -0.08836518 -0.10200703  0.11191221 -0.14519799]
 [ 0.12478711  0.0548425   0.07858634 -0.06467276  0.02143766]
 [-0.15133577 -0.14300132 -0.29418736 -0.21481441 -0.07896435]]
U = [[ 0.21511955  0.06183841  0.21074185  0.21678755 -0.11156713]
 [-0.2248654  -0.14081573  0.0140654   0.14818717  0.33050875]
 [ 0.22440955  0.09572631 -0.25123603 -0.15901844  0.10449204]
 [ 0.12763905 -0.05122359  0.27429259 -0.06077524 -0.16137458]
 [-0.05484097 -0.07801812 -0.20349764 -0.10041669 -0.08530664]]
Matrix Pair 75; W = [[ 2.97739137e-01  1.44495153e-02  5.75992202e-02 -2.64271686e-02
  -9.48540903e-02]
 [-1.90918885e-01 -4.26705569e-01 -8.04660821e-02  2.58215017e-01
  -1.66026098e-01]
 [-1.41887559e-01 -4.05327801e-02 -1.59423942e-01  1.46758276e-01
  -6.34333561e-02]
 [ 4.27317906e-02  9.88941730e-02  5.45815938e-02 -1.12907378e-01
  -3.56216194e-04]
 [-1.40844175e-01 -7.85475567e-02 -2.32173920e-01 -1.78115124e-01
  -3.46616999e-02]]
U = [[ 0.17194208  0.07905907  0.23757455  0.24599641 -0.10852199]
 [-0.27235694 -0.11308248  0.03848025  0.22436847  0.3197456 ]
 [ 0.14391267  0.07340493 -0.27702829 -0.18241428  0.17737256]
 [ 0.15879352 -0.07903152  0.31561412 -0.14905249 -0.13055652]
 [-0.09306062 -0.14147114 -0.23036659 -0.04874717 -0.0098851 ]]
Matrix Pair 76; W = [[ 0.30876892  0.01290744  0.05590634 -0.0383003  -0.09711028]
 [-0.12188547 -0.44868187 -0.11590407  0.23433473 -0.08321751]
 [-0.07290586 -0.03816144 -0.15320421  0.10377096 -0.13979864]
 [ 0.08788157  0.05357164  0.11602293 -0.11497675  0.02280124]
 [-0.18262415 -0.13694366 -0.23660618 -0.18231022 -0.03919491]]
U = [[ 0.19891591  0.06553144  0.25665298  0.27756738 -0.14002385]
 [-0.30421732 -0.11764146  0.04893747  0.23039898  0.26023211]
 [ 0.22977025  0.02728823 -0.19137917 -0.13402256  0.19504915]
 [ 0.18410087 -0.05852846  0.2688791  -0.12596774 -0.08624222]
 [-0.06384865 -0.12247957 -0.19185219 -0.05953355 -0.04330803]]
Matrix Pair 77; W = [[ 0.30397679 -0.04132414  0.09335605 -0.02539873 -0.09320845]
 [-0.12141346 -0.38451324 -0.12296752  0.27210823 -0.11289621]
 [-0.14067798 -0.08867936 -0.0707963   0.11716217 -0.10283747]
 [ 0.06640334  0.1017297   0.10022251 -0.12904664  0.00630342]
 [-0.18598029 -0.0696882  -0.29028996 -0.22390705 -0.01942183]]
U = [[ 0.24238795  0.14075106  0.24033332  0.24779518 -0.10726805]
 [-0.22315559 -0.09709629  0.05970377  0.14669754  0.32134657]
 [ 0.17462823  0.03119733 -0.28352029 -0.19545467  0.11795408]
 [ 0.14114018 -0.04254378  0.26548188 -0.08550449 -0.09085536]
 [-0.0917834  -0.08755606 -0.26617836 -0.11233543 -0.02859007]]
Matrix Pair 78; W = [[ 0.31648175  0.00073528  0.0244436  -0.07747669 -0.08875312]
 [-0.15205805 -0.39482877 -0.10922979  0.23730103 -0.14040475]
 [-0.10062308 -0.10861729 -0.1163019   0.09979033 -0.10897568]
 [ 0.05116062  0.06959916  0.06171753 -0.09540369 -0.02941268]
 [-0.16198118 -0.10695876 -0.24143803 -0.22125483 -0.02424177]]
U = [[ 0.23177446  0.10998951  0.26562654  0.2861458  -0.08504712]
 [-0.25000013 -0.1585662  -0.0032861   0.21272113  0.26749518]
 [ 0.17195678  0.05542314 -0.20311646 -0.14541367  0.15157834]
 [ 0.18402669  0.00357303  0.34823164 -0.05843827 -0.09808816]
 [-0.06769021 -0.09848069 -0.19879947 -0.10789589 -0.08145045]]
Matrix Pair 79; W = [[ 0.29419439 -0.0445763   0.11594446 -0.11031455 -0.13017635]
 [-0.20385437 -0.45147741 -0.08251336  0.23409917 -0.10937118]
 [-0.07942919 -0.06956206 -0.06835859  0.13744959 -0.09789302]
 [ 0.11122726  0.05694628  0.09218357 -0.12526585 -0.00342552]
 [-0.20857049 -0.0550221  -0.29352617 -0.19199837 -0.02567525]]
U = [[ 0.17743734  0.06535107  0.23108715  0.23546156 -0.13076471]
 [-0.22530456 -0.10886742  0.03955538  0.21710942  0.27864869]
 [ 0.23880793  0.06440302 -0.26297651 -0.19216757  0.11624616]
 [ 0.16140416 -0.08133025  0.2765382  -0.08073037 -0.11344104]
 [-0.123306   -0.14656224 -0.28220456 -0.0957109  -0.04794929]]
Matrix Pair 80; W = [[ 0.30979676  0.01196304  0.14238337 -0.13302992 -0.020078  ]
 [-0.20541174 -0.45344049 -0.09954316  0.29960816 -0.05609491]
 [-0.05117917 -0.03004421 -0.20316977  0.08743022 -0.10788191]
 [ 0.0579229   0.08842479  0.05523711 -0.09617346 -0.0736577 ]
 [-0.15278858 -0.10760897 -0.27471569 -0.16004608 -0.06856373]]
U = [[ 2.20878883e-01  2.05297744e-01  2.85243692e-01  2.36643697e-01
  -2.26380822e-04]
 [-2.56177754e-01 -1.76630811e-01  1.99332691e-02  1.50847818e-01
   3.59281463e-01]
 [ 2.24967418e-01 -4.88847397e-02 -2.48953850e-01 -1.03673947e-01
   1.23795001e-01]
 [ 1.60975968e-01 -3.96190864e-02  2.35512147e-01 -8.59604819e-02
  -1.94644396e-01]
 [-8.07281179e-02 -5.95275280e-02 -3.17115558e-01 -1.29650903e-01
  -2.73679560e-02]]
Matrix Pair 81; W = [[ 0.39341173 -0.06536462  0.1154622  -0.11218361 -0.05835251]
 [-0.25600293 -0.45361175 -0.01538115  0.21289443 -0.08479895]
 [-0.13534735 -0.03888047 -0.1930459   0.10243816 -0.07639421]
 [ 0.0557955   0.09797596  0.11300345 -0.05082358 -0.06120587]
 [-0.15046472 -0.07024989 -0.3339762  -0.19766276 -0.02263522]]
U = [[ 0.17468604  0.19842503  0.22375999  0.29837763 -0.00605243]
 [-0.23616944 -0.1453966  -0.04276562  0.10726536  0.26882934]
 [ 0.17102682  0.00300814 -0.24342769 -0.11192303  0.14742481]
 [ 0.24284868 -0.01320625  0.27090134 -0.05643936 -0.19245392]
 [-0.0518196  -0.05948817 -0.29924788 -0.06208839 -0.08354133]]
Matrix Pair 82; W = [[ 0.3436541   0.00416768  0.16057202 -0.11564277 -0.0378786 ]
 [-0.21514813 -0.43687652 -0.07524429  0.26195418 -0.05176384]
 [-0.12724577  0.00314922 -0.19841458  0.07360285 -0.03615406]
 [ 0.06176695  0.12785781  0.10477938 -0.06454724 -0.07420223]
 [-0.2293714  -0.11953914 -0.33054642 -0.16404624 -0.04326777]]
U = [[ 0.17356804  0.17195645  0.27005977  0.21941471 -0.02681286]
 [-0.23529667 -0.18512823 -0.01001258  0.16914831  0.28423799]
 [ 0.14850362  0.00172627 -0.17745726 -0.09620953  0.08255912]
 [ 0.23330929 -0.0641197   0.2484625  -0.02596657 -0.15375992]
 [-0.03964543 -0.07579113 -0.28411744 -0.13034509 -0.08631805]]
Matrix Pair 83; W = [[ 0.34903804 -0.01993282  0.1292046  -0.08706764 -0.06801044]
 [-0.17709459 -0.43719103 -0.03345408  0.21448667 -0.10715854]
 [-0.09906496 -0.09307993 -0.23190888  0.11428749 -0.11924344]
 [ 0.08936324  0.07812259  0.11298532 -0.0995262  -0.09110705]
 [-0.21293798 -0.07750007 -0.307525   -0.15925688 -0.03659726]]
U = [[ 0.19254964  0.21111564  0.22064506  0.30982108  0.02620072]
 [-0.29960283 -0.1624571  -0.03402335  0.15432134  0.28711252]
 [ 0.21945523 -0.01434241 -0.22781537 -0.11619127  0.16014003]
 [ 0.22408406 -0.08144183  0.25316957 -0.03303186 -0.15220195]
 [-0.04032837 -0.0390199  -0.28709519 -0.12948123  0.00323651]]
Matrix Pair 84; W = [[ 0.33508819 -0.00311569  0.11709172 -0.13236804 -0.08315911]
 [-0.16361699 -0.39702874 -0.06166991  0.20071177 -0.11985464]
 [-0.12091455 -0.0596309  -0.1610245   0.05283713 -0.06417877]
 [ 0.07201777  0.09262523  0.12559944 -0.04102365 -0.06411387]
 [-0.14682225 -0.04305314 -0.33694799 -0.22942822 -0.02266632]]
U = [[ 0.16904934  0.17198517  0.21929964  0.24589538 -0.04209374]
 [-0.27513633 -0.2098459   0.02421179  0.12598898  0.31399896]
 [ 0.15924819 -0.00906318 -0.26768814 -0.18669271  0.15817696]
 [ 0.17310257 -0.04091498  0.32333181 -0.09058072 -0.12603048]
 [-0.03316476 -0.07719974 -0.28075445 -0.13296857 -0.04560096]]
Matrix Pair 85; W = [[ 0.31141069 -0.01750806  0.10487751 -0.14207252 -0.03869837]
 [-0.18950832 -0.40740503 -0.06339879  0.28584959 -0.10114327]
 [-0.12941108 -0.02606554 -0.21603269  0.1204803  -0.08687349]
 [ 0.06767898  0.09101029  0.12118869 -0.08344162 -0.07194514]
 [-0.14443794 -0.05414074 -0.34794146 -0.14181031 -0.02998488]]
U = [[ 0.15095238  0.1579186   0.21360421  0.24506535 -0.05628246]
 [-0.27231062 -0.16572906 -0.03576692  0.15643428  0.280874  ]
 [ 0.20085715 -0.01549247 -0.25556338 -0.11892196  0.16237559]
 [ 0.1811439  -0.02806478  0.27132061 -0.01911406 -0.11751983]
 [-0.08459929 -0.02687744 -0.26802411 -0.04902484 -0.05709309]]
Matrix Pair 86; W = [[ 0.35061585 -0.0367775   0.10813185 -0.05754829 -0.03535428]
 [-0.23026209 -0.44753225 -0.07943974  0.26164693 -0.08056259]
 [-0.14544612 -0.04011842 -0.22228573  0.13201099 -0.04197006]
 [ 0.10125047  0.11857058  0.05271846 -0.11389868 -0.0555278 ]
 [-0.1821682  -0.1324641  -0.34883686 -0.18591148  0.01998036]]
U = [[ 0.23183646  0.21742926  0.27238578  0.28278118  0.04161638]
 [-0.2518044  -0.20311604  0.01014077  0.18480251  0.33233325]
 [ 0.19391626 -0.060978   -0.24609378 -0.14230249  0.08398739]
 [ 0.1782134  -0.05240184  0.25413754 -0.01296136 -0.17315996]
 [-0.0586518  -0.04785992 -0.33041008 -0.10105967 -0.0631267 ]]
Matrix Pair 87; W = [[ 0.29860088 -0.04679187  0.11650699 -0.13096056 -0.09870514]
 [-0.18391911 -0.45573384 -0.05044681  0.2846907  -0.04170236]
 [-0.0861953  -0.041512   -0.19086118  0.08683645 -0.05234601]
 [ 0.11456801  0.10863042  0.05757682 -0.0928543  -0.07670871]
 [-0.23011257 -0.07652447 -0.25830355 -0.21671183 -0.0021113 ]]
U = [[ 0.19190981  0.20464971  0.22119763  0.22652663 -0.0289109 ]
 [-0.22987985 -0.14717052  0.02253238  0.10991926  0.34467897]
 [ 0.16598076  0.0288904  -0.25732998 -0.14512349  0.13130449]
 [ 0.24580457 -0.08121975  0.27611273 -0.00856603 -0.11891531]
 [-0.0681693  -0.06332641 -0.26527015 -0.06888759 -0.03397528]]
Matrix Pair 88; W = [[ 0.35793935 -0.03926193  0.16760254 -0.04974178 -0.09238467]
 [-0.24628014 -0.44400135 -0.0496584   0.2963178  -0.08249109]
 [-0.10398984  0.0048905  -0.16999855  0.05244741 -0.03563413]
 [ 0.0325918   0.1209087   0.12393025 -0.05398789 -0.09857916]
 [-0.23287046 -0.13617132 -0.30722857 -0.23075214 -0.01642062]]
U = [[ 0.18055172  0.22692899  0.2756274   0.30843626  0.02475643]
 [-0.23974151 -0.17206567  0.01879532  0.13380322  0.29684189]
 [ 0.18522294  0.02698721 -0.25470687 -0.11920274  0.14958352]
 [ 0.16698741 -0.03177897  0.22703101 -0.06990394 -0.13343905]
 [-0.03830063 -0.02640143 -0.34563702 -0.04331365 -0.01277787]]
Matrix Pair 89; W = [[ 0.37354712  0.00562275  0.08081422 -0.07737302 -0.08297583]
 [-0.23153506 -0.39703083 -0.03479289  0.26647391 -0.13061126]
 [-0.10326211 -0.03215788 -0.20164107  0.10649022 -0.04763531]
 [ 0.08919959  0.06071138  0.12417943 -0.09691201 -0.0709427 ]
 [-0.22385655 -0.08414106 -0.34106837 -0.1920805   0.00782943]]
U = [[ 0.19768706  0.1423992   0.29099685  0.30440651 -0.02651839]
 [-0.26193673 -0.16603409  0.00331493  0.15667202  0.34050813]
 [ 0.1413985  -0.00243512 -0.19399381 -0.15866909  0.11488742]
 [ 0.25225392 -0.07159176  0.28372897 -0.00684928 -0.13789017]
 [-0.01664703 -0.08696553 -0.29618306 -0.05219136 -0.05153525]]
Matrix Pair 90; W = [[ 0.30814759  0.01037672  0.17308737 -0.09759229 -0.02413917]
 [-0.17289014 -0.43603814 -0.04786482  0.24023482 -0.05623801]
 [-0.14405668 -0.02876251 -0.17674801  0.09963755 -0.07458174]
 [ 0.10690308  0.10822341  0.1494146  -0.05850789 -0.06557544]
 [-0.22738555 -0.04544684 -0.33223755 -0.16852427 -0.06567117]]
U = [[ 0.13980739  0.19465417  0.30005857  0.27390987  0.03951191]
 [-0.22926261 -0.21166603 -0.06065531  0.18957173  0.35270848]
 [ 0.14703506 -0.04201408 -0.24711382 -0.09382292  0.06465705]
 [ 0.24721666 -0.07907113  0.22887369 -0.09506107 -0.19103105]
 [-0.06643698 -0.08268979 -0.26138097 -0.10404938 -0.06483312]]
Matrix Pair 91; W = [[ 0.30652633 -0.04507685  0.15746389 -0.10684209 -0.02046595]
 [-0.22965205 -0.44365919 -0.03322261  0.22919556 -0.09237795]
 [-0.071445   -0.02753674 -0.16509646  0.11358784 -0.10257029]
 [ 0.08639485  0.10966518  0.09904339 -0.06816083 -0.03614806]
 [-0.21136996 -0.11028859 -0.32024671 -0.2232394   0.02338466]]
U = [[ 0.21581322  0.21499142  0.26178695  0.25703444 -0.00527511]
 [-0.23653706 -0.11784405 -0.00998293  0.15553945  0.3259495 ]
 [ 0.21212196 -0.02510749 -0.25879526 -0.13127235  0.14188572]
 [ 0.16915756 -0.05483111  0.28985969 -0.00742416 -0.1130344 ]
 [-0.07518119 -0.03488996 -0.27716521 -0.06177089 -0.07662549]]
Matrix Pair 92; W = [[ 0.33774107 -0.06240615  0.09949425 -0.07391099 -0.02574059]
 [-0.26019248 -0.42908547 -0.00119651  0.23952963 -0.06628218]
 [-0.10376715 -0.03837126 -0.22402944  0.09953276 -0.10760286]
 [ 0.05234685  0.12280148  0.08365753 -0.12260429 -0.0603196 ]
 [-0.13631523 -0.07393275 -0.27531618 -0.17616286 -0.0646815 ]]
U = [[ 0.19910769  0.17850784  0.23953312  0.26571022  0.02174005]
 [-0.27696309 -0.17865493  0.02216006  0.13638066  0.2835345 ]
 [ 0.19197066 -0.0275833  -0.24379704 -0.09804998  0.12537468]
 [ 0.23713242 -0.0713742   0.31916442 -0.02593194 -0.11334128]
 [-0.00764162 -0.08611657 -0.30772957 -0.10574137 -0.08010786]]
Matrix Pair 93; W = [[ 0.35899554 -0.08252552  0.11425746 -0.11383206 -0.08009334]
 [-0.26006455 -0.38482395 -0.00569189  0.21364356 -0.08198724]
 [-0.10648546 -0.01144981 -0.19866102  0.05786687 -0.05027929]
 [ 0.11804398  0.08189891  0.13081037 -0.0559388  -0.11598394]
 [-0.19220189 -0.04370799 -0.28293414 -0.17944748 -0.00604641]]
U = [[ 1.82540988e-01  1.40196553e-01  2.85334117e-01  3.09910265e-01
  -1.92333273e-02]
 [-2.54545523e-01 -1.81557293e-01 -4.01378005e-02  1.10117784e-01
   3.59113790e-01]
 [ 2.26705497e-01 -5.31669808e-02 -2.67798063e-01 -1.66677711e-01
   1.20024077e-01]
 [ 2.37070843e-01 -6.62473383e-02  2.49541248e-01 -9.18059791e-02
  -1.64624101e-01]
 [-6.17301908e-02 -2.44703257e-04 -3.59196184e-01 -1.27407988e-01
  -2.07955442e-02]]
Matrix Pair 94; W = [[ 0.33888977 -0.0118195   0.09745207 -0.07179714 -0.10551179]
 [-0.1843449  -0.43967158 -0.03266954  0.29223918 -0.08724232]
 [-0.07383604 -0.08007169 -0.14859029  0.06300276 -0.12744055]
 [ 0.10106331  0.14005757  0.1326165  -0.0634758  -0.03257045]
 [-0.17164273 -0.07670768 -0.34751887 -0.20514791 -0.05192583]]
U = [[ 0.15344039  0.19783965  0.282931    0.23054733  0.03162087]
 [-0.29408743 -0.15054972  0.02466356  0.18556437  0.32641649]
 [ 0.23219445 -0.04416283 -0.20241104 -0.11395987  0.13645597]
 [ 0.16011091 -0.08365806  0.26986192 -0.07729345 -0.16386127]
 [-0.03246896 -0.0217634  -0.30352357 -0.0487237  -0.03402459]]
Matrix Pair 95; W = [[ 0.33358137 -0.014736    0.0860545  -0.07838693 -0.09913786]
 [-0.25339971 -0.36699435 -0.0993641   0.29993347 -0.08453483]
 [-0.07155766 -0.04890742 -0.14922617  0.08023397 -0.1172255 ]
 [ 0.03988805  0.14181484  0.0770272  -0.12186885 -0.09391101]
 [-0.18981377 -0.05163422 -0.29153129 -0.19710062 -0.06204784]]
U = [[ 0.2283785   0.22497686  0.29823786  0.25102862 -0.04093938]
 [-0.2304267  -0.20037524  0.01364889  0.14349749  0.28420552]
 [ 0.22151693 -0.01277738 -0.26547551 -0.1212098   0.08299492]
 [ 0.18640574 -0.01733222  0.316497   -0.02504382 -0.1687105 ]
 [-0.05171878 -0.05449786 -0.33476285 -0.09299744 -0.0018326 ]]
Matrix Pair 96; W = [[ 0.27131261 -0.00963882  0.03378891 -0.04294876 -0.0044058 ]
 [-0.24536432 -0.35554913 -0.08667831  0.26016735 -0.15375178]
 [-0.10119607 -0.05492937 -0.14424212  0.09859091  0.00700502]
 [ 0.10969255  0.15959905  0.01494479 -0.04686525 -0.04236521]
 [-0.1439687  -0.15346469 -0.21007523 -0.21138222  0.00775125]]
U = [[ 0.16976778  0.15962111  0.29266385  0.34157651 -0.12273404]
 [-0.2131279  -0.16656077  0.04821072  0.11896375  0.30722014]
 [ 0.17486363  0.00966263 -0.16482904 -0.15256972  0.11910703]
 [ 0.16492754 -0.08206019  0.24183801 -0.07808548 -0.18530074]
 [-0.0852668  -0.06786747 -0.24537805 -0.03998174 -0.05058941]]
Matrix Pair 97; W = [[ 0.36855252  0.03461371  0.04335895 -0.06868922 -0.07922507]
 [-0.2648202  -0.44726046 -0.1501769   0.30488617 -0.08014986]
 [-0.1187559  -0.06679506 -0.16679243  0.1629037  -0.0377166 ]
 [ 0.05941872  0.10152743  0.01365773 -0.06527796  0.00913738]
 [-0.14416879 -0.13648532 -0.27442371 -0.20299731 -0.01380097]]
U = [[ 0.20806346  0.18756371  0.29829479  0.29635784 -0.03431154]
 [-0.26989934 -0.1302072  -0.03821689  0.16396827  0.28659502]
 [ 0.16934538 -0.0168896  -0.23248222 -0.17295887  0.13959678]
 [ 0.21915269 -0.04492901  0.28066866 -0.14282272 -0.16296108]
 [-0.11010022 -0.07137808 -0.32936625 -0.0277341  -0.03610006]]
Matrix Pair 98; W = [[ 0.32008981  0.04130326  0.06837645 -0.09803685 -0.01586256]
 [-0.2685598  -0.40097452 -0.13075062  0.26040761 -0.12046151]
 [-0.09399027 -0.04771828 -0.175743    0.18738282 -0.0593613 ]
 [ 0.09371721  0.12377338  0.05579295 -0.03663901 -0.04384436]
 [-0.22710734 -0.12431914 -0.23956405 -0.24469778 -0.02568699]]
U = [[ 0.19658175  0.15703439  0.27185734  0.32780027 -0.06686768]
 [-0.21193448 -0.11977535  0.04523605  0.18032298  0.2456387 ]
 [ 0.10323157 -0.03617096 -0.25154148 -0.18068013  0.10208175]
 [ 0.24646582 -0.01356831  0.24463504 -0.1473553  -0.11587912]
 [-0.07795211 -0.10329781 -0.26775429 -0.03159805 -0.08919596]]
Matrix Pair 99; W = [[ 0.32084849 -0.04233747  0.02555269 -0.11013045  0.01477145]
 [-0.19364099 -0.37311655 -0.08608442  0.20960183 -0.14572486]
 [-0.11448117 -0.11099335 -0.21554949  0.11484073 -0.06262892]
 [ 0.04050438  0.07456751  0.06506587 -0.12074541 -0.00304341]
 [-0.23477177 -0.08600545 -0.25310516 -0.19410579 -0.00739958]]
U = [[ 0.1656789   0.15258161  0.25646297  0.25868208 -0.03558952]
 [-0.2385048  -0.16638999  0.05952511  0.10125059  0.2580767 ]
 [ 0.10957689 -0.01351803 -0.18628356 -0.15813811  0.17792408]
 [ 0.18611646 -0.02884333  0.25006256 -0.1151699  -0.1130208 ]
 [-0.05082063 -0.04256637 -0.28401273 -0.00248542 -0.07031031]]
Matrix Pair 100; W = [[ 0.28453372  0.01503457  0.05246321 -0.11832849  0.01777314]
 [-0.26661234 -0.39871657 -0.08296342  0.28945397 -0.08567826]
 [-0.11734555 -0.11361792 -0.20162531  0.18152757 -0.0153874 ]
 [ 0.06323375  0.14046041  0.10396771 -0.12495022 -0.00808242]
 [-0.1491617  -0.1612954  -0.20444395 -0.19152286  0.02054799]]
U = [[ 0.19803253  0.22093625  0.22548291  0.33581994 -0.10415617]
 [-0.19758246 -0.17579039  0.01579988  0.1448107   0.23319871]
 [ 0.1183091  -0.03616078 -0.19805019 -0.19274772  0.09378988]
 [ 0.20488208 -0.06054139  0.24962596 -0.07946356 -0.10612571]
 [-0.05491322 -0.05933411 -0.24104014 -0.07427467 -0.07440083]]
Matrix Pair 101; W = [[ 0.33265951  0.02247237  0.0491622  -0.12456687 -0.03836864]
 [-0.25295387 -0.41074641 -0.11939514  0.23576479 -0.13641721]
 [-0.10861766 -0.08017513 -0.21920128  0.14420666 -0.08170973]
 [ 0.09496786  0.09736855  0.02436804 -0.05728321 -0.01976515]
 [-0.16035724 -0.10728681 -0.21960755 -0.17309167 -0.02888595]]
U = [[ 0.19621904  0.19192424  0.22158521  0.27697605 -0.04728252]
 [-0.20947144 -0.20632668  0.05091937  0.17547678  0.30231555]
 [ 0.17277471  0.0037843  -0.25467172 -0.12889263  0.08652164]
 [ 0.22607279 -0.07489134  0.2372022  -0.11484467 -0.17229213]
 [-0.05461194 -0.04342958 -0.27129909 -0.07877323  0.00123039]]
Matrix Pair 102; W = [[ 0.28682743 -0.02617752  0.10183582 -0.13463144  0.00571622]
 [-0.24827628 -0.44491295 -0.1455565   0.28023377 -0.16292791]
 [-0.13840186 -0.09752183 -0.16747434  0.11187554 -0.05920814]
 [ 0.08039585  0.15342466  0.10071047 -0.08687637 -0.05884073]
 [-0.21024676 -0.13913524 -0.23345297 -0.17258904  0.01091899]]
U = [[ 0.21410819  0.1631091   0.27238075  0.30731424 -0.10027464]
 [-0.2397364  -0.1590461   0.0325715   0.12352411  0.23513069]
 [ 0.1549006  -0.00372451 -0.20135407 -0.17601238  0.10791116]
 [ 0.16299034 -0.07649794  0.24766649 -0.0873375  -0.09084092]
 [-0.11407958 -0.03471662 -0.30051874 -0.05623483 -0.08239187]]
Matrix Pair 103; W = [[ 0.29190505 -0.04991107  0.02493308 -0.08290664  0.00223571]
 [-0.26512803 -0.40658693 -0.1253294   0.29659933 -0.14717303]
 [-0.14987711 -0.10241772 -0.16396723  0.1585596  -0.06840522]
 [ 0.07147461  0.11465009  0.07079741 -0.08357925 -0.03491471]
 [-0.1952428  -0.10556118 -0.27319665 -0.24648865 -0.0532746 ]]
U = [[ 0.23254615  0.15797615  0.27131839  0.30988948 -0.05402065]
 [-0.28487528 -0.1817936   0.00597205  0.11745147  0.31107251]
 [ 0.14447675 -0.02102843 -0.18906973 -0.14346437  0.09242144]
 [ 0.17936583 -0.00269538  0.29058916 -0.07945302 -0.10174562]
 [-0.05658298 -0.10130697 -0.24949189 -0.03647616 -0.08929109]]
Matrix Pair 104; W = [[ 0.29557279  0.00396874  0.04517985 -0.12543833 -0.06456163]
 [-0.2132063  -0.44388692 -0.10174063  0.2554562  -0.0768275 ]
 [-0.1067356  -0.02873765 -0.18300866  0.14779423 -0.06564061]
 [ 0.10648149  0.06740587  0.07600761 -0.11175955 -0.0254681 ]
 [-0.16546814 -0.14186314 -0.22937291 -0.15625385  0.01816419]]
U = [[ 0.18423808  0.13257909  0.23508006  0.31048353 -0.04837443]
 [-0.20576908 -0.18498152 -0.03082272  0.14524662  0.26112421]
 [ 0.1211979  -0.04154342 -0.21102686 -0.20814099  0.17745755]
 [ 0.20695036 -0.0331849   0.25531947 -0.09312333 -0.17313667]
 [-0.11672807 -0.1069885  -0.26192017 -0.05669633 -0.00822446]]
Matrix Pair 105; W = [[ 0.29086922  0.00976392  0.0534131  -0.13670916 -0.01764392]
 [-0.26088379 -0.43120028 -0.10426064  0.28455423 -0.07678992]
 [-0.0703189  -0.05272786 -0.19074496  0.10564758  0.00691586]
 [ 0.0418037   0.12213411  0.03190392 -0.12707356 -0.05804675]
 [-0.22420187 -0.12191923 -0.22557386 -0.23215484  0.00404153]]
U = [[ 0.20723304  0.18267376  0.29743393  0.26612781 -0.06045058]
 [-0.19864002 -0.17858907  0.02109483  0.13306493  0.29218025]
 [ 0.10587049 -0.0244196  -0.16548257 -0.15186906  0.12743914]
 [ 0.18144125 -0.00431844  0.28687786 -0.1357576  -0.12127956]
 [-0.13564633 -0.09779651 -0.28801623 -0.046082   -0.04378426]]
Matrix Pair 106; W = [[ 0.27125667 -0.00502565  0.01195681 -0.04615544 -0.02571641]
 [-0.26708653 -0.44090953 -0.12261111  0.2723175  -0.12071111]
 [-0.07388317 -0.0367895  -0.17480008  0.18288007 -0.08161907]
 [ 0.11829759  0.16336939  0.04249074 -0.08026263  0.0121323 ]
 [-0.23792428 -0.07587158 -0.28066328 -0.17811199 -0.04919567]]
U = [[ 0.21517498  0.18134761  0.24133001  0.28935325 -0.03538738]
 [-0.29243923 -0.16483101  0.05079892  0.15181611  0.28135422]
 [ 0.11153193 -0.01720559 -0.1746316  -0.2058484   0.15383867]
 [ 0.14866145 -0.05609703  0.3020809  -0.1178197  -0.12759904]
 [-0.04408276 -0.07067142 -0.27782843 -0.06573299 -0.09258454]]
Matrix Pair 107; W = [[ 0.27211089  0.03924997  0.04712606 -0.06521368  0.00095905]
 [-0.19926239 -0.37450092 -0.13689522  0.30536291 -0.10226742]
 [-0.15227177 -0.11073359 -0.21276506  0.16308204 -0.01128201]
 [ 0.03505494  0.14389974  0.0372466  -0.05934242 -0.02904992]
 [-0.22962963 -0.13833565 -0.22134868 -0.24593162  0.01006596]]
U = [[ 0.17728166  0.22301428  0.22392876  0.25604458 -0.07250336]
 [-0.27919696 -0.17136154  0.05645922  0.12237358  0.26013423]
 [ 0.14418769 -0.01375897 -0.1921287  -0.14853059  0.15627517]
 [ 0.16130377 -0.02105358  0.26854577 -0.15255308 -0.12089895]
 [-0.11173426 -0.09793066 -0.32144133 -0.01676668 -0.06203575]]
Matrix Pair 108; W = [[ 0.27946331  0.01940244  0.04509403 -0.11622541 -0.02323366]
 [-0.18298559 -0.40227867 -0.11617999  0.28558708 -0.07010561]
 [-0.07014935 -0.10433645 -0.18844946  0.1148628  -0.04773544]
 [ 0.03083134  0.13622644  0.00577042 -0.08220562  0.0123645 ]
 [-0.17496155 -0.1295871  -0.24683882 -0.23915164 -0.02701697]]
U = [[ 0.22943323  0.19711509  0.24656868  0.31962435 -0.09759413]
 [-0.22568017 -0.17578801  0.04405717  0.16630774  0.27872547]
 [ 0.09626085 -0.02678771 -0.21566222 -0.18825809  0.15910044]
 [ 0.16403585 -0.05977817  0.27287531 -0.16363552 -0.10635027]
 [-0.05721524 -0.04687815 -0.25722466 -0.07688149 -0.0443272 ]]
Matrix Pair 109; W = [[ 3.44340846e-01  1.57652428e-02  7.36843237e-02 -8.22717544e-02
  -2.12618157e-04]
 [-2.25221601e-01 -3.73644544e-01 -7.36486693e-02  2.48002728e-01
  -9.44546264e-02]
 [-6.93108053e-02 -8.40884430e-02 -1.86611855e-01  1.51268243e-01
  -3.99228210e-02]
 [ 1.21216822e-01  9.06652960e-02  2.68536354e-02 -8.21596797e-02
  -3.04565888e-02]
 [-1.63163066e-01 -9.57428262e-02 -2.44507267e-01 -1.64904714e-01
  -8.23877917e-03]]
U = [[ 0.21293687  0.20474639  0.27005927  0.32490837 -0.03750822]
 [-0.25677233 -0.17930589  0.03419366  0.1687038   0.27515087]
 [ 0.17457102 -0.02439156 -0.16827193 -0.144262    0.13966463]
 [ 0.23539903 -0.00627341  0.2317     -0.14902219 -0.17524341]
 [-0.07123199 -0.11543057 -0.25098901 -0.00111884 -0.00854833]]
Matrix Pair 110; W = [[ 0.36073575 -0.00277976  0.02724325 -0.0962597   0.01224907]
 [-0.25461029 -0.40148548 -0.06541305  0.27281557 -0.14706081]
 [-0.07154766 -0.09569087 -0.16121813  0.1816426  -0.07995916]
 [ 0.06627007  0.06913892  0.03374869 -0.07917987 -0.07715054]
 [-0.23601478 -0.09917871 -0.24924394 -0.23890818  0.01495911]]
U = [[ 0.19286743  0.19530897  0.31031808  0.34324737 -0.09057523]
 [-0.19510868 -0.15631228  0.05548102  0.19264997  0.24143479]
 [ 0.1535096  -0.00964726 -0.24594467 -0.13950519  0.1004773 ]
 [ 0.23799175 -0.05576939  0.29887521 -0.11289795 -0.10519631]
 [-0.0685109  -0.03379692 -0.24578647 -0.0249854  -0.06118019]]
Matrix Pair 111; W = [[ 0.32615219 -0.04711091  0.01356154 -0.04746298 -0.03349545]
 [-0.25882489 -0.43468851 -0.06681936  0.25205299 -0.12909183]
 [-0.10342428 -0.11707529 -0.21749055  0.09402013 -0.0353483 ]
 [ 0.04554499  0.16422353  0.03839102 -0.05818366 -0.02864224]
 [-0.18519841 -0.07442496 -0.22643622 -0.19863899 -0.05830431]]
U = [[ 0.22677639  0.15629604  0.26333589  0.27551974 -0.07524626]
 [-0.25293531 -0.2008841   0.01557607  0.18521489  0.28877456]
 [ 0.12788402  0.03468891 -0.20569476 -0.1109488   0.11147258]
 [ 0.23660394 -0.02295518  0.23926278 -0.12647842 -0.1222332 ]
 [-0.10479267 -0.1112258  -0.25590861 -0.05106404 -0.05935755]]
Matrix Pair 112; W = [[ 0.34381322 -0.0131306   0.06682625 -0.05034124  0.02424611]
 [-0.14528302 -0.38044534 -0.12180661  0.22847957 -0.09938943]
 [-0.0655932  -0.05705976 -0.22505142  0.10303017 -0.12656516]
 [ 0.1269348   0.17912769  0.02505299 -0.07441465 -0.12405319]
 [-0.14755601 -0.09333194 -0.28337763 -0.19682476 -0.03651628]]
U = [[ 0.08792126  0.11902753  0.31944246  0.31391689  0.00513616]
 [-0.23323299 -0.17637336 -0.02378906  0.21813454  0.25955112]
 [ 0.19706988  0.02743818 -0.18370686 -0.21110654  0.18146499]
 [ 0.23569783 -0.04309011  0.29277828 -0.0762124  -0.17945359]
 [-0.12856748 -0.01630253 -0.23527624 -0.12490238 -0.02069307]]
Matrix Pair 113; W = [[ 0.36590641  0.02170816  0.12478616 -0.08622319  0.00418242]
 [-0.15985361 -0.34718616 -0.11746069  0.18056974 -0.09740662]
 [-0.05225318 -0.05846537 -0.17462392  0.10493586 -0.11222941]
 [ 0.07864699  0.08828625  0.00592809 -0.06708562 -0.05508897]
 [-0.23186865 -0.09024708 -0.27005215 -0.2110082  -0.0513725 ]]
U = [[ 0.15901115  0.1958599   0.28501195  0.32416635 -0.0574836 ]
 [-0.25676373 -0.15491628  0.03878515  0.15275253  0.22628646]
 [ 0.14140306 -0.01448568 -0.23168907 -0.14899402  0.19142731]
 [ 0.23440748 -0.06090108  0.30060283 -0.09558822 -0.21961829]
 [-0.07598583 -0.05249322 -0.24398367 -0.06264841 -0.09123872]]
Matrix Pair 114; W = [[ 0.35206924  0.03517957  0.07052868 -0.04739958 -0.02644427]
 [-0.13187019 -0.38854985 -0.1518856   0.24781794 -0.18476509]
 [-0.12012426 -0.10230896 -0.16537243  0.0585278  -0.0720768 ]
 [ 0.12254654  0.13114763  0.00723854  0.00064703 -0.051148  ]
 [-0.19073651 -0.06792097 -0.28681582 -0.19654754 -0.05782416]]
U = [[ 0.1600329   0.18775743  0.3557208   0.35361293  0.0392323 ]
 [-0.26840938 -0.13224377 -0.02438138  0.1777328   0.27892159]
 [ 0.1361648   0.03922015 -0.26040807 -0.19079371  0.10576331]
 [ 0.25182102 -0.02168179  0.22705898 -0.05628113 -0.18507894]
 [-0.15270529 -0.06157324 -0.23748797 -0.06712991 -0.06567272]]
Matrix Pair 115; W = [[ 0.32582825  0.0491328   0.10347978 -0.03084653 -0.04739332]
 [-0.14793283 -0.36300822 -0.11858146  0.25778254 -0.1031349 ]
 [-0.06557614 -0.12331109 -0.20723889  0.10458119 -0.098126  ]
 [ 0.0532477   0.14528814  0.07447088 -0.05104145 -0.07986709]
 [-0.17237001 -0.1226157  -0.27005029 -0.13263413 -0.0597728 ]]
U = [[ 0.12428447  0.11309374  0.27048154  0.31663492  0.04136412]
 [-0.30881308 -0.08259047  0.03260301  0.22553109  0.2272994 ]
 [ 0.14032795 -0.00274178 -0.25384217 -0.22669968  0.14856287]
 [ 0.18402554 -0.03585472  0.23151437 -0.08216825 -0.1580579 ]
 [-0.07781272 -0.01980126 -0.21590733 -0.12437046 -0.01793406]]
Matrix Pair 116; W = [[ 0.37789615 -0.00340828  0.09911303 -0.05511019 -0.02870409]
 [-0.18168908 -0.38310743 -0.10878582  0.23500101 -0.13271091]
 [-0.10220742 -0.13863926 -0.1471514   0.12862558 -0.11104753]
 [ 0.09999126  0.15314003  0.01163093 -0.00717477 -0.05395032]
 [-0.20999812 -0.14818207 -0.25221973 -0.16071661 -0.08928734]]
U = [[ 0.1377454   0.11387802  0.3244149   0.29833982 -0.01302761]
 [-0.31757527 -0.17109195 -0.03298822  0.1769883   0.2161332 ]
 [ 0.18109603  0.02887641 -0.24878767 -0.20558129  0.16421609]
 [ 0.24231306 -0.08476115  0.29975574 -0.1057195  -0.21838282]
 [-0.1571842  -0.09290579 -0.30066136 -0.03824953 -0.03558033]]
Matrix Pair 117; W = [[ 0.37759903  0.00054341  0.08230117 -0.04827921 -0.00142362]
 [-0.1983854  -0.35334554 -0.07076354  0.17213593 -0.12802015]
 [-0.04038673 -0.12140389 -0.22515041  0.13904429 -0.09180322]
 [ 0.13175666  0.1012236   0.0374624  -0.09701137 -0.10303751]
 [-0.16591427 -0.06605853 -0.30338095 -0.13178734 -0.08704639]]
U = [[ 0.15016046  0.18557151  0.32535927  0.2755854   0.0213597 ]
 [-0.24640753 -0.08293238 -0.04744964  0.13440222  0.30055682]
 [ 0.17096299  0.02170769 -0.23299462 -0.20918672  0.10596245]
 [ 0.24890026 -0.0760355   0.21983593 -0.03793669 -0.12889967]
 [-0.06401935 -0.01260734 -0.27252902 -0.06345162 -0.00051287]]
Matrix Pair 118; W = [[ 0.39115485  0.0081452   0.14399298 -0.03017042 -0.0492944 ]
 [-0.21888012 -0.43180625 -0.1232965   0.22756513 -0.08800496]
 [-0.07856429 -0.04565667 -0.23019537  0.10989474 -0.09815056]
 [ 0.08249338  0.16876196 -0.0005572  -0.05588589 -0.13045206]
 [-0.17414302 -0.13690299 -0.34688289 -0.1725585  -0.0506064 ]]
U = [[ 0.14891626  0.11719651  0.34026831  0.26566618  0.03664565]
 [-0.22979899 -0.09788289  0.02808694  0.17087497  0.22939508]
 [ 0.18648307 -0.00136294 -0.16863627 -0.23109222  0.13733253]
 [ 0.26756399 -0.08846917  0.27304225 -0.06683772 -0.13099446]
 [-0.07417075  0.00129598 -0.27572686 -0.09227487 -0.08311745]]
Matrix Pair 119; W = [[ 0.32070066  0.01029278  0.08671664 -0.04162873 -0.04209646]
 [-0.17168359 -0.40320399 -0.13290012  0.25747343 -0.09283238]
 [-0.09122221 -0.05579717 -0.22467247  0.10708217 -0.07452841]
 [ 0.0930979   0.16387292  0.06802247 -0.0136054  -0.05890526]
 [-0.23159502 -0.1364416  -0.28106383 -0.15741295 -0.04179966]]
U = [[ 0.09128889  0.14331635  0.28273913  0.27123865 -0.05417146]
 [-0.30489523 -0.13291313  0.0027347   0.17638551  0.28636377]
 [ 0.21180245 -0.02072867 -0.17556168 -0.1616535   0.12785015]
 [ 0.17327536 -0.00657283  0.26364684 -0.11107515 -0.15568446]
 [-0.14502423 -0.01063826 -0.22430113 -0.12144877 -0.03352167]]
Matrix Pair 120; W = [[ 0.37892248 -0.02621403  0.15995735 -0.05128212  0.00910948]
 [-0.21177343 -0.37726991 -0.14645287  0.2491499  -0.10944848]
 [-0.06392412 -0.13443362 -0.1616117   0.08862806 -0.07858006]
 [ 0.0853214   0.12242896 -0.02175447 -0.06713952 -0.1147293 ]
 [-0.22988018 -0.11434675 -0.25567068 -0.21024955 -0.06599661]]
U = [[ 0.12746498  0.13124865  0.27641702  0.35951981  0.01532865]
 [-0.29499237 -0.1154581  -0.03950577  0.16776586  0.2936574 ]
 [ 0.13080146  0.05830044 -0.24424463 -0.22462263  0.14909169]
 [ 0.23328327 -0.02134046  0.22641412 -0.08222296 -0.13606252]
 [-0.08167834 -0.03339554 -0.26295303 -0.08357758 -0.01504655]]
Matrix Pair 121; W = [[ 0.37805593  0.04491057  0.10730397 -0.06237216 -0.04530015]
 [-0.16378958 -0.43116318 -0.15031503  0.20080588 -0.12148679]
 [-0.12502287 -0.13940763 -0.23867266  0.14634043 -0.06685985]
 [ 0.12341184  0.1749706   0.03878787 -0.01765257 -0.13053073]
 [-0.14717682 -0.14949939 -0.26355709 -0.15618573 -0.10584506]]
U = [[ 0.15716528  0.12206075  0.30163127  0.33425607 -0.00739601]
 [-0.22607517 -0.08276994 -0.05173457  0.1651685   0.2656806 ]
 [ 0.14083391  0.0099454  -0.16775596 -0.18080821  0.10995298]
 [ 0.25556565 -0.02204855  0.30311948 -0.05162042 -0.1891126 ]
 [-0.09601617 -0.05206719 -0.24054543 -0.10556673 -0.00054906]]
Matrix Pair 122; W = [[ 0.39807609  0.01418092  0.09781479 -0.09629543  0.01018977]
 [-0.13003243 -0.35057307 -0.07834433  0.2140816  -0.1750006 ]
 [-0.09291817 -0.08123636 -0.2378637   0.08353772 -0.0473457 ]
 [ 0.09983817  0.11186121 -0.02295245 -0.07292032 -0.13522903]
 [-0.17359449 -0.13113022 -0.27222512 -0.17179213 -0.03024341]]
U = [[ 0.09224992  0.163921    0.29875351  0.27601667 -0.03654021]
 [-0.24653238 -0.15537915 -0.00931912  0.1734337   0.30647344]
 [ 0.1824774   0.04524405 -0.21857379 -0.16726747  0.17761623]
 [ 0.23038456 -0.07204354  0.24826487 -0.07680197 -0.17351641]
 [-0.13371976 -0.0492104  -0.21047148 -0.04678302 -0.07320683]]
Matrix Pair 123; W = [[ 0.3724689   0.03579252  0.08695145 -0.02892029  0.00073773]
 [-0.14683714 -0.37368828 -0.07903936  0.21312354 -0.17394455]
 [-0.08431579 -0.09641508 -0.21686287  0.07065336 -0.06767157]
 [ 0.12211901  0.09481434 -0.01257467 -0.01577561 -0.05072394]
 [-0.21151423 -0.10618593 -0.32027386 -0.2133536  -0.02810308]]
U = [[ 0.14917702  0.19758319  0.34782556  0.29907352  0.00975514]
 [-0.238886   -0.13578333 -0.0118042   0.22937302  0.24711856]
 [ 0.1775689  -0.00874721 -0.18083919 -0.2275738   0.12079515]
 [ 0.25228874 -0.05913249  0.21209206 -0.09684872 -0.16109516]
 [-0.13171242 -0.02264124 -0.29904061 -0.12229397 -0.02523576]]
Matrix Pair 124; W = [[ 0.33436942 -0.0121914   0.15259165 -0.05304158 -0.01020368]
 [-0.17472007 -0.33989624 -0.15609646  0.26712541 -0.08729185]
 [-0.06595816 -0.06624204 -0.19006185  0.09981139 -0.06415642]
 [ 0.0924195   0.11961186  0.06335533 -0.02590494 -0.11513591]
 [-0.15269412 -0.14910475 -0.32546877 -0.17485738 -0.07927055]]
U = [[ 0.17181606  0.19143255  0.33344135  0.30734114 -0.0317419 ]
 [-0.26935313 -0.08961351 -0.01438456  0.16549333  0.30763084]
 [ 0.1374951   0.04975042 -0.22025541 -0.19586821  0.19872065]
 [ 0.25917019 -0.07202936  0.23653073 -0.08914751 -0.17762421]
 [-0.09636531 -0.09231164 -0.26807102 -0.0641289  -0.09101472]]
Matrix Pair 125; W = [[ 0.39260602  0.00953788  0.12886191 -0.09792728 -0.06071993]
 [-0.21777132 -0.35986497 -0.12048663  0.22545875 -0.11460283]
 [-0.05979103 -0.06332355 -0.22456548  0.10546174 -0.13329245]
 [ 0.05262334  0.16852771  0.00349626 -0.00907798 -0.10029339]
 [-0.21456145 -0.13233446 -0.28858826 -0.17857465 -0.07241437]]
U = [[ 0.11520244  0.11334124  0.31601207  0.31143367  0.02558222]
 [-0.31058986 -0.17288842  0.01402434  0.21986958  0.22476984]
 [ 0.11889601  0.00683389 -0.20650051 -0.21585405  0.11648621]
 [ 0.20620058 -0.05387728  0.20715865 -0.04609194 -0.14611788]
 [-0.08208287 -0.07095742 -0.28103464 -0.0702624  -0.05626222]]
Matrix Pair 126; W = [[ 0.39511679 -0.00262073  0.1438846  -0.11965082 -0.00269964]
 [-0.16267532 -0.35910147 -0.13551651  0.18336669 -0.12416778]
 [-0.12525195 -0.06362936 -0.18024001  0.10985975 -0.13249921]
 [ 0.05977425  0.11102105  0.03166639 -0.00720276 -0.0787971 ]
 [-0.20595857 -0.10631479 -0.3032223  -0.20239917 -0.11139356]]
U = [[ 0.11327239  0.13468902  0.26904853  0.35464478 -0.02695836]
 [-0.27609864 -0.14729565 -0.00487919  0.13964871  0.29389391]
 [ 0.14051559 -0.01622014 -0.26244466 -0.17416802  0.19895842]
 [ 0.2016067  -0.06512793  0.27777515 -0.05224093 -0.20951461]
 [-0.09521422 -0.03813673 -0.24327237 -0.10011474 -0.01480773]]
Matrix Pair 127; W = [[ 0.35340771  0.06422039  0.07376129 -0.07999035 -0.02906688]
 [-0.18895659 -0.41145186 -0.09385232  0.21658692 -0.16528047]
 [-0.13089722 -0.11117139 -0.16060987  0.14154644 -0.1117529 ]
 [ 0.0919791   0.11398282  0.06577348 -0.03938783 -0.06120966]
 [-0.17356117 -0.16457961 -0.33351516 -0.20903478 -0.05793237]]
U = [[ 0.09493294  0.13436738  0.2834142   0.29278239 -0.04450412]
 [-0.29754613 -0.13963814 -0.00770429  0.22252989  0.25011936]
 [ 0.19043592  0.06352278 -0.22093466 -0.19335046  0.17091143]
 [ 0.17853984 -0.01801085  0.24224688 -0.05746361 -0.14902313]
 [-0.15707484 -0.09294631 -0.21371585 -0.08277813 -0.0965757 ]]
