Epoch: 28Matrix Pair 0; W = [[ 0.32683902  0.03533373  0.14025066 -0.16036005 -0.09138071]
 [-0.18323734 -0.35853002 -0.11728427  0.1773561  -0.07970063]
 [-0.01737547  0.04373595 -0.12935581  0.20364505 -0.11937584]
 [ 0.00793432  0.1582004  -0.03061863 -0.03402381 -0.01105178]
 [-0.13907596 -0.11459692 -0.25152496 -0.19993732  0.00686747]]
U = [[ 0.16016672  0.19801829  0.33068395  0.33036519 -0.02546219]
 [-0.32278438 -0.10414471  0.0812766   0.1592201   0.3592067 ]
 [ 0.17234344 -0.01456749 -0.19357933 -0.14221551  0.17822585]
 [ 0.21735266 -0.06518059  0.24624838 -0.08833791 -0.0952083 ]
 [-0.00903665 -0.04677544 -0.27874256 -0.13478476 -0.05825146]]
Matrix Pair 1; W = [[ 0.35553352  0.03163119  0.07098739 -0.09975712 -0.11376208]
 [-0.15776492 -0.40256663 -0.05720243  0.21001845 -0.14138051]
 [-0.08471121  0.0190284  -0.21203603  0.17464099 -0.0619126 ]
 [ 0.04560942  0.19210002  0.04213742 -0.02066573 -0.06020316]
 [-0.14381004 -0.09141206 -0.34283737 -0.25405718 -0.06450684]]
U = [[ 0.12162219  0.2223112   0.26074287  0.29041741 -0.10196109]
 [-0.35651842 -0.17626808  0.08042297  0.12603051  0.31305117]
 [ 0.15675453 -0.00099647 -0.24231967 -0.15164045  0.17750362]
 [ 0.21717391 -0.08191375  0.20208471 -0.1145879  -0.09059385]
 [-0.0577327  -0.0833864  -0.24510906 -0.08137672 -0.03416003]]
Matrix Pair 2; W = [[ 0.34669744  0.03870638  0.13290334 -0.10297173 -0.02986225]
 [-0.14237713 -0.43418798 -0.07002275  0.21917398 -0.11615855]
 [-0.03179219  0.0173703  -0.14714422  0.19911689 -0.07070452]
 [-0.01751456  0.17052874 -0.0476909  -0.10368444 -0.03835934]
 [-0.10889164 -0.02281651 -0.33555176 -0.21588241 -0.06522946]]
U = [[ 0.16327543  0.20181435  0.28727262  0.30817527 -0.03280544]
 [-0.35131116 -0.13659862  0.11386138  0.18353132  0.30497327]
 [ 0.22097023  0.0022621  -0.2328509  -0.2037523   0.17755657]
 [ 0.17577551 -0.09552132  0.23652708 -0.07722236 -0.16474979]
 [-0.00905915 -0.13514074 -0.32713028 -0.10415756 -0.06357746]]
Matrix Pair 3; W = [[ 0.3667219  -0.01648979  0.12948723 -0.09284284 -0.06488553]
 [-0.20373016 -0.37436518 -0.07875096  0.25373266 -0.079066  ]
 [-0.0609184   0.01855097 -0.17579643  0.2022997  -0.08787815]
 [-0.03794398  0.15856306 -0.04957459 -0.06613472 -0.08108034]
 [-0.14926565 -0.02032359 -0.2914774  -0.19077945 -0.06405118]]
U = [[ 0.13206345  0.2259327   0.33857412  0.32979644 -0.06741383]
 [-0.33460482 -0.15057166  0.06032156  0.17627568  0.34728064]
 [ 0.2029963   0.00858021 -0.20745678 -0.22250638  0.1209511 ]
 [ 0.17574078 -0.08233498  0.23806401 -0.13174695 -0.16293273]
 [-0.03646854 -0.12131398 -0.28867825 -0.09526633 -0.00743467]]
Matrix Pair 4; W = [[ 0.2887894  -0.02526009  0.12273602 -0.18183018 -0.10739179]
 [-0.15691243 -0.39797826 -0.06735183  0.25089231 -0.0918375 ]
 [-0.05529299 -0.05092742 -0.21576954  0.21093175 -0.05630263]
 [ 0.04752212  0.1726184   0.03486654 -0.10836074 -0.01149522]
 [-0.07421347 -0.11784888 -0.28136779 -0.24968408 -0.03217974]]
U = [[ 0.20798704  0.19558309  0.26970866  0.28301974 -0.04647504]
 [-0.3467527  -0.09609848  0.12531784  0.10762302  0.29126897]
 [ 0.21947713 -0.03837084 -0.21764877 -0.2129015   0.20415434]
 [ 0.18773502 -0.0323709   0.19152778 -0.15597694 -0.17890224]
 [-0.08719479 -0.06094818 -0.29077427 -0.10077932 -0.05890075]]
Matrix Pair 5; W = [[ 0.32168033 -0.00213876  0.12754422 -0.10218936 -0.12132713]
 [-0.19174666 -0.37885483 -0.09135556  0.2406352  -0.06080632]
 [-0.08682288 -0.04000492 -0.18002924  0.16471546 -0.04816574]
 [ 0.02810128  0.10257202  0.04000422 -0.10408896 -0.08451985]
 [-0.08769967 -0.1151222  -0.27763274 -0.22110118  0.00751197]]
U = [[ 0.20010904  0.20138132  0.27507321  0.29773495 -0.02401321]
 [-0.27116757 -0.10267521  0.05441273  0.16686536  0.34275939]
 [ 0.14409432 -0.02423959 -0.20848421 -0.19962187  0.15850997]
 [ 0.225592   -0.10268008  0.26149833 -0.13720048 -0.09947   ]
 [-0.03982404 -0.09736511 -0.24645007 -0.11081217 -0.09044423]]
Matrix Pair 6; W = [[ 0.31259828 -0.00737753  0.13557867 -0.17186727 -0.03609426]
 [-0.15261166 -0.44355628 -0.04853908  0.23443264 -0.12238849]
 [-0.06234495 -0.0390816  -0.21299606  0.12266501 -0.06312738]
 [ 0.02531138  0.19553853 -0.00524828 -0.05603208 -0.08881684]
 [-0.08479578 -0.10841642 -0.32659561 -0.25794467 -0.03917215]]
U = [[ 0.12767349  0.20262434  0.26292604  0.31102004 -0.10917196]
 [-0.31453289 -0.18409856  0.12458452  0.14767732  0.28295373]
 [ 0.16519247  0.00112757 -0.23615695 -0.18654646  0.16358881]
 [ 0.20623827 -0.03915789  0.21430736 -0.06888858 -0.12370433]
 [-0.0197052  -0.0635021  -0.24764224 -0.1177093  -0.01437444]]
Matrix Pair 7; W = [[ 0.28381953  0.02061327  0.10972796 -0.15426066 -0.02868679]
 [-0.1418328  -0.36250479 -0.10070423  0.2585011  -0.05558703]
 [-0.06196201  0.02172065 -0.12940912  0.17689968 -0.10684454]
 [-0.02540774  0.18750116  0.02637846 -0.1120761  -0.06077536]
 [-0.12926941 -0.02504155 -0.25760727 -0.23346714 -0.04008612]]
U = [[ 0.12180331  0.1770003   0.29668749  0.27694396 -0.11184127]
 [-0.31283468 -0.15543545  0.06037307  0.10843086  0.36834075]
 [ 0.16772031  0.01422179 -0.16300787 -0.21163678  0.14404794]
 [ 0.21626572 -0.03263846  0.2543538  -0.11544439 -0.11166948]
 [-0.09729771 -0.13061296 -0.27353968 -0.08380468 -0.07989217]]
Matrix Pair 8; W = [[ 0.32977092 -0.0364094   0.10639169 -0.13135747 -0.09143968]
 [-0.15515351 -0.43089706 -0.10180357  0.22249365 -0.12120699]
 [-0.06087206  0.0164445  -0.13335978  0.18256291 -0.07289801]
 [ 0.03699691  0.19654236 -0.03234316 -0.11016804 -0.04713658]
 [-0.07317434 -0.0437804  -0.26355866 -0.2098242  -0.02991855]]
U = [[ 0.18610104  0.18198437  0.3207071   0.31609215 -0.09352206]
 [-0.34554231 -0.16487545  0.0714376   0.14127962  0.36591415]
 [ 0.21150533  0.03003644 -0.23316847 -0.16652622  0.18858317]
 [ 0.15312492 -0.08532651  0.23691518 -0.07406484 -0.14445131]
 [-0.09166911 -0.09393824 -0.25393149 -0.10710199 -0.05683673]]
Matrix Pair 9; W = [[ 0.32538306  0.01749528  0.11148401 -0.14533067 -0.03007168]
 [-0.16904    -0.38880881 -0.07471114  0.26148816 -0.12816894]
 [-0.026309    0.02011614 -0.21856072  0.16757849 -0.11585553]
 [-0.01751234  0.17344977 -0.0015744  -0.03009912 -0.02801944]
 [-0.07607187 -0.07378252 -0.29420664 -0.21723312  0.00824208]]
U = [[ 0.12379955  0.23799231  0.32016562  0.32452623 -0.05032249]
 [-0.27612873 -0.12548297  0.04595211  0.10413631  0.32970541]
 [ 0.17949238 -0.00118483 -0.16314621 -0.22266754  0.1653226 ]
 [ 0.17195911 -0.10586886  0.19629747 -0.12963128 -0.13827903]
 [-0.0327018  -0.05636177 -0.33821546 -0.06488732 -0.02916   ]]
Matrix Pair 10; W = [[ 0.28032644 -0.04665231  0.14155573 -0.11562977 -0.09519273]
 [-0.20464543 -0.44883051 -0.07690499  0.18278186 -0.06856497]
 [-0.02237143  0.01123427 -0.21498862  0.11869694 -0.03469821]
 [ 0.04683401  0.10157408  0.00475582 -0.02625825 -0.07272386]
 [-0.1247817  -0.07178057 -0.34098485 -0.21560788 -0.03433897]]
U = [[ 0.19717235  0.26478904  0.24341371  0.3008386  -0.07746096]
 [-0.27248653 -0.1792269   0.12967449  0.11532507  0.33705848]
 [ 0.15693634  0.01293656 -0.21098806 -0.16132213  0.16865887]
 [ 0.2443298  -0.09925053  0.2560964  -0.07190797 -0.09647563]
 [-0.05908164 -0.08292067 -0.33013044 -0.09839722 -0.05709213]]
Matrix Pair 11; W = [[ 0.3115541   0.04561965  0.05518608 -0.11069605 -0.1166696 ]
 [-0.18628336 -0.42728023 -0.04374536  0.22932014 -0.05556286]
 [-0.06089576 -0.03045545 -0.17520884  0.20887644 -0.06877197]
 [-0.00117527  0.16336854  0.00830579 -0.03949868 -0.04903125]
 [-0.16258429 -0.07939414 -0.3292289  -0.18412186 -0.00295541]]
U = [[ 0.16141103  0.26802657  0.33349218  0.30615158 -0.05344275]
 [-0.36842934 -0.18831498  0.07074963  0.09888776  0.2871762 ]
 [ 0.17434413 -0.05810238 -0.1761989  -0.21572897  0.17267378]
 [ 0.21327156 -0.1147138   0.18030598 -0.09511367 -0.17896672]
 [-0.04592833 -0.05835746 -0.27244309 -0.06505542 -0.0163141 ]]
Matrix Pair 12; W = [[ 0.29935132 -0.02141884  0.11386155 -0.17983847 -0.05403556]
 [-0.17114242 -0.44295872 -0.06837942  0.21227678 -0.14551224]
 [-0.05303735  0.0045599  -0.22401292  0.2019146  -0.03945646]
 [ 0.04170747  0.18699113  0.02433636 -0.0299075  -0.05182703]
 [-0.07426945 -0.05960007 -0.3141609  -0.18475389  0.00954703]]
U = [[ 0.19830344  0.22566549  0.33604061  0.28866296 -0.08296208]
 [-0.35610085 -0.19207155  0.11887931  0.17900584  0.33498511]
 [ 0.16725034 -0.01993578 -0.25225279 -0.21086844  0.14657905]
 [ 0.22961893 -0.06794694  0.25100531 -0.12876673 -0.16232851]
 [-0.02966228 -0.12359945 -0.30393635 -0.12990798 -0.08111314]]
Matrix Pair 13; W = [[ 0.36318864 -0.0461609   0.06802093 -0.13758728 -0.10952604]
 [-0.22175673 -0.41048274 -0.03268087  0.22927566 -0.09701975]
 [-0.03699883 -0.03000371 -0.145354    0.13047471 -0.09403749]
 [-0.01039545  0.18442185 -0.04235036 -0.11221169 -0.06872295]
 [-0.1572323  -0.05532593 -0.32498401 -0.1621597  -0.02208215]]
U = [[ 0.17847298  0.2622324   0.28335564  0.27132388 -0.02423301]
 [-0.3310271  -0.15921719  0.06530454  0.18505419  0.36813531]
 [ 0.16711591 -0.05346055 -0.22057083 -0.19923769  0.12379137]
 [ 0.2262835  -0.09365398  0.19444736 -0.16494312 -0.11457615]
 [-0.09623936 -0.09707351 -0.28416528 -0.13634211 -0.0317604 ]]
Matrix Pair 14; W = [[ 0.37015018 -0.04109192  0.067741   -0.1600745  -0.08203697]
 [-0.20256272 -0.37560799 -0.08706559  0.25587483 -0.10733042]
 [-0.06125679 -0.0344485  -0.22677431  0.15841281 -0.09595377]
 [ 0.03464772  0.16248584  0.02078358 -0.09280707 -0.07584016]
 [-0.15436072 -0.06178296 -0.34059299 -0.22239668 -0.00244713]]
U = [[ 0.16089752  0.21891163  0.29528058  0.31976841 -0.07009851]
 [-0.33533733 -0.14910029  0.05885373  0.16307352  0.35612102]
 [ 0.21230153 -0.04728427 -0.21224863 -0.20381472  0.16699151]
 [ 0.19713118 -0.05842541  0.23358034 -0.16332762 -0.16170664]
 [-0.01154795 -0.09422097 -0.25801888 -0.07482735 -0.02841905]]
Matrix Pair 15; W = [[ 0.2804105   0.0068011   0.09983943 -0.15074251 -0.11675014]
 [-0.22033817 -0.41634567 -0.11305855  0.26751793 -0.07145613]
 [-0.00203998  0.00450114 -0.19193526  0.11592211 -0.05622161]
 [-0.00966627  0.18276923  0.04361746 -0.04909137 -0.05508667]
 [-0.09056013 -0.108644   -0.29485463 -0.19712983 -0.0796425 ]]
U = [[ 0.15653856  0.17312827  0.25936202  0.29218086 -0.06001349]
 [-0.30514586 -0.17788394  0.09413605  0.10904503  0.33682061]
 [ 0.1612694  -0.056693   -0.17174067 -0.1957608   0.18310394]
 [ 0.21923066 -0.11192031  0.22792316 -0.09598837 -0.10009608]
 [-0.068765   -0.05559446 -0.28440081 -0.13598024 -0.08457574]]
Matrix Pair 16; W = [[ 0.32124756 -0.05297522  0.04536723 -0.04439256 -0.02359724]
 [-0.14051005 -0.39310266 -0.10363062  0.13345933 -0.05027538]
 [-0.02973446 -0.10008031 -0.18981235  0.13881449 -0.11604313]
 [ 0.04161932  0.07958327  0.08064668 -0.1015121  -0.09232269]
 [-0.16678913 -0.13291461 -0.21631743 -0.22214062 -0.09148254]]
U = [[ 0.16102601  0.15504767  0.22743556  0.29620241 -0.07133186]
 [-0.17209072 -0.13817544 -0.01266091  0.20464093  0.36189498]
 [ 0.12983675 -0.0238549  -0.21501397 -0.1329566   0.23844971]
 [ 0.20599992 -0.0359127   0.3134968  -0.131515   -0.17738664]
 [-0.16621194 -0.01639151 -0.27749024 -0.04463704 -0.00234752]]
Matrix Pair 17; W = [[ 0.26015823 -0.02389231  0.11300518 -0.08747432 -0.01661446]
 [-0.13427855 -0.40070628 -0.09815083  0.14559376 -0.07190597]
 [-0.06486677 -0.10564336 -0.18401343  0.12044836 -0.08152816]
 [ 0.08964367  0.12814542  0.04724029 -0.09510869 -0.04180529]
 [-0.1765022  -0.10354086 -0.26378606 -0.16558985 -0.06839268]]
U = [[ 0.17255436  0.14336568  0.28312906  0.29857664 -0.04727429]
 [-0.14140805 -0.12215931  0.00929281  0.19215229  0.37231576]
 [ 0.15777845 -0.05839007 -0.17056152 -0.11193163  0.17513684]
 [ 0.17922748 -0.08897733  0.25933351 -0.05333571 -0.16445249]
 [-0.12155067 -0.01877313 -0.28429421 -0.03388963  0.04817746]]
Matrix Pair 18; W = [[ 0.28172107 -0.00416192  0.05712712 -0.02228684 -0.00963955]
 [-0.14039305 -0.40510997 -0.1628417   0.13269988 -0.06838033]
 [ 0.00218566 -0.0261878  -0.16358663  0.18289721 -0.11159692]
 [ 0.1034319   0.06760991  0.06980225 -0.10864919 -0.06951642]
 [-0.26139296 -0.13994036 -0.2221862  -0.20061134 -0.02460889]]
U = [[ 0.09397373  0.20439298  0.24522096  0.24151347 -0.01822753]
 [-0.17669959 -0.15198304  0.06331075  0.1521721   0.33749152]
 [ 0.11338292 -0.01549532 -0.20693009 -0.071592    0.17377174]
 [ 0.24189807 -0.09905042  0.28324532 -0.10518212 -0.20227351]
 [-0.17142522  0.01230341 -0.26577814 -0.04375561  0.02971466]]
Matrix Pair 19; W = [[ 0.28993062  0.00600429  0.1124863  -0.08332752  0.0007382 ]
 [-0.17974607 -0.41050962 -0.09657525  0.1215384  -0.06703554]
 [-0.02337574 -0.08873979 -0.16636908  0.15460072 -0.06158998]
 [ 0.07494785  0.05409715  0.00083487 -0.02616633 -0.12096634]
 [-0.19947724 -0.12992913 -0.19797827 -0.24473116 -0.05627455]]
U = [[ 0.09783091  0.22598496  0.23341896  0.24805634 -0.10959492]
 [-0.19458146 -0.16065807  0.06362142  0.11350869  0.28791124]
 [ 0.16583509 -0.0662176  -0.14375871 -0.10265012  0.18840405]
 [ 0.17818431 -0.03383406  0.30078557 -0.08192012 -0.17126374]
 [-0.17100328  0.00966862 -0.23331382 -0.05425669 -0.01021812]]
Matrix Pair 20; W = [[ 0.33973672 -0.03909351  0.05672886 -0.07265034 -0.02930714]
 [-0.2254717  -0.33612432 -0.11346164  0.20273714 -0.12794403]
 [-0.0731603  -0.03120972 -0.16382492  0.10766223 -0.07524143]
 [ 0.05854547  0.06500338  0.07543016 -0.07089259 -0.04147767]
 [-0.19273256 -0.07455202 -0.19890121 -0.20861841 -0.04172928]]
U = [[ 0.09658154  0.17671184  0.28193714  0.23600552 -0.11086511]
 [-0.1473979  -0.1221956   0.03752915  0.12820979  0.30894392]
 [ 0.15748608 -0.0373947  -0.16667406 -0.07710274  0.21910386]
 [ 0.23286558 -0.03918502  0.25335951 -0.04274573 -0.13215311]
 [-0.07956461 -0.07838347 -0.23019549 -0.1288473   0.04428183]]
Matrix Pair 21; W = [[ 0.34566465 -0.00078467  0.04619431 -0.09670074  0.00484066]
 [-0.16400817 -0.41059408 -0.16244693  0.16115628 -0.12132728]
 [-0.0600027  -0.06986676 -0.17590211  0.13885433 -0.09039193]
 [ 0.06366657  0.12788361  0.01895059 -0.05528185 -0.05812134]
 [-0.26244189 -0.08117345 -0.24365688 -0.14826865 -0.08405723]]
U = [[ 0.09128534  0.16492864  0.27509759  0.26433984 -0.0997699 ]
 [-0.17313623 -0.09516659  0.07076383  0.11637867  0.3581736 ]
 [ 0.1094122  -0.06273069 -0.16494051 -0.0788399   0.24252673]
 [ 0.16540408 -0.02083227  0.25843595 -0.05182468 -0.14235342]
 [-0.11637191 -0.01623669 -0.23148268 -0.11561332  0.02884828]]
Matrix Pair 22; W = [[ 2.62223693e-01 -9.97889170e-03  1.34111590e-01 -9.93285660e-02
  -5.92958443e-05]
 [-1.78186448e-01 -4.21976773e-01 -1.00085083e-01  1.72608112e-01
  -1.23033133e-01]
 [-7.73299105e-02 -1.08944653e-01 -1.92855078e-01  1.16875248e-01
  -1.48798426e-01]
 [ 5.31645378e-02  1.08372429e-01  3.72596798e-02 -4.59068923e-02
  -7.93400891e-02]
 [-2.31802726e-01 -7.29952919e-02 -2.07659344e-01 -1.82407865e-01
  -8.86391913e-02]]
U = [[ 0.08888136  0.20562166  0.27743669  0.25251564 -0.04038911]
 [-0.20164451 -0.11746852  0.03466847  0.17948487  0.34753879]
 [ 0.12735018 -0.10524081 -0.15753144 -0.0714594   0.25304771]
 [ 0.22945264 -0.10442438  0.32947294 -0.12789175 -0.18424103]
 [-0.08688735 -0.00655152 -0.25623493 -0.0588431   0.04206364]]
Matrix Pair 23; W = [[ 0.33193528  0.02753293  0.12315378 -0.11099954  0.02078339]
 [-0.22096147 -0.40477152 -0.12665505  0.19426411 -0.05056022]
 [-0.04893851 -0.02175121 -0.1166946   0.10214475 -0.06518841]
 [ 0.08895733  0.13107518  0.08884084 -0.11260832 -0.05316465]
 [-0.16711977 -0.07254787 -0.22887442 -0.20108158 -0.04466562]]
U = [[ 0.17182433  0.21713257  0.24525255  0.30812132 -0.03495491]
 [-0.16005589 -0.10521945  0.07206447  0.15780148  0.34785878]
 [ 0.18212057 -0.03726347 -0.20649369 -0.09178048  0.22597902]
 [ 0.17550285 -0.07037449  0.26622539 -0.08428358 -0.164547  ]
 [-0.09379209  0.00499181 -0.22874117 -0.07497857  0.07106466]]
Matrix Pair 24; W = [[ 0.31806583 -0.02831831  0.10626959 -0.11898488  0.02106692]
 [-0.15682019 -0.35914135 -0.08789462  0.1998647  -0.05643509]
 [-0.0475463  -0.04196901 -0.16624002  0.1543957  -0.13586058]
 [ 0.09878623  0.11227909  0.09001733 -0.10949292 -0.06733082]
 [-0.23422569 -0.16012802 -0.24620309 -0.19843654 -0.09294573]]
U = [[ 0.09567892  0.17442615  0.22028545  0.28397913 -0.02245549]
 [-0.17048554 -0.08954647  0.0741286   0.18175175  0.35109517]
 [ 0.18252668 -0.07641195 -0.20339829 -0.12960172  0.1940328 ]
 [ 0.17081493 -0.03114051  0.29568417 -0.13333471 -0.11755537]
 [-0.08312987 -0.01620429 -0.26690147 -0.12475191 -0.0011024 ]]
Matrix Pair 25; W = [[ 0.34326498  0.01868726  0.13308306 -0.06011712 -0.0383545 ]
 [-0.16791902 -0.37525983 -0.10015932  0.14979892 -0.0681701 ]
 [-0.0267894  -0.0193469  -0.17528642  0.11853638 -0.07443066]
 [ 0.11543494  0.1110205   0.0238493  -0.12028833 -0.10421606]
 [-0.19897283 -0.15162407 -0.27524824 -0.23842987 -0.04305941]]
U = [[ 0.15921091  0.16768344  0.24737322  0.24066889 -0.07007148]
 [-0.20833986 -0.15914874  0.02044704  0.10946664  0.35058906]
 [ 0.18420416 -0.07424309 -0.14626773 -0.06962629  0.18670931]
 [ 0.15780888 -0.06654469  0.32133427 -0.06251951 -0.19259015]
 [-0.11040942  0.00628242 -0.28979879 -0.03539632  0.0426004 ]]
Matrix Pair 26; W = [[ 0.33374286  0.01065061  0.13543777 -0.02419785 -0.00380722]
 [-0.2028813  -0.32521137 -0.06935184  0.17561358 -0.12335882]
 [-0.06156348 -0.04594423 -0.19975555  0.1044713  -0.12353096]
 [ 0.03245671  0.12288737  0.01581764 -0.10419995 -0.07457746]
 [-0.20985903 -0.11062824 -0.27858317 -0.20533539 -0.08164011]]
U = [[ 0.12054057  0.1806011   0.29847699  0.29447988 -0.10776119]
 [-0.15338675 -0.14507471  0.05482242  0.1864295   0.37505144]
 [ 0.18259108 -0.01716805 -0.1742813  -0.13975898  0.20375716]
 [ 0.21879827 -0.05812587  0.27411354 -0.10498976 -0.1755824 ]
 [-0.08154152 -0.02530353 -0.27680296 -0.13110561  0.0489362 ]]
Matrix Pair 27; W = [[ 2.89869129e-01 -3.01287345e-02  4.19849968e-02 -1.19812661e-01
   2.72468763e-04]
 [-1.43349858e-01 -3.27687516e-01 -1.28894470e-01  1.31434305e-01
  -4.74399357e-02]
 [-1.64565464e-02 -4.90189539e-02 -1.26104021e-01  1.09323528e-01
  -1.28535108e-01]
 [ 8.22421305e-02  1.17360904e-01 -4.43187252e-03 -2.33023784e-02
  -7.16957653e-02]
 [-2.24747625e-01 -1.17057385e-01 -2.62641859e-01 -2.43645769e-01
  -7.63337455e-02]]
U = [[ 0.15129523  0.17848113  0.21239406  0.26871897 -0.07062694]
 [-0.21449529 -0.15073244  0.04382365  0.18282966  0.33771046]
 [ 0.19247127 -0.02369467 -0.15798614 -0.09176967  0.25037803]
 [ 0.19119472 -0.08821701  0.29380328 -0.10592384 -0.1931593 ]
 [-0.10158454 -0.07623438 -0.28450666 -0.11962528  0.00832249]]
Matrix Pair 28; W = [[ 0.29935672  0.01397833  0.04209347 -0.03676097 -0.04231035]
 [-0.18324231 -0.35551428 -0.07798395  0.19759398 -0.10230682]
 [-0.05346061 -0.06030243 -0.14325774  0.18660331 -0.12971664]
 [ 0.02888269  0.12235952  0.07538345 -0.10617035 -0.08248299]
 [-0.16392989 -0.13864562 -0.28670908 -0.18794741 -0.06092103]]
U = [[ 0.1652253   0.21939472  0.24348547  0.23564595 -0.04306945]
 [-0.22757905 -0.16653295  0.05363581  0.1961863   0.37867957]
 [ 0.13428477 -0.02557848 -0.17717535 -0.09470015  0.19089159]
 [ 0.17761528 -0.06191158  0.29770294 -0.09581076 -0.11569815]
 [-0.10037104 -0.06678572 -0.31126352 -0.07678844  0.05723645]]
Matrix Pair 29; W = [[ 0.27604475 -0.02419311  0.04200457 -0.02821023 -0.03868212]
 [-0.14961675 -0.40966432 -0.10933248  0.15617952 -0.10611473]
 [-0.03152812 -0.0338301  -0.19114101  0.1331418  -0.11598328]
 [ 0.04913545  0.06961234  0.04022487 -0.07865771 -0.02948396]
 [-0.2107171  -0.11339358 -0.20988219 -0.22847974 -0.06306321]]
U = [[ 0.10944881  0.17711484  0.2094032   0.30942875 -0.04375887]
 [-0.22606972 -0.13579295  0.07845358  0.10975601  0.33441917]
 [ 0.18387474 -0.1049964  -0.18311983 -0.10155551  0.19403278]
 [ 0.23169184 -0.03217835  0.24738893 -0.12638953 -0.11214726]
 [-0.12347373  0.01011894 -0.30561654 -0.0974769   0.05939669]]
Matrix Pair 30; W = [[ 0.2911772   0.0073268   0.0471951  -0.09093686 -0.00666857]
 [-0.22302559 -0.37885521 -0.12320203  0.20946128 -0.07659662]
 [-0.01105539 -0.01774164 -0.19808161  0.15242885 -0.12885438]
 [ 0.08569444  0.11581625  0.02591615 -0.0984032  -0.12118461]
 [-0.25204766 -0.15423789 -0.21340775 -0.23055234 -0.09150343]]
U = [[ 0.11573845  0.16881686  0.25621687  0.2573366  -0.10602615]
 [-0.22193431 -0.14832731  0.00120523  0.12481684  0.37854873]
 [ 0.15574637 -0.06838097 -0.15711249 -0.10266224  0.19636748]
 [ 0.1429291  -0.06656524  0.30348146 -0.04719796 -0.20362633]
 [-0.15989502  0.00625713 -0.28483737 -0.09068534  0.05637532]]
Matrix Pair 31; W = [[ 0.29301366 -0.02630613  0.05417807 -0.10802202  0.02416585]
 [-0.20462321 -0.33179257 -0.11127937  0.12547169 -0.07848434]
 [-0.05021823 -0.05555121 -0.14734314  0.18723876 -0.05167807]
 [ 0.10899515  0.06754067  0.05034639 -0.10795507 -0.09717249]
 [-0.21205965 -0.15206813 -0.26197354 -0.15343127 -0.03983708]]
U = [[ 0.10025393  0.15201617  0.25793124  0.27191107 -0.04812106]
 [-0.21892147 -0.14423892 -0.00827957  0.11476126  0.33846927]
 [ 0.10783999 -0.06846034 -0.1584903  -0.15745713  0.16640837]
 [ 0.20470936 -0.03116775  0.31642636 -0.10274542 -0.20582003]
 [-0.07927034 -0.00306251 -0.31005035 -0.09904112 -0.01704327]]
Matrix Pair 32; W = [[ 0.19419522 -0.04863438  0.12612016 -0.08457044 -0.01739484]
 [-0.23171474 -0.40391461 -0.13847907  0.24038788 -0.11033343]
 [-0.04507906 -0.00055496 -0.21097596  0.14613519 -0.08272721]
 [ 0.09944926  0.14898913  0.01005793 -0.09673746 -0.06064921]
 [-0.13952292 -0.09595283 -0.28203236 -0.14792945 -0.0034038 ]]
U = [[ 0.15527924  0.13384073  0.23619483  0.29327544 -0.10723589]
 [-0.26401963 -0.19041294  0.06456752  0.18413903  0.36102452]
 [ 0.14671172 -0.00949339 -0.20988332 -0.14076849  0.21709751]
 [ 0.17781774 -0.04947371  0.29080201 -0.14119617 -0.08709203]
 [-0.0788075  -0.11926323 -0.2748195  -0.14883551 -0.05621047]]
Matrix Pair 33; W = [[ 0.2659539  -0.04193274  0.16185099 -0.07238487 -0.02850525]
 [-0.20758251 -0.39889823 -0.16811726  0.19205116 -0.13143637]
 [-0.04476788 -0.0494905  -0.22937857  0.17154883 -0.13932392]
 [ 0.06886651  0.14822435  0.02741175 -0.08245452 -0.0549106 ]
 [-0.14279035 -0.13984135 -0.20195891 -0.20388521 -0.07201276]]
U = [[ 0.14556321  0.18455239  0.25276764  0.28587949 -0.10936076]
 [-0.27216868 -0.16799463  0.05588864  0.18391874  0.32395196]
 [ 0.14719844  0.02276235 -0.2220108  -0.19783982  0.19404219]
 [ 0.24228011 -0.00574494  0.30226573 -0.12401036 -0.12724423]
 [-0.09730856 -0.07497822 -0.23880145 -0.06808232  0.00194267]]
Matrix Pair 34; W = [[ 0.20510074 -0.04426412  0.12009088 -0.09750536  0.02256079]
 [-0.17187184 -0.46461383 -0.11165452  0.1849501  -0.06790251]
 [-0.06012582 -0.03195081 -0.20746307  0.10757217 -0.11567141]
 [ 0.05826727  0.15262726  0.00858407 -0.11571892 -0.07374352]
 [-0.13608827 -0.1413666  -0.25880201 -0.19984948 -0.04447899]]
U = [[ 0.17763684  0.20926629  0.24020108  0.25076019 -0.04582075]
 [-0.2710823  -0.14611642  0.07310731  0.17121679  0.28232419]
 [ 0.1324659  -0.03022248 -0.23907704 -0.1493917   0.18603517]
 [ 0.18273907 -0.00188785  0.25757749 -0.07675956 -0.14403066]
 [-0.11338064 -0.09729231 -0.30275081 -0.10402927 -0.08856908]]
Matrix Pair 35; W = [[ 0.23686823 -0.03556822  0.09741731 -0.11428423 -0.0114556 ]
 [-0.17711076 -0.36983832 -0.1843611   0.19890613 -0.0964377 ]
 [-0.09385717 -0.02539245 -0.16363297  0.13982443 -0.11384738]
 [ 0.05316306  0.14009715 -0.03665672 -0.10062302 -0.03264084]
 [-0.14912338 -0.06473229 -0.29283949 -0.17728282 -0.03492648]]
U = [[ 0.19052743  0.13750259  0.29985937  0.29192153 -0.10850014]
 [-0.20581331 -0.10864371 -0.00574663  0.14210507  0.34927708]
 [ 0.12261079  0.03520618 -0.23010596 -0.11146341  0.16259805]
 [ 0.2214915  -0.03658773  0.2944548  -0.12102843 -0.1246564 ]
 [-0.04225421 -0.12331077 -0.25233218 -0.12656212 -0.05005263]]
Matrix Pair 36; W = [[ 0.21624638 -0.04585319  0.14684753 -0.12341306 -0.03036086]
 [-0.18090673 -0.41277029 -0.18847984  0.17907838 -0.0881713 ]
 [-0.01559276 -0.00853898 -0.24337936  0.12125169 -0.15589756]
 [ 0.03970554  0.14767687  0.0048319  -0.0540485  -0.0193915 ]
 [-0.1850481  -0.0875087  -0.2740368  -0.1971923  -0.08867656]]
U = [[ 0.12436447  0.12356945  0.26358534  0.28147423 -0.08182143]
 [-0.22924454 -0.17581792  0.0120891   0.16405405  0.36751237]
 [ 0.16943783  0.0271244  -0.17704065 -0.157115    0.17065848]
 [ 0.20672916 -0.03300712  0.30465126 -0.16557478 -0.18389102]
 [-0.0597065  -0.12549842 -0.26157523 -0.13799184 -0.08490654]]
Matrix Pair 37; W = [[ 0.27054869  0.00250489  0.13325027 -0.08027624  0.00765306]
 [-0.15161364 -0.44507579 -0.18965673  0.21076215 -0.11698343]
 [-0.01469333 -0.02004927 -0.14580054  0.10499511 -0.09107901]
 [ 0.08036746  0.17886576  0.03653995 -0.05143181 -0.05862302]
 [-0.17783738 -0.15796697 -0.23130358 -0.15629672 -0.07064659]]
U = [[ 0.11750683  0.15367907  0.26936798  0.29473979 -0.08357853]
 [-0.27833724 -0.19323021  0.05342513  0.16889682  0.311916  ]
 [ 0.20060635  0.03240128 -0.21573428 -0.15763707  0.23663356]
 [ 0.18772199 -0.05344971  0.33108354 -0.16691891 -0.18000019]
 [-0.09720252 -0.12044101 -0.30229503 -0.10009272 -0.0024565 ]]
Matrix Pair 38; W = [[ 0.19994783 -0.04180506  0.1118732  -0.12970024 -0.07325519]
 [-0.14186652 -0.37451172 -0.17770724  0.19579977 -0.10054048]
 [-0.08208098  0.00276083 -0.1482684   0.16644337 -0.14905301]
 [ 0.02532557  0.14082066  0.02975541 -0.04733897 -0.00334164]
 [-0.13147762 -0.12011304 -0.21316997 -0.22106658 -0.01815206]]
U = [[ 0.10791766  0.2013051   0.24519623  0.25471004 -0.07209213]
 [-0.18877561 -0.17700715  0.03489279  0.1446585   0.32556344]
 [ 0.21394052 -0.02908617 -0.24145514 -0.16827678  0.17423443]
 [ 0.27366467 -0.00424182  0.25813778 -0.13919478 -0.17822735]
 [-0.05474003 -0.14078462 -0.25440823 -0.14412462 -0.07933433]]
Matrix Pair 39; W = [[ 0.26317837  0.02770302  0.13681879 -0.11428526 -0.07240615]
 [-0.20134312 -0.38554467 -0.11098303  0.24940901 -0.07335654]
 [-0.09379478 -0.09121377 -0.21837994  0.11485105 -0.13146207]
 [ 0.06186482  0.1201842   0.01637081 -0.09392042 -0.09967203]
 [-0.18625968 -0.08457304 -0.24662863 -0.18308067 -0.04912846]]
U = [[ 0.10131753  0.15020695  0.22980385  0.25941931 -0.06569352]
 [-0.1905089  -0.14121337  0.05654405  0.22328015  0.35708295]
 [ 0.15519952  0.03690671 -0.22731966 -0.14246469  0.19301528]
 [ 0.2629883   0.00749901  0.24695218 -0.14929436 -0.17021731]
 [-0.06876124 -0.11131827 -0.25761358 -0.13813455  0.00595438]]
Matrix Pair 40; W = [[ 0.26925879  0.02445254  0.1529163  -0.16175598 -0.029971  ]
 [-0.16159168 -0.44112102 -0.18503035  0.18111606 -0.08863047]
 [-0.08926974 -0.02118931 -0.22700094  0.14223805 -0.1074476 ]
 [ 0.07817485  0.12403138  0.04493615 -0.10824097 -0.0980237 ]
 [-0.15615016 -0.06707411 -0.23688626 -0.14590997 -0.04379544]]
U = [[ 0.13826757  0.14053027  0.3041631   0.22786485 -0.03830374]
 [-0.23734877 -0.15746991  0.0091837   0.21583712  0.3133527 ]
 [ 0.20716459 -0.02152417 -0.214983   -0.17853197  0.18598875]
 [ 0.26454204 -0.02513159  0.3047793  -0.10926214 -0.09869154]
 [-0.02116476 -0.09957572 -0.30325974 -0.11085459 -0.00623191]]
Matrix Pair 41; W = [[ 0.22714164  0.0387      0.10145157 -0.09294231 -0.07095842]
 [-0.15809839 -0.38241557 -0.14450473  0.1967234  -0.04491464]
 [-0.05753393 -0.0964557  -0.23308348  0.17685781 -0.08454322]
 [ 0.07713514  0.17036721 -0.03975758 -0.09321355 -0.06620048]
 [-0.15234825 -0.12589077 -0.26209763 -0.23514355 -0.04092402]]
U = [[ 0.15980708  0.21731667  0.23054481  0.30436981 -0.0300051 ]
 [-0.24888258 -0.11967475  0.06453537  0.22280662  0.3417341 ]
 [ 0.15327496 -0.01430867 -0.17415359 -0.13901824  0.1785125 ]
 [ 0.25379075  0.02281949  0.24976574 -0.08790234 -0.11538633]
 [-0.02180838 -0.09215752 -0.30204072 -0.05517105 -0.02304277]]
Matrix Pair 42; W = [[ 0.21264685  0.02640583  0.06967908 -0.07427477 -0.00094313]
 [-0.19522931 -0.39299421 -0.10566516  0.26271976 -0.09724296]
 [-0.08709625 -0.08355192 -0.15975654  0.1861686  -0.06827337]
 [ 0.10855217  0.16767738  0.01426571 -0.11435759 -0.0946986 ]
 [-0.19660554 -0.09952201 -0.29467359 -0.18503561 -0.05533155]]
U = [[ 0.10554744  0.18355659  0.2419248   0.22220889 -0.03631712]
 [-0.21189936 -0.19080333  0.05910125  0.17039092  0.35068206]
 [ 0.1879392   0.02835295 -0.21659544 -0.11415763  0.20125391]
 [ 0.26586621 -0.06040528  0.24475958 -0.13525394 -0.13591155]
 [-0.02688351 -0.1067147  -0.30684619 -0.11102055 -0.08600395]]
Matrix Pair 43; W = [[ 2.22993707e-01  3.48092888e-02  1.63585778e-01 -1.05064149e-01
  -4.31433801e-02]
 [-1.93387841e-01 -4.52923809e-01 -1.89258406e-01  2.26788115e-01
  -1.13354971e-01]
 [-2.27459395e-02 -3.09092232e-02 -1.83585836e-01  1.41774169e-01
  -7.34163957e-02]
 [ 4.01772663e-02  1.57549410e-01  1.30111047e-04 -7.97918118e-02
  -9.45919836e-02]
 [-1.41213315e-01 -7.64118803e-02 -2.04489694e-01 -2.26147620e-01
  -2.06418310e-02]]
U = [[ 0.10210572  0.13483291  0.25455627  0.29291357 -0.05164118]
 [-0.27570021 -0.17908015  0.05194787  0.17184801  0.34349943]
 [ 0.12610472  0.00986543 -0.19985447 -0.18860133  0.18999425]
 [ 0.27313319  0.00928943  0.3251415  -0.08440869 -0.15399938]
 [-0.02039181 -0.14871701 -0.31343311 -0.05219486  0.00272244]]
Matrix Pair 44; W = [[ 0.25527686 -0.03418154  0.15505677 -0.0863061  -0.01726266]
 [-0.17377587 -0.43308176 -0.12412757  0.17066329 -0.07338421]
 [-0.02289299 -0.05784543 -0.22160729  0.15653433 -0.08839156]
 [ 0.03242684  0.12645263  0.02728678 -0.03803696 -0.09288285]
 [-0.19849891 -0.13369422 -0.27349973 -0.21007521 -0.07431571]]
U = [[ 0.19860405  0.20875652  0.23514519  0.23010953 -0.02160251]
 [-0.24678311 -0.15508883  0.03527958  0.14764085  0.36463835]
 [ 0.17046563  0.03651215 -0.16730302 -0.18383636  0.21759763]
 [ 0.26550785  0.03033541  0.27094279 -0.08361204 -0.12566232]
 [-0.08858827 -0.1215528  -0.23067585 -0.14529802 -0.03580591]]
Matrix Pair 45; W = [[ 0.21083258 -0.006651    0.15223277 -0.12147852 -0.04292896]
 [-0.20673934 -0.38742424 -0.16810284  0.17521031 -0.09955867]
 [-0.0407355  -0.03656428 -0.20069356  0.13009904 -0.14531602]
 [ 0.09110585  0.14256114 -0.02721165 -0.03720798 -0.07657866]
 [-0.15873821 -0.15921054 -0.29681398 -0.2052659  -0.0765033 ]]
U = [[ 0.18514328  0.13373765  0.29989249  0.25756368 -0.02018709]
 [-0.26681415 -0.15561789  0.05588373  0.20418151  0.27957871]
 [ 0.12225232  0.00156177 -0.25024957 -0.15032267  0.18769574]
 [ 0.2162427  -0.02187852  0.25338731 -0.1670794  -0.1238125 ]
 [-0.0204619  -0.12528676 -0.27318468 -0.11406683 -0.05071156]]
Matrix Pair 46; W = [[ 0.18725518  0.04031893  0.09583089 -0.09664432 -0.01231222]
 [-0.18278434 -0.41442695 -0.13981787  0.24565791 -0.12435441]
 [-0.07081105 -0.00224115 -0.23413106  0.14047352 -0.05953221]
 [ 0.02448173  0.09643988  0.00153672 -0.08696575 -0.04525264]
 [-0.16914251 -0.12385226 -0.25252209 -0.15978984 -0.06346291]]
U = [[ 0.1295196   0.13140435  0.21219151  0.22928989 -0.04530304]
 [-0.26970746 -0.1209242   0.0767636   0.14718184  0.2832398 ]
 [ 0.19884582  0.00986287 -0.16794979 -0.14810395  0.19529024]
 [ 0.25438365 -0.0542402   0.25928535 -0.09569734 -0.16687247]
 [-0.08570284 -0.148912   -0.2950947  -0.07886799 -0.02804656]]
Matrix Pair 47; W = [[ 0.22593305  0.02768544  0.07359185 -0.16373707 -0.035314  ]
 [-0.1637269  -0.41787396 -0.15782268  0.21807579 -0.08328959]
 [-0.07058461 -0.06951209 -0.1721809   0.09573304 -0.14193196]
 [ 0.02029224  0.15091194 -0.01273366 -0.08793401 -0.06198248]
 [-0.11539134 -0.07082716 -0.26223453 -0.23908778 -0.01791942]]
U = [[ 0.16245066  0.15669677  0.21771725  0.22055221 -0.09088756]
 [-0.1991031  -0.17996868 -0.00186655  0.22275772  0.32728216]
 [ 0.15790622 -0.04529177 -0.17339    -0.15911425  0.2044138 ]
 [ 0.18161827 -0.00853002  0.24732027 -0.0986201  -0.11336809]
 [-0.07216507 -0.14644445 -0.2429342  -0.10724088 -0.01458054]]
Matrix Pair 48; W = [[ 2.26455052e-01 -2.23655739e-03  1.72887614e-01 -4.36781475e-02
  -1.81566046e-02]
 [-1.32282500e-01 -4.16533535e-01 -3.54478263e-02  2.72667413e-01
  -1.19598906e-01]
 [-6.70896239e-02 -7.91289367e-02 -1.13981687e-01  1.47583667e-01
  -6.33842017e-02]
 [-2.38682570e-04  1.43745136e-01 -1.14743994e-02 -1.44626302e-01
  -4.21616348e-02]
 [-1.65897344e-01 -1.01481764e-01 -2.93213585e-01 -1.84878443e-01
  -2.31095006e-02]]
U = [[ 0.14982326  0.17377488  0.26790838  0.31243625 -0.07082993]
 [-0.22761882 -0.10177371  0.10112742  0.08724815  0.33875018]
 [ 0.23618147 -0.09692225 -0.1819361  -0.07769241  0.15306291]
 [ 0.21232983 -0.12720086  0.30466947 -0.07104011 -0.12064941]
 [-0.07105948  0.03863939 -0.30974064 -0.00362827  0.04220695]]
Matrix Pair 49; W = [[ 0.28374997 -0.03588099  0.19553647 -0.12915422  0.00782943]
 [-0.20021733 -0.42162702 -0.10640994  0.20178922 -0.09336086]
 [ 0.0006834  -0.07795177 -0.08453217  0.08985999 -0.11686816]
 [ 0.00446888  0.10921204 -0.04879879 -0.08531158 -0.07174811]
 [-0.16710415 -0.11754123 -0.30244041 -0.13693513 -0.00154934]]
U = [[ 0.14612686  0.20075452  0.27843917  0.30925345 -0.01400198]
 [-0.20156208 -0.15799631  0.07379642  0.14318767  0.31290777]
 [ 0.19644221 -0.08131664 -0.23779024  0.00387241  0.21261044]
 [ 0.1850043  -0.11296632  0.32279025 -0.07947012 -0.18983922]
 [-0.02082877 -0.03063285 -0.27686584 -0.05742762  0.0412997 ]]
Matrix Pair 50; W = [[ 0.24015967 -0.03269448  0.19722242 -0.06577636 -0.06585838]
 [-0.15889189 -0.45103197 -0.02683323  0.21783443 -0.15453702]
 [ 0.02152267 -0.08288481 -0.13471692  0.08776758 -0.03065095]
 [ 0.01200047  0.06727204  0.01548643 -0.09991674 -0.02722766]
 [-0.22221495 -0.10081201 -0.26654103 -0.14133482 -0.00837456]]
U = [[ 0.16640497  0.19846201  0.24845448  0.33861553 -0.0801639 ]
 [-0.25824257 -0.14888334  0.06099451  0.09933373  0.34121475]
 [ 0.21047441 -0.08411839 -0.2638466  -0.01228537  0.22926957]
 [ 0.27405271 -0.15346409  0.31880339 -0.05357229 -0.14708111]
 [-0.02933487 -0.05438648 -0.27800472 -0.05001938  0.01626147]]
Matrix Pair 51; W = [[ 0.26451264  0.01857054  0.17406882 -0.08461466 -0.01059501]
 [-0.17195333 -0.39972371 -0.10315873  0.18842031 -0.13428073]
 [-0.06272544 -0.11389525 -0.07563492  0.08474091 -0.10787261]
 [ 0.00100748  0.11270353 -0.03169766 -0.17592663 -0.08194503]
 [-0.19751866 -0.11468032 -0.2925119  -0.14446985 -0.04223905]]
U = [[ 0.11596816  0.21487495  0.34312644  0.3103154  -0.00466369]
 [-0.1681033  -0.1594393   0.059396    0.16778471  0.30761019]
 [ 0.21725964 -0.07909491 -0.22772363 -0.04334143  0.19289225]
 [ 0.20009461 -0.07582315  0.27782539 -0.12267595 -0.13007665]
 [-0.03871405 -0.01148295 -0.29402892 -0.01582689  0.05054824]]
Matrix Pair 52; W = [[ 0.25085792  0.0059716   0.14292122 -0.063649   -0.04034473]
 [-0.21101451 -0.41984304 -0.0500519   0.19200019 -0.10119328]
 [-0.04216954 -0.08472947 -0.1566832   0.12863864 -0.06575871]
 [ 0.04908959  0.05355025 -0.01172916 -0.14346313 -0.05198901]
 [-0.17570256 -0.0868811  -0.26970662 -0.16376964 -0.06690064]]
U = [[ 0.14813935  0.16090084  0.28021122  0.27586699 -0.02192691]
 [-0.24765302 -0.12886557  0.09970859  0.07868386  0.36357152]
 [ 0.22188188 -0.03142315 -0.18742673 -0.01680902  0.19325963]
 [ 0.21819285 -0.12328517  0.2430323  -0.04717547 -0.20260717]
 [-0.0953051   0.0300747  -0.30929637 -0.09178053  0.04080592]]
Matrix Pair 53; W = [[ 0.29207661 -0.05369414  0.14503941 -0.1162983  -0.02210148]
 [-0.1652781  -0.45018334 -0.08937862  0.22637535 -0.10080392]
 [ 0.01370163 -0.07249493 -0.12097543  0.08412315 -0.07538278]
 [ 0.03665353  0.13099892 -0.03721783 -0.13568516 -0.07268221]
 [-0.23949986 -0.13505323 -0.30474938 -0.12780703 -0.03917136]]
U = [[ 0.15995177  0.20900021  0.26314932  0.31876131 -0.06173834]
 [-0.25561161 -0.10866551  0.08926288  0.10412545  0.34773022]
 [ 0.15833125 -0.02616373 -0.22794203 -0.01849261  0.19704597]
 [ 0.19522261 -0.13733395  0.29137348 -0.07072152 -0.13589537]
 [-0.0764255   0.03047823 -0.27589468 -0.01007094  0.06291494]]
Matrix Pair 54; W = [[ 0.31948722 -0.00064492  0.17257697 -0.09583605 -0.01604901]
 [-0.12352426 -0.38010907 -0.03573092  0.2335604  -0.11523283]
 [-0.02332321 -0.0350258  -0.06771139  0.08995736 -0.07836889]
 [-0.02047664  0.09975787  0.01708111 -0.16234333 -0.01226196]
 [-0.22499906 -0.11973844 -0.27220114 -0.20967565 -0.07069173]]
U = [[ 0.10648443  0.22858261  0.25469613  0.31486078 -0.07707905]
 [-0.17804006 -0.11958271  0.06511297  0.16107122  0.37182166]
 [ 0.21033954 -0.04689741 -0.19069236 -0.05606233  0.22361186]
 [ 0.24133915 -0.12692016  0.26440615 -0.09898131 -0.20597454]
 [-0.01229851 -0.00816006 -0.29405133 -0.00825829  0.04231219]]
Matrix Pair 55; W = [[ 0.22432922 -0.02818605  0.13619193 -0.1150246  -0.00505813]
 [-0.16391855 -0.42068388 -0.06779069  0.20085205 -0.09390295]
 [ 0.0116457  -0.06907826 -0.14437089  0.1461206  -0.07551072]
 [ 0.05460347  0.12766018  0.0278446  -0.09387273 -0.00792586]
 [-0.22567541 -0.11828517 -0.25505453 -0.15282768 -0.03713165]]
U = [[ 0.09478343  0.18920152  0.32375454  0.28017106 -0.05745092]
 [-0.18736993 -0.117037    0.06785864  0.0769332   0.36185194]
 [ 0.15843944 -0.03017092 -0.17138016 -0.0363048   0.1451445 ]
 [ 0.19889085 -0.12139248  0.31680031 -0.1263401  -0.1102038 ]
 [-0.01641792 -0.0465753  -0.33203747 -0.02181901  0.06541606]]
Matrix Pair 56; W = [[ 0.2792237  -0.01833955  0.14888564 -0.12973217 -0.0187161 ]
 [-0.17371024 -0.37410061 -0.03727232  0.18393227 -0.12263406]
 [-0.04160078 -0.07195518 -0.10888022  0.17100285 -0.04193198]
 [ 0.06158139  0.10505021  0.01482897 -0.14217068  0.00970832]
 [-0.24908984 -0.15750645 -0.27725343 -0.12562657 -0.02391299]]
U = [[ 0.14107586  0.22380564  0.28756289  0.34446162 -0.05024621]
 [-0.19334806 -0.07997328  0.08376221  0.09910867  0.29707307]
 [ 0.20082506 -0.04071259 -0.19922205  0.00350165  0.19365691]
 [ 0.24243253 -0.16474641  0.30365921 -0.13667595 -0.19638952]
 [-0.00359499 -0.02882748 -0.35199082 -0.04231817  0.05691231]]
Matrix Pair 57; W = [[ 0.28547432 -0.00779462  0.1727135  -0.08658784 -0.06758403]
 [-0.13329096 -0.3657834  -0.02697946  0.27093761 -0.1483595 ]
 [-0.053543   -0.06536734 -0.11279271  0.09267525 -0.05315301]
 [ 0.02935602  0.11952915 -0.02379743 -0.17864588 -0.04013166]
 [-0.21900035 -0.07623157 -0.27180446 -0.19894381  0.02269257]]
U = [[ 0.14860817  0.19704999  0.2914147   0.29940469 -0.02951772]
 [-0.25399826 -0.1178991   0.03683253  0.13105536  0.32533888]
 [ 0.17732082 -0.04269927 -0.16925595 -0.05740178  0.18299004]
 [ 0.19207526 -0.08171016  0.29574096 -0.13013992 -0.11125729]
 [-0.09435646  0.03057566 -0.28951689 -0.05803162 -0.01094447]]
Matrix Pair 58; W = [[ 0.24713196  0.0194139   0.16468272 -0.09473533 -0.06707632]
 [-0.16206786 -0.3579025  -0.06882838  0.27391975 -0.08875616]
 [-0.02199655 -0.07390492 -0.11579375  0.16414157 -0.10082821]
 [ 0.0653756   0.07125194  0.00046113 -0.13494373 -0.02480831]
 [-0.18395947 -0.11237296 -0.2410709  -0.15066892 -0.00349519]]
U = [[ 0.09321238  0.24139623  0.32116543  0.31854012  0.00131949]
 [-0.15937081 -0.13512603  0.11573999  0.10425205  0.2887573 ]
 [ 0.22489777 -0.07237354 -0.18522227  0.00056789  0.13308752]
 [ 0.27195766 -0.06757238  0.23869901 -0.06274813 -0.1429623 ]
 [-0.07129727 -0.0081141  -0.29354547 -0.02520077  0.0727341 ]]
Matrix Pair 59; W = [[ 0.3001303  -0.01425402  0.12437339 -0.12598471 -0.02124819]
 [-0.16714461 -0.45004706 -0.0751312   0.25459202 -0.13335184]
 [ 0.00137538 -0.0898249  -0.0688436   0.10156865 -0.02854789]
 [ 0.01167889  0.07978927 -0.04038182 -0.11158074 -0.02820825]
 [-0.16303361 -0.12313195 -0.27260266 -0.13350571  0.00531112]]
U = [[ 0.1710929   0.17585609  0.33274069  0.29554362 -0.04473899]
 [-0.19440149 -0.08008975  0.06586458  0.11288386  0.34111918]
 [ 0.24434983 -0.05398301 -0.22188837 -0.02007247  0.14627537]
 [ 0.27404531 -0.08529274  0.30171959 -0.088097   -0.11575097]
 [-0.03759172  0.00381036 -0.30350213 -0.04771486  0.0658589 ]]
Matrix Pair 60; W = [[ 0.29659976 -0.00128725  0.18482552 -0.0383994   0.00151208]
 [-0.16597581 -0.42058482 -0.04877105  0.20127218 -0.11929528]
 [-0.04173309 -0.03236345 -0.08411256  0.1210122  -0.10125005]
 [ 0.04601642  0.14305213  0.01963817 -0.17705299 -0.05742364]
 [-0.20599784 -0.11569299 -0.30276904 -0.13248722 -0.00294583]]
U = [[ 0.13849504  0.17789764  0.29840289  0.28116174 -0.03206871]
 [-0.1688275  -0.14394099  0.12745065  0.1337667   0.28228594]
 [ 0.17159471 -0.08358121 -0.2052291  -0.08306653  0.16611104]
 [ 0.22259327 -0.16025653  0.23181695 -0.14382306 -0.19846586]
 [-0.048985    0.02109515 -0.28993392  0.00687722  0.0596546 ]]
Matrix Pair 61; W = [[ 0.23280312  0.01801625  0.19539488 -0.0685296   0.02525062]
 [-0.18877126 -0.38117734 -0.05927749  0.25405102 -0.12986191]
 [ 0.0165637  -0.09840194 -0.12835148  0.08640301 -0.07340065]
 [ 0.02855519  0.10435116 -0.0052059  -0.10369334 -0.06278269]
 [-0.22855572 -0.10473297 -0.26303336 -0.16927531  0.02380321]]
U = [[ 0.13661062  0.17945306  0.28512078  0.25401678 -0.03978929]
 [-0.2278723  -0.12058557  0.04771621  0.09949403  0.29223486]
 [ 0.19009311 -0.0459929  -0.25602255 -0.00189485  0.16128864]
 [ 0.23240258 -0.12225299  0.28633767 -0.13661234 -0.12141974]
 [ 0.00245888  0.00093303 -0.29212893 -0.01016009  0.01263307]]
Matrix Pair 62; W = [[ 0.27073005 -0.0324113   0.11700871 -0.06748166 -0.00509603]
 [-0.15238957 -0.45071362 -0.1179837   0.24511757 -0.13384518]
 [-0.06365113 -0.04681205 -0.07549772  0.09511013 -0.06908411]
 [ 0.05027395  0.055346    0.02236768 -0.11400951 -0.02270168]
 [-0.2259928  -0.15597589 -0.22920992 -0.12301256 -0.07374873]]
U = [[ 0.10257338  0.1905792   0.332006    0.32225865 -0.05559387]
 [-0.18752725 -0.06613268  0.03573338  0.10790687  0.30179545]
 [ 0.20124644  0.00072528 -0.16799789 -0.01187299  0.15265714]
 [ 0.26244369 -0.13124443  0.28380272 -0.06069549 -0.11070523]
 [ 0.00330481 -0.02132597 -0.31133845 -0.02602445  0.02868093]]
Matrix Pair 63; W = [[ 0.27416058 -0.06240004  0.17741399 -0.12327361 -0.05020466]
 [-0.12561637 -0.38860577 -0.05789446  0.1864877  -0.10237818]
 [-0.02787614 -0.09654842 -0.12460861  0.08455611 -0.07209237]
 [-0.01959669  0.13237698 -0.02821973 -0.09629054 -0.02529494]
 [-0.23645021 -0.06386164 -0.24151898 -0.12861071 -0.00640127]]
U = [[ 0.16760058  0.24010443  0.28235005  0.27893166 -0.02271107]
 [-0.18171438 -0.12222388  0.13428932  0.15530083  0.36238058]
 [ 0.23826138 -0.05708071 -0.22704021 -0.08844274  0.22946613]
 [ 0.24701366 -0.10033657  0.29254339 -0.06866605 -0.15657629]
 [-0.02458326  0.01985194 -0.29923158 -0.07206321  0.02556199]]
Matrix Pair 64; W = [[ 0.32678168 -0.05012722  0.13059846 -0.17015852 -0.08906085]
 [-0.18084937 -0.39165747 -0.14185926  0.20440013 -0.10315148]
 [-0.05664211 -0.03119718 -0.13883681  0.12561098 -0.07311746]
 [ 0.11285394  0.11627941  0.01326187 -0.00286421 -0.02994262]
 [-0.1932819  -0.12718043 -0.34915905 -0.25611993  0.00390948]]
U = [[ 0.17935759  0.20211212  0.22723591  0.2945837  -0.000329  ]
 [-0.23483411 -0.04076115  0.0901491   0.12743448  0.24038534]
 [ 0.27210685 -0.01277854 -0.20540704 -0.13970388  0.20371686]
 [ 0.15928637 -0.08358652  0.26867803 -0.15795994 -0.18755066]
 [-0.09156451 -0.08603418 -0.24789899  0.01261785  0.01949596]]
Matrix Pair 65; W = [[ 0.31431034 -0.05735037  0.12964554 -0.19497418 -0.08695261]
 [-0.1568335  -0.4149739  -0.13684329  0.18686421 -0.06516927]
 [-0.00927246 -0.00347843 -0.07854515  0.09039929 -0.07390705]
 [ 0.09692851  0.04778829 -0.00593311 -0.06449154 -0.05670979]
 [-0.19566911 -0.11218657 -0.35140854 -0.24515357 -0.0388186 ]]
U = [[ 0.14002127  0.13051838  0.21890429  0.25935935 -0.06472855]
 [-0.23160451 -0.06185406  0.04845597  0.11663744  0.23744418]
 [ 0.21343009  0.02308466 -0.25147366 -0.08424574  0.20915781]
 [ 0.20641205 -0.07778785  0.31129573 -0.08745896 -0.15522594]
 [-0.06109429 -0.08211009 -0.29024757 -0.07372806 -0.0571299 ]]
Matrix Pair 66; W = [[ 0.27603194  0.00343094  0.19478894 -0.16190229 -0.05081627]
 [-0.17302819 -0.43387596 -0.05917078  0.196847   -0.12721318]
 [-0.07308283 -0.05088876 -0.12470074  0.06020628 -0.1020377 ]
 [ 0.08261142  0.06642636 -0.00115594 -0.06810011 -0.05619046]
 [-0.15391395 -0.13905899 -0.2993195  -0.24193633 -0.00213382]]
U = [[ 0.16726664  0.19951086  0.25047504  0.23331514 -0.07054808]
 [-0.27468877 -0.09326571  0.05393131  0.14383131  0.2998586 ]
 [ 0.27982244 -0.00989859 -0.28227414 -0.1126691   0.13132797]
 [ 0.24017039 -0.04654102  0.24614867 -0.0710249  -0.16038805]
 [-0.0126589  -0.14649089 -0.2876613  -0.05655167  0.01829788]]
Matrix Pair 67; W = [[ 0.25448736 -0.01071273  0.13928695 -0.16344758 -0.06117671]
 [-0.19188201 -0.3604064  -0.10849355  0.23820542 -0.06116564]
 [ 0.01940475 -0.06701126 -0.10682688  0.0725564  -0.11080572]
 [ 0.11621695  0.03192436 -0.00319105 -0.06359781 -0.04287028]
 [-0.19291273 -0.10888789 -0.27887057 -0.19906868  0.00796925]]
U = [[ 0.13497189  0.2053996   0.25682545  0.23364188 -0.04263063]
 [-0.2124514  -0.03926179  0.04718822  0.14856803  0.27941702]
 [ 0.2470667  -0.00637135 -0.22207488 -0.07510097  0.15857079]
 [ 0.17426112 -0.11647675  0.30712543 -0.13470925 -0.19397613]
 [-0.09818541 -0.10725098 -0.33010627 -0.06870142 -0.02395834]]
Matrix Pair 68; W = [[ 0.31301878  0.02552752  0.11971993 -0.17972692 -0.09687245]
 [-0.2068538  -0.36130965 -0.09000152  0.20055517 -0.07264744]
 [-0.05083028 -0.0867331  -0.09932384  0.0638415  -0.12709683]
 [ 0.02563379  0.06724567  0.05630812 -0.07828052 -0.02345729]
 [-0.15129327 -0.1234123  -0.35776914 -0.20252491  0.02820988]]
U = [[ 0.10372909  0.17335069  0.25723045  0.22928967  0.00424484]
 [-0.22570443 -0.12176438  0.00792157  0.10309863  0.28049955]
 [ 0.26081739  0.02616078 -0.26518727 -0.08061162  0.21307229]
 [ 0.20915223 -0.09996517  0.28670302 -0.07443043 -0.1141443 ]
 [-0.09042732 -0.15060591 -0.29813207  0.0020116   0.03607364]]
Matrix Pair 69; W = [[ 0.34201775 -0.05238795  0.1213148  -0.20498916 -0.10620681]
 [-0.22771576 -0.36520959 -0.11181066  0.24508606 -0.13147608]
 [-0.04678464 -0.00148957 -0.09386652  0.06033986 -0.08185133]
 [ 0.09522721  0.09231691  0.05609238 -0.04587538 -0.05165424]
 [-0.13000385 -0.1036506  -0.27325084 -0.19964103  0.00933294]]
U = [[ 0.12025254  0.13288826  0.25776503  0.28886278 -0.01602497]
 [-0.22762231 -0.11813673  0.09900422  0.13747434  0.25911469]
 [ 0.23136718  0.01387721 -0.24223502 -0.10521918  0.19916856]
 [ 0.23780564 -0.089407    0.24370204 -0.11946108 -0.12520841]
 [-0.03032838 -0.09554855 -0.30783067 -0.04799065  0.01487938]]
Matrix Pair 70; W = [[ 0.31971184  0.02822287  0.11951732 -0.15186326 -0.01886435]
 [-0.17580334 -0.42518132 -0.13493764  0.1687457  -0.06508496]
 [-0.03325579 -0.04844213 -0.10902328  0.08263541 -0.12546216]
 [ 0.11496442  0.02892783  0.0622103  -0.07430731 -0.10299623]
 [-0.19557778 -0.15098693 -0.30684823 -0.23665752 -0.01614224]]
U = [[ 0.1803819   0.13670193  0.2881231   0.22879751 -0.0408889 ]
 [-0.2457559  -0.04531343  0.08863348  0.09481669  0.2628639 ]
 [ 0.22391783 -0.00616615 -0.25878219 -0.06795155  0.14698512]
 [ 0.23807563 -0.11710505  0.32910715 -0.08525698 -0.173467  ]
 [-0.05425498 -0.08401317 -0.340682   -0.05537873  0.00702776]]
Matrix Pair 71; W = [[ 0.32431975 -0.06067325  0.20640864 -0.20958872 -0.10009637]
 [-0.21904791 -0.37101917 -0.0531353   0.24268933 -0.10289857]
 [ 0.00729659 -0.05563915 -0.15084826  0.12602602 -0.11521307]
 [ 0.03518386  0.03951119 -0.00509641 -0.06274454 -0.09677077]
 [-0.20312373 -0.17254161 -0.31801888 -0.24702697 -0.0164262 ]]
U = [[ 0.12438387  0.1957242   0.22289782  0.23687251 -0.06685247]
 [-0.25084645 -0.12154769  0.01926161  0.14302497  0.24241468]
 [ 0.27077646 -0.06440737 -0.27445063 -0.14390347  0.13017197]
 [ 0.24370877 -0.06780528  0.28757228 -0.06409882 -0.17823265]
 [-0.01036966 -0.09312434 -0.25229082 -0.02457147  0.01167554]]
Matrix Pair 72; W = [[ 0.32777938  0.01886086  0.17425114 -0.1536964  -0.05745121]
 [-0.17060714 -0.39999834 -0.14664423  0.17713323 -0.12517409]
 [-0.00989147 -0.07959601 -0.11601799  0.02812678 -0.12513066]
 [ 0.07448243  0.04941964 -0.00796276  0.00907316 -0.03723484]
 [-0.21908792 -0.11197891 -0.32360296 -0.20853593  0.02096083]]
U = [[ 0.13464104  0.13072448  0.24092553  0.26218558 -0.04805922]
 [-0.26420932 -0.09967372  0.00439918  0.09417977  0.28736571]
 [ 0.24304774 -0.02886079 -0.22090849 -0.06977247  0.16164672]
 [ 0.19856601 -0.06961682  0.27529762 -0.10927465 -0.1074458 ]
 [-0.00831226 -0.12406407 -0.30989085  0.00264696 -0.05392404]]
Matrix Pair 73; W = [[ 0.29975343  0.00244948  0.18401732 -0.23003904 -0.06900534]
 [-0.1558164  -0.41061316 -0.14124614  0.18243101 -0.0817736 ]
 [-0.04297902 -0.0070246  -0.06741893  0.11928469 -0.07842968]
 [ 0.11944235  0.11285326 -0.02526106 -0.05755858 -0.06818067]
 [-0.21178223 -0.13742936 -0.30080718 -0.17437597 -0.04048451]]
U = [[ 0.1681771   0.16536855  0.29789696  0.22203564 -0.06872083]
 [-0.27363146 -0.05401724  0.05521183  0.16338783  0.25334098]
 [ 0.1932416   0.02089823 -0.21811945 -0.14371297  0.21253677]
 [ 0.18631842 -0.0859291   0.32544561 -0.14020339 -0.15971486]
 [-0.04629318 -0.12201334 -0.28463386  0.00234897 -0.04854376]]
Matrix Pair 74; W = [[ 0.26788195  0.01307274  0.14216983 -0.2117345  -0.08737427]
 [-0.16942397 -0.38569203 -0.14940535  0.20373994 -0.14590071]
 [-0.05094524 -0.06561552 -0.1139275   0.11922489 -0.03961041]
 [ 0.10163668  0.1036358  -0.0266026   0.01402342 -0.04965428]
 [-0.15631748 -0.1872071  -0.28742702 -0.18817413  0.00773402]]
U = [[ 0.14474759  0.20964966  0.23458021  0.31125781 -0.06203521]
 [-0.27827912 -0.05156193  0.01465204  0.13533945  0.2678967 ]
 [ 0.19947473 -0.03591927 -0.23253461 -0.14128432  0.20895158]
 [ 0.19222754 -0.10619743  0.31387422 -0.14224247 -0.10458182]
 [-0.056405   -0.09728645 -0.28886815  0.01140304  0.02397553]]
Matrix Pair 75; W = [[ 0.29774295 -0.02148448  0.20837643 -0.16639092 -0.05509407]
 [-0.22947064 -0.37225244 -0.08065437  0.22366751 -0.05391624]
 [-0.0389467  -0.05602012 -0.08763413  0.04266537 -0.12401007]
 [ 0.11814683  0.05346489 -0.01599313  0.00783679 -0.01511266]
 [-0.16493606 -0.17817118 -0.28939406 -0.19780055 -0.03184252]]
U = [[ 0.16299149  0.1255687   0.21023718  0.30395244 -0.02939574]
 [-0.21907253 -0.05185627  0.05852253  0.1018692   0.285233  ]
 [ 0.22681171  0.0019903  -0.25763986 -0.07935752  0.18903254]
 [ 0.21176752 -0.09350385  0.24011261 -0.15443779 -0.14807395]
 [-0.09093659 -0.1063102  -0.27234666 -0.01407655 -0.01632102]]
Matrix Pair 76; W = [[ 0.32184187 -0.03122034  0.20272172 -0.17443945 -0.05056704]
 [-0.18232125 -0.42913724 -0.05684029  0.22914386 -0.05853821]
 [-0.07103991 -0.06846972 -0.13862533  0.11873556 -0.06249821]
 [ 0.05107955  0.12502997  0.01460307 -0.02571262 -0.10650051]
 [-0.22399607 -0.18916336 -0.31824221 -0.17872558 -0.04264843]]
U = [[ 0.16022399  0.12302913  0.28978086  0.29629543 -0.07854743]
 [-0.25898085 -0.13285086  0.07424715  0.12563734  0.25081781]
 [ 0.19614334 -0.00527457 -0.20895328 -0.13605188  0.19458081]
 [ 0.17878544 -0.0458738   0.3092631  -0.08973178 -0.11535898]
 [-0.03362355 -0.11871736 -0.24567232 -0.00984115 -0.0287727 ]]
Matrix Pair 77; W = [[ 0.27443068 -0.06605555  0.21518985 -0.18345855 -0.0227207 ]
 [-0.19917149 -0.34813267 -0.1069484   0.24463862 -0.12160659]
 [-0.02166675 -0.02842426 -0.15278352  0.10626961 -0.10217861]
 [ 0.09026609  0.09863032  0.06752876  0.01576362 -0.07864637]
 [-0.13484655 -0.18759648 -0.30436817 -0.23867274 -0.00771426]]
U = [[ 0.18222831  0.13524036  0.22758362  0.27898975  0.01821382]
 [-0.28465914 -0.0968966   0.02529981  0.10415005  0.23536253]
 [ 0.21004147  0.01372203 -0.21739941 -0.13590971  0.19066089]
 [ 0.23347658 -0.07636303  0.29543577 -0.14245551 -0.14049591]
 [-0.06471669 -0.05710271 -0.2621657  -0.03660636 -0.05374576]]
Matrix Pair 78; W = [[ 0.33270021 -0.05987934  0.21271004 -0.22341722 -0.0991027 ]
 [-0.17502515 -0.35278589 -0.11565499  0.26222767 -0.11835413]
 [-0.00111539 -0.01124774 -0.13071679  0.11532461 -0.12335233]
 [ 0.06378389  0.05805366  0.0505586  -0.06869186 -0.02619972]
 [-0.22355384 -0.09477892 -0.36673816 -0.1841434  -0.05928474]]
U = [[ 0.11131032  0.16532782  0.22218271  0.29165929  0.00358859]
 [-0.24520306 -0.1083307   0.07520822  0.19065036  0.25564573]
 [ 0.20855078 -0.03759942 -0.22050329 -0.06381124  0.12444607]
 [ 0.20951085 -0.02056886  0.26749127 -0.09616111 -0.16758583]
 [-0.0028113  -0.15340226 -0.26056031 -0.01415973 -0.03435098]]
Matrix Pair 79; W = [[ 0.25460948 -0.03364953  0.13486194 -0.15638824 -0.0165844 ]
 [-0.14899226 -0.36324912 -0.12148654  0.24429275 -0.10920794]
 [-0.06081864 -0.08676093 -0.13259222  0.12274664 -0.03548997]
 [ 0.05516592  0.11480141  0.02450769 -0.08120469 -0.08722592]
 [-0.18767861 -0.17876236 -0.28387789 -0.2425824  -0.047907  ]]
U = [[ 0.15528929  0.18519056  0.2201164   0.24031967 -0.06173891]
 [-0.19670023 -0.05090218  0.02858332  0.13354076  0.30576829]
 [ 0.28021349 -0.01733763 -0.20052138 -0.07196224  0.20330573]
 [ 0.15396595 -0.01798161  0.30567252 -0.09854842 -0.10445804]
 [-0.05738316 -0.09326365 -0.28015779 -0.02014709  0.01636963]]
Matrix Pair 80; W = [[ 0.30020071  0.06191969  0.12374941 -0.12595462  0.00201857]
 [-0.17566621 -0.41509114 -0.0569213   0.2695299  -0.08050149]
 [ 0.00894326 -0.07261356 -0.18132484  0.10541558 -0.02190787]
 [ 0.05105737  0.07851414  0.03553394 -0.14042405 -0.1015572 ]
 [-0.11920048 -0.07621958 -0.32857563 -0.16496454 -0.00835868]]
U = [[ 0.18231909  0.12996187  0.27245738  0.21898177 -0.09351932]
 [-0.24834856 -0.152593    0.06606876  0.14665911  0.3016551 ]
 [ 0.15428443 -0.06193663 -0.1886334  -0.13267419  0.14405386]
 [ 0.18948209 -0.08141186  0.25709647 -0.17195472 -0.12860236]
 [-0.00197331 -0.01572936 -0.29994976 -0.07581864 -0.02740424]]
Matrix Pair 81; W = [[ 0.27612386  0.07766565  0.11021151 -0.13151945 -0.04320531]
 [-0.12442853 -0.42258627 -0.00611846  0.28195693 -0.12648643]
 [ 0.00427581 -0.05476893 -0.20036755  0.15760812  0.00300623]
 [ 0.04117812  0.08874382 -0.02510361 -0.08201125 -0.0719613 ]
 [-0.10567761 -0.13905592 -0.29408513 -0.15926827  0.0141407 ]]
U = [[ 0.16262752  0.20456672  0.25968673  0.29245872 -0.07609062]
 [-0.2370465  -0.14704275  0.05760466  0.18292888  0.33626229]
 [ 0.12054359 -0.04798888 -0.19762358 -0.13558633  0.08658532]
 [ 0.2128488  -0.06354693  0.2022776  -0.09979062 -0.17902407]
 [ 0.00179681  0.00123391 -0.35511982 -0.11126815  0.05451485]]
Matrix Pair 82; W = [[ 0.24138157 -0.00235562  0.17916425 -0.11528272 -0.07814742]
 [-0.15005404 -0.42960694 -0.09230491  0.25599848 -0.1304318 ]
 [-0.02144803 -0.04093868 -0.13983993  0.08762706 -0.02640765]
 [ 0.00658753  0.08737823  0.00532104 -0.05502353 -0.09839097]
 [-0.14458696 -0.13939185 -0.26302946 -0.13944236  0.0188352 ]]
U = [[ 0.15378303  0.12111778  0.21401633  0.28046896 -0.08321387]
 [-0.23979732 -0.12555582 -0.00045741  0.21513398  0.32717013]
 [ 0.14457211 -0.04423939 -0.1881169  -0.16472795  0.1705227 ]
 [ 0.21680659 -0.04975246  0.23151715 -0.14738663 -0.1510484 ]
 [-0.02070942 -0.04558664 -0.35257564 -0.05288918 -0.02998287]]
Matrix Pair 83; W = [[ 0.28479404 -0.01812571  0.19628456 -0.10374221 -0.06146372]
 [-0.20887354 -0.42630335 -0.04650171  0.3006026  -0.04985796]
 [ 0.03119067 -0.05126546 -0.174073    0.1321155  -0.07091548]
 [ 0.05100075  0.10651042 -0.01171064 -0.12841588 -0.03492451]
 [-0.10677117 -0.14737611 -0.31206973 -0.19456746  0.00754992]]
U = [[ 0.16396666  0.1773114   0.29325666  0.22844361 -0.0797326 ]
 [-0.19305236 -0.11996017  0.02511137  0.20433935  0.29831515]
 [ 0.15251331 -0.00841072 -0.16897582 -0.1228807   0.17437707]
 [ 0.23038848 -0.10355116  0.20682661 -0.16911167 -0.15900509]
 [-0.03835291  0.00297538 -0.33360286 -0.11462109  0.06073756]]
Matrix Pair 84; W = [[ 0.32329497  0.06887671  0.12999557 -0.13597354 -0.02297953]
 [-0.16474225 -0.44814144 -0.04457334  0.26240203 -0.08241567]
 [ 0.00989963 -0.03592746 -0.15217637  0.11166131 -0.07119936]
 [ 0.04577256  0.10564426 -0.05408097 -0.14439721 -0.10316261]
 [-0.16107039 -0.09037134 -0.35189346 -0.11750776 -0.0271683 ]]
U = [[ 0.17470114  0.20496956  0.27316426  0.20211995 -0.10133713]
 [-0.2389421  -0.17434462  0.00526255  0.21645998  0.27303122]
 [ 0.16715523 -0.01274376 -0.17090447 -0.10598343  0.11975491]
 [ 0.1733442  -0.10391589  0.20172678 -0.14811429 -0.18730717]
 [-0.0182833  -0.00882347 -0.35796584 -0.02827451  0.02965799]]
Matrix Pair 85; W = [[ 0.28856583  0.03231215  0.12894938 -0.08707731 -0.03312214]
 [-0.1497294  -0.45183123 -0.0264976   0.26056955 -0.13028286]
 [ 0.01450457 -0.02943283 -0.16371643  0.14656316 -0.00763019]
 [ 0.00851832  0.12309946 -0.05048049 -0.07134299 -0.03171215]
 [-0.17145376 -0.09278687 -0.26220056 -0.19767981  0.00492884]]
U = [[ 0.21886476  0.14837774  0.21671943  0.24290316 -0.03321272]
 [-0.20705935 -0.1038292   0.061689    0.14375473  0.26126647]
 [ 0.13056768 -0.0526347  -0.22793673 -0.09393904  0.12150755]
 [ 0.17108775 -0.08427301  0.24851994 -0.15806329 -0.11867997]
 [-0.05537619 -0.03270289 -0.3027713  -0.10069118  0.05070736]]
Matrix Pair 86; W = [[ 0.28082578  0.01244316  0.19616511 -0.1143432  -0.08055504]
 [-0.15542947 -0.36136461 -0.01541514  0.29139053 -0.04260064]
 [ 0.04624268 -0.01770681 -0.1892168   0.08776004 -0.02814005]
 [ 0.03270937  0.0385839   0.03953226 -0.05442265 -0.11296134]
 [-0.15668243 -0.11102597 -0.28899966 -0.19661948  0.00461464]]
U = [[ 0.17015811  0.15909654  0.20671699  0.20224094 -0.07000633]
 [-0.18680534 -0.125873    0.05134033  0.167526    0.30068589]
 [ 0.12745286 -0.06086741 -0.23860225 -0.14545493  0.16599249]
 [ 0.20360285 -0.06342527  0.21666593 -0.12534587 -0.12163152]
 [-0.08854083 -0.08477044 -0.30563608 -0.03878832 -0.00165845]]
Matrix Pair 87; W = [[ 0.25809355 -0.00457392  0.1805748  -0.09038477 -0.05747483]
 [-0.13175434 -0.375858   -0.09579184  0.27938026 -0.09832883]
 [ 0.01137035 -0.05612218 -0.17024137  0.13014024 -0.02237321]
 [ 0.04694083  0.04072411  0.02856645 -0.13909002 -0.08706703]
 [-0.11791626 -0.14435822 -0.31510261 -0.20915972 -0.0334548 ]]
U = [[ 0.17998058  0.18268321  0.26834023  0.22955633 -0.07753757]
 [-0.17267192 -0.14308394  0.05677504  0.13247214  0.34072896]
 [ 0.17373642 -0.02542711 -0.18020668 -0.1177333   0.169463  ]
 [ 0.17829945 -0.02949758  0.2386568  -0.15461483 -0.12552281]
 [-0.04959812 -0.04933049 -0.32107264 -0.09154952 -0.00883734]]
Matrix Pair 88; W = [[ 0.26079027  0.02944596  0.10006385 -0.11511417 -0.02139583]
 [-0.19451107 -0.39821179 -0.0226382   0.27728138 -0.13145272]
 [ 0.013311   -0.05218644 -0.14349327  0.13461704 -0.0633986 ]
 [ 0.03353023  0.06400022  0.02796032 -0.06989683 -0.09424422]
 [-0.15058626 -0.08173633 -0.31364519 -0.11701625 -0.06164689]]
U = [[ 0.22400293  0.17266684  0.25441283  0.25338032 -0.03064795]
 [-0.18528218 -0.17926713  0.03220175  0.15685026  0.34909204]
 [ 0.11970862 -0.02118117 -0.16259527 -0.12879747  0.12869839]
 [ 0.19946672 -0.02844234  0.2484533  -0.11481553 -0.13998964]
 [-0.08841456 -0.0452884  -0.31384038 -0.06845356  0.00730895]]
Matrix Pair 89; W = [[ 0.24682693  0.06964041  0.10453379 -0.1043497   0.01328574]
 [-0.19226612 -0.42481399 -0.10314553  0.21720262 -0.10938673]
 [-0.01718942 -0.07653186 -0.15713109  0.18027355 -0.03285671]
 [ 0.04170778  0.06082277  0.00795629 -0.08083065 -0.03590046]
 [-0.13059495 -0.08152392 -0.30273296 -0.15457261  0.02031689]]
U = [[ 0.16594982  0.16305919  0.25934715  0.24455952 -0.09716554]
 [-0.19288519 -0.17732586  0.06079484  0.2012368   0.25671334]
 [ 0.12507223 -0.06282066 -0.16711534 -0.14147987  0.17935167]
 [ 0.2045611  -0.10718458  0.21952027 -0.17464381 -0.18061388]
 [-0.02984503 -0.02139223 -0.3496838  -0.0232827  -0.02640446]]
Matrix Pair 90; W = [[ 0.24310066 -0.01500955  0.16699131 -0.15060125 -0.0522077 ]
 [-0.14927334 -0.42076547 -0.04534611  0.29188639 -0.07098261]
 [-0.0186443  -0.06502094 -0.1966166   0.13619495 -0.04702273]
 [ 0.0708243   0.11509382  0.02771432 -0.07057942 -0.02769581]
 [-0.17847581 -0.07731376 -0.29424517 -0.14863285  0.01501207]]
U = [[ 0.17310914  0.19639245  0.27695909  0.25454386 -0.0991394 ]
 [-0.25172469 -0.16803056 -0.01451183  0.16410152  0.3103972 ]
 [ 0.1660326  -0.07081766 -0.23567486 -0.09818714  0.17281641]
 [ 0.16637119 -0.01831373  0.24848567 -0.09625589 -0.15254379]
 [-0.01658067 -0.04005009 -0.37179359 -0.04779601  0.02199513]]
Matrix Pair 91; W = [[ 0.29208188 -0.0022417   0.14386386 -0.08270726 -0.04131578]
 [-0.20200711 -0.36111133 -0.09008628  0.25815973 -0.11039876]
 [-0.01827494 -0.04990567 -0.12502182  0.11822419 -0.06038581]
 [ 0.08988418  0.03414211 -0.0216083  -0.08160768 -0.06981461]
 [-0.1461573  -0.09755689 -0.28959651 -0.12846828  0.01569097]]
U = [[ 0.19620992  0.15108757  0.22673233  0.21063811 -0.11016195]
 [-0.17416726 -0.10564493  0.04710232  0.1772874   0.33053045]
 [ 0.14520336 -0.04047993 -0.23308626 -0.16364778  0.12857872]
 [ 0.15713762 -0.04321214  0.1930397  -0.10873878 -0.13156357]
 [-0.01987438 -0.03858969 -0.27976328 -0.02205421 -0.01701594]]
Matrix Pair 92; W = [[ 0.25719147  0.04348357  0.16035062 -0.1382407  -0.05943679]
 [-0.20739003 -0.43098412 -0.02836554  0.21362197 -0.08683129]
 [-0.03603383 -0.03543104 -0.14462336  0.17767225 -0.03029007]
 [ 0.07016306  0.05113665  0.03506961 -0.07655134 -0.05182879]
 [-0.18248759 -0.0673305  -0.34163041 -0.2015947   0.00265131]]
U = [[ 0.15750592  0.16559548  0.28929398  0.29172242 -0.10150272]
 [-0.23045884 -0.09877144  0.05657494  0.16494928  0.29267564]
 [ 0.18065839 -0.00182897 -0.23951782 -0.14626581  0.12204955]
 [ 0.19131068 -0.07625089  0.21048103 -0.09809323 -0.19564991]
 [-0.00202406 -0.08272342 -0.28722599 -0.06401586  0.03870195]]
Matrix Pair 93; W = [[ 0.24332887  0.01183728  0.17047105 -0.07848664 -0.01389768]
 [-0.16714857 -0.36148749 -0.06154415  0.22904345 -0.09397943]
 [-0.00524091 -0.02424539 -0.2048129   0.114197   -0.00254514]
 [ 0.00478681  0.13180145  0.01662701 -0.10360861 -0.08597583]
 [-0.11385464 -0.13542992 -0.28135305 -0.20263117 -0.01779849]]
U = [[ 1.64685942e-01  1.85938756e-01  2.97301040e-01  2.08660029e-01
  -6.15302954e-02]
 [-2.46204669e-01 -1.19893724e-01  5.67683289e-02  1.49618639e-01
   3.21801328e-01]
 [ 1.87865105e-01  1.05286638e-02 -2.26747055e-01 -1.16140858e-01
   1.63294967e-01]
 [ 2.04422615e-01 -7.40870945e-02  2.49444498e-01 -9.24958338e-02
  -1.92470794e-01]
 [ 2.27520503e-04 -8.26195565e-03 -3.06588578e-01 -5.59805326e-02
   1.06709868e-03]]
Matrix Pair 94; W = [[ 0.2992421   0.00505815  0.10011148 -0.06717436 -0.01993077]
 [-0.11455772 -0.39819004 -0.07772139  0.27019793 -0.05703501]
 [ 0.05191222 -0.07013442 -0.13233528  0.09325978 -0.04596777]
 [ 0.0240266   0.06231565  0.03809836 -0.09985085 -0.07207297]
 [-0.10302109 -0.08105028 -0.27720967 -0.14758054 -0.01613057]]
U = [[ 0.19579314  0.20612442  0.29722509  0.28175695 -0.02339279]
 [-0.19682566 -0.12214064  0.04387136  0.18792885  0.2598201 ]
 [ 0.19635847 -0.06974725 -0.19816299 -0.16234235  0.12161595]
 [ 0.17819798 -0.04647754  0.22169485 -0.10827513 -0.19811275]
 [-0.08750243  0.00442652 -0.3281552  -0.11683444 -0.02284145]]
Matrix Pair 95; W = [[ 0.28252747  0.04059426  0.12870231 -0.1076117  -0.02560726]
 [-0.18784079 -0.36759151 -0.06182069  0.26764755 -0.06500682]
 [-0.01979048 -0.01187542 -0.11289081  0.0870131  -0.04460172]
 [ 0.0524373   0.06075568 -0.02682485 -0.04605977 -0.11109937]
 [-0.12609641 -0.15806657 -0.31977552 -0.145965   -0.01188083]]
U = [[ 2.16623607e-01  2.03223627e-01  2.88425684e-01  2.14012035e-01
  -3.77779992e-02]
 [-2.50834593e-01 -1.42825155e-01  1.03824452e-04  1.69792271e-01
   3.15324442e-01]
 [ 1.22827392e-01 -5.34967438e-03 -2.35237052e-01 -1.38926691e-01
   1.21968157e-01]
 [ 1.60514543e-01 -3.54566355e-02  2.55901359e-01 -1.07417412e-01
  -1.64902711e-01]
 [-6.00674317e-02 -2.27885703e-02 -2.93873010e-01 -1.14534792e-01
  -1.61165368e-02]]
Matrix Pair 96; W = [[ 0.20722461  0.04129649  0.10428562 -0.11644289 -0.05470192]
 [-0.18009218 -0.47145686 -0.04217214  0.20276247 -0.15671879]
 [-0.02378904 -0.01434038 -0.17924554  0.0321224  -0.0161715 ]
 [ 0.09317999  0.09558491  0.00205014 -0.13740463 -0.06659455]
 [-0.17773149 -0.18688194 -0.2619911  -0.17519213 -0.03725843]]
U = [[ 0.1355294   0.17639595  0.28526393  0.27261356 -0.00981729]
 [-0.1830752  -0.08065886  0.00468805  0.21040441  0.24126788]
 [ 0.17188011 -0.04557691 -0.17049591 -0.07955749  0.13208447]
 [ 0.18974982 -0.1119796   0.27786837 -0.08202754 -0.12227454]
 [-0.07008921 -0.02077604 -0.31497384 -0.10139923  0.01788307]]
Matrix Pair 97; W = [[ 0.20647885 -0.01960239  0.09058534 -0.15956967 -0.02569225]
 [-0.24613724 -0.44873851 -0.07839713  0.15853528 -0.17121868]
 [ 0.01696704 -0.02461857 -0.14464774  0.04901258 -0.0848877 ]
 [ 0.03337043  0.11236205 -0.02685193 -0.10190529 -0.10576374]
 [-0.19505409 -0.10237961 -0.31812226 -0.14599202 -0.07394488]]
U = [[ 0.12999195  0.2474502   0.27921037  0.23672017 -0.05308763]
 [-0.22812098 -0.11193737  0.0383961   0.21545516  0.30598054]
 [ 0.23226936 -0.00230712 -0.21559966 -0.08475986  0.14066738]
 [ 0.18398842 -0.07121116  0.24748068 -0.13418494 -0.17393203]
 [-0.0904912  -0.10600759 -0.32186984 -0.09170528 -0.00154598]]
Matrix Pair 98; W = [[ 2.25126052e-01  6.34001487e-02  1.16785953e-01 -1.24114767e-01
  -1.40561196e-02]
 [-2.28450525e-01 -4.09957528e-01 -3.26805857e-04  2.00802494e-01
  -1.34931574e-01]
 [-4.03238659e-02 -8.17219653e-02 -1.85385012e-01  4.24255497e-02
  -9.88979251e-02]
 [ 5.57356472e-02  9.34065191e-02  4.61781490e-02 -6.72286719e-02
  -2.06902498e-02]
 [-1.35387244e-01 -1.12202442e-01 -2.52691103e-01 -1.98971907e-01
  -1.06796653e-02]]
U = [[ 0.12939592  0.1671831   0.24431861  0.2497553  -0.02287916]
 [-0.24357566 -0.10067809  0.06621512  0.21064191  0.31606171]
 [ 0.22423244 -0.07117182 -0.19601551 -0.06143445  0.13713086]
 [ 0.16610547 -0.07848343  0.27108027 -0.15546851 -0.11908453]
 [-0.11131367 -0.03424651 -0.26738629 -0.08832957 -0.0387165 ]]
Matrix Pair 99; W = [[ 0.25848918  0.01558275  0.16912474 -0.12792548 -0.02715807]
 [-0.20101782 -0.39115066 -0.01206683  0.14286156 -0.15511462]
 [-0.00390225 -0.08933449 -0.11639777  0.0779326  -0.09292275]
 [ 0.04623549  0.07289769  0.0188039  -0.07836658 -0.10949724]
 [-0.17417037 -0.1273618  -0.31374387 -0.15755021 -0.03803927]]
U = [[ 0.12746412  0.18464747  0.262145    0.25252315 -0.0323615 ]
 [-0.21149449 -0.07193332  0.04990831  0.16906234  0.24421843]
 [ 0.14533641 -0.07175681 -0.21622327 -0.05488197  0.13510836]
 [ 0.19698395 -0.08290074  0.29687791 -0.08792529 -0.1658477 ]
 [-0.05981295 -0.02967395 -0.25800518 -0.08568358  0.02796434]]
Matrix Pair 100; W = [[ 0.24592932  0.0012356   0.14771408 -0.18021483  0.0293793 ]
 [-0.21395439 -0.41212476  0.00385217  0.18581155 -0.13524968]
 [ 0.02979208 -0.05705431 -0.15845068  0.01548187 -0.10023877]
 [ 0.03833128  0.08622769 -0.00458883 -0.12085312 -0.03003768]
 [-0.14917853 -0.14416044 -0.30503056 -0.18740133 -0.07213808]]
U = [[ 0.19709632  0.22938878  0.24704938  0.2362577  -0.06527296]
 [-0.26737032 -0.10174381  0.00554068  0.20866181  0.23433022]
 [ 0.22577896 -0.03352072 -0.20780091 -0.07622     0.11212223]
 [ 0.20648512 -0.03589717  0.29339415 -0.13465769 -0.19132701]
 [-0.08417003 -0.08232779 -0.25456783 -0.09020265 -0.06872945]]
Matrix Pair 101; W = [[ 0.25752987  0.05327279  0.09865984 -0.11826429  0.02780284]
 [-0.18706162 -0.40908335 -0.04921615  0.23397781 -0.16204278]
 [-0.04032747 -0.08090881 -0.15760283  0.0848125  -0.0374385 ]
 [ 0.07921965  0.07259285  0.02185037 -0.13100418 -0.10369529]
 [-0.20502443 -0.17276655 -0.2680428  -0.18419843 -0.00222148]]
U = [[ 0.16405745  0.22190072  0.23978547  0.2127139  -0.02042835]
 [-0.21264177 -0.09486469  0.02992898  0.24773694  0.29419725]
 [ 0.185435   -0.05228385 -0.15987753 -0.1485917   0.11096821]
 [ 0.11533099 -0.12171498  0.27630559 -0.14962698 -0.16513032]
 [-0.03893957 -0.07021692 -0.2402923  -0.0742184  -0.02278456]]
Matrix Pair 102; W = [[ 0.24656351  0.05682664  0.17833383 -0.1690073   0.01894224]
 [-0.1823582  -0.38962004 -0.07831487  0.20709074 -0.16815835]
 [ 0.02598649 -0.02860058 -0.14410969  0.03299827 -0.07820449]
 [ 0.03967567  0.03489444  0.0262796  -0.12576752 -0.09307183]
 [-0.15651567 -0.09939    -0.27819594 -0.24006286 -0.04418721]]
U = [[ 0.21757514  0.24533467  0.24082145  0.27014583  0.01628503]
 [-0.25200315 -0.0806031   0.07824399  0.24538629  0.24179482]
 [ 0.1666747  -0.10123587 -0.19623688 -0.14399382  0.09952482]
 [ 0.1640117  -0.04100903  0.29171811 -0.11681266 -0.18125553]
 [-0.115742   -0.10836306 -0.25062788 -0.05759423 -0.05139913]]
Matrix Pair 103; W = [[ 0.23766533  0.04260808  0.12000045 -0.17558653 -0.06297307]
 [-0.21732815 -0.43126594 -0.03671279  0.15860552 -0.12577803]
 [-0.03864059 -0.08946058 -0.15691836  0.05349942 -0.03300135]
 [ 0.09108959  0.03652019 -0.01364964 -0.07746247 -0.02440563]
 [-0.13801515 -0.18656418 -0.33641735 -0.21366264  0.01950726]]
U = [[ 0.16592686  0.1702879   0.28586081  0.27401227 -0.02477951]
 [-0.27158894 -0.12540412  0.03708737  0.16808928  0.30191034]
 [ 0.14984485 -0.04265262 -0.25139496 -0.0547849   0.16332574]
 [ 0.1570555  -0.06210339  0.23475687 -0.09396661 -0.15952296]
 [-0.07665506 -0.04058504 -0.23905341 -0.04816353 -0.02069336]]
Matrix Pair 104; W = [[ 0.25537476  0.05320011  0.15833104 -0.15726848  0.02554529]
 [-0.18920933 -0.43116977 -0.07201641  0.17407105 -0.10930896]
 [-0.01106585 -0.08174938 -0.17889407  0.07044427 -0.03844856]
 [ 0.05053763  0.06891719  0.02313183 -0.12995344 -0.08147031]
 [-0.18472973 -0.14922527 -0.31062411 -0.24083195  0.01119986]]
U = [[ 0.19083388  0.20880425  0.27983112  0.22270481  0.02442717]
 [-0.26971507 -0.15541972  0.02680965  0.16391092  0.32081832]
 [ 0.20222987 -0.00630358 -0.1910364  -0.08011133  0.1080391 ]
 [ 0.1951102  -0.05901854  0.29342388 -0.07600446 -0.17709354]
 [-0.06519815 -0.02981314 -0.26934236 -0.09175503  0.00107501]]
Matrix Pair 105; W = [[ 0.24737342  0.0417338   0.14185194 -0.16969197 -0.0421966 ]
 [-0.26913555 -0.42358217 -0.0421826   0.18036765 -0.17124355]
 [-0.04911494 -0.06740915 -0.10513072  0.09499577 -0.02014669]
 [ 0.08430411  0.11011726  0.01944486 -0.13323001 -0.07317716]
 [-0.16548131 -0.175801   -0.27084113 -0.23241388 -0.03919057]]
U = [[ 0.19022255  0.21016149  0.23351431  0.29070743 -0.04648477]
 [-0.19538363 -0.15191977  0.00336238  0.17484498  0.32876341]
 [ 0.19932424 -0.08494572 -0.22880786 -0.12104615  0.14346453]
 [ 0.1403339  -0.11251056  0.28401364 -0.1598537  -0.1205162 ]
 [-0.12532617 -0.06577018 -0.31844612 -0.05713861 -0.01657422]]
Matrix Pair 106; W = [[ 0.26673996  0.02544593  0.08790338 -0.14182535 -0.00866652]
 [-0.24703075 -0.44577856  0.00654283  0.17069916 -0.14800815]
 [-0.00227316 -0.04972261 -0.19060918  0.03071169 -0.07029222]
 [ 0.04767828  0.06409007  0.031321   -0.08360931 -0.08026131]
 [-0.12067792 -0.15863984 -0.27098155 -0.20866491 -0.00064356]]
U = [[ 0.18075362  0.19897427  0.22000376  0.23566644  0.00792077]
 [-0.17800877 -0.09478625  0.00949497  0.1556204   0.25637407]
 [ 0.1794569  -0.07450636 -0.20149267 -0.09872476  0.12386399]
 [ 0.17829531 -0.04756755  0.23277619 -0.07401208 -0.11989165]
 [-0.05648889 -0.01699854 -0.2451532  -0.04438961 -0.03064479]]
Matrix Pair 107; W = [[ 0.2758847   0.04800495  0.12444139 -0.1474706   0.02563862]
 [-0.17558987 -0.42901123 -0.06394237  0.22964332 -0.12115342]
 [-0.05232149 -0.02129281 -0.16053692  0.0198283  -0.04969525]
 [ 0.02574965  0.05592896 -0.02486843 -0.05360438 -0.11259255]
 [-0.18663653 -0.17619898 -0.31402359 -0.17253578  0.0024888 ]]
U = [[ 0.12930659  0.23201415  0.29296927  0.21339592 -0.03652301]
 [-0.27193748 -0.16515419  0.01735784  0.23390026  0.25819686]
 [ 0.22303828 -0.02293295 -0.17926762 -0.09559939  0.11821134]
 [ 0.20309049 -0.07485627  0.26301903 -0.15222651 -0.17374701]
 [-0.08684147 -0.06740123 -0.28118865 -0.07412584  0.02321604]]
Matrix Pair 108; W = [[ 0.29494142  0.05837093  0.16017114 -0.11294609  0.00236184]
 [-0.2602912  -0.47037567 -0.06002318  0.21576272 -0.08286965]
 [ 0.01618999 -0.00940126 -0.15623659  0.00408323 -0.10700264]
 [ 0.0314429   0.08513124 -0.0129656  -0.06683743 -0.11057576]
 [-0.13557861 -0.1610569  -0.3264398  -0.1819688  -0.00587303]]
U = [[ 0.123283    0.2259596   0.26605706  0.21517028 -0.01758015]
 [-0.17666305 -0.07549059  0.04596331  0.15965168  0.23303388]
 [ 0.21590278 -0.01544938 -0.22915927 -0.13693045  0.15486561]
 [ 0.19358063 -0.03992977  0.2630004  -0.11609506 -0.17764382]
 [-0.04790946 -0.11261304 -0.24920435 -0.02785943 -0.01195276]]
Matrix Pair 109; W = [[ 0.21174133  0.02025054  0.1604207  -0.14772754 -0.03788268]
 [-0.23240297 -0.45224712 -0.06916611  0.17361069 -0.1046719 ]
 [-0.0007634  -0.03454779 -0.13733579  0.02871997 -0.09141384]
 [ 0.05314979  0.04746232  0.03807566 -0.13321534 -0.07668164]
 [-0.21497123 -0.18415275 -0.32933733 -0.20507031 -0.01517146]]
U = [[ 0.13164548  0.19603955  0.26492002  0.2111021  -0.04952372]
 [-0.26813933 -0.08248837  0.08283863  0.15151835  0.32872376]
 [ 0.20441894 -0.04867852 -0.19715198 -0.05595381  0.14653502]
 [ 0.19855789 -0.11076299  0.27382782 -0.12325323 -0.16029081]
 [-0.06225173 -0.02893588 -0.32053279 -0.03249857 -0.04955436]]
Matrix Pair 110; W = [[ 0.27579806  0.04153624  0.15102386 -0.13392346  0.02863491]
 [-0.26893978 -0.37668688 -0.05567428  0.17490931 -0.16800774]
 [-0.01446669 -0.03932111 -0.16768447  0.06981453 -0.08961967]
 [ 0.07213987  0.03730513  0.05034169 -0.12507478 -0.04811063]
 [-0.18854584 -0.1839919  -0.32493294 -0.16487542 -0.06264352]]
U = [[ 0.19886114  0.16425375  0.24051594  0.25321951 -0.06219262]
 [-0.18825208 -0.08704406 -0.00544968  0.19352617  0.25114967]
 [ 0.16194653 -0.095397   -0.20968273 -0.11285528  0.11563341]
 [ 0.177745   -0.09898235  0.26261596 -0.10570829 -0.10576962]
 [-0.10906605 -0.01795991 -0.28022541 -0.03221755 -0.02319816]]
Matrix Pair 111; W = [[ 0.25851563  0.00258824  0.1609359  -0.13187651  0.02569624]
 [-0.19362364 -0.42852276 -0.03778734  0.23211949 -0.16427421]
 [-0.04593969 -0.00640549 -0.16129196  0.02007459 -0.04449531]
 [ 0.09175803  0.11150341  0.0648567  -0.11872907 -0.11021927]
 [-0.16393457 -0.18348544 -0.27181085 -0.17133623 -0.01013886]]
U = [[ 0.1811045   0.17509394  0.27759984  0.20150851  0.01544695]
 [-0.18962632 -0.14034719  0.09205269  0.23890985  0.28794139]
 [ 0.17600315 -0.06319567 -0.25044844 -0.05394332  0.10071258]
 [ 0.20283784 -0.09593723  0.24795202 -0.07275016 -0.12455543]
 [-0.11187534 -0.07794955 -0.30475766 -0.04160355 -0.02348998]]
Matrix Pair 112; W = [[ 0.24100859 -0.01392225  0.09895675 -0.01731797 -0.00835854]
 [-0.21156407 -0.33321844 -0.11871554  0.22714322 -0.08903791]
 [-0.01537887 -0.08593202 -0.16011425  0.12878293 -0.18920459]
 [ 0.10242754  0.17377736  0.08894338 -0.00649716 -0.03039901]
 [-0.1734825  -0.0793309  -0.21490039 -0.18228138 -0.03993544]]
U = [[ 0.0831921   0.16192114  0.22558728  0.25854003 -0.03611661]
 [-0.1846142  -0.1886711   0.06704199  0.16031462  0.31263826]
 [ 0.15412533 -0.01292196 -0.21073549 -0.07039438  0.15243693]
 [ 0.2584236  -0.10937193  0.26586459 -0.11399342 -0.18685793]
 [-0.11951107 -0.05222844 -0.25410474 -0.07510361 -0.05188328]]
Matrix Pair 113; W = [[ 0.30878762  0.02992226  0.1141043  -0.06705669 -0.00790496]
 [-0.15103815 -0.3654099  -0.11827385  0.17470343 -0.11862383]
 [-0.03344685 -0.01059861 -0.21412064  0.1758148  -0.11689576]
 [ 0.15391696  0.13301715  0.11251337 -0.06672468 -0.08056008]
 [-0.15613917 -0.06320308 -0.24390942 -0.22902286 -0.05960805]]
U = [[ 0.15253623  0.18994085  0.31693816  0.22384807 -0.01106702]
 [-0.2478538  -0.10763897 -0.01100878  0.08725524  0.25650271]
 [ 0.12784336 -0.02367068 -0.22009713 -0.14983129  0.1420546 ]
 [ 0.23773176 -0.11631222  0.23302946 -0.12627472 -0.20305334]
 [-0.0872243  -0.08887583 -0.23229158 -0.09295707 -0.02347205]]
Matrix Pair 114; W = [[ 0.24643589  0.05309238  0.16229833 -0.08367588 -0.02236431]
 [-0.19980005 -0.32727454 -0.15396728  0.22039726 -0.03977466]
 [-0.06632006 -0.00941967 -0.17623206  0.10817813 -0.14288313]
 [ 0.08204138  0.14107267  0.08125721  0.01273189 -0.09739179]
 [-0.23000956 -0.09816139 -0.29723144 -0.21753064 -0.07113685]]
U = [[ 0.10818017  0.21212673  0.24518319  0.30382227  0.02877   ]
 [-0.23804882 -0.13659767  0.00866909  0.08672133  0.32018151]
 [ 0.1838981  -0.06430621 -0.2224655  -0.09734482  0.17832485]
 [ 0.18056416 -0.08995781  0.30112463 -0.06528468 -0.19543876]
 [-0.0537041  -0.05756027 -0.23289695 -0.03657921  0.02225253]]
Matrix Pair 115; W = [[ 0.32941247 -0.01994185  0.16259102 -0.08800883 -0.00407805]
 [-0.14372951 -0.35295377 -0.14740765  0.22478763 -0.02743304]
 [-0.07992233 -0.026977   -0.21680445  0.16209802 -0.12205447]
 [ 0.12799529  0.15778887  0.10092927 -0.02132532 -0.04356236]
 [-0.20095806 -0.04973722 -0.28437853 -0.16366678  0.01340756]]
U = [[ 0.11024178  0.18981507  0.32057074  0.28505411  0.0104996 ]
 [-0.26185656 -0.1602504  -0.01411184  0.15783781  0.2910408 ]
 [ 0.21474379 -0.06946022 -0.21584708 -0.10208151  0.11910173]
 [ 0.18573917 -0.12271538  0.27474687 -0.08219845 -0.2083929 ]
 [-0.04110733 -0.12704552 -0.27946711 -0.03136499 -0.01114065]]
Matrix Pair 116; W = [[ 0.33464188  0.02299531  0.08917074 -0.07079239 -0.06403703]
 [-0.1584687  -0.36394885 -0.0956847   0.24211177 -0.11470629]
 [-0.10275675 -0.08737384 -0.16119913  0.0935184  -0.12047437]
 [ 0.0667782   0.13155881  0.07690599 -0.0390522  -0.02978073]
 [-0.16953577 -0.06841801 -0.29999862 -0.25193858 -0.02814201]]
U = [[ 0.13118001  0.18862     0.30795089  0.30113076  0.04397617]
 [-0.22612915 -0.09571359  0.06184678  0.160148    0.26722421]
 [ 0.13179563 -0.02459095 -0.1737567  -0.06419221  0.15219908]
 [ 0.21346801 -0.08995815  0.26686701 -0.0920079  -0.24477645]
 [-0.11152357 -0.05330261 -0.225158   -0.08823371 -0.05712888]]
Matrix Pair 117; W = [[ 0.32831618 -0.00606906  0.13983168 -0.07427824 -0.01308088]
 [-0.11998271 -0.41401279 -0.13647139  0.25384113 -0.05987937]
 [-0.05418599 -0.02999772 -0.17671314  0.15591156 -0.14225467]
 [ 0.11030211  0.16266996  0.02552473 -0.0551321  -0.02811237]
 [-0.23445259 -0.08567739 -0.23393209 -0.17802522  0.01440332]]
U = [[ 0.1397544   0.16552494  0.29280918  0.3119937   0.02238866]
 [-0.26370792 -0.12166636 -0.02375709  0.07723459  0.2710024 ]
 [ 0.15825656 -0.02969392 -0.22917615 -0.14387422  0.17014826]
 [ 0.18949029 -0.11416871  0.23248104 -0.05583202 -0.20732894]
 [-0.09320007 -0.11095113 -0.21839364 -0.06038987  0.0159592 ]]
Matrix Pair 118; W = [[ 0.29202334  0.00942234  0.11357132 -0.02089586 -0.00184433]
 [-0.11310612 -0.32701429 -0.18204654  0.21597122 -0.09199747]
 [-0.03723865 -0.07113955 -0.15015478  0.15861074 -0.10883485]
 [ 0.14948918  0.08432902  0.09167838 -0.03501453 -0.03951924]
 [-0.21218102 -0.09192379 -0.27736738 -0.17262224 -0.06373023]]
U = [[ 0.13469005  0.15806485  0.23111547  0.28468657  0.04530804]
 [-0.25809868 -0.12235604  0.05985567  0.12292728  0.31332181]
 [ 0.19140361 -0.03260034 -0.22202571 -0.06601675  0.20924095]
 [ 0.22448248 -0.08233493  0.31029667 -0.12284837 -0.18768078]
 [-0.05801546 -0.12509002 -0.27165293 -0.00922234 -0.05421831]]
Matrix Pair 119; W = [[ 0.32371338  0.06040262  0.09805713 -0.0424607  -0.03239107]
 [-0.19851438 -0.36130628 -0.10269559  0.24449914 -0.08105857]
 [-0.08490461 -0.10106331 -0.22526563  0.11780166 -0.15453724]
 [ 0.09903662  0.12695467  0.05706479  0.00578727 -0.03343863]
 [-0.18733198 -0.0971873  -0.26529445 -0.17105678  0.01494676]]
U = [[ 0.07964361  0.2565411   0.28348405  0.3146976   0.00797223]
 [-0.16738096 -0.19043103  0.06802666  0.10292561  0.29871401]
 [ 0.1429617  -0.02456594 -0.20112949 -0.15496323  0.12371219]
 [ 0.24348653 -0.03984001  0.28176148 -0.09492445 -0.19323509]
 [-0.08062644 -0.09603789 -0.21179416 -0.02396152 -0.04261135]]
Matrix Pair 120; W = [[ 0.32942367  0.02988708  0.10897334 -0.06894167 -0.02570006]
 [-0.13530248 -0.34510611 -0.0897173   0.24996044 -0.0532742 ]
 [-0.11291733 -0.02715085 -0.18784328  0.1248501  -0.09116474]
 [ 0.1279934   0.15108334  0.02244517 -0.06195996 -0.07452457]
 [-0.21633129 -0.05987815 -0.22041485 -0.18506564 -0.00982713]]
U = [[ 0.16213642  0.16043682  0.25747807  0.22522551 -0.0138776 ]
 [-0.2071167  -0.15154827  0.03405387  0.10113413  0.33617204]
 [ 0.15400085 -0.00072398 -0.14598222 -0.14213102  0.13129763]
 [ 0.20385294 -0.0998842   0.27057704 -0.03866636 -0.15537648]
 [-0.12947352 -0.0784688  -0.22955532 -0.03517881 -0.00863519]]
Matrix Pair 121; W = [[ 0.32781838 -0.013286    0.14627127 -0.01936731 -0.00751932]
 [-0.15394832 -0.37514875 -0.15619391  0.18203924 -0.06650826]
 [-0.04212502 -0.03248628 -0.144478    0.15762561 -0.13000685]
 [ 0.08795302  0.09252457  0.01965484 -0.05128132 -0.05768036]
 [-0.19658412 -0.12873387 -0.22382562 -0.21801545 -0.06889064]]
U = [[ 0.13486321  0.22028093  0.25650612  0.27852335 -0.03991366]
 [-0.20479204 -0.17969233  0.03395734  0.09369722  0.28387943]
 [ 0.21855476  0.01421949 -0.14822479 -0.11911551  0.1604632 ]
 [ 0.17903494 -0.11844068  0.28777928 -0.07246538 -0.15949184]
 [-0.11194689 -0.07066177 -0.22889548 -0.02644962 -0.06038037]]
Matrix Pair 122; W = [[ 0.24317784  0.01722612  0.10203899 -0.04976886 -0.07487648]
 [-0.12079168 -0.35416914 -0.18503364  0.1698203  -0.04491964]
 [-0.112073   -0.00268284 -0.19703918  0.14576373 -0.13504058]
 [ 0.06962269  0.17173879  0.05822329  0.01201279 -0.03874054]
 [-0.23605415 -0.13573    -0.25778227 -0.15801852 -0.04610779]]
U = [[ 0.13674915  0.22267472  0.29410619  0.26220372 -0.03738   ]
 [-0.24272348 -0.11536222  0.00219656  0.08013009  0.25089128]
 [ 0.1781457  -0.07321014 -0.21600411 -0.10957478  0.13897712]
 [ 0.24979233 -0.08859877  0.28529531 -0.0960427  -0.18294761]
 [-0.06290347 -0.12843974 -0.24497338 -0.03994678 -0.04211423]]
Matrix Pair 123; W = [[ 0.28689787  0.03489009  0.13794883 -0.02167109 -0.06956426]
 [-0.1410045  -0.34730153 -0.08923488  0.17390166 -0.12310468]
 [-0.07647436 -0.09316781 -0.22827255  0.0945557  -0.1343004 ]
 [ 0.06907263  0.12714128  0.05346609 -0.03303657 -0.09408116]
 [-0.24128577 -0.12417005 -0.28814819 -0.18786686 -0.03287223]]
U = [[ 0.16420351  0.17835424  0.31457655  0.2434423  -0.04053074]
 [-0.25721137 -0.16214978  0.03099501  0.0744382   0.34020385]
 [ 0.14152522 -0.02991666 -0.1900872  -0.11357988  0.16879438]
 [ 0.21454149 -0.07312657  0.27902919 -0.07820969 -0.21610813]
 [-0.10711806 -0.12208267 -0.26256556 -0.08053202 -0.05064537]]
Matrix Pair 124; W = [[ 0.29053013 -0.00166802  0.14588661 -0.07114947 -0.05537968]
 [-0.16130754 -0.41567731 -0.08686303  0.24200054 -0.02526412]
 [-0.0356437  -0.09280114 -0.21160336  0.13478125 -0.0931278 ]
 [ 0.10317656  0.09211796  0.08109837 -0.02533345 -0.09521677]
 [-0.16083816 -0.04825874 -0.30067841 -0.16184821 -0.07825118]]
U = [[ 0.09033397  0.16268891  0.24596219  0.23978909 -0.0262029 ]
 [-0.16780952 -0.10524063  0.02471968  0.11489536  0.29236246]
 [ 0.12095539 -0.03385557 -0.15789512 -0.12761676  0.17845369]
 [ 0.2234079  -0.08554591  0.25809491 -0.10622859 -0.18466577]
 [-0.1213693  -0.13309252 -0.22355149 -0.09029834 -0.00538328]]
Matrix Pair 125; W = [[ 0.29084571  0.00898915  0.14694916 -0.08381332 -0.00809863]
 [-0.14233545 -0.33291397 -0.17211381  0.22518092 -0.08128909]
 [-0.04177501 -0.06740975 -0.20085954  0.12263965 -0.16029553]
 [ 0.15687309  0.08787628  0.1132117  -0.0677112  -0.04234963]
 [-0.15347272 -0.08082269 -0.26715374 -0.21228658  0.00046398]]
U = [[ 0.16470886  0.21904122  0.28882811  0.26711252  0.02055725]
 [-0.19418796 -0.15371681  0.03630497  0.12273213  0.28172545]
 [ 0.14031434 -0.04774842 -0.23321787 -0.14183397  0.1339227 ]
 [ 0.23891565 -0.11680653  0.2560191  -0.13322966 -0.17924695]
 [-0.1132707  -0.09059694 -0.19354947 -0.00989789 -0.06091291]]
Matrix Pair 126; W = [[ 0.26425526  0.00578527  0.13112351 -0.0793707  -0.02972148]
 [-0.17507052 -0.33860845 -0.18137356  0.1677933  -0.02958202]
 [-0.03773515 -0.06947933 -0.18082782  0.12500846 -0.15419217]
 [ 0.06337467  0.11689314  0.03807943 -0.0639248  -0.07472704]
 [-0.16871566 -0.07091416 -0.29873328 -0.20087871 -0.03223234]]
U = [[ 0.12285692  0.23852322  0.31666666  0.27655311  0.01630075]
 [-0.18734927 -0.17327128  0.02493211  0.1111097   0.31686608]
 [ 0.19561405  0.0036104  -0.14008824 -0.08146341  0.20719123]
 [ 0.25440046 -0.07511893  0.25550902 -0.03607168 -0.22163297]
 [-0.0549248  -0.12062949 -0.24593884 -0.08360491 -0.03625136]]
Matrix Pair 127; W = [[ 0.30576777  0.04101688  0.13447364 -0.02535306 -0.02521759]
 [-0.14812042 -0.35698148 -0.0912747   0.23079813 -0.09493274]
 [-0.08608461 -0.00361881 -0.18392506  0.13769731 -0.17044275]
 [ 0.11924479  0.14939032  0.04953093 -0.02867899 -0.05872718]
 [-0.1889427  -0.07621071 -0.21893589 -0.24543208 -0.00421613]]
U = [[ 0.10372323  0.19277882  0.29460058  0.29504289 -0.04400644]
 [-0.25079812 -0.18173487  0.00468887  0.17011657  0.30419507]
 [ 0.15516528 -0.01033602 -0.18479742 -0.10476538  0.12555333]
 [ 0.23864349 -0.08762773  0.31196478 -0.12200799 -0.22465697]
 [-0.08409044 -0.04523791 -0.2121296  -0.01272348 -0.04575822]]
