Epoch: 51Matrix Pair 0; W = [[ 0.24699994  0.08745295  0.12273062 -0.13910863 -0.01528523]
 [-0.15399819 -0.36629486 -0.05682065  0.23679533 -0.16806156]
 [-0.05343559 -0.06411839 -0.10807899  0.07100985 -0.10596576]
 [-0.04239964  0.07119545  0.1558333  -0.0211395  -0.04593549]
 [-0.10201573 -0.16028013 -0.29813614 -0.2207325   0.00209703]]
U = [[ 0.18664014  0.09916621  0.28894407  0.38750349 -0.06063151]
 [-0.26508439 -0.03930871  0.04779604  0.16423843  0.19029568]
 [ 0.1526906  -0.09541744 -0.14623772 -0.13024322  0.15861212]
 [ 0.21168824 -0.00047784  0.24638555 -0.13212218 -0.09080614]
 [-0.01921412 -0.00305838 -0.27905253  0.02376928 -0.09172246]]
Matrix Pair 1; W = [[ 0.19055279  0.04880012  0.04810202 -0.13000051  0.02754249]
 [-0.11648693 -0.29988379 -0.10601256  0.18809317 -0.09383371]
 [-0.01957073 -0.05813254 -0.08535421  0.04885861 -0.01660782]
 [-0.02466148  0.09623922  0.18256556 -0.06663508  0.0045655 ]
 [-0.13341763 -0.10960216 -0.25480534 -0.15000014  0.07269407]]
U = [[ 0.15505753  0.08488352  0.33073669  0.36073933  0.00051965]
 [-0.26979939 -0.04489601  0.07485898  0.15254392  0.18370534]
 [ 0.05629025 -0.09661663 -0.14109319 -0.1480438   0.1934071 ]
 [ 0.22830387 -0.06247097  0.282412   -0.15108458 -0.02984275]
 [ 0.00681463  0.00214542 -0.33789114 -0.0448815  -0.06271178]]
Matrix Pair 2; W = [[ 0.2172125   0.05601784  0.06442566 -0.10490878 -0.01751179]
 [-0.18495972 -0.31254958 -0.01901195  0.20992054 -0.10829556]
 [-0.04448703 -0.08149769 -0.14335984  0.03304075 -0.0272077 ]
 [-0.01392272  0.04739585  0.1311536  -0.06635089  0.01279858]
 [-0.146745   -0.08072952 -0.22376842 -0.17503384 -0.01224176]]
U = [[ 0.1643888   0.07849052  0.30240665  0.33972919 -0.05849025]
 [-0.25859129 -0.00689495  0.0126993   0.11388665  0.15087624]
 [ 0.09549499 -0.10699128 -0.11172461 -0.16212342  0.17300418]
 [ 0.21792298 -0.05300183  0.30976173 -0.1748887  -0.10950465]
 [ 0.01237783 -0.0669046  -0.27890744 -0.0383651  -0.05714807]]
Matrix Pair 3; W = [[ 0.25315798  0.05161863  0.06014487 -0.12843017  0.02696308]
 [-0.15729174 -0.38874085 -0.07444432  0.23094376 -0.10643032]
 [-0.04813368 -0.01515214 -0.12688418  0.02422995 -0.09338128]
 [ 0.02572784  0.10575713  0.12378323 -0.07382948 -0.06524654]
 [-0.10202386 -0.13238494 -0.25671171 -0.18612393 -0.02041356]]
U = [[ 0.1859478   0.07707106  0.23644665  0.33161299 -0.0005619 ]
 [-0.29660908 -0.05822122  0.05754986  0.18548648  0.2104891 ]
 [ 0.10484385 -0.07765305 -0.0969782  -0.15004261  0.2000433 ]
 [ 0.19908377 -0.02592667  0.29400554 -0.14025274 -0.05666406]
 [-0.05598457 -0.045103   -0.34052126  0.00823435 -0.03129141]]
Matrix Pair 4; W = [[ 2.62941859e-01  6.81291665e-02  1.42955249e-01 -1.71883164e-01
  -2.66246791e-02]
 [-1.13240085e-01 -3.71355430e-01 -7.31735993e-02  1.86020734e-01
  -1.00654881e-01]
 [-7.44055700e-02 -4.61099362e-02 -8.97900737e-02  1.42129246e-03
  -1.05357998e-01]
 [-3.00593102e-02  8.44997754e-02  1.80962751e-01 -9.94098662e-02
  -8.58262093e-03]
 [-1.64229030e-01 -8.22379216e-02 -2.62316985e-01 -2.19877320e-01
  -2.90637249e-04]]
U = [[ 0.10568302  0.13383491  0.32943656  0.40775901 -0.03546634]
 [-0.32448689 -0.01149875  0.02273587  0.18844476  0.23479355]
 [ 0.07678279 -0.02975031 -0.10000967 -0.12310058  0.15168086]
 [ 0.24953394 -0.03242235  0.30052787 -0.15762007 -0.06105819]
 [ 0.00419429  0.02579261 -0.28097155 -0.03295778 -0.08028206]]
Matrix Pair 5; W = [[ 0.20436978  0.07821114  0.10696352 -0.18539194  0.02022377]
 [-0.19041662 -0.36310145 -0.103529    0.18858304 -0.1783839 ]
 [-0.04130378 -0.00181903 -0.09642641  0.08971506 -0.09969124]
 [ 0.01573021  0.06280851  0.13250116 -0.00740123 -0.06912798]
 [-0.14309624 -0.1337973  -0.26438423 -0.19765908  0.01346872]]
U = [[ 0.14751423  0.1425911   0.29052342  0.39815422 -0.04006406]
 [-0.27792342 -0.03033102  0.01789305  0.17165883  0.17832827]
 [ 0.12437542 -0.09976091 -0.11365637 -0.13931305  0.2084071 ]
 [ 0.24773689  0.00086343  0.29259156 -0.1811149  -0.10754337]
 [-0.01634149  0.02566661 -0.29477256 -0.02474978 -0.06189326]]
Matrix Pair 6; W = [[ 0.25423     0.08951374  0.13641532 -0.10625666  0.03189739]
 [-0.18791876 -0.38306777 -0.07613936  0.26493903 -0.14348453]
 [-0.04747223  0.01558546 -0.14138769  0.0664771  -0.07031132]
 [ 0.03097504  0.07901397  0.13427644 -0.05547074 -0.0250316 ]
 [-0.15037996 -0.11024473 -0.22624975 -0.13937456  0.01214651]]
U = [[ 0.13092453  0.07251654  0.33016088  0.34894846 -0.03881089]
 [-0.27555697 -0.02481147  0.05618643  0.14655454  0.21742184]
 [ 0.08932154 -0.04119384 -0.17681762 -0.14408881  0.22433993]
 [ 0.18346911  0.00312791  0.2848758  -0.15691307 -0.03675687]
 [ 0.00172643 -0.00713848 -0.3428612  -0.02473635 -0.04377393]]
Matrix Pair 7; W = [[ 0.22288899  0.07811231  0.09937232 -0.1621639   0.0316226 ]
 [-0.14335585 -0.31517178 -0.0887885   0.19154478 -0.15126401]
 [-0.011994   -0.01777394 -0.10944668  0.07984789 -0.01695995]
 [-0.06502653  0.09308807  0.16686739 -0.02514348 -0.04499661]
 [-0.10552245 -0.15900387 -0.27134907 -0.17590395  0.05848192]]
U = [[ 0.18675572  0.11517259  0.23645994  0.34121537 -0.00982637]
 [-0.32874769 -0.03956335  0.07620056  0.12621769  0.23921468]
 [ 0.10698539 -0.09998022 -0.15553899 -0.15477025  0.2044779 ]
 [ 0.27674681 -0.03548541  0.25038034 -0.18712208 -0.05856763]
 [ 0.01517609 -0.03868518 -0.31233829 -0.03390598 -0.05468429]]
Matrix Pair 8; W = [[ 0.24480831  0.11229091  0.07172359 -0.09495376  0.05601483]
 [-0.15520258 -0.36153005 -0.07926099  0.19489461 -0.16676461]
 [-0.07701689 -0.04442285 -0.0977609   0.01792564 -0.08497649]
 [-0.04933071  0.09638117  0.11596132 -0.06144387  0.01967092]
 [-0.16291389 -0.14055684 -0.29542143 -0.15512506  0.07490175]]
U = [[ 0.19515213  0.1041929   0.26560386  0.37930994 -0.02835729]
 [-0.3081386  -0.07419908  0.07707534  0.12010801  0.21576275]
 [ 0.07928767 -0.05950709 -0.16850379 -0.09354511  0.20063074]
 [ 0.20712089  0.0133701   0.24165543 -0.1362984  -0.08602096]
 [-0.01853146  0.02345448 -0.3471954  -0.05533963 -0.09256561]]
Matrix Pair 9; W = [[ 0.22753244  0.04691293  0.09028847 -0.15209411  0.00039335]
 [-0.13585604 -0.36278688 -0.05890295  0.24374097 -0.16117924]
 [-0.02772216  0.00294836 -0.08632195  0.0275125  -0.03288619]
 [ 0.00863644  0.11294213  0.13836339 -0.01675709 -0.00241083]
 [-0.15575367 -0.12133146 -0.25311288 -0.1253885  -0.02068945]]
U = [[ 0.17306793  0.15378777  0.26187569  0.35700451 -0.01589157]
 [-0.3284498  -0.06530133  0.0619026   0.13882457  0.2237897 ]
 [ 0.08903357 -0.07826555 -0.11730536 -0.15944952  0.18499528]
 [ 0.22337122 -0.00616993  0.26518967 -0.16606756 -0.09464002]
 [-0.00192777 -0.0335067  -0.28287511 -0.03343033 -0.03881044]]
Matrix Pair 10; W = [[ 2.47923034e-01  3.30983417e-02  8.74075551e-02 -1.47408034e-01
  -2.44863210e-04]
 [-1.40045871e-01 -3.38814567e-01 -8.05111972e-02  2.31993442e-01
  -1.03732176e-01]
 [-8.91874087e-02 -6.93900998e-02 -1.10938917e-01  7.04116039e-02
  -7.13412265e-02]
 [ 2.81312647e-02  9.10881639e-02  1.35442949e-01 -6.26307277e-03
   1.04807155e-02]
 [-8.52570154e-02 -9.41056731e-02 -2.43827389e-01 -2.20779102e-01
  -1.23632373e-02]]
U = [[ 0.15573278  0.13591056  0.27086624  0.35201457  0.01802169]
 [-0.24331511 -0.00168432  0.04061361  0.1250599   0.14575454]
 [ 0.07805895 -0.03709518 -0.10763031 -0.10919918  0.16843682]
 [ 0.23419653 -0.0575086   0.26443989 -0.14419494 -0.02634826]
 [ 0.00421852  0.02776349 -0.29358343 -0.02981325 -0.0995011 ]]
Matrix Pair 11; W = [[ 0.21391501  0.10295124  0.07128522 -0.11244628  0.04689137]
 [-0.15872928 -0.33064006 -0.1073329   0.20967886 -0.16270295]
 [-0.07075817 -0.01562119 -0.07116143  0.07462298 -0.01337343]
 [ 0.01636512  0.0835419   0.09825822 -0.08698504 -0.0178908 ]
 [-0.12838775 -0.10241806 -0.26625589 -0.21479647  0.06215259]]
U = [[ 0.18590849  0.14214548  0.24300186  0.35546909 -0.03610763]
 [-0.26197615 -0.01847364  0.07561975  0.15994353  0.21104526]
 [ 0.14960528 -0.06410183 -0.17185013 -0.11390553  0.16536447]
 [ 0.22573099 -0.00226998  0.32848084 -0.16111718 -0.12301318]
 [-0.00353795 -0.00215328 -0.34326398 -0.04549082 -0.1112725 ]]
Matrix Pair 12; W = [[ 0.21859983  0.06908413  0.10993713 -0.09969548  0.01354272]
 [-0.15750022 -0.33541573 -0.0376553   0.23291505 -0.1338457 ]
 [-0.09112958 -0.03680846 -0.06358723  0.01373631 -0.10748173]
 [-0.03781461  0.12870048  0.15995286 -0.04455192  0.00998319]
 [-0.14088841 -0.11829167 -0.28836463 -0.1881845  -0.02008095]]
U = [[ 0.12780953  0.12104221  0.32789652  0.41271428 -0.05429128]
 [-0.33639623 -0.04056539  0.03996734  0.12632617  0.14243284]
 [ 0.13097262 -0.11600725 -0.11024143 -0.1285978   0.18131077]
 [ 0.2376589  -0.02130686  0.31514983 -0.16917696 -0.04073313]
 [ 0.00058457 -0.0064252  -0.33759434  0.01921012 -0.08840837]]
Matrix Pair 13; W = [[ 0.25266121  0.06230425  0.103037   -0.10390297  0.03598454]
 [-0.1118131  -0.37352643 -0.08057129  0.24015351 -0.0897212 ]
 [ 0.00184357 -0.03688045 -0.07584169  0.06003921 -0.01750696]
 [ 0.02317044  0.06669014  0.18635443 -0.09189004 -0.05767548]
 [-0.10442718 -0.12701039 -0.25758643 -0.15427877 -0.017013  ]]
U = [[ 0.18656348  0.15158084  0.25929328  0.3306689  -0.06257281]
 [-0.23983193 -0.01665121  0.02749875  0.10814711  0.192962  ]
 [ 0.0557944  -0.12257588 -0.09784978 -0.09269106  0.18977147]
 [ 0.19505329 -0.0651058   0.27945575 -0.13666811 -0.11386096]
 [-0.00738536 -0.06525246 -0.28261606  0.01648313 -0.08059164]]
Matrix Pair 14; W = [[ 0.18616027  0.1099504   0.09889968 -0.1291862   0.01629346]
 [-0.17218029 -0.32869772 -0.05596892  0.26638597 -0.09549831]
 [-0.06223166 -0.03107843 -0.12787598  0.04146466 -0.07190843]
 [-0.02645532  0.12041311  0.15156168 -0.04416649 -0.03439884]
 [-0.1253306  -0.15856629 -0.28201771 -0.20621042  0.0712483 ]]
U = [[ 0.14962761  0.12076046  0.27288862  0.42846883 -0.03250161]
 [-0.29897385 -0.04274153 -0.01087854  0.14653986  0.22539584]
 [ 0.05601063 -0.08380179 -0.16683753 -0.1627138   0.15831019]
 [ 0.1834748  -0.00909327  0.28753093 -0.10603247 -0.11750781]
 [ 0.02642277 -0.03863058 -0.27889209 -0.00748277 -0.02120204]]
Matrix Pair 15; W = [[ 0.24882976  0.09159762  0.1235009  -0.14299444  0.02574783]
 [-0.1851318  -0.32793316 -0.04233058  0.2094279  -0.18155423]
 [ 0.00465489  0.00954542 -0.11355307  0.04705217 -0.08975747]
 [-0.02493436  0.05221901  0.18541808 -0.04944804 -0.06306087]
 [-0.17356612 -0.11447722 -0.25928998 -0.18838386  0.0424787 ]]
U = [[ 0.16234187  0.14699549  0.28159524  0.38696498  0.00589031]
 [-0.25234199 -0.04544232  0.07150126  0.19567117  0.22076486]
 [ 0.10466313 -0.05212561 -0.09285479 -0.15183128  0.14940401]
 [ 0.24890419 -0.03076452  0.30740289 -0.18850566 -0.06035596]
 [-0.02772992 -0.03509421 -0.2493342  -0.05690806 -0.0747613 ]]
Matrix Pair 16; W = [[ 0.27147216  0.10948588  0.10113526 -0.10277083  0.06390611]
 [-0.20325072 -0.35382452 -0.086022    0.31804115 -0.11398308]
 [-0.06981333  0.07583785 -0.12888095  0.01929139 -0.13816651]
 [-0.01433469  0.13669355  0.16925869 -0.12188974 -0.08290128]
 [-0.02443085 -0.14163351 -0.33605165 -0.16601891 -0.06829102]]
U = [[ 0.20378165  0.10830034  0.33263985  0.40902344 -0.09368806]
 [-0.25729474 -0.11716998  0.02268212  0.09864764  0.29053253]
 [ 0.06473601 -0.08933569 -0.23915308 -0.08530063  0.1932217 ]
 [ 0.18593509 -0.10583854  0.24596285 -0.14850991 -0.04683618]
 [-0.11721316 -0.03921105 -0.21320253 -0.01305066 -0.08520384]]
Matrix Pair 17; W = [[ 0.25769675  0.05230481  0.08738455 -0.16787143 -0.00153936]
 [-0.16554025 -0.3434297  -0.10351879  0.30783155 -0.08756828]
 [-0.04683247  0.03579429 -0.11602128  0.05981774 -0.13394223]
 [-0.01449578  0.09520979  0.21789712 -0.0926483  -0.11973033]
 [-0.03874755 -0.09671758 -0.31099976 -0.14513801 -0.05697643]]
U = [[ 0.20928303  0.08530546  0.27512287  0.35111398 -0.04933208]
 [-0.20944775 -0.08179675  0.06284479  0.08823779  0.20857612]
 [ 0.06597366 -0.05141728 -0.16719691 -0.09727723  0.22553492]
 [ 0.22658991 -0.02530217  0.24639398 -0.12608301 -0.09246137]
 [-0.07270203 -0.02779049 -0.1914652  -0.08788843 -0.02990254]]
Matrix Pair 18; W = [[ 0.23969802  0.06378597  0.12596685 -0.16125816  0.05729772]
 [-0.18861917 -0.38259745 -0.1010224   0.31442514 -0.14188644]
 [-0.04435315  0.01698984 -0.07428487  0.0525987  -0.09445016]
 [ 0.05818874  0.08334206  0.18241159 -0.03504992 -0.06107244]
 [-0.05857685 -0.16374665 -0.28731727 -0.19152533 -0.04348215]]
U = [[ 0.17732808  0.11395549  0.32768431  0.32912278 -0.05384239]
 [-0.27723414 -0.08646977  0.06867187  0.12474881  0.26978983]
 [ 0.04819143 -0.0718636  -0.15251868 -0.11981728  0.1984805 ]
 [ 0.16320708 -0.05246286  0.24200503 -0.12346664 -0.11783804]
 [-0.09513169 -0.06840492 -0.18799639 -0.02899962 -0.03530799]]
Matrix Pair 19; W = [[ 0.26636913  0.02287867  0.15038891 -0.11825689 -0.01581745]
 [-0.18269145 -0.42325902 -0.12893311  0.26332746 -0.0696902 ]
 [-0.02825017  0.01602022 -0.12180962  0.04529605 -0.12385163]
 [ 0.00436743  0.15216214  0.18570824 -0.05294049 -0.08540878]
 [-0.09214669 -0.14398356 -0.28275834 -0.23522781 -0.02026352]]
U = [[ 0.18594723  0.16675355  0.32005308  0.34497743 -0.04695005]
 [-0.24845678 -0.05942646  0.08226826  0.11407855  0.21508466]
 [ 0.05888248 -0.00499994 -0.1484107  -0.16457804  0.22100181]
 [ 0.16372768 -0.09111712  0.24669166 -0.18101574 -0.12372443]
 [-0.11501738 -0.01862714 -0.27774555 -0.02856834 -0.01768063]]
Matrix Pair 20; W = [[ 0.2273565   0.05275387  0.15720862 -0.09523471 -0.01038834]
 [-0.19153265 -0.38373273 -0.08503173  0.29151403 -0.087759  ]
 [-0.02170312  0.02049855 -0.13378054  0.07571257 -0.04420517]
 [-0.02011025  0.06963386  0.15132858 -0.0758499  -0.12229929]
 [-0.02696678 -0.12965722 -0.26585886 -0.15883096 -0.02670074]]
U = [[ 0.16019285  0.16703592  0.36757761  0.41199393 -0.03217604]
 [-0.21502684 -0.07599128  0.02776409  0.08771624  0.23420879]
 [ 0.05118091 -0.03003424 -0.19107253 -0.09720354  0.21416105]
 [ 0.17582156 -0.11730475  0.28066063 -0.09100855 -0.04003417]
 [-0.13607033 -0.04361326 -0.21582973 -0.05276142  0.00257112]]
Matrix Pair 21; W = [[ 0.25861755  0.09764405  0.14393981 -0.11789182  0.01110343]
 [-0.12315388 -0.39178062 -0.06344725  0.29883164 -0.07476936]
 [-0.04524587  0.03060318 -0.13392644  0.02458197 -0.12713762]
 [ 0.03222175  0.14456392  0.18203448 -0.11702889 -0.03793435]
 [-0.05320476 -0.14932574 -0.27762682 -0.20666266 -0.06235436]]
U = [[ 0.19734116  0.1458387   0.33377684  0.37191376 -0.03362972]
 [-0.2497879  -0.08058904  0.05610217  0.1080589   0.22013591]
 [ 0.04275484 -0.01099237 -0.18539193 -0.15023042  0.17249569]
 [ 0.18762818 -0.10312401  0.28327488 -0.13668409 -0.04684057]
 [-0.04970465 -0.07393091 -0.25895592 -0.05584904 -0.01490656]]
Matrix Pair 22; W = [[ 0.18367427  0.04932889  0.10345467 -0.10688634  0.01765447]
 [-0.20732754 -0.38154015 -0.07875344  0.29712959 -0.11477221]
 [-0.02380467  0.00358039 -0.14570365  0.06436464 -0.06098096]
 [ 0.00684015  0.10651824  0.19100928 -0.06175628 -0.10622752]
 [-0.08663871 -0.17372172 -0.31194394 -0.16738737 -0.00229141]]
U = [[ 0.14883872  0.08671819  0.29569356  0.33957977 -0.07120472]
 [-0.25918227 -0.1195243   0.10287562  0.12050643  0.24139001]
 [ 0.01820295 -0.0839935  -0.19116035 -0.16487084  0.19363075]
 [ 0.21915517 -0.07313956  0.26107938 -0.1186759  -0.1089989 ]
 [-0.04257601 -0.03717556 -0.22760948 -0.08020526 -0.07599515]]
Matrix Pair 23; W = [[ 0.2364926   0.05720956  0.09858355 -0.08057063  0.02027262]
 [-0.1288117  -0.33810069 -0.12433675  0.28698332 -0.12082686]
 [-0.06625552  0.0747307  -0.11183083  0.09419501 -0.11838991]
 [ 0.04133782  0.12999781  0.17957479 -0.03516642 -0.02997108]
 [-0.04185962 -0.17454412 -0.32672238 -0.18946409 -0.03668825]]
U = [[ 0.1678986   0.11181463  0.31066541  0.412624   -0.0360209 ]
 [-0.22797639 -0.0627502   0.07418697  0.08629479  0.28381288]
 [ 0.02616814 -0.02654807 -0.21740366 -0.08002313  0.18519453]
 [ 0.2110954  -0.11412274  0.26682126 -0.15373847 -0.12783709]
 [-0.0998742  -0.04490541 -0.2218253  -0.00972598 -0.09507835]]
Matrix Pair 24; W = [[ 0.24179501  0.04359547  0.17399214 -0.07214054  0.03924776]
 [-0.17452556 -0.34579052 -0.04280091  0.28657913 -0.13004413]
 [-0.01245358  0.00264583 -0.14125015  0.03203482 -0.12837928]
 [-0.02186188  0.07355218  0.22592756 -0.09372302 -0.10836686]
 [-0.01790112 -0.08379928 -0.32861554 -0.20463407 -0.07707398]]
U = [[ 0.15941387  0.14744626  0.31310922  0.36425864 -0.02379118]
 [-0.28082863 -0.07617872  0.05519734  0.16154492  0.24320465]
 [ 0.00119001 -0.03512587 -0.14965619 -0.09643754  0.1602909 ]
 [ 0.23522617 -0.09388238  0.21929093 -0.13265615 -0.05313142]
 [-0.04939242 -0.01855372 -0.2538331  -0.09313244 -0.04565784]]
Matrix Pair 25; W = [[ 0.26519443  0.03446905  0.13997838 -0.07796439  0.01273743]
 [-0.13239644 -0.36114127 -0.04425028  0.31165597 -0.07513898]
 [-0.0213296   0.04194005 -0.11823102  0.02758639 -0.12524225]
 [ 0.03913903  0.05399319  0.14909322 -0.10378671 -0.06337252]
 [-0.09225766 -0.13845236 -0.27620139 -0.16905244 -0.04552816]]
U = [[ 0.18988323  0.11887755  0.29614137  0.36299479 -0.07615521]
 [-0.24835971 -0.02961198  0.04137473  0.10320268  0.24026868]
 [ 0.08786341 -0.02154018 -0.24534419 -0.16807901  0.21656683]
 [ 0.22406782 -0.11938556  0.21341646 -0.13732178 -0.08223627]
 [-0.08069069 -0.06503825 -0.26169473 -0.0892496  -0.04736073]]
Matrix Pair 26; W = [[ 0.27888909  0.0612503   0.09366083 -0.14766341  0.00282743]
 [-0.111869   -0.33936985 -0.09198499  0.28297471 -0.08113552]
 [-0.053697    0.04172067 -0.13911854  0.02399299 -0.06413574]
 [ 0.07123208  0.10224957  0.23456624 -0.0437326  -0.03087961]
 [-0.05684301 -0.15423871 -0.32356107 -0.22988267 -0.03325186]]
U = [[ 0.16479258  0.08493916  0.36469329  0.37124881 -0.03443288]
 [-0.27476922 -0.10815431  0.07219141  0.12779783  0.2091142 ]
 [ 0.04713168 -0.08035771 -0.17801812 -0.106341    0.16683094]
 [ 0.18959529 -0.03233103  0.25211946 -0.16518679 -0.08270954]
 [-0.05450588 -0.04843349 -0.27833069 -0.06211572 -0.07696624]]
Matrix Pair 27; W = [[ 0.26814695  0.05183897  0.09314485 -0.12330437  0.00169796]
 [-0.19748812 -0.40176523 -0.06633418  0.28184456 -0.10508211]
 [-0.0418661   0.04670533 -0.13913258  0.10531025 -0.11694701]
 [ 0.05814158  0.11752452  0.23501137 -0.09873967 -0.08152105]
 [-0.04410795 -0.14127884 -0.2813769  -0.19143815 -0.03316575]]
U = [[ 0.20452359  0.10462099  0.35011266  0.39387992 -0.00551438]
 [-0.27388289 -0.06223501  0.08175884  0.08808759  0.25665553]
 [ 0.00621722 -0.06092202 -0.17126816 -0.08580025  0.15590679]
 [ 0.20384678 -0.05771987  0.25651536 -0.1662608  -0.05860454]
 [-0.07570661 -0.05999427 -0.25266368 -0.0477628  -0.02906721]]
Matrix Pair 28; W = [[ 0.19407651  0.02120244  0.12110118 -0.12741009  0.03924319]
 [-0.14551642 -0.33249677 -0.07234641  0.24771153 -0.12698288]
 [-0.02178801  0.05953986 -0.1162731   0.0360464  -0.12780279]
 [ 0.02530851  0.06919108  0.153096   -0.12078879 -0.08075834]
 [-0.08664048 -0.10144186 -0.31121722 -0.23263976  0.02095437]]
U = [[ 0.14309257  0.14933983  0.27345772  0.41442238 -0.02413337]
 [-0.22684311 -0.03682494  0.0086756   0.14077563  0.22372296]
 [ 0.03084051 -0.04601517 -0.15148783 -0.08534103  0.16907373]
 [ 0.23057938 -0.09838765  0.26034559 -0.15026582 -0.11842622]
 [-0.12448984 -0.01015136 -0.24980706 -0.06266497 -0.00691218]]
Matrix Pair 29; W = [[ 0.24039932  0.10701002  0.13668656 -0.08703508  0.05543402]
 [-0.129375   -0.40485629 -0.04592167  0.2811103  -0.15433893]
 [-0.02198064  0.05166889 -0.16285927  0.05115562 -0.06945691]
 [-0.02110465  0.09576402  0.17438749 -0.05531933 -0.10003255]
 [-0.09826811 -0.15736075 -0.35837248 -0.20013891 -0.03145384]]
U = [[ 0.21478836  0.16941013  0.35979099  0.33923021 -0.07574238]
 [-0.20659683 -0.04026902  0.05953874  0.06800885  0.20998498]
 [ 0.08302438 -0.08193842 -0.16332638 -0.14518605  0.21720253]
 [ 0.18036265 -0.07110834  0.28147617 -0.17637183 -0.09579878]
 [-0.10158473  0.00968279 -0.20412821 -0.06144534 -0.01653199]]
Matrix Pair 30; W = [[ 0.24683445  0.03881261  0.12229495 -0.08350267  0.04450487]
 [-0.11434546 -0.37648994 -0.04634587  0.27904734 -0.12978686]
 [-0.0871102  -0.01933653 -0.16025075  0.10219569 -0.13567765]
 [ 0.01799413  0.0762318   0.24142982 -0.03378127 -0.12251094]
 [-0.04167834 -0.08469154 -0.29612656 -0.16217217 -0.00447189]]
U = [[ 0.14718823  0.12938498  0.34278425  0.41670852 -0.01036543]
 [-0.27396471 -0.09611731  0.01108141  0.10846685  0.26715728]
 [ 0.05667296 -0.04513153 -0.16121597 -0.10189138  0.17890264]
 [ 0.16384962 -0.09868421  0.21258443 -0.12813895 -0.1284913 ]
 [-0.09609221 -0.00916094 -0.2529848  -0.00666583 -0.04630859]]
Matrix Pair 31; W = [[ 0.25210548  0.05129311  0.14679961 -0.10217925  0.0579564 ]
 [-0.13884346 -0.4041484  -0.03887228  0.23219512 -0.09374195]
 [-0.03843256  0.01927472 -0.10519344  0.03678579 -0.11070838]
 [ 0.07675329  0.05772584  0.20450997 -0.10138301 -0.05703139]
 [-0.03382465 -0.12239713 -0.32467836 -0.20459164 -0.05649782]]
U = [[ 0.1247103   0.13037738  0.27541027  0.41217017 -0.0329992 ]
 [-0.24988971 -0.09868938  0.10762693  0.16373546  0.21252152]
 [ 0.08158247 -0.09296378 -0.16663502 -0.10800293  0.21948032]
 [ 0.19949152 -0.07170627  0.29228814 -0.14172043 -0.12684949]
 [-0.12817765  0.01168684 -0.21358838 -0.08297168 -0.07675141]]
Matrix Pair 32; W = [[ 0.16960882  0.08507777  0.14069077 -0.13768581 -0.05865617]
 [-0.13356117 -0.3457583  -0.00711302  0.28608501 -0.03305816]
 [-0.03341228 -0.00610526 -0.05505056  0.08456779 -0.03603812]
 [ 0.06667781  0.09919122  0.04300311 -0.12364283 -0.0871329 ]
 [-0.10207623 -0.08062493 -0.30959372 -0.23719378 -0.01298232]]
U = [[ 0.10905737  0.19983109  0.28370325  0.32847897 -0.10354469]
 [-0.26875863 -0.07074868  0.03470436  0.08142614  0.2982763 ]
 [ 0.04500341 -0.1172916  -0.26485001 -0.13392005  0.20283868]
 [ 0.26449941 -0.14309182  0.26553298 -0.14960293 -0.06904784]
 [-0.07951648 -0.01806961 -0.24229115 -0.05219716 -0.08890181]]
Matrix Pair 33; W = [[ 0.20931696  0.05699028  0.08572304 -0.13859101  0.00353998]
 [-0.12778897 -0.35134998 -0.01882212  0.21996313 -0.0897899 ]
 [-0.037595    0.07486986 -0.12385235  0.04305511 -0.05307976]
 [ 0.0391288   0.03873282  0.04238398 -0.08413791 -0.06134635]
 [-0.1358125  -0.11506479 -0.26890894 -0.20932567 -0.04941685]]
U = [[ 0.16935452  0.17974957  0.32275262  0.33486346 -0.0546676 ]
 [-0.24448356 -0.0981913   0.05728212  0.10398846  0.23301059]
 [ 0.03961835 -0.12858509 -0.17380118 -0.13698358  0.23155306]
 [ 0.2849629  -0.05733881  0.29962365 -0.10562807 -0.02065581]
 [-0.04303579 -0.02816181 -0.26139982 -0.02363416 -0.05768681]]
Matrix Pair 34; W = [[ 0.1724024   0.02718003  0.12814763 -0.09958154  0.01899225]
 [-0.16989385 -0.38203504 -0.00912442  0.27896516 -0.06535018]
 [-0.07719811  0.01573586 -0.06988483  0.03693465 -0.04142011]
 [-0.01895618  0.0351407   0.11307849 -0.09781599 -0.02609367]
 [-0.06079959 -0.06057878 -0.24908915 -0.20447485 -0.05101166]]
U = [[ 0.08197759  0.16320543  0.33063145  0.28842388 -0.06237533]
 [-0.26923608 -0.0612993   0.05690156  0.04531929  0.27828521]
 [ 0.05504423 -0.13838243 -0.22211948 -0.12546882  0.21074485]
 [ 0.24615841 -0.05693555  0.30115969 -0.12618    -0.080134  ]
 [-0.06925024  0.03117291 -0.23601869 -0.00569118 -0.02205216]]
Matrix Pair 35; W = [[ 0.13618894  0.08463421  0.07146583 -0.05166975 -0.0562388 ]
 [-0.16407874 -0.34995872 -0.01428699  0.29554974 -0.10174831]
 [-0.06345163  0.03639339 -0.10106041  0.07355332 -0.08927989]
 [ 0.05844776  0.02947835  0.05535816 -0.09651969 -0.01132537]
 [-0.10646723 -0.06951742 -0.32998824 -0.20841693 -0.05211773]]
U = [[ 0.14838901  0.13191931  0.33825374  0.3488466  -0.0249777 ]
 [-0.2730107  -0.08198871  0.08466519  0.13021214  0.28586413]
 [ 0.05259854 -0.12742629 -0.23188909 -0.14659258  0.18418723]
 [ 0.27943819 -0.13717158  0.23177648 -0.10162391 -0.03740303]
 [-0.06919937  0.00329751 -0.21408575 -0.03553434 -0.06464192]]
Matrix Pair 36; W = [[ 0.18736793  0.06469104  0.09836772 -0.12984562 -0.06196621]
 [-0.16530892 -0.35702369 -0.09089425  0.25396176 -0.03018021]
 [-0.06888344  0.06559727 -0.11102535  0.09551224 -0.07516112]
 [ 0.06693658  0.0601764   0.10445173 -0.05697965 -0.05333068]
 [-0.13736366 -0.11597844 -0.33701591 -0.20701739  0.01116924]]
U = [[ 0.14709303  0.14729109  0.32795015  0.29712742 -0.04457338]
 [-0.29631815 -0.04848699  0.0254829   0.0998095   0.30307659]
 [ 0.04203623 -0.06564455 -0.17617701 -0.08781405  0.20581257]
 [ 0.19208314 -0.09864397  0.28930247 -0.12119771 -0.05740267]
 [-0.12825544  0.03232142 -0.17798466  0.01202297 -0.04952209]]
Matrix Pair 37; W = [[ 0.14027288  0.02332061  0.10073403 -0.09718283 -0.0101246 ]
 [-0.09415666 -0.38278597 -0.08437021  0.25347784 -0.03620936]
 [-0.08510856 -0.01704271 -0.05042488  0.02972527 -0.09238302]
 [ 0.04937957  0.00496196  0.1217276  -0.08340211 -0.00912995]
 [-0.08433184 -0.12815194 -0.26978534 -0.14899147  0.0125773 ]]
U = [[ 0.17535674  0.18062388  0.25626508  0.29246699 -0.07045534]
 [-0.31208612 -0.05661838  0.02418393  0.14170296  0.23865551]
 [ 0.0727478  -0.13257244 -0.21825101 -0.16394904  0.20351489]
 [ 0.20694045 -0.12435722  0.28881072 -0.08537785 -0.09233391]
 [-0.11402572  0.01277575 -0.22068281 -0.01001978 -0.08568223]]
Matrix Pair 38; W = [[ 0.21343807  0.05146203  0.09553795 -0.06813471  0.02977414]
 [-0.15507703 -0.35769896 -0.04036958  0.23104893 -0.03852074]
 [-0.01836839  0.07578922 -0.0580861   0.02945013 -0.01602459]
 [-0.00282945  0.06649294  0.05446273 -0.03127574 -0.09671081]
 [-0.12673391 -0.08966502 -0.32715754 -0.21172188 -0.02551764]]
U = [[ 0.16439927  0.13622563  0.27140497  0.37516707 -0.09274676]
 [-0.24883458 -0.11342823  0.04151611  0.10813307  0.28113431]
 [ 0.01586276 -0.14350299 -0.20477767 -0.10054483  0.18239684]
 [ 0.28492846 -0.13594505  0.28104593 -0.08481286 -0.11824373]
 [-0.09620058 -0.02290174 -0.25821897 -0.03865408 -0.02280474]]
Matrix Pair 39; W = [[ 0.1397849   0.04692833  0.14831298 -0.06762571  0.01965827]
 [-0.11856226 -0.37476913 -0.09261997  0.27967223 -0.06742882]
 [-0.06834791  0.03402597 -0.06914834  0.08573869 -0.08901264]
 [ 0.06152023  0.02786515  0.08172313 -0.04981804 -0.06065133]
 [-0.14479325 -0.1224157  -0.3205884  -0.1800776  -0.00341649]]
U = [[ 0.15547872  0.16266807  0.26944241  0.3522937  -0.05987582]
 [-0.24828124 -0.0777173   0.02276473  0.08182813  0.30416586]
 [ 0.01694129 -0.09297582 -0.24883429 -0.14191736  0.24343902]
 [ 0.2515194  -0.08984912  0.26950293 -0.08581016 -0.09420599]
 [-0.05653299  0.00732475 -0.26468282 -0.00741116 -0.0838568 ]]
Matrix Pair 40; W = [[ 0.19911488  0.0158078   0.10129669 -0.09722196  0.0332028 ]
 [-0.13307277 -0.36228873 -0.06991248  0.23089477 -0.05049832]
 [ 0.00707935  0.04359599 -0.08326769  0.04922806 -0.06523463]
 [ 0.06724935  0.03537732  0.10999082 -0.03572055 -0.06392439]
 [-0.12530772 -0.06512732 -0.31788057 -0.17172252 -0.04319684]]
U = [[ 0.13577513  0.14124822  0.31444941  0.35101634 -0.03378386]
 [-0.28212052 -0.09694963  0.06648458  0.0520419   0.24989581]
 [ 0.03854794 -0.13800784 -0.27023183 -0.11692689  0.2017799 ]
 [ 0.205712   -0.0962585   0.25542494 -0.15094512 -0.05860133]
 [-0.06722435 -0.0108023  -0.25146467 -0.06824744 -0.02529595]]
Matrix Pair 41; W = [[ 0.16271154  0.07223272  0.12609119 -0.13769838  0.01192825]
 [-0.16862922 -0.42069928 -0.0931064   0.23263898 -0.07836837]
 [-0.03767107  0.03398615 -0.084109    0.08583963 -0.0497374 ]
 [-0.02025157  0.0982901   0.0657346  -0.02804582 -0.09133577]
 [-0.06993703 -0.13746297 -0.2840825  -0.20747371  0.00189312]]
U = [[ 0.10161128  0.15647482  0.2663814   0.34703992 -0.10712029]
 [-0.2720031  -0.09322113  0.00919169  0.11681768  0.28441465]
 [ 0.07147887 -0.10962615 -0.19269584 -0.14863267  0.23691381]
 [ 0.24832215 -0.12924311  0.29107755 -0.07652989 -0.04056676]
 [-0.10997423 -0.04116534 -0.19533758 -0.03606397 -0.06211139]]
Matrix Pair 42; W = [[ 0.18757039  0.02449649  0.0949127  -0.1193464   0.0202025 ]
 [-0.16509413 -0.40589848 -0.08211817  0.21961222 -0.09918379]
 [ 0.00109176  0.02810547 -0.103676    0.06487931 -0.03205031]
 [ 0.04577258  0.00799969  0.05383675 -0.03992973 -0.03722663]
 [-0.10850646 -0.12643704 -0.24890081 -0.15675591 -0.04649445]]
U = [[ 0.10914403  0.19596978  0.25897441  0.31443507 -0.08005293]
 [-0.30188103 -0.03998337  0.00322446  0.04593661  0.22787336]
 [ 0.06767377 -0.05817022 -0.24669442 -0.14614387  0.19504467]
 [ 0.1893576  -0.04527535  0.23669813 -0.08229127 -0.06985831]
 [-0.04420837 -0.01443414 -0.19593801 -0.05501812 -0.02046788]]
Matrix Pair 43; W = [[ 0.21664414 -0.00617568  0.13942678 -0.11316248 -0.04754561]
 [-0.12467207 -0.3916042  -0.00961137  0.20389696 -0.07170412]
 [-0.00647572  0.06899887 -0.06846784  0.05976553 -0.08607583]
 [ 0.01596651  0.01484542  0.10131975 -0.0827701  -0.01721164]
 [-0.07337241 -0.12287773 -0.3250812  -0.17565395  0.02488041]]
U = [[ 0.09047365  0.16186685  0.28954893  0.36931576 -0.0547641 ]
 [-0.26414703 -0.10129454  0.03988036  0.13252311  0.29592428]
 [ 0.02058479 -0.0777938  -0.1822861  -0.13427537  0.25147618]
 [ 0.27751868 -0.08362307  0.26946696 -0.155449   -0.07624842]
 [-0.12939399  0.0062743  -0.25542917 -0.00619257 -0.06831779]]
Matrix Pair 44; W = [[ 0.13966505  0.00793284  0.08782279 -0.10614365 -0.00939347]
 [-0.09285737 -0.41283229 -0.04205887  0.23814425 -0.08956459]
 [ 0.00668484  0.05722534 -0.12716382  0.05421219 -0.04474113]
 [ 0.00238935  0.01653362  0.05892989 -0.10567579 -0.03430074]
 [-0.08816272 -0.07533943 -0.2933272  -0.15096957 -0.00705246]]
U = [[ 0.17237085  0.12711592  0.3130111   0.29579573 -0.09556224]
 [-0.25461073 -0.05045105  0.0082787   0.05630487  0.30370136]
 [ 0.04652664 -0.11497153 -0.17992922 -0.1437936   0.16089229]
 [ 0.22604517 -0.13658387  0.29066658 -0.10954639 -0.02553291]
 [-0.0924086   0.03004855 -0.24606557 -0.08184948 -0.02687217]]
Matrix Pair 45; W = [[ 0.1762135  -0.00380484  0.0757465  -0.11633861 -0.03549839]
 [-0.08816559 -0.3384244  -0.03029445  0.27680339 -0.06741044]
 [-0.01456216  0.01795884 -0.07764478  0.0946617  -0.03029427]
 [ 0.05824533  0.01193932  0.1190059  -0.12012065 -0.01390488]
 [-0.06573331 -0.1304369  -0.32569316 -0.23077802 -0.01621693]]
U = [[ 0.10083924  0.14156419  0.32833261  0.32936528 -0.04710637]
 [-0.26876842 -0.09615674 -0.00196452  0.11967301  0.30573103]
 [ 0.01520164 -0.14106682 -0.17868961 -0.07470264  0.20245002]
 [ 0.20468274 -0.13741701  0.24256241 -0.10363465 -0.09211452]
 [-0.06485356 -0.01399848 -0.23556339 -0.01775996 -0.06885092]]
Matrix Pair 46; W = [[ 0.14402418  0.04655227  0.06411156 -0.11953246 -0.03551684]
 [-0.17566141 -0.41156131 -0.00543198  0.27447449 -0.07023976]
 [-0.08210854  0.01930407 -0.11625426  0.04208216 -0.04844719]
 [ 0.0550081   0.03954133  0.09948644 -0.10324138 -0.09899343]
 [-0.1325897  -0.0979342  -0.3371059  -0.19119945  0.02335331]]
U = [[ 0.13085816  0.20097222  0.30773811  0.31950687 -0.02411034]
 [-0.33463833 -0.03477359  0.02006469  0.05212992  0.26898052]
 [ 0.04997457 -0.12437095 -0.20708622 -0.11565689  0.20424087]
 [ 0.28076126 -0.10096076  0.27250359 -0.09048581 -0.08974466]
 [-0.06618978  0.00145103 -0.26349573 -0.04993355 -0.04544467]]
Matrix Pair 47; W = [[ 0.22102807  0.04099595  0.08406658 -0.0504956  -0.06482496]
 [-0.09740288 -0.36961963 -0.08294191  0.27804675 -0.02427534]
 [-0.02345312  0.01332124 -0.10410826  0.1035928  -0.06806289]
 [ 0.00441087  0.07076563  0.04543529 -0.03022816 -0.01147331]
 [-0.05036007 -0.12329906 -0.26186558 -0.15240487  0.0160162 ]]
U = [[ 0.13732434  0.12841946  0.31802497  0.38026075 -0.07148079]
 [-0.24304597 -0.11147092 -0.01270646  0.121034    0.31588281]
 [ 0.01680062 -0.13173207 -0.23870166 -0.15226156  0.21442322]
 [ 0.19779847 -0.08167259  0.2557936  -0.14503418 -0.07866304]
 [-0.10714478  0.0015701  -0.17346657  0.00146861 -0.06181945]]
Matrix Pair 48; W = [[ 0.22630481 -0.03173585  0.13052724 -0.16514858  0.09870076]
 [-0.10460248 -0.26844292 -0.02162198  0.29529367 -0.05540253]
 [-0.01805104 -0.0442424  -0.06414283  0.03531505 -0.0352364 ]
 [-0.0252291   0.04692532  0.17748477  0.05122951 -0.0354694 ]
 [-0.08237887 -0.1712535  -0.2202951  -0.13109658 -0.04061064]]
U = [[ 0.16133576  0.10796645  0.21393261  0.25315849  0.00616614]
 [-0.2138279   0.02132571  0.06743148  0.10241207  0.12885663]
 [ 0.04860834 -0.13135522 -0.17969566 -0.04573924  0.22157032]
 [ 0.29768315 -0.14846907  0.22073135 -0.05086346 -0.15581573]
 [-0.14196846 -0.03125425 -0.26791397 -0.1415647  -0.1151985 ]]
Matrix Pair 49; W = [[ 0.24797987 -0.02117061  0.10733653 -0.16048819  0.01442567]
 [-0.13134813 -0.31121284 -0.04996515  0.25874142 -0.12607089]
 [ 0.00354325 -0.05156957 -0.11358451  0.10296071 -0.04498566]
 [ 0.00386053  0.05028024  0.12796212 -0.02343076 -0.04163286]
 [-0.08985671 -0.13773326 -0.18952119 -0.17779532 -0.05526151]]
U = [[ 0.23943969  0.12391156  0.26261971  0.24468236 -0.00523702]
 [-0.25838317 -0.04268936  0.13574638  0.12157812  0.18426827]
 [ 0.05497789 -0.06626039 -0.11591214 -0.07903651  0.29267046]
 [ 0.29562941 -0.16497128  0.20840572 -0.05837367 -0.16178791]
 [-0.14226408 -0.0170456  -0.29131466 -0.14676042 -0.1144731 ]]
Matrix Pair 50; W = [[ 0.24002631  0.00812479  0.0854601  -0.09898007  0.05543477]
 [-0.09879366 -0.31902156  0.01837453  0.27438712 -0.05580568]
 [-0.02787476 -0.02318104 -0.05646977  0.03110434 -0.0260525 ]
 [ 0.02060773  0.053758    0.19447012 -0.03414714 -0.10999885]
 [-0.03757215 -0.1310366  -0.22294341 -0.16326582 -0.00050511]]
U = [[ 0.16100819  0.052159    0.25309429  0.29918158 -0.04218643]
 [-0.19331186  0.05191791  0.06055307  0.06123816  0.1329192 ]
 [ 0.0669812  -0.0604766  -0.15861869 -0.11431674  0.24413531]
 [ 0.25990765 -0.16189623  0.23144433 -0.066807   -0.15831617]
 [-0.08668665 -0.06740237 -0.26135573 -0.16730546 -0.03433522]]
Matrix Pair 51; W = [[ 2.27251357e-01  2.25561252e-03  1.14183948e-01 -1.23488285e-01
   7.91743264e-02]
 [-1.36400454e-01 -3.06847127e-01  2.95588696e-02  3.28884849e-01
  -9.35692731e-02]
 [ 2.41142196e-02 -2.19956950e-03 -1.17019565e-01  7.43863584e-02
  -6.23288735e-02]
 [-2.55419102e-03  7.90913415e-02  1.58238873e-01 -2.24552774e-04
  -6.08405322e-02]
 [-7.86651336e-02 -1.24396165e-01 -2.67856920e-01 -1.48072327e-01
  -6.38930104e-02]]
U = [[ 0.19313898  0.07706091  0.21787865  0.21690022  0.01255781]
 [-0.25202617 -0.04475788  0.11298891  0.11336364  0.14956305]
 [ 0.07409723 -0.13942328 -0.18369108 -0.07377524  0.25088285]
 [ 0.25988432 -0.09546346  0.23861768 -0.05582215 -0.19650968]
 [-0.06928004 -0.08401619 -0.23505099 -0.17075794 -0.10707109]]
Matrix Pair 52; W = [[ 0.23255508  0.0124388   0.07415008 -0.1082625   0.04905931]
 [-0.15372008 -0.31435178  0.02482832  0.31522294 -0.10253035]
 [ 0.00121776 -0.00544638 -0.11935523  0.07871425  0.03245807]
 [ 0.04530011  0.03592076  0.14214055 -0.01769988 -0.04608208]
 [-0.07153101 -0.15517993 -0.24660927 -0.11941226 -0.02000777]]
U = [[ 0.21209881  0.04596039  0.23182757  0.22382097  0.01149857]
 [-0.20655191 -0.02943331  0.11485237  0.13204691  0.19926553]
 [ 0.05123201 -0.12038213 -0.13563893 -0.108575    0.21450716]
 [ 0.23226146 -0.12439156  0.28787958 -0.0649728  -0.12834749]
 [-0.11919135 -0.09103005 -0.22556978 -0.14502436 -0.08392569]]
Matrix Pair 53; W = [[ 0.2025759   0.05782156  0.11722584 -0.09233753  0.02997257]
 [-0.08070234 -0.2266897   0.00605264  0.26915369 -0.12178869]
 [ 0.01816727 -0.01305351 -0.10084161  0.05746889  0.03614069]
 [ 0.03787004  0.12172566  0.09968959 -0.02481227 -0.10318238]
 [-0.06151694 -0.1423986  -0.219577   -0.12179691 -0.04762211]]
U = [[ 0.22337566  0.08438168  0.26912382  0.27618008  0.04946671]
 [-0.20379671 -0.00466402  0.09194602  0.12518601  0.18191116]
 [ 0.0600484  -0.09455366 -0.11446863 -0.05604905  0.29846683]
 [ 0.26062386 -0.08147933  0.24437253 -0.1059738  -0.1967135 ]
 [-0.06764919 -0.10322801 -0.29719613 -0.13824005 -0.09501187]]
Matrix Pair 54; W = [[ 0.23017164  0.03832196  0.11524915 -0.17113817  0.07765845]
 [-0.10175383 -0.32006327  0.03044897  0.3395563  -0.03378005]
 [-0.00834039  0.0231259  -0.12213869  0.03768035 -0.02682068]
 [ 0.0475441   0.05540437  0.15828351  0.02187491 -0.11645856]
 [-0.01488027 -0.11549544 -0.18671827 -0.12889995 -0.04983999]]
U = [[ 0.19769989  0.09774643  0.25238068  0.30013155 -0.01277581]
 [-0.26629408 -0.01377283  0.11165147  0.12500686  0.13462842]
 [ 0.04631819 -0.08141006 -0.12450993 -0.06930979  0.28367574]
 [ 0.27993653 -0.11118468  0.22005254 -0.12334254 -0.10733802]
 [-0.13296713 -0.11142314 -0.20412958 -0.10381011 -0.02847111]]
Matrix Pair 55; W = [[ 0.22831114  0.05397418  0.08618045 -0.10459837  0.0592148 ]
 [-0.13826939 -0.29330626  0.01899452  0.27193942 -0.05104309]
 [-0.0148872  -0.0300695  -0.11392393  0.10648854 -0.03578427]
 [-0.0172455   0.04785875  0.1403641   0.01748451 -0.06770179]
 [-0.03777616 -0.11912219 -0.26074943 -0.20786045 -0.06863228]]
U = [[ 0.16045209  0.11466881  0.25254533  0.25400564  0.00067957]
 [-0.20713302  0.01539778  0.13696335  0.05987193  0.16279043]
 [ 0.04475378 -0.14922533 -0.1773819  -0.07377051  0.21829007]
 [ 0.25193973 -0.08205808  0.19841057 -0.10199565 -0.1661721 ]
 [-0.06137107 -0.05290753 -0.27072927 -0.1012451  -0.07765665]]
Matrix Pair 56; W = [[ 0.26684354 -0.01351778  0.06200116 -0.12514875  0.03955613]
 [-0.1437227  -0.27311388  0.04221453  0.33793285 -0.07674086]
 [ 0.01156517 -0.01352572 -0.07145837  0.08867415  0.02116707]
 [ 0.06046232  0.07675702  0.19428046 -0.04537342 -0.11880406]
 [-0.08356434 -0.13134214 -0.25112105 -0.15491877 -0.05593135]]
U = [[ 0.18352348  0.13443348  0.24869252  0.24652185 -0.04681948]
 [-0.20060603  0.0496303   0.09474526  0.1397488   0.16300796]
 [ 0.08877898 -0.0653024  -0.20090469 -0.03799058  0.201221  ]
 [ 0.28261796 -0.10251106  0.25538169 -0.06762505 -0.17790738]
 [-0.08214532 -0.05022449 -0.22880063 -0.10022685 -0.09262852]]
Matrix Pair 57; W = [[ 0.19873662  0.05120504  0.09587769 -0.11696715  0.01209987]
 [-0.06704376 -0.31010297  0.0151983   0.26893173 -0.11573433]
 [-0.05948089 -0.02423273 -0.0826387   0.05367297 -0.0073208 ]
 [ 0.05164988  0.08141912  0.12850824  0.0131205  -0.08844529]
 [-0.03278565 -0.08231549 -0.17229944 -0.13860003  0.0294441 ]]
U = [[ 0.18917529  0.07494139  0.26376051  0.24051815  0.00863068]
 [-0.20059678  0.04665358  0.1431737   0.06155514  0.19663551]
 [ 0.10694193 -0.09174075 -0.1984247  -0.1322203   0.28370611]
 [ 0.3015695  -0.09263951  0.26485906 -0.12694367 -0.17276756]
 [-0.11469705 -0.03471898 -0.25537057 -0.0953355  -0.08014916]]
Matrix Pair 58; W = [[ 0.22687053  0.05053742  0.05897688 -0.14716839  0.10274209]
 [-0.07934639 -0.24007619 -0.04650362  0.34934838 -0.08527848]
 [ 0.02004458  0.00708041 -0.07303079  0.03332579  0.02317338]
 [ 0.02700084  0.04288057  0.15297664  0.02302372 -0.09043015]
 [-0.05445314 -0.16163691 -0.22742457 -0.15484515 -0.05276521]]
U = [[ 0.19406288  0.0920582   0.20702051  0.23410347  0.01097096]
 [-0.26392403  0.01599401  0.1223604   0.07044165  0.1256014 ]
 [ 0.10031823 -0.09655112 -0.145235   -0.04168075  0.25056722]
 [ 0.294077   -0.14276065  0.22258132 -0.04064985 -0.16633049]
 [-0.1420795  -0.06686082 -0.20826396 -0.15784368 -0.0509355 ]]
Matrix Pair 59; W = [[ 1.94894280e-01  4.38801148e-05  1.08991751e-01 -1.63892996e-01
   5.80281694e-02]
 [-1.12223862e-01 -2.58624866e-01 -1.22648286e-02  2.93257182e-01
  -9.37857717e-02]
 [-1.95149751e-02  4.91048998e-03 -2.56585530e-02  6.77823889e-02
  -7.62786072e-03]
 [ 5.65384750e-02  1.14227800e-01  1.06779550e-01  3.72467288e-02
  -4.49393301e-02]
 [-4.40865208e-02 -8.80349411e-02 -1.96566645e-01 -2.07311644e-01
  -2.22475666e-02]]
U = [[ 0.19496071  0.1196401   0.24898374  0.28280473 -0.01291211]
 [-0.25000375  0.00092762  0.09796449  0.09182116  0.19850006]
 [ 0.10559714 -0.07113431 -0.20157082 -0.09803136  0.26458985]
 [ 0.29095328 -0.08862543  0.27837612 -0.11808331 -0.13642725]
 [-0.08282498 -0.06415391 -0.26030311 -0.16745209 -0.08420105]]
Matrix Pair 60; W = [[ 0.19962772 -0.01992022  0.05949459 -0.1383668   0.09760224]
 [-0.12909702 -0.22706605 -0.00887116  0.28982932 -0.11095437]
 [ 0.02974248 -0.01002268 -0.05156301  0.10641469 -0.02352279]
 [ 0.05063478  0.06526213  0.14322227  0.0228722  -0.08915058]
 [-0.0415623  -0.08189842 -0.24811878 -0.11929299 -0.01658296]]
U = [[ 0.18273178  0.13859067  0.27463689  0.25787634  0.00476822]
 [-0.20205714 -0.03491842  0.15444581  0.06756482  0.18842043]
 [ 0.07507329 -0.07124157 -0.15242835 -0.09826669  0.29318022]
 [ 0.27985161 -0.08451033  0.25525638 -0.12970545 -0.16753566]
 [-0.07977366 -0.065944   -0.26316815 -0.1153686  -0.06304137]]
Matrix Pair 61; W = [[ 0.20833463  0.00990348  0.09683062 -0.12786669  0.01033363]
 [-0.07219302 -0.22597159  0.0007709   0.28639424 -0.07342071]
 [ 0.02756399  0.03479225 -0.07287199  0.05762712 -0.03630115]
 [-0.01043624  0.07118017  0.15668402 -0.03249589 -0.06207488]
 [-0.01642205 -0.10520582 -0.17930459 -0.15119745  0.01651124]]
U = [[ 0.24561732  0.04144802  0.25660908  0.25932074  0.02753745]
 [-0.22476057 -0.04457367  0.10127524  0.07706997  0.14582544]
 [ 0.03181786 -0.11236136 -0.16035139 -0.07173673  0.26166226]
 [ 0.26073247 -0.08062471  0.26756557 -0.12036515 -0.18141326]
 [-0.11566248 -0.02001717 -0.2721701  -0.15854408 -0.04264676]]
Matrix Pair 62; W = [[ 0.25887009  0.01594065  0.04822346 -0.10383995  0.03161043]
 [-0.06738125 -0.25936229 -0.0012683   0.31640965 -0.04218209]
 [-0.02916917 -0.03240312 -0.03636768  0.03375672 -0.00357501]
 [ 0.02720209  0.08189991  0.1137802  -0.02638958 -0.08959914]
 [-0.02293546 -0.16402074 -0.21185152 -0.14159544 -0.03604981]]
U = [[ 0.1572568   0.11369069  0.2568196   0.31431998 -0.01037448]
 [-0.25374174 -0.00360906  0.14597106  0.07464895  0.14223667]
 [ 0.09839512 -0.10923623 -0.18759992 -0.12131394  0.27294056]
 [ 0.24809583 -0.06865522  0.2298253  -0.06351104 -0.13260699]
 [-0.05453487 -0.02720567 -0.23599595 -0.16790768 -0.05577368]]
Matrix Pair 63; W = [[ 0.28754854  0.0329848   0.10245545 -0.09002596  0.00511579]
 [-0.11508944 -0.25647227  0.02242457  0.34233146 -0.03548787]
 [-0.03925586 -0.03537484 -0.03085563  0.03294855 -0.02282668]
 [ 0.00389915  0.0328971   0.12747956  0.00715944 -0.12879088]
 [-0.1071085  -0.141655   -0.25503488 -0.18806266 -0.02026423]]
U = [[ 0.17946334  0.04177456  0.28735058  0.29604535 -0.02485657]
 [-0.26744416 -0.00526479  0.15141521  0.09917422  0.17632685]
 [ 0.05296923 -0.13058611 -0.12904536 -0.08841131  0.26454923]
 [ 0.30662668 -0.10858154  0.26115185 -0.06659487 -0.18873074]
 [-0.10836978 -0.0139805  -0.26135561 -0.14808892 -0.08665831]]
Matrix Pair 64; W = [[ 0.16030145  0.05049605  0.10714563 -0.1409766   0.04071777]
 [-0.15958409 -0.37257026 -0.05359215  0.22844131 -0.0565055 ]
 [-0.00478306 -0.03553605 -0.14411677  0.11729622 -0.0717021 ]
 [ 0.01320202  0.12623493  0.17963514 -0.07556237 -0.04104261]
 [-0.05426398 -0.07222183 -0.26695302 -0.16795962  0.01153045]]
U = [[ 0.12689714  0.12885963  0.28519435  0.39773225 -0.04959355]
 [-0.25647299 -0.04208501 -0.01815206  0.13943524  0.25571795]
 [ 0.04665267 -0.06463998 -0.12973852 -0.11863333  0.19225713]
 [ 0.21440084  0.04747278  0.22790661 -0.14233684 -0.11049563]
 [-0.03915618 -0.05044293 -0.25502747 -0.03165709  0.02238084]]
Matrix Pair 65; W = [[ 0.18210993  0.00236635  0.04132545 -0.06390723  0.01127672]
 [-0.15031712 -0.37356668 -0.04953545  0.21295812 -0.12957301]
 [-0.04514041  0.02146186 -0.09176063  0.06080613 -0.03966286]
 [-0.00056448  0.05210145  0.2356224  -0.10202252 -0.09425285]
 [-0.0419744  -0.06705466 -0.34592429 -0.22530996  0.02345009]]
U = [[ 0.16775225  0.10632538  0.36651147  0.36333111 -0.01269631]
 [-0.24259094 -0.06738365  0.05001145  0.1344472   0.23470539]
 [ 0.02227829 -0.00531828 -0.16264996 -0.17549007  0.20184791]
 [ 0.22254765  0.04052003  0.19125942 -0.05546124 -0.09669198]
 [-0.05322086  0.00891854 -0.26068248 -0.04773549  0.0127164 ]]
Matrix Pair 66; W = [[ 0.21311401  0.03723704  0.12468824 -0.06334958 -0.0305337 ]
 [-0.16147929 -0.32167521 -0.12290848  0.24541914 -0.09269465]
 [-0.05095268  0.01428784 -0.14379685  0.07379491 -0.07109677]
 [ 0.00940243  0.06412293  0.14824344 -0.13433513 -0.09059122]
 [-0.07142531 -0.0393569  -0.34173282 -0.16028694 -0.02728622]]
U = [[ 0.1624464   0.09978906  0.35507451  0.32122092 -0.04466085]
 [-0.29870399 -0.05231484  0.0234568   0.18781907  0.22434015]
 [ 0.00341536 -0.03972619 -0.12805596 -0.12506985  0.17778736]
 [ 0.17706009  0.01613863  0.16993385 -0.13599377 -0.13336173]
 [-0.03438771 -0.02808282 -0.19432001 -0.10021467 -0.00836616]]
Matrix Pair 67; W = [[ 0.23147993  0.02965015  0.11281605 -0.1143825   0.04106786]
 [-0.12019256 -0.38932288 -0.07106719  0.19256637 -0.0553851 ]
 [-0.0537238  -0.00326802 -0.07361188  0.10747336 -0.0620327 ]
 [-0.02233174  0.12406011  0.23396805 -0.10405815 -0.06572968]
 [-0.0559554  -0.04030284 -0.3475209  -0.14610461 -0.04935811]]
U = [[ 0.12984673  0.05874491  0.33293558  0.3252376  -0.04251699]
 [-0.24845588 -0.08931321  0.06038     0.22665472  0.16585675]
 [ 0.00232243 -0.0250573  -0.1998165  -0.10958319  0.17312067]
 [ 0.18902328  0.05435029  0.21724884 -0.12145836 -0.08284884]
 [-0.07860796 -0.00230358 -0.2743404  -0.07034411 -0.03224505]]
Matrix Pair 68; W = [[ 0.18369709  0.04468965  0.09313662 -0.1126305   0.01709095]
 [-0.09904298 -0.38521625 -0.06116896  0.20380386 -0.09152313]
 [ 0.01312843 -0.02737822 -0.09568403  0.10864163 -0.13421594]
 [-0.02253966  0.05152148  0.14158504 -0.09746584 -0.09126008]
 [-0.10382382 -0.12995199 -0.31061298 -0.22869896 -0.06397098]]
U = [[ 0.13328127  0.06767668  0.32541487  0.3570421  -0.00767895]
 [-0.30359398 -0.1031419  -0.00641119  0.21629319  0.17310231]
 [ 0.03577424 -0.02604505 -0.20066432 -0.1789874   0.21047164]
 [ 0.17254319  0.01999305  0.25764323 -0.08431527 -0.12006783]
 [-0.08051434 -0.02381592 -0.25140752 -0.09404192  0.00818843]]
Matrix Pair 69; W = [[ 0.17741349  0.00619684  0.06043753 -0.08878923  0.00259924]
 [-0.12312424 -0.32152114 -0.1066947   0.27130853 -0.11769689]
 [ 0.02144569 -0.04409651 -0.15526267  0.06161602 -0.12520347]
 [-0.01709044  0.06805694  0.20617849 -0.11658591 -0.08870032]
 [-0.07747238 -0.08232579 -0.29319803 -0.1432218   0.0074882 ]]
U = [[ 0.19891624  0.10165571  0.29527402  0.41252785 -0.03949413]
 [-0.27767219 -0.07721241  0.06330367  0.18054661  0.23239731]
 [ 0.01535414 -0.07986589 -0.19648336 -0.11913104  0.17849066]
 [ 0.16102584  0.01240585  0.17248565 -0.09254971 -0.05902199]
 [ 0.00134798 -0.04405708 -0.2658731  -0.09584102 -0.02587326]]
Matrix Pair 70; W = [[ 0.16041449  0.02008355  0.10850224 -0.11899841 -0.01163168]
 [-0.15208054 -0.37496469 -0.08757604  0.26883339 -0.13793542]
 [ 0.01159479 -0.05332814 -0.10829416  0.06262494 -0.06767884]
 [ 0.04981109  0.05442046  0.18200163 -0.0639952  -0.05902165]
 [-0.10363756 -0.08032302 -0.32915844 -0.14003077  0.02164837]]
U = [[ 0.18667521  0.13128978  0.30765508  0.34169997 -0.0504418 ]
 [-0.23476912 -0.05183267  0.0085624   0.2292302   0.23162473]
 [ 0.05051967 -0.04671149 -0.15322598 -0.12861566  0.139247  ]
 [ 0.2387399  -0.00496977  0.19603863 -0.05481092 -0.08169729]
 [-0.01573622 -0.0341962  -0.24066361 -0.04211892  0.00879519]]
Matrix Pair 71; W = [[ 0.19998863  0.05770063  0.04352775 -0.08675417  0.05388586]
 [-0.08754764 -0.36354774 -0.08311494  0.20791449 -0.05163955]
 [-0.06512522 -0.0333496  -0.13043417  0.05886141 -0.05164518]
 [-0.00669234  0.12821875  0.1926455  -0.12604968 -0.06539165]
 [-0.04681401 -0.04139161 -0.31052198 -0.21677891 -0.02269371]]
U = [[ 0.12647146  0.14422008  0.32296727  0.37009976 -0.0051024 ]
 [-0.23928543 -0.03051378  0.05075892  0.149963    0.19412621]
 [ 0.05840689 -0.00626228 -0.12538548 -0.10570827  0.20243805]
 [ 0.18054967  0.00531104  0.23253278 -0.08963195 -0.13110297]
 [-0.08241463  0.03715812 -0.27293118 -0.0125513  -0.03822458]]
Matrix Pair 72; W = [[ 0.1901099   0.03377004  0.09891631 -0.06720203  0.00650595]
 [-0.12689561 -0.33806266 -0.14597112  0.24423439 -0.09491069]
 [-0.00795097 -0.02423429 -0.13132645  0.13979263 -0.07821314]
 [ 0.00744118  0.09747268  0.16650769 -0.1165351  -0.00502504]
 [-0.07161218 -0.0791917  -0.34156832 -0.19656247 -0.00474811]]
U = [[ 1.90042204e-01  5.76461644e-02  3.77464699e-01  3.34978741e-01
  -1.33647592e-02]
 [-2.72301758e-01 -2.64727196e-02 -2.40917963e-02  1.45704118e-01
   1.59346209e-01]
 [-5.47306430e-05  3.47698274e-03 -1.26653795e-01 -1.14947052e-01
   1.30207164e-01]
 [ 2.26155934e-01  9.90233653e-03  2.23236894e-01 -6.19086210e-02
  -6.51233313e-02]
 [ 2.30856103e-03  2.61825841e-02 -2.20238019e-01 -1.03198351e-01
  -4.28283085e-02]]
Matrix Pair 73; W = [[ 0.21034026  0.03903486  0.11603413 -0.14483072  0.00248082]
 [-0.17165941 -0.32451117 -0.09442118  0.22007271 -0.09028375]
 [-0.00260387  0.01171652 -0.12272967  0.08987294 -0.04649139]
 [ 0.00442819  0.07692618  0.19715131 -0.10745496 -0.0898216 ]
 [-0.07801763 -0.04051596 -0.32529354 -0.20684205  0.02106743]]
U = [[ 0.13146454  0.05666117  0.29946634  0.37526418  0.0259635 ]
 [-0.27017946 -0.04543609 -0.01366254  0.17005851  0.23485411]
 [ 0.03886667 -0.07266473 -0.18155896 -0.16701123  0.1163388 ]
 [ 0.1649358  -0.01543971  0.24942418 -0.07780537 -0.08909673]
 [ 0.00739196 -0.04736472 -0.20996048 -0.082611    0.01841087]]
Matrix Pair 74; W = [[ 0.1757207   0.09863956  0.06034175 -0.10627481  0.03511029]
 [-0.0972232  -0.31265041 -0.09694189  0.19107846 -0.10949914]
 [ 0.01922956  0.00270239 -0.14811554  0.1316152  -0.07715436]
 [ 0.05554909  0.09018117  0.17417359 -0.08927911 -0.03590457]
 [-0.0577039  -0.04489513 -0.34388098 -0.23569992  0.02729595]]
U = [[ 0.1190241   0.1209073   0.35256249  0.32141361  0.02175962]
 [-0.30236082 -0.07320349  0.0133087   0.19660919  0.23974257]
 [ 0.05890834 -0.00712045 -0.13686893 -0.17207688  0.13190766]
 [ 0.24550588  0.05402598  0.21112615 -0.05501696 -0.08121681]
 [-0.03436758 -0.03671855 -0.18442542 -0.03607121 -0.04962389]]
Matrix Pair 75; W = [[ 0.16569599  0.05302146  0.08880124 -0.10971587 -0.00595263]
 [-0.0928588  -0.31422763 -0.11990879  0.25835419 -0.09992674]
 [-0.03447766 -0.0417162  -0.14807454  0.05231809 -0.12427299]
 [-0.00765844  0.1143037   0.16748978 -0.08003335 -0.07383964]
 [-0.12821389 -0.11058952 -0.3055294  -0.20333175 -0.05036673]]
U = [[ 0.16720066  0.06584957  0.30076445  0.36236181 -0.00566229]
 [-0.2180575  -0.01308557  0.06133241  0.16604935  0.20437172]
 [ 0.09640186 -0.02064993 -0.13666922 -0.10413355  0.11571547]
 [ 0.22171195  0.05784427  0.17116514 -0.06140748 -0.13833726]
 [-0.05954087  0.03600641 -0.20030455 -0.02113587 -0.00575062]]
Matrix Pair 76; W = [[ 0.20056482  0.01503452  0.0512066  -0.11360382  0.01551326]
 [-0.10304749 -0.32185959 -0.05687314  0.20481063 -0.047021  ]
 [-0.04209355  0.01230719 -0.15295917  0.09449531 -0.112529  ]
 [-0.02069772  0.1072176   0.23301664 -0.13356426 -0.08020917]
 [-0.10693887 -0.08103773 -0.34778805 -0.16231366 -0.02276869]]
U = [[ 0.11574573  0.11692669  0.33920144  0.34203632  0.0303677 ]
 [-0.2136411  -0.10300308 -0.00678737  0.14455247  0.19449298]
 [ 0.00146961 -0.03972829 -0.18250315 -0.08564984  0.1476145 ]
 [ 0.23857085 -0.01905087  0.17540862 -0.11483817 -0.09347096]
 [-0.00921673 -0.01101344 -0.20449574 -0.0726878  -0.00344655]]
Matrix Pair 77; W = [[ 0.21073258  0.02660858  0.11281585 -0.11904423  0.01489968]
 [-0.1717371  -0.37120623 -0.07546615  0.21528162 -0.12021628]
 [-0.05873678 -0.00352406 -0.10318594  0.12568416 -0.10051472]
 [ 0.02735067  0.09837832  0.21813402 -0.0850738  -0.0612551 ]
 [-0.11288899 -0.08135209 -0.27393304 -0.18858317 -0.0579717 ]]
U = [[ 0.15063213  0.08618254  0.3376241   0.38781426  0.0109224 ]
 [-0.30662888 -0.08324132 -0.00997666  0.17799484  0.21684616]
 [ 0.09368286 -0.02114627 -0.15800728 -0.12882304  0.18685224]
 [ 0.17389092 -0.00460397  0.23449578 -0.06519734 -0.13651518]
 [-0.00121066 -0.04190306 -0.26530522 -0.01788915 -0.04958535]]
Matrix Pair 78; W = [[ 0.25144967  0.03638174  0.07252444 -0.06749972  0.04318617]
 [-0.12867567 -0.36870311 -0.12094641  0.19534705 -0.08008901]
 [-0.05745915 -0.02926975 -0.11556858  0.10192567 -0.05527362]
 [ 0.05543388  0.13928107  0.18022211 -0.11083371 -0.08140486]
 [-0.05465339 -0.11167711 -0.35007483 -0.1750478  -0.06230015]]
U = [[ 0.16322404  0.15142933  0.28299352  0.38155222  0.0256413 ]
 [-0.21831799 -0.07162828  0.05163481  0.15015107  0.16927527]
 [ 0.04707685 -0.06006588 -0.17724019 -0.0985288   0.16533923]
 [ 0.23993142  0.05606492  0.25711745 -0.09233552 -0.10304431]
 [-0.04638258 -0.01852459 -0.22864781 -0.02359856  0.02769387]]
Matrix Pair 79; W = [[ 0.15813542  0.02362881  0.06214569 -0.1192635   0.02773788]
 [-0.15883567 -0.33718926 -0.13090432  0.27333569 -0.09694532]
 [-0.06015346 -0.01971029 -0.09025658  0.06756215 -0.10718527]
 [ 0.01524469  0.11924543  0.17801468 -0.06129556 -0.00147557]
 [-0.07268123 -0.05051693 -0.29847079 -0.21247917  0.02507307]]
U = [[ 0.16944957  0.12171888  0.32324848  0.32761506  0.00127727]
 [-0.26728573 -0.03920387  0.05981169  0.2266501   0.21944948]
 [ 0.07181061 -0.03740652 -0.21722201 -0.15582263  0.1195182 ]
 [ 0.24436729  0.0214459   0.1877273  -0.08873966 -0.07169861]
 [-0.07672207  0.01903973 -0.20536261 -0.06351075  0.01229741]]
Matrix Pair 80; W = [[ 0.21018825  0.00496576  0.15774472 -0.0994813   0.07065369]
 [-0.19459358 -0.36906942  0.01870895  0.23540268 -0.07158899]
 [-0.05765275  0.01292495 -0.09483037  0.01579416 -0.01104948]
 [ 0.00140936  0.09857376  0.13046222 -0.08030043 -0.12406381]
 [-0.10621518 -0.17158988 -0.31750563 -0.17738629 -0.03907165]]
U = [[ 0.19442468  0.18393793  0.28375773  0.29064019 -0.09932721]
 [-0.31495624 -0.12128449  0.10486973  0.12427929  0.2662405 ]
 [ 0.09292595 -0.10575927 -0.19802152 -0.09657635  0.14612624]
 [ 0.16093722  0.03601012  0.24254399 -0.10690441 -0.10044944]
 [-0.13901041 -0.02147912 -0.21423192 -0.00765031 -0.06700918]]
Matrix Pair 81; W = [[ 0.15273039  0.09054061  0.10532565 -0.10116082  0.0700339 ]
 [-0.16048471 -0.31535546  0.00813883  0.20921814 -0.1519239 ]
 [-0.01899851 -0.03786908 -0.071377    0.02813893 -0.0470606 ]
 [ 0.01580448  0.01246468  0.1679861  -0.06232509 -0.08659162]
 [-0.11054393 -0.08233019 -0.29776082 -0.17393407 -0.09470087]]
U = [[ 0.12040822  0.17328458  0.32928074  0.3423851  -0.1071541 ]
 [-0.38369365 -0.13308557  0.04591808  0.14980686  0.23657945]
 [ 0.10446389 -0.05501422 -0.19880471 -0.14390791  0.13911961]
 [ 0.12518539  0.03032804  0.18269301 -0.13760594 -0.14113817]
 [-0.11878052 -0.01034904 -0.24882926 -0.07827665 -0.06106687]]
Matrix Pair 82; W = [[ 0.19707393  0.01813035  0.15566614 -0.10962355 -0.00715953]
 [-0.1584407  -0.34175238 -0.02299656  0.28735783 -0.11432541]
 [-0.06468931  0.04206547 -0.09222701  0.06552817 -0.03629094]
 [ 0.00873089  0.02944452  0.12639027 -0.07485444 -0.09672712]
 [-0.07563953 -0.14502544 -0.26917977 -0.25129144 -0.01992974]]
U = [[ 0.19302421  0.18522588  0.25912699  0.30166429 -0.061468  ]
 [-0.39371803 -0.12368886  0.05690089  0.18474006  0.17647581]
 [ 0.10453474 -0.10195329 -0.25124329 -0.12708779  0.13964918]
 [ 0.16231807  0.03324241  0.21779203 -0.05612889 -0.08594026]
 [-0.1112836  -0.04309097 -0.20386686 -0.05349214 -0.04012544]]
Matrix Pair 83; W = [[ 0.18879101  0.00889071  0.10779185 -0.09739697 -0.01043198]
 [-0.11306213 -0.37978046 -0.06196556  0.24212804 -0.09257138]
 [-0.03551528 -0.02376948 -0.15079695  0.08768007 -0.04912712]
 [ 0.03520737  0.06739187  0.20279992 -0.10611226 -0.09428127]
 [-0.0858573  -0.15647707 -0.30641766 -0.23764226 -0.02539329]]
U = [[ 0.17096318  0.18629728  0.29026479  0.36946236 -0.03866066]
 [-0.38191554 -0.07370845  0.08420246  0.16803961  0.19219543]
 [ 0.08888507 -0.08440742 -0.22471519 -0.0724852   0.20292479]
 [ 0.1201855  -0.01407199  0.18580871 -0.06566262 -0.17566704]
 [-0.0640439   0.01216619 -0.20084827 -0.07770945 -0.02949324]]
Matrix Pair 84; W = [[ 0.15327073  0.05322634  0.07126246 -0.11942511  0.05756612]
 [-0.12866062 -0.33463123 -0.02977846  0.21568683 -0.16156921]
 [-0.0352337   0.02424634 -0.12874591  0.05699912 -0.02891284]
 [ 0.02333731  0.08179532  0.16091663 -0.13593153 -0.04385394]
 [-0.07322889 -0.16132075 -0.29977981 -0.25114496 -0.08142447]]
U = [[ 0.16599054  0.20729598  0.26422048  0.28812453 -0.02759287]
 [-0.39241415 -0.1286071   0.05594052  0.20100885  0.22021398]
 [ 0.05597539 -0.06424727 -0.24845369 -0.13208477  0.22731266]
 [ 0.17812494  0.02684747  0.15832907 -0.13194904 -0.12675605]
 [-0.09547266 -0.03838418 -0.23782009 -0.01387948 -0.04735132]]
Matrix Pair 85; W = [[ 0.16429428  0.06232269  0.08314965 -0.1332296   0.01731081]
 [-0.16547304 -0.3733981  -0.04324902  0.27565176 -0.09707449]
 [-0.00695415 -0.01247039 -0.07463263  0.05452955 -0.00913415]
 [-0.05487633  0.04791137  0.16966246 -0.054836   -0.1067169 ]
 [-0.11843083 -0.16023123 -0.24206829 -0.21118824 -0.09750888]]
U = [[ 0.12763574  0.21968908  0.33409234  0.35941221 -0.09011131]
 [-0.36505722 -0.12404119  0.10836789  0.17803914  0.17954552]
 [ 0.0591252  -0.09111113 -0.22058017 -0.10563164  0.152374  ]
 [ 0.21003774  0.05022696  0.20443994 -0.08948067 -0.09346787]
 [-0.14211555 -0.04805676 -0.27495019 -0.02163658  0.01519173]]
Matrix Pair 86; W = [[ 0.18747084  0.03090631  0.16051643 -0.09595651  0.06378466]
 [-0.17948941 -0.37498014  0.01943591  0.19983381 -0.1195581 ]
 [ 0.00315731 -0.03117209 -0.15490516  0.01433467 -0.08036627]
 [-0.04350275  0.07564585  0.12572424 -0.12635902 -0.12884887]
 [-0.09160854 -0.09445593 -0.31457224 -0.17434916 -0.03061496]]
U = [[ 0.11658772  0.23368493  0.32077679  0.35562839 -0.07447536]
 [-0.3125043  -0.10099626  0.01697627  0.14485589  0.23919863]
 [ 0.02021665 -0.0958469  -0.22250228 -0.07464551  0.21545432]
 [ 0.19375239  0.03902104  0.22880448 -0.12896304 -0.11925827]
 [-0.06749138  0.00408432 -0.26997574 -0.09584236 -0.04779372]]
Matrix Pair 87; W = [[ 0.21426132  0.09165776  0.14357619 -0.08148381  0.02213043]
 [-0.16519745 -0.36535659  0.01879309  0.23416944 -0.09430691]
 [ 0.01201761  0.03798788 -0.0994396   0.01686505 -0.00910387]
 [ 0.03903974  0.0811062   0.20296424 -0.06628088 -0.08423736]
 [-0.12810881 -0.09655295 -0.29734256 -0.2167634  -0.02217936]]
U = [[ 0.13324631  0.14479383  0.32884733  0.34930196 -0.06028585]
 [-0.3295842  -0.12406544  0.08699546  0.16095876  0.21701705]
 [ 0.08173297 -0.04908719 -0.18513034 -0.06477892  0.20142596]
 [ 0.14826691  0.03031924  0.16720849 -0.13260305 -0.14136278]
 [-0.12248078 -0.07392299 -0.20175976 -0.02494084 -0.05125203]]
Matrix Pair 88; W = [[ 0.23305589  0.07862599  0.11547469 -0.08737166  0.00114036]
 [-0.15244765 -0.33675675 -0.06175818  0.19952365 -0.09914539]
 [-0.01579202  0.0302893  -0.15527855  0.07284483 -0.09141235]
 [-0.02027012  0.0412647   0.18305579 -0.06749149 -0.11608713]
 [-0.12061836 -0.11528156 -0.27480764 -0.17224252 -0.03879056]]
U = [[ 0.18798121  0.14056377  0.30895159  0.31888523 -0.06219411]
 [-0.33156998 -0.11784678  0.07371193  0.1173489   0.21591144]
 [ 0.0251846  -0.01861113 -0.23229602 -0.08688999  0.16175214]
 [ 0.18540614 -0.01295999  0.21030022 -0.10624149 -0.14571625]
 [-0.07828481 -0.00422439 -0.25360479 -0.06989053 -0.04290215]]
Matrix Pair 89; W = [[ 0.1921542   0.01148693  0.08287846 -0.09560576  0.00208358]
 [-0.1717109  -0.36074913 -0.003191    0.26996403 -0.13815947]
 [ 0.0056397   0.00229208 -0.12628121  0.02140492 -0.04322117]
 [ 0.01174026  0.05805389  0.13111038 -0.09939292 -0.06372524]
 [-0.0411972  -0.10618848 -0.27502885 -0.22276734 -0.04654429]]
U = [[ 0.19919461  0.16597577  0.29135604  0.38233868 -0.04371373]
 [-0.34527578 -0.09208575  0.02751344  0.15392663  0.2078042 ]
 [ 0.0182803  -0.05981018 -0.23186132 -0.11169617  0.20865777]
 [ 0.20587793  0.05294049  0.20716042 -0.09698349 -0.09107149]
 [-0.13161141  0.00670313 -0.18212781 -0.00498198 -0.01191281]]
Matrix Pair 90; W = [[ 0.21715296  0.0696775   0.1665373  -0.1441064   0.07739229]
 [-0.13039448 -0.36106302 -0.02480712  0.22942524 -0.06963879]
 [-0.00083246 -0.03180358 -0.11645007  0.00889142 -0.03312146]
 [-0.02242421  0.0441707   0.16243096 -0.07394102 -0.0935947 ]
 [-0.06727046 -0.08820615 -0.25604262 -0.17499607 -0.03487155]]
U = [[ 0.1163782   0.16165688  0.26860533  0.37970794 -0.03718894]
 [-0.32800193 -0.09966277  0.07188584  0.18201879  0.21350124]
 [ 0.10469937 -0.02058555 -0.25580832 -0.07220803  0.17207827]
 [ 0.21372259  0.05289922  0.16075128 -0.06940613 -0.13058313]
 [-0.1365856   0.01596215 -0.27638307 -0.04589091  0.01139573]]
Matrix Pair 91; W = [[ 0.21960137  0.03558567  0.11221586 -0.1687243   0.00481337]
 [-0.11377488 -0.3291948  -0.03231131  0.23672164 -0.14472873]
 [-0.02379126  0.04377628 -0.14664591  0.01916448 -0.02593908]
 [ 0.0274624   0.02724239  0.19905011 -0.07960348 -0.07490501]
 [-0.04821568 -0.1278512  -0.29380405 -0.18610371 -0.08665066]]
U = [[ 0.15294633  0.16544017  0.35327514  0.36184588 -0.06103397]
 [-0.37822384 -0.06762329  0.01654478  0.15984746  0.236628  ]
 [ 0.110485   -0.10511091 -0.20992788 -0.05054627  0.19030811]
 [ 0.16004873 -0.01871259  0.21811543 -0.1213628  -0.09423107]
 [-0.1492179  -0.06719774 -0.17909776 -0.02511451 -0.02386691]]
Matrix Pair 92; W = [[ 0.23513683  0.08808048  0.07094288 -0.15553845  0.02281241]
 [-0.15055785 -0.33441856 -0.00702549  0.2279691  -0.08130343]
 [-0.05255119 -0.04871265 -0.11333889  0.06934881 -0.00814811]
 [-0.0419583   0.0447538   0.14251469 -0.09378462 -0.11831703]
 [-0.06652215 -0.14974072 -0.26646711 -0.24608511 -0.06093077]]
U = [[ 0.19648342  0.21432051  0.29203641  0.34186327 -0.06960643]
 [-0.30666639 -0.05070536  0.03517846  0.16760868  0.22413215]
 [ 0.09592128 -0.0682887  -0.18618769 -0.09426788  0.16468373]
 [ 0.19866182 -0.02275523  0.155329   -0.09608503 -0.08893009]
 [-0.07154453 -0.03617677 -0.22934271 -0.06777671 -0.06387396]]
Matrix Pair 93; W = [[ 0.16460826  0.0553088   0.16115183 -0.1550897   0.05895534]
 [-0.10924809 -0.36025078  0.0284403   0.28830384 -0.14485696]
 [-0.05169009  0.02138976 -0.11614451  0.04144206 -0.03027281]
 [-0.00653205  0.10295491  0.19431616 -0.04875141 -0.08087579]
 [-0.13344198 -0.12823848 -0.25134154 -0.24639618 -0.10634221]]
U = [[ 0.17629397  0.22413721  0.33117295  0.33621104 -0.04472219]
 [-0.38490797 -0.12036496  0.11138462  0.12293844  0.17357531]
 [ 0.11189556 -0.08781458 -0.26026062 -0.06241495  0.16767627]
 [ 0.12854126  0.04685764  0.16330861 -0.05704535 -0.1802609 ]
 [-0.14227609 -0.04986208 -0.23796153 -0.02280937  0.00405797]]
Matrix Pair 94; W = [[ 0.19117106  0.0611183   0.16220014 -0.07202824  0.06134335]
 [-0.19085099 -0.32578252 -0.0073824   0.19111022 -0.06830233]
 [-0.01854713 -0.02739486 -0.05830952  0.08095033 -0.0871497 ]
 [-0.02179361  0.08543487  0.19608265 -0.06604538 -0.05989553]
 [-0.06138957 -0.17321787 -0.29389035 -0.24507928 -0.05121086]]
U = [[ 0.146813    0.14568403  0.28895412  0.29483898 -0.11662995]
 [-0.38828997 -0.11564255  0.06675986  0.15602789  0.17205288]
 [ 0.10764851 -0.03651285 -0.18768437 -0.1109304   0.1619932 ]
 [ 0.15281169  0.04208924  0.22627762 -0.08685748 -0.09461518]
 [-0.11935311 -0.02864798 -0.23814891 -0.02388924 -0.04833317]]
Matrix Pair 95; W = [[ 0.20663513  0.06235973  0.10446328 -0.09917728 -0.00139815]
 [-0.14801209 -0.3581147  -0.01889858  0.24793956 -0.1001885 ]
 [ 0.00166957  0.00573065 -0.07943673  0.01163054 -0.06734913]
 [-0.00623859  0.07570339  0.22286367 -0.11035206 -0.07297596]
 [-0.09659168 -0.10493783 -0.23880651 -0.15720277 -0.01594437]]
U = [[ 0.13746281  0.22284067  0.30406213  0.28875972 -0.08519624]
 [-0.35425268 -0.10073721  0.1025814   0.11480877  0.19406214]
 [ 0.07547967 -0.0697593  -0.24605047 -0.0637791   0.16944186]
 [ 0.16881612  0.02022135  0.21477558 -0.13166713 -0.13535309]
 [-0.08720432 -0.07155615 -0.26544683 -0.03730036 -0.02636473]]
Matrix Pair 96; W = [[ 0.22513671  0.00805173  0.14219846 -0.04088363  0.0195385 ]
 [-0.22344162 -0.41302252 -0.13174971  0.27959376 -0.12364056]
 [-0.0584164   0.00794129 -0.1642688   0.02849862 -0.0518141 ]
 [-0.02538494  0.03217037  0.16384609 -0.05027595 -0.13311208]
 [-0.13387463 -0.14095724 -0.30791183 -0.17718382 -0.0791824 ]]
U = [[ 0.19013279  0.19483581  0.33081333  0.31947841 -0.06563533]
 [-0.2217814  -0.15075457  0.08167701  0.06060593  0.23780302]
 [ 0.0689159  -0.05041253 -0.223772   -0.12895389  0.21033297]
 [ 0.10698752 -0.0011039   0.28816497 -0.07588497 -0.08350648]
 [-0.15041904 -0.04185718 -0.14225757 -0.10496395 -0.1216233 ]]
Matrix Pair 97; W = [[ 0.16604768  0.00494212  0.15496905 -0.100031    0.0323008 ]
 [-0.22937708 -0.339513   -0.09020273  0.20863947 -0.07571124]
 [-0.07011655 -0.00477847 -0.11497446  0.02117763 -0.04726037]
 [-0.06162225  0.05436779  0.1560146  -0.05154226 -0.10488751]
 [-0.13242851 -0.13886784 -0.30383134 -0.16944006 -0.07407944]]
U = [[ 0.19545838  0.20089966  0.33655937  0.31078791 -0.0744246 ]
 [-0.24969158 -0.08606563  0.0934245   0.05894147  0.25497957]
 [ 0.09154608 -0.03610951 -0.18463336 -0.04880695  0.16016263]
 [ 0.09462093  0.00050794  0.25630156 -0.05287218 -0.07024978]
 [-0.13723358 -0.03836195 -0.20512675 -0.10140684 -0.13335138]]
Matrix Pair 98; W = [[ 0.22919214  0.01980188  0.09237314 -0.07755164 -0.03159298]
 [-0.18331306 -0.42993429 -0.05294908  0.24776495 -0.07563995]
 [-0.07603702 -0.06539691 -0.16234225  0.0870123  -0.00924001]
 [-0.01342199  0.03032135  0.12968493 -0.07979309 -0.17680354]
 [-0.14455521 -0.05637547 -0.28197543 -0.15808351 -0.05763393]]
U = [[ 0.21509979  0.18657276  0.36626513  0.32484345 -0.08388553]
 [-0.23361472 -0.09538417  0.08535238  0.07368832  0.19927855]
 [ 0.06718189 -0.02575256 -0.24229694 -0.05666359  0.15352336]
 [ 0.11492935 -0.00913645  0.25417111 -0.0778687  -0.106287  ]
 [-0.13286949 -0.04101165 -0.20155529 -0.02173817 -0.09022429]]
Matrix Pair 99; W = [[ 0.23562513  0.01502915  0.13580269 -0.08736956 -0.00649712]
 [-0.23675964 -0.4294856  -0.09742732  0.20756204 -0.03996425]
 [-0.02784856 -0.02747117 -0.08730896 -0.0023783  -0.05663613]
 [ 0.00401281  0.02782638  0.10480749 -0.00536048 -0.1105532 ]
 [-0.14984357 -0.07465954 -0.26028605 -0.25163238 -0.07833383]]
U = [[ 0.16928264  0.20748345  0.28281362  0.3265564  -0.07011975]
 [-0.28431221 -0.09206096  0.05458586  0.03704289  0.25443897]
 [ 0.09866336 -0.09374187 -0.25049479 -0.06415736  0.19924852]
 [ 0.18246417  0.01829401  0.22280839 -0.05610365 -0.10811541]
 [-0.11926895 -0.06713309 -0.17544546 -0.0722065  -0.12417291]]
Matrix Pair 100; W = [[ 0.21721483  0.00971857  0.13768695 -0.11875257 -0.00297156]
 [-0.16185653 -0.417081   -0.10148808  0.22009913 -0.10108542]
 [ 0.01434147 -0.00360812 -0.17067829  0.08416149 -0.05815034]
 [-0.0364186   0.08649718  0.14041588 -0.00822331 -0.09981743]
 [-0.09384097 -0.13011264 -0.30224675 -0.17243826 -0.03590062]]
U = [[ 0.19032075  0.1731294   0.31597265  0.32262755 -0.06356946]
 [-0.27853297 -0.08059944  0.01071637  0.11192509  0.22311295]
 [ 0.09978812 -0.03762314 -0.25489591 -0.11228748  0.14268445]
 [ 0.18165494 -0.07138673  0.2739757  -0.09662824 -0.06727921]
 [-0.08553526 -0.09238999 -0.2389615  -0.05514474 -0.12649891]]
Matrix Pair 101; W = [[ 0.18706838  0.03494869  0.09223068 -0.05173151 -0.02352168]
 [-0.22658786 -0.40085792 -0.12365937  0.20255748 -0.06498551]
 [-0.04271414  0.01111596 -0.18233064  0.02611409 -0.02022436]
 [-0.01544845  0.05199251  0.14077882 -0.06470279 -0.16562336]
 [-0.08816859 -0.04849677 -0.25275828 -0.17385592 -0.08410807]]
U = [[ 0.142018    0.22469602  0.31720572  0.30686278 -0.03383367]
 [-0.22806191 -0.15290801 -0.00343554  0.05509259  0.20474554]
 [ 0.0926742  -0.11542669 -0.22355143 -0.10251843  0.18738881]
 [ 0.10816441  0.00331573  0.26010391 -0.06682727 -0.11594612]
 [-0.15345134 -0.04680979 -0.18222128 -0.0854042  -0.05601953]]
Matrix Pair 102; W = [[ 0.16087857 -0.02228496  0.09783677 -0.04857075 -0.05396579]
 [-0.15958779 -0.4190749  -0.12633555  0.24938894 -0.06777262]
 [-0.03410631 -0.04676807 -0.14827499  0.01430593 -0.02746737]
 [-0.00250578  0.07812038  0.1002477  -0.06434323 -0.11553594]
 [-0.15714514 -0.07529901 -0.26256792 -0.15629027 -0.05713396]]
U = [[ 0.20543506  0.2507493   0.37130227  0.32741788 -0.03312592]
 [-0.24915982 -0.10337819  0.0553354   0.10170087  0.1589205 ]
 [ 0.11559488 -0.02797065 -0.20536827 -0.11347151  0.1525461 ]
 [ 0.14181682 -0.0393545   0.24786531 -0.05050238 -0.09536965]
 [-0.14227453 -0.03336907 -0.19644033 -0.0489847  -0.13625174]]
Matrix Pair 103; W = [[ 0.24271571  0.05812831  0.10300837 -0.10345608 -0.00163996]
 [-0.15645648 -0.33499104 -0.10290352  0.23780049 -0.07656695]
 [-0.01083682 -0.01570031 -0.12546991  0.08951006 -0.01340216]
 [ 0.02859516  0.07812523  0.16616713 -0.05209479 -0.18824535]
 [-0.07807107 -0.12945531 -0.2407956  -0.21035851 -0.06713012]]
U = [[ 0.20561201  0.19028805  0.29879976  0.29842869 -0.04633385]
 [-0.26858542 -0.12217325 -0.00063005  0.05152021  0.21609956]
 [ 0.13248714 -0.1017652  -0.21669016 -0.08261945  0.2160535 ]
 [ 0.10053754 -0.03338845  0.22947793 -0.11031244 -0.07199994]
 [-0.15372784 -0.0808151  -0.17493346 -0.07172613 -0.11985076]]
Matrix Pair 104; W = [[ 0.23760955  0.03697927  0.13572382 -0.07156776 -0.05183464]
 [-0.14883737 -0.34982753 -0.11584548  0.23534302 -0.03063224]
 [-0.00172453 -0.06607201 -0.17536146  0.04886424 -0.00803719]
 [-0.04054658  0.11015168  0.09026037 -0.09397259 -0.13899435]
 [-0.16169582 -0.10617719 -0.26061029 -0.22641022 -0.04550456]]
U = [[ 0.18295847  0.1623727   0.30364576  0.30255126  0.00380936]
 [-0.29382417 -0.12693057  0.02341397  0.11883575  0.24729381]
 [ 0.08951514 -0.04912264 -0.18802424 -0.09053597  0.16853127]
 [ 0.17183496 -0.0242685   0.23761717 -0.06878161 -0.11668294]
 [-0.14888119 -0.05628153 -0.21150562 -0.08328129 -0.06610564]]
Matrix Pair 105; W = [[ 0.22982496 -0.02094799  0.17719993 -0.06146883 -0.01704566]
 [-0.21581783 -0.38009809 -0.1323851   0.28426531 -0.12096655]
 [-0.02133679 -0.00459375 -0.11191299  0.03798939 -0.01281832]
 [-0.06140307  0.11468364  0.09291164 -0.07357774 -0.16607081]
 [-0.06793869 -0.06098428 -0.29404288 -0.21125409 -0.06541687]]
U = [[ 0.19356932  0.23804206  0.37795992  0.29853923 -0.06654458]
 [-0.21453053 -0.12041389  0.07796698  0.0631236   0.18086456]
 [ 0.11828656 -0.12500786 -0.18659016 -0.11982443  0.13252785]
 [ 0.15360263 -0.01473126  0.26454272 -0.10230768 -0.14853508]
 [-0.0788182  -0.08289051 -0.16053596 -0.03879712 -0.07952384]]
Matrix Pair 106; W = [[ 0.19036164  0.02816654  0.12257692 -0.10333761  0.03285628]
 [-0.19019217 -0.39575717 -0.03778813  0.26890068 -0.07691876]
 [-0.07697923  0.00919675 -0.1168074   0.00350168 -0.00056343]
 [-0.05564879  0.02884214  0.13009596 -0.07063348 -0.11606798]
 [-0.13741906 -0.13663173 -0.25398926 -0.25099522 -0.1020787 ]]
U = [[ 0.18583135  0.24133097  0.30342364  0.3544401  -0.08813336]
 [-0.24730762 -0.07077756  0.02434089  0.04569625  0.15567183]
 [ 0.07714606 -0.08773094 -0.23035376 -0.08830148  0.14079847]
 [ 0.10027374 -0.01111658  0.28237942 -0.08630116 -0.1489996 ]
 [-0.11207194 -0.10573515 -0.17307385 -0.08435846 -0.05791529]]
Matrix Pair 107; W = [[ 0.16172589  0.00107731  0.18383886 -0.08951722  0.00539626]
 [-0.20778586 -0.37550674 -0.04813511  0.25096665 -0.04509201]
 [-0.03553671 -0.02462704 -0.0978614   0.01507801 -0.0636367 ]
 [-0.06820662  0.06362063  0.15704227 -0.0320116  -0.17928086]
 [-0.12842112 -0.0683935  -0.24052924 -0.23168456 -0.07966668]]
U = [[ 0.16031009  0.23963848  0.34510444  0.30745977 -0.0078375 ]
 [-0.30139068 -0.12076605  0.02471542  0.05030297  0.22421735]
 [ 0.0783849  -0.06018216 -0.2383982  -0.04767527  0.1361062 ]
 [ 0.14730972 -0.06853982  0.19764924 -0.12796629 -0.06071021]
 [-0.13214772 -0.05793568 -0.22297247 -0.07200041 -0.06704408]]
Matrix Pair 108; W = [[ 0.16318961  0.02760079  0.18229138 -0.09210363 -0.00434604]
 [-0.17501304 -0.37632749 -0.07960617  0.25895954 -0.12784814]
 [-0.00287896 -0.024661   -0.11070862  0.05017597 -0.05033867]
 [-0.02420841  0.07019251  0.08190069 -0.05559108 -0.12384359]
 [-0.10179975 -0.09735531 -0.25550836 -0.18736467 -0.11407547]]
U = [[ 0.1751384   0.16758388  0.29398301  0.30622038 -0.03280586]
 [-0.2859648  -0.13380383  0.06394818  0.10741971  0.24075012]
 [ 0.07516897 -0.05861357 -0.24122086 -0.03308289  0.19621391]
 [ 0.16079894 -0.0080188   0.27549567 -0.12026083 -0.06938588]
 [-0.1648573  -0.1031627  -0.14961872 -0.10536517 -0.1430005 ]]
Matrix Pair 109; W = [[ 0.22968637  0.03485701  0.14285383 -0.12417446 -0.04083087]
 [-0.22354281 -0.4178706  -0.10872487  0.27754464 -0.11629895]
 [ 0.00834633 -0.06240706 -0.1620596   0.06713274 -0.08269447]
 [-0.00090318  0.11058852  0.16338148 -0.01281623 -0.1779503 ]
 [-0.10324358 -0.07823845 -0.26836163 -0.22963312 -0.0836731 ]]
U = [[ 2.23702169e-01  1.52536824e-01  3.36823414e-01  2.96164389e-01
  -2.36846106e-04]
 [-3.00783676e-01 -1.10263753e-01  6.03853736e-02  7.28117170e-02
   2.13874571e-01]
 [ 1.21362054e-01 -8.96672616e-02 -2.19414542e-01 -6.00355039e-02
   2.07072592e-01]
 [ 1.06644731e-01 -1.91918521e-02  2.21667566e-01 -5.20394621e-02
  -6.03422497e-02]
 [-1.02001679e-01 -6.31104968e-02 -2.32007975e-01 -3.04280537e-02
  -1.45974811e-01]]
Matrix Pair 110; W = [[ 0.15232089  0.05591655  0.10345788 -0.10218565  0.01739093]
 [-0.16552187 -0.34386191 -0.09781097  0.21939123 -0.09854566]
 [-0.01721574 -0.05996806 -0.10331634  0.0752191  -0.0225999 ]
 [ 0.01221827  0.03829409  0.07783711 -0.00980316 -0.12457204]
 [-0.1258328  -0.11922284 -0.32323498 -0.21843166 -0.1132468 ]]
U = [[ 1.37500550e-01  2.16780709e-01  3.72725689e-01  3.59168332e-01
   3.41014936e-04]
 [-2.91903498e-01 -1.33105221e-01  8.81948487e-02  8.15874632e-02
   2.15959518e-01]
 [ 9.38971743e-02 -1.16162034e-01 -2.45041552e-01 -5.97163539e-02
   1.67885402e-01]
 [ 1.43532909e-01 -1.78028297e-02  2.27274563e-01 -9.60973219e-02
  -1.05103793e-01]
 [-9.56557036e-02 -5.07332404e-02 -1.42661323e-01 -8.49823510e-02
  -1.25608430e-01]]
Matrix Pair 111; W = [[ 0.15634163  0.01202121  0.15133276 -0.08348816  0.02471604]
 [-0.1618701  -0.38751754 -0.10647564  0.27182125 -0.04450891]
 [-0.06823131 -0.00106768 -0.16334959  0.02405777 -0.07193588]
 [-0.00601886  0.04952292  0.09997598 -0.05680521 -0.16561363]
 [-0.08402761 -0.09212735 -0.2599849  -0.24598578 -0.10509303]]
U = [[ 0.14517233  0.17395814  0.28436368  0.35384558 -0.03699363]
 [-0.21914692 -0.14090493  0.01681151  0.08836326  0.17264428]
 [ 0.04823129 -0.04045562 -0.24607743 -0.1018427   0.20923747]
 [ 0.10072952  0.01838449  0.28192888 -0.05151955 -0.14781156]
 [-0.16104249 -0.09571478 -0.21452001 -0.06100899 -0.11208292]]
Matrix Pair 112; W = [[ 0.17192781  0.0159586   0.09508046 -0.06592454  0.02191381]
 [-0.13645062 -0.36003883 -0.02757275  0.25847228 -0.17478222]
 [-0.09328688 -0.05555154 -0.14152199  0.05103705 -0.04277193]
 [ 0.04887655  0.16861849  0.0644682  -0.10814345 -0.05832202]
 [-0.11394114 -0.10446276 -0.2165908  -0.16833502 -0.01321009]]
U = [[ 0.14645212  0.15726995  0.36927429  0.32662343 -0.00339267]
 [-0.35692461 -0.07985922  0.09685826  0.13221477  0.13162165]
 [ 0.04349096 -0.06153456 -0.16366237 -0.04279725  0.176978  ]
 [ 0.29730926  0.00551893  0.24094103 -0.16273055 -0.05661785]
 [-0.04107465 -0.03019784 -0.28930468  0.00356254 -0.08002826]]
Matrix Pair 113; W = [[ 0.17161579  0.00697617  0.09269396 -0.0858855  -0.02046214]
 [-0.13275382 -0.34136654 -0.07535128  0.23116857 -0.14909267]
 [-0.01791801 -0.03602289 -0.08115605  0.04941318 -0.07285351]
 [-0.04509054  0.1015056   0.04203684 -0.02202809 -0.09221544]
 [-0.12978673 -0.06889751 -0.19924743 -0.18753375 -0.05718846]]
U = [[ 0.19191219  0.22577653  0.30936649  0.26872821 -0.04797545]
 [-0.30798572 -0.10203193  0.05562097  0.11391753  0.19207067]
 [ 0.04592894 -0.07453674 -0.12703448 -0.06047279  0.25666811]
 [ 0.27422497 -0.01461024  0.22909099 -0.15853146 -0.09366997]
 [-0.04411939 -0.06718229 -0.30977438  0.0008764  -0.0303444 ]]
Matrix Pair 114; W = [[ 0.22537588  0.05922379  0.05082298 -0.16081096 -0.03045558]
 [-0.07878426 -0.38130641 -0.06370558  0.2616323  -0.09661009]
 [-0.10238825 -0.01860605 -0.09805239  0.05987394 -0.05836786]
 [ 0.04146331  0.17008636  0.11365299 -0.04032451 -0.08388495]
 [-0.09891301 -0.07394912 -0.23973816 -0.17200958 -0.06629773]]
U = [[ 0.15498629  0.2233501   0.33445385  0.2995573  -0.03118255]
 [-0.30944035 -0.09383872  0.03550273  0.18979012  0.19061281]
 [ 0.05560499 -0.10962386 -0.1836476  -0.02810956  0.23958966]
 [ 0.27145159 -0.02169202  0.21156723 -0.18972852 -0.10827104]
 [-0.06373063 -0.06564229 -0.22642999 -0.00650187 -0.06045071]]
Matrix Pair 115; W = [[ 0.20059213  0.05214981  0.071769   -0.09808787  0.00787037]
 [-0.12880869 -0.41552651 -0.0629966   0.25034098 -0.09616507]
 [-0.04509229 -0.07335429 -0.14401417  0.06625402 -0.03630067]
 [-0.02328454  0.17623775  0.07177479 -0.04510484 -0.09317261]
 [-0.084799   -0.1174229  -0.24607806 -0.13305825 -0.06225917]]
U = [[ 0.19982575  0.21122094  0.32375752  0.25876644  0.03473519]
 [-0.34712191 -0.10345983  0.02996545  0.13481679  0.12595285]
 [ 0.03131976 -0.05365426 -0.15097864 -0.02755122  0.2677729 ]
 [ 0.2949822  -0.05144904  0.18909398 -0.18521622 -0.05101143]
 [-0.03269404 -0.04037134 -0.21757363 -0.04418031 -0.02703254]]
Matrix Pair 116; W = [[ 0.24946338  0.05867099  0.10502291 -0.0770217   0.04193225]
 [-0.07730181 -0.41066367 -0.05053467  0.23446931 -0.14872044]
 [-0.05878875 -0.04343413 -0.12621909  0.12123901  0.00226862]
 [-0.0273775   0.13630434  0.04684644 -0.07407845 -0.08490059]
 [-0.11444714 -0.15111185 -0.28351376 -0.11790479  0.00580243]]
U = [[ 0.17591217  0.19847645  0.37412043  0.26448861 -0.02598958]
 [-0.36160137 -0.09891185  0.01235052  0.13222437  0.21101884]
 [ 0.03226324 -0.08171397 -0.13207931 -0.00646152  0.25797936]
 [ 0.26824414 -0.07794172  0.18358395 -0.09832179 -0.0987973 ]
 [-0.06974928 -0.02237605 -0.24790294 -0.02074186 -0.06591613]]
Matrix Pair 117; W = [[ 0.20638018  0.00447583  0.09634871 -0.13346036 -0.00426593]
 [-0.10365752 -0.34222206 -0.04928563  0.26114851 -0.11529305]
 [-0.04580705 -0.07253469 -0.09636672  0.06910035 -0.08704691]
 [ 0.00360698  0.13088634  0.06645391 -0.08106717 -0.0720887 ]
 [-0.05959743 -0.10744769 -0.28337463 -0.11434915  0.00986508]]
U = [[ 0.20357052  0.17132067  0.32822044  0.29006619  0.00742715]
 [-0.29466173 -0.03603238  0.05881526  0.139176    0.21003218]
 [ 0.12680344 -0.07824616 -0.19507397 -0.03348959  0.20859852]
 [ 0.24243069  0.00451615  0.1751486  -0.10293215 -0.04856751]
 [-0.12165704 -0.02391483 -0.29775651  0.00755262 -0.0859647 ]]
Matrix Pair 118; W = [[ 0.20957526  0.0544296   0.0974045  -0.11349687 -0.0236076 ]
 [-0.0974402  -0.32289861 -0.04351937  0.28321129 -0.18357355]
 [-0.06210729 -0.06423981 -0.08957206  0.04297465 -0.00745059]
 [-0.02660343  0.10451655  0.0464789  -0.04302377 -0.00050089]
 [-0.08139866 -0.13248141 -0.2512005  -0.15108081 -0.02119917]]
U = [[ 0.14039779  0.17722643  0.36577947  0.26476768 -0.02809799]
 [-0.3105895  -0.08996005  0.06411484  0.12957225  0.11705376]
 [ 0.03606232 -0.04499323 -0.20168506 -0.05749742  0.21523244]
 [ 0.23320071 -0.01805982  0.21579172 -0.18613665 -0.05837307]
 [-0.04926704 -0.06290838 -0.28878342 -0.01812556 -0.06506243]]
Matrix Pair 119; W = [[ 0.19044305  0.00668779  0.04537109 -0.13352377 -0.03606571]
 [-0.14072844 -0.35965494 -0.03843658  0.21105041 -0.18055869]
 [-0.05725337 -0.01313273 -0.0588663   0.07759959 -0.01955707]
 [-0.02859789  0.15628869  0.1154735  -0.0570674  -0.09289105]
 [-0.12516295 -0.12557908 -0.26337307 -0.1376437  -0.03839874]]
U = [[ 0.15778545  0.19158317  0.33868714  0.2767094  -0.02196316]
 [-0.31538815 -0.05888235  0.09323648  0.14755282  0.19355525]
 [ 0.085497   -0.10548441 -0.18990008 -0.08935536  0.19271786]
 [ 0.25323422 -0.04307172  0.22428376 -0.09449882 -0.12958604]
 [-0.03927098 -0.04184927 -0.22436888 -0.00871545 -0.02892628]]
Matrix Pair 120; W = [[ 0.203851    0.04607796  0.05903213 -0.08071154 -0.00954549]
 [-0.09643951 -0.34782173 -0.06926629  0.24987572 -0.15386177]
 [-0.11299253  0.00975925 -0.08103023  0.08069812 -0.07828142]
 [-0.00975507  0.15180066  0.06396423 -0.10499106 -0.09212472]
 [-0.09112086 -0.13856954 -0.21124496 -0.13171926 -0.01874591]]
U = [[ 0.17207804  0.13282754  0.29888005  0.27478271  0.04091038]
 [-0.31781948 -0.066848    0.08329527  0.17256303  0.11766393]
 [ 0.08697215 -0.05906404 -0.21243522 -0.0978277   0.21060318]
 [ 0.29237269 -0.02308197  0.24042177 -0.0936213  -0.12855924]
 [-0.0570676  -0.02211225 -0.24114245 -0.08074042 -0.09071323]]
Matrix Pair 121; W = [[ 0.23227468  0.00629774  0.1020081  -0.10546345  0.0282974 ]
 [-0.06335352 -0.32615226 -0.01782744  0.23381816 -0.19256763]
 [-0.1033719  -0.07463355 -0.09805834  0.0779768  -0.04091812]
 [ 0.01482998  0.16841958  0.04654108 -0.03193585 -0.0913645 ]
 [-0.13086161 -0.07270618 -0.26315004 -0.15394139  0.00735873]]
U = [[ 0.14873569  0.18079285  0.32509237  0.31482419 -0.04157815]
 [-0.29019942 -0.04218504  0.00072448  0.1635028   0.1790156 ]
 [ 0.07781785 -0.06145926 -0.146549   -0.09409382  0.2161697 ]
 [ 0.24435548 -0.02927488  0.23731879 -0.17831314 -0.13862342]
 [-0.08530924 -0.08577685 -0.23948041 -0.01911164 -0.08472937]]
Matrix Pair 122; W = [[ 0.26460734  0.0472096   0.07483647 -0.10586526  0.01151981]
 [-0.09022872 -0.35027883 -0.06386974  0.24181375 -0.18980774]
 [-0.10192053  0.01334372 -0.12679617  0.03394695 -0.05413183]
 [-0.00248659  0.15535675  0.12458859 -0.02720748 -0.05117486]
 [-0.09200228 -0.14747557 -0.2349214  -0.12456659 -0.04790961]]
U = [[ 0.16422084  0.14748424  0.3135502   0.28159037 -0.04578637]
 [-0.27769643 -0.13057657  0.09438278  0.11838724  0.1497663 ]
 [ 0.12293324 -0.13087726 -0.16180582 -0.04131598  0.18954357]
 [ 0.23676328 -0.03538446  0.18052829 -0.13842088 -0.08700503]
 [-0.04112015 -0.05058987 -0.23062005 -0.07723846 -0.06717481]]
Matrix Pair 123; W = [[ 0.17022415  0.01772316  0.09095223 -0.0953215   0.01951389]
 [-0.12966698 -0.38148953 -0.08156214  0.2706308  -0.10571087]
 [-0.06263276  0.00778693 -0.06150575  0.10978285 -0.06094781]
 [ 0.05251281  0.09364307  0.11415061 -0.111723   -0.02150732]
 [-0.10142836 -0.09571478 -0.28784398 -0.1756282   0.0256369 ]]
U = [[ 0.12531068  0.17591882  0.37026786  0.25795055 -0.01619186]
 [-0.33730549 -0.10965169  0.06880421  0.13961699  0.20451658]
 [ 0.11996532 -0.04147023 -0.12041584 -0.02200627  0.17727239]
 [ 0.28496939 -0.0304977   0.24386649 -0.12514711 -0.07552171]
 [-0.05648118  0.00416652 -0.23403664 -0.04227738 -0.02880387]]
Matrix Pair 124; W = [[ 0.2020682   0.04881301  0.09180895 -0.08625498 -0.03496573]
 [-0.1215494  -0.33177702 -0.08323469  0.21882065 -0.11203545]
 [-0.06396259  0.01923418 -0.13998027  0.04250252 -0.01114874]
 [ 0.02059668  0.14872475  0.08755439 -0.07418751 -0.08542945]
 [-0.08578932 -0.10976773 -0.28461064 -0.11075907 -0.07027404]]
U = [[ 0.20331994  0.12681425  0.32367234  0.31500234 -0.04689136]
 [-0.32990525 -0.11737194  0.02483658  0.18493423  0.15686056]
 [ 0.04246089 -0.07606774 -0.16477624 -0.02269424  0.22700703]
 [ 0.27926834 -0.09072181  0.19737361 -0.15615642 -0.10521577]
 [-0.06453654 -0.011862   -0.25692815 -0.0248883  -0.04289689]]
Matrix Pair 125; W = [[ 0.19960049  0.07109485  0.09365118 -0.07770591  0.01595376]
 [-0.12194103 -0.39391278  0.01395043  0.28883841 -0.18594161]
 [-0.09592415 -0.04496691 -0.09492808  0.10475247 -0.0416452 ]
 [-0.00845839  0.09138475  0.10819248 -0.04157658 -0.01452576]
 [-0.06484009 -0.08574446 -0.2225021  -0.15878004 -0.03919329]]
U = [[ 0.12594346  0.12912139  0.31882397  0.27093459 -0.02053658]
 [-0.27669188 -0.04639253  0.00051149  0.16865408  0.13569271]
 [ 0.06216692 -0.0608311  -0.18910613 -0.0743688   0.21570147]
 [ 0.233367   -0.05660252  0.18018208 -0.09460779 -0.04932927]
 [-0.11648305 -0.08090716 -0.25383063 -0.03503017 -0.06265899]]
Matrix Pair 126; W = [[ 0.2413995   0.05018042  0.08516594 -0.13279911 -0.04689578]
 [-0.08211598 -0.3272549  -0.06920557  0.24478711 -0.17304679]
 [-0.11001866 -0.07351472 -0.14018537  0.07967453  0.00294953]
 [-0.01884979  0.09399545  0.09544717 -0.06426855 -0.09256301]
 [-0.0352945  -0.11593255 -0.28268818 -0.13097643 -0.02678602]]
U = [[ 0.13004317  0.1685208   0.32208952  0.31649784  0.04203063]
 [-0.3493007  -0.10788377  0.06093493  0.13738855  0.16605295]
 [ 0.06153266 -0.06453553 -0.19700608 -0.0485396   0.221549  ]
 [ 0.23748331 -0.06958781  0.16179633 -0.14707696 -0.09371352]
 [-0.04648824 -0.07559717 -0.29325414 -0.02780142 -0.01653763]]
Matrix Pair 127; W = [[ 0.16978368 -0.02665965  0.05351293 -0.10102742  0.05141345]
 [-0.07753347 -0.32201382 -0.01630448  0.25384697 -0.10965624]
 [-0.04253132 -0.07730364 -0.10756387  0.093427   -0.02402974]
 [-0.02496054  0.1472167   0.1200116  -0.02205804 -0.06278118]
 [-0.04251372 -0.06554739 -0.27409524 -0.12801362 -0.04888754]]
U = [[ 0.17038438  0.22478386  0.33502029  0.29080733 -0.03044349]
 [-0.33741913 -0.07544235  0.09670711  0.14801127  0.15171985]
 [ 0.04038267 -0.0696352  -0.20445566 -0.04561289  0.20493623]
 [ 0.26840682 -0.01583644  0.23175351 -0.15527041 -0.12053398]
 [-0.09123372 -0.01305699 -0.21477125 -0.02237885 -0.0820893 ]]
