Epoch: 4Matrix Pair 0; W = [[ 0.03357433  0.24166122 -0.10898994  0.18415942  0.04954095]
 [-0.13557332 -0.02065873 -0.0411278  -0.21855417  0.16252815]
 [-0.09508253 -0.05364764 -0.29959589 -0.18142057  0.04278649]
 [ 0.02162009  0.25843457 -0.06905139 -0.02409087  0.22076729]
 [-0.04412121  0.06919243  0.18234408  0.04294578 -0.24761088]]
U = [[ 2.72899279e-01 -2.13356458e-01 -3.07435900e-02 -1.70497446e-02
   1.14668052e-01]
 [-1.44277482e-01 -1.32441653e-01  3.86395311e-01  2.04480693e-02
  -4.76847593e-02]
 [ 6.23494623e-02  1.12404604e-01  1.66652310e-01 -9.23081321e-02
   1.37269442e-01]
 [ 1.71235063e-01  3.39896599e-01  8.09733206e-02  1.50506189e-02
   1.71318167e-01]
 [ 1.52001040e-04  4.00026767e-02  4.30065925e-01  2.20052333e-01
  -2.16023001e-01]]
Matrix Pair 1; W = [[-0.0395511   0.22888809 -0.04216717  0.12994318  0.00138393]
 [-0.09834566  0.03699608 -0.12302362 -0.22606489  0.1436465 ]
 [-0.1284341  -0.07938949 -0.22910156 -0.16408844  0.11903935]
 [ 0.0635355   0.24773356 -0.0368146  -0.01317928  0.20946372]
 [-0.09913938  0.02319402  0.11490937  0.12255703 -0.20117336]]
U = [[ 0.29482151 -0.26177909 -0.0215496  -0.03653254  0.10640424]
 [-0.11422427 -0.12199753  0.35008185  0.0009689  -0.08999433]
 [ 0.06470145  0.09293301  0.2260094  -0.1479343   0.03907558]
 [ 0.14599746  0.345301    0.06722381  0.0110705   0.14872111]
 [-0.08321657  0.00926022  0.44088863  0.22932323 -0.23080232]]
Matrix Pair 2; W = [[ 0.01029452  0.1780768  -0.0929515   0.12682168 -0.00302593]
 [-0.12503189 -0.03788592 -0.1177585  -0.25907888  0.06766947]
 [-0.12860326 -0.06183748 -0.20973211 -0.09269247  0.10807139]
 [ 0.03229377  0.21719781 -0.02428289 -0.07907387  0.23179303]
 [-0.01429812  0.10117561  0.17825554  0.04288443 -0.20318123]]
U = [[ 0.33958566 -0.2579308  -0.04080927 -0.10079646  0.09234716]
 [-0.13132356 -0.11474959  0.37319701  0.01481073 -0.00251333]
 [ 0.13770275  0.07475691  0.20802448 -0.10869988  0.05940956]
 [ 0.16025663  0.40206956  0.10881702  0.01370538  0.17330267]
 [-0.02580548  0.00637965  0.36499297  0.18125102 -0.20129045]]
Matrix Pair 3; W = [[ 0.04248799  0.20446878 -0.06702042  0.14857513  0.01987268]
 [-0.10458237  0.02962509 -0.10034958 -0.22923115  0.07776125]
 [-0.12016859 -0.07647135 -0.27579846 -0.14163823  0.10310186]
 [ 0.11179887  0.22112842 -0.01517967 -0.08264319  0.15649546]
 [-0.04640173  0.03751498  0.18704662  0.13203997 -0.17084175]]
U = [[ 0.2717183  -0.26965803  0.01920189 -0.07464238  0.13869534]
 [-0.08945808 -0.05724084  0.37937227  0.05543829 -0.05485322]
 [ 0.09819346  0.11204682  0.15264903 -0.11363201  0.06839385]
 [ 0.21234738  0.38022819  0.03784117  0.00543295  0.1574177 ]
 [-0.02345944  0.03270445  0.39258584  0.17454048 -0.2368132 ]]
Matrix Pair 4; W = [[ 0.06983025  0.07864825  0.3574335   0.03913893 -0.00090035]
 [ 0.13889562 -0.16603875 -0.2051524   0.15886779  0.25063495]
 [ 0.14564422  0.25134333 -0.15123729 -0.11395846  0.33235337]
 [-0.14464122 -0.16120672  0.16793743 -0.189263    0.08988465]
 [-0.18159432 -0.22860022  0.06755664  0.11692713 -0.00966004]]
U = [[ 0.0643198  -0.11923644  0.19289853 -0.1484563   0.13514504]
 [-0.090446    0.21134395  0.07830632  0.01598943  0.08776119]
 [ 0.20003806 -0.0059386   0.19283725 -0.21945667  0.1243922 ]
 [-0.09642199  0.37835028  0.19972703  0.07972368  0.16236792]
 [-0.34593287  0.05147416  0.39176951  0.32081374 -0.00428242]]
Matrix Pair 5; W = [[ 0.05858356  0.07863666  0.33152405 -0.02414481 -0.03323258]
 [ 0.18152362 -0.09772413 -0.27146976  0.13874045  0.20073775]
 [ 0.14810856  0.22740559 -0.10426416 -0.11249341  0.33177   ]
 [-0.14440085 -0.17917891  0.12015504 -0.14214252  0.05346097]
 [-0.13353309 -0.27114028  0.01158935  0.11893249  0.01166895]]
U = [[ 0.02384628 -0.08737818  0.18363896 -0.21713633  0.12618489]
 [-0.10526917  0.23683181  0.1198244   0.06880579  0.07159424]
 [ 0.16220782  0.0573118   0.26014672 -0.18081205  0.10975087]
 [-0.0927065   0.38673219  0.14560912  0.13472197  0.17301027]
 [-0.34107799  0.02820873  0.41874279  0.33742847  0.05019028]]
Matrix Pair 6; W = [[ 0.00201801  0.08407889  0.37268802 -0.00614428 -0.01600976]
 [ 0.19145061 -0.10848075 -0.21849568  0.12223465  0.21751499]
 [ 0.20127551  0.19779424 -0.17997434 -0.15352887  0.26264657]
 [-0.09648373 -0.14197142  0.15050828 -0.13788426  0.11713353]
 [-0.1592052  -0.24898038  0.03680036  0.14606854 -0.03925436]]
U = [[ 0.06040024 -0.14006243  0.20771333 -0.14850115  0.16786045]
 [-0.0341764   0.25479994  0.08146553  0.08381906  0.0182938 ]
 [ 0.12125525  0.03359377  0.24112062 -0.14738289  0.13178948]
 [-0.02713687  0.37950646  0.15912965  0.13576277  0.12029928]
 [-0.34991655  0.0435445   0.37772619  0.32451363 -0.01186699]]
Matrix Pair 7; W = [[ 0.02013772  0.07393449  0.34954125  0.03952126  0.0079995 ]
 [ 0.21076142 -0.12628101 -0.19628233  0.16868881  0.27426365]
 [ 0.16361044  0.22959852 -0.12263025 -0.16091436  0.32019845]
 [-0.13674416 -0.18485894  0.18068187 -0.12959651  0.09455749]
 [-0.11017845 -0.17780873  0.00768041  0.14885476 -0.002286  ]]
U = [[-0.00739971 -0.10776772  0.19136186 -0.21212867  0.13600109]
 [-0.09593985  0.25846886  0.13805502  0.08193336  0.01010384]
 [ 0.13483243  0.03812585  0.25986878 -0.21705765  0.14880895]
 [-0.03469677  0.45422158  0.19432747  0.13612847  0.11338622]
 [-0.38202687  0.10493356  0.41636507  0.34846188  0.04696501]]
Matrix Pair 8; W = [[-0.23231019 -0.01361355  0.28287944  0.08280278 -0.13683412]
 [ 0.13660168 -0.22895203 -0.01505721  0.04535838  0.19217458]
 [ 0.00927692  0.27948143 -0.27888537  0.05090414  0.07260408]
 [-0.1234251  -0.14575302  0.13100111  0.04784303 -0.16938797]
 [ 0.00658399 -0.28989158 -0.05860707  0.09242948 -0.17645894]]
U = [[ 0.08639775 -0.0103757   0.28269348 -0.07873703  0.23605349]
 [-0.15302133  0.17672197  0.0420919   0.37378719  0.03477763]
 [ 0.25094839 -0.05824027  0.24480178  0.19969562  0.21194042]
 [-0.04606649  0.09184198  0.09712109  0.03793028  0.28476056]
 [-0.11473077  0.23184091  0.20373131  0.05684308 -0.11313289]]
Matrix Pair 9; W = [[-0.23594833 -0.01086709  0.2692548  -0.01043837 -0.08996992]
 [ 0.13987373 -0.28087118  0.04985815  0.04798862  0.26005011]
 [ 0.00949238  0.25396457 -0.26182642  0.05267449  0.05976547]
 [-0.06049741 -0.16158237  0.06249234  0.03537782 -0.11125741]
 [-0.08948899 -0.2171464  -0.05049057  0.04463759 -0.17501878]]
U = [[ 0.08224448  0.0034194   0.32786115 -0.13133821  0.22693692]
 [-0.20210782  0.08370286  0.08203544  0.362195    0.02269672]
 [ 0.25316617  0.01133615  0.30404314  0.16375334  0.17322786]
 [ 0.01779158  0.15900009  0.05993035  0.02081108  0.27514512]
 [-0.11194679  0.30114458  0.14713314  0.09616411 -0.05721994]]
Matrix Pair 10; W = [[-0.16644592 -0.06875242  0.279421    0.04167308 -0.16013465]
 [ 0.19762072 -0.25837284 -0.00347869  0.09093855  0.26616822]
 [-0.01164194  0.28071742 -0.27350403  0.05971281  0.11859444]
 [-0.14173871 -0.14134741  0.10940215  0.01291269 -0.12696411]
 [-0.05114883 -0.21381133 -0.052078    0.06093308 -0.14672566]]
U = [[ 0.0338753  -0.01936882  0.25459784 -0.08504729  0.17091951]
 [-0.11511977  0.16151591  0.04130211  0.34384867  0.00204806]
 [ 0.26438101 -0.04465077  0.28296538  0.16155499  0.16504028]
 [-0.00984965  0.15276408  0.12614513 -0.01239656  0.27065128]
 [-0.15657159  0.25980174  0.21656357  0.14619607 -0.12050769]]
Matrix Pair 11; W = [[-0.15591076 -0.10364507  0.28178748  0.06840351 -0.13631219]
 [ 0.18562606 -0.23752058  0.02934451  0.05270962  0.20510681]
 [-0.04307385  0.24382261 -0.21906869  0.04693521  0.10932364]
 [-0.14436934 -0.18148783  0.08418614  0.08255842 -0.12944039]
 [-0.01511359 -0.28174719 -0.01032306  0.03253847 -0.13535494]]
U = [[ 0.02521628 -0.06268736  0.2628354  -0.06312018  0.18316148]
 [-0.14251781  0.08063136  0.05082413  0.34011277  0.06726951]
 [ 0.32754067  0.01815353  0.23884697  0.2148265   0.24722271]
 [ 0.00501487  0.15718306  0.06656285  0.08454879  0.21816557]
 [-0.07545593  0.2503762   0.17384983  0.1027235  -0.05489519]]
Matrix Pair 12; W = [[-0.16048349 -0.08641487 -0.08574902  0.20442628 -0.12871655]
 [ 0.06134615 -0.31326209  0.11183856 -0.35715501  0.2576535 ]
 [-0.18890881  0.11954323 -0.11802989 -0.20044532  0.2140234 ]
 [ 0.04600282  0.02390176  0.06238751  0.18382058  0.23905014]
 [-0.08074338  0.15309542 -0.09661849  0.15761316  0.04381479]]
U = [[ 0.16558804 -0.20709257  0.0133506  -0.0643298   0.23483057]
 [-0.19519485  0.03960716  0.01184373  0.14022558  0.02797264]
 [ 0.14270407  0.07104573  0.0710724  -0.00127476  0.26400448]
 [ 0.11079171  0.12014857 -0.17264733  0.13111869  0.09900964]
 [-0.08043667  0.02745489  0.16429656  0.02077241 -0.12562086]]
Matrix Pair 13; W = [[-0.17885565  0.00575219 -0.05194171  0.17732599 -0.15922921]
 [ 0.04618356 -0.27907967  0.04765348 -0.2858004   0.2949009 ]
 [-0.14834446  0.12560907 -0.08050314 -0.18929179  0.16662553]
 [ 0.02040939  0.08765556  0.07413266  0.14826441  0.271825  ]
 [-0.12245886  0.12557148 -0.16636626  0.17814743  0.00256538]]
U = [[ 0.16295612 -0.22661863 -0.01589352 -0.15011988  0.1619445 ]
 [-0.19133771  0.02434048  0.00426008  0.16051236  0.08871842]
 [ 0.15955822  0.06654999  0.00734044  0.014116    0.24984966]
 [ 0.10112504  0.10356809 -0.17802767  0.20651925  0.08181702]
 [-0.07368919  0.0669518   0.11591205  0.02415014 -0.15296891]]
Matrix Pair 14; W = [[-0.14684619 -0.03121092 -0.06012067  0.23794591 -0.18542401]
 [-0.02836336 -0.33382789  0.03508233 -0.33117345  0.2678668 ]
 [-0.15159717  0.12593218 -0.13013738 -0.19885436  0.20633339]
 [ 0.07554401  0.11331082  0.0956954   0.17872223  0.2622079 ]
 [-0.14563567  0.07772446 -0.14330448  0.11470436 -0.03585962]]
U = [[ 0.12424539 -0.26457009 -0.05745506 -0.05475442  0.15334985]
 [-0.20662851  0.01522904  0.0355318   0.16554719  0.02391159]
 [ 0.10809894  0.04015195  0.0474581   0.06987994  0.30871324]
 [ 0.08938659  0.10276489 -0.17483505  0.19749208  0.09070991]
 [-0.14235458 -0.00582771  0.1209992   0.0435706  -0.14100939]]
Matrix Pair 15; W = [[-0.23277228 -0.00937991 -0.10248813  0.19106961 -0.18240959]
 [ 0.01926754 -0.29713166  0.05285669 -0.30897737  0.31494002]
 [-0.12529606  0.09132299 -0.11277626 -0.20723359  0.1844588 ]
 [ 0.04758881  0.0838504   0.09855314  0.14908967  0.22982683]
 [-0.11917642  0.12520864 -0.13423816  0.13747108 -0.03568426]]
U = [[ 0.08863753 -0.24503724  0.0142094  -0.09983661  0.22679345]
 [-0.25953842  0.04562006 -0.00551757  0.15398221  0.05523469]
 [ 0.12627835  0.07013247  0.08420471  0.03188058  0.31373389]
 [ 0.06385319  0.1069894  -0.12672302  0.11609053  0.15671934]
 [-0.15717782  0.00049733  0.12065142  0.05905259 -0.16084154]]
Matrix Pair 16; W = [[-0.13162274  0.01524447  0.10064279  0.09450931 -0.07200333]
 [ 0.17646696  0.03574157 -0.18753476 -0.04200582  0.20747034]
 [ 0.03023261  0.11291074 -0.11783999 -0.09391102  0.23655974]
 [-0.05605084  0.07887652  0.11264375 -0.12280547  0.14276304]
 [-0.0772504  -0.10667158  0.01019025 -0.01310176 -0.10069846]]
U = [[ 0.04289142 -0.18623213  0.08864105  0.00139218  0.14740313]
 [-0.16685131  0.03845801  0.14950473  0.20330175  0.1043609 ]
 [ 0.18481832  0.04826605  0.09965916  0.01993906  0.05658934]
 [ 0.05357088  0.30225094  0.1482069  -0.02258383  0.32203359]
 [-0.35253992  0.05431879  0.27870209  0.21158624 -0.1174262 ]]
Matrix Pair 17; W = [[-0.09211539  0.05466519  0.15869833  0.05212426  0.00478687]
 [ 0.21658108  0.00479187 -0.10885992 -0.08994433  0.19460068]
 [ 0.06087826  0.13582975 -0.18236424 -0.11252182  0.2555201 ]
 [-0.08084359  0.00819305  0.0900578  -0.15499177  0.08852794]
 [-0.13980311 -0.03735423  0.00111637 -0.01021724 -0.10226593]]
U = [[ 0.12675512 -0.14836993  0.13063507  0.01534953  0.07784574]
 [-0.12989771  0.01353066  0.22307317  0.15898919  0.06165642]
 [ 0.18980574  0.0142133   0.12102637  0.05801836 -0.01336396]
 [ 0.03849056  0.30197202  0.18956411 -0.04688734  0.37799419]
 [-0.29873518  0.11033852  0.351667    0.23521986 -0.11290373]]
Matrix Pair 18; W = [[-0.10538564  0.03526138  0.15752967  0.07548135 -0.04279144]
 [ 0.22317686  0.01248449 -0.1683341  -0.06703705  0.18669037]
 [ 0.05269695  0.13404257 -0.09101383 -0.14639264  0.17650264]
 [-0.00188396  0.02660179  0.09971336 -0.07606829  0.10466451]
 [-0.08329822 -0.07013076 -0.06215511 -0.0061313  -0.07270833]]
U = [[ 0.06950014 -0.19235848  0.12783426 -0.05696915  0.15683476]
 [-0.14549802  0.0445325   0.17687547  0.1630652   0.14832029]
 [ 0.27067687  0.00575473  0.14549377  0.00769591  0.06481612]
 [ 0.05519555  0.31610627  0.12325733  0.01349563  0.31809572]
 [-0.35897765  0.14695801  0.29030226  0.29220504 -0.07083238]]
Matrix Pair 19; W = [[-0.12416773  0.08229785  0.13556898  0.08008952  0.0018008 ]
 [ 0.15509026  0.0035662  -0.10581678 -0.03147957  0.20735317]
 [ 0.06101663  0.20255094 -0.13604035 -0.13870619  0.24467636]
 [-0.05912355  0.04313783  0.07617306 -0.14716408  0.12731147]
 [-0.06264394 -0.02745113  0.02651749  0.00041841 -0.05512966]]
U = [[ 0.10013949 -0.21109056  0.17211208  0.01925174  0.09921109]
 [-0.10891831  0.02106968  0.20464131  0.21293148  0.13072829]
 [ 0.22137168 -0.01633265  0.15478313  0.02701581  0.07271081]
 [-0.01689624  0.25146705  0.12200049  0.02127857  0.34606276]
 [-0.37388002  0.08846417  0.31186203  0.27163349 -0.08731154]]
Matrix Pair 20; W = [[ 0.02746506  0.12127251  0.17787563  0.05721263  0.01776169]
 [ 0.09435339  0.03975369 -0.23141039 -0.12676149  0.15815998]
 [ 0.18274291  0.12803112  0.02786393 -0.15814387  0.36733992]
 [ 0.08218288  0.07873021  0.1142968  -0.17515033  0.19071937]
 [-0.1867715   0.03675     0.01837593 -0.00744994 -0.01033876]]
U = [[ 0.05071713 -0.21992488 -0.00062985 -0.0276446   0.02305238]
 [-0.11830124  0.01388242  0.25116561 -0.009932    0.1476387 ]
 [ 0.14361019  0.01982258  0.01395515 -0.09748676 -0.01748707]
 [-0.05087636  0.36089357  0.11524181 -0.06631921  0.21396377]
 [-0.38620342 -0.08348518  0.37601328  0.34848641 -0.07958153]]
Matrix Pair 21; W = [[ 0.01753653  0.16042925  0.16061153  0.03966208  0.09352603]
 [ 0.15011291  0.1012634  -0.27023389 -0.13443549  0.10831367]
 [ 0.13104105  0.17588325  0.03018721 -0.09186902  0.35272651]
 [-0.01327876  0.07825053  0.10778278 -0.17659206  0.17621991]
 [-0.17524074  0.05694158  0.03779326  0.05929413 -0.04662613]]
U = [[ 0.07601625 -0.24348474  0.0502281  -0.01543416  0.06089489]
 [-0.14661973  0.03780828  0.32336152 -0.05482084  0.07839312]
 [ 0.10245955  0.0424954   0.0549145  -0.05684009 -0.05656168]
 [-0.06115229  0.40991989  0.14277588 -0.02117083  0.2547362 ]
 [-0.38119392 -0.16785057  0.40219503  0.38257669 -0.06059632]]
Matrix Pair 22; W = [[ 0.0859774   0.15249753  0.13289876  0.04768634  0.0075465 ]
 [ 0.06881229  0.08114551 -0.22511193 -0.11775137  0.10024592]
 [ 0.15743133  0.12911261  0.02215664 -0.14510915  0.35368722]
 [ 0.01377794  0.07130581  0.10672858 -0.22554335  0.17791845]
 [-0.19463782  0.00629281 -0.00571894  0.04942929 -0.04846251]]
U = [[ 0.04210962 -0.19996254 -0.01679756 -0.01454856  0.0290434 ]
 [-0.13843338  0.03394283  0.32361752 -0.08010703  0.15070825]
 [ 0.13012355  0.01667975 -0.01278073 -0.12978417 -0.02379079]
 [-0.09462785  0.41607543  0.11073561 -0.02130634  0.22700053]
 [-0.33633789 -0.14359083  0.35624317  0.38522419 -0.09934982]]
Matrix Pair 23; W = [[ 0.01383086  0.11015581  0.11952654  0.05301549  0.04451346]
 [ 0.0823353   0.03522384 -0.24060811 -0.11767783  0.17801933]
 [ 0.14566534  0.14425808 -0.04448498 -0.08926527  0.38812013]
 [ 0.01306722  0.06967631  0.0856542  -0.16370032  0.21891424]
 [-0.12696065 -0.01048309  0.01546556  0.0673721  -0.02182799]]
U = [[ 0.10880692 -0.23719579 -0.0042627  -0.03220029  0.07085968]
 [-0.12021778  0.07326342  0.30747487 -0.02814524  0.10313097]
 [ 0.14019284  0.06785696  0.06965279 -0.12958638 -0.04907124]
 [-0.09474045  0.40434553  0.16422685 -0.06087601  0.19400962]
 [-0.40799011 -0.11215234  0.39878461  0.3611218  -0.05862699]]
Matrix Pair 24; W = [[-0.06027503  0.01699424  0.26215879 -0.07590651 -0.08299169]
 [ 0.14090161 -0.31878746 -0.04286302  0.11185893  0.2318335 ]
 [-0.0382116   0.06249139 -0.24398262  0.11942591  0.14441114]
 [-0.05819887 -0.29202521  0.10007009  0.01598766 -0.13926138]
 [-0.02424273 -0.21936801  0.00855713  0.06132046 -0.14671302]]
U = [[ 0.12115585 -0.12557242  0.29608899 -0.12543268  0.2576433 ]
 [-0.18771712  0.10203458  0.02190623  0.30977249 -0.058622  ]
 [ 0.32907982 -0.02106004  0.37795679  0.13858057  0.21740658]
 [-0.01845951  0.16421456  0.15034769 -0.07421202  0.21227961]
 [-0.11032492  0.28780442  0.32948615  0.08713045 -0.10602611]]
Matrix Pair 25; W = [[-0.10064063  0.00678405  0.28268021 -0.04585431 -0.08277706]
 [ 0.12350256 -0.33602117 -0.13075828  0.06757324  0.15110154]
 [-0.04022629  0.13478948 -0.26150498  0.0670956   0.13260378]
 [-0.02978575 -0.28789828  0.09486543  0.08943667 -0.16747052]
 [-0.06047041 -0.25399774  0.04099745  0.11411935 -0.17529622]]
U = [[ 0.11992402 -0.09780227  0.33802949 -0.13674885  0.19612628]
 [-0.19505431  0.04131463  0.08964108  0.28165427  0.00170663]
 [ 0.32112825 -0.03369196  0.31720293  0.14335162  0.20851946]
 [ 0.02551784  0.17586519  0.08474918 -0.05228306  0.19590129]
 [-0.1937711   0.26886945  0.31249045  0.05368594 -0.02768203]]
Matrix Pair 26; W = [[-0.11734184 -0.03513124  0.24827186 -0.08113339 -0.10005833]
 [ 0.05876388 -0.37228685 -0.11966274  0.07327531  0.18801423]
 [ 0.04535053  0.11905327 -0.24173258  0.10079814  0.10636281]
 [-0.10083672 -0.30795669  0.06005022 -0.00102901 -0.15117454]
 [-0.01177513 -0.28368415 -0.02154358  0.05776353 -0.19756003]]
U = [[ 0.15097701 -0.05834606  0.27160402 -0.1268443   0.18974522]
 [-0.2460301   0.09470902  0.03653613  0.29282951 -0.05597271]
 [ 0.26248923 -0.0763165   0.36764648  0.16844814  0.21160171]
 [ 0.07132787  0.15268457  0.08731342 -0.01496365  0.21247824]
 [-0.17365306  0.27121006  0.36150589  0.06427433 -0.08419889]]
Matrix Pair 27; W = [[-0.05705958 -0.01467676  0.24668682 -0.07578794 -0.09422919]
 [ 0.14011362 -0.37898226 -0.10742643  0.0968845   0.14869529]
 [ 0.00463055  0.0830319  -0.26386778  0.13116584  0.13247482]
 [-0.08767318 -0.27617647  0.04582559  0.06323778 -0.17432622]
 [-0.02043356 -0.2327779  -0.03381662  0.05685684 -0.10454826]]
U = [[ 0.09776577 -0.04175451  0.28353848 -0.10581792  0.27033497]
 [-0.15313892  0.11143305  0.04815535  0.27433898 -0.03386019]
 [ 0.27550688 -0.02125421  0.35212537  0.22225863  0.26167592]
 [ 0.02914951  0.17017173  0.12159146 -0.01449528  0.20508111]
 [-0.1063919   0.31945015  0.33729622  0.07124751 -0.01286563]]
Matrix Pair 28; W = [[-0.16752411 -0.102789    0.02887246  0.29427228 -0.21500827]
 [ 0.39913275 -0.44156538 -0.07144412 -0.30514744  0.33685589]
 [-0.01716176  0.22836563  0.29659519 -0.44154641  0.4653193 ]
 [ 0.17871589  0.08924668  0.13705538  0.26477773  0.52783995]
 [-0.18950162  0.31794847 -0.2881734   0.21373557  0.30874719]]
U = [[-0.15782945 -0.13157317 -0.1950353  -0.03410655  0.15870569]
 [-0.11715743  0.34439761 -0.13168371 -0.0688475   0.16862937]
 [ 0.10257606  0.05003222 -0.30231998  0.10141538  0.36020553]
 [-0.17608469 -0.05264749 -0.21847599  0.18377902  0.15492598]
 [-0.38741669 -0.06885997  0.08919576  0.06569271 -0.0018653 ]]
Matrix Pair 29; W = [[-0.21655519 -0.11213856 -0.0020966   0.28248233 -0.28585128]
 [ 0.37463454 -0.39823292 -0.03465552 -0.29616782  0.35596247]
 [-0.01708643  0.24919305  0.24441108 -0.420574    0.49157913]
 [ 0.1710338   0.10981009  0.06644475  0.26078894  0.45641679]
 [-0.13747084  0.26604742 -0.25749674  0.27905969  0.36821753]]
U = [[-0.09220766 -0.15686781 -0.14274929 -0.08506929  0.18931891]
 [-0.14142713  0.2842195  -0.1694893   0.01650681  0.17755444]
 [ 0.01137925  0.08752966 -0.221974    0.0845778   0.30746861]
 [-0.11268808 -0.05638575 -0.24405733  0.14568247  0.10144874]
 [-0.38718598 -0.04847286  0.03108646  0.03550997  0.00328522]]
Matrix Pair 30; W = [[-0.19864135 -0.12769379  0.038125    0.26694275 -0.22102024]
 [ 0.39783915 -0.35126157 -0.02356235 -0.25301258  0.34586866]
 [-0.00307357  0.15554753  0.32664562 -0.46938338  0.40177812]
 [ 0.09662579  0.13173684  0.04742456  0.21200533  0.49782363]
 [-0.16458769  0.26882805 -0.27911644  0.26031205  0.33938543]]
U = [[-0.12263466 -0.12800223 -0.17671126 -0.04888741  0.19234275]
 [-0.1862957   0.2771312  -0.20024887 -0.07021588  0.20193158]
 [ 0.03285461  0.07978341 -0.22634078  0.08710825  0.29293514]
 [-0.15920123 -0.04663351 -0.30597813  0.11202998  0.15129889]
 [-0.33291034 -0.10199872  0.065411    0.00120106 -0.0012114 ]]
Matrix Pair 31; W = [[-0.14912637 -0.11090983  0.014669    0.25556076 -0.2559594 ]
 [ 0.34947188 -0.39400384 -0.0412416  -0.28047161  0.38038488]
 [ 0.02760992  0.22553062  0.31348363 -0.43964184  0.40160794]
 [ 0.11730351  0.05535348  0.14018351  0.21698962  0.43472682]
 [-0.14136824  0.32589655 -0.22047082  0.19613407  0.29353146]]
U = [[-0.14000403 -0.15708407 -0.16223355 -0.05884715  0.16216236]
 [-0.13187159  0.32927161 -0.16787659  0.0209252   0.20051566]
 [ 0.0757127   0.01355918 -0.25789796  0.08377785  0.35866937]
 [-0.14546183 -0.02039532 -0.24445426  0.10313641  0.11079364]
 [-0.38571632 -0.09765807  0.08104629  0.04967263 -0.02249424]]
Matrix Pair 32; W = [[-0.05366978  0.07862043  0.15916051  0.04400818 -0.13342055]
 [ 0.14016885  0.0032047  -0.01075817  0.02990048  0.22870091]
 [ 0.09544384  0.15793075 -0.24820852 -0.16477221  0.07910703]
 [-0.10747776 -0.03997745  0.10600834  0.01999846  0.00340094]
 [-0.0828254  -0.30102854  0.11845037 -0.05981798 -0.20681705]]
U = [[ 0.12993988 -0.14837506  0.19153678 -0.13665058  0.13601396]
 [-0.0787788   0.11571061  0.2005981   0.12022768  0.02976769]
 [ 0.23618667  0.00314154  0.1917995  -0.0115225   0.0688148 ]
 [ 0.03653851  0.25693361  0.17750098  0.07844127  0.35658581]
 [-0.25048834  0.23144023  0.42301125  0.1575136  -0.10152457]]
Matrix Pair 33; W = [[-0.056733    0.03802928  0.13772764  0.11098107 -0.15451379]
 [ 0.12761803 -0.08050413 -0.00455279  0.01992942  0.22161488]
 [ 0.01999751  0.25534598 -0.18993334 -0.09630051  0.10958573]
 [-0.12196196 -0.07323935  0.05531318  0.00357585 -0.02959454]
 [-0.12724475 -0.2581596   0.12500926 -0.03835178 -0.20294337]]
U = [[ 0.17871132 -0.12711708  0.16915911 -0.12405555  0.18184211]
 [-0.07147177  0.09931457  0.20963662  0.13041135  0.00076164]
 [ 0.19514782  0.0282157   0.24235015 -0.00991023 -0.01238332]
 [ 0.0755447   0.25214254  0.16205644  0.09994865  0.37316327]
 [-0.22051017  0.24300926  0.43882133  0.24418948 -0.11643725]]
Matrix Pair 34; W = [[-0.01844121  0.09921714  0.2297156   0.06608992 -0.0830687 ]
 [ 0.14198159 -0.08204189  0.01185983  0.03325854  0.22905597]
 [ 0.05533022  0.15735998 -0.25153509 -0.15601169  0.11954836]
 [-0.12319954 -0.03263518  0.0967554  -0.00716349 -0.04335565]
 [-0.12862777 -0.27586807  0.06884726 -0.03038793 -0.16493698]]
U = [[ 0.12436594 -0.12405906  0.19383589 -0.12047861  0.16101343]
 [-0.06525115  0.14581644  0.25594148  0.10126605 -0.0116113 ]
 [ 0.22625548 -0.0363857   0.22682063  0.04997901  0.03059167]
 [ 0.0310749   0.2043016   0.1937687   0.05949945  0.32400413]
 [-0.2939853   0.22426224  0.38383871  0.17761777 -0.159634  ]]
Matrix Pair 35; W = [[ 0.00796113  0.11235298  0.21457648  0.09896994 -0.14165014]
 [ 0.13066796 -0.06893345  0.03819298  0.04089853  0.27809381]
 [ 0.01102452  0.16115496 -0.192678   -0.093214    0.11474758]
 [-0.13451879 -0.07968218  0.03134567  0.07592105  0.00548857]
 [-0.05528985 -0.25436462  0.04555082 -0.00696753 -0.16261714]]
U = [[ 0.15883281 -0.16909905  0.18717069 -0.11724579  0.10310949]
 [-0.13440728  0.1091129   0.24673115  0.10225609  0.02987259]
 [ 0.23812    -0.00591755  0.23588184  0.02563194  0.0423241 ]
 [ 0.08945285  0.28490077  0.16253407  0.07115396  0.37549934]
 [-0.20922877  0.18908104  0.41131689  0.14797716 -0.08538393]]
Matrix Pair 36; W = [[-0.09110899 -0.08521626  0.23985459 -0.0874622   0.02215817]
 [-0.05140366 -0.34196774 -0.17239221 -0.0401645  -0.09044251]
 [-0.06105194 -0.04270535 -0.08502519  0.1953803   0.1897874 ]
 [ 0.09336891 -0.24569737  0.00467412  0.08285975 -0.21185583]
 [ 0.02379009 -0.0141383   0.05525569  0.21884536 -0.12578518]]
U = [[ 0.2076582   0.13111611  0.3749111  -0.13381078  0.19507125]
 [-0.17936703  0.08173001  0.14390081  0.33176671 -0.02690395]
 [ 0.37214553 -0.06035097  0.34628785  0.24969638  0.2595242 ]
 [ 0.03426349  0.15348948  0.1066662  -0.12238039  0.0185924 ]
 [ 0.0179612   0.2574048   0.25645551 -0.01209515  0.01398906]]
Matrix Pair 37; W = [[-0.10170237 -0.01486412  0.25696675 -0.08822707 -0.02043756]
 [-0.02504152 -0.40344796 -0.1218705  -0.03118537 -0.08037253]
 [-0.07219293 -0.09062936 -0.08281419  0.18320184  0.24882128]
 [ 0.03991797 -0.20990671  0.03217086  0.01690192 -0.15598155]
 [ 0.00056743 -0.0793178   0.02783266  0.22323678 -0.17417776]]
U = [[ 0.19474193  0.1085738   0.31955636 -0.19814487  0.21092095]
 [-0.19200679  0.07523007  0.15100377  0.39114794 -0.10763815]
 [ 0.40705284 -0.04609524  0.26901564  0.18107804  0.26473043]
 [ 0.01458073  0.22650626  0.09613345 -0.15916128  0.05879251]
 [-0.04425673  0.26510797  0.26964005  0.04868502 -0.01677146]]
Matrix Pair 38; W = [[-0.07485202 -0.06030142  0.30492972 -0.13680667 -0.04016795]
 [ 0.00255311 -0.33059757 -0.08445393 -0.02220008 -0.08639041]
 [-0.0512329  -0.06069005 -0.09605491  0.21190182  0.21298688]
 [ 0.07194375 -0.28283096  0.00121458  0.10701554 -0.1355068 ]
 [-0.06887807 -0.037181    0.00802686  0.17814704 -0.12476856]]
U = [[ 0.25961607  0.06004356  0.30199872 -0.17094059  0.23862855]
 [-0.1493581  -0.00413288  0.12309791  0.2989982  -0.02246734]
 [ 0.41009317 -0.06043215  0.27217284  0.21531166  0.22637284]
 [ 0.01176264  0.23855897  0.06007832 -0.13782381  0.06969168]
 [ 0.03423843  0.1957313   0.23199965 -0.02516631  0.00833358]]
Matrix Pair 39; W = [[-0.04234077 -0.00582382  0.27804638 -0.11823647 -0.01765896]
 [-0.0539365  -0.35449054 -0.13605345  0.0296741  -0.0615773 ]
 [-0.0053366  -0.01626524 -0.14486955  0.21913568  0.15918141]
 [ 0.04363926 -0.25511826 -0.03262407  0.10897058 -0.17729575]
 [ 0.02008663 -0.07940827  0.04085133  0.15394381 -0.10410471]]
U = [[ 0.23312327  0.08555756  0.35151256 -0.19575178  0.25260777]
 [-0.13338751  0.0014434   0.11101066  0.30774565 -0.0562735 ]
 [ 0.39416887 -0.05592894  0.30863432  0.16050507  0.21281632]
 [ 0.01595746  0.22627038  0.04069563 -0.09580806  0.06994356]
 [-0.02348579  0.2476066   0.20329965  0.00356955 -0.003622  ]]
Matrix Pair 40; W = [[-0.24517    -0.0990661   0.22337472  0.13001388 -0.22433989]
 [ 0.36517304 -0.40383495  0.13572229 -0.07092363  0.40524038]
 [-0.0024304   0.28059631 -0.01965574 -0.1961253   0.09613521]
 [-0.07664523 -0.2333557   0.18331292  0.2300607   0.08991666]
 [-0.20072602 -0.19102563 -0.22496773  0.04245218  0.03947438]]
U = [[-0.10978088 -0.0478585   0.25620535 -0.00583731  0.2504689 ]
 [-0.17250218  0.30020559 -0.1780644   0.30886589  0.03647071]
 [ 0.24575034  0.05186592  0.1335295   0.2150829   0.24797954]
 [ 0.01818355 -0.04972919 -0.00499593  0.14297609  0.36736797]
 [-0.23428732  0.16138242  0.13800103  0.03473174 -0.12893668]]
Matrix Pair 41; W = [[-0.23005926 -0.15251629  0.22492871  0.14301496 -0.22876393]
 [ 0.29158302 -0.37204607  0.04790848 -0.01038709  0.40847965]
 [-0.01965858  0.21530174 -0.06096733 -0.18179605  0.08801749]
 [-0.07903288 -0.13477771  0.19343641  0.16698637  0.03390193]
 [-0.18945823 -0.17724349 -0.21834321  0.06757719  0.0263116 ]]
U = [[-0.17135978 -0.0383802   0.21882864 -0.03285258  0.18962726]
 [-0.08094736  0.27884778 -0.13976867  0.27723375  0.08072642]
 [ 0.24026751  0.00504028  0.16094333  0.21710712  0.25088652]
 [ 0.0418484   0.01900345  0.0428666   0.09750176  0.31864149]
 [-0.27156794  0.14686737  0.13611501  0.10834803 -0.11534883]]
Matrix Pair 42; W = [[-0.2897652  -0.11671188  0.28363098  0.09893495 -0.25927787]
 [ 0.27756421 -0.43421188  0.0568323  -0.01106815  0.35195469]
 [-0.06367173  0.27028115 -0.07335295 -0.12676547  0.14635224]
 [-0.09898061 -0.17314026  0.21357818  0.23358566  0.07629517]
 [-0.13901665 -0.22623628 -0.14523244  0.07309358  0.07474926]]
U = [[-0.17033152 -0.07023999  0.22054472 -0.0632883   0.2336344 ]
 [-0.08330239  0.25298493 -0.12902817  0.22050651  0.07119641]
 [ 0.17818823  0.00991442  0.07825179  0.13528048  0.33972347]
 [ 0.01565523 -0.0437193  -0.0161529   0.10173241  0.32440422]
 [-0.21284768  0.13065844  0.18155122  0.08721667 -0.08681066]]
Matrix Pair 43; W = [[-0.2144198  -0.18424473  0.2344331   0.15284758 -0.18752996]
 [ 0.29370827 -0.44636108  0.08382841 -0.02832541  0.39271994]
 [-0.00459529  0.28221529 -0.09101477 -0.18752015  0.11191952]
 [-0.06340556 -0.1787316   0.14525829  0.23420732  0.02931976]
 [-0.16104733 -0.18930673 -0.1985517   0.01808196  0.09960281]]
U = [[-0.10362425 -0.04629633  0.21506243 -0.06069038  0.22121533]
 [-0.09663505  0.32748583 -0.16852381  0.29451209  0.02402264]
 [ 0.18443615  0.04395913  0.07257765  0.16976207  0.31520693]
 [ 0.05325039  0.03501945  0.00587108  0.13295799  0.32513898]
 [-0.24179909  0.14157511  0.12337496  0.03448435 -0.0332582 ]]
Matrix Pair 44; W = [[-0.34749159 -0.2288398   0.07075907  0.14761123 -0.2995137 ]
 [ 0.22412231 -0.54346878  0.16964216 -0.23139987  0.31321814]
 [-0.16994507  0.28295477  0.11252227 -0.03588133  0.28532819]
 [ 0.08141251 -0.12137063  0.15723049  0.18038206  0.08255074]
 [-0.1855834  -0.03093781 -0.28978765  0.06943792  0.06391126]]
U = [[-0.18506189 -0.01973845  0.10172379 -0.03098536  0.25657533]
 [-0.30081141  0.26746548 -0.24752871  0.25043751  0.14012337]
 [ 0.19310347 -0.07102545 -0.04903796  0.2568248   0.28198638]
 [-0.0580068  -0.14774588 -0.13566513  0.00359466  0.25386498]
 [-0.13238074  0.11942996 -0.08810117 -0.01186574 -0.03482807]]
Matrix Pair 45; W = [[-0.43281114 -0.21571386  0.06990593  0.07489079 -0.29712246]
 [ 0.16648116 -0.48203394  0.17958167 -0.28648045  0.31674067]
 [-0.12316331  0.21289802  0.06245561 -0.03958131  0.25403121]
 [ 0.04265241 -0.10720836  0.17792263  0.20622032  0.04496984]
 [-0.17882826 -0.02309664 -0.37502894  0.04227413  0.0321119 ]]
U = [[-0.21850924 -0.05597738  0.09392454 -0.03339099  0.32854924]
 [-0.21502138  0.21952932 -0.24971679  0.27293724  0.16379989]
 [ 0.25706071 -0.09109198  0.00076627  0.24083631  0.32191137]
 [-0.01476812 -0.21886575 -0.07269574  0.05292025  0.21690716]
 [-0.13395111  0.10114548 -0.03694266 -0.03289933 -0.06614812]]
Matrix Pair 46; W = [[-0.39963509 -0.17749993  0.07017016  0.1106204  -0.35253524]
 [ 0.23507262 -0.53224692  0.16192058 -0.21549607  0.29387118]
 [-0.14833207  0.24971546  0.03851685 -0.02086339  0.24509604]
 [ 0.05457264 -0.10399895  0.1274068   0.24315026  0.14010167]
 [-0.22443386 -0.04794236 -0.37930939  0.04997148  0.02998344]]
U = [[-0.15735159 -0.05115871  0.11888521 -0.07762263  0.30551434]
 [-0.23582371  0.26064527 -0.1752361   0.23842756  0.15820775]
 [ 0.22250842 -0.12449245 -0.04746881  0.29902536  0.2872947 ]
 [-0.0451723  -0.13325898 -0.11908915  0.06183688  0.27564534]
 [-0.13831502  0.08847181 -0.07424314 -0.01554643 -0.04399031]]
Matrix Pair 47; W = [[-0.38515047 -0.23770577  0.12895046  0.08984984 -0.32097661]
 [ 0.22618873 -0.4759235   0.18394567 -0.28604505  0.38633312]
 [-0.15654994  0.25825435  0.07883456 -0.07089451  0.26468737]
 [ 0.06840058 -0.11194355  0.09013694  0.14752846  0.06219443]
 [-0.26592124 -0.08939524 -0.30128255  0.09491778  0.05066198]]
U = [[-0.17160327 -0.05366818  0.10174027 -0.01450188  0.26180206]
 [-0.25492043  0.23270565 -0.17291352  0.24350105  0.15943097]
 [ 0.21345041 -0.12029637 -0.05339811  0.26120882  0.35131323]
 [-0.10134949 -0.13306337 -0.14699369 -0.00855792  0.29066004]
 [-0.22378881  0.06278893 -0.04083052  0.0132803  -0.06058963]]
Matrix Pair 48; W = [[ 0.00549857  0.17155581 -0.16066889  0.10721141  0.04355875]
 [-0.15875796  0.03121342 -0.08611471 -0.31085566  0.12212709]
 [-0.05079425 -0.01635568 -0.27433387 -0.07806471  0.06080115]
 [ 0.01714945  0.27821929 -0.00661538 -0.06101415  0.16787048]
 [-0.11738272  0.02845372  0.15551458  0.07007294 -0.24086088]]
U = [[ 0.34304037 -0.25261666 -0.02283508 -0.05429665  0.03878072]
 [-0.17448699 -0.1689437   0.30280759  0.12661184 -0.06993675]
 [ 0.16381756  0.0430255   0.22868269 -0.11230706  0.06308465]
 [ 0.18889045  0.38504383  0.06608013  0.03425884  0.20286552]
 [-0.08766407  0.00922846  0.38554214  0.2234717  -0.22527447]]
Matrix Pair 49; W = [[-0.05317528  0.17319048 -0.16096629  0.18761453  0.08699963]
 [-0.1740534  -0.03296928 -0.05238943 -0.3091229   0.13138743]
 [-0.07098821 -0.00991768 -0.24968402 -0.05705091  0.09190493]
 [-0.01431655  0.26837708 -0.02409715 -0.09348364  0.14221589]
 [-0.15461535  0.07662957  0.10817595  0.0688179  -0.20318903]]
U = [[ 0.3345517  -0.25299424  0.05864403 -0.07537856  0.12391371]
 [-0.1663535  -0.09965213  0.34396144  0.09397203 -0.05247344]
 [ 0.11383949  0.09895358  0.22802857 -0.06314812  0.12030665]
 [ 0.15448939  0.42589201  0.06866193  0.03394549  0.11882068]
 [-0.08433934 -0.03605584  0.42952175  0.18776383 -0.22979562]]
Matrix Pair 50; W = [[-0.00439336  0.21653514 -0.07601545  0.1156985   0.04122575]
 [-0.19534385 -0.03595431 -0.05384739 -0.23407589  0.15566912]
 [-0.01901248 -0.01564152 -0.25375739 -0.12162975  0.14130849]
 [-0.03004806  0.21567149  0.00667095 -0.01708392  0.15679302]
 [-0.09664152  0.10969609  0.07177879  0.13103642 -0.20243629]]
U = [[ 0.30487158 -0.21938477 -0.01820162 -0.1340539   0.1372028 ]
 [-0.19064608 -0.10079683  0.26368386  0.08518648 -0.0411866 ]
 [ 0.08410866  0.09796334  0.30147748 -0.03823426  0.15733363]
 [ 0.17664243  0.37469076  0.09348811  0.05517189  0.20480376]
 [-0.04330155 -0.02057013  0.4084403   0.18483905 -0.18476447]]
Matrix Pair 51; W = [[ 0.02735681  0.21229136 -0.0928752   0.18480933  0.06702375]
 [-0.19603609  0.02975444 -0.00304589 -0.32524287  0.14521116]
 [-0.08205699 -0.04335961 -0.32233128 -0.12158434  0.14161732]
 [ 0.01286726  0.24647473  0.02945898 -0.04840987  0.14212655]
 [-0.14699678  0.05833792  0.07520171  0.08366743 -0.25254727]]
U = [[ 0.25214875 -0.24186437  0.03014748 -0.13061356  0.13297446]
 [-0.22842751 -0.09618416  0.32553873  0.08749047 -0.06229904]
 [ 0.15187487  0.10077279  0.21969389 -0.04875428  0.07205995]
 [ 0.12959102  0.3744221   0.12504061  0.08950201  0.20581968]
 [-0.08189513  0.00718841  0.39007597  0.26557681 -0.19941977]]
Matrix Pair 52; W = [[-0.07028349  0.12739585  0.17115447 -0.03397741 -0.01498786]
 [-0.13227838 -0.14829742 -0.12697686 -0.132266    0.11591883]
 [-0.05878599  0.09972967 -0.26237306 -0.03308353  0.17067444]
 [ 0.0052129  -0.03873399  0.0859199   0.00646218  0.07454053]
 [-0.13459064 -0.07891444 -0.0412675   0.09458529 -0.09817857]]
U = [[ 0.25471962 -0.14924629  0.069863   -0.14698812  0.1419053 ]
 [-0.1319296   0.03936699  0.06706698  0.11497341 -0.01221402]
 [ 0.11518399  0.05627081  0.33609098 -0.16064224  0.23516263]
 [ 0.0388976   0.39795404  0.0333953   0.03816672  0.05837888]
 [-0.16604792  0.02408718  0.33347636  0.26658727 -0.12025808]]
Matrix Pair 53; W = [[-0.11067126  0.1177596   0.12354062  0.0241111  -0.03096691]
 [-0.10610381 -0.17750935 -0.10281191 -0.06990572  0.14134681]
 [-0.08671309  0.04541403 -0.28678888 -0.07818182  0.16083749]
 [-0.08553772  0.03548817  0.15301927 -0.05054025  0.12478303]
 [-0.08958522 -0.13276274 -0.0433192   0.15589062 -0.14283331]]
U = [[ 0.29722462 -0.17052518  0.10871297 -0.15643907  0.21027965]
 [-0.07648857  0.07362204  0.06905901  0.10283957 -0.02274354]
 [ 0.07758792  0.07897663  0.33986684 -0.18089053  0.24164283]
 [ 0.02467788  0.39420038  0.02339883  0.05671421  0.00325074]
 [-0.13972022  0.02897008  0.33479636  0.27688886 -0.18942361]]
Matrix Pair 54; W = [[-0.15946993  0.05871924  0.09552894  0.0221268  -0.02006762]
 [-0.04723318 -0.10332817 -0.09348415 -0.12310507  0.14033879]
 [-0.12547523  0.11478216 -0.25007988 -0.0135501   0.16510801]
 [-0.02678779  0.04287887  0.10758426  0.01495614  0.07424644]
 [-0.12503225 -0.13372465  0.0285396   0.17623485 -0.14155772]]
U = [[ 0.27246671 -0.22337948  0.153489   -0.16875099  0.20633781]
 [-0.12729793  0.10949898  0.11636211  0.14239019 -0.02256197]
 [ 0.07342724  0.10103162  0.341817   -0.1049506   0.16171349]
 [ 0.01565688  0.37814067  0.04812279  0.05902803  0.02666943]
 [-0.16909984  0.02498267  0.38785013  0.25454589 -0.16554918]]
Matrix Pair 55; W = [[-0.12985528  0.08139818  0.08184078  0.03071102 -0.01162721]
 [-0.06571915 -0.13007722 -0.18662375 -0.11947054  0.14159243]
 [-0.04328354  0.11903237 -0.26622437 -0.04241665  0.11176357]
 [-0.02699932  0.01008488  0.10539353 -0.08347843  0.02801563]
 [-0.06687146 -0.08575183  0.01170677  0.14562885 -0.12156085]]
U = [[ 0.22046463 -0.17162107  0.15276813 -0.19456769  0.19208054]
 [-0.0830983   0.04352605  0.097388    0.10272812  0.01819   ]
 [ 0.10385058  0.10068672  0.2625168  -0.08253736  0.24421217]
 [-0.02580703  0.36115429  0.04752674  0.12095964  0.05590096]
 [-0.07076764  0.09124065  0.37424643  0.21180817 -0.19322791]]
Matrix Pair 56; W = [[-0.11534533 -0.01441964  0.253553    0.06070415 -0.06711555]
 [ 0.08853908 -0.36756081 -0.02045737  0.01022468  0.12658774]
 [-0.03875746 -0.00744066 -0.16555284  0.1378245   0.07005845]
 [-0.02084354 -0.35857712 -0.04690872  0.24223896 -0.17159498]
 [ 0.01472837 -0.18957913  0.09920809  0.14356811 -0.06785356]]
U = [[ 0.25027223  0.15161577  0.38692718 -0.19777263  0.27582523]
 [-0.07562377  0.06878656  0.19053254  0.30694483 -0.12344093]
 [ 0.36892636 -0.03094482  0.33659121  0.26019663  0.1949707 ]
 [ 0.09478906  0.14122129  0.04277742 -0.09137941  0.0752521 ]
 [ 0.05054677  0.31638574  0.32939092 -0.0376702   0.00859549]]
Matrix Pair 57; W = [[-0.0669131   0.05108952  0.21581226  0.00322933 -0.06622719]
 [ 0.04720834 -0.365444   -0.01969058  0.05126011  0.13154437]
 [-0.07535148  0.01623444 -0.13060462  0.12129293  0.10465271]
 [-0.11032645 -0.30997782 -0.07113819  0.28574775 -0.25993411]
 [ 0.05042766 -0.20622     0.12807257  0.08131453 -0.05423506]]
U = [[ 0.26567643  0.11443238  0.30792859 -0.15847588  0.21968301]
 [-0.13007213  0.11440337  0.1937582   0.36768846 -0.13741621]
 [ 0.36394627 -0.06268416  0.35494161  0.30713199  0.16578628]
 [ 0.16210035  0.13954927  0.08487671 -0.08819701  0.08788437]
 [ 0.01153611  0.37303554  0.38226948 -0.08328966 -0.02024751]]
Matrix Pair 58; W = [[-0.04692781  0.03229024  0.25792638 -0.00451758  0.00422192]
 [ 0.09692552 -0.40681924 -0.05544361  0.05960286  0.16606648]
 [-0.03599147 -0.0334036  -0.20548465  0.11147236  0.07409289]
 [-0.02459145 -0.2922042  -0.07897752  0.20389119 -0.23003989]
 [-0.00718039 -0.22290826  0.13519216  0.06937992 -0.06918071]]
U = [[ 0.32233536  0.09411508  0.36464521 -0.20789439  0.19094994]
 [-0.0797425   0.06683712  0.17850104  0.34909063 -0.05507166]
 [ 0.39259102 -0.00202107  0.27800482  0.28695761  0.16857097]
 [ 0.15456469  0.13668914  0.06618145 -0.09913059  0.0670044 ]
 [-0.02661843  0.29096733  0.40077291 -0.04653395  0.03426558]]
Matrix Pair 59; W = [[-0.08940601  0.02402076  0.21021841 -0.00517407 -0.08043497]
 [ 0.09432044 -0.3792169  -0.0565767   0.01327762  0.09528148]
 [-0.02611704  0.03118613 -0.1866366   0.11551384  0.05961065]
 [-0.06804416 -0.33920486 -0.07898374  0.26410914 -0.18017459]
 [-0.01179659 -0.14788987  0.12092062  0.07362899 -0.07817842]]
U = [[ 0.31251854  0.10984055  0.33124783 -0.15906551  0.2568943 ]
 [-0.13029725  0.03592745  0.19121771  0.34389392 -0.14641829]
 [ 0.41192015  0.00909739  0.3121328   0.26804702  0.1920694 ]
 [ 0.12743773  0.09300623  0.07944144 -0.1092584   0.11118522]
 [-0.01102996  0.30706515  0.32337073 -0.01500405  0.04545502]]
Matrix Pair 60; W = [[-0.05569337  0.07630839  0.06940704  0.09903921 -0.00773295]
 [ 0.14867879 -0.01096241 -0.11164262 -0.17323905  0.08778571]
 [-0.01008518  0.03644251 -0.07905554 -0.0333236   0.21439612]
 [ 0.04557432  0.032273   -0.0670298   0.16918367  0.03212708]
 [-0.14591129 -0.02992393  0.13087703  0.04081786  0.01032207]]
U = [[ 0.25661009 -0.0067398   0.22734195 -0.08092783  0.05996425]
 [-0.15762345  0.09253923  0.24074714  0.21662392  0.06382084]
 [ 0.29124241  0.07496608  0.06798772  0.15021495 -0.00778164]
 [ 0.07881949  0.20648115  0.06467831 -0.12247199  0.2336142 ]
 [-0.05585401  0.08720995  0.28768943  0.12828375 -0.05451557]]
Matrix Pair 61; W = [[-0.0673623   0.12453102  0.053732    0.1896057   0.02138299]
 [ 0.16275676 -0.05770441 -0.14873475 -0.11738398  0.13448508]
 [ 0.04895603  0.07882963 -0.04715348 -0.12166585  0.25186017]
 [ 0.03480652  0.1049334  -0.02953613  0.22211651  0.01301039]
 [-0.13328231 -0.06581303  0.10496292  0.02294527  0.03750824]]
U = [[ 0.22286424  0.05077092  0.18967619 -0.10058676  0.10079323]
 [-0.15505632  0.04983465  0.22087118  0.27509594  0.08248127]
 [ 0.33477526  0.0516991   0.10256609  0.19487844  0.00969098]
 [ 0.14477298  0.25560218  0.08032719 -0.07964297  0.21827251]
 [-0.13166212  0.09528472  0.29375808  0.1395633   0.01170595]]
Matrix Pair 62; W = [[-0.11393254  0.11475861  0.0170862   0.17506897  0.0133815 ]
 [ 0.15799144 -0.00648582 -0.13233318 -0.10243741  0.15967483]
 [-0.0029536   0.067137    0.00377374 -0.06499833  0.19360417]
 [ 0.0020594   0.09424643 -0.08194476  0.19174749 -0.00804454]
 [-0.16217214 -0.06988833  0.13334797 -0.02236361  0.01045936]]
U = [[ 0.19219842  0.0187043   0.16361993 -0.13921296  0.04568409]
 [-0.10171114  0.02395262  0.29381649  0.25942723  0.05722306]
 [ 0.31346495  0.06361829  0.06686544  0.22344557  0.01986112]
 [ 0.12140877  0.19495621  0.06446172 -0.09940046  0.26853847]
 [-0.06597106  0.07487778  0.2771676   0.08862497 -0.05975935]]
Matrix Pair 63; W = [[-0.04350028  0.0813287   0.09808061  0.14121017  0.06026401]
 [ 0.13104988 -0.01349314 -0.14009009 -0.18941453  0.17404377]
 [ 0.05900796  0.03068495 -0.06265938 -0.04673407  0.2675045 ]
 [ 0.00296309  0.03106521 -0.04130943  0.21918315  0.01366474]
 [-0.16204074 -0.03957001  0.08346198  0.01451977  0.00518076]]
U = [[ 0.21532589 -0.02066294  0.23124686 -0.08544657  0.13024116]
 [-0.15428107  0.07419295  0.28494903  0.26381353  0.05514274]
 [ 0.27028841  0.00501307  0.06665864  0.21444476  0.01241816]
 [ 0.13171332  0.1834672   0.02359743 -0.12944046  0.22227053]
 [-0.1052637   0.14952802  0.28418875  0.14287634 -0.07297752]]
