Epoch: 1Matrix Pair 0; W = [[-0.17975445  0.23834686  0.0456496  -0.83583188  0.40768512]
 [ 0.46875749 -0.14366818  0.52303313  0.71644672 -0.19671651]
 [-0.39936757  0.1827526   0.01091306 -0.00097194  0.3914441 ]
 [-0.15641798  0.52001749  0.02050974  0.35388428  0.76682902]
 [ 0.4523989   0.03033217 -0.51731019 -0.48934473 -0.03819945]]
U = [[-0.16597242  0.89102615  0.17520238  0.67382264 -0.36365844]
 [-0.65739239 -0.08966141 -0.12013138 -0.591597   -0.34473122]
 [-0.1805456  -0.03428192 -0.46770807  0.27231679  0.66502624]
 [-0.08406024  0.41230465  0.20822061  0.63817746 -0.58167864]
 [ 0.69075085  0.18713582  0.0476059   0.15295873 -0.13456472]]
Matrix Pair 1; W = [[-0.12692641  0.20813299 -0.00689122 -0.76829393  0.43083524]
 [ 0.41947103 -0.21222238  0.50939351  0.79468003 -0.13762124]
 [-0.3593101   0.10411257  0.00656705  0.00125227  0.42383726]
 [-0.17747538  0.53619062 -0.03656399  0.39411155  0.81105654]
 [ 0.40061918  0.00417885 -0.60154079 -0.50057172 -0.08340833]]
U = [[-0.07773308  0.8764846   0.16153338  0.64219279 -0.39951678]
 [-0.66945323 -0.08574693 -0.14049881 -0.49905252 -0.36769089]
 [-0.14097384 -0.03668748 -0.43945831  0.26947365  0.62995789]
 [-0.04876161  0.41380999  0.19123745  0.66917894 -0.61110846]
 [ 0.73410874  0.18560373  0.00621692  0.14778978 -0.11994443]]
Matrix Pair 2; W = [[-0.1751984   0.25733143  0.08668447 -0.84069777  0.41891197]
 [ 0.47542012 -0.15132709  0.49825028  0.76838656 -0.12801061]
 [-0.35727205  0.14769733 -0.00903795  0.06922863  0.40122528]
 [-0.1306178   0.52416234  0.02725054  0.32639186  0.84642361]
 [ 0.4044313   0.00807078 -0.58277389 -0.48526271 -0.07458297]]
U = [[-0.17162785  0.86379809  0.14847134  0.63424559 -0.38441608]
 [-0.71558597 -0.06073925 -0.1776954  -0.56799863 -0.41593411]
 [-0.20047477 -0.02760805 -0.48431958  0.26957421  0.70719167]
 [-0.00242468  0.47490885  0.16331556  0.58445911 -0.60659613]
 [ 0.70498412  0.12803388  0.07190078  0.06348256 -0.09153079]]
Matrix Pair 3; W = [[-0.14633285  0.19351275  0.01049375 -0.77246361  0.46449999]
 [ 0.44031455 -0.16469143  0.45134679  0.75243365 -0.14491745]
 [-0.41193975  0.12264055 -0.03582127  0.06273312  0.47941789]
 [-0.1446656   0.49157386 -0.0249587   0.36416645  0.82856367]
 [ 0.42995015 -0.00287995 -0.53789778 -0.42531893 -0.12525497]]
U = [[-0.15043525  0.87069042  0.12965193  0.66849617 -0.377414  ]
 [-0.74340719 -0.02113861 -0.15542299 -0.53185592 -0.37001952]
 [-0.11956666 -0.06534738 -0.438673    0.31667935  0.65083197]
 [-0.01100262  0.42646199  0.2061541   0.61867472 -0.58686534]
 [ 0.72261998  0.09741572  0.05619678  0.09413563 -0.16366891]]
Matrix Pair 4; W = [[-0.3763426   0.43011642 -0.26451702  0.06478976  0.16496767]
 [-0.89000144 -0.03795381  0.05347167 -0.66546995 -0.09725532]
 [-0.48774919 -0.25199037 -0.66463795  0.13825665 -0.0326369 ]
 [ 0.32479861  0.34180417  0.06683496 -0.13234681  0.20425578]
 [-0.11962477  0.27340368  0.00561511  0.12720591 -0.54216737]]
U = [[ 0.50366868 -0.56215349 -0.06388074 -0.01765526  0.38362241]
 [-0.42540588 -0.51348323  0.21724749  0.40275697 -0.17239979]
 [-0.0348816   0.28139895  0.52186196 -0.23556484  0.48632083]
 [ 0.14097999  0.45162366 -0.15035864  0.06260415 -0.29921188]
 [ 0.20775963 -0.09633932  0.17262887  0.0289671  -0.31144425]]
Matrix Pair 5; W = [[-0.37133388  0.35238882 -0.26302129  0.08390889  0.11789146]
 [-0.86396074 -0.10244532  0.00592018 -0.69804511 -0.02424035]
 [-0.47710281 -0.31874081 -0.65954449  0.2041845   0.00146952]
 [ 0.32626085  0.38876946  0.0750565  -0.08190517  0.16275054]
 [-0.03914206  0.31660391  0.02907708  0.18762362 -0.53416453]]
U = [[ 0.50071619 -0.59055612 -0.08755505 -0.0046236   0.3353061 ]
 [-0.41888115 -0.52017016  0.1884836   0.40711654 -0.17593068]
 [-0.04726775  0.28578939  0.50958835 -0.28852588  0.3991863 ]
 [ 0.17066402  0.48868437 -0.20712081  0.03059568 -0.23254562]
 [ 0.27718723 -0.10960911  0.23897662  0.04802897 -0.26483567]]
Matrix Pair 6; W = [[-0.37128419  0.40228412 -0.29780711  0.07268682  0.12282939]
 [-0.80345813 -0.08943113  0.02244433 -0.68434911 -0.01985731]
 [-0.49806333 -0.25123227 -0.67051714  0.16825084 -0.03652549]
 [ 0.38008564  0.40106167  0.10142636 -0.09672913  0.20074491]
 [-0.08968603  0.26715861 -0.03649543  0.19257059 -0.52828412]]
U = [[ 0.53183848 -0.5326966  -0.03886505  0.02627243  0.38511672]
 [-0.5018495  -0.51553574  0.2266399   0.4640122  -0.18477924]
 [ 0.03020732  0.24524003  0.55113099 -0.27181575  0.46504215]
 [ 0.10455713  0.45072778 -0.13544482  0.0614059  -0.24307819]
 [ 0.22547454 -0.10500839  0.19114082  0.08813704 -0.31342866]]
Matrix Pair 7; W = [[-0.35768735  0.34596923 -0.25900068  0.01465868  0.09449037]
 [-0.82167145 -0.05699093  0.03245868 -0.72862846 -0.04218421]
 [-0.46117457 -0.29621758 -0.60576867  0.15445989  0.05571412]
 [ 0.35947339  0.36172023  0.09806841 -0.11434267  0.18128853]
 [-0.08225626  0.25335902 -0.01621903  0.21197075 -0.53306325]]
U = [[ 0.60025266 -0.58400038 -0.04456193  0.03836364  0.40771562]
 [-0.46020039 -0.55739083  0.19868227  0.4277132  -0.13443806]
 [-0.01002087  0.21046516  0.55779588 -0.30151253  0.42800211]
 [ 0.14649056  0.506645   -0.12558658  0.05694892 -0.26920809]
 [ 0.21135579 -0.17112802  0.20976319  0.10447986 -0.27833314]]
Matrix Pair 8; W = [[-0.23113515  0.14922139  0.25918173 -0.2078329   0.04562787]
 [ 0.20569302  0.41175581  0.0307559   0.04354913  0.17559661]
 [-0.45500659  0.14030601 -0.0506841   0.45485429  0.38820344]
 [-0.70790071  0.18578477 -0.11130154 -0.15690309  0.56271409]
 [-0.27921459 -0.42758789 -0.06813966 -0.19379218 -0.41735628]]
U = [[-0.30820509  0.28676376 -0.22018852 -0.05645872 -0.12676071]
 [ 0.56941936 -0.15783082 -0.01482593  0.21887307 -0.23863577]
 [-0.12098627 -0.6793306   0.02730602  0.27899903  0.07140537]
 [-0.43168219  0.09440478  0.15239787  0.28713243 -0.10137308]
 [ 0.44672975 -0.31472018 -0.12799482  0.29497506 -0.30818636]]
Matrix Pair 9; W = [[-0.23631405  0.09699508  0.24073376 -0.19797088  0.02119014]
 [ 0.27821532  0.45880772 -0.03001601  0.02732873  0.18595893]
 [-0.51337743  0.19746165 -0.06986118  0.4568171   0.37180407]
 [-0.74935352  0.24799065 -0.14637258 -0.20951706  0.50031003]
 [-0.30008702 -0.40734797 -0.09402634 -0.20493367 -0.41350353]]
U = [[-0.2834744   0.31500299 -0.25445364  0.00563604 -0.13852685]
 [ 0.5726357  -0.17297063 -0.02056499  0.2250259  -0.24214222]
 [-0.07869261 -0.6044072  -0.03654067  0.29243428  0.02689148]
 [-0.38603839  0.08701681  0.16827265  0.22233677 -0.14029856]
 [ 0.44996936 -0.37883296 -0.06410284  0.3063044  -0.32246507]]
Matrix Pair 10; W = [[-0.27720399  0.10132723  0.32706043 -0.21968568  0.01742076]
 [ 0.28761934  0.40364421 -0.00374096  0.04003525  0.14038181]
 [-0.44753449  0.15308733  0.00540822  0.50042462  0.34008144]
 [-0.77342502  0.20557454 -0.12182838 -0.18599942  0.55362912]
 [-0.33219851 -0.37648075 -0.09462177 -0.19807495 -0.42088539]]
U = [[-0.26100037  0.3297931  -0.22063352  0.02442635 -0.07362218]
 [ 0.57096987 -0.13982216 -0.0171182   0.23569259 -0.26670789]
 [-0.10199522 -0.67890544  0.004849    0.34621359  0.00989331]
 [-0.38836332  0.04292955  0.18690873  0.29364837 -0.11831428]
 [ 0.47183334 -0.38419086 -0.13758679  0.2926365  -0.31263299]]
Matrix Pair 11; W = [[-0.30282098  0.11867049  0.24088936 -0.18419941  0.01635335]
 [ 0.20806993  0.38160745 -0.03436745  0.0242048   0.19926705]
 [-0.4829755   0.11033442  0.01307515  0.44816898  0.41447806]
 [-0.72711965  0.17350938 -0.11743602 -0.21332914  0.53032094]
 [-0.29366046 -0.41162218 -0.11071681 -0.23172518 -0.42015736]]
U = [[-0.25355869  0.27036333 -0.20165701 -0.03214596 -0.10893356]
 [ 0.57212105 -0.15906993 -0.01689941  0.16901135 -0.20518087]
 [-0.13892431 -0.65367528 -0.05646559  0.3595162   0.00538374]
 [-0.40099318  0.02113151  0.19265632  0.29416531 -0.10932659]
 [ 0.49968077 -0.35163598 -0.05997811  0.29267266 -0.25961246]]
Matrix Pair 12; W = [[-0.65556186 -0.44805399  0.02671275  0.41061362 -0.56438134]
 [ 0.5836764  -0.80663705  0.33564238 -0.47871287  0.6267784 ]
 [-0.07014935  0.44050301  0.65918683 -0.56177905  0.5783501 ]
 [ 0.44821954  0.15959273  0.2826357   0.49523905  0.4682302 ]
 [-0.33074226  0.4435607  -0.771748    0.18397607  0.47890486]]
U = [[-0.49644362 -0.32487494 -0.33501499  0.06774462  0.3238389 ]
 [-0.33801907  0.447845   -0.82089813  0.19807681  0.3926301 ]
 [-0.05183493  0.03788766 -0.56035484  0.43083814  0.61701811]
 [-0.2020254  -0.59625427 -0.45939896  0.12645165  0.43542213]
 [-0.57245585 -0.2290157  -0.41291971 -0.29886147 -0.01369003]]
Matrix Pair 13; W = [[-0.67894943 -0.40300976 -0.02797171  0.3843882  -0.59177318]
 [ 0.55681297 -0.80282573  0.31251436 -0.44649859  0.69429086]
 [-0.08735488  0.41720473  0.68077285 -0.57083037  0.64031791]
 [ 0.41828394  0.16933605  0.26502638  0.5058226   0.51628706]
 [-0.28271496  0.45299969 -0.82183404  0.19659815  0.56704237]]
U = [[-0.55814419 -0.29712128 -0.26435669  0.00799388  0.28294586]
 [-0.32950293  0.4850296  -0.73999422  0.2061422   0.40539194]
 [ 0.00420517  0.07079775 -0.55970805  0.40865281  0.53851815]
 [-0.17911865 -0.53623611 -0.47672146  0.16268158  0.35660742]
 [-0.55604211 -0.1573301  -0.42508735 -0.3385533  -0.0114063 ]]
Matrix Pair 14; W = [[-0.69397893 -0.4577707  -0.02852539  0.43202642 -0.56426651]
 [ 0.60678758 -0.76646264  0.32238356 -0.43666229  0.65853483]
 [-0.05817998  0.45535724  0.6279128  -0.58428419  0.6077667 ]
 [ 0.38419925  0.12597225  0.28263696  0.55583806  0.46353116]
 [-0.29055694  0.43054512 -0.84928076  0.20909358  0.5336024 ]]
U = [[-0.51977716 -0.31087248 -0.32819575  0.03202748  0.34574391]
 [-0.34782259  0.43962824 -0.79037603  0.22200244  0.35103066]
 [ 0.01949223  0.06781952 -0.51180361  0.44463459  0.52514672]
 [-0.20542701 -0.58322934 -0.49150112  0.12896944  0.36504894]
 [-0.53470563 -0.15376991 -0.39882279 -0.27037444 -0.06084025]]
Matrix Pair 15; W = [[-0.70512088 -0.42589001 -0.02468843  0.41156257 -0.56050424]
 [ 0.56227353 -0.76237342  0.35208308 -0.43082014  0.6257463 ]
 [-0.00161276  0.41920816  0.62770556 -0.54179126  0.6086477 ]
 [ 0.44462495  0.1217413   0.28087587  0.47331779  0.47156469]
 [-0.30034314  0.37432431 -0.77006715  0.27891505  0.56232192]]
U = [[-0.55203369 -0.30462252 -0.31066204  0.04359691  0.25687576]
 [-0.27457018  0.47353574 -0.78920717  0.26227798  0.40135006]
 [ 0.03490503  0.05140179 -0.53075895  0.48176559  0.600969  ]
 [-0.21999586 -0.61864916 -0.43120853  0.16960983  0.365743  ]
 [-0.50960866 -0.20848013 -0.42557825 -0.27936761  0.0100643 ]]
Matrix Pair 16; W = [[ 0.12820548  0.27428265  0.61243011  0.02530809  0.32251034]
 [-0.35086633 -0.29345957 -0.22440294  0.38805262 -0.2147791 ]
 [ 0.11583001 -0.24726294  0.21799377  0.24603542  0.51263531]
 [ 0.48598945 -0.12241402  0.12022609  0.09358529 -0.26102409]
 [ 0.19594985 -0.08264018  0.33651375  0.26017889  0.19293267]]
U = [[ 0.36602459  0.28871946  0.36027263 -0.27963529  0.10872135]
 [ 0.08875862 -0.2949511   0.10773516  0.41990574  0.29541428]
 [ 0.316233   -0.07032663 -0.08754735  0.23940976  0.42525497]
 [ 0.27935898  0.39557797  0.01588427 -0.44875599 -0.41083288]
 [-0.09133904  0.19470839  0.63610348 -0.26703435  0.33535817]]
Matrix Pair 17; W = [[ 0.07293445  0.31436509  0.64051991  0.02034177  0.38946795]
 [-0.38166595 -0.31106668 -0.17979067  0.34207806 -0.24329217]
 [ 0.13830738 -0.18293691  0.20194876  0.21712814  0.48501753]
 [ 0.52903986 -0.16467774  0.1476407   0.05721828 -0.2211769 ]
 [ 0.16607195 -0.15758902  0.30963853  0.30335284  0.15542445]]
U = [[ 0.39538252  0.2680331   0.43763269 -0.28243198  0.05445809]
 [ 0.03927047 -0.26151995  0.12120392  0.38949116  0.19793031]
 [ 0.31288797 -0.09130169 -0.07728247  0.20629778  0.41892109]
 [ 0.23049776  0.43472727  0.02597406 -0.36234489 -0.33056636]
 [-0.05368511  0.25981665  0.59357753 -0.32498279  0.35447159]]
Matrix Pair 18; W = [[ 0.12578078  0.23909621  0.6640899   0.06100721  0.3905141 ]
 [-0.3811275  -0.30723012 -0.21302148  0.36823484 -0.17158796]
 [ 0.10208127 -0.1666058   0.27720491  0.18209357  0.56672041]
 [ 0.48961197 -0.15338701  0.14505457  0.02947799 -0.23773935]
 [ 0.16485221 -0.11651615  0.32490262  0.33103557  0.22710886]]
U = [[ 0.36307034  0.2550821   0.43101098 -0.29257105  0.07652808]
 [ 0.08977901 -0.24184677  0.08611073  0.37140896  0.27164305]
 [ 0.3786684  -0.12740865 -0.04329992  0.24783896  0.42612154]
 [ 0.21530542  0.40788583  0.02451769 -0.44049546 -0.37507035]
 [-0.09324143  0.2865786   0.59474799 -0.29278251  0.39386308]]
Matrix Pair 19; W = [[ 0.08282783  0.28626476  0.67636715  0.09490715  0.32509785]
 [-0.41272141 -0.31098944 -0.2284031   0.37908337 -0.25243871]
 [ 0.13825312 -0.22825056  0.2229941   0.22212185  0.52231872]
 [ 0.50436457 -0.15068751  0.20719995  0.09096113 -0.21151437]
 [ 0.21042905 -0.14910389  0.34155177  0.30605662  0.22202924]]
U = [[ 0.44658858  0.28338957  0.39739911 -0.2444145   0.04091452]
 [ 0.00144565 -0.28773427  0.11291432  0.35986575  0.26401211]
 [ 0.34165627 -0.12260292 -0.03552003  0.24230622  0.45920377]
 [ 0.29483848  0.40595811  0.07640014 -0.44292064 -0.33568486]
 [-0.06449104  0.22839067  0.61853389 -0.28221269  0.33536613]]
Matrix Pair 20; W = [[-0.47009256 -0.02154605  0.12240339 -0.18916918  0.0803898 ]
 [ 0.18882266 -0.02513341 -0.17192872 -0.01894361 -0.21727552]
 [-0.09645071  0.50455634 -0.13424967  0.12280689  0.29656927]
 [-0.63941993 -0.14343546  0.16374402 -0.23206438  0.14201375]
 [-0.4954017  -0.42203526 -0.13564616 -0.15293322 -0.44759917]]
U = [[-0.46683419  0.45163154  0.50421756 -0.03520794 -0.04192168]
 [ 0.31385594  0.28386613  0.00419939  0.33812856  0.30511327]
 [ 0.37004235 -0.34879339  0.30996033 -0.09838521  0.34363344]
 [-0.44259249  0.00882776  0.18217515  0.28685266  0.01434306]
 [ 0.30767315  0.42063113 -0.29096841  0.29361217  0.16413399]]
Matrix Pair 21; W = [[-0.46358814 -0.01328391  0.16393291 -0.14994923  0.01338922]
 [ 0.20649707  0.02343643 -0.17386136 -0.07793211 -0.16753557]
 [-0.09167749  0.48581473 -0.17230242  0.07742673  0.35197768]
 [-0.58718665 -0.17688649  0.16539411 -0.22712663  0.20574099]
 [-0.43979717 -0.41079629 -0.16727646 -0.16436948 -0.4913146 ]]
U = [[-0.48203424  0.42014043  0.4963111  -0.06925044 -0.05250082]
 [ 0.39204479  0.23237972  0.04677789  0.26614125  0.30345105]
 [ 0.3175682  -0.36191682  0.28042034 -0.03725328  0.28103512]
 [-0.41639325  0.01479721  0.27724042  0.27134949 -0.00794658]
 [ 0.22894197  0.39395339 -0.3531604   0.38531046  0.1533635 ]]
Matrix Pair 22; W = [[-0.4103342   0.00581901  0.11697281 -0.18670797  0.02065815]
 [ 0.20835905 -0.00108245 -0.11682323 -0.01682559 -0.18041759]
 [-0.09613016  0.48662501 -0.16806318  0.13161482  0.34136449]
 [-0.65529933 -0.17074887  0.14190312 -0.25626043  0.19806066]
 [-0.48597003 -0.44826109 -0.18596753 -0.11228697 -0.475276  ]]
U = [[-0.38763118  0.47125066  0.49049459 -0.0276104  -0.00339051]
 [ 0.34617107  0.26095135  0.02902036  0.29316481  0.35256565]
 [ 0.32521485 -0.4196996   0.28913252 -0.09228353  0.28171245]
 [-0.47784879 -0.02415667  0.1819454   0.28858761  0.04103612]
 [ 0.31418462  0.37393929 -0.28656584  0.30225766  0.1320266 ]]
Matrix Pair 23; W = [[-0.42235109 -0.01265271  0.15432702 -0.21677096  0.00194379]
 [ 0.200394   -0.00540453 -0.13960156 -0.04700688 -0.14768969]
 [-0.03788643  0.47250143 -0.1214731   0.09518411  0.34595241]
 [-0.58620419 -0.21046772  0.1293469  -0.31219527  0.15343389]
 [-0.4462912  -0.37098202 -0.15705833 -0.10721217 -0.44978831]]
U = [[-0.43826027  0.46006867  0.51315464 -0.01351257 -0.05468756]
 [ 0.39107957  0.25510488  0.01484496  0.34253551  0.29634672]
 [ 0.31961107 -0.41323284  0.36228338 -0.09102863  0.26199873]
 [-0.39425337 -0.01870255  0.21328393  0.34191221 -0.01616855]
 [ 0.22780468  0.38510682 -0.31358949  0.38873826  0.14657013]]
Matrix Pair 24; W = [[-0.00090012  0.25640662  0.00925342  0.15419035  0.11519609]
 [ 0.08083987  0.0254468  -0.55397548 -0.31408608 -0.04568731]
 [-0.16442749 -0.24790576  0.12139509  0.4865017   0.29939821]
 [ 0.29471411 -0.26608679 -0.07512898  0.29236602 -0.25323744]
 [-0.05479607  0.09528628  0.35110947 -0.16784582  0.05354654]]
U = [[ 0.57534394  0.07758867  0.43179667  0.13321551  0.38928168]
 [-0.70494517 -0.22603922  0.56566668  0.44679292  0.35633164]
 [ 0.63996239  0.01883806 -0.11892581  0.57397779 -0.40382884]
 [ 0.39264954  0.36324523 -0.00792153 -0.43166686  0.230917  ]
 [-0.38597234 -0.04922672  0.55045665  0.29225104  0.10709569]]
Matrix Pair 25; W = [[-0.0293707   0.28554867  0.03465192  0.17179124  0.1442231 ]
 [ 0.11079005  0.05371537 -0.59777186 -0.26563103 -0.00079046]
 [-0.09624125 -0.33253961  0.13545992  0.44126351  0.27519239]
 [ 0.30256819 -0.24338478 -0.07888925  0.25261189 -0.24735302]
 [-0.01336132  0.1209984   0.35427307 -0.14599909  0.05562487]]
U = [[ 0.57102949  0.09442436  0.39048797  0.19427271  0.34276291]
 [-0.74498787 -0.28975622  0.58696501  0.41249395  0.40034346]
 [ 0.56902595  0.02562168 -0.11283637  0.48278238 -0.44068348]
 [ 0.4593382   0.36032567 -0.01028568 -0.39777593  0.20084298]
 [-0.37766727  0.02348144  0.5047108   0.26493015  0.08470183]]
Matrix Pair 26; W = [[-0.00721276  0.27934894 -0.01967394  0.22302729  0.15643712]
 [ 0.09017059  0.01751196 -0.60279739 -0.24617953 -0.08847248]
 [-0.13309252 -0.31206797  0.13472852  0.51488441  0.31096993]
 [ 0.37626315 -0.26692661 -0.10694275  0.23160141 -0.18369337]
 [-0.06087064  0.07716087  0.36085161 -0.13982294  0.06747932]]
U = [[ 0.51051979  0.07739143  0.4263277   0.20351615  0.43302943]
 [-0.69352604 -0.27536041  0.56942881  0.37431829  0.37397406]
 [ 0.59785646 -0.0133404  -0.16243922  0.53577727 -0.42924115]
 [ 0.41901905  0.36943025  0.00126039 -0.37876039  0.1944153 ]
 [-0.40012327 -0.01540151  0.49159503  0.24525818  0.12234684]]
Matrix Pair 27; W = [[-0.0330465   0.26825912  0.0128681   0.18809043  0.12429844]
 [ 0.05998923  0.07240884 -0.58221001 -0.2778412  -0.03410372]
 [-0.14548609 -0.2835849   0.15738496  0.47323477  0.30192587]
 [ 0.34970042 -0.2363392  -0.11751311  0.25380554 -0.22259724]
 [-0.00758229  0.05553406  0.29414218 -0.19098597  0.05753963]]
U = [[ 5.26891419e-01  9.35098081e-02  3.89645047e-01  1.30833752e-01
   4.33814026e-01]
 [-7.32853801e-01 -2.33783103e-01  5.62604166e-01  3.53859348e-01
   3.44220716e-01]
 [ 6.05431284e-01  9.87168863e-03 -9.93636563e-02  5.72445544e-01
  -3.65825711e-01]
 [ 4.35105721e-01  3.16273452e-01  2.55381686e-02 -3.82340711e-01
   2.43349774e-01]
 [-4.16684970e-01 -4.61315271e-04  5.25573504e-01  2.48106898e-01
   1.51307102e-01]]
Matrix Pair 28; W = [[ 0.1803627   0.26106135  0.66788741 -0.13080448  0.02970349]
 [ 0.1246423   0.56545877 -0.23269508  0.33011009  0.35161282]
 [ 0.6123956   0.63540954 -0.21428057 -1.0073745   0.52619864]
 [ 0.06203072  0.42116982  0.5934707  -0.73224544  0.49214285]
 [-0.2644592  -0.33848339 -0.05775962  0.16115547 -0.12172081]]
U = [[-0.25628954 -0.60639223  0.01290857 -0.12355673 -0.08049221]
 [ 0.17381276  0.35267924  0.2634552  -0.25699768  0.34845703]
 [-0.2375861   0.28059604  0.11700961 -0.80145598 -0.10536238]
 [-0.22696362  0.88967301  0.5219489   0.30746342  0.31135779]
 [-0.74061037 -0.19403103  0.73149181  0.67928586 -0.14866645]]
Matrix Pair 29; W = [[ 0.2512744   0.19189941  0.6601479  -0.06649404  0.02245388]
 [ 0.20115957  0.59987406 -0.29390355  0.37068642  0.3941096 ]
 [ 0.60384916  0.65998022 -0.24269295 -0.9092156   0.50733998]
 [ 0.10456922  0.43806981  0.59831898 -0.68156329  0.5074827 ]
 [-0.32316101 -0.37174062 -0.08729888  0.11514362 -0.10841338]]
U = [[-0.30304193 -0.62685675  0.04317095 -0.10848358 -0.13225213]
 [ 0.11240299  0.32487267  0.21952938 -0.16193622  0.38011152]
 [-0.23464374  0.34624542  0.13175975 -0.75480754 -0.13293214]
 [-0.237183    0.82821253  0.51244712  0.38338222  0.38987342]
 [-0.66791737 -0.22319267  0.72385833  0.6637106  -0.15596792]]
Matrix Pair 30; W = [[ 0.18998922  0.19480497  0.66846456 -0.04549611  0.04509419]
 [ 0.21560938  0.63040885 -0.22761892  0.38581264  0.35147723]
 [ 0.65217494  0.64492113 -0.1805022  -0.93517183  0.46397346]
 [ 0.09855935  0.44135411  0.55983886 -0.7242947   0.51568282]
 [-0.30041536 -0.32113902 -0.07114525  0.15582671 -0.08559458]]
U = [[-0.31245768 -0.55459032 -0.00248681 -0.12335476 -0.11111494]
 [ 0.18024792  0.32728674  0.20368724 -0.21365982  0.31900899]
 [-0.25860284  0.36669098  0.10629964 -0.73290561 -0.12417894]
 [-0.24582417  0.88564148  0.49181926  0.38543572  0.37943016]
 [-0.74391571 -0.19657041  0.70628467  0.69991471 -0.14822583]]
Matrix Pair 31; W = [[ 0.19593276  0.28632541  0.6474059  -0.05682503  0.00526551]
 [ 0.18543031  0.57206512 -0.29461182  0.35256308  0.31889367]
 [ 0.63442521  0.66682143 -0.2738412  -0.93870724  0.48790821]
 [ 0.08087957  0.39140946  0.65129622 -0.70300091  0.49047375]
 [-0.30099574 -0.32502521 -0.09759822  0.16899686 -0.13132268]]
U = [[-0.26275408 -0.58133513  0.06159582 -0.06471387 -0.06560192]
 [ 0.1754185   0.35313937  0.23675103 -0.18292809  0.36818388]
 [-0.20971743  0.31632299  0.0346748  -0.78053383 -0.0504586 ]
 [-0.26325486  0.88792743  0.56077523  0.36420579  0.30526085]
 [-0.66363578 -0.26718409  0.65006911  0.68771173 -0.0957246 ]]
Matrix Pair 32; W = [[ 5.81036855e-01 -5.18290381e-02  3.09936892e-01  2.32478886e-01
   1.73488207e-01]
 [ 6.50492026e-02  9.99815744e-02 -3.49571704e-01  1.55564770e-04
   2.40784654e-01]
 [ 1.93057441e-01  3.41312392e-01  2.07657797e-03 -3.61600738e-01
   3.36498516e-01]
 [ 8.51164702e-02  8.05101161e-02  4.73763337e-01 -5.83993058e-01
   4.27967010e-01]
 [ 1.83289546e-01 -1.75495798e-01  1.42785692e-01  1.66518342e-01
   3.27171122e-01]]
U = [[ 0.15534717 -0.42693938 -0.0512293  -0.05764168  0.0187797 ]
 [-0.08921742  0.11038845  0.02902182 -0.45170087  0.35322017]
 [ 0.04300621 -0.19517317 -0.0818008  -0.72355966  0.11878392]
 [-0.31984219  0.71805496  0.14823595  0.33000516 -0.03758985]
 [-0.64745694 -0.11892285  0.62352776  0.81264914 -0.16920718]]
Matrix Pair 33; W = [[ 0.53382168 -0.07058629  0.24483943  0.2423602   0.17573019]
 [ 0.11390105  0.09003611 -0.36413565 -0.0119089   0.24501687]
 [ 0.17318385  0.29786157 -0.05671961 -0.26989593  0.26960308]
 [ 0.0842509   0.09126824  0.50761905 -0.56866127  0.41261077]
 [ 0.26993226 -0.19798533  0.09225907  0.08781222  0.32678137]]
U = [[ 0.13040443 -0.37504719 -0.09582377  0.0050597  -0.00795643]
 [-0.09457026  0.04423686  0.02955403 -0.45105045  0.36469632]
 [ 0.03714641 -0.11315529 -0.1065278  -0.737582    0.13171578]
 [-0.35558697  0.68678756  0.0598975   0.35357522 -0.06545384]
 [-0.59892045 -0.17145158  0.63609683  0.78507705 -0.20121132]]
Matrix Pair 34; W = [[ 0.49935773 -0.10142572  0.31876144  0.26486581  0.11803458]
 [ 0.11292326  0.08077285 -0.40572631  0.05058594  0.25732172]
 [ 0.21701771  0.35067915 -0.0006415  -0.29441289  0.27860392]
 [ 0.022463    0.00808878  0.42819423 -0.5550131   0.39704567]
 [ 0.27937584 -0.14101142  0.15139804  0.17560533  0.28029214]]
U = [[ 0.17292453 -0.35915263 -0.06791486 -0.02234084  0.03358326]
 [-0.05381467  0.03424181  0.02115294 -0.40799489  0.36937181]
 [ 0.06648668 -0.1084314  -0.03536674 -0.69524129  0.15097792]
 [-0.28826906  0.67947045  0.12543195  0.37096161 -0.12185967]
 [-0.62462215 -0.16268505  0.62155857  0.81357262 -0.18513869]]
Matrix Pair 35; W = [[ 0.5275151  -0.07323933  0.2846185   0.22986058  0.17419954]
 [ 0.10311317  0.12753319 -0.39231147  0.05197675  0.19215264]
 [ 0.18788866  0.33792526 -0.04446763 -0.34054937  0.25280888]
 [ 0.09531368  0.04538388  0.51106858 -0.57511829  0.39695205]
 [ 0.24453084 -0.12550902  0.06015407  0.11468903  0.27448996]]
U = [[ 0.11878365 -0.34075581 -0.08157019 -0.0397636  -0.02361335]
 [-0.01731217  0.07633128  0.09122717 -0.38945522  0.39004394]
 [ 0.02667841 -0.17949186 -0.1072239  -0.71272584  0.11014125]
 [-0.26802315  0.64309702  0.11361247  0.30223123 -0.11519536]
 [-0.6191501  -0.13898645  0.63725625  0.79472386 -0.13429087]]
Matrix Pair 36; W = [[ 0.13761396 -0.12610692  0.21929836 -0.20821485 -0.02112596]
 [-0.4403255  -0.30319351 -0.16814441 -0.25844587 -0.39135639]
 [-0.06996859 -0.24928228 -0.25760235  0.48773106  0.21852591]
 [ 0.72207594 -0.08730374 -0.09177324 -0.10195911 -0.14507754]
 [ 0.36488461  0.31081897  0.08475048  0.58094169 -0.39939742]]
U = [[ 0.59473197 -0.3578492   0.44273019 -0.049306    0.5574571 ]
 [-0.67614284 -0.55010956  0.47683422  0.5167643  -0.30581276]
 [ 0.33413     0.01528963  0.22031582  0.30087104  0.2343575 ]
 [ 0.0648363   0.30025425  0.14523753 -0.58103874  0.1168259 ]
 [-0.10978685  0.06316142  0.14534279 -0.05944897 -0.09412237]]
Matrix Pair 37; W = [[ 0.16583528 -0.15251864  0.23200078 -0.24900296 -0.03534564]
 [-0.37450218 -0.25818552 -0.2159208  -0.27019319 -0.43160342]
 [-0.04882949 -0.29483699 -0.23191118  0.49955752  0.22913599]
 [ 0.67639298 -0.08660718 -0.09876514 -0.11599701 -0.05524979]
 [ 0.30617932  0.32695986  0.03214106  0.5941316  -0.41641258]]
U = [[ 0.61986054 -0.4372687   0.43771106 -0.10032766  0.55628059]
 [-0.69147144 -0.51591414  0.43866243  0.47121052 -0.30401799]
 [ 0.41214935  0.04789706  0.27794742  0.31527733  0.21098105]
 [ 0.08681291  0.30047697  0.15531828 -0.54386262  0.18078867]
 [-0.14187122  0.08273233  0.23100489 -0.03927301 -0.10379052]]
Matrix Pair 38; W = [[ 0.07326466 -0.13786127  0.23489348 -0.23918012 -0.03972697]
 [-0.42924576 -0.28561966 -0.13783091 -0.2743044  -0.41533777]
 [-0.09477909 -0.22388061 -0.21928721  0.51269814  0.25739606]
 [ 0.64597415 -0.0246764  -0.08184332 -0.08756859 -0.10518958]
 [ 0.29744507  0.29822132  0.07744709  0.57606717 -0.39405507]]
U = [[ 0.53540538 -0.35530066  0.3817125  -0.08547912  0.54330713]
 [-0.73177929 -0.56032214  0.47788283  0.51645208 -0.29506017]
 [ 0.3486273   0.06884128  0.22635135  0.30043027  0.16559465]
 [ 0.03854518  0.27502145  0.15527859 -0.54711397  0.17983368]
 [-0.15508102  0.09048231  0.2054587  -0.05232778 -0.12380958]]
Matrix Pair 39; W = [[ 0.11050983 -0.15904471  0.22353784 -0.16990977 -0.01570797]
 [-0.36296545 -0.35329328 -0.19715928 -0.26805358 -0.40651122]
 [-0.05484118 -0.29213252 -0.28282531  0.46935559  0.24340117]
 [ 0.63127822 -0.06062953 -0.09122071 -0.06609062 -0.14648479]
 [ 0.33622641  0.27318891  0.09889044  0.56541018 -0.39575188]]
U = [[ 0.57074027 -0.40334409  0.38773205 -0.07873435  0.53166124]
 [-0.7112923  -0.51320656  0.45508077  0.54514826 -0.27540104]
 [ 0.34958315 -0.00283498  0.2765978   0.32655125  0.14837055]
 [ 0.01410419  0.31783748  0.14558498 -0.53888784  0.18369457]
 [-0.0923672   0.05773737  0.20537415 -0.025704   -0.08264253]]
Matrix Pair 40; W = [[-0.41394845 -0.25459801  0.23598155 -0.02977148 -0.39794293]
 [ 0.21909362 -0.50307487  0.24055862 -0.0593186   0.33521166]
 [-0.21075895  0.41649856 -0.53519119 -0.01723352 -0.29355672]
 [-0.45693108 -0.51326608  0.16559421  0.36111628 -0.43080657]
 [-0.14138495 -0.77979533  0.02209194 -0.08201301 -0.22672976]]
U = [[ 0.03056127  0.17611433  0.59394449 -0.04584385  0.41656327]
 [-0.09950714  0.49149102 -0.00274815  0.52009304  0.13369842]
 [ 0.50444808 -0.05364149  0.48085413  0.247881    0.20210675]
 [ 0.08097342 -0.06318997  0.03169873  0.26054145  0.20445291]
 [ 0.15884678  0.50506499  0.16957655 -0.04749157 -0.09952344]]
Matrix Pair 41; W = [[-0.3993939  -0.24338239  0.19511215 -0.09268243 -0.43198798]
 [ 0.2205609  -0.54525981  0.32023433 -0.08468655  0.35014386]
 [-0.25154314  0.46978936 -0.44299222 -0.07172655 -0.20363638]
 [-0.45995494 -0.5138414   0.19262383  0.33968784 -0.3630616 ]
 [-0.17167464 -0.73886772  0.02108776 -0.05808918 -0.23405894]]
U = [[ 0.09141376  0.22480444  0.57202492 -0.07400385  0.38981517]
 [-0.16796047  0.43297023 -0.01872563  0.52139963  0.12747957]
 [ 0.49008355 -0.07685055  0.51293878  0.24220065  0.23544195]
 [ 0.03590808 -0.07324864 -0.01007257  0.35806638  0.26233447]
 [ 0.11752554  0.5101446   0.17689363  0.03386264 -0.16252185]]
Matrix Pair 42; W = [[-0.37437558 -0.28171595  0.17470585 -0.09596398 -0.38620638]
 [ 0.23017426 -0.54239206  0.28480928 -0.09904473  0.38268637]
 [-0.18529744  0.40649983 -0.46666452 -0.03374422 -0.24337515]
 [-0.46967173 -0.54697436  0.2126679   0.31703275 -0.40098733]
 [-0.09567543 -0.76161131 -0.06803814 -0.09045685 -0.1838285 ]]
U = [[ 0.07052582  0.13871818  0.55667558 -0.10559936  0.36594093]
 [-0.15859644  0.50638947 -0.01331563  0.54984347  0.05382628]
 [ 0.49935193 -0.03739467  0.52818372  0.22902303  0.23637887]
 [ 0.00135366 -0.03885083  0.04063851  0.32364602  0.25122317]
 [ 0.11306635  0.51812696  0.12582143  0.00234489 -0.13463625]]
Matrix Pair 43; W = [[-0.38223372 -0.29645877  0.2009923  -0.06404921 -0.42381573]
 [ 0.1939327  -0.56136745  0.23966802 -0.06244863  0.34987719]
 [-0.22179352  0.45402951 -0.49497392 -0.05516032 -0.2563007 ]
 [-0.48445975 -0.52277293  0.16375168  0.30165449 -0.40026653]
 [-0.12239904 -0.79596541 -0.03793543 -0.08732123 -0.21522033]]
U = [[ 0.09598564  0.16932002  0.55003254 -0.08357928  0.35376554]
 [-0.08977111  0.49523568 -0.08729733  0.49628372  0.12698502]
 [ 0.54865407 -0.07605282  0.49202272  0.19675828  0.19347293]
 [ 0.06705542 -0.02111769  0.05024792  0.34654493  0.225212  ]
 [ 0.11669264  0.53256368  0.15439803  0.03853682 -0.16838428]]
Matrix Pair 44; W = [[-0.14053885  0.21805345 -0.49333462 -0.09895634 -0.02156572]
 [-0.48139225  0.17444347  0.1304479  -0.83274461  0.03498446]
 [-0.34029008 -0.05405594 -0.32559285  0.12288176  0.07746377]
 [ 0.57800539  0.39699129 -0.27879129 -0.06944255  0.01867651]
 [-0.14704141  0.19773648 -0.13718715 -0.06739214 -0.39549417]]
U = [[ 0.49609238 -0.23606391  0.04266564  0.24993108  0.49335246]
 [-0.7986573  -0.39456438  0.80279225  0.042327   -0.089465  ]
 [ 0.42535725  0.11811925  0.01576182  0.16580786 -0.38407798]
 [ 0.19021656  0.20802075  0.20985262 -0.34483005  0.55211283]
 [-0.0024531  -0.03079219  0.22801575  0.24341715 -0.42179465]]
Matrix Pair 45; W = [[-0.14997102  0.2119847  -0.50259022 -0.12898716 -0.04368242]
 [-0.4711127   0.13918311  0.10582646 -0.91783672  0.09387676]
 [-0.25222271 -0.11772274 -0.31276298  0.13915259  0.01607311]
 [ 0.55531273  0.45248939 -0.3122013  -0.08756148  0.04038142]
 [-0.08960447  0.16888969 -0.14054634 -0.05462258 -0.39808304]]
U = [[ 4.62650852e-01 -2.45297643e-01  6.76869982e-02  2.54501294e-01
   4.97316907e-01]
 [-7.43745730e-01 -3.60069973e-01  7.66662715e-01  5.77763435e-02
  -4.98696178e-02]
 [ 4.20518588e-01  9.59602473e-02 -3.18454048e-02  1.81964446e-01
  -3.05337792e-01]
 [ 1.42312884e-01  2.30900958e-01  2.27001081e-01 -4.19176679e-01
   5.84299015e-01]
 [-2.45423952e-04 -9.02066453e-02  2.85319320e-01  1.89544673e-01
  -4.96701395e-01]]
Matrix Pair 46; W = [[-0.19939934  0.14424582 -0.49391746 -0.06420645 -0.06842862]
 [-0.46255502  0.13649923  0.14567623 -0.89068018  0.11501378]
 [-0.28589838 -0.04659836 -0.33932625  0.16440692  0.04529131]
 [ 0.53430987  0.36251329 -0.27056132 -0.03970149  0.08782563]
 [-0.08956594  0.24886381 -0.11120291 -0.00100957 -0.42253562]]
U = [[ 0.47380395 -0.26521212  0.06734204  0.25179542  0.53513206]
 [-0.74460211 -0.41075806  0.7409886   0.01372506 -0.07826141]
 [ 0.37744831  0.1354597  -0.01510308  0.11191197 -0.28987112]
 [ 0.11793405  0.23325127  0.15097461 -0.34003712  0.56526629]
 [ 0.03204863 -0.06479812  0.29175748  0.23119171 -0.44243324]]
Matrix Pair 47; W = [[-0.13164981  0.19309344 -0.5180276  -0.08183744 -0.03899246]
 [-0.42928748  0.19556398  0.08256159 -0.85382035  0.03350917]
 [-0.34666711 -0.1175847  -0.29309139  0.10424049  0.09838718]
 [ 0.56848125  0.41048154 -0.30823312 -0.08992348  0.03242362]
 [-0.14351075  0.16448733 -0.102712   -0.04364342 -0.41156216]]
U = [[ 0.4983344  -0.30546685  0.06936092  0.26185547  0.49701613]
 [-0.73538465 -0.35663722  0.80081811  0.01026285 -0.0894584 ]
 [ 0.37340859  0.11965096 -0.00612004  0.16887167 -0.29235926]
 [ 0.15767654  0.22124315  0.21883088 -0.40507093  0.55209449]
 [ 0.00167465 -0.08931379  0.28752246  0.17584212 -0.45619356]]
Matrix Pair 48; W = [[-0.01581646  0.25713817 -0.15010594  0.51414537 -0.075597  ]
 [ 0.18680774 -0.21179967  0.13164619  0.02921378  0.27669583]
 [ 0.05140152 -0.07224852 -0.2830753  -0.06195691 -0.14209386]
 [-0.33276223 -0.1349769  -0.28039651  0.52410218 -0.0613548 ]
 [ 0.1245368  -0.05081571  0.43856245 -0.14601306 -0.06620034]]
U = [[ 0.32606355 -0.12282089  0.17515467 -0.19230342 -0.27372015]
 [ 0.04999849 -0.03515652  0.36024778  0.18536382 -0.27165796]
 [ 0.33170031 -0.03467263  0.21275029  0.41864488  0.03848652]
 [ 0.45502422 -0.0398444   0.06454489 -0.03548119  0.47213461]
 [ 0.03445624  0.39605022  0.36200905  0.00368807 -0.16423235]]
Matrix Pair 49; W = [[ 0.00387187  0.26089104 -0.16726264  0.53922818 -0.03710025]
 [ 0.23291581 -0.21633308  0.08431605  0.08067441  0.26438891]
 [ 0.01156134 -0.11982018 -0.28988596  0.01036363 -0.14899237]
 [-0.27363273 -0.07645742 -0.25899841  0.58646546 -0.09303085]
 [ 0.07624915 -0.05033094  0.42994303 -0.1165798  -0.07344668]]
U = [[ 0.36276684 -0.14867508  0.19095769 -0.19032134 -0.20070354]
 [-0.01590527 -0.04844318  0.34448295  0.19277483 -0.25542632]
 [ 0.3912139  -0.06497102  0.19750639  0.44471059  0.12782608]
 [ 0.47111092  0.01006331  0.11765978 -0.02214206  0.47259089]
 [ 0.09947544  0.36387052  0.34621208 -0.05551529 -0.16379869]]
Matrix Pair 50; W = [[-0.0593857   0.26135064 -0.19630999  0.51554842 -0.06587507]
 [ 0.19073273 -0.14217189  0.11081221  0.03898698  0.26718073]
 [ 0.01031666 -0.14826274 -0.30709316 -0.0604949  -0.16897819]
 [-0.31129899 -0.14957126 -0.25572767  0.52436959 -0.03213639]
 [ 0.08906296 -0.06328211  0.35727544 -0.07604365 -0.00195574]]
U = [[ 0.32739821 -0.12204838  0.1020464  -0.10889275 -0.2628993 ]
 [ 0.03996925 -0.02998505  0.40749026  0.23236647 -0.27603992]
 [ 0.39647587 -0.05844342  0.23226445  0.44115926  0.09075608]
 [ 0.48444178  0.0410936   0.05263061 -0.0330669   0.48261737]
 [ 0.04218359  0.33464146  0.42525776 -0.03219023 -0.15570832]]
Matrix Pair 51; W = [[ 0.00407627  0.21652853 -0.22411486  0.44396637  0.00630625]
 [ 0.19018534 -0.15230811  0.14451843  0.08053769  0.30854691]
 [ 0.01733927 -0.10285661 -0.25242073 -0.05911809 -0.14048431]
 [-0.31926468 -0.10163389 -0.25916968  0.49902151 -0.02458211]
 [ 0.1387652  -0.02936342  0.40064813 -0.0840641  -0.03148678]]
U = [[ 0.40021311 -0.12082518  0.15857278 -0.15913404 -0.25188558]
 [ 0.0241273  -0.02752212  0.39682414  0.21800815 -0.2358441 ]
 [ 0.38714994 -0.02431368  0.18173543  0.434892    0.06280772]
 [ 0.52956175 -0.02143167  0.08239352 -0.08844617  0.48505288]
 [ 0.06749586  0.33865727  0.4168142  -0.0423502  -0.11966007]]
Matrix Pair 52; W = [[ 0.26801204  0.28339842 -0.3179855   0.01414707  0.08041414]
 [ 0.23458871 -0.23259788 -0.30750068 -0.24347267 -0.06100519]
 [ 0.0197146  -0.38540617  0.00641471 -0.12142888  0.31751131]
 [-0.24813518  0.15667516 -0.49636293  0.58625519  0.31724192]
 [-0.31038488  0.4100511   0.27881546  0.20673682  0.10979949]]
U = [[ 0.54693545  0.30116461 -0.04393428 -0.38483957 -0.18778112]
 [ 0.17446783  0.3219811   0.65665711 -0.08570139 -0.30568093]
 [ 0.04641253  0.16183357  0.17792569  0.13811978 -0.07166884]
 [ 0.25319871  0.24971418 -0.41506532 -0.047273   -0.07312375]
 [ 0.37939027 -0.02721234  0.45725106  0.08996288 -0.07120679]]
Matrix Pair 53; W = [[ 1.94579456e-01  2.70835147e-01 -2.89668425e-01  1.09215163e-05
   1.51433725e-01]
 [ 1.87023555e-01 -2.28405365e-01 -2.96156954e-01 -2.32919724e-01
  -9.72819826e-02]
 [ 4.48949306e-02 -3.85734669e-01  7.08496472e-02 -1.12248326e-01
   2.90127862e-01]
 [-1.65947291e-01  1.38450241e-01 -5.15264407e-01  6.66432679e-01
   2.70630199e-01]
 [-2.52969272e-01  3.63923430e-01  3.40661219e-01  2.64674745e-01
   1.12342797e-01]]
U = [[ 0.52015802  0.33924233 -0.00994737 -0.42510093 -0.25209548]
 [ 0.15757568  0.36464242  0.7051712  -0.12802793 -0.29666702]
 [ 0.03700092  0.10854134  0.17706069  0.19344175 -0.13094807]
 [ 0.30584058  0.31819672 -0.36247134 -0.01471564 -0.00302042]
 [ 0.39298538 -0.00712115  0.38835519  0.07909847 -0.00199356]]
Matrix Pair 54; W = [[ 0.17994266  0.23092734 -0.33173962 -0.05286426  0.15257454]
 [ 0.27033105 -0.16820736 -0.34090377 -0.23315099 -0.04704006]
 [ 0.03450038 -0.41332361 -0.01995259 -0.19453225  0.33805929]
 [-0.15770059  0.14945338 -0.54951978  0.64327741  0.23906882]
 [-0.2591516   0.41929193  0.31428325  0.29882696  0.10981004]]
U = [[ 0.53242319  0.35241428 -0.04056197 -0.4080849  -0.19435836]
 [ 0.20497134  0.29583555  0.70271837 -0.08139769 -0.30541352]
 [ 0.02248493  0.17803446  0.16062905  0.18528017 -0.13592635]
 [ 0.27854452  0.24738269 -0.32690506 -0.06856823 -0.06184246]
 [ 0.3603571   0.06925605  0.4707121   0.03056827 -0.04606462]]
Matrix Pair 55; W = [[ 0.20630702  0.22654926 -0.26129407 -0.0353066   0.12588405]
 [ 0.26794141 -0.17789182 -0.29583196 -0.30149874 -0.05587332]
 [ 0.04390462 -0.46758292  0.06713029 -0.13851079  0.30149798]
 [-0.19182277  0.07147489 -0.54606186  0.65468318  0.29601933]
 [-0.31901127  0.40170698  0.26943704  0.20828473  0.12578876]]
U = [[ 5.21413579e-01  3.91520429e-01 -3.22176990e-02 -3.98139419e-01
  -2.02085933e-01]
 [ 2.03682730e-01  3.25071608e-01  7.03576821e-01 -1.51812300e-01
  -3.17512692e-01]
 [ 1.34256200e-02  1.25993063e-01  1.69689887e-01  1.40415414e-01
  -8.27681067e-02]
 [ 2.44765586e-01  2.66479508e-01 -3.59620750e-01 -1.94047151e-02
   1.27480266e-04]
 [ 3.66857181e-01  2.02398626e-02  4.13523431e-01  8.40691728e-02
  -2.57320305e-02]]
Matrix Pair 56; W = [[-0.14794778  0.2368548   0.43762686 -0.1867885   0.29286033]
 [ 0.09283072 -0.44560877 -0.55260566  0.30805681  0.00631905]
 [ 0.02520237 -0.32288127  0.32729278  0.75364329  0.58581347]
 [ 0.08154891 -0.49013071 -0.02037194 -0.25763419 -0.18808682]
 [-0.04343363  0.29321462 -0.19531115  0.06029317  0.15677471]]
U = [[ 0.06731589  0.12858705 -0.05142936 -0.30678149  0.35266567]
 [-0.24200273 -0.25807025 -0.23638159  0.17085156 -0.33704102]
 [ 0.30905007 -0.24591299  0.14400856  0.30380741  0.4153607 ]
 [-0.06648467  0.24092562  0.17244892 -0.5690573   0.02940799]
 [-0.63250999  0.26946402  0.32803483  0.13735678  0.28531241]]
Matrix Pair 57; W = [[-0.08709043  0.29668039  0.43165421 -0.10733308  0.22313608]
 [ 0.1113017  -0.48602955 -0.52319309  0.29219013  0.04183082]
 [-0.00591077 -0.3360952   0.26638754  0.74962211  0.53146629]
 [ 0.07548285 -0.46453059 -0.00957213 -0.31937366 -0.20039407]
 [-0.08610792  0.21703926 -0.19446784  0.06165832  0.1387503 ]]
U = [[ 0.03190747  0.13208293 -0.04711117 -0.35874461  0.32165041]
 [-0.17282714 -0.28799994 -0.21257219  0.14437137 -0.34459292]
 [ 0.24140722 -0.19880094  0.18282333  0.27376372  0.45399068]
 [-0.15491103  0.19011729  0.20708785 -0.50566152  0.08861466]
 [-0.64599555  0.28402806  0.33700007  0.14744052  0.29005727]]
Matrix Pair 58; W = [[-0.10402402  0.28733369  0.40132392 -0.10569645  0.30011191]
 [ 0.12120045 -0.43162777 -0.46075012  0.25528873 -0.01948347]
 [ 0.0370952  -0.31408619  0.30206654  0.73659426  0.57564134]
 [ 0.06533953 -0.43678614  0.04889106 -0.28234886 -0.14089209]
 [-0.13243141  0.28466186 -0.14991232  0.09548767  0.08895545]]
U = [[ 0.09223283  0.13896517 -0.02366034 -0.32370975  0.32856381]
 [-0.21403276 -0.19697239 -0.19763678  0.17997748 -0.3409395 ]
 [ 0.21874135 -0.22749975  0.11346085  0.24996024  0.44772313]
 [-0.07548765  0.25931508  0.13792526 -0.49228053  0.03976373]
 [-0.5982579   0.28099764  0.37431443  0.194449    0.29676056]]
Matrix Pair 59; W = [[-0.08173249  0.2594058   0.39925579 -0.15596726  0.31108562]
 [ 0.06613054 -0.47419581 -0.4979101   0.29879987  0.04231588]
 [ 0.01380481 -0.32809035  0.28468628  0.73002747  0.58977192]
 [ 0.09647954 -0.47508275 -0.00524339 -0.34359119 -0.16220561]
 [-0.06913536  0.21947946 -0.12123066  0.06192346  0.08529402]]
U = [[ 0.1152141   0.19350762  0.00422578 -0.37552917  0.28919174]
 [-0.18832384 -0.26188903 -0.21114031  0.16246266 -0.28659765]
 [ 0.27657982 -0.2722409   0.18344988  0.3104512   0.43506719]
 [-0.05620779  0.25672024  0.17504103 -0.56838924  0.07276902]
 [-0.57894666  0.24740636  0.36838448  0.12437323  0.2568177 ]]
Matrix Pair 60; W = [[-0.48786391 -0.17272634  0.04386174  0.31907137 -0.00141605]
 [ 0.50694485 -0.15460703  0.12265554 -0.22313953  0.22789817]
 [ 0.03092968  0.40704393  0.37456164 -0.16152008  0.48144636]
 [-0.20387584  0.31360113 -0.07861509 -0.02155453  0.41307248]
 [-0.39594611  0.19085642 -0.44278742 -0.01945672  0.07259863]]
U = [[-0.50699401  0.05766735 -0.0012743   0.0082578  -0.26112615]
 [ 0.09265098  0.17938277 -0.34661505  0.20302007  0.19165279]
 [ 0.16005854 -0.22830415 -0.25433678  0.19033989  0.36882801]
 [-0.43110562 -0.27991839 -0.10015214 -0.04139273  0.18689992]
 [-0.22760836 -0.09214196 -0.49175333  0.07690002  0.09404709]]
Matrix Pair 61; W = [[-0.50261146 -0.1914298   0.13017172  0.28351858 -0.03599506]
 [ 0.50451137 -0.13637878  0.13235157 -0.2561496   0.25610169]
 [ 0.03070794  0.37907302  0.40715508 -0.14782614  0.47428361]
 [-0.27907375  0.34400081 -0.07099957 -0.04000536  0.34683404]
 [-0.39574868  0.20016584 -0.3658459   0.00146936  0.06735655]]
U = [[-0.49860893  0.01107179 -0.06608091 -0.01679199 -0.23768313]
 [ 0.09398591  0.1345028  -0.28273507  0.25955969  0.23609707]
 [ 0.20098957 -0.26928674 -0.25041598  0.23893071  0.35665412]
 [-0.48299061 -0.31248189 -0.1228864  -0.07795826  0.17019683]
 [-0.22299232 -0.00586983 -0.51722898  0.01001797  0.04654562]]
Matrix Pair 62; W = [[-0.47351706 -0.19475629  0.11652633  0.2672511  -0.07590062]
 [ 0.42874976 -0.18466687  0.14989781 -0.2560024   0.25904612]
 [ 0.03651435  0.42559393  0.31861255 -0.17787114  0.46646257]
 [-0.20649449  0.29260657 -0.09452051 -0.04139529  0.34814532]
 [-0.43396472  0.15830379 -0.40933571  0.03517104  0.06981848]]
U = [[-0.55107675  0.06216882 -0.0772212  -0.03764245 -0.22683378]
 [ 0.12067748  0.13487013 -0.31171943  0.2098736   0.1979613 ]
 [ 0.19123584 -0.2176945  -0.31234509  0.2500655   0.34907009]
 [-0.42931609 -0.26783617 -0.05044658 -0.01407332  0.19556707]
 [-0.27367117 -0.04056768 -0.5445282  -0.01136395  0.05456291]]
Matrix Pair 63; W = [[-0.46637409 -0.1616411   0.07564038  0.27722671 -0.05290457]
 [ 0.47484504 -0.13713263  0.17440938 -0.26551741  0.26900104]
 [-0.06153859  0.35608124  0.34001657 -0.17554706  0.42876656]
 [-0.23218353  0.35875124 -0.07504952 -0.08499067  0.37314938]
 [-0.38266502  0.2085625  -0.42579674 -0.02074401  0.04942594]]
U = [[-0.51389372  0.02823426 -0.05677945  0.03426229 -0.28505295]
 [ 0.04463827  0.10359068 -0.32472952  0.26263955  0.23495265]
 [ 0.13986244 -0.22162556 -0.29181176  0.25002447  0.38100697]
 [-0.472456   -0.318164   -0.11870183 -0.03650958  0.17201529]
 [-0.26616846 -0.03080069 -0.53599927  0.05618705  0.0107122 ]]
