Epoch: 96Matrix Pair 0; W = [[ 0.20963494 -0.07053668  0.08963377 -0.16934688  0.1219756 ]
 [ 0.00174361 -0.394269   -0.10885136  0.1912944  -0.20972285]
 [-0.03985296  0.01948415 -0.05543335  0.02506465  0.00219326]
 [-0.13280314  0.07744073  0.09698378 -0.04588573 -0.0437183 ]
 [-0.09341259 -0.14408533 -0.25979874 -0.13435097  0.14225863]]
U = [[ 0.15528306 -0.03689749  0.27035322  0.34747563 -0.03463393]
 [-0.41328769 -0.00902137  0.15303712  0.07006052  0.07598222]
 [ 0.05974746 -0.19561385 -0.15929352 -0.19646239  0.25000614]
 [ 0.29518296 -0.10258011  0.34567606  0.00228561 -0.18243115]
 [-0.10254783  0.04380524 -0.22790544 -0.08522465  0.13131157]]
Matrix Pair 1; W = [[ 0.29954148 -0.01239148  0.08921079 -0.17437555  0.17832605]
 [-0.00365126 -0.31437287 -0.10374466  0.20374054 -0.22677245]
 [-0.06156468  0.00208422 -0.04142637  0.08887704 -0.00514631]
 [-0.04337349  0.10385088  0.16269407 -0.02198665 -0.01900318]
 [-0.13716768 -0.11473197 -0.2080912  -0.15038637  0.11829006]]
U = [[ 0.16317632 -0.02269308  0.27715258  0.37510982  0.00163783]
 [-0.39837018 -0.09459514  0.17850478  0.04630833  0.13327148]
 [ 0.0947679  -0.18581111 -0.13714153 -0.12584446  0.29139033]
 [ 0.23535595 -0.12511517  0.36997998  0.00071745 -0.22468769]
 [-0.07120018  0.04489956 -0.18855669 -0.02450828  0.09639777]]
Matrix Pair 2; W = [[ 0.20602564 -0.04303771  0.07333247 -0.20628732  0.17821471]
 [ 0.0137601  -0.4047877  -0.11488683  0.23219685 -0.21760981]
 [-0.07919085  0.05258476 -0.07609787  0.0370001   0.02481621]
 [-0.10747355  0.09375423  0.10054685 -0.09740761  0.01585833]
 [-0.05809536 -0.15154284 -0.17172578 -0.19092844  0.16122497]]
U = [[ 0.13806644  0.01105889  0.24732875  0.33487759 -0.05616964]
 [-0.39535844 -0.08404122  0.14813386  0.07407591  0.05026185]
 [ 0.09533957 -0.17923398 -0.11807719 -0.16697566  0.30590978]
 [ 0.22882069 -0.14672846  0.3128884   0.04742308 -0.16964285]
 [-0.13461355  0.03079711 -0.20049443 -0.02384348  0.09314845]]
Matrix Pair 3; W = [[ 0.2042302   0.01799114  0.14124386 -0.13006733  0.14030093]
 [-0.04037301 -0.37486051 -0.09769402  0.24947517 -0.17668339]
 [-0.06016865 -0.03210854 -0.09474535  0.02269402  0.05111126]
 [-0.102814    0.07853241  0.12318269 -0.06767845 -0.07677303]
 [-0.08643444 -0.18916473 -0.19902868 -0.14641822  0.08699061]]
U = [[ 8.96563845e-02  1.57293787e-02  2.04406274e-01  3.85334437e-01
   7.11402130e-05]
 [-3.41613684e-01 -9.01483735e-02  1.17530511e-01  8.37513122e-02
   1.06965158e-01]
 [ 2.49662342e-02 -1.09558209e-01 -1.26784886e-01 -2.16779114e-01
   2.40074375e-01]
 [ 2.70573258e-01 -1.54491446e-01  2.75546889e-01 -3.57854531e-03
  -2.40787208e-01]
 [-1.28905680e-01  7.14287632e-03 -2.20843772e-01 -6.78868394e-02
   7.29636289e-02]]
Matrix Pair 4; W = [[ 0.23459445  0.00772589  0.07651432 -0.20335674  0.19453564]
 [ 0.02000188 -0.39080741 -0.07120075  0.24184159 -0.18480927]
 [-0.06952981 -0.01670454 -0.10392438  0.02091493  0.03685546]
 [-0.11126626  0.03220164  0.16257742 -0.04190321 -0.00154125]
 [-0.05493575 -0.11641217 -0.21891176 -0.17767869  0.0965191 ]]
U = [[ 0.10781582 -0.02262653  0.22907718  0.32529541 -0.01351162]
 [-0.38998371 -0.01105836  0.16085011  0.04473795  0.10031433]
 [ 0.08242831 -0.11335441 -0.12168063 -0.20694136  0.2694394 ]
 [ 0.21448843 -0.13893959  0.3131825   0.0462601  -0.19084208]
 [-0.04132277  0.00374206 -0.20234518 -0.05982946  0.14740479]]
Matrix Pair 5; W = [[ 0.2182654   0.00830117  0.07799662 -0.18676217  0.11101211]
 [-0.04919858 -0.31819372 -0.07337356  0.22394048 -0.25145731]
 [-0.03666658 -0.01963456 -0.13136981  0.10477524  0.00197618]
 [-0.13394618  0.10690041  0.17195796 -0.01145123 -0.03524926]
 [-0.07035016 -0.161343   -0.20409756 -0.14224555  0.11417959]]
U = [[ 0.11491839 -0.00647713  0.21433295  0.35311759 -0.01884988]
 [-0.39885391 -0.05543541  0.17619392  0.11489634  0.09838706]
 [ 0.10383756 -0.14857998 -0.11049093 -0.21447911  0.21895119]
 [ 0.28018696 -0.13799406  0.29504385  0.01865334 -0.21223858]
 [-0.10820536 -0.02702663 -0.2500257  -0.03086685  0.16258595]]
Matrix Pair 6; W = [[ 0.29531012 -0.07018237  0.06094036 -0.18041642  0.18857915]
 [ 0.00688104 -0.33874864 -0.06940756  0.24083555 -0.19786499]
 [-0.0638128   0.01471027 -0.03429282  0.01857948  0.05721311]
 [-0.07777641  0.07182225  0.08295883 -0.08922946 -0.00364036]
 [-0.10078779 -0.1882067  -0.17539739 -0.21274938  0.1466555 ]]
U = [[ 0.14253078  0.004578    0.21603899  0.32830219 -0.01272555]
 [-0.32966444 -0.01697767  0.1066718   0.02107574  0.08699388]
 [ 0.04859151 -0.13307517 -0.19047262 -0.18608242  0.30383661]
 [ 0.28381389 -0.1266881   0.30669335  0.05760945 -0.20284814]
 [-0.05728464 -0.02683157 -0.26205203 -0.04196014  0.08680131]]
Matrix Pair 7; W = [[ 0.2144406  -0.05553278  0.0780353  -0.13525112  0.15024853]
 [-0.000804   -0.33313775 -0.04820537  0.22870301 -0.17211282]
 [-0.05317077  0.00641171 -0.12570273  0.05029956  0.04964221]
 [-0.10281061  0.05986994  0.10453234 -0.06292298 -0.01951267]
 [-0.08537854 -0.09421622 -0.16571028 -0.21812766  0.11995219]]
U = [[ 1.60557822e-01  2.01434826e-02  2.08152474e-01  3.39299930e-01
   1.36752105e-02]
 [-3.58306782e-01 -2.74872395e-04  1.53429151e-01  5.20087825e-02
   1.00031987e-01]
 [ 7.43684160e-02 -1.35654276e-01 -1.55249996e-01 -1.75709587e-01
   3.08153507e-01]
 [ 2.30781107e-01 -1.03405361e-01  3.34847493e-01  4.43864893e-02
  -1.56480403e-01]
 [-5.67346624e-02  4.36571778e-03 -1.76677079e-01 -7.60032191e-03
   1.04365420e-01]]
Matrix Pair 8; W = [[ 0.22332511  0.01852651  0.072688   -0.19639817  0.15031605]
 [-0.02183811 -0.34954304 -0.03998027  0.22685761 -0.20508012]
 [-0.07461139  0.04994824 -0.036435    0.10168951  0.01285049]
 [-0.12168864  0.10117927  0.083539   -0.0842992  -0.08205145]
 [-0.09263452 -0.09888885 -0.23800587 -0.20621644  0.12679159]]
U = [[ 0.10343651  0.04535608  0.26864923  0.31152026 -0.01426664]
 [-0.35648691 -0.02388127  0.10436503  0.0177026   0.09762308]
 [ 0.09479564 -0.11556862 -0.16435237 -0.18211232  0.27492516]
 [ 0.2865109  -0.13867029  0.29249758  0.06648319 -0.22571465]
 [-0.05025697 -0.04645258 -0.1906872  -0.00691199  0.07385362]]
Matrix Pair 9; W = [[ 0.2143652  -0.05911328  0.06756445 -0.16568448  0.14508889]
 [-0.02872675 -0.33667271 -0.10215568  0.23877014 -0.18070599]
 [-0.10789275  0.01517875 -0.05489764  0.0639146   0.00869564]
 [-0.07815158  0.07767464  0.15181442 -0.06014874  0.00156693]
 [-0.07497734 -0.09497584 -0.20239899 -0.13453504  0.12916213]]
U = [[ 0.0789355   0.03013298  0.18102446  0.31605933 -0.04652653]
 [-0.37676618 -0.08006415  0.19557466  0.04166477  0.07448823]
 [ 0.05604705 -0.13921352 -0.19397566 -0.17305647  0.27984334]
 [ 0.27743789 -0.09616065  0.32362794  0.06617814 -0.2163938 ]
 [-0.11245345 -0.04198642 -0.20213058 -0.05347276  0.08158712]]
Matrix Pair 10; W = [[ 0.27592681 -0.02894572  0.07145528 -0.14670575  0.18890635]
 [-0.03345219 -0.31566673 -0.0403216   0.26010095 -0.1528559 ]
 [-0.06002089 -0.03215165 -0.10542854  0.05219565  0.07375785]
 [-0.04911984  0.11832392  0.16503615 -0.09862391 -0.03870584]
 [-0.09315225 -0.16889248 -0.20071202 -0.13608544  0.17175711]]
U = [[ 0.07188861  0.01702189  0.26297278  0.37476492 -0.06022678]
 [-0.35898246 -0.07315177  0.15341796  0.05181597  0.09452944]
 [ 0.06360704 -0.15574727 -0.11371296 -0.14185426  0.23707714]
 [ 0.23043162 -0.16146536  0.29805152  0.02456554 -0.17961035]
 [-0.10172007  0.02425987 -0.2359087  -0.09857786  0.12894062]]
Matrix Pair 11; W = [[ 0.25451282 -0.04827892  0.04842783 -0.19153368  0.09938748]
 [ 0.01338748 -0.33072272 -0.05042242  0.21894476 -0.21938772]
 [-0.08841416 -0.03100942 -0.09851655  0.02325266  0.01667945]
 [-0.07774026  0.12331563  0.10234057 -0.02871484 -0.00104602]
 [-0.11780772 -0.15776549 -0.20950165 -0.15219814  0.11487771]]
U = [[ 0.14490693 -0.02451827  0.21778767  0.32385262 -0.01480996]
 [-0.40031608 -0.03041753  0.11288497  0.0457522   0.05079025]
 [ 0.05561438 -0.17023029 -0.15425236 -0.15254159  0.25049887]
 [ 0.28757459 -0.07999024  0.30408563  0.02697747 -0.22257367]
 [-0.09829766 -0.00527529 -0.18208448 -0.04762106  0.09184391]]
Matrix Pair 12; W = [[ 0.21020725  0.01477675  0.10889588 -0.14384349  0.14597425]
 [ 0.0107438  -0.36850756 -0.09305404  0.20492166 -0.23914694]
 [-0.09002128  0.03994688 -0.06679818  0.11075166  0.05291298]
 [-0.08593118  0.0953544   0.10726492 -0.08520518 -0.07664394]
 [-0.10296192 -0.10261985 -0.22713606 -0.12383617  0.14007884]]
U = [[ 0.13996754  0.02595293  0.25112283  0.32117842 -0.05374817]
 [-0.3434244  -0.03627568  0.15388933  0.04735182  0.08609324]
 [ 0.05411931 -0.14978307 -0.17724667 -0.19555289  0.30925274]
 [ 0.20499202 -0.11684082  0.31593096 -0.01247165 -0.20853812]
 [-0.03520361  0.02984492 -0.20074095 -0.0494881   0.1346113 ]]
Matrix Pair 13; W = [[ 0.25714389 -0.03736268  0.12520351 -0.11528344  0.15769883]
 [-0.03217939 -0.36616798 -0.09039321  0.2247484  -0.22374211]
 [-0.02776769 -0.03533346 -0.08677081  0.08053896  0.05596415]
 [-0.11041509  0.10460274  0.17738799 -0.07068078 -0.03360791]
 [-0.14135951 -0.12152546 -0.23655035 -0.2102442   0.11656468]]
U = [[ 0.16255775  0.00700574  0.2344643   0.32455147 -0.07665185]
 [-0.37038347 -0.01029371  0.16397016  0.09246276  0.06492187]
 [ 0.06694302 -0.11568673 -0.11753241 -0.14774264  0.24119806]
 [ 0.28119129 -0.11935181  0.32509968  0.01587142 -0.20776101]
 [-0.06494879 -0.00545761 -0.2358225  -0.06989135  0.15441249]]
Matrix Pair 14; W = [[ 2.50300102e-01 -1.49270596e-04  1.13979016e-01 -1.65195866e-01
   1.77245992e-01]
 [-4.32876388e-02 -4.00971957e-01 -1.10557406e-01  1.77356966e-01
  -1.86729756e-01]
 [-7.88779508e-02 -1.54795351e-02 -1.08555788e-01  6.40878923e-02
   4.31972199e-02]
 [-5.44161899e-02  8.36762815e-02  1.36538154e-01 -4.52449551e-02
  -6.57816239e-02]
 [-1.25354104e-01 -1.52182942e-01 -2.58918184e-01 -2.09363895e-01
   1.39438535e-01]]
U = [[ 0.15291544  0.005473    0.21857242  0.37776964 -0.02592161]
 [-0.38005159 -0.00880618  0.17192378  0.07771313  0.08575861]
 [ 0.12129892 -0.16346301 -0.12085732 -0.13747187  0.24619955]
 [ 0.21604859 -0.09399575  0.31287631 -0.02024073 -0.21256116]
 [-0.13299213 -0.01935164 -0.22535755 -0.06212829  0.15486595]]
Matrix Pair 15; W = [[ 0.29240815  0.02218694  0.06584093 -0.1686056   0.16127694]
 [-0.01757159 -0.36972814 -0.12588676  0.25081676 -0.20664495]
 [-0.08340839  0.03412379 -0.04244278  0.04223056  0.04559134]
 [-0.04807968  0.07053005  0.08147177 -0.09589247 -0.03501904]
 [-0.14241412 -0.11674943 -0.22449156 -0.1838657   0.09509421]]
U = [[ 0.14756702  0.00632249  0.24418298  0.30534912 -0.04857399]
 [-0.41589697 -0.02346096  0.18491139  0.02644877  0.12768734]
 [ 0.06339104 -0.10020521 -0.10946342 -0.19941205  0.26947056]
 [ 0.21029397 -0.13978094  0.28586138  0.06733156 -0.14840156]
 [-0.08807299  0.04708416 -0.18734807 -0.07023653  0.0966152 ]]
Matrix Pair 16; W = [[ 0.34306442 -0.0544083   0.08984519 -0.14134554  0.191155  ]
 [-0.00840542 -0.32098898 -0.05353345  0.29970345 -0.22229401]
 [-0.09372003 -0.0212432  -0.04811485  0.03230185  0.01489306]
 [-0.12762438  0.05284067  0.12572377  0.00692589 -0.02660218]
 [-0.11270362 -0.1674178  -0.22020851 -0.13871361  0.09561956]]
U = [[ 0.07804888 -0.04942543  0.249797    0.37549542  0.03083318]
 [-0.39728377 -0.01850274  0.13760367  0.10750404  0.11542278]
 [ 0.10223904 -0.08138077 -0.1044185  -0.10066625  0.24707433]
 [ 0.26748337 -0.12188818  0.37782427 -0.04804879 -0.13857031]
 [-0.09415094  0.01050102 -0.21831919 -0.11831872  0.03601038]]
Matrix Pair 17; W = [[ 0.36341022 -0.08633796  0.1082835  -0.17812673  0.17163526]
 [ 0.00310132 -0.35905312 -0.1067593   0.21190686 -0.19874845]
 [-0.09044765 -0.01240265 -0.04238495  0.09351887  0.0220449 ]
 [-0.15014354  0.03516171  0.15416554 -0.07710602 -0.04512791]
 [-0.12513474 -0.16243277 -0.22217236 -0.19007739  0.140751  ]]
U = [[ 0.06048682 -0.04569153  0.23558417  0.38879515 -0.0264626 ]
 [-0.36716021  0.02404451  0.18578674  0.096405    0.15957836]
 [ 0.06498007 -0.09188447 -0.10695495 -0.19780266  0.26105361]
 [ 0.2227101  -0.0565574   0.38104002 -0.05393648 -0.1999615 ]
 [-0.12984751  0.04633059 -0.1822298  -0.11144114  0.0690879 ]]
Matrix Pair 18; W = [[ 0.31549473 -0.0723143   0.13465081 -0.17319347  0.20609724]
 [ 0.00677051 -0.32049478 -0.10231336  0.27865304 -0.17350144]
 [-0.02426868 -0.0720222  -0.06243739  0.01423523  0.04956455]
 [-0.13402383  0.04537887  0.11740856 -0.05906702  0.01357827]
 [-0.07319322 -0.13197678 -0.20348352 -0.19496379  0.08955198]]
U = [[ 0.10881259 -0.08443804  0.28207088  0.33908842  0.03322063]
 [-0.40447068 -0.06365934  0.10749162  0.06335086  0.12164738]
 [ 0.11387055 -0.06665679 -0.10484318 -0.13505833  0.20243091]
 [ 0.2612755  -0.10030347  0.30328805 -0.00144498 -0.16923035]
 [-0.16387961  0.03457384 -0.18146853 -0.08432163  0.04977192]]
Matrix Pair 19; W = [[ 0.36613388 -0.0482354   0.04150483 -0.10976846  0.12816656]
 [-0.05564877 -0.31930049 -0.10664327  0.22887086 -0.21669256]
 [-0.05288092  0.00358696 -0.10367877  0.04103738  0.08714665]
 [-0.07620612  0.05579952  0.15463042 -0.03745019 -0.01173762]
 [-0.05080999 -0.17057913 -0.22005026 -0.16673976  0.11515392]]
U = [[ 0.06358741 -0.03771572  0.29098472  0.39356925 -0.00226289]
 [-0.44019217  0.00703519  0.14178756  0.04467587  0.07217251]
 [ 0.05151631 -0.07913272 -0.17466233 -0.17412657  0.23351925]
 [ 0.26833592 -0.06302877  0.35076172  0.02432948 -0.17235844]
 [-0.12780787 -0.03132738 -0.20499234 -0.07478247  0.08899302]]
Matrix Pair 20; W = [[ 0.31316601 -0.0560587   0.07721138 -0.16368154  0.13747878]
 [ 0.01195336 -0.39592206 -0.05618689  0.2669583  -0.19625351]
 [-0.10795364 -0.00656916 -0.0537477   0.05892695 -0.00371172]
 [-0.09775077  0.0542214   0.14101195 -0.01706482 -0.04233746]
 [-0.06281853 -0.1153692  -0.25040195 -0.19669264  0.12625786]]
U = [[ 0.1093973  -0.01087649  0.21094962  0.36762335 -0.04104469]
 [-0.35675411 -0.00843199  0.11623796  0.08897269  0.14313192]
 [ 0.13421722 -0.0333432  -0.15224545 -0.09920973  0.21447806]
 [ 0.29190777 -0.04940192  0.35371535 -0.0370904  -0.18394963]
 [-0.12926293  0.02786161 -0.15518367 -0.10868181  0.11294448]]
Matrix Pair 21; W = [[ 0.32751682 -0.00419156  0.12797616 -0.09343685  0.18376454]
 [ 0.00405713 -0.31352284 -0.11814709  0.24989527 -0.15883293]
 [-0.03597365 -0.02698719 -0.03242669  0.0546329   0.0312717 ]
 [-0.09188126  0.03077699  0.18258034 -0.02701256  0.04119294]
 [-0.05546315 -0.12953092 -0.22190606 -0.12478666  0.07819403]]
U = [[ 0.14906976 -0.00897591  0.2894667   0.36363692  0.03635049]
 [-0.37174247 -0.01873306  0.18764891  0.08030069  0.14442453]
 [ 0.10522325 -0.04396006 -0.11981857 -0.18035899  0.19556811]
 [ 0.2886314  -0.0490613   0.34365813  0.03586197 -0.15812204]
 [-0.16482879 -0.00676371 -0.1882224  -0.03533268  0.03687478]]
Matrix Pair 22; W = [[ 0.33695816 -0.05003308  0.04334667 -0.0802714   0.15221715]
 [ 0.02038764 -0.3189597  -0.04604425  0.23859255 -0.22475649]
 [-0.09233993  0.00860134 -0.03026995  0.07862061  0.05222119]
 [-0.14247327  0.08907535  0.09197898 -0.0365661  -0.00869437]
 [-0.1166088  -0.1555547  -0.18258612 -0.19145204  0.1196567 ]]
U = [[ 0.11108873 -0.05107023  0.26519806  0.34727818 -0.00114238]
 [-0.43109793 -0.0106329   0.18724756  0.02594191  0.12061098]
 [ 0.1230592  -0.09673928 -0.13574718 -0.12936106  0.26034147]
 [ 0.24370864 -0.060649    0.32674372  0.02836866 -0.12219244]
 [-0.09704883 -0.0081729  -0.23300871 -0.04337633  0.08049251]]
Matrix Pair 23; W = [[ 0.33385949 -0.09327702  0.11052905 -0.15285587  0.19639755]
 [-0.03090034 -0.37256297 -0.08262392  0.25079938 -0.22266492]
 [-0.04270174 -0.01838089 -0.02557971  0.0220364   0.01795046]
 [-0.10177035  0.02349677  0.15023058  0.01291374 -0.0185673 ]
 [-0.05569455 -0.11951486 -0.19443424 -0.20528731  0.07842025]]
U = [[ 0.13588708 -0.02599487  0.23594256  0.341531    0.00211801]
 [-0.39891147 -0.06408936  0.14670134  0.0362842   0.10306604]
 [ 0.14205802 -0.10882654 -0.11496763 -0.16510012  0.20021691]
 [ 0.2333498  -0.08230198  0.35939463  0.01837589 -0.21881694]
 [-0.13849626 -0.01840747 -0.18542209 -0.09915013  0.06548203]]
Matrix Pair 24; W = [[ 0.36824225 -0.08512644  0.04636152 -0.11047814  0.1580357 ]
 [-0.05970347 -0.30856747 -0.03677614  0.26489717 -0.14209263]
 [-0.03679463 -0.06636041 -0.04154233  0.10204385  0.07673898]
 [-0.09743665  0.03653656  0.14112962 -0.05848446  0.00426965]
 [-0.05193294 -0.12626718 -0.19363051 -0.21079633  0.06920344]]
U = [[ 0.05938327  0.00752458  0.30028308  0.34109917 -0.00621469]
 [-0.43874272 -0.00231765  0.17009399  0.10864314  0.13688654]
 [ 0.07105423 -0.06693501 -0.10783507 -0.13176965  0.24963166]
 [ 0.22716276 -0.05361994  0.34914327  0.00187973 -0.12607268]
 [-0.13850239  0.04200487 -0.15219266 -0.12212649  0.03128087]]
Matrix Pair 25; W = [[ 0.31733995 -0.01569464  0.09005731 -0.11969266  0.1738103 ]
 [-0.01647742 -0.37614692 -0.07671239  0.2302755  -0.20879404]
 [-0.1089425  -0.06942296 -0.06233841  0.0684227   0.00040772]
 [-0.16098491  0.05671147  0.18659273 -0.01818749  0.01557279]
 [-0.09789638 -0.16398989 -0.17429861 -0.2110541   0.16191524]]
U = [[ 0.08501805 -0.0867736   0.20139016  0.38323267  0.03487758]
 [-0.37093255 -0.02335281  0.15178655  0.03041938  0.10313705]
 [ 0.07428961 -0.11017832 -0.14771096 -0.11278073  0.23417141]
 [ 0.27291681 -0.07697367  0.35629533 -0.04612345 -0.21631112]
 [-0.08844297  0.05339352 -0.15184673 -0.12716756  0.1085098 ]]
Matrix Pair 26; W = [[ 0.27492616 -0.03490446  0.11755872 -0.09703345  0.18633418]
 [-0.02163279 -0.32267446 -0.11545991  0.25511921 -0.14500477]
 [-0.04364306 -0.02287321 -0.09846823  0.03931635  0.05570396]
 [-0.10476322  0.03715603  0.18177849 -0.0536595  -0.02730741]
 [-0.04043879 -0.13530383 -0.23632945 -0.182096    0.11447652]]
U = [[ 0.11746406 -0.0198581   0.28900885  0.38599395  0.01421582]
 [-0.37337623 -0.02280872  0.10607979  0.10079837  0.09675149]
 [ 0.13715414 -0.05049188 -0.08195575 -0.12222593  0.28954262]
 [ 0.23688516 -0.08554395  0.3741752   0.0407801  -0.18303406]
 [-0.14004595 -0.00974577 -0.16202125 -0.12278171  0.09472165]]
Matrix Pair 27; W = [[ 0.2773572  -0.06466565  0.12165841 -0.08748901  0.17905964]
 [-0.02429374 -0.38115079 -0.09006464  0.24356517 -0.22578171]
 [-0.01812651 -0.00511107 -0.04920139  0.01739957  0.03244427]
 [-0.0719423   0.02716268  0.1193239  -0.0009816   0.0193628 ]
 [-0.07506112 -0.11560995 -0.26297174 -0.17678969  0.11487236]]
U = [[ 0.12375768 -0.05475589  0.20882611  0.32674208  0.01353833]
 [-0.35312433 -0.05350485  0.14691028  0.07678443  0.1451907 ]
 [ 0.13715509 -0.02694235 -0.15359589 -0.12996375  0.28102291]
 [ 0.30246113 -0.13893369  0.29768729  0.01200942 -0.21755161]
 [-0.12837309  0.04396327 -0.23584621 -0.06345732  0.07497465]]
Matrix Pair 28; W = [[ 0.32835579 -0.03561699  0.08557014 -0.12751272  0.21094261]
 [-0.02939721 -0.35504367 -0.1099502   0.2168783  -0.21770397]
 [-0.05699779 -0.0475144  -0.10816111  0.0440311  -0.00513077]
 [-0.12407561  0.09354589  0.17718352 -0.01423231  0.02631872]
 [-0.04112457 -0.14191494 -0.17036357 -0.19107217  0.06795803]]
U = [[ 1.19450292e-01  3.28547192e-04  2.35039828e-01  3.20335451e-01
   7.13510127e-03]
 [-4.15964677e-01  1.71282901e-02  1.97465109e-01  8.24154869e-02
   6.30380698e-02]
 [ 1.01596455e-01 -3.38923573e-02 -1.55187067e-01 -1.94638391e-01
   2.16534529e-01]
 [ 3.00513860e-01 -8.77117173e-02  3.38055522e-01  3.56271416e-02
  -2.08174037e-01]
 [-1.12408220e-01  2.39264195e-02 -2.39087046e-01 -1.26495960e-01
   7.01678562e-02]]
Matrix Pair 29; W = [[ 0.33465338 -0.04674784  0.07279385 -0.12176159  0.16564333]
 [-0.03909655 -0.3671408  -0.08446102  0.28500102 -0.16278301]
 [-0.06677144 -0.04726699 -0.08021372  0.09470559  0.02116552]
 [-0.16528445  0.03921816  0.09537971  0.00369265 -0.033388  ]
 [-0.11282506 -0.10381499 -0.25210159 -0.14359481  0.07500157]]
U = [[ 0.13131622 -0.0900709   0.22742463  0.33763123  0.00782164]
 [-0.44101214 -0.03077383  0.11242957  0.09710068  0.14049211]
 [ 0.07810938 -0.11941658 -0.08610985 -0.19889207  0.25348385]
 [ 0.25473952 -0.10691215  0.3221302  -0.03437013 -0.14475043]
 [-0.1416505  -0.0112162  -0.21186015 -0.04813556  0.0854684 ]]
Matrix Pair 30; W = [[ 0.31581566 -0.09474311  0.10321859 -0.12941557  0.19665633]
 [-0.04119419 -0.35645556 -0.07685021  0.21450931 -0.16464102]
 [-0.02581274 -0.08518416 -0.02507748  0.03129491  0.06716249]
 [-0.15323292  0.03096053  0.14470067 -0.05059566  0.04058962]
 [-0.04474696 -0.16120653 -0.23548858 -0.15260733  0.13166264]]
U = [[ 0.066071   -0.03861352  0.22621285  0.39760302 -0.01266261]
 [-0.35510652 -0.01190301  0.11155199  0.03100212  0.14544564]
 [ 0.13197675 -0.03854054 -0.17452521 -0.18363352  0.21161302]
 [ 0.28085703 -0.07698645  0.34881562  0.00565422 -0.12385076]
 [-0.08165621  0.01261564 -0.21143879 -0.0896283   0.07412102]]
Matrix Pair 31; W = [[ 0.36842189 -0.02152997  0.06305634 -0.1088806   0.15555433]
 [ 0.03621012 -0.36145355 -0.12176062  0.22743707 -0.22357479]
 [-0.10575975 -0.00533952 -0.04320283  0.03513574  0.03464834]
 [-0.09560556  0.01808113  0.1610541  -0.08586032 -0.01705901]
 [-0.05632401 -0.13103547 -0.24701129 -0.16946571  0.15867422]]
U = [[ 0.08465334 -0.04429546  0.29657458  0.31773807  0.01622292]
 [-0.38426519  0.02652228  0.17690783  0.03469096  0.07880678]
 [ 0.11209074 -0.05580063 -0.13484076 -0.18352685  0.20136325]
 [ 0.29219977 -0.08542532  0.30051073 -0.02236515 -0.19893208]
 [-0.13994     0.00162576 -0.20855653 -0.06150154  0.08223897]]
Matrix Pair 32; W = [[ 0.29340408 -0.07034947 -0.01209022 -0.18595596  0.19024141]
 [-0.07414411 -0.37023721 -0.08568369  0.26485962 -0.10402445]
 [-0.08370773  0.01928219 -0.09548766  0.07457354 -0.01262409]
 [-0.01192124  0.06321104  0.13067844 -0.0306299  -0.04797659]
 [-0.1204102  -0.05262276 -0.15792725 -0.21283144  0.16196515]]
U = [[ 0.09672336 -0.03497437  0.2358315   0.29349612 -0.07447843]
 [-0.38427659 -0.02934113  0.14052729  0.05948461  0.12374449]
 [ 0.15445324 -0.19510366 -0.15466468 -0.23698639  0.12417429]
 [ 0.24897526 -0.0815952   0.39047349  0.06939594 -0.19726838]
 [-0.15045842 -0.03064596 -0.27901477 -0.07634307  0.11926813]]
Matrix Pair 33; W = [[ 0.29172161 -0.03978598  0.04761737 -0.09415272  0.1963702 ]
 [-0.02401574 -0.43779346 -0.05651677  0.18913273 -0.12841837]
 [-0.0955499   0.09888761 -0.07877441  0.05691057 -0.06680639]
 [-0.03728261  0.02926849  0.1273843  -0.072918   -0.06275316]
 [-0.11341658 -0.05336206 -0.15101223 -0.21917846  0.09494442]]
U = [[ 0.07130408 -0.02462629  0.27462725  0.34631883 -0.02706125]
 [-0.37430888  0.0028895   0.05809339  0.06679902  0.19791523]
 [ 0.11120499 -0.16217134 -0.12967403 -0.27536706  0.15342458]
 [ 0.266856   -0.07907192  0.40342968  0.03928711 -0.19010756]
 [-0.11007739 -0.06912268 -0.2425379  -0.15062897  0.08751919]]
Matrix Pair 34; W = [[ 0.29714594 -0.09748418 -0.00222424 -0.14781934  0.22098845]
 [-0.0949738  -0.40514107 -0.04040224  0.20486363 -0.06706576]
 [-0.03379381  0.03776268 -0.04086619  0.10383096  0.01020525]
 [-0.00921732  0.07877725  0.128459   -0.08759876 -0.04289592]
 [-0.06920401 -0.09670579 -0.22012519 -0.16246258  0.15771706]]
U = [[ 0.09174298 -0.00698925  0.28664023  0.27341379 -0.03634236]
 [-0.39677976 -0.0071886   0.14430959  0.02178095  0.15623796]
 [ 0.13609429 -0.14921524 -0.20240427 -0.30711233  0.15217063]
 [ 0.22317048 -0.06403472  0.37606931  0.08764603 -0.15167961]
 [-0.12951592 -0.06495488 -0.30101323 -0.09412924  0.04035805]]
Matrix Pair 35; W = [[ 0.28137418 -0.12679565  0.01149891 -0.13115142  0.2178139 ]
 [-0.02622738 -0.38058806 -0.06770281  0.22710572 -0.14642273]
 [-0.04584193  0.07152889 -0.01900329  0.10256187 -0.02291132]
 [-0.04615094 -0.00555122  0.11642544 -0.04229539 -0.03056067]
 [-0.13386423 -0.04425962 -0.19380484 -0.19896111  0.10404935]]
U = [[ 0.11872479 -0.0217249   0.22327276  0.27981397 -0.08124425]
 [-0.39112117  0.01908873  0.10961561 -0.01027002  0.17048331]
 [ 0.15949929 -0.16302064 -0.12871537 -0.24165314  0.20166393]
 [ 0.25356012 -0.06568988  0.31063312  0.01732698 -0.1308788 ]
 [-0.16655044 -0.01574095 -0.24058464 -0.14638359  0.07945602]]
Matrix Pair 36; W = [[ 0.26313906 -0.0974133  -0.00657954 -0.10270909  0.19705292]
 [-0.06142307 -0.35088861 -0.05165802  0.24525509 -0.06901067]
 [-0.06476046  0.10240618 -0.10247347  0.05957489 -0.04895565]
 [-0.09162639 -0.00575757  0.09735156 -0.06821731 -0.04929462]
 [-0.13955361 -0.03699698 -0.25080372 -0.12772434  0.12851156]]
U = [[ 0.12539299 -0.01847881  0.23892581  0.28051354 -0.04969667]
 [-0.42084679  0.0354363   0.06646464  0.03181812  0.10434265]
 [ 0.0972475  -0.1476841  -0.20917248 -0.23826414  0.13944915]
 [ 0.2419574  -0.01344349  0.32931433  0.07594459 -0.12880407]
 [-0.1721268  -0.07454388 -0.27986644 -0.11943048  0.07402801]]
Matrix Pair 37; W = [[ 3.45514914e-01 -1.17161528e-01  3.67973581e-02 -1.77512204e-01
   1.61392941e-01]
 [-4.45267425e-02 -3.85717819e-01 -4.76639454e-02  2.08985433e-01
  -1.45107007e-01]
 [-5.53465818e-02  1.01271909e-01 -4.97373518e-02  7.08509390e-02
   1.63384951e-02]
 [-8.21859383e-02  5.75012735e-02  7.89987658e-02 -9.57113024e-02
  -7.20094889e-05]
 [-7.27986911e-02 -1.04058999e-01 -2.21790942e-01 -2.08561237e-01
   1.32969209e-01]]
U = [[ 0.09463096  0.013363    0.20956653  0.30414657 -0.01490527]
 [-0.38121992 -0.01056274  0.0947986   0.0535161   0.11993353]
 [ 0.09917236 -0.10005775 -0.18374634 -0.3071498   0.17805295]
 [ 0.27470958 -0.01676723  0.34309833  0.03234259 -0.16115969]
 [-0.11704049  0.00819109 -0.26590607 -0.13783257  0.10555714]]
Matrix Pair 38; W = [[ 0.25705412 -0.05303054 -0.00485828 -0.11817498  0.17738361]
 [-0.03965167 -0.3554086  -0.08379711  0.19944626 -0.13019868]
 [-0.03121558  0.05057114 -0.09166291  0.04786393 -0.03586689]
 [-0.02181329  0.06852655  0.09131525 -0.04769105 -0.01367565]
 [-0.11491185 -0.07327867 -0.22010573 -0.12791023  0.124246  ]]
U = [[ 0.10035321 -0.05127948  0.2718581   0.28134421 -0.0856483 ]
 [-0.39267791  0.02131479  0.11269198 -0.01288389  0.15678997]
 [ 0.14662025 -0.14323892 -0.13911254 -0.24962433  0.19940815]
 [ 0.20321636 -0.02678189  0.36591626  0.09136777 -0.12239548]
 [-0.16037881 -0.00421581 -0.26853186 -0.120349    0.02735656]]
Matrix Pair 39; W = [[ 0.28494246 -0.09699735 -0.00426652 -0.16178696  0.18009623]
 [-0.05451482 -0.39000889 -0.12514928  0.17550143 -0.1471969 ]
 [-0.05810549  0.07423716 -0.05403778  0.05528977  0.01559862]
 [-0.03003687  0.01662636  0.14373813 -0.09778915 -0.00158514]
 [-0.04992267 -0.09169549 -0.19980323 -0.14698906  0.15258513]]
U = [[ 0.10858593 -0.01164604  0.29918166  0.35962455 -0.06476997]
 [-0.38058738 -0.01186528  0.11651827 -0.02324462  0.18387962]
 [ 0.11408412 -0.17800101 -0.2189449  -0.2590849   0.18010029]
 [ 0.270663   -0.04544272  0.33377548  0.06144639 -0.12717321]
 [-0.10878794  0.0026563  -0.30225141 -0.10694837  0.08759887]]
Matrix Pair 40; W = [[ 0.34875108 -0.10781524  0.02381076 -0.16087363  0.23915115]
 [-0.06743083 -0.37612058 -0.05216382  0.20849408 -0.14323037]
 [-0.02726874  0.03059003 -0.04361006  0.02976102 -0.07003728]
 [-0.06700436  0.05866146  0.10139377 -0.11162008 -0.05964842]
 [-0.13006754 -0.04155608 -0.15381038 -0.20010571  0.0860676 ]]
U = [[ 0.09163975 -0.04046731  0.27736399  0.3226489  -0.07828885]
 [-0.41556482 -0.0510182   0.12528251 -0.00936421  0.15794761]
 [ 0.1435226  -0.190863   -0.17872414 -0.25825208  0.1589361 ]
 [ 0.18657842 -0.03577097  0.38631017  0.0595169  -0.17383455]
 [-0.11722708 -0.02784496 -0.26196067 -0.13807866  0.0504551 ]]
Matrix Pair 41; W = [[ 0.29004089 -0.04748049  0.04882181 -0.18712271  0.22701965]
 [-0.07524539 -0.35036642 -0.07399279  0.22271669 -0.14886588]
 [-0.06700851  0.03544312 -0.0224197   0.05759898 -0.02757275]
 [-0.05912233  0.04408597  0.06980138 -0.03755265 -0.08027553]
 [-0.06481078 -0.119138   -0.17484038 -0.19682038  0.15849795]]
U = [[ 0.15151241  0.00083042  0.28307527  0.27953556 -0.08104987]
 [-0.42182761 -0.02938626  0.14453782  0.05428628  0.10427848]
 [ 0.08350115 -0.1604992  -0.22731105 -0.24127394  0.18618889]
 [ 0.27632653 -0.02990383  0.35631122  0.0144865  -0.19449579]
 [-0.1521208  -0.00369443 -0.23754338 -0.09817763  0.08584517]]
Matrix Pair 42; W = [[ 0.29427999 -0.0711474   0.084966   -0.1417812   0.21672294]
 [-0.01488022 -0.3563272  -0.03329141  0.24826111 -0.1193149 ]
 [-0.08338217  0.08616948 -0.09060962  0.07947552 -0.0494816 ]
 [-0.07904655  0.0482104   0.13980502 -0.11430677 -0.05920084]
 [-0.14005571 -0.09359376 -0.21715085 -0.19508628  0.16454946]]
U = [[ 0.07136769  0.03714704  0.26042947  0.36095265 -0.01214858]
 [-0.39666216  0.00941327  0.12838243  0.00777704  0.19193407]
 [ 0.11958946 -0.19184368 -0.14468816 -0.22043214  0.11806641]
 [ 0.22522186 -0.05172836  0.35375155  0.06254396 -0.18989441]
 [-0.11899618 -0.00860034 -0.22521331 -0.0892012   0.0384415 ]]
Matrix Pair 43; W = [[ 0.29931277 -0.1239475   0.02339744 -0.12227959  0.24101858]
 [-0.07342744 -0.41215899 -0.02920387  0.19532353 -0.10200319]
 [-0.02866075  0.09563728 -0.04488658  0.11817349 -0.05054381]
 [-0.02534316  0.02273058  0.09286392 -0.10173875 -0.04220139]
 [-0.0667957  -0.08550817 -0.2254407  -0.21369615  0.15655664]]
U = [[ 0.0755346   0.00721454  0.27055637  0.27481342 -0.03181216]
 [-0.36269736  0.03513557  0.05204399 -0.01985606  0.16560372]
 [ 0.09750661 -0.14992383 -0.17566996 -0.28638966  0.1648904 ]
 [ 0.17722823 -0.04675757  0.35419187  0.06458915 -0.11382322]
 [-0.11408958 -0.0237452  -0.23555873 -0.14700383  0.0789047 ]]
Matrix Pair 44; W = [[ 0.34059095 -0.06985935  0.00783064 -0.13973021  0.21722749]
 [-0.02744794 -0.35236644 -0.07580359  0.26440618 -0.1418991 ]
 [-0.00079391  0.05907689 -0.07431249  0.04535752 -0.06957213]
 [-0.07259681  0.0719151   0.06969482 -0.05631692 -0.01707121]
 [-0.0446048  -0.08870924 -0.17058622 -0.22504777  0.16335821]]
U = [[ 0.06414433 -0.04711903  0.30063749  0.34700167 -0.06468855]
 [-0.36597603  0.02173697  0.12277045  0.00355098  0.14412834]
 [ 0.13981594 -0.17891522 -0.22210184 -0.28483624  0.14355162]
 [ 0.26826445 -0.03781332  0.3279424   0.02528044 -0.10356369]
 [-0.10528896  0.00959087 -0.21836684 -0.14486054  0.0627656 ]]
Matrix Pair 45; W = [[ 0.25851834 -0.09461186  0.06847218 -0.16573857  0.17747921]
 [-0.033951   -0.42525289 -0.03060939  0.26181523 -0.14955193]
 [-0.0156055   0.04159147 -0.09203753  0.11014772 -0.05503904]
 [-0.07864849  0.06381903  0.14042002 -0.11570059 -0.06686906]
 [-0.06134776 -0.10303987 -0.23352596 -0.20096791  0.11750508]]
U = [[ 0.0927147  -0.03485266  0.29828836  0.30128703 -0.08503644]
 [-0.38605055 -0.03262071  0.0487899   0.00286588  0.10656384]
 [ 0.14672147 -0.16998566 -0.1738705  -0.2688872   0.13069549]
 [ 0.27300173 -0.01276449  0.39849157  0.07594498 -0.16935659]
 [-0.1919433  -0.07484734 -0.28731928 -0.09223248  0.04427773]]
Matrix Pair 46; W = [[ 0.277965   -0.1332694   0.06632605 -0.12800664  0.2235588 ]
 [-0.07717104 -0.3792511  -0.03641231  0.19102929 -0.13954776]
 [-0.06681268  0.10214518 -0.05305128  0.1069991   0.02202832]
 [-0.04368083  0.07929412  0.05737601 -0.03613271 -0.07711288]
 [-0.07206778 -0.08706227 -0.18220008 -0.19032032  0.13200151]]
U = [[ 0.07513454 -0.04906364  0.26830906  0.31131922  0.00503612]
 [-0.44098565 -0.03238957  0.14461988 -0.02271428  0.19025218]
 [ 0.12961208 -0.11823802 -0.21557491 -0.28926725  0.11557543]
 [ 0.22244005 -0.08774168  0.388606    0.10426267 -0.12038064]
 [-0.09999761 -0.01871676 -0.21756043 -0.10825936  0.04762088]]
Matrix Pair 47; W = [[ 0.34194949 -0.13113042  0.04438256 -0.15315281  0.1747825 ]
 [-0.05013813 -0.42639107 -0.05816984  0.17374568 -0.07546302]
 [-0.00517651  0.02061189 -0.03678159  0.06913805 -0.05812697]
 [-0.01707664  0.07534321  0.09376393 -0.08987539 -0.02490058]
 [-0.13236648 -0.09953945 -0.20833491 -0.19487819  0.16321071]]
U = [[ 0.13828388  0.04643858  0.29205448  0.35845968 -0.05037282]
 [-0.34615134  0.0124846   0.12216597  0.00424347  0.16225342]
 [ 0.07138537 -0.14121538 -0.15477463 -0.28224632  0.13281512]
 [ 0.23431042 -0.03913081  0.37640063  0.06356397 -0.17004071]
 [-0.11947399  0.0113038  -0.25921004 -0.11847851  0.10200727]]
Matrix Pair 48; W = [[ 0.21367149 -0.06110865  0.07505767 -0.13583398  0.24091826]
 [-0.07389303 -0.38782055 -0.0885143   0.23383598 -0.07265077]
 [-0.01995621  0.01020992 -0.08405754  0.12846781  0.00180934]
 [-0.03264888  0.06610379  0.16285648 -0.05936651 -0.04586271]
 [-0.09584312 -0.13290113 -0.26502926 -0.12353686  0.10247164]]
U = [[ 0.06940112  0.02595036  0.24368408  0.36712708 -0.04505468]
 [-0.37931906  0.02468351  0.07773057  0.03147834  0.13707187]
 [ 0.05619649 -0.11302813 -0.1770396  -0.18404541  0.19718891]
 [ 0.19129399 -0.02209216  0.262808   -0.0180192  -0.21285728]
 [-0.1537295   0.04470914 -0.21350937 -0.12515438  0.04679038]]
Matrix Pair 49; W = [[ 0.31123434 -0.01550903  0.04856481 -0.16089297  0.23019072]
 [-0.01990409 -0.41356681 -0.08102401  0.25213175 -0.1585897 ]
 [-0.06162467 -0.01375687 -0.05607205  0.10392042  0.01158267]
 [-0.08596521  0.06615048  0.18271057 -0.12749282  0.00895488]
 [-0.10057519 -0.10982343 -0.26393685 -0.21007823  0.04917281]]
U = [[ 0.08320806 -0.00805985  0.25094548  0.37527544 -0.05276609]
 [-0.38347305  0.03217935  0.12738639  0.07992116  0.07830224]
 [ 0.13302012 -0.07227861 -0.17926018 -0.2534746   0.18828329]
 [ 0.22127677  0.01220483  0.28483678 -0.01550695 -0.1747075 ]
 [-0.18248743  0.00746289 -0.26933156 -0.08313744  0.02479079]]
Matrix Pair 50; W = [[ 0.26789954 -0.07779895  0.07107163 -0.1319862   0.16981625]
 [-0.09496257 -0.34115311 -0.06033293  0.21693505 -0.06656192]
 [-0.06196573  0.00710021 -0.11746338  0.06624393 -0.03798272]
 [-0.01622762  0.0271003   0.20529077 -0.05778922 -0.02259758]
 [-0.11342677 -0.12771019 -0.24212025 -0.2062883   0.07519664]]
U = [[ 0.11847109  0.05149646  0.2549046   0.33495921 -0.03072089]
 [-0.34451203 -0.01855216  0.08249348  0.0714811   0.08653722]
 [ 0.07854858 -0.09299895 -0.21938032 -0.2036872   0.19350791]
 [ 0.18517382 -0.05318111  0.30389157  0.0711315  -0.20773971]
 [-0.20212091 -0.03415601 -0.27000287 -0.10921226  0.03608149]]
Matrix Pair 51; W = [[ 0.27788367 -0.09800227  0.05328007 -0.13223119  0.20270314]
 [-0.05567854 -0.3944802  -0.0742058   0.18968846 -0.13256458]
 [-0.03675982 -0.02747784 -0.08870226  0.10002682 -0.01606278]
 [-0.10762288  0.01227859  0.19728864 -0.10883303 -0.05013695]
 [-0.05679997 -0.11254576 -0.23055369 -0.14848509  0.04922057]]
U = [[ 0.09468789 -0.03060224  0.30147973  0.3748174  -0.02883415]
 [-0.32124216 -0.0595746   0.15682691  0.02004777  0.15996155]
 [ 0.14616067 -0.0909862  -0.19420414 -0.2565246   0.19826548]
 [ 0.21351055 -0.04254888  0.23202436  0.0504336  -0.17627293]
 [-0.19405883 -0.00952845 -0.18415195 -0.07600838  0.03628032]]
Matrix Pair 52; W = [[ 2.54841967e-01 -4.41819599e-02  1.00404154e-01 -1.55242807e-01
   2.10054338e-01]
 [-3.51663597e-02 -3.77996820e-01 -6.81983503e-02  1.88984023e-01
  -1.15555982e-01]
 [-1.75365205e-02 -1.51324304e-04 -4.19319745e-02  1.28427821e-01
  -4.56531808e-02]
 [-1.00171607e-01  4.75335485e-02  1.98412108e-01 -1.20929093e-01
   3.37752157e-02]
 [-1.19400642e-01 -1.56150055e-01 -2.84341281e-01 -1.81346203e-01
   1.23258256e-01]]
U = [[ 0.07959827  0.05065812  0.22670247  0.38059978 -0.05081189]
 [-0.35874945 -0.04054267  0.08193661  0.03997525  0.12897376]
 [ 0.07141108 -0.08140232 -0.24687371 -0.23744191  0.22267311]
 [ 0.19656565 -0.00321778  0.32108333 -0.02304589 -0.15203039]
 [-0.20795259  0.0033892  -0.2024626  -0.05431022  0.09196097]]
Matrix Pair 53; W = [[ 0.29156434 -0.04841124  0.14463687 -0.16924098  0.14971928]
 [-0.03227048 -0.38048502 -0.01973161  0.21721116 -0.14224039]
 [-0.04495861  0.02793232 -0.10380207  0.07457006  0.010969  ]
 [-0.09276148  0.08505411  0.12471519 -0.08725501 -0.05702395]
 [-0.06211716 -0.09848042 -0.25934824 -0.12537564  0.07903916]]
U = [[ 0.08890631  0.01355152  0.27709249  0.33647321 -0.06775386]
 [-0.31694795 -0.00919845  0.12298408  0.09421883  0.11229791]
 [ 0.13593348 -0.11364621 -0.19051756 -0.18821285  0.15806426]
 [ 0.22395026 -0.01732299  0.24412813  0.01854636 -0.20819335]
 [-0.13397843  0.03823467 -0.27028013 -0.09684129  0.04086101]]
Matrix Pair 54; W = [[ 0.26905603 -0.03553291  0.04922408 -0.19912163  0.24818153]
 [-0.00740079 -0.40675166 -0.04007395  0.26023174 -0.1361274 ]
 [ 0.00843418 -0.02398569 -0.07321271  0.07551167 -0.02994508]
 [-0.03439183  0.03136107  0.16155833 -0.08033357 -0.04410896]
 [-0.11489294 -0.07976723 -0.25407312 -0.17185254  0.11805685]]
U = [[ 0.05335206  0.00125518  0.25452062  0.40552045 -0.06176619]
 [-0.37546647  0.01573043  0.13649424  0.04136     0.15458401]
 [ 0.07695338 -0.0851999  -0.2091855  -0.22600095  0.20969854]
 [ 0.25589604 -0.01736769  0.31366388 -0.01723776 -0.16451853]
 [-0.15575906  0.02870312 -0.19982166 -0.13842576  0.06505355]]
Matrix Pair 55; W = [[ 0.26375167 -0.01626047  0.0940472  -0.14017845  0.22448434]
 [-0.05166428 -0.42010063 -0.0028752   0.25602942 -0.11643148]
 [-0.08066648  0.04423924 -0.05310458  0.12863279 -0.03809195]
 [-0.04713128  0.08460788  0.13271212 -0.14305093 -0.05048781]
 [-0.0717769  -0.08531926 -0.22753622 -0.14499203  0.0718032 ]]
U = [[ 0.12177005 -0.02892948  0.25318597  0.40265354 -0.00816954]
 [-0.30906027  0.01607817  0.16180247  0.0700257   0.15640747]
 [ 0.1506861  -0.11967701 -0.17386198 -0.25702832  0.15728077]
 [ 0.17516078 -0.00269589  0.23875556  0.03923169 -0.14546568]
 [-0.16911747  0.01273257 -0.19818988 -0.13831011  0.08738814]]
Matrix Pair 56; W = [[ 0.24943385 -0.05945331  0.06754474 -0.12999111  0.23797527]
 [-0.05573346 -0.37224095 -0.02614534  0.19252704 -0.12618251]
 [-0.00288047 -0.03279134 -0.11988176  0.15519853  0.03873927]
 [-0.06645865  0.0840321   0.2120804  -0.08407297 -0.02834752]
 [-0.07197882 -0.12557988 -0.28116978 -0.15166565  0.05397235]]
U = [[ 0.06541256  0.05574467  0.28883049  0.31264253 -0.07300519]
 [-0.32829586  0.0242111   0.08745649  0.04260995  0.10485917]
 [ 0.10111278 -0.09452228 -0.22610809 -0.25876965  0.19871019]
 [ 0.26009305 -0.03566437  0.31623888  0.07386145 -0.14534819]
 [-0.15105663  0.00578089 -0.26378217 -0.12144423  0.05724173]]
Matrix Pair 57; W = [[ 0.29728601 -0.03355744  0.13559753 -0.19080138  0.19668109]
 [-0.0479394  -0.36568478 -0.01217914  0.19625079 -0.14311693]
 [-0.03474878  0.01128447 -0.07715456  0.14730323 -0.05266202]
 [-0.03575728  0.04575228  0.1570763  -0.10964051  0.01713543]
 [-0.11703861 -0.08808408 -0.27891913 -0.20170691  0.08429067]]
U = [[ 0.05573485  0.02309733  0.21992908  0.32051934 -0.05517024]
 [-0.34449058 -0.03476567  0.11327367  0.02962676  0.09977604]
 [ 0.0998905  -0.04224175 -0.22655826 -0.25130401  0.14798332]
 [ 0.22765495 -0.03890693  0.26395208 -0.01536473 -0.1987999 ]
 [-0.20370483  0.0009418  -0.24565749 -0.09168317  0.04935221]]
Matrix Pair 58; W = [[ 0.28752247 -0.01624567  0.06880351 -0.1779063   0.19219112]
 [ 0.00195159 -0.41230713 -0.00590518  0.23616269 -0.10578365]
 [-0.02545009  0.04736908 -0.1086007   0.15564521 -0.05236788]
 [-0.04617617  0.03970941  0.15788137 -0.13331531 -0.0297148 ]
 [-0.07513158 -0.09933286 -0.28406689 -0.11129693  0.07450492]]
U = [[ 0.07849702  0.00907398  0.28284238  0.35286898  0.013098  ]
 [-0.31693073 -0.02798464  0.12836554  0.01805492  0.14196734]
 [ 0.14786788 -0.07850854 -0.25083375 -0.18320463  0.14755536]
 [ 0.25460446 -0.01873085  0.32551329 -0.00963318 -0.22026439]
 [-0.20175966 -0.03869344 -0.24478163 -0.12392951  0.05019657]]
Matrix Pair 59; W = [[ 0.2671079  -0.00882074  0.12948418 -0.13484509  0.20841512]
 [-0.00338059 -0.40178066 -0.02519349  0.19344511 -0.07749208]
 [-0.04010191 -0.02072009 -0.05419609  0.14576528  0.02966375]
 [-0.09339052  0.08476562  0.12472061 -0.06571091  0.01674278]
 [-0.11330712 -0.12145581 -0.19933202 -0.15594191  0.12277234]]
U = [[ 0.06572354  0.06113525  0.2358581   0.35386056  0.00538266]
 [-0.34682882 -0.03981757  0.09043847  0.08416379  0.08666906]
 [ 0.08028869 -0.05624117 -0.2326285  -0.21702323  0.1478946 ]
 [ 0.24924116  0.00457801  0.2545052   0.01579123 -0.22913568]
 [-0.12910619  0.00060943 -0.21501202 -0.08771452  0.10248333]]
Matrix Pair 60; W = [[ 0.29658602 -0.0029721   0.0518417  -0.15274294  0.16629007]
 [ 0.00060343 -0.41879062 -0.01716228  0.24453484 -0.14852096]
 [-0.08102268 -0.02992045 -0.07209728  0.06400938 -0.01530304]
 [-0.07084731 -0.00656218  0.16981078 -0.14378405 -0.05344339]
 [-0.05840425 -0.11365956 -0.19495315 -0.14807799  0.10400274]]
U = [[ 0.12041152  0.00070263  0.23819437  0.39321719 -0.03159312]
 [-0.35975427 -0.02197959  0.16228374  0.05507622  0.11343848]
 [ 0.13804667 -0.120008   -0.21239856 -0.17852914  0.18928734]
 [ 0.19185263 -0.05651246  0.26581634 -0.00930444 -0.18893541]
 [-0.14794372  0.04945352 -0.27871235 -0.07646171  0.06629642]]
Matrix Pair 61; W = [[ 0.24904519 -0.01088362  0.13818988 -0.20214472  0.2472785 ]
 [-0.04289673 -0.39493892 -0.06585927  0.24267997 -0.13020765]
 [-0.05330533 -0.00980445 -0.03787785  0.14880169  0.03836284]
 [-0.10146985  0.02844424  0.13505243 -0.06931716 -0.01121179]
 [-0.0943716  -0.08492756 -0.28724817 -0.13797887  0.08440852]]
U = [[ 0.06608564  0.05207192  0.31124996  0.3741424   0.00374582]
 [-0.33379724  0.02964449  0.16133108  0.08103537  0.15809417]
 [ 0.06404598 -0.03842136 -0.24692344 -0.2069009   0.13636639]
 [ 0.24709284 -0.04428371  0.28942898 -0.01110556 -0.21604108]
 [-0.17087279  0.03350614 -0.27785954 -0.10261988  0.03529432]]
Matrix Pair 62; W = [[ 0.28147037 -0.00552478  0.04912636 -0.16121665  0.22016906]
 [-0.07727271 -0.35218568 -0.06079232  0.21988914 -0.14558194]
 [ 0.01273961  0.01801872 -0.05454063  0.09733923 -0.01482049]
 [-0.09791069  0.07695683  0.14216424 -0.0819218   0.03304411]
 [-0.11688358 -0.09304707 -0.2913249  -0.16490824  0.08151371]]
U = [[ 0.06722454  0.05880055  0.24772395  0.31795882 -0.06114812]
 [-0.38451976 -0.05516929  0.15271913  0.04964093  0.09782361]
 [ 0.08356194 -0.05179483 -0.16572367 -0.1884623   0.20664343]
 [ 0.20424404  0.02981064  0.30101738 -0.01675905 -0.14516227]
 [-0.12370618  0.03765553 -0.25042598 -0.11697609  0.05119471]]
Matrix Pair 63; W = [[ 0.22400765 -0.08014314  0.06791067 -0.17226734  0.17688896]
 [-0.03537673 -0.40488466  0.00090597  0.23336294 -0.15469505]
 [-0.0789746  -0.02209904 -0.05631993  0.12314597 -0.02879153]
 [-0.0875799   0.02388333  0.16658902 -0.12443138 -0.02813321]
 [-0.10769855 -0.13379149 -0.26495918 -0.13665509  0.0764159 ]]
U = [[ 0.13359137 -0.00062004  0.30256989  0.411077   -0.0599142 ]
 [-0.29495022  0.03285665  0.09908031  0.02270254  0.1371466 ]
 [ 0.14435835 -0.11814845 -0.20047258 -0.23560367  0.16994631]
 [ 0.17431446  0.01284371  0.32145692  0.03437003 -0.18594438]
 [-0.18971212  0.0251471  -0.27581779 -0.07792365  0.0979224 ]]
Matrix Pair 64; W = [[ 0.2758966  -0.01682156  0.035125   -0.19195684  0.21072074]
 [-0.07540225 -0.45424362 -0.11966827  0.26499623 -0.13241759]
 [-0.10140993  0.03164371 -0.07060612  0.11061744 -0.0286063 ]
 [-0.09146682  0.06405312  0.04706952 -0.10082635  0.06031478]
 [-0.01523755 -0.10628091 -0.21392012 -0.16346111  0.0647816 ]]
U = [[ 1.24596479e-01  3.10363467e-03  2.30632938e-01  3.54583890e-01
  -9.84121514e-03]
 [-4.68506516e-01  9.77690105e-03  7.76861538e-02 -2.13752968e-02
   3.55785146e-02]
 [ 1.45297073e-01 -1.51545284e-01 -1.89156809e-01 -2.75963803e-01
   1.38069153e-01]
 [ 2.70608324e-01 -1.91231730e-04  3.54557222e-01  5.89723723e-02
  -2.26375256e-01]
 [-1.20384241e-01  1.93013934e-04 -2.10525578e-01 -1.77119691e-01
   9.48390892e-02]]
Matrix Pair 65; W = [[ 0.25592602 -0.09923107  0.04939512 -0.19637574  0.21889005]
 [-0.03969749 -0.46843333 -0.11868071  0.29384246 -0.12165464]
 [-0.01796733  0.02731337 -0.03899928  0.05074225  0.03798823]
 [-0.14333451  0.05165103  0.10316776 -0.10924192  0.0030464 ]
 [-0.02199949 -0.12346261 -0.25547595 -0.20965518  0.07075386]]
U = [[ 0.12432113  0.03534023  0.24280279  0.40489967  0.00125247]
 [-0.40392743 -0.05369516  0.14862109 -0.02556318  0.00320873]
 [ 0.18105381 -0.12391951 -0.12807188 -0.27810143  0.12512632]
 [ 0.26719562 -0.04500038  0.38170242  0.0024106  -0.23238532]
 [-0.14199151 -0.01800813 -0.23416118 -0.16581759  0.12484744]]
Matrix Pair 66; W = [[ 0.23994856 -0.09841657 -0.02318217 -0.18927126  0.17876965]
 [-0.01281651 -0.38448639 -0.07249347  0.31064592 -0.08047217]
 [-0.02566916  0.07657027 -0.02785326  0.13723214  0.05671085]
 [-0.07879098  0.11881257  0.07701806 -0.08831946  0.03139246]
 [-0.05512289 -0.14603992 -0.28925209 -0.14376302  0.11456162]]
U = [[ 0.15480824  0.03232154  0.23427329  0.36925209 -0.07467515]
 [-0.40284099  0.02231297  0.11330286 -0.00585025  0.08190578]
 [ 0.1785555  -0.16323029 -0.15557855 -0.28440316  0.19160614]
 [ 0.27473236 -0.0268393   0.31015458  0.07925845 -0.20430191]
 [-0.08484237 -0.05063192 -0.27289642 -0.15516173  0.10070618]]
Matrix Pair 67; W = [[ 0.27387856 -0.11465871  0.02898334 -0.23366119  0.14049027]
 [-0.0341753  -0.46291354 -0.12766337  0.22154303 -0.17032369]
 [-0.0632325   0.07285323 -0.05919454  0.09390196  0.00185572]
 [-0.07447286  0.08201979  0.09315843 -0.05675693  0.0066832 ]
 [-0.06469022 -0.15868464 -0.23967978 -0.14085043  0.07813878]]
U = [[ 0.19222171 -0.04326891  0.26172053  0.38051145 -0.04547179]
 [-0.41886736 -0.031302    0.11891791 -0.02382792  0.04879313]
 [ 0.12439214 -0.13656151 -0.18462628 -0.22267658  0.14110146]
 [ 0.21545348 -0.09094644  0.39427448 -0.01712321 -0.21199886]
 [-0.14753025  0.00193478 -0.20948044 -0.18431063  0.1065042 ]]
Matrix Pair 68; W = [[ 0.23355062 -0.03951408  0.01476156 -0.16844103  0.22588187]
 [-0.03869828 -0.4522638  -0.08570107  0.29809822 -0.14884471]
 [-0.01856398  0.067303   -0.02717909  0.11335295 -0.00053773]
 [-0.09890967  0.07258467  0.0559373  -0.09397758  0.03464984]
 [-0.0468698  -0.11834216 -0.25623418 -0.13476121  0.11302706]]
U = [[ 0.19005724  0.03769754  0.23294638  0.35479112 -0.02175824]
 [-0.41774971  0.02433693  0.11678146 -0.01439294  0.08318436]
 [ 0.17015278 -0.18491876 -0.20622531 -0.26626346  0.16112148]
 [ 0.28409734 -0.03580785  0.37331814  0.02653679 -0.17338597]
 [-0.08520263  0.01789485 -0.26216812 -0.20769238  0.10470927]]
Matrix Pair 69; W = [[ 0.31602429 -0.04729941  0.00630647 -0.20689479  0.2050884 ]
 [-0.05633795 -0.43669503 -0.06148998  0.24139706 -0.13982745]
 [-0.05299521  0.04178962 -0.02980213  0.08440355  0.0631091 ]
 [-0.11478719  0.06936806  0.11243432 -0.08526942  0.02307259]
 [-0.03233805 -0.12846412 -0.30250944 -0.20491123  0.04869286]]
U = [[ 0.17892913  0.00127551  0.17650593  0.40008756 -0.02034462]
 [-0.48676372 -0.002254    0.15477033 -0.00933127  0.08776287]
 [ 0.18230721 -0.16284033 -0.20651021 -0.27842565  0.1817256 ]
 [ 0.26178665 -0.02691435  0.3166074   0.05103167 -0.1999511 ]
 [-0.08397959 -0.01026019 -0.24199929 -0.15114043  0.10825184]]
Matrix Pair 70; W = [[ 0.24875999 -0.05401122  0.01352109 -0.16224154  0.23581378]
 [-0.05024976 -0.39629605 -0.07655039  0.30530699 -0.11949969]
 [-0.10108577  0.07888615 -0.07929555  0.06903104  0.01177523]
 [-0.14674882  0.10236585  0.05677492 -0.11635229  0.04734691]
 [-0.0435937  -0.10411069 -0.24057603 -0.163921    0.12705499]]
U = [[ 0.17457465  0.02748652  0.21101245  0.37047751 -0.01875843]
 [-0.40211895 -0.03614636  0.0746275   0.02501264  0.02351016]
 [ 0.11024172 -0.15276183 -0.14213647 -0.28548158  0.11735443]
 [ 0.28278661 -0.00043914  0.3620933   0.06438167 -0.20530996]
 [-0.13167552  0.03016009 -0.26803814 -0.15946007  0.10452151]]
Matrix Pair 71; W = [[ 0.3038824  -0.09777669  0.02495512 -0.19928917  0.22762879]
 [-0.00531342 -0.41423113 -0.11331233  0.25528224 -0.17356207]
 [-0.0458554   0.02947779 -0.08925104  0.07652137 -0.02215714]
 [-0.14082197  0.11128695  0.10957491 -0.0593786   0.00247064]
 [-0.00630206 -0.12857712 -0.28599798 -0.21766849  0.10927903]]
U = [[ 0.16429324 -0.03465639  0.23195731  0.34241919 -0.00927584]
 [-0.47968521 -0.01286172  0.07838414  0.04089185  0.02308444]
 [ 0.15533165 -0.13811728 -0.13423984 -0.2088573   0.09781048]
 [ 0.24790144 -0.08099614  0.39303371  0.03239299 -0.2402194 ]
 [-0.14166626 -0.01321723 -0.2060594  -0.19641007  0.07053967]]
Matrix Pair 72; W = [[ 0.24540095 -0.06431038  0.04289409 -0.18938954  0.22785825]
 [-0.02644893 -0.40031486 -0.05958522  0.30039385 -0.13195654]
 [-0.04626635  0.08989929 -0.00878218  0.11028391  0.05733685]
 [-0.12982514  0.03909987  0.06769348 -0.09578444  0.01656732]
 [ 0.00410172 -0.08920308 -0.20579007 -0.21786402  0.06639476]]
U = [[ 0.18392909 -0.02498034  0.22368077  0.3601871  -0.08076184]
 [-0.45902723  0.02680629  0.1387188  -0.00124582  0.05743574]
 [ 0.13855978 -0.20252087 -0.14135865 -0.22559055  0.18650788]
 [ 0.25372113 -0.07319249  0.3784668   0.05961857 -0.18228083]
 [-0.09508182 -0.04283928 -0.22520989 -0.23864011  0.11883964]]
Matrix Pair 73; W = [[ 0.25509246 -0.06037797  0.07458015 -0.14951302  0.19900363]
 [-0.05568462 -0.42992605 -0.07620695  0.248216   -0.1121485 ]
 [-0.03151098  0.0938279  -0.0032312   0.04285844  0.03807507]
 [-0.10539442  0.04323379  0.10738502 -0.02161946 -0.02390081]
 [-0.09390632 -0.10140849 -0.25485479 -0.14907414  0.11453606]]
U = [[ 0.11679893  0.03009487  0.18162025  0.41597509 -0.0110285 ]
 [-0.45277634 -0.04097722  0.08498829 -0.04233434  0.00571826]
 [ 0.17793602 -0.17798599 -0.17818554 -0.20617729  0.12121021]
 [ 0.2109251  -0.07696367  0.33016899  0.04574778 -0.2531052 ]
 [-0.09408141  0.00360171 -0.22186855 -0.19242738  0.1042018 ]]
Matrix Pair 74; W = [[ 2.49623795e-01 -3.02673132e-02  7.18663147e-02 -2.36388228e-01
   1.73500178e-01]
 [-9.20038783e-03 -4.74362527e-01 -1.13054814e-01  2.72426322e-01
  -1.06423928e-01]
 [-1.83969844e-02  1.54288711e-02 -1.24127870e-02  8.23486315e-02
   1.18994196e-04]
 [-1.51846994e-01  1.20921733e-01  1.15807590e-01 -2.10767461e-02
   1.67512044e-02]
 [-2.47967181e-02 -7.67787968e-02 -2.61354877e-01 -1.58890506e-01
   1.16910643e-01]]
U = [[ 0.15269054  0.02712695  0.20482067  0.37783774 -0.02946543]
 [-0.40088459  0.00922319  0.0794511   0.0154081   0.09359602]
 [ 0.16143715 -0.15205334 -0.16349914 -0.21575882  0.10965583]
 [ 0.30439753 -0.07594945  0.33340947 -0.01403974 -0.24479233]
 [-0.11891498  0.02342159 -0.24173638 -0.20197122  0.09530194]]
Matrix Pair 75; W = [[ 0.25471076 -0.08696057 -0.02115718 -0.18221712  0.16987323]
 [-0.00045553 -0.43546891 -0.11755237  0.29444991 -0.08475825]
 [-0.02327441  0.0495095  -0.0751162   0.11866403 -0.01887214]
 [-0.08782255  0.06049877  0.1060561  -0.04289663 -0.02072548]
 [-0.08284106 -0.15839331 -0.26824763 -0.17258417  0.12431283]]
U = [[ 1.55138819e-01  8.94892436e-03  2.53180805e-01  3.68247957e-01
  -1.03727353e-02]
 [-4.78195391e-01  3.95632345e-03  1.09284911e-01 -6.49990908e-03
   7.00230412e-02]
 [ 1.83931822e-01 -1.25419184e-01 -1.68284360e-01 -2.53149316e-01
   1.53159457e-01]
 [ 2.32174926e-01  3.56574687e-04  3.43895738e-01  8.80636741e-03
  -1.65842097e-01]
 [-7.72903973e-02 -2.39637003e-02 -2.35402924e-01 -2.04913450e-01
   1.16323165e-01]]
Matrix Pair 76; W = [[ 0.25183279 -0.11439219 -0.00460403 -0.15750439  0.20071075]
 [-0.04353541 -0.43918273 -0.06849871  0.28194383 -0.14331736]
 [-0.08288113  0.00573332 -0.09587719  0.03981109  0.02725201]
 [-0.06090526  0.04493821  0.1364931  -0.11897392  0.00807904]
 [-0.06152285 -0.10949211 -0.24014326 -0.18595011  0.13309004]]
U = [[ 0.11010326 -0.02090746  0.17616728  0.36021963 -0.0400565 ]
 [-0.48454028 -0.04049941  0.14154946  0.01053907  0.00445703]
 [ 0.13736051 -0.13781287 -0.13035279 -0.20357628  0.17015915]
 [ 0.26039569 -0.03698498  0.36578537  0.04558317 -0.17402854]
 [-0.10031415  0.00876876 -0.1951298  -0.18230732  0.10293261]]
Matrix Pair 77; W = [[ 0.31371561 -0.02059591  0.05417101 -0.15189675  0.147504  ]
 [-0.03356636 -0.4071181  -0.11705223  0.23470611 -0.14674528]
 [-0.05521185  0.04153214 -0.09145422  0.10910935 -0.02657487]
 [-0.13137796  0.0943064   0.05503803 -0.1100698   0.02499155]
 [-0.07800283 -0.1095334  -0.23487    -0.18964847  0.04375508]]
U = [[ 0.11579915 -0.03648171  0.26111414  0.36998933 -0.00304189]
 [-0.42703134  0.0231393   0.14666567  0.0324137   0.04032026]
 [ 0.15031007 -0.17901092 -0.14550135 -0.23235968  0.10928648]
 [ 0.25989992 -0.04588689  0.38938485 -0.00631965 -0.24033843]
 [-0.10590104  0.01618241 -0.26672219 -0.21760567  0.11988292]]
Matrix Pair 78; W = [[ 0.28851888 -0.01883777  0.05537705 -0.20224552  0.21195003]
 [-0.05028658 -0.45595622 -0.0612596   0.29655769 -0.08965459]
 [-0.04233602  0.07819945 -0.03803125  0.06611761  0.03868343]
 [-0.13705461  0.08281985  0.0654873  -0.1186126   0.01479377]
 [-0.04001259 -0.11523679 -0.2857699  -0.20433986  0.06920413]]
U = [[ 0.11196645  0.0055712   0.19303749  0.32207052 -0.04813057]
 [-0.40604189  0.01664848  0.11523767 -0.0292044   0.03960727]
 [ 0.15856026 -0.14710798 -0.22197246 -0.29519382  0.13084977]
 [ 0.22383797 -0.03622053  0.33049456 -0.00618669 -0.18416425]
 [-0.1696404  -0.05440785 -0.22747139 -0.20143357  0.14013129]]
Matrix Pair 79; W = [[ 0.23537261 -0.0691812   0.07256106 -0.16386084  0.17102324]
 [-0.04036863 -0.38179675 -0.07683861  0.26823037 -0.10496701]
 [-0.05117238  0.03231351 -0.01832464  0.08797445 -0.01768046]
 [-0.13159277  0.05483348  0.06206326 -0.10650231  0.02407915]
 [-0.06955976 -0.13978083 -0.20522937 -0.1384229   0.0713965 ]]
U = [[ 0.16665952 -0.0321315   0.19860421  0.40913278 -0.03377205]
 [-0.40179928 -0.04499291  0.14260417 -0.03979646  0.06506071]
 [ 0.11670722 -0.10692742 -0.16403717 -0.21849632  0.12446771]
 [ 0.26457918 -0.02296426  0.40923168  0.04903789 -0.24580435]
 [-0.09780334 -0.04949972 -0.23215132 -0.19202323  0.05857891]]
Matrix Pair 80; W = [[ 0.28527478  0.01137376  0.04676777 -0.23501573  0.18452406]
 [-0.0471567  -0.42605213 -0.0736963   0.261821   -0.15163883]
 [-0.08780101  0.05064639 -0.08323526  0.13479213  0.01399134]
 [-0.17344077  0.01607125  0.04959313 -0.0786792  -0.03285757]
 [-0.13656813 -0.05299258 -0.30074157 -0.21968753  0.16242917]]
U = [[ 0.15832596 -0.0483275   0.26306401  0.33658723  0.03809819]
 [-0.44433326 -0.02592852  0.15488659  0.03736764  0.11101595]
 [ 0.20652768 -0.04675419 -0.19460689 -0.22698769  0.15262802]
 [ 0.17622878 -0.09220739  0.23551011  0.02923704 -0.13382942]
 [-0.12998185 -0.08098515 -0.28511653 -0.12985387  0.08372075]]
Matrix Pair 81; W = [[ 0.24669576 -0.05401533  0.09605936 -0.15320853  0.20094679]
 [-0.0487424  -0.37453527 -0.07509821  0.29229467 -0.12449551]
 [-0.03870973  0.00432561 -0.0185535   0.10367298  0.04501055]
 [-0.15463413  0.07475505  0.12038508 -0.08506231 -0.00648127]
 [-0.11364388 -0.07104649 -0.249867   -0.17697883  0.17087781]]
U = [[ 0.12283012 -0.02637527  0.24989376  0.36111419 -0.04154043]
 [-0.45599353 -0.01984138  0.17992887  0.04965466  0.05061433]
 [ 0.16006459 -0.07584478 -0.14817969 -0.20599121  0.23605738]
 [ 0.25010931 -0.03282321  0.19788534  0.0164644  -0.21649053]
 [-0.1593628  -0.09023093 -0.27541466 -0.1238689   0.0439898 ]]
Matrix Pair 82; W = [[ 0.26760178 -0.03293144  0.07122561 -0.17408901  0.19183111]
 [-0.04642341 -0.39685309 -0.12122578  0.30787302 -0.17945538]
 [-0.11461805  0.00569514 -0.02192396  0.09377872  0.05494709]
 [-0.15355128  0.02964284  0.05750057 -0.09051782  0.00267934]
 [-0.11389133 -0.07887015 -0.31139607 -0.21556484  0.10684189]]
U = [[ 0.09556528  0.01330355  0.24580801  0.36986772 -0.04328553]
 [-0.43478053 -0.07770757  0.15194649  0.02057281  0.05365957]
 [ 0.16462511 -0.09600348 -0.15569124 -0.18878934  0.2196361 ]
 [ 0.26396477 -0.05967071  0.22785695  0.00573745 -0.17976967]
 [-0.14138502 -0.02152934 -0.26944769 -0.138754    0.11968513]]
Matrix Pair 83; W = [[ 0.30175636  0.0089659   0.08151169 -0.23557359  0.20685034]
 [-0.0381353  -0.42398203 -0.06774549  0.24914811 -0.12947411]
 [-0.07467199 -0.02070297 -0.01855198  0.1310418   0.06685463]
 [-0.09238611  0.0984418   0.08270736 -0.06613556 -0.02469203]
 [-0.05721723 -0.09707446 -0.30542028 -0.24804412  0.17280213]]
U = [[ 0.17587999 -0.00481488  0.22181988  0.39061997 -0.00525184]
 [-0.45576772 -0.03544604  0.17957597  0.01817973  0.07392104]
 [ 0.16098522 -0.03010433 -0.20201155 -0.23882797  0.23458777]
 [ 0.20445826 -0.09386281  0.29325748  0.02159869 -0.20959017]
 [-0.15064769 -0.02008906 -0.28504552 -0.10607088  0.12748992]]
Matrix Pair 84; W = [[ 0.23617058 -0.02654446  0.10321785 -0.24156427  0.20488553]
 [-0.06185124 -0.36195714 -0.06237293  0.24244594 -0.09042911]
 [-0.08324481  0.00649607 -0.03192086  0.17105844  0.08433818]
 [-0.14935111  0.06573906  0.10401727 -0.04419158 -0.03482865]
 [-0.11373671 -0.12239577 -0.27067195 -0.22779193  0.17221186]]
U = [[ 0.11872672 -0.01593669  0.28631607  0.37730629  0.00615548]
 [-0.40859118 -0.07797513  0.19390828  0.0834524   0.05100574]
 [ 0.1424172  -0.06574179 -0.12977358 -0.22049124  0.17225881]
 [ 0.23994193 -0.11365283  0.22363126  0.0593944  -0.2207671 ]
 [-0.15749761 -0.09372352 -0.24713518 -0.12942843  0.08309626]]
Matrix Pair 85; W = [[ 0.27352992  0.01453814  0.06061676 -0.18673881  0.13713751]
 [-0.10397738 -0.39334354 -0.03437075  0.26093133 -0.16206568]
 [-0.0847135  -0.01953378 -0.03189854  0.16350123  0.00956258]
 [-0.10939171  0.01443354  0.10125818 -0.06198539  0.00715281]
 [-0.05900313 -0.13069657 -0.27608516 -0.2507418   0.1020254 ]]
U = [[ 0.13002342 -0.05712159  0.27547417  0.32794996 -0.04520112]
 [-0.41292612 -0.02772265  0.1998362   0.02317406  0.06792873]
 [ 0.20729104 -0.06319889 -0.12391261 -0.185699    0.20154585]
 [ 0.18666165 -0.10646406  0.2504904   0.01632006 -0.15149192]
 [-0.16405536 -0.04484745 -0.20808872 -0.15189802  0.0502665 ]]
Matrix Pair 86; W = [[ 0.24273081  0.02169087  0.05886135 -0.21683399  0.16903749]
 [-0.05708667 -0.37262078 -0.06609517  0.33110271 -0.11268709]
 [-0.09829926 -0.01684246 -0.09914234  0.14691856  0.03685258]
 [-0.15760687  0.04367641  0.07234058 -0.02121632 -0.02022124]
 [-0.05602061 -0.09470865 -0.29715325 -0.24824498  0.14040118]]
U = [[ 0.13043101  0.03500979  0.27644577  0.35257367  0.01066051]
 [-0.4268279  -0.03226012  0.16529223  0.00676798  0.04192821]
 [ 0.20093837 -0.02046986 -0.1536655  -0.18766768  0.19589475]
 [ 0.25232241 -0.09607875  0.23457749  0.04411753 -0.21801744]
 [-0.16350543 -0.03078225 -0.24360907 -0.16648502  0.11132561]]
Matrix Pair 87; W = [[ 0.22971948  0.01833073  0.10562997 -0.16162435  0.15815804]
 [-0.07208535 -0.37688855 -0.10414664  0.24422141 -0.12003413]
 [-0.02127265  0.03952614 -0.08931213  0.12786703  0.08856656]
 [-0.08329099  0.02848132  0.08490102 -0.10321001 -0.05429459]
 [-0.06050293 -0.0701932  -0.30341275 -0.19799565  0.08362813]]
U = [[ 0.13201468  0.03340777  0.28502452  0.39732804  0.02668951]
 [-0.47568426 -0.09672923  0.12610146  0.06876218  0.06503195]
 [ 0.21674812 -0.01511942 -0.1545959  -0.23758557  0.16741336]
 [ 0.23140591 -0.11764788  0.24774688  0.02665899 -0.22035794]
 [-0.15852995 -0.03969284 -0.23975669 -0.13187605  0.03932301]]
Matrix Pair 88; W = [[ 0.26826529 -0.02151646  0.06526255 -0.245031    0.13450781]
 [-0.04556587 -0.40088869 -0.11500663  0.33856504 -0.13206612]
 [-0.08531439  0.0446215  -0.09146515  0.07467119  0.06810112]
 [-0.08681251  0.05384452  0.08451044 -0.05408605 -0.08311568]
 [-0.08982282 -0.08697748 -0.25116829 -0.1976982   0.10616484]]
U = [[ 0.17932018 -0.03073318  0.26298999  0.35473372 -0.00657607]
 [-0.4026757  -0.09469264  0.18904067  0.02599692  0.06600412]
 [ 0.13511128 -0.01749858 -0.19270947 -0.24067192  0.18558271]
 [ 0.17065928 -0.08145596  0.24632791  0.06870392 -0.16724833]
 [-0.12610092 -0.02675638 -0.23882864 -0.09914402  0.10307696]]
Matrix Pair 89; W = [[ 0.31897517 -0.00847085  0.07006535 -0.19803927  0.18700056]
 [-0.08031526 -0.37091861 -0.12782384  0.29440106 -0.11438277]
 [-0.09839878  0.06802758 -0.00905933  0.08485848  0.08470616]
 [-0.16695798  0.03068338  0.06121804 -0.11883764 -0.02237079]
 [-0.13079235 -0.06143984 -0.28944313 -0.23270544  0.09467908]]
U = [[ 0.12425315 -0.05565176  0.20689766  0.37724704 -0.00318542]
 [-0.45518067 -0.03899703  0.13932048  0.02782858  0.10626823]
 [ 0.1993334  -0.11042793 -0.12839878 -0.19450608  0.20535235]
 [ 0.25969203 -0.04135296  0.21030902  0.08302181 -0.19380105]
 [-0.11466844 -0.09822403 -0.28136804 -0.10497911  0.04669058]]
Matrix Pair 90; W = [[ 0.31948143 -0.00903441  0.10798375 -0.23440853  0.16973048]
 [-0.11682254 -0.39901725 -0.10873816  0.31327834 -0.13487694]
 [-0.04896355  0.05293721 -0.08725097  0.08725267  0.01049981]
 [-0.16364835  0.06831542  0.10444128 -0.06526552  0.00996076]
 [-0.05301763 -0.03548711 -0.27155286 -0.18571708  0.13328677]]
U = [[ 0.1906068  -0.00845025  0.24900601  0.36416946  0.03611706]
 [-0.38786222 -0.06488876  0.15666571  0.10064221  0.05318092]
 [ 0.131738   -0.03252386 -0.20460175 -0.23286335  0.23089434]
 [ 0.22251649 -0.0764184   0.27515043  0.08110831 -0.188315  ]
 [-0.13496172 -0.06292137 -0.24219122 -0.10030344  0.10504672]]
Matrix Pair 91; W = [[ 0.26179485 -0.02630977  0.06903416 -0.15463427  0.2063517 ]
 [-0.03651077 -0.41503315 -0.03495985  0.2653944  -0.1230681 ]
 [-0.03072561 -0.01554321 -0.05057313  0.13071522  0.08420507]
 [-0.15686095  0.08679457  0.12546554 -0.09575068 -0.00083816]
 [-0.11835627 -0.0436617  -0.23208787 -0.18595543  0.14770884]]
U = [[ 1.80609009e-01 -2.79678787e-02  2.45986506e-01  3.37619046e-01
  -3.72430839e-02]
 [-4.03492613e-01 -6.11305197e-02  1.18593544e-01  6.37845621e-02
   7.46188593e-02]
 [ 1.98007669e-01 -1.10768930e-01 -1.77509924e-01 -1.87623057e-01
   2.29846683e-01]
 [ 2.12272574e-01 -4.08029205e-02  2.23077357e-01  3.67857495e-04
  -2.10327586e-01]
 [-9.29881515e-02 -8.17735515e-02 -2.63256981e-01 -1.16645395e-01
   8.64748248e-02]]
Matrix Pair 92; W = [[ 0.31085222 -0.0638007   0.07610179 -0.20070033  0.19743068]
 [-0.03265957 -0.3956978  -0.1042942   0.27279814 -0.09794835]
 [-0.06420266  0.0185374  -0.06883482  0.1664281   0.04903617]
 [-0.11579291  0.01647121  0.07352064 -0.11774061 -0.04436852]
 [-0.13447375 -0.05535461 -0.30197645 -0.23840884  0.11203879]]
U = [[ 0.13993508  0.04089278  0.21043448  0.34553484  0.01564519]
 [-0.4173719  -0.05316794  0.15184512  0.01745842  0.04786666]
 [ 0.21686045 -0.03638634 -0.16928711 -0.15426251  0.1908693 ]
 [ 0.25010021 -0.05322503  0.25238546  0.04252634 -0.13354358]
 [-0.12186985 -0.08331411 -0.23790908 -0.12979957  0.11560899]]
Matrix Pair 93; W = [[ 0.28165655 -0.02200858  0.05233958 -0.20979563  0.12738228]
 [-0.07400997 -0.41057321 -0.03722704  0.3203508  -0.09041954]
 [-0.11482331 -0.01393549 -0.08253879  0.16709227  0.03473887]
 [-0.1196998   0.01954453  0.11409233 -0.06267649 -0.06964464]
 [-0.10249707 -0.11647223 -0.30551338 -0.18303739  0.08779337]]
U = [[ 0.18251433 -0.04347121  0.29053095  0.35613513  0.02373529]
 [-0.44615664 -0.07134565  0.16688514  0.07522135  0.08755263]
 [ 0.21853157 -0.06174379 -0.13995189 -0.20355608  0.14621381]
 [ 0.22078229 -0.09960043  0.20220561  0.0405831  -0.17628315]
 [-0.09256839 -0.05073853 -0.27278433 -0.1359754   0.11383121]]
Matrix Pair 94; W = [[ 0.25283312  0.0231561   0.05437062 -0.20321978  0.16306462]
 [-0.03220584 -0.34190878 -0.09642554  0.30964878 -0.14710715]
 [-0.04308773  0.05039948 -0.02591647  0.09360337  0.01151995]
 [-0.11892267  0.06861585  0.08580048 -0.03053433 -0.03453711]
 [-0.08766455 -0.09034656 -0.28664907 -0.17295837  0.13449732]]
U = [[ 0.1044227  -0.00700545  0.27274021  0.31120699  0.03274362]
 [-0.41096955 -0.07660469  0.19409986  0.086993    0.05998033]
 [ 0.18069803 -0.0357567  -0.12864018 -0.21521222  0.18015786]
 [ 0.18520434 -0.08718042  0.25847349  0.01361653 -0.1466836 ]
 [-0.13304048 -0.0292425  -0.20082678 -0.17658374  0.07520423]]
Matrix Pair 95; W = [[ 0.26703655  0.02341037  0.10501225 -0.21142932  0.13182734]
 [-0.06596583 -0.41920915 -0.07435663  0.29077952 -0.17935116]
 [-0.06826084 -0.00067575 -0.10808332  0.11170333  0.02192323]
 [-0.13392362  0.07529035  0.1422136  -0.11273852 -0.04273606]
 [-0.07122454 -0.1288367  -0.27640863 -0.22080454  0.11689638]]
U = [[ 0.12284692 -0.02291832  0.20730171  0.30093529  0.00308777]
 [-0.4719492  -0.10856775  0.11352913  0.09439605  0.12421304]
 [ 0.20470636 -0.08818558 -0.12825187 -0.2505582   0.20596949]
 [ 0.21797195 -0.02920463  0.25511111  0.05000655 -0.17016749]
 [-0.17362115 -0.05841988 -0.25991516 -0.13514162  0.08664718]]
Matrix Pair 96; W = [[ 0.32254669 -0.07875578  0.05970024 -0.15885103  0.13632227]
 [-0.05269022 -0.43245301 -0.0899824   0.24599296 -0.13959894]
 [-0.07459123 -0.03770754 -0.03232134  0.10954855 -0.04511272]
 [-0.06431142  0.05694236  0.07305313 -0.03886388 -0.03939658]
 [-0.08562597 -0.0770983  -0.2594844  -0.18982234  0.17517007]]
U = [[ 0.07636102  0.01508764  0.26916542  0.32949777  0.00741817]
 [-0.38795803 -0.12670482  0.12505967  0.06272777  0.00852857]
 [ 0.13897284 -0.05791742 -0.13817925 -0.2620333   0.13988849]
 [ 0.19713366 -0.0566263   0.31992052 -0.03007691 -0.25284719]
 [-0.14505001 -0.11643735 -0.16609737 -0.05546783  0.00467981]]
Matrix Pair 97; W = [[ 0.30788451 -0.03247929  0.03741993 -0.17605144  0.12141583]
 [-0.0350072  -0.4695307  -0.12769643  0.21787663 -0.13372769]
 [-0.04617337 -0.01176797 -0.0311697   0.04814424 -0.00125012]
 [-0.06413293  0.03735627  0.1464086  -0.0429221  -0.03606148]
 [-0.08342644 -0.1137639  -0.25722016 -0.17546854  0.14630711]]
U = [[ 0.05750486  0.04446596  0.24784964  0.32175794 -0.02934815]
 [-0.33346553 -0.10172385  0.15097317  0.06701183  0.04695581]
 [ 0.07311341 -0.11049276 -0.16053723 -0.31298677  0.14013167]
 [ 0.20085349 -0.07238646  0.25768375 -0.05661288 -0.30121983]
 [-0.11670411 -0.10480123 -0.19792122 -0.05515002  0.03466222]]
Matrix Pair 98; W = [[ 0.24861886 -0.03226672  0.08076686 -0.10836305  0.14844372]
 [-0.04549651 -0.43983506 -0.12325883  0.26131037 -0.16557293]
 [-0.05284193 -0.04759403 -0.0130964   0.03458745 -0.02515503]
 [-0.07542341  0.10742141  0.0611687  -0.06963939 -0.02333553]
 [-0.09107369 -0.05689253 -0.16935575 -0.16631966  0.13833755]]
U = [[ 0.13674359  0.01725637  0.24499988  0.28689363 -0.05166665]
 [-0.34088045 -0.06234552  0.12578237  0.06167387  0.04157788]
 [ 0.13094934 -0.04119788 -0.16212027 -0.25983744  0.17350847]
 [ 0.2140133  -0.03513345  0.24653483 -0.03045515 -0.28240482]
 [-0.1247147  -0.05912274 -0.25802461 -0.09605629 -0.0058647 ]]
Matrix Pair 99; W = [[ 0.29882142 -0.03624359  0.1059123  -0.17161984  0.14121286]
 [-0.09969301 -0.46103237 -0.11798476  0.23766094 -0.16224558]
 [-0.01514688  0.04702879 -0.07289444  0.02669518 -0.01783996]
 [-0.08471486  0.05814668  0.07801846 -0.05275715  0.01639086]
 [-0.16823202 -0.11797688 -0.22016262 -0.19031534  0.09918035]]
U = [[ 0.0746785   0.0261181   0.19938119  0.34460427 -0.03279303]
 [-0.33513477 -0.09345804  0.15897474  0.13050758  0.05301035]
 [ 0.1226397  -0.08818112 -0.12119729 -0.24583909  0.15751369]
 [ 0.17257056 -0.03612639  0.34214095  0.00367009 -0.29319711]
 [-0.19072217 -0.14148947 -0.23842249 -0.10688953  0.04744672]]
Matrix Pair 100; W = [[ 0.31472824 -0.05820825  0.10260614 -0.0903725   0.14202658]
 [-0.09111935 -0.37942214 -0.11288245  0.20399148 -0.16978325]
 [-0.08742452 -0.01107807 -0.06079606  0.01786424 -0.04829389]
 [-0.09013039  0.09406884  0.13921382 -0.05658953  0.02171759]
 [-0.14827704 -0.03246279 -0.20365991 -0.23820726  0.16205925]]
U = [[ 6.84627379e-02  3.29727687e-04  2.48021501e-01  3.80390950e-01
  -7.97865211e-02]
 [-3.97369971e-01 -1.29297852e-01  8.65939800e-02  8.66046979e-02
   5.15280734e-02]
 [ 1.35903992e-01 -1.90604720e-02 -1.74042704e-01 -2.61319633e-01
   1.96618814e-01]
 [ 2.28454243e-01 -6.97339730e-03  2.81438967e-01  3.13523335e-02
  -2.23834085e-01]
 [-1.39306585e-01 -1.07780485e-01 -2.58261977e-01 -1.24393797e-01
   1.51444362e-02]]
Matrix Pair 101; W = [[ 0.25569924 -0.06514891  0.09465258 -0.17778249  0.13423643]
 [-0.08289275 -0.44251123 -0.0748736   0.23706832 -0.12625681]
 [-0.01278208  0.00931644 -0.062183    0.0990071  -0.07187653]
 [-0.00290378  0.04632478  0.14848711 -0.09387089 -0.03889384]
 [-0.10323184 -0.11088298 -0.16976808 -0.17113627  0.09139543]]
U = [[ 0.08481589 -0.00621732  0.25567819  0.32408959 -0.00585826]
 [-0.39939707 -0.11962285  0.12748169  0.13003855  0.01106582]
 [ 0.15132407 -0.10729563 -0.1114067  -0.31166875  0.14315336]
 [ 0.24747683 -0.06126937  0.2668451  -0.03800384 -0.25251079]
 [-0.10069436 -0.1016494  -0.1930179  -0.11854511  0.02281052]]
Matrix Pair 102; W = [[ 0.27792756 -0.0010581   0.03990678 -0.1193617   0.20102651]
 [-0.08576105 -0.38697686 -0.10884829  0.20315041 -0.17108812]
 [-0.06866692 -0.04398651 -0.09686071  0.06547526 -0.0044436 ]
 [-0.02612228  0.04819669  0.14987212 -0.02404671 -0.04965079]
 [-0.12294696 -0.1162508  -0.25481427 -0.17694006  0.10348616]]
U = [[ 0.11728412 -0.02401464  0.21744058  0.34633322 -0.0751008 ]
 [-0.32600983 -0.10549953  0.09039596  0.06103324  0.00303434]
 [ 0.1151267  -0.10101141 -0.15237146 -0.24827697  0.18916351]
 [ 0.20194016 -0.0286831   0.33706324  0.00750998 -0.28201681]
 [-0.1694931  -0.07568539 -0.23900284 -0.08090122  0.05735674]]
Matrix Pair 103; W = [[ 0.26586441 -0.02941317  0.03069566 -0.11016613  0.14659341]
 [-0.05032042 -0.44128862 -0.09147808  0.17999104 -0.0938129 ]
 [-0.0806397   0.00834189 -0.03767414  0.11051745 -0.02148295]
 [-0.06544325  0.03589332  0.12925341 -0.11003053  0.01175515]
 [-0.09236273 -0.0557978  -0.22852069 -0.19421767  0.08897596]]
U = [[ 0.15236717  0.06045256  0.22657763  0.32576168 -0.01863552]
 [-0.40277248 -0.10160212  0.09351291  0.09958924  0.00289907]
 [ 0.07824329 -0.06040596 -0.15969921 -0.30105852  0.20221317]
 [ 0.18694134 -0.03675795  0.27250226 -0.03166081 -0.25267474]
 [-0.12206069 -0.06386541 -0.21235244 -0.1197233   0.03678974]]
Matrix Pair 104; W = [[ 0.24648911 -0.00825541  0.04829245 -0.10023043  0.13058077]
 [-0.03663154 -0.46275714 -0.11760287  0.22661535 -0.10061463]
 [-0.06706068 -0.01093651 -0.06165487  0.04024085 -0.01390844]
 [ 0.0026378   0.02123485  0.07529991 -0.07255699  0.03210505]
 [-0.11998223 -0.06779164 -0.21322289 -0.15778411  0.16794685]]
U = [[ 0.06919569  0.04962545  0.26019863  0.34095238 -0.04308557]
 [-0.38148364 -0.11704698  0.15064322  0.12004736  0.00262045]
 [ 0.10326713 -0.03815624 -0.19256459 -0.22059557  0.17008394]
 [ 0.2041375  -0.07897492  0.27837665  0.01547487 -0.26082033]
 [-0.11311565 -0.13650808 -0.20880442 -0.09701769  0.04312665]]
Matrix Pair 105; W = [[ 0.27359616  0.00959686  0.06228584 -0.15556636  0.20372007]
 [-0.05114153 -0.45283833 -0.07498515  0.25539145 -0.15313446]
 [-0.086719   -0.02961235 -0.00767529  0.05263016 -0.02509662]
 [-0.05685751  0.0276697   0.1485654  -0.08202743 -0.05686748]
 [-0.11726158 -0.04649013 -0.20084008 -0.19569074  0.17329962]]
U = [[ 0.12889355  0.06484041  0.25597162  0.30822107 -0.07444748]
 [-0.37386162 -0.11249173  0.06936033  0.09038099  0.04038834]
 [ 0.09500795 -0.09795236 -0.11728676 -0.2350837   0.17481782]
 [ 0.19591968 -0.02869165  0.32123812  0.01786097 -0.25043599]
 [-0.10536334 -0.04775126 -0.20845103 -0.12245056  0.00087184]]
Matrix Pair 106; W = [[ 2.81004001e-01 -3.71478888e-04  7.57176146e-02 -1.41874037e-01
   1.16520487e-01]
 [-5.27338058e-02 -4.20466904e-01 -1.10604506e-01  2.53512672e-01
  -1.51526530e-01]
 [-6.04064856e-02  8.64320454e-03 -7.58829355e-02  1.85329548e-02
  -7.13613204e-02]
 [-3.43385057e-02  8.15627519e-02  1.55047993e-01 -9.05879197e-02
  -1.16574305e-03]
 [-1.58438592e-01 -9.26935929e-02 -2.45110316e-01 -1.61943650e-01
   8.67485370e-02]]
U = [[ 0.09142717  0.05764344  0.244201    0.32649723 -0.03860212]
 [-0.40646448 -0.1096694   0.11014815  0.1353706   0.07049599]
 [ 0.12720984 -0.10997187 -0.11539812 -0.27386246  0.16845434]
 [ 0.18659016 -0.04248735  0.34338361  0.02515218 -0.25139124]
 [-0.15009026 -0.1338164  -0.19522967 -0.13925019  0.00244322]]
Matrix Pair 107; W = [[ 0.30853994 -0.07087372  0.0674684  -0.08540678  0.15333431]
 [-0.04643058 -0.43446917 -0.10182762  0.16747695 -0.14555345]
 [-0.069218    0.01054595 -0.04223957  0.06903543 -0.01549419]
 [-0.07430567  0.0771096   0.11298869 -0.0703591  -0.0126006 ]
 [-0.1616521  -0.05108696 -0.25584118 -0.20506365  0.18081278]]
U = [[ 0.11885834  0.00123115  0.26786173  0.38067947 -0.00994173]
 [-0.3801452  -0.05165065  0.11096903  0.08179381  0.05938859]
 [ 0.07995527 -0.04063443 -0.14165821 -0.30676646  0.19714452]
 [ 0.25610185 -0.0184091   0.30943487 -0.02311858 -0.24444721]
 [-0.11408611 -0.11046817 -0.24530127 -0.11253587  0.06434227]]
Matrix Pair 108; W = [[ 0.29205084 -0.00723369  0.10104469 -0.11834962  0.18888873]
 [-0.03342627 -0.37361637 -0.13915491  0.16351999 -0.1814236 ]
 [-0.10227195 -0.0251283  -0.09283879  0.06970036  0.00278389]
 [-0.00950845  0.0760803   0.10414429 -0.07767593 -0.01768035]
 [-0.15090596 -0.06629092 -0.21105213 -0.24152871  0.17972941]]
U = [[ 0.1015156   0.05287373  0.20078799  0.35909655 -0.05851715]
 [-0.36807943 -0.10864921  0.09587951  0.06815389  0.02795668]
 [ 0.13574463 -0.04111394 -0.18725514 -0.26864659  0.13782623]
 [ 0.20443283 -0.03217498  0.27983767 -0.02633666 -0.28638768]
 [-0.11312738 -0.06424048 -0.25456511 -0.1140513  -0.01979097]]
Matrix Pair 109; W = [[ 0.33090143 -0.06439571  0.0293376  -0.16541434  0.19757014]
 [-0.04629202 -0.44670983 -0.1287791   0.22825589 -0.17371293]
 [-0.02792175 -0.04206618 -0.07029304  0.03994233  0.00801576]
 [-0.08645258  0.0960936   0.12609049 -0.10935782 -0.05363351]
 [-0.16550812 -0.04589897 -0.25936705 -0.23262681  0.14113124]]
U = [[ 0.14915415  0.07158695  0.19333594  0.29296034 -0.06811252]
 [-0.37289847 -0.13904318  0.06773692  0.06339264  0.05748313]
 [ 0.147623   -0.11205949 -0.13404773 -0.23239958  0.20098238]
 [ 0.17077346 -0.0325712   0.28073118 -0.02848041 -0.30450285]
 [-0.18805717 -0.04395088 -0.19004959 -0.1212631   0.00900172]]
Matrix Pair 110; W = [[ 0.33491932 -0.04323168  0.06906252 -0.1493933   0.16642975]
 [-0.09207415 -0.4163756  -0.05471431  0.23705943 -0.12694292]
 [-0.10209795 -0.0408185  -0.05217166  0.08073854  0.00870936]
 [-0.08231549  0.05727263  0.12094259 -0.06756254  0.01076529]
 [-0.15451794 -0.09308765 -0.17458743 -0.1582752   0.11235801]]
U = [[ 0.11220724  0.05914064  0.21812152  0.32867402 -0.02637893]
 [-0.39079037 -0.08961196  0.0722113   0.06594652  0.05838993]
 [ 0.07710826 -0.10345938 -0.17861827 -0.24644868  0.17979496]
 [ 0.24003299  0.01073822  0.29650922  0.02993962 -0.26064854]
 [-0.19123539 -0.0551806  -0.21852882 -0.10229909  0.02636797]]
Matrix Pair 111; W = [[ 0.29229813 -0.00397755  0.0359941  -0.11473789  0.17255044]
 [-0.10644799 -0.43450614 -0.07694032  0.26068633 -0.13064648]
 [-0.0881666   0.0169558  -0.08381455  0.03293981 -0.01616568]
 [-0.0039459   0.08434199  0.09506043 -0.03843973  0.02102288]
 [-0.08174326 -0.10692086 -0.25770148 -0.1866636   0.1733565 ]]
U = [[ 0.08399322  0.06001562  0.23625523  0.31179426 -0.02685986]
 [-0.3390555  -0.05111587  0.06713929  0.09425458  0.08343187]
 [ 0.16139422 -0.09025527 -0.18118795 -0.21980733  0.19562228]
 [ 0.23475016 -0.06056579  0.30245282  0.00758591 -0.21431431]
 [-0.12132616 -0.13111678 -0.21708584 -0.06586129  0.01139517]]
Matrix Pair 112; W = [[ 0.28248864 -0.05409667  0.09001294 -0.15195571  0.16952355]
 [-0.03664562 -0.37182717 -0.12333709  0.24689352 -0.1162949 ]
 [-0.06833837 -0.02536446 -0.04590089  0.11696818 -0.00820657]
 [-0.1133966   0.02833883  0.15478041 -0.05957311 -0.0151825 ]
 [-0.06909516 -0.07053998 -0.23695497 -0.14114857  0.08572194]]
U = [[ 0.09828174 -0.02173461  0.2818114   0.33600296 -0.08285801]
 [-0.33106902  0.03119042  0.08512259  0.10133023  0.11383947]
 [ 0.06289094 -0.09848008 -0.12383229 -0.20841296  0.2061373 ]
 [ 0.18099653 -0.00240115  0.35727436  0.06224056 -0.15967118]
 [-0.19270381 -0.01736943 -0.21989738 -0.05860221 -0.0087017 ]]
Matrix Pair 113; W = [[ 0.25222169 -0.03941166  0.13630593 -0.11854258  0.12634974]
 [-0.06269649 -0.44274    -0.12357029  0.27742758 -0.11122783]
 [-0.08513211  0.04104223 -0.07547764  0.09962858  0.05580755]
 [-0.10927265  0.06097816  0.09679042 -0.05958684 -0.07667551]
 [-0.11203317 -0.08702742 -0.21557588 -0.14134491  0.136425  ]]
U = [[ 0.1267442   0.01151877  0.25163791  0.28965673 -0.02180416]
 [-0.30365049 -0.01140095  0.13231217  0.10675039  0.07807488]
 [ 0.04794912 -0.10714722 -0.19038304 -0.17702195  0.17963953]
 [ 0.22154811 -0.07909169  0.32070057  0.04262906 -0.12511408]
 [-0.15440115 -0.06493407 -0.22861403 -0.06990911  0.03334725]]
Matrix Pair 114; W = [[ 0.28024762  0.00598016  0.09546436 -0.17408625  0.16907079]
 [-0.04479559 -0.36063745 -0.13388703  0.24266409 -0.08640255]
 [-0.08153728 -0.00576439 -0.12632567  0.09698016  0.05234391]
 [-0.0867386   0.08817621  0.13620589  0.01143486 -0.01661764]
 [-0.10051965 -0.10356948 -0.18521175 -0.16151199  0.07623059]]
U = [[ 0.13556081  0.01375412  0.30175363  0.34888311 -0.06619011]
 [-0.32692834 -0.04720843  0.12440422  0.09390738  0.10506369]
 [ 0.04064074 -0.11028295 -0.14249317 -0.16867333  0.15875848]
 [ 0.25633372 -0.07619903  0.33704606  0.08461754 -0.19925325]
 [-0.12940404 -0.05731934 -0.2277873  -0.00741474 -0.01256372]]
Matrix Pair 115; W = [[ 0.25411448 -0.02155759  0.10849947 -0.14171275  0.15736583]
 [-0.04244245 -0.39016394 -0.06959996  0.22402953 -0.15591845]
 [-0.07398906  0.04640557 -0.06581487  0.07311588  0.01225724]
 [-0.06383352  0.06837621  0.15104514 -0.04589031 -0.05865774]
 [-0.09727064 -0.07813388 -0.24013844 -0.15599375  0.10401201]]
U = [[ 0.1003305   0.01236184  0.29105807  0.34121467 -0.08581101]
 [-0.30191218 -0.04738124  0.1035765   0.06559095  0.14014995]
 [ 0.04077457 -0.14439151 -0.17341793 -0.1923654   0.16824399]
 [ 0.24914923 -0.04594495  0.34926346  0.07250228 -0.19584108]
 [-0.14004582 -0.03373643 -0.19866042  0.01132597  0.0401789 ]]
Matrix Pair 116; W = [[ 0.28448437 -0.04400128  0.13240652 -0.17166921  0.16924452]
 [ 0.01786731 -0.42793463 -0.05637489  0.24651552 -0.11858419]
 [-0.08015607 -0.02687685 -0.04970836  0.08125172  0.01737852]
 [-0.07037118  0.06121279  0.14659328  0.00245183 -0.05276345]
 [-0.12441272 -0.14096842 -0.24942099 -0.15626411  0.13519903]]
U = [[ 0.13493813  0.01592144  0.26892066  0.33424028 -0.09488052]
 [-0.36592309 -0.05118517  0.13524637  0.04202511  0.1307607 ]
 [ 0.02186688 -0.14207466 -0.16262979 -0.20266127  0.22506221]
 [ 0.24614659  0.00166492  0.30662863  0.05303816 -0.13849908]
 [-0.11182026 -0.07586516 -0.21794543 -0.00745618  0.04380381]]
Matrix Pair 117; W = [[ 0.26426806  0.00783169  0.10982758 -0.15139224  0.17995238]
 [-0.03632381 -0.4187502  -0.06992426  0.26624632 -0.11423198]
 [-0.03352411  0.01988899 -0.09271153  0.15879391  0.05328493]
 [-0.03074355  0.10136656  0.11595439 -0.02713984 -0.04513605]
 [-0.13525624 -0.09092759 -0.16776935 -0.17913682  0.0705908 ]]
U = [[ 0.15478895  0.06518736  0.30606266  0.27412254 -0.08174964]
 [-0.35597995 -0.04886334  0.07395345  0.08073082  0.14127937]
 [ 0.10759812 -0.15873938 -0.13487938 -0.24880541  0.22110185]
 [ 0.23637071 -0.01343315  0.30597567  0.04737708 -0.15923635]
 [-0.09781078 -0.08196768 -0.19580644  0.00835827  0.03124173]]
Matrix Pair 118; W = [[ 0.23356451 -0.06390098  0.08327278 -0.17221258  0.14861728]
 [-0.06130874 -0.38461826 -0.14636052  0.26481182 -0.08856977]
 [ 0.00369763  0.05549278 -0.13445758  0.08795734  0.03834444]
 [-0.09476724  0.02791919  0.12500657 -0.00763604 -0.0788446 ]
 [-0.13753505 -0.07173552 -0.1989712  -0.15212345  0.05597308]]
U = [[ 0.12454671  0.03181738  0.27073845  0.30561539 -0.07437376]
 [-0.35393483  0.01184852  0.14415003  0.07618471  0.08925871]
 [ 0.06666141 -0.06287485 -0.21273843 -0.23866923  0.17939779]
 [ 0.1987845  -0.01781857  0.34973551  0.00745327 -0.15780296]
 [-0.11389638 -0.00638626 -0.28421864 -0.03034097  0.01243863]]
Matrix Pair 119; W = [[ 0.22199976 -0.06306398  0.12771366 -0.13560706  0.16438525]
 [-0.05962728 -0.36877744 -0.13892916  0.21161874 -0.11405695]
 [-0.09176526  0.04362904 -0.10447714  0.15459792 -0.02820161]
 [-0.07866572  0.03565759  0.13755796  0.01505214 -0.07808986]
 [-0.06393147 -0.0679472  -0.23985944 -0.15527117  0.08719272]]
U = [[ 0.09524101  0.06032995  0.24741853  0.33579195 -0.05652257]
 [-0.35776043 -0.04331579  0.13895542  0.08955643  0.0878796 ]
 [ 0.08049026 -0.08702904 -0.20554751 -0.19475731  0.20915007]
 [ 0.21689783  0.010313    0.32024288 -0.00387388 -0.12004881]
 [-0.18097302 -0.03647301 -0.24030167 -0.01374437  0.05386138]]
Matrix Pair 120; W = [[ 0.29414717 -0.07458125  0.088494   -0.14319794  0.17211068]
 [-0.01250813 -0.38086384 -0.0644751   0.2649503  -0.16013992]
 [-0.08536485  0.00904202 -0.08406932  0.1149874  -0.02141863]
 [-0.12120953  0.03771546  0.13052893 -0.07212394  0.01527428]
 [-0.07350343 -0.12597114 -0.19277793 -0.17154317  0.15480061]]
U = [[ 0.15137881  0.02973409  0.30597693  0.25855313 -0.06920937]
 [-0.36994704  0.01474744  0.13797025  0.07266602  0.08746056]
 [ 0.09803854 -0.0840836  -0.16547886 -0.16570549  0.1630858 ]
 [ 0.20727744 -0.0067619   0.2687938   0.05126517 -0.12849126]
 [-0.12811803 -0.03199128 -0.20641286 -0.07066041 -0.01036429]]
Matrix Pair 121; W = [[ 0.27094371 -0.0409111   0.13952435 -0.14803818  0.15727575]
 [ 0.00438904 -0.36498716 -0.11365703  0.24199212 -0.13084844]
 [-0.05583529  0.06415668 -0.12838318  0.1073364   0.011495  ]
 [-0.03554981  0.10241715  0.12784093 -0.03667926 -0.0073223 ]
 [-0.09206607 -0.06358976 -0.21165856 -0.1307887   0.12215105]]
U = [[ 0.15537763  0.03685848  0.25734236  0.3143314  -0.10554981]
 [-0.32870501  0.03119165  0.0888762   0.02815315  0.1034137 ]
 [ 0.07782869 -0.1398657  -0.15113602 -0.22999928  0.23481884]
 [ 0.23934937 -0.00656114  0.3409817   0.0500672  -0.14416155]
 [-0.12001752  0.00518097 -0.21804118 -0.01389209  0.04180784]]
Matrix Pair 122; W = [[ 0.23851781 -0.05442241  0.07828544 -0.13745369  0.15318625]
 [-0.01182149 -0.43722326 -0.13189281  0.21165643 -0.09084913]
 [-0.0122564   0.05658234 -0.07338344  0.11637697  0.03038385]
 [-0.09595286  0.0959378   0.15153367  0.01025379 -0.00828234]
 [-0.08518226 -0.11008167 -0.21407957 -0.14461238  0.07392164]]
U = [[ 0.16648587  0.03286721  0.28182586  0.34172847 -0.09099105]
 [-0.34858067  0.01161638  0.1509678   0.05909737  0.13389666]
 [ 0.06143932 -0.13379683 -0.14665432 -0.18887047  0.2035856 ]
 [ 0.23640161 -0.05487386  0.35480722  0.04235784 -0.16121014]
 [-0.10126865 -0.07297095 -0.2799184  -0.01827854  0.05567211]]
Matrix Pair 123; W = [[ 0.25810389 -0.03419072  0.12958706 -0.12098758  0.14276761]
 [-0.04250854 -0.43355469 -0.13782316  0.1875305  -0.12749894]
 [-0.0753747   0.01413328 -0.11601927  0.11144757  0.06148625]
 [-0.09473832  0.06624097  0.11304967 -0.06008082 -0.03801946]
 [-0.07471278 -0.06775908 -0.15556918 -0.19167189  0.11291477]]
U = [[ 0.15181185 -0.01070544  0.29290177  0.32661432 -0.09110825]
 [-0.29104993  0.00190316  0.11018594  0.09943344  0.12644631]
 [ 0.0144643  -0.16189611 -0.17848203 -0.25027579  0.15240168]
 [ 0.25938618 -0.05077048  0.32547405  0.06481426 -0.15217983]
 [-0.17177481 -0.08254204 -0.20856648 -0.07065304  0.06609323]]
Matrix Pair 124; W = [[ 0.25385643 -0.02115493  0.12378733 -0.10666841  0.14374083]
 [-0.05458581 -0.4418751  -0.13264778  0.18931551 -0.09640858]
 [-0.00882159 -0.01127335 -0.03832717  0.1329951   0.02310866]
 [-0.03075203  0.10802462  0.11532133  0.00637697  0.01741805]
 [-0.14314849 -0.08993922 -0.18259644 -0.19081037  0.08240853]]
U = [[ 0.10656343  0.05026887  0.28221962  0.28736716 -0.08071601]
 [-0.35463599 -0.0335389   0.09525123  0.05739582  0.1545872 ]
 [ 0.09125358 -0.07509104 -0.18660808 -0.20386087  0.20248866]
 [ 0.26671304  0.0182278   0.30054635  0.01984071 -0.15210918]
 [-0.11294677 -0.0715648  -0.2424786  -0.07667483 -0.02458901]]
Matrix Pair 125; W = [[ 0.28957827  0.00519957  0.07088841 -0.17838924  0.12117015]
 [-0.05666736 -0.3980052  -0.09842821  0.26494276 -0.09956778]
 [-0.07063911  0.05477675 -0.12960631  0.12517987 -0.00404686]
 [-0.03957842  0.03357254  0.16325523 -0.00334211 -0.01855732]
 [-0.08344975 -0.05080813 -0.2236963  -0.12619737  0.09147774]]
U = [[ 0.12660033 -0.00400798  0.26943715  0.27530549 -0.0191325 ]
 [-0.36885145 -0.00843275  0.10769002  0.06544154  0.10670329]
 [ 0.0524106  -0.1405903  -0.14570014 -0.21263503  0.1477903 ]
 [ 0.23141619 -0.0424913   0.35939876  0.04673713 -0.18101072]
 [-0.13654203 -0.0678681  -0.22166796 -0.00385707  0.03070762]]
Matrix Pair 126; W = [[ 0.24765582 -0.03808986  0.1427823  -0.1498312   0.09592546]
 [ 0.01852588 -0.43448918 -0.08798436  0.25500856 -0.14923322]
 [-0.06897311  0.00436937 -0.11115985  0.13830365 -0.02945965]
 [-0.10741206  0.06133926  0.09947929 -0.06909603 -0.03602439]
 [-0.12934149 -0.06264562 -0.19310713 -0.18121322  0.07194449]]
U = [[ 0.13880724 -0.00423471  0.26418067  0.30346461 -0.05876291]
 [-0.36582899 -0.04027621  0.10038971  0.0437639   0.09278092]
 [ 0.08628753 -0.08740084 -0.15650067 -0.2266949   0.2351637 ]
 [ 0.20416768 -0.02474395  0.32041889  0.06753058 -0.14333883]
 [-0.14376714 -0.03493597 -0.19027553  0.00398303  0.00317532]]
Matrix Pair 127; W = [[ 0.29510135 -0.04451517  0.08901034 -0.11410158  0.15067105]
 [ 0.01845142 -0.41131859 -0.09036019  0.20829316 -0.15858467]
 [-0.08291242  0.03443375 -0.08305037  0.1152102   0.01438731]
 [-0.09149604  0.10355648  0.1413768   0.01772368  0.00124638]
 [-0.05385763 -0.0499982  -0.17509569 -0.19779002  0.10878283]]
U = [[ 0.13005351  0.05092621  0.24212873  0.27278608 -0.01689398]
 [-0.36370078 -0.00470342  0.08833445  0.10271401  0.12514298]
 [ 0.07377313 -0.13123758 -0.19156102 -0.1632152   0.2302946 ]
 [ 0.17330615 -0.05526882  0.30210722  0.06400531 -0.18944075]
 [-0.17158559 -0.01272871 -0.28980435 -0.02551686  0.03521417]]
