Epoch: 87Matrix Pair 0; W = [[ 0.32474386 -0.06182863  0.00372104 -0.07123915  0.14018022]
 [-0.04734121 -0.36607673 -0.04603505  0.19753566 -0.13335851]
 [-0.09801498  0.01600077 -0.05291296  0.0919043   0.07452548]
 [-0.07372918  0.06572114  0.1397034  -0.04692802 -0.04361012]
 [-0.15017909 -0.03104176 -0.14760512 -0.17715518  0.07555857]]
U = [[ 0.10890434  0.03322874  0.29189105  0.41269759  0.01760476]
 [-0.28863135 -0.01333107  0.05120773  0.06816254  0.09597925]
 [ 0.11209608 -0.13938551 -0.08727354 -0.1695711   0.12175631]
 [ 0.21628446 -0.0018842   0.25464657  0.00333454 -0.1907225 ]
 [-0.15142545 -0.00680482 -0.23444996 -0.04322007  0.05111345]]
Matrix Pair 1; W = [[ 0.30824829  0.00046082  0.00296117 -0.11492491  0.09768198]
 [-0.03168832 -0.41951387 -0.04480924  0.20202052 -0.15400892]
 [-0.02764771  0.00383935 -0.02647255  0.06665422  0.06053836]
 [-0.0273623   0.0984345   0.15405003 -0.128887   -0.08545772]
 [-0.12664298 -0.09357512 -0.22163351 -0.16142886  0.02972787]]
U = [[ 0.11952803  0.01195811  0.26298195  0.35712162 -0.04926051]
 [-0.24591169  0.00982661  0.00888725  0.09465826  0.15039353]
 [ 0.05126966 -0.10140007 -0.12275568 -0.21390202  0.13143814]
 [ 0.31274976 -0.07975389  0.22519837 -0.00323709 -0.19507931]
 [-0.15825352  0.04366105 -0.30620624 -0.02533272  0.08595077]]
Matrix Pair 2; W = [[ 0.33446652 -0.08999634  0.06134426 -0.10026071  0.11356179]
 [ 0.00870141 -0.45991316 -0.00972     0.23825202 -0.15332549]
 [-0.08819336 -0.00070437 -0.08665992  0.13330343  0.00471627]
 [-0.07581135  0.08663613  0.1716581  -0.07317205 -0.0848752 ]
 [-0.11158117 -0.04418126 -0.1572493  -0.14381386 -0.00599803]]
U = [[ 0.11265885  0.0680376   0.28831519  0.33138434  0.00184887]
 [-0.30159386 -0.02465879  0.06482305  0.10183838  0.17589119]
 [ 0.07632014 -0.11817883 -0.10493453 -0.1377802   0.12975396]
 [ 0.29613451 -0.02760129  0.27996226  0.05437961 -0.13663106]
 [-0.16679186  0.01063438 -0.23081622  0.02497043  0.07497606]]
Matrix Pair 3; W = [[ 0.29852731 -0.08683897  0.08453785 -0.08747013  0.09266126]
 [-0.02217495 -0.42505309 -0.07272649  0.19108071 -0.11138906]
 [-0.03824859  0.01269338 -0.04680537  0.12546432  0.0533139 ]
 [-0.01907619  0.13823899  0.21274343 -0.0629972  -0.02514904]
 [-0.1420882  -0.11385564 -0.17990962 -0.12570302  0.06233608]]
U = [[ 0.07911699  0.02854225  0.24609185  0.38881018 -0.04218056]
 [-0.30752711 -0.06175834  0.0890873   0.13239442  0.16870928]
 [ 0.07899725 -0.12808354 -0.17314602 -0.21831241  0.17494775]
 [ 0.23966195 -0.06096644  0.23057452  0.06986295 -0.19770265]
 [-0.18326895  0.03062714 -0.23963225 -0.00143437  0.06828648]]
Matrix Pair 4; W = [[ 0.29367903 -0.08392717  0.02116408 -0.10446242  0.13832993]
 [ 0.04339131 -0.45607088 -0.0156624   0.21888744 -0.15277122]
 [-0.10469073  0.01997617 -0.06023815  0.07954886  0.06755097]
 [-0.00331593  0.0935716   0.18872272 -0.07423177 -0.01250088]
 [-0.11601369 -0.05780453 -0.18228893 -0.15118968  0.01735845]]
U = [[ 0.10592604  0.01142822  0.29023663  0.37565417 -0.07626873]
 [-0.33844781 -0.05926109  0.08428529  0.13162609  0.10649514]
 [ 0.0940889  -0.15736746 -0.11373203 -0.14778616  0.11482786]
 [ 0.30489208 -0.08067346  0.3011103   0.02642472 -0.2224881 ]
 [-0.13610852  0.0295974  -0.28444252 -0.00836714  0.07550323]]
Matrix Pair 5; W = [[ 0.30884359 -0.06208619  0.08537724 -0.06307881  0.13757053]
 [-0.04552395 -0.41541931 -0.03405739  0.2221762  -0.09813279]
 [-0.0836454  -0.01508669 -0.09547952  0.09647629  0.05003621]
 [-0.03881992  0.09728576  0.13032978 -0.05583332 -0.04016945]
 [-0.05144662 -0.08868531 -0.14657086 -0.19701937  0.06409074]]
U = [[ 0.12205702  0.05327619  0.33189935  0.41067793 -0.03572697]
 [-0.30391013 -0.06050409  0.01174634  0.123493    0.14441506]
 [ 0.07407541 -0.13854198 -0.17419609 -0.1924597   0.10928231]
 [ 0.30273814 -0.0007372   0.24405064  0.08194928 -0.13793719]
 [-0.20255183  0.02766125 -0.27743079 -0.02664023  0.0209458 ]]
Matrix Pair 6; W = [[ 0.29183751 -0.02797606  0.01258679 -0.10084812  0.15009374]
 [ 0.02278662 -0.38247345 -0.01554528  0.15745754 -0.14326855]
 [-0.05168289 -0.01620686 -0.10475215  0.09877445  0.06473719]
 [-0.02137497  0.06682109  0.19172307 -0.09206391 -0.02238166]
 [-0.13428199 -0.09671556 -0.16669972 -0.18373232  0.03503212]]
U = [[ 0.06142125  0.03254664  0.24289875  0.34438922  0.01459269]
 [-0.30385233 -0.04652291  0.04161762  0.14025351  0.10922872]
 [ 0.06583243 -0.11326455 -0.10959158 -0.20850576  0.15991898]
 [ 0.26862004 -0.05922737  0.30915526  0.06393472 -0.20319545]
 [-0.15442146  0.06585262 -0.26482441 -0.0479934   0.01640475]]
Matrix Pair 7; W = [[ 0.31090114  0.006569    0.02230855 -0.06221565  0.13502155]
 [ 0.00932089 -0.41052229 -0.01052344  0.19105485 -0.06589736]
 [-0.06350057  0.02094379 -0.09447601  0.10329566  0.06669874]
 [-0.04032262  0.15456502  0.15767281 -0.04734739 -0.0023944 ]
 [-0.05974904 -0.0249525  -0.18307998 -0.12866453  0.03639091]]
U = [[ 0.06515457  0.09735998  0.31051519  0.40979176 -0.02320671]
 [-0.29649723 -0.05772521  0.04072111  0.06150409  0.12396741]
 [ 0.12799341 -0.16958274 -0.0974809  -0.18393488  0.12468205]
 [ 0.30980106  0.01139367  0.24467653  0.04370469 -0.14837214]
 [-0.12150274  0.02548634 -0.26797044  0.01716234  0.04364968]]
Matrix Pair 8; W = [[ 0.33153977 -0.02846534  0.06052782 -0.07800484  0.13253907]
 [ 0.0012027  -0.40237344 -0.03695329  0.1854702  -0.12936415]
 [-0.12316926 -0.0660692  -0.09398622  0.09529057  0.07233733]
 [-0.07123103  0.09817509  0.16285211 -0.12926896 -0.01340189]
 [-0.05367384 -0.05500814 -0.1580689  -0.11632758 -0.00091907]]
U = [[ 0.14544358  0.04292386  0.27043137  0.42250575 -0.07661412]
 [-0.31653976 -0.00175441  0.07075475  0.05867101  0.17500167]
 [ 0.1152257  -0.18113023 -0.13636576 -0.17572647  0.13322531]
 [ 0.26060476 -0.01224315  0.28297943  0.01363523 -0.14778955]
 [-0.173493    0.06461874 -0.26618126 -0.01627871  0.07651693]]
Matrix Pair 9; W = [[ 2.46908035e-01  6.32582924e-03  7.84461626e-02 -1.30181576e-01
   1.33487167e-01]
 [-2.32088414e-03 -4.35699987e-01 -9.61299090e-02  2.37023965e-01
  -7.99162163e-02]
 [-8.24089519e-02 -8.40881044e-03 -6.05088652e-02  4.72335608e-02
   3.72328439e-04]
 [-5.06659999e-02  1.61300277e-01  1.94760454e-01 -8.06791383e-02
  -3.78099254e-02]
 [-1.46928996e-01 -9.00825197e-02 -1.98173159e-01 -1.34141131e-01
   6.90009860e-02]]
U = [[ 0.08476083  0.08319394  0.25620064  0.41583063  0.01974081]
 [-0.33497455  0.00462322  0.05263454  0.0622498   0.17324275]
 [ 0.1082657  -0.11776848 -0.10896071 -0.20585182  0.12679732]
 [ 0.26931276 -0.03401059  0.29764605  0.02749243 -0.19854222]
 [-0.15923912  0.03372794 -0.28698011  0.02753108  0.04279431]]
Matrix Pair 10; W = [[ 0.33751568 -0.04752499  0.09192365 -0.08412068  0.14118816]
 [-0.01423935 -0.44021172 -0.06961503  0.19063065 -0.11183411]
 [-0.10390984  0.00258224 -0.09072705  0.10074779 -0.0178644 ]
 [-0.08787226  0.06365595  0.17137567 -0.08121809 -0.0007606 ]
 [-0.11692443 -0.02978385 -0.2068656  -0.15603528  0.04891679]]
U = [[ 0.10485275  0.08466926  0.27810799  0.42037181 -0.04988496]
 [-0.33779087  0.00846151  0.01960633  0.10791226  0.17545881]
 [ 0.14840896 -0.14936068 -0.11126991 -0.14000026  0.12814464]
 [ 0.23165968 -0.04474049  0.22475541 -0.00888054 -0.19318947]
 [-0.11479034  0.07452727 -0.26296522  0.03509632  0.07452036]]
Matrix Pair 11; W = [[ 0.29008505 -0.0731577   0.0783835  -0.1060736   0.11854796]
 [-0.04150794 -0.43222452 -0.0690871   0.16547134 -0.10038802]
 [-0.03539656 -0.04227632 -0.11213466  0.11749775  0.00075194]
 [-0.06730446  0.15587171  0.17271246 -0.07951398 -0.02816429]
 [-0.14197779 -0.0668924  -0.18349015 -0.12053303  0.05242015]]
U = [[ 0.14157327  0.01369171  0.25441339  0.36831615 -0.07270561]
 [-0.33693637 -0.05835389  0.05740367  0.08825797  0.14537959]
 [ 0.05979509 -0.12944526 -0.10551283 -0.17489957  0.17607602]
 [ 0.27352302 -0.00697965  0.25266987  0.06646765 -0.20781395]
 [-0.20896769  0.05330478 -0.23125382 -0.02537077  0.00447763]]
Matrix Pair 12; W = [[ 0.29822921 -0.03282597  0.04787881 -0.1390675   0.14839289]
 [ 0.03198249 -0.37251522 -0.1007981   0.19561844 -0.09528318]
 [-0.07704754 -0.03940131 -0.07317554  0.13838454  0.07244876]
 [-0.06338101  0.07511539  0.2227398  -0.1219451  -0.01077272]
 [-0.09726971 -0.03211607 -0.19044226 -0.10484567  0.00791438]]
U = [[ 0.08287193  0.02039367  0.26234291  0.38938032 -0.04111653]
 [-0.26450258 -0.0075687   0.03178239  0.1250637   0.16380872]
 [ 0.07862351 -0.12514259 -0.14760163 -0.15196743  0.16481825]
 [ 0.22266149 -0.03639099  0.26480967  0.040451   -0.19274158]
 [-0.11604055  0.04654187 -0.26044128 -0.01173296  0.04818196]]
Matrix Pair 13; W = [[ 0.28918347  0.00356073  0.08499427 -0.1259366   0.10832348]
 [ 0.03185272 -0.45674848 -0.03646888  0.15879475 -0.14843888]
 [-0.04343884 -0.03447179 -0.0783579   0.11875571  0.0103117 ]
 [-0.0604733   0.07302247  0.1803495  -0.03816111 -0.08346303]
 [-0.13137233 -0.02517621 -0.16963765 -0.12563953  0.04102459]]
U = [[ 0.10836342  0.08998499  0.29468345  0.41093186 -0.00895214]
 [-0.2565801  -0.05694242  0.08532003  0.07013298  0.12758961]
 [ 0.05484413 -0.12088331 -0.1145056  -0.15090012  0.10951997]
 [ 0.26124039 -0.05103774  0.27615373  0.07259042 -0.18042132]
 [-0.17972184  0.01457668 -0.31227796 -0.02221514  0.0795171 ]]
Matrix Pair 14; W = [[ 0.3085382  -0.07467553 -0.00067168 -0.05886453  0.12813411]
 [ 0.00978826 -0.43253869 -0.0034599   0.2234856  -0.09231941]
 [-0.08157813  0.01322132 -0.0531431   0.08964358  0.02013261]
 [ 0.00123577  0.14346364  0.14800334 -0.04074315 -0.03449188]
 [-0.10935994 -0.10236825 -0.17498307 -0.19483129  0.07057218]]
U = [[ 0.08978444  0.01622924  0.29148173  0.33533627 -0.05532601]
 [-0.25938138 -0.07345688  0.05716766  0.11093743  0.14869684]
 [ 0.08282774 -0.13480258 -0.1345488  -0.17657441  0.13508587]
 [ 0.27503047 -0.07558842  0.27590965  0.04471534 -0.22168193]
 [-0.17681131  0.01355527 -0.27463289 -0.02849649  0.05953251]]
Matrix Pair 15; W = [[ 2.52746835e-01 -6.86782264e-02  5.78111440e-02 -6.05301277e-02
   1.34634194e-01]
 [ 4.56047042e-02 -3.88322113e-01 -8.43209859e-02  2.08944386e-01
  -1.27437028e-01]
 [-1.21306886e-01 -2.47673254e-02 -1.21984979e-01  1.13656020e-01
  -3.02769955e-03]
 [ 1.70722771e-04  1.33626919e-01  1.56585100e-01 -1.13109088e-01
  -4.12283274e-02]
 [-1.49061772e-01 -2.93939346e-02 -1.89286527e-01 -1.45358768e-01
   7.01810559e-02]]
U = [[ 0.0711605   0.05344722  0.2576199   0.36315091 -0.02502887]
 [-0.34137651 -0.08552613  0.00639025  0.11983417  0.14256052]
 [ 0.14585261 -0.09695248 -0.08537456 -0.20323524  0.09040388]
 [ 0.26788294 -0.0033921   0.30694732  0.07323229 -0.15805406]
 [-0.12804891  0.05832149 -0.25068351 -0.0140612   0.0311942 ]]
Matrix Pair 16; W = [[ 0.27535792 -0.03891304  0.06149972 -0.19030116  0.16981333]
 [-0.10700487 -0.31102658 -0.07326449  0.14940825 -0.16738919]
 [-0.03374671  0.05978784 -0.00531582  0.04764387 -0.04359259]
 [-0.04631456  0.13364635  0.0898007  -0.1109672  -0.019343  ]
 [-0.10019428 -0.1089376  -0.19364888 -0.25885238  0.07492646]]
U = [[ 0.1858371   0.06549473  0.16898253  0.37743255 -0.02293039]
 [-0.32455893 -0.12395675  0.06074258  0.11065841  0.14034878]
 [ 0.04269951 -0.14437504 -0.15077864 -0.16555871  0.22577785]
 [ 0.22603769 -0.02334606  0.32427252  0.06928349 -0.21992649]
 [-0.15993966 -0.02396129 -0.23110096 -0.12002472  0.00252582]]
Matrix Pair 17; W = [[ 0.28293517 -0.05405111  0.07254695 -0.12958034  0.15559387]
 [-0.09458417 -0.35312361 -0.08091715  0.23152634 -0.14744359]
 [-0.10924027  0.06886855 -0.07619266  0.05864165 -0.0071092 ]
 [-0.07933959  0.07509967  0.05637888 -0.13198479 -0.09505032]
 [-0.13100435 -0.10155972 -0.19744302 -0.1895337   0.0670565 ]]
U = [[ 0.15876824  0.07279827  0.1915397   0.36290773 -0.05277384]
 [-0.29864418 -0.09332375  0.02307139  0.12414309  0.12950024]
 [ 0.02432631 -0.07476486 -0.18159781 -0.17931865  0.16059325]
 [ 0.19561812 -0.06566169  0.29238523  0.03026936 -0.19781576]
 [-0.13868239 -0.07234366 -0.25135644 -0.06306047  0.03924657]]
Matrix Pair 18; W = [[ 0.25586461 -0.01218502  0.11040136 -0.16503048  0.2073631 ]
 [-0.07487866 -0.33910524 -0.07176493  0.21302606 -0.13074641]
 [-0.02645662  0.02245021 -0.06684263  0.1297797  -0.02962241]
 [-0.06931433  0.09148412  0.06703566 -0.07518876 -0.06336347]
 [-0.09115638 -0.11619145 -0.18894247 -0.24579658  0.01360556]]
U = [[ 0.14364046  0.02217872  0.17015712  0.4482093  -0.02521864]
 [-0.32067385 -0.06486718  0.04205571  0.10503701  0.10569773]
 [ 0.09318473 -0.15613893 -0.17672968 -0.17607978  0.22562862]
 [ 0.28037652 -0.03351151  0.32909436  0.07235334 -0.18339838]
 [-0.17817666 -0.07291019 -0.23727408 -0.09598677  0.0035712 ]]
Matrix Pair 19; W = [[ 0.22152522 -0.00959279  0.05079654 -0.15709445  0.18600625]
 [-0.11184057 -0.36425801 -0.0763796   0.24140882 -0.1467301 ]
 [-0.06329708  0.00824891 -0.08350695  0.04229703  0.03395874]
 [-0.03577859  0.0896408   0.10983003 -0.09077742 -0.06654683]
 [-0.06170584 -0.0857394  -0.21766894 -0.17608846  0.00787826]]
U = [[ 0.12905898  0.01880867  0.21886142  0.38701221 -0.01419351]
 [-0.27270906 -0.06131146  0.10884844  0.12112236  0.10910893]
 [ 0.06393379 -0.09902857 -0.14423294 -0.23249517  0.21108502]
 [ 0.22535211 -0.04009942  0.28999214  0.04035056 -0.23929922]
 [-0.11995293 -0.06294917 -0.30358467 -0.07322317 -0.0308677 ]]
Matrix Pair 20; W = [[ 0.28037762 -0.06582735  0.03814126 -0.15365796  0.20599767]
 [-0.11134235 -0.36966641 -0.00171345  0.1637999  -0.19694   ]
 [-0.09255388  0.00324484 -0.03873431  0.03096803  0.01759713]
 [-0.08350059  0.07304358  0.10476532 -0.04000965 -0.06171226]
 [-0.08164122 -0.13645117 -0.17404099 -0.19981956  0.003006  ]]
U = [[ 0.18019575  0.07669037  0.23194708  0.40477196 -0.07069195]
 [-0.32700818 -0.04132462  0.06684929  0.11634842  0.07499698]
 [ 0.10701322 -0.09268701 -0.11072205 -0.19619289  0.18043118]
 [ 0.26770549 -0.08092202  0.24871115  0.10141418 -0.27978764]
 [-0.09437076 -0.01539325 -0.27421084 -0.04330685  0.00747547]]
Matrix Pair 21; W = [[ 0.25970417 -0.01585716  0.0555206  -0.12368402  0.18219383]
 [-0.07670973 -0.35397172 -0.02646697  0.21332854 -0.13351849]
 [-0.05128731  0.00734102 -0.02432006  0.11852053 -0.03933827]
 [-0.021699    0.10350821  0.0796312  -0.05926953 -0.08969293]
 [-0.09610702 -0.11720522 -0.13526959 -0.22507029  0.07617608]]
U = [[ 0.10647409  0.05962416  0.25429134  0.42293613 -0.0361092 ]
 [-0.30405532 -0.07635646  0.01962058  0.07195763  0.09490774]
 [ 0.06331123 -0.0890186  -0.10870875 -0.23574805  0.15453423]
 [ 0.25132624 -0.02830712  0.27157045  0.03619328 -0.24343846]
 [-0.13187109 -0.02599742 -0.32415382 -0.0474708   0.01501877]]
Matrix Pair 22; W = [[ 0.27952425 -0.02463727  0.06712832 -0.18524149  0.21528124]
 [-0.10003973 -0.38215307 -0.02201613  0.17475321 -0.15496746]
 [-0.07498462  0.01167507 -0.09638507  0.04499562  0.01293001]
 [-0.00236957  0.14697447  0.07812329 -0.04879513 -0.01903232]
 [-0.07857696 -0.10375754 -0.21287865 -0.2453967   0.08300645]]
U = [[ 0.13160059  0.02708561  0.21150788  0.41337377 -0.05779387]
 [-0.31540362 -0.1206671   0.01718563  0.07637163  0.07251942]
 [ 0.08630822 -0.15425072 -0.13367053 -0.23389273  0.15658809]
 [ 0.21853201 -0.01754957  0.30650202  0.03687084 -0.21420474]
 [-0.13449998 -0.0497924  -0.22831771 -0.08335646  0.00515942]]
Matrix Pair 23; W = [[ 0.28755321 -0.0547725   0.12988737 -0.20759742  0.16761715]
 [-0.03212203 -0.34302934 -0.0389591   0.19680548 -0.1879791 ]
 [-0.02363901  0.05490629 -0.04059959  0.05256928  0.02169553]
 [-0.07134332  0.14187763  0.06240383 -0.09082587 -0.05632666]
 [-0.14962352 -0.05792224 -0.22295433 -0.25056361  0.01649678]]
U = [[ 0.12926427  0.07335101  0.17251823  0.44290795 -0.03886328]
 [-0.31384171 -0.10009344  0.11459534  0.10576537  0.04690191]
 [ 0.03908617 -0.08798455 -0.11159485 -0.1487648   0.15089207]
 [ 0.24040306 -0.00363543  0.31493431  0.05922711 -0.20804654]
 [-0.18320342 -0.08032946 -0.26621743 -0.12225652 -0.00215996]]
Matrix Pair 24; W = [[ 0.27189981 -0.04292474  0.0598131  -0.20486715  0.16864076]
 [-0.05353183 -0.30724222  0.01275417  0.18570216 -0.1118291 ]
 [-0.04027056  0.07383893 -0.0234051   0.09838781  0.04238692]
 [-0.03691182  0.14568614  0.07603007 -0.04483256 -0.05948681]
 [-0.0674307  -0.12508799 -0.20533856 -0.17293082  0.04357248]]
U = [[ 0.15056557  0.02922244  0.23752591  0.38822468  0.00963099]
 [-0.32310943 -0.08260148  0.09587747  0.06873     0.10103233]
 [ 0.04743722 -0.12972061 -0.16207833 -0.17263161  0.22881042]
 [ 0.240328   -0.00294122  0.31619256  0.07022936 -0.19430466]
 [-0.17887342 -0.03266329 -0.3022932  -0.10492604  0.02710315]]
Matrix Pair 25; W = [[ 0.23246493 -0.05245364  0.07253772 -0.19772641  0.15036716]
 [-0.08705874 -0.40048418 -0.06709178  0.23418178 -0.10563375]
 [-0.10013953  0.0207152  -0.00462638  0.06087802 -0.02368746]
 [ 0.00585905  0.10075619  0.05521701 -0.10743318 -0.10328497]
 [-0.08983948 -0.12583743 -0.14454551 -0.24720343  0.01036408]]
U = [[ 0.10804218  0.04387478  0.20097008  0.4533838   0.01385199]
 [-0.31613011 -0.05708295  0.02845045  0.02848283  0.04935349]
 [ 0.01567783 -0.12256217 -0.12882061 -0.22671258  0.18288211]
 [ 0.1951128  -0.0875119   0.32654111  0.01159005 -0.19018327]
 [-0.09735211  0.01311477 -0.32195684 -0.03793474  0.03320788]]
Matrix Pair 26; W = [[ 0.31802612 -0.03826018  0.04299995 -0.13259367  0.22864359]
 [-0.03129446 -0.36648031 -0.01761649  0.22824887 -0.10418048]
 [-0.04654025  0.00288237 -0.0252409   0.04302045 -0.04856241]
 [-0.07355867  0.14856558  0.11953881 -0.13056277 -0.01803187]
 [-0.08920187 -0.14508001 -0.22341226 -0.20184971  0.01653201]]
U = [[ 0.11156364  0.0555338   0.16440864  0.36884929 -0.02283345]
 [-0.34953599 -0.07516065  0.09436297  0.11731388  0.06532053]
 [ 0.02881159 -0.08969771 -0.16131892 -0.17514075  0.17447567]
 [ 0.25134256 -0.03707399  0.3096235   0.02448066 -0.27851786]
 [-0.19251995  0.0070254  -0.24587075 -0.06543133 -0.03127279]]
Matrix Pair 27; W = [[ 0.24767753 -0.08573971  0.04736203 -0.22033271  0.21069927]
 [-0.02717502 -0.37563145 -0.05898807  0.20960639 -0.19653042]
 [-0.08091056  0.01337779 -0.0180394   0.04672064 -0.02307968]
 [-0.00165156  0.12624446  0.05712966 -0.1238871  -0.04387951]
 [-0.11995751 -0.08235735 -0.17112498 -0.23743986 -0.00272526]]
U = [[ 0.14191152  0.01112425  0.1583854   0.45512732  0.01003212]
 [-0.25676446 -0.08425638  0.06458382  0.07538641  0.09457045]
 [ 0.0687599  -0.07056426 -0.10835265 -0.14506131  0.1522738 ]
 [ 0.21155446 -0.08203282  0.25357141  0.00964869 -0.19890881]
 [-0.15323638 -0.01796524 -0.31218311 -0.08688054 -0.00526089]]
Matrix Pair 28; W = [[ 0.24153468 -0.03168963  0.08006354 -0.16000848  0.21149861]
 [-0.07346799 -0.31048611 -0.04538591  0.2243806  -0.15108299]
 [-0.08408546  0.01479154 -0.0323865   0.09842587  0.01661959]
 [-0.084637    0.08059485  0.08517235 -0.09091188 -0.03714527]
 [-0.15705792 -0.08278001 -0.19793842 -0.20605865  0.03850774]]
U = [[ 0.11079531 -0.00100345  0.18675526  0.4069101  -0.04401807]
 [-0.31571104 -0.07357224  0.09282822  0.11577937  0.08115106]
 [ 0.08222727 -0.14660601 -0.11965087 -0.18206537  0.21547162]
 [ 0.24849499 -0.02336553  0.32742791  0.05771018 -0.24183815]
 [-0.14140924 -0.0791181  -0.26020632 -0.10773862 -0.03194406]]
Matrix Pair 29; W = [[ 0.29208904 -0.03372138  0.04201177 -0.13981655  0.1736006 ]
 [-0.06836558 -0.36370666 -0.00461864  0.16106471 -0.15357173]
 [-0.0754366   0.04987853 -0.03056798  0.030842   -0.01945351]
 [-0.04889886  0.10422911  0.10604452 -0.1244214  -0.08635035]
 [-0.10424407 -0.1012893  -0.18233145 -0.25213006  0.06629878]]
U = [[ 0.13069465  0.09157619  0.22190131  0.41729262  0.00598718]
 [-0.32541802 -0.07967433  0.08309911  0.09038027  0.05572313]
 [ 0.09579611 -0.09590596 -0.1347651  -0.16980479  0.15701227]
 [ 0.25123076 -0.02194217  0.25415065  0.04282582 -0.25313007]
 [-0.16187996  0.01199626 -0.23525232 -0.12634086  0.02343948]]
Matrix Pair 30; W = [[ 0.2878357  -0.02086398  0.11763497 -0.14787997  0.14041272]
 [-0.02972618 -0.34596573  0.00607142  0.19195727 -0.16429568]
 [-0.11169646 -0.00965603 -0.0260805   0.07453862  0.01627657]
 [-0.05647736  0.0788633   0.06561825 -0.10182951 -0.05011347]
 [-0.10400402 -0.120613   -0.16406526 -0.18947831  0.07060387]]
U = [[ 0.12253843  0.0788485   0.16899289  0.42860928  0.00469546]
 [-0.28588854 -0.08306221  0.05467546  0.06343896  0.11855725]
 [ 0.0824648  -0.12496357 -0.17378971 -0.16893955  0.21009596]
 [ 0.21481789  0.00656452  0.28254856  0.02932571 -0.26760197]
 [-0.107149   -0.01689484 -0.30803707 -0.08269319  0.02494334]]
Matrix Pair 31; W = [[ 3.12803931e-01 -2.99150108e-04  1.04437222e-01 -1.79493186e-01
   1.44338070e-01]
 [-1.11236642e-01 -3.80977018e-01 -5.69383714e-02  1.78831196e-01
  -1.34804367e-01]
 [-4.73308810e-02  1.57187952e-02 -4.90445547e-02  5.85583983e-02
  -5.29893508e-02]
 [-4.83886198e-02  1.04587168e-01  1.43727578e-01 -1.08166166e-01
  -9.26731554e-02]
 [-9.53713683e-02 -5.56403770e-02 -1.56701693e-01 -2.02120462e-01
   8.08894094e-02]]
U = [[ 0.08738567  0.08836962  0.23244164  0.42149054 -0.04256605]
 [-0.29882745 -0.04806006  0.04198009  0.08213358  0.08575554]
 [ 0.06569217 -0.07890594 -0.15756323 -0.23474677  0.14463238]
 [ 0.23891112 -0.08609101  0.26492975  0.02286873 -0.23147107]
 [-0.12831736 -0.03720006 -0.25939214 -0.07180231 -0.00891647]]
Matrix Pair 32; W = [[ 0.27317325 -0.06786255  0.07786943 -0.18081832  0.13379911]
 [-0.05044332 -0.3369138  -0.06277767  0.17196445 -0.16227078]
 [-0.07161515  0.01317682 -0.07539872  0.0897878   0.04077836]
 [-0.07877969  0.01115997  0.07340505 -0.09952446 -0.05112755]
 [-0.09146697 -0.12083196 -0.17015628 -0.16040905  0.00300686]]
U = [[ 0.13499593  0.05653555  0.28126892  0.40692607 -0.00373794]
 [-0.35623185 -0.05418937  0.05020254  0.11151726  0.19257886]
 [ 0.06481591 -0.12842415 -0.12212274 -0.19958482  0.13991457]
 [ 0.28990832  0.0147006   0.35410626  0.05933396 -0.17633683]
 [-0.20816403 -0.01266057 -0.21590015 -0.153892    0.08217162]]
Matrix Pair 33; W = [[ 0.26506865 -0.06630316  0.07624353 -0.13520064  0.15975504]
 [-0.01350344 -0.39841707 -0.05830447  0.22748653 -0.13869522]
 [-0.14755611  0.01737742 -0.03915756  0.0497522   0.13222389]
 [-0.0790319   0.06732837  0.11159141 -0.07926469 -0.0327552 ]
 [-0.09893932 -0.08009994 -0.19085465 -0.21949562  0.01260235]]
U = [[ 0.15163585  0.06471081  0.22310999  0.36568682 -0.01762245]
 [-0.34332108 -0.10146238  0.10541508  0.10025885  0.14905006]
 [ 0.09692746 -0.12900161 -0.13858973 -0.19724934  0.15736365]
 [ 0.27909682 -0.01491057  0.29406425  0.06541323 -0.19788297]
 [-0.12748891 -0.077132   -0.21386655 -0.17576886  0.0150007 ]]
Matrix Pair 34; W = [[ 0.30500882 -0.06580446  0.0498432  -0.19516358  0.17963691]
 [-0.03217324 -0.31914947 -0.13695234  0.21307288 -0.11637467]
 [-0.09906365  0.06461695  0.01937492  0.11019414  0.13832706]
 [-0.06535187  0.03172113  0.10185368 -0.09395975 -0.06743134]
 [-0.10068097 -0.08753997 -0.14202878 -0.18478956  0.05307521]]
U = [[ 0.17938812  0.0541701   0.25316592  0.43369354  0.04487873]
 [-0.35446394 -0.04035367  0.12044423  0.05505193  0.12007135]
 [ 0.07063722 -0.1193237  -0.13594562 -0.14734275  0.11783029]
 [ 0.33863261  0.02996565  0.29434081 -0.02551593 -0.23189619]
 [-0.1352721   0.01228252 -0.20254716 -0.17396803  0.06490173]]
Matrix Pair 35; W = [[ 0.28998781 -0.02206501  0.03931897 -0.14910851  0.19330557]
 [-0.01829343 -0.34125108 -0.12994774  0.16918175 -0.11325462]
 [-0.05595534  0.00436772 -0.03743685  0.08977751  0.10399219]
 [-0.12811972  0.03133415  0.13994497 -0.0085354  -0.09315746]
 [-0.15442886 -0.08756402 -0.15597752 -0.2152627   0.01636298]]
U = [[ 0.14941806  0.03237282  0.24938291  0.35489137 -0.01156481]
 [-0.31495042 -0.03157828  0.12125831  0.01714626  0.13388699]
 [ 0.06959514 -0.07474747 -0.19801421 -0.20025414  0.16853345]
 [ 0.31795669  0.03158138  0.34898496 -0.02769756 -0.16175906]
 [-0.19432796 -0.08231552 -0.20137827 -0.13126596  0.06550043]]
Matrix Pair 36; W = [[ 0.23559215 -0.04388183  0.05494999 -0.18476021  0.12849151]
 [-0.04251271 -0.36477118 -0.10724464  0.22470997 -0.1416593 ]
 [-0.13288878 -0.00791497 -0.05583878  0.07483482  0.10082197]
 [-0.07241243  0.07595866  0.10393778 -0.10003457 -0.02064467]
 [-0.09564162 -0.05897578 -0.13816775 -0.1881527   0.06926348]]
U = [[ 0.19560879  0.09484333  0.22651464  0.37530266  0.02218063]
 [-0.36879887 -0.05675034  0.09985669  0.02215279  0.13149138]
 [ 0.06687747 -0.14908891 -0.16139025 -0.21259311  0.1753365 ]
 [ 0.25606245 -0.00651473  0.29745265  0.06204622 -0.1669996 ]
 [-0.12992779 -0.05566593 -0.22598334 -0.1496136   0.10130014]]
Matrix Pair 37; W = [[ 0.27507852 -0.10133759  0.08173844 -0.17127687  0.13236882]
 [-0.06854695 -0.35773273 -0.0557422   0.16705272 -0.17311769]
 [-0.14630857  0.01194933 -0.01513131  0.10352391  0.05022966]
 [-0.09753949  0.06717358  0.09131788 -0.07520485 -0.05792629]
 [-0.1086252  -0.12199509 -0.13275267 -0.15424432  0.08289367]]
U = [[ 0.1319986   0.03400159  0.21761436  0.43368192  0.00429557]
 [-0.31062165 -0.10212789  0.12393082  0.02670663  0.19604645]
 [ 0.10377256 -0.11814217 -0.18663365 -0.21185347  0.14960245]
 [ 0.27104694 -0.05878108  0.2622776   0.04579856 -0.19058626]
 [-0.15542727 -0.00116419 -0.21871632 -0.11028017  0.04376387]]
Matrix Pair 38; W = [[ 0.25325437 -0.02382163  0.02157764 -0.09888559  0.1583277 ]
 [-0.07368572 -0.32557911 -0.06251904  0.15956314 -0.11463063]
 [-0.11478682  0.0445616   0.01340984  0.11908828  0.04863303]
 [-0.05407363  0.00733769  0.13284201 -0.04769468 -0.0370665 ]
 [-0.1689122  -0.10315402 -0.19202215 -0.16773677  0.00384279]]
U = [[ 0.16220294  0.09580432  0.24010152  0.36992442  0.01503407]
 [-0.40245075 -0.03415884  0.10524239  0.0382183   0.16395134]
 [ 0.05971795 -0.12729103 -0.20418105 -0.14773391  0.16017908]
 [ 0.29791846 -0.0066939   0.27790239  0.00327505 -0.22848331]
 [-0.13564665  0.0093014  -0.19737528 -0.1706753   0.07280112]]
Matrix Pair 39; W = [[ 0.24616075 -0.06998522  0.0100551  -0.17403362  0.18435962]
 [-0.01298127 -0.38690555 -0.08162844  0.17339749 -0.17006924]
 [-0.13049129  0.03170365 -0.06773402  0.08630829  0.08841443]
 [-0.04967243  0.09080515  0.10142007 -0.06179696 -0.04593351]
 [-0.11946141 -0.10078285 -0.16211499 -0.2284612   0.01949601]]
U = [[ 0.19149233  0.0604218   0.27351542  0.37130932 -0.0306399 ]
 [-0.39646892 -0.03327105  0.08532897  0.02730291  0.11447027]
 [ 0.11335103 -0.06691068 -0.12360509 -0.203897    0.12661951]
 [ 0.31313717  0.00158321  0.30588183 -0.00884553 -0.20079153]
 [-0.16046701 -0.0605888  -0.21708517 -0.0913111   0.06185545]]
Matrix Pair 40; W = [[ 0.31235791 -0.06663337 -0.0012889  -0.12354366  0.11067492]
 [ 0.02168232 -0.34593462 -0.10600154  0.20131586 -0.18571455]
 [-0.14831979 -0.00734643 -0.00096511  0.12933018  0.1237403 ]
 [-0.0940977   0.04618621  0.06756291 -0.07563156 -0.04905801]
 [-0.15179677 -0.14599335 -0.18731336 -0.23905389 -0.00323597]]
U = [[ 0.13787025  0.06238475  0.30311525  0.40810019 -0.01802188]
 [-0.31090266 -0.07571389  0.09770506  0.11581849  0.19654912]
 [ 0.15876225 -0.09918593 -0.21022504 -0.2177366   0.16967385]
 [ 0.25450593  0.01095648  0.2779568   0.00058995 -0.19905498]
 [-0.13126266 -0.01614177 -0.25832777 -0.14243976  0.05335711]]
Matrix Pair 41; W = [[ 0.28072498 -0.0142702   0.04312743 -0.09941623  0.17587793]
 [-0.06628337 -0.37936259 -0.13250091  0.18561339 -0.16092673]
 [-0.14233445 -0.01675694 -0.06597751  0.14258885  0.1016911 ]
 [-0.05538926  0.00868648  0.15603832 -0.04507729 -0.04403825]
 [-0.14233561 -0.11540748 -0.20954328 -0.18438759  0.07097376]]
U = [[ 0.22746815  0.08510665  0.232643    0.35111841  0.05701298]
 [-0.40222082 -0.09406699  0.11777738  0.05605037  0.15027975]
 [ 0.11761984 -0.0583538  -0.19817859 -0.18403791  0.1747326 ]
 [ 0.2937661  -0.0087614   0.28975927 -0.01853338 -0.1407108 ]
 [-0.1350286  -0.07146235 -0.27387638 -0.11231839  0.06223666]]
Matrix Pair 42; W = [[ 0.31964673 -0.09934378  0.07608715 -0.17168017  0.16084057]
 [-0.02714212 -0.39196146 -0.06745579  0.20338563 -0.1991639 ]
 [-0.11674563 -0.00298523 -0.06504458  0.07424102  0.04379286]
 [-0.04695502  0.02528964  0.11072598 -0.0435259  -0.11221004]
 [-0.13524451 -0.06690949 -0.21940038 -0.17958708  0.05805613]]
U = [[ 0.13569267  0.01738824  0.23257272  0.37737579  0.00075178]
 [-0.31675387 -0.04174834  0.12332319  0.08261937  0.19314525]
 [ 0.12133905 -0.10292057 -0.2064083  -0.22324443  0.13556176]
 [ 0.26862268  0.01703883  0.35349208  0.04653702 -0.17828794]
 [-0.15208851 -0.02119191 -0.2203456  -0.09818373  0.02792702]]
Matrix Pair 43; W = [[ 0.27537781 -0.02107206  0.0833689  -0.10602764  0.15123005]
 [-0.05926067 -0.30354536 -0.09933354  0.21241281 -0.14459842]
 [-0.06433444  0.02980268 -0.05631822  0.12835222  0.0686934 ]
 [-0.12005697  0.08449781  0.13016598 -0.09298502 -0.04964566]
 [-0.11688197 -0.13304741 -0.21204395 -0.17261433  0.02828821]]
U = [[ 0.13286571  0.036942    0.246599    0.36507807 -0.02155707]
 [-0.35503157 -0.10457395  0.03487397  0.02466207  0.11754905]
 [ 0.09016676 -0.07030709 -0.18456396 -0.181995    0.19116355]
 [ 0.32453146  0.01540017  0.26620609  0.06690855 -0.20488816]
 [-0.20515083 -0.05407813 -0.27327619 -0.11570909  0.07606611]]
Matrix Pair 44; W = [[ 0.3149932  -0.09584541  0.07350926 -0.16721955  0.13676234]
 [-0.02735954 -0.30948382 -0.05987894  0.14863007 -0.16543019]
 [-0.0883198   0.03685401 -0.01255644  0.04689873  0.11932741]
 [-0.12966017  0.06741024  0.16047135 -0.02356441 -0.08235373]
 [-0.15247372 -0.0624472  -0.21238578 -0.18182913  0.00844457]]
U = [[ 0.15693611  0.09789129  0.26486383  0.35040645  0.00374582]
 [-0.32970589 -0.10727005  0.07988516  0.06015273  0.15379685]
 [ 0.14135877 -0.06552232 -0.13610315 -0.18765986  0.13953884]
 [ 0.31668069 -0.02040526  0.2624617   0.04063395 -0.1849992 ]
 [-0.12007326 -0.06575025 -0.21105153 -0.1743968   0.0709756 ]]
Matrix Pair 45; W = [[ 0.29692595 -0.10157252  0.07595209 -0.17050179  0.17323836]
 [-0.05487221 -0.36779783 -0.07295836  0.16892249 -0.18857172]
 [-0.12212893  0.06260451 -0.06225726  0.10445385  0.12620939]
 [-0.07161193  0.07980973  0.09687496 -0.03444458 -0.07760637]
 [-0.11945707 -0.06659322 -0.1707188  -0.22142351  0.02502853]]
U = [[ 0.18115951  0.04939997  0.28985512  0.35185392 -0.03199922]
 [-0.31611723 -0.02858914  0.07281548  0.03317947  0.16172602]
 [ 0.11846211 -0.11288387 -0.20738198 -0.21423688  0.16044212]
 [ 0.28365148  0.02519088  0.30959476 -0.02409014 -0.14980943]
 [-0.13939513 -0.04847626 -0.24822181 -0.14293199  0.06939432]]
Matrix Pair 46; W = [[ 0.32781053 -0.09731314  0.02082884 -0.10433807  0.17606928]
 [-0.02436454 -0.37561368 -0.1060957   0.15418018 -0.11063003]
 [-0.05539331 -0.01383564  0.0212868   0.09968452  0.05682487]
 [-0.10408992  0.09088557  0.133483   -0.03331613 -0.08819035]
 [-0.17171519 -0.06530516 -0.16296269 -0.16857688  0.080838  ]]
U = [[ 0.18402833  0.05091547  0.23401691  0.41891408  0.05265234]
 [-0.33917103 -0.02973899  0.10823122  0.08362008  0.12765496]
 [ 0.11851358 -0.12530958 -0.20671513 -0.17592834  0.14775023]
 [ 0.32014518 -0.00261209  0.26586261  0.06845617 -0.15140524]
 [-0.20471874 -0.05563288 -0.23959962 -0.0796018   0.07764761]]
Matrix Pair 47; W = [[ 0.27219633 -0.01857596  0.03778017 -0.19178784  0.19290963]
 [-0.01842759 -0.36117146 -0.05955085  0.17325427 -0.19489551]
 [-0.08565155  0.01697282  0.02034905  0.1160468   0.11829497]
 [-0.0758821   0.06167263  0.1420173  -0.02235714 -0.02941893]
 [-0.11156334 -0.13768447 -0.20170856 -0.1631216   0.01952826]]
U = [[ 0.19985031  0.09328675  0.28522513  0.43712596 -0.00436396]
 [-0.39784507 -0.05739153  0.03979485  0.09954009  0.14326466]
 [ 0.11699386 -0.06495315 -0.17477446 -0.17698239  0.16694188]
 [ 0.34750946  0.0061399   0.27313937 -0.00343463 -0.15595397]
 [-0.13703395 -0.03437212 -0.23145224 -0.09781979  0.06697112]]
Matrix Pair 48; W = [[ 0.23779537  0.0011675   0.05279425 -0.17195407  0.13942751]
 [-0.01265401 -0.36486642 -0.07148656  0.18041874 -0.16538378]
 [-0.04664866  0.01683924 -0.02986296  0.07231147  0.01449618]
 [-0.12150063  0.01597503  0.1100244  -0.0335548  -0.07864569]
 [-0.11336149 -0.09565614 -0.18387223 -0.09732011  0.0387092 ]]
U = [[ 0.20262062 -0.01147511  0.20788673  0.41236738 -0.07374795]
 [-0.30100686 -0.03207033  0.12808294  0.12418607  0.1039133 ]
 [ 0.04616611 -0.15853211 -0.10160121 -0.21098997  0.20267118]
 [ 0.20886629 -0.0885654   0.31633672 -0.01938497 -0.14237059]
 [-0.1361588  -0.00151691 -0.19371038 -0.11715493  0.07999865]]
Matrix Pair 49; W = [[ 0.26828624 -0.04812888  0.02978675 -0.18968358  0.19453961]
 [-0.05247932 -0.3828509  -0.09522843  0.25485323 -0.10262367]
 [-0.10190902  0.03818208 -0.00512754  0.09827199  0.00709313]
 [-0.12899483  0.07743216  0.08776017 -0.01009477 -0.03962622]
 [-0.12228062 -0.04225144 -0.139938   -0.158991    0.00793702]]
U = [[ 0.14461543  0.07916456  0.28620098  0.43803732 -0.05540248]
 [-0.30491645 -0.07431408  0.08066735  0.10789932  0.13981055]
 [ 0.11391897 -0.08735866 -0.13224102 -0.20796021  0.14875639]
 [ 0.23551524 -0.01759911  0.34761946  0.00306816 -0.20228632]
 [-0.12870833 -0.05376846 -0.2676303  -0.13292154  0.04429998]]
Matrix Pair 50; W = [[ 0.30673842 -0.00599921  0.06187418 -0.18983392  0.17201686]
 [-0.0048136  -0.41144064 -0.09375163  0.22728367 -0.11191577]
 [-0.13357451  0.02371578 -0.03818486  0.10660984  0.04539056]
 [-0.13211907  0.06362058  0.11568646  0.00634751 -0.12488729]
 [-0.10073644 -0.131963   -0.11971489 -0.07993285 -0.03574636]]
U = [[ 0.20420497  0.02456744  0.28611942  0.43444989 -0.01914131]
 [-0.39511071 -0.07713931  0.10664903  0.05645017  0.17969928]
 [ 0.04251519 -0.12761491 -0.14551468 -0.21270399  0.17979495]
 [ 0.25455335  0.00855133  0.28508823  0.00055116 -0.13154423]
 [-0.12792367  0.03820485 -0.25298476 -0.09586321  0.04497549]]
Matrix Pair 51; W = [[ 0.31744131 -0.0501587   0.09792853 -0.19860466  0.22987178]
 [-0.0423787  -0.41832778 -0.0991652   0.19642544 -0.07308599]
 [-0.0488969   0.04722906  0.007072    0.06395647  0.01036806]
 [-0.11052705  0.10028972  0.15614046 -0.01093217 -0.10788445]
 [-0.13553456 -0.0619639  -0.18613357 -0.11163828  0.03303361]]
U = [[ 0.16102745  0.06667525  0.24108246  0.38166139 -0.03985734]
 [-0.36628674  0.00096834  0.07928264  0.08202833  0.12377501]
 [ 0.04947748 -0.18406129 -0.14128697 -0.21830329  0.1452219 ]
 [ 0.23435061  0.01071472  0.32968569 -0.00715534 -0.16400923]
 [-0.17129372 -0.00552472 -0.26516211 -0.11355013  0.04903751]]
Matrix Pair 52; W = [[ 0.2302985   0.0156755   0.09523157 -0.2217676   0.16495359]
 [-0.04504033 -0.38244861 -0.08201062  0.18201554 -0.14553502]
 [-0.07667063  0.06525274 -0.05720582  0.03029595  0.02704657]
 [-0.10886884  0.10459387  0.07766787 -0.03848911 -0.12656493]
 [-0.1081454  -0.0392214  -0.18210938 -0.08921308 -0.03041369]]
U = [[ 0.23196467  0.0623689   0.2078317   0.41602816 -0.04327795]
 [-0.34909622 -0.09176704  0.123802    0.07892911  0.1363843 ]
 [ 0.10803205 -0.1699423  -0.16278969 -0.18753043  0.13453178]
 [ 0.16518013 -0.05676641  0.31695629  0.00618616 -0.14940712]
 [-0.13282284  0.03576082 -0.27043601 -0.12505432  0.11366973]]
Matrix Pair 53; W = [[ 0.23507742 -0.03721673  0.05371956 -0.17207052  0.21418591]
 [ 0.016707   -0.42402487 -0.10517559  0.16063776 -0.14820001]
 [-0.13417425  0.06199064 -0.03210725  0.10667898  0.04071258]
 [-0.08915711  0.10573246  0.16742741 -0.0057553  -0.12048746]
 [-0.14302804 -0.03608392 -0.21318934 -0.08186095  0.03958765]]
U = [[ 0.20914477 -0.01312305  0.21007146  0.40271703 -0.08599152]
 [-0.34578574 -0.0151911   0.0902749   0.09921959  0.10920339]
 [ 0.04529786 -0.10965584 -0.16791487 -0.2032078   0.12739638]
 [ 0.23090854  0.00975561  0.30318685 -0.07857745 -0.20859132]
 [-0.08729305 -0.00518046 -0.21513214 -0.10694893  0.10154499]]
Matrix Pair 54; W = [[ 0.23041658  0.02537666  0.02412536 -0.14761478  0.21458215]
 [-0.00066373 -0.41012245 -0.1255478   0.23274236 -0.10416591]
 [-0.12671273  0.05376939 -0.02214257  0.07419383  0.01951311]
 [-0.10417815  0.11263174  0.15915684 -0.05665483 -0.12283102]
 [-0.15083722 -0.06316591 -0.15481691 -0.08928971  0.05790444]]
U = [[ 0.15995828  0.02871217  0.25086628  0.38853076 -0.06944972]
 [-0.33122812 -0.00943477  0.12629872  0.13328662  0.10646461]
 [ 0.13045936 -0.17177486 -0.17759826 -0.21052232  0.19533687]
 [ 0.24305018 -0.08641482  0.27309385 -0.01149086 -0.16538338]
 [-0.17092205 -0.03195701 -0.2784653  -0.06860912  0.03490324]]
Matrix Pair 55; W = [[ 0.28553046 -0.01357599  0.12050143 -0.13094985  0.23496456]
 [-0.0193452  -0.42216644 -0.12963206  0.25836239 -0.09204748]
 [-0.12563901  0.05464411 -0.01069444  0.10166218  0.05598019]
 [-0.04688717  0.06916876  0.08343604 -0.0641259  -0.08245114]
 [-0.10346169 -0.07161951 -0.20716812 -0.09145666 -0.0267436 ]]
U = [[ 0.14843999  0.00100174  0.2671851   0.40167845 -0.07441191]
 [-0.3125194  -0.00181969  0.1487887   0.07618605  0.10970742]
 [ 0.09980352 -0.09340888 -0.10350155 -0.16724164  0.1971178 ]
 [ 0.20414136 -0.03642537  0.28891926 -0.04935997 -0.1385343 ]
 [-0.18167101 -0.01899137 -0.24002901 -0.12663905  0.06053402]]
Matrix Pair 56; W = [[ 0.31538848 -0.03554141  0.03483939 -0.16002824  0.16928101]
 [-0.04586351 -0.43401878 -0.10909788  0.25728972 -0.07276395]
 [-0.14174937 -0.01991437 -0.05163179  0.073256    0.00068065]
 [-0.05256291  0.02803289  0.09509893 -0.05426477 -0.11844505]
 [-0.16560957 -0.12956857 -0.21358651 -0.14180664 -0.03203295]]
U = [[ 0.16424544  0.06081688  0.26022469  0.3737936  -0.07913069]
 [-0.32873129 -0.06750892  0.09340062  0.14264537  0.14404106]
 [ 0.05711187 -0.12928601 -0.10253791 -0.21720124  0.12280845]
 [ 0.2211564  -0.02158264  0.35323556 -0.07696707 -0.21529192]
 [-0.1645801  -0.01055965 -0.24450748 -0.09112269  0.10214448]]
Matrix Pair 57; W = [[ 0.28772407 -0.02487632  0.09961865 -0.15885678  0.21074831]
 [-0.02994241 -0.41807168 -0.06090512  0.21736516 -0.09994906]
 [-0.04567928  0.00543276 -0.06902548  0.02975555  0.06797012]
 [-0.08759167  0.0455029   0.11212185  0.01959369 -0.05999235]
 [-0.17092581 -0.08127569 -0.17114373 -0.10663807  0.02728435]]
U = [[ 0.23505851  0.02342834  0.19616196  0.37864388 -0.06876767]
 [-0.31950023 -0.07691802  0.10486097  0.0859968   0.10960063]
 [ 0.11574578 -0.14258694 -0.11231893 -0.19983199  0.16420782]
 [ 0.22248784 -0.03411039  0.29384125 -0.06925441 -0.2260061 ]
 [-0.14528973  0.00744375 -0.22151536 -0.0571239   0.03529515]]
Matrix Pair 58; W = [[ 0.28337866  0.01086447  0.06966056 -0.19296215  0.22707594]
 [-0.04435243 -0.39384676 -0.12061562  0.20788178 -0.09540229]
 [-0.07129864  0.07205683  0.01830435  0.04950159  0.05955175]
 [-0.11084155  0.02781742  0.12360417 -0.04220152 -0.11077497]
 [-0.11338605 -0.04771859 -0.21173075 -0.12545815  0.03965737]]
U = [[ 0.2331025   0.06097409  0.25837303  0.43561018 -0.05710248]
 [-0.32315626 -0.05469079  0.09332479  0.0697254   0.18727256]
 [ 0.09771769 -0.12112848 -0.14629426 -0.15097332  0.19817602]
 [ 0.22805714 -0.03969124  0.2967916  -0.01262407 -0.21658315]
 [-0.11163413 -0.04111221 -0.23178057 -0.05213777  0.08901187]]
Matrix Pair 59; W = [[ 0.30723528  0.02977873  0.08420795 -0.15830284  0.19847801]
 [-0.00211611 -0.35859199 -0.1217843   0.21956793 -0.13718707]
 [-0.12507122 -0.00523195 -0.00985495  0.05210766  0.02779798]
 [-0.06966083  0.09517765  0.1571285  -0.03385039 -0.06631044]
 [-0.15848434 -0.06847583 -0.15784818 -0.11632001  0.02404408]]
U = [[ 0.15464843  0.06052677  0.21410787  0.39877476 -0.02004706]
 [-0.3392328  -0.01609204  0.07854081  0.08305165  0.17560353]
 [ 0.06135953 -0.15232062 -0.13932358 -0.17812751  0.12282353]
 [ 0.22262942 -0.06352412  0.2812979  -0.02879242 -0.15343671]
 [-0.10516778  0.01270062 -0.27843475 -0.12673076  0.09128347]]
Matrix Pair 60; W = [[ 0.23794117 -0.05245181  0.04559758 -0.17335752  0.20159182]
 [ 0.02522588 -0.40242759 -0.09362718  0.18294402 -0.1124714 ]
 [-0.11049038  0.04847027 -0.00799103  0.02927743  0.04937867]
 [-0.13048213  0.07855734  0.16830593 -0.0677699  -0.09202545]
 [-0.16436717 -0.03955906 -0.20390917 -0.15602848  0.01973235]]
U = [[ 0.16498801  0.06485951  0.26265786  0.40482757 -0.07525836]
 [-0.34854382 -0.08810583  0.16134533  0.10865664  0.09963382]
 [ 0.12441735 -0.17247889 -0.15348762 -0.16009923  0.14918237]
 [ 0.19082794  0.00422396  0.26909544 -0.04647159 -0.22336189]
 [-0.14370105  0.02349737 -0.26486277 -0.09933122  0.042249  ]]
Matrix Pair 61; W = [[ 0.26162159  0.0248507   0.103367   -0.19205382  0.18842397]
 [-0.0069572  -0.41060324 -0.13832073  0.18737844 -0.10950192]
 [-0.11735553  0.05070641 -0.0480623   0.04402168  0.08074316]
 [-0.11742061  0.09153806  0.15478058  0.01253152 -0.04623488]
 [-0.12982515 -0.07853533 -0.17020432 -0.10344504  0.030661  ]]
U = [[ 0.16976809  0.06689929  0.25705677  0.43782081 -0.06849606]
 [-0.31328358 -0.05803062  0.0695197   0.137351    0.17839724]
 [ 0.11787501 -0.12532952 -0.09745303 -0.15672901  0.18479611]
 [ 0.22846826 -0.06275466  0.30099883  0.00935163 -0.21626548]
 [-0.09942483 -0.01013159 -0.24376153 -0.04845376  0.11775545]]
Matrix Pair 62; W = [[ 0.32665059 -0.0281042   0.02255404 -0.13756118  0.14734607]
 [-0.05355671 -0.41973963 -0.09530527  0.23477895 -0.1019152 ]
 [-0.08616817  0.07437933  0.01914985  0.11260651  0.06062874]
 [-0.06635744  0.07085697  0.07128126 -0.02408933 -0.03541434]
 [-0.15666913 -0.07914543 -0.17812435 -0.14643527  0.02401453]]
U = [[ 0.18677539  0.08354344  0.2696468   0.40042198 -0.0645649 ]
 [-0.29850053 -0.00999421  0.1188174   0.10033812  0.11098346]
 [ 0.09086437 -0.15432833 -0.11933955 -0.14389567  0.197391  ]
 [ 0.18773879 -0.07996622  0.33415772 -0.04034626 -0.15249991]
 [-0.15848946  0.0193325  -0.22574164 -0.09522693  0.05275756]]
Matrix Pair 63; W = [[ 0.28163911 -0.05279552  0.02904148 -0.1331141   0.19154238]
 [-0.02302821 -0.43838734 -0.07639674  0.16731263 -0.16418765]
 [-0.07738645 -0.01322584 -0.02660927  0.05054937  0.03557687]
 [-0.08129211  0.07419995  0.1645829   0.01224019 -0.09064071]
 [-0.09632957 -0.07788276 -0.13090094 -0.08707565 -0.03607149]]
U = [[ 0.20459026  0.02536873  0.24190779  0.4458396  -0.06839723]
 [-0.32156347 -0.02605472  0.10384258  0.10504729  0.17646829]
 [ 0.05103539 -0.13003424 -0.18190882 -0.18121319  0.17657068]
 [ 0.19652898 -0.03056573  0.35283136 -0.00180071 -0.18650352]
 [-0.13069929 -0.01498064 -0.2719043  -0.09341208  0.03550706]]
Matrix Pair 64; W = [[ 0.3487355  -0.02614146  0.04221477 -0.1426089   0.12954593]
 [-0.0802996  -0.37762841 -0.04662071  0.26226347 -0.04330638]
 [-0.06852108  0.0686043  -0.02472799  0.10787871  0.00952921]
 [-0.04868033  0.00310241  0.11624827 -0.06416617 -0.02335038]
 [-0.18683251 -0.05923257 -0.11965076 -0.18582568 -0.00834379]]
U = [[ 0.23240188  0.05021814  0.24947948  0.3543901  -0.01906178]
 [-0.29703924 -0.04439741  0.10119713  0.12748999  0.09557496]
 [ 0.08846797 -0.14577334 -0.16538515 -0.18329084  0.21246914]
 [ 0.17409755 -0.03044221  0.26187965 -0.0624633  -0.2781512 ]
 [-0.22195133 -0.01626284 -0.2598957  -0.05229853  0.03105434]]
Matrix Pair 65; W = [[ 0.26515537 -0.06635227  0.10529171 -0.17320237  0.15142039]
 [-0.14509868 -0.35409112 -0.04598001  0.21612361 -0.02741189]
 [-0.11804919  0.0979911  -0.03541008  0.08437545  0.06569043]
 [-0.03881764  0.05790965  0.14547372 -0.0931793  -0.06892125]
 [-0.13141046 -0.08884088 -0.13070906 -0.14129351  0.06009279]]
U = [[ 0.25283545  0.02403273  0.25993624  0.44142677 -0.05545014]
 [-0.36714905 -0.01252458  0.14690309  0.14255248  0.17911994]
 [ 0.0737536  -0.05457473 -0.20142904 -0.13774052  0.15066872]
 [ 0.23544087 -0.07325877  0.2505208  -0.00577356 -0.27079557]
 [-0.19732947  0.05228302 -0.33273766 -0.0385834   0.05017707]]
Matrix Pair 66; W = [[ 0.28954987 -0.01019135  0.02332153 -0.12680542  0.20356458]
 [-0.07567517 -0.37138111 -0.08253251  0.17435842 -0.11646814]
 [-0.04534185  0.00473379 -0.07322262  0.04634716  0.01467475]
 [-0.06809709  0.00100179  0.16559687 -0.12460801 -0.00311707]
 [-0.14506174 -0.06368447 -0.14619627 -0.1308657   0.04377337]]
U = [[ 0.17635001  0.05758456  0.27403079  0.42215487 -0.02553657]
 [-0.35155302 -0.02172759  0.12013067  0.0916608   0.11908084]
 [ 0.0444669  -0.14283573 -0.22750691 -0.11794717  0.16399215]
 [ 0.21516626 -0.01624584  0.30146627 -0.04555944 -0.1866033 ]
 [-0.19701802  0.00931449 -0.28551253 -0.07216214  0.06218452]]
Matrix Pair 67; W = [[ 0.28148306 -0.08017951  0.11557833 -0.14151027  0.20706218]
 [-0.06794534 -0.41834212 -0.0080234   0.19001041 -0.08370683]
 [-0.11016385  0.03463877 -0.08398224  0.11204469 -0.00557356]
 [-0.09348699  0.06505779  0.15399178 -0.12531609 -0.09540097]
 [-0.18931263 -0.03626614 -0.13304398 -0.19612463  0.0318408 ]]
U = [[ 0.16917417  0.03266865  0.21979227  0.35792707 -0.0279634 ]
 [-0.37995783 -0.05395639  0.14463268  0.09407728  0.10753259]
 [ 0.11339071 -0.10048325 -0.19398924 -0.17032135  0.17938891]
 [ 0.23759748 -0.03632519  0.29995963 -0.04963749 -0.21971722]
 [-0.15233391  0.0140067  -0.34014547 -0.08017408  0.07171859]]
Matrix Pair 68; W = [[ 0.32786182 -0.09681855  0.07065017 -0.14326947  0.19519215]
 [-0.11822285 -0.39462862 -0.00201932  0.22134411 -0.06871264]
 [-0.06147539  0.06054485 -0.01359389  0.09762301  0.04246602]
 [-0.02404067  0.04308062  0.18204131 -0.10785199 -0.04418311]
 [-0.14446829 -0.13213551 -0.116219   -0.19389923  0.01602511]]
U = [[ 0.19593529  0.07153906  0.23303753  0.43051764  0.02987752]
 [-0.39119721 -0.01535685  0.1040467   0.09035401  0.17714729]
 [ 0.09415216 -0.10553939 -0.20434222 -0.12108676  0.12445786]
 [ 0.2464743  -0.0691873   0.22874159 -0.03020329 -0.21387472]
 [-0.1919544  -0.00551651 -0.25197817 -0.07856505  0.07868235]]
Matrix Pair 69; W = [[ 0.27782573 -0.0655379   0.04585241 -0.17766971  0.17417175]
 [-0.08155323 -0.34497236  0.01331186  0.20238156 -0.07203477]
 [-0.09782084  0.02325634 -0.03231883  0.04237719  0.07465441]
 [-0.06107893  0.01269905  0.14873821 -0.13130529 -0.02458568]
 [-0.18617008 -0.09199682 -0.12249338 -0.17311037 -0.00223318]]
U = [[ 0.25596813  0.02250181  0.22612151  0.39602911 -0.02982908]
 [-0.39063218 -0.02107648  0.12096074  0.16149493  0.11061598]
 [ 0.0690812  -0.14641394 -0.22841913 -0.15993467  0.14432584]
 [ 0.21575676 -0.08147545  0.23402848 -0.04609922 -0.2136379 ]
 [-0.19782462  0.04834708 -0.31114103 -0.02614821  0.06426853]]
Matrix Pair 70; W = [[ 0.32909352 -0.07597007  0.03322757 -0.15189729  0.18749634]
 [-0.12128499 -0.37394594 -0.07792213  0.2540932  -0.10500404]
 [-0.1078673   0.03683225  0.00100114  0.04076223  0.0333422 ]
 [-0.03893123  0.00649627  0.09602329 -0.09952862 -0.05805955]
 [-0.18723012 -0.03559009 -0.08765224 -0.21195851  0.0086928 ]]
U = [[ 0.20767206  0.04916348  0.30567278  0.41726502  0.02238258]
 [-0.31059951  0.01588621  0.04989538  0.09041764  0.13993354]
 [ 0.08682271 -0.098377   -0.15926322 -0.15938524  0.14973911]
 [ 0.24963416  0.00610071  0.31261054 -0.00463832 -0.24318787]
 [-0.15792564 -0.01080733 -0.26233904 -0.04953551  0.01952959]]
Matrix Pair 71; W = [[ 0.30302024 -0.09020953  0.1224614  -0.14747202  0.16043202]
 [-0.1082426  -0.37770412 -0.05704845  0.23908494 -0.08407839]
 [-0.08391559  0.02811066 -0.06756106  0.09617717 -0.01301612]
 [-0.09729126  0.06958962  0.09996946 -0.10973738 -0.00725945]
 [-0.12337989 -0.10701855 -0.17229176 -0.18965636  0.06123302]]
U = [[ 0.21481727  0.02011212  0.2898853   0.42337984 -0.05770845]
 [-0.34064945 -0.04253548  0.09826085  0.12950373  0.12655455]
 [ 0.11704003 -0.09263153 -0.19985539 -0.19764664  0.15232728]
 [ 0.18274704 -0.01847068  0.30541359 -0.06187679 -0.20084521]
 [-0.14613647 -0.0383047  -0.32531256 -0.02923493  0.07232373]]
Matrix Pair 72; W = [[ 0.27654392 -0.01231825  0.06490929 -0.11003322  0.20491199]
 [-0.07864163 -0.39674354 -0.08316885  0.22563355 -0.09712918]
 [-0.05953755  0.04354118 -0.03433049  0.10582243  0.04277085]
 [-0.08684217  0.08331305  0.18476963 -0.07381921 -0.06256084]
 [-0.19169052 -0.10226512 -0.17099217 -0.2278379  -0.00874608]]
U = [[ 0.25114296  0.05126737  0.21691465  0.38049429  0.01664829]
 [-0.35323799  0.03746387  0.07794063  0.08464046  0.13647437]
 [ 0.05180732 -0.08289633 -0.15188131 -0.1291225   0.18791498]
 [ 0.18523439 -0.07304306  0.2831794  -0.01185738 -0.19627319]
 [-0.19795857 -0.01938283 -0.32201281 -0.03233152  0.03282282]]
Matrix Pair 73; W = [[ 0.26525832 -0.03383452  0.0750357  -0.18935244  0.17841669]
 [-0.12668153 -0.38342829 -0.01085931  0.25171214 -0.11193438]
 [-0.11753763  0.0107513  -0.03055683  0.05920678  0.00620806]
 [-0.09346856  0.01362837  0.12841266 -0.12735518 -0.05501987]
 [-0.10889793 -0.13342812 -0.09055433 -0.21970507  0.0762784 ]]
U = [[ 0.17460543  0.01134793  0.3005366   0.35321121  0.0173389 ]
 [-0.32271016 -0.05404249  0.0730239   0.1216998   0.1506289 ]
 [ 0.13453909 -0.14284288 -0.1405269  -0.15503991  0.20141795]
 [ 0.17266657 -0.03595982  0.29976757  0.00320675 -0.24743673]
 [-0.16534714  0.02229041 -0.3389839  -0.06862164  0.01047555]]
Matrix Pair 74; W = [[ 0.27030572 -0.03674487  0.06566977 -0.12927749  0.15449391]
 [-0.09311227 -0.41230244 -0.07773898  0.21262206 -0.10254288]
 [-0.13145103  0.02365034 -0.05516358  0.10014613  0.05391681]
 [-0.08829187  0.03095688  0.13090175 -0.11656969 -0.04036345]
 [-0.20065699 -0.08885648 -0.08281133 -0.15886829  0.049303  ]]
U = [[ 0.17179608  0.0004258   0.23364022  0.40067854  0.03067479]
 [-0.39076475 -0.03770651  0.07193655  0.11454604  0.1816425 ]
 [ 0.12577838 -0.12617675 -0.18415007 -0.10850292  0.20031905]
 [ 0.25137173 -0.03813251  0.23532924 -0.02644661 -0.21892446]
 [-0.21780848  0.05490863 -0.24221329 -0.06790455  0.00654669]]
Matrix Pair 75; W = [[ 0.25123245 -0.04129686  0.10505886 -0.13358208  0.21949977]
 [-0.11618719 -0.36163277 -0.08496648  0.23292607 -0.11326365]
 [-0.12309213  0.04299046 -0.08735441  0.0433744   0.06533333]
 [-0.10992171  0.05186936  0.11008934 -0.08046856 -0.02587375]
 [-0.1281834  -0.07202875 -0.14921638 -0.14353592  0.07614312]]
U = [[ 0.26771539  0.04819008  0.28574471  0.3801716  -0.04322776]
 [-0.29628355 -0.05031264  0.11246564  0.11797907  0.17620018]
 [ 0.10114546 -0.13608612 -0.14824608 -0.16137159  0.16725975]
 [ 0.24761338 -0.07639112  0.23150538  0.00150235 -0.20893108]
 [-0.16757806  0.04754697 -0.26627657 -0.08550837  0.05929535]]
Matrix Pair 76; W = [[ 0.32128407 -0.01389323  0.03045787 -0.11719629  0.2117409 ]
 [-0.05999307 -0.37777279 -0.07806478  0.25176923 -0.09004749]
 [-0.06392272  0.04562828 -0.03350431  0.05897736  0.02254093]
 [-0.09338036  0.03094435  0.13754808 -0.14182351 -0.06616577]
 [-0.16164622 -0.13095785 -0.09873138 -0.18062194  0.01478631]]
U = [[ 0.26623582  0.03082068  0.21908877  0.42669479 -0.04802177]
 [-0.35818318  0.00654651  0.06588495  0.07847844  0.1286382 ]
 [ 0.09676004 -0.12681511 -0.15372226 -0.15636334  0.12594194]
 [ 0.18511012 -0.01834345  0.32239153 -0.00293128 -0.22165694]
 [-0.12827209  0.02729374 -0.24281119 -0.09935248  0.05744663]]
Matrix Pair 77; W = [[ 0.3031436  -0.01979616  0.0887899  -0.16732909  0.19918262]
 [-0.0941299  -0.3573558  -0.0080695   0.24693404 -0.10286834]
 [-0.1273712   0.02167173 -0.03374769  0.05692992 -0.00238189]
 [-0.06921289  0.05824016  0.17735779 -0.12458173 -0.02788768]
 [-0.13850208 -0.09746352 -0.12947837 -0.18828092  0.04847475]]
U = [[ 0.17500261  0.04584323  0.28437971  0.41126562 -0.02179905]
 [-0.35096422 -0.03834514  0.10395791  0.07323122  0.10774968]
 [ 0.08964046 -0.11238171 -0.15565979 -0.15283815  0.16908793]
 [ 0.18007359 -0.04930168  0.25290816 -0.02375759 -0.1864636 ]
 [-0.13507464 -0.02833342 -0.28560356 -0.04511579  0.04186699]]
Matrix Pair 78; W = [[ 0.26973129 -0.09446664  0.04467066 -0.1194575   0.17328359]
 [-0.09493569 -0.40656591 -0.04211337  0.23793918 -0.07234159]
 [-0.11441152  0.09948294  0.00183864  0.1101556  -0.00276758]
 [-0.07151097  0.00233086  0.16029691 -0.09296441 -0.09068092]
 [-0.13310302 -0.07060157 -0.14266477 -0.15150946  0.02314543]]
U = [[ 0.23853126  0.08935694  0.21698078  0.34841405  0.03038944]
 [-0.30556219 -0.0394264   0.0671431   0.09597856  0.12570319]
 [ 0.12530558 -0.0521123  -0.18852679 -0.16708665  0.19821332]
 [ 0.25529076 -0.01160501  0.28042668 -0.04751971 -0.22120127]
 [-0.17880217  0.00764675 -0.27569509 -0.04888077  0.06287247]]
Matrix Pair 79; W = [[ 0.25623725 -0.03968977  0.1071071  -0.10545781  0.21294489]
 [-0.1113373  -0.42661916 -0.04468498  0.22729347 -0.03557605]
 [-0.04925355  0.1029156  -0.06228187  0.0428623   0.04038581]
 [-0.09764594  0.00418021  0.09209777 -0.05483236 -0.02889624]
 [-0.16664659 -0.06905536 -0.14494973 -0.16306488  0.07581129]]
U = [[ 0.18416971  0.09045577  0.29127002  0.39180362  0.03466699]
 [-0.29812521  0.02168838  0.04983642  0.13981216  0.11076119]
 [ 0.09779344 -0.05884014 -0.20066031 -0.164634    0.21983077]
 [ 0.25146585 -0.02060747  0.294123   -0.0263299  -0.21816727]
 [-0.17555467  0.05185545 -0.30036997 -0.05454685 -0.01205971]]
Matrix Pair 80; W = [[ 0.31246966 -0.01767986  0.00613374 -0.18309511  0.19094863]
 [-0.05250143 -0.41193476 -0.00060024  0.28141575 -0.12766666]
 [-0.03830073  0.00554898 -0.0989977   0.071336   -0.00713429]
 [-0.06151514  0.09868753  0.11269584 -0.12722902  0.02792422]
 [-0.0215413  -0.04477878 -0.22781725 -0.18636724  0.04841931]]
U = [[ 0.122266    0.08002222  0.23689609  0.31941336  0.01009316]
 [-0.32394974 -0.15689775  0.12299577  0.04391277  0.14788428]
 [ 0.02529719 -0.14268678 -0.19537699 -0.12487759  0.17795464]
 [ 0.19509842 -0.04643414  0.25266788  0.00319479 -0.1729463 ]
 [-0.08522259 -0.0219847  -0.25460559 -0.02542888 -0.01501512]]
Matrix Pair 81; W = [[ 0.26076745  0.01037898  0.07647506 -0.1773347   0.20957028]
 [-0.00998406 -0.36576625 -0.03333818  0.27896146 -0.1402544 ]
 [-0.08152954  0.0666324  -0.0511912   0.04173876  0.02573368]
 [-0.06938667  0.12154207  0.19285644 -0.12501626  0.03846556]
 [-0.0472394  -0.03547699 -0.25104714 -0.12747314  0.08793922]]
U = [[ 0.09762596  0.12295463  0.14548366  0.34543943 -0.00807195]
 [-0.3449415  -0.09935829  0.04488249  0.06952849  0.10565501]
 [ 0.08218739 -0.09613151 -0.19766504 -0.16987017  0.18712892]
 [ 0.20759425 -0.08395301  0.28491008  0.01428189 -0.21218061]
 [-0.09717269 -0.02052651 -0.26353695 -0.02001822  0.00693767]]
Matrix Pair 82; W = [[ 0.24984789  0.002985    0.04359082 -0.13595377  0.18536681]
 [-0.00831962 -0.45898061 -0.03528683  0.23440257 -0.13632872]
 [-0.10476178  0.0679135  -0.00065311  0.05561446 -0.04023256]
 [ 0.02538845  0.09827583  0.12436313 -0.07534882  0.05178878]
 [-0.010884   -0.10462699 -0.30865636 -0.18923662  0.09403768]]
U = [[ 0.09951814  0.10929953  0.21369081  0.39865455 -0.00766588]
 [-0.34498553 -0.12892286  0.07495742  0.10054012  0.073792  ]
 [ 0.10628105 -0.08572197 -0.12729617 -0.14605853  0.13142125]
 [ 0.22928111 -0.03956746  0.24660076  0.04193881 -0.15156982]
 [-0.1217449  -0.03952197 -0.27253403 -0.05152686 -0.01378417]]
Matrix Pair 83; W = [[ 0.27028843 -0.06433914  0.04898077 -0.1265494   0.13775579]
 [-0.07666631 -0.40392809 -0.03006634  0.25379102 -0.18798791]
 [-0.05146625  0.087316   -0.01647092  0.05497266 -0.02370369]
 [-0.03859097  0.13689588  0.18604292 -0.06916935 -0.01430875]
 [-0.02152785 -0.09706574 -0.30486908 -0.17173245  0.05514206]]
U = [[ 0.10611935  0.05792025  0.19461432  0.37947113 -0.00332636]
 [-0.33865883 -0.12510408  0.10508665  0.06905774  0.06076454]
 [ 0.05832063 -0.12955903 -0.18979249 -0.15715014  0.22080994]
 [ 0.21111813 -0.08642577  0.25639487  0.04287483 -0.23350921]
 [-0.05494959 -0.01086383 -0.29000955 -0.0533222  -0.01610276]]
Matrix Pair 84; W = [[ 0.25025721 -0.05753799  0.0471217  -0.11306732  0.1333837 ]
 [-0.06808504 -0.39172883  0.01757153  0.27112339 -0.20143021]
 [-0.10635365  0.05598666 -0.02888827  0.05128977  0.00060219]
 [-0.01550769  0.1133347   0.17319475 -0.07336744 -0.01499547]
 [-0.05229028 -0.09967116 -0.28868901 -0.19992459  0.03573733]]
U = [[ 0.09937629  0.14789925  0.22362208  0.34555913  0.02756377]
 [-0.3420798  -0.08348324  0.05343331  0.10609668  0.07760793]
 [ 0.04317353 -0.08148473 -0.1550379  -0.19213518  0.137352  ]
 [ 0.23330468 -0.06237732  0.24794363  0.00909659 -0.16005016]
 [-0.10645158 -0.03876651 -0.29725699 -0.04617827  0.05964252]]
Matrix Pair 85; W = [[ 0.27866484 -0.05553366  0.02559144 -0.12284257  0.16203295]
 [-0.01170698 -0.38682959 -0.05613534  0.21050565 -0.12069218]
 [-0.06721542  0.04572246 -0.02078295  0.08964187 -0.01828057]
 [-0.0377286   0.10669501  0.10684151 -0.15988424  0.03536998]
 [-0.03902801 -0.05963479 -0.24722489 -0.15996036  0.09956037]]
U = [[ 0.10319436  0.1383599   0.22605494  0.37488395 -0.00554259]
 [-0.29851384 -0.08141356  0.08208008  0.01939946  0.09243956]
 [ 0.1057868  -0.17116838 -0.18855071 -0.19364455  0.12949442]
 [ 0.22599421 -0.0166066   0.28997163  0.07578345 -0.20810039]
 [-0.05001181  0.0215485  -0.30341169 -0.01581585 -0.01628288]]
Matrix Pair 86; W = [[ 0.3211992  -0.07402552  0.09805772 -0.12664974  0.12541508]
 [-0.04551518 -0.39945593  0.0136703   0.30227311 -0.16265146]
 [-0.07365937  0.03391346 -0.03102558  0.10123758 -0.00502253]
 [ 0.00813686  0.08084574  0.13687756 -0.14568487  0.07503827]
 [-0.03267115 -0.01882527 -0.24398161 -0.15325115  0.01233473]]
U = [[ 0.18198517  0.10255294  0.14825551  0.36819647  0.05845597]
 [-0.30247197 -0.10781518  0.12279349  0.05544426  0.07918458]
 [ 0.08052986 -0.08066994 -0.14980394 -0.1077521   0.20991331]
 [ 0.23127022 -0.07664307  0.26040304  0.08985733 -0.19078053]
 [-0.04058844 -0.04344131 -0.3037443   0.01619363 -0.02113845]]
Matrix Pair 87; W = [[ 0.29853872 -0.00986526  0.08164162 -0.18653437  0.19511887]
 [-0.04344529 -0.38954652 -0.02300307  0.21728994 -0.13386535]
 [-0.02504197  0.0841673  -0.01776736  0.11809242  0.01460388]
 [-0.05334077  0.131923    0.13456353 -0.14193013  0.06371183]
 [-0.04867474 -0.0840823  -0.27407733 -0.19137407  0.08582685]]
U = [[ 0.14128257  0.143104    0.21213425  0.35294393  0.02952955]
 [-0.33804399 -0.07339492  0.04535635  0.08952488  0.0714187 ]
 [ 0.08855514 -0.09455157 -0.15715701 -0.14275728  0.15555331]
 [ 0.25307242  0.00893318  0.25789802  0.01945242 -0.16693699]
 [-0.05582908  0.0342253  -0.23905603 -0.04751697  0.03294977]]
Matrix Pair 88; W = [[ 0.32252437 -0.01825633  0.02874012 -0.13108132  0.19610735]
 [-0.09824892 -0.41310189 -0.06564785  0.23403538 -0.14234054]
 [-0.0523117   0.00732076 -0.06193508  0.12353148  0.02368126]
 [-0.06030495  0.1466757   0.16950538 -0.15999195  0.00396332]
 [-0.01397844 -0.06274208 -0.23671401 -0.18746297  0.03887585]]
U = [[ 0.12159919  0.10935988  0.17512661  0.35188419 -0.00635337]
 [-0.34012135 -0.06781932  0.06298722  0.08475242  0.07692669]
 [ 0.0713833  -0.16617496 -0.15709634 -0.18480367  0.20657614]
 [ 0.25941023 -0.07842555  0.26804655  0.05189788 -0.15010372]
 [-0.09774664 -0.02928228 -0.32289625 -0.06132116 -0.02147953]]
Matrix Pair 89; W = [[ 3.35486480e-01 -4.47251255e-02  7.84779993e-02 -1.63579815e-01
   1.43961513e-01]
 [-5.63747527e-02 -4.61522418e-01  2.88229312e-04  3.03650009e-01
  -1.35258411e-01]
 [-5.97291365e-02  3.41702180e-02 -5.44037873e-02  6.10400956e-02
  -4.91638143e-02]
 [-3.69514689e-02  1.05937930e-01  1.10127305e-01 -1.48228712e-01
   7.51870589e-02]
 [-1.63073167e-02 -8.06036534e-02 -2.53082789e-01 -1.81833052e-01
   3.84016526e-03]]
U = [[ 0.11866675  0.13010704  0.20860015  0.39447657 -0.01700763]
 [-0.30775181 -0.11627286  0.05890546  0.02158536  0.14347941]
 [ 0.05087809 -0.16866492 -0.15115357 -0.16378009  0.16073293]
 [ 0.24430961 -0.06480643  0.21929615  0.05488718 -0.1738089 ]
 [-0.13235033 -0.01389717 -0.26895454 -0.041586    0.04557902]]
Matrix Pair 90; W = [[ 0.33521499 -0.00632252  0.04141935 -0.13381512  0.18120644]
 [-0.01993906 -0.3734703  -0.03486953  0.22549774 -0.18951483]
 [-0.10560966  0.0574309  -0.08322324  0.12668417 -0.00989398]
 [-0.00687776  0.08541384  0.1694372  -0.09796411  0.04885725]
 [-0.03274227 -0.05608057 -0.30874261 -0.11958067  0.05877502]]
U = [[ 0.10421282  0.13150137  0.16379919  0.39395568  0.00674472]
 [-0.3560472  -0.06671205  0.1350244   0.09476527  0.07726653]
 [ 0.10615807 -0.16899    -0.13201053 -0.18834171  0.19715278]
 [ 0.19613075 -0.06824832  0.28911998  0.04357908 -0.1974492 ]
 [-0.07620412  0.01276613 -0.2652425  -0.06256433  0.02370338]]
Matrix Pair 91; W = [[ 0.2591828   0.02200169  0.05502979 -0.1817584   0.15063091]
 [-0.02838693 -0.38238656  0.01034812  0.22199048 -0.18664176]
 [-0.0613362   0.00960871 -0.05853767  0.11916748  0.02298375]
 [-0.03414631  0.15189428  0.18170702 -0.09640082  0.01932279]
 [-0.00381014 -0.09559103 -0.21382297 -0.12623437  0.02337512]]
U = [[ 0.1111685   0.0709344   0.15925616  0.33673416  0.01952066]
 [-0.33884516 -0.13082601  0.1296685   0.04374907  0.13659986]
 [ 0.04648711 -0.13264904 -0.2258839  -0.15488803  0.19880525]
 [ 0.19481434 -0.07767296  0.27919164  0.03980646 -0.20060085]
 [-0.1239735  -0.00096013 -0.26424102  0.0227911   0.0196709 ]]
Matrix Pair 92; W = [[ 0.30767731 -0.0066952   0.05058814 -0.19101202  0.14079283]
 [-0.10010595 -0.39493987  0.01031852  0.25702889 -0.12952505]
 [-0.06278729  0.05133272 -0.08033332  0.06689915  0.01768157]
 [-0.01123652  0.10940907  0.17536682 -0.07166404  0.04202413]
 [-0.07033241 -0.05236807 -0.26364904 -0.19145826  0.02565115]]
U = [[ 0.0988734   0.05956702  0.14908144  0.31759042 -0.0038906 ]
 [-0.29139932 -0.11324843  0.04009711  0.06786186  0.09249174]
 [ 0.08770633 -0.1568635  -0.1922157  -0.18269235  0.17800046]
 [ 0.27342103 -0.03994696  0.21911239  0.00707815 -0.2345651 ]
 [-0.06513025  0.02639562 -0.28541022 -0.03880411 -0.00732742]]
Matrix Pair 93; W = [[ 0.27328223 -0.0244755   0.04952766 -0.13971322  0.18691093]
 [-0.08579763 -0.37337426 -0.00243919  0.24778414 -0.19672258]
 [-0.07459538  0.09394987 -0.02782751  0.12746792  0.00344133]
 [ 0.02356389  0.15291378  0.11037011 -0.10111798 -0.01989198]
 [ 0.01489377 -0.05884239 -0.23032923 -0.17322183  0.0513574 ]]
U = [[ 0.12568017  0.05965259  0.2323427   0.32064371 -0.03412247]
 [-0.30877395 -0.10169046  0.10257246  0.01731593  0.13319615]
 [ 0.10422373 -0.10614603 -0.19828605 -0.15172902  0.16466458]
 [ 0.18266109  0.00640384  0.29853849  0.04355345 -0.16362949]
 [-0.08828948  0.02911212 -0.33021452 -0.05124339  0.04867172]]
Matrix Pair 94; W = [[ 0.26856195 -0.01056126  0.05456112 -0.13283632  0.17583187]
 [-0.01329755 -0.41920128  0.02122523  0.21793654 -0.17102863]
 [-0.0252609   0.0040913  -0.03507791  0.1291083  -0.01247014]
 [ 0.01267777  0.0955023   0.1464817  -0.10665759  0.07160483]
 [-0.01768694 -0.07576832 -0.25098097 -0.11517357  0.05454355]]
U = [[ 0.09701449  0.10796576  0.15853911  0.34784388  0.04831239]
 [-0.3087937  -0.06527335  0.13437209  0.06129281  0.10041615]
 [ 0.05675452 -0.111528   -0.18228265 -0.1212213   0.13269071]
 [ 0.19318417  0.00913427  0.2111614   0.03006349 -0.2009516 ]
 [-0.09799993 -0.05457569 -0.25688959 -0.03893202  0.0435294 ]]
Matrix Pair 95; W = [[ 0.31462102  0.00219671  0.06227888 -0.17933402  0.15419736]
 [-0.06428828 -0.36924098 -0.06897474  0.21489002 -0.19095571]
 [-0.04184549  0.08295691 -0.0475052   0.06852634  0.00848942]
 [-0.03179024  0.06419938  0.11403129 -0.15648393  0.05626287]
 [-0.02660544 -0.08640974 -0.21355098 -0.12453234  0.01576868]]
U = [[ 0.1025802   0.0752689   0.16029396  0.3780551  -0.03395566]
 [-0.3207014  -0.1048699   0.04659647  0.06447802  0.11965316]
 [ 0.12055694 -0.14873609 -0.16398494 -0.14346362  0.2116094 ]
 [ 0.25275543 -0.02062259  0.21195166  0.04948752 -0.23376568]
 [-0.09252981 -0.02883641 -0.27876375 -0.06101951  0.0360389 ]]
Matrix Pair 96; W = [[ 0.27707215 -0.02311333  0.06330356 -0.18398282  0.15570413]
 [-0.06325522 -0.44190018 -0.01936327  0.24206567 -0.13528495]
 [-0.10235983 -0.04305687 -0.09323827  0.07724112  0.04681661]
 [-0.07851383  0.07843085  0.18900365 -0.11058649 -0.11226883]
 [-0.08950046 -0.14275395 -0.16515794 -0.20029628 -0.01284005]]
U = [[ 0.16739655  0.02790597  0.26017928  0.35426514  0.03748795]
 [-0.36496015 -0.02332625  0.11914483  0.1302763   0.12821478]
 [ 0.0788142  -0.11506828 -0.09394252 -0.16943547  0.15431345]
 [ 0.21169974  0.01862918  0.23289647 -0.01272332 -0.19242816]
 [-0.10958166 -0.02433355 -0.26091514  0.00703968  0.06552675]]
Matrix Pair 97; W = [[ 0.27548659 -0.08264044  0.04080708 -0.12727194  0.22165292]
 [-0.05586316 -0.44155767 -0.00947955  0.27499524 -0.11948586]
 [-0.04231564 -0.01798228 -0.0687963   0.04256563  0.03287357]
 [-0.02533745  0.13788013  0.11888817 -0.0802738  -0.02241613]
 [-0.08676748 -0.09298177 -0.12538818 -0.18065053  0.04152799]]
U = [[ 0.12349471  0.06034726  0.24557814  0.37646887  0.00802111]
 [-0.31850824 -0.04913455  0.13122114  0.09611388  0.12784589]
 [ 0.08442447 -0.07694576 -0.12815614 -0.15035734  0.16045882]
 [ 0.2344252  -0.0739386   0.20751032 -0.02279372 -0.20182621]
 [-0.1771531  -0.01211208 -0.24775124 -0.04134201  0.08172234]]
Matrix Pair 98; W = [[ 0.29030838 -0.05500438  0.01316633 -0.1794827   0.24190118]
 [ 0.00525831 -0.41111359  0.01839896  0.28722655 -0.15203891]
 [-0.09296986  0.03093567 -0.07737679  0.03796178  0.03780695]
 [-0.08833428  0.09256678  0.12797243 -0.11887415 -0.05922504]
 [-0.096295   -0.12635217 -0.14553216 -0.25049666 -0.02701389]]
U = [[ 1.80822251e-01  4.26753870e-02  2.61784472e-01  3.83135205e-01
  -2.24914558e-02]
 [-3.92987737e-01 -6.08175069e-02  1.29285374e-01  1.16905997e-01
   1.41303630e-01]
 [ 8.74838368e-02 -7.37632617e-02 -9.77410979e-02 -1.89459586e-01
   1.74790683e-01]
 [ 1.74208659e-01 -1.38003623e-04  2.18867453e-01 -5.67361639e-02
  -2.66944751e-01]
 [-1.72335457e-01 -3.11133326e-02 -2.72110911e-01 -2.38767148e-02
   2.58146868e-02]]
Matrix Pair 99; W = [[ 0.23475746 -0.05086175  0.08261855 -0.18380408  0.22454266]
 [-0.04096797 -0.45641736 -0.02282565  0.23040919 -0.13227676]
 [-0.0289943  -0.02154955 -0.11268749  0.05650984  0.02518319]
 [-0.05998026  0.12110016  0.10025108 -0.04160697 -0.07918136]
 [-0.13409083 -0.1299415  -0.15130149 -0.24859022  0.01854019]]
U = [[ 0.12764716  0.0594803   0.25707812  0.39501647 -0.04468882]
 [-0.39062478 -0.03494902  0.14519084  0.11496634  0.07817926]
 [ 0.0274672  -0.12101884 -0.12436091 -0.19934123  0.12367073]
 [ 0.2085376  -0.05115883  0.25783862 -0.07115574 -0.21921896]
 [-0.14922826 -0.05545606 -0.23869177 -0.06529611  0.08034411]]
Matrix Pair 100; W = [[ 0.23101112 -0.04692646  0.02352119 -0.12747055  0.16213675]
 [-0.05671913 -0.43168655 -0.01409256  0.20840578 -0.12759244]
 [-0.03633443 -0.04789137 -0.05399855  0.02877552  0.04241911]
 [-0.04222138  0.06142899  0.19667537 -0.03348959 -0.04100297]
 [-0.04015633 -0.09925793 -0.11957497 -0.19736868  0.00100097]]
U = [[ 0.11802484  0.05135034  0.18734648  0.41829843 -0.03342519]
 [-0.37680566 -0.00742702  0.127032    0.06978428  0.14131614]
 [ 0.11613028 -0.06271046 -0.07675743 -0.16914774  0.16564326]
 [ 0.25116958 -0.05705622  0.23706881 -0.05273689 -0.22320915]
 [-0.10889826 -0.0396684  -0.19618858  0.00328961  0.05069356]]
Matrix Pair 101; W = [[ 0.30581891 -0.02261058  0.02531535 -0.17261022  0.22063704]
 [ 0.00768752 -0.40197434 -0.02288993  0.26361034 -0.17711229]
 [-0.05390227 -0.04581113 -0.09846522  0.07273377 -0.0329977 ]
 [-0.0073945   0.07630919  0.16270622 -0.10297098 -0.04556901]
 [-0.04122489 -0.09881547 -0.20608085 -0.19418347 -0.01963557]]
U = [[ 0.18123797  0.00766806  0.21699409  0.40324284  0.03848945]
 [-0.37496967 -0.08231397  0.10680812  0.07512066  0.10083037]
 [ 0.07461032 -0.12519481 -0.16827388 -0.16799845  0.1564627 ]
 [ 0.18465158 -0.00895461  0.1792347  -0.03969595 -0.24337064]
 [-0.16012945 -0.01229935 -0.21046245  0.00707775  0.06681967]]
Matrix Pair 102; W = [[ 0.32149729 -0.01205073  0.06591157 -0.17907612  0.17962103]
 [-0.00854895 -0.39824983 -0.03304293  0.2158224  -0.18348855]
 [-0.07761291 -0.00725415 -0.08511939  0.09090094 -0.00715882]
 [-0.04398762  0.09616028  0.1942939  -0.0737786  -0.09474606]
 [-0.07774804 -0.15089541 -0.1616327  -0.198523   -0.04617638]]
U = [[ 0.09841648  0.06386867  0.19842828  0.38005396  0.000387  ]
 [-0.31540413 -0.0398636   0.17234679  0.12976051  0.17167839]
 [ 0.09087218 -0.05594189 -0.14027986 -0.1921364   0.12048578]
 [ 0.16853342 -0.03558945  0.1769653  -0.04488031 -0.21555057]
 [-0.18676422  0.00677115 -0.25655931 -0.0738827   0.06398857]]
Matrix Pair 103; W = [[ 0.31857024 -0.01960068  0.00370357 -0.18296029  0.20404635]
 [-0.02524113 -0.43967262 -0.02171444  0.27932669 -0.11481915]
 [-0.04189449  0.00347931 -0.02479639  0.10734621  0.00799304]
 [-0.01939356  0.0686945   0.14530083 -0.07030258 -0.11514867]
 [-0.08559153 -0.11128943 -0.21109402 -0.19042951  0.03710782]]
U = [[ 0.12156508  0.04659396  0.18493841  0.38331383  0.00569229]
 [-0.37904705 -0.03126152  0.08566427  0.11646765  0.09731616]
 [ 0.09022136 -0.05653282 -0.13979357 -0.22995932  0.1006239 ]
 [ 0.25241207  0.009882    0.23135198 -0.00617818 -0.17867887]
 [-0.18548955  0.01247726 -0.25801337  0.02003927  0.10532013]]
Matrix Pair 104; W = [[ 0.31465157 -0.01982699  0.04925464 -0.13527232  0.1877147 ]
 [-0.01432968 -0.42887245  0.00530189  0.23235554 -0.10020231]
 [-0.03884023  0.02712801 -0.07565331  0.11226191  0.05234466]
 [-0.06934138  0.07484181  0.19594538 -0.04741766 -0.09054052]
 [-0.06504348 -0.11287499 -0.13874156 -0.23537026  0.04665623]]
U = [[ 0.09620035  0.02275597  0.264786    0.3430008   0.00254718]
 [-0.30187813 -0.02658519  0.15184491  0.15440028  0.10357656]
 [ 0.06821864 -0.11729126 -0.11128674 -0.24325678  0.11094049]
 [ 0.20537489 -0.00914709  0.181695   -0.03402576 -0.21480858]
 [-0.12024881  0.0413933  -0.21903512 -0.05229321  0.09105602]]
Matrix Pair 105; W = [[ 0.27784401 -0.09280387  0.04396063 -0.13401505  0.23978692]
 [ 0.02869521 -0.42676768 -0.02306579  0.28388864 -0.18348129]
 [-0.10931934  0.02876117 -0.0363506   0.11135399  0.02905193]
 [-0.00922182  0.10394539  0.10518525 -0.05855316 -0.062709  ]
 [-0.05340464 -0.12059299 -0.19137727 -0.19194567 -0.01643433]]
U = [[ 0.15496682  0.008183    0.21445796  0.34678445 -0.00818052]
 [-0.39628697 -0.01546493  0.07728535  0.13784695  0.16836967]
 [ 0.03294044 -0.08493733 -0.13991981 -0.21816161  0.11042457]
 [ 0.22222992 -0.0753668   0.22451908 -0.04946763 -0.19243493]
 [-0.11309755 -0.01572059 -0.26066642  0.02292821  0.05017615]]
Matrix Pair 106; W = [[ 0.31069204 -0.01226819  0.00094214 -0.20395087  0.16430374]
 [-0.0570848  -0.40891006 -0.07103583  0.2879778  -0.10761873]
 [-0.04113318  0.03233251 -0.0941982   0.02614211 -0.02368141]
 [-0.03907542  0.06520944  0.15555285 -0.02974135 -0.0251584 ]
 [-0.06641745 -0.1367848  -0.19714557 -0.24105404  0.04217945]]
U = [[ 0.18867219  0.0715429   0.24717062  0.42499263 -0.04009446]
 [-0.34617702 -0.00567214  0.12334923  0.14162929  0.09063037]
 [ 0.0757301  -0.07136054 -0.09747019 -0.20395388  0.10189044]
 [ 0.19970828 -0.03039149  0.21172796 -0.02359452 -0.26513516]
 [-0.20058468 -0.03056594 -0.25183147 -0.05576639  0.08615858]]
Matrix Pair 107; W = [[ 0.25963602 -0.0085195   0.00507455 -0.20626179  0.22538502]
 [ 0.00778524 -0.38236319 -0.07119711  0.2567253  -0.19168877]
 [-0.01296348  0.02908904 -0.06315445  0.07558951 -0.0117964 ]
 [-0.04474587  0.13861426  0.12187122 -0.07921927 -0.02566424]
 [-0.13809409 -0.07108941 -0.15615976 -0.17606336 -0.0259956 ]]
U = [[ 0.13091162  0.07788571  0.24028915  0.40347683 -0.00096197]
 [-0.32223439 -0.05504817  0.12338244  0.12308911  0.10249551]
 [ 0.04013083 -0.14891777 -0.16543753 -0.2472781   0.17065142]
 [ 0.1689795  -0.06456211  0.27096406 -0.03101059 -0.25921309]
 [-0.11466873 -0.05321413 -0.22610465 -0.07275818  0.02130254]]
Matrix Pair 108; W = [[ 0.24533484 -0.07081209  0.02510986 -0.19496016  0.17851563]
 [-0.01644418 -0.4362078  -0.05717218  0.27196748 -0.18195478]
 [-0.01599957  0.0361345  -0.11328196  0.11443336 -0.0266179 ]
 [-0.02700705  0.1238793   0.14587308 -0.12550035 -0.11675338]
 [-0.09448132 -0.10988829 -0.15529474 -0.24718113 -0.00550969]]
U = [[ 0.16883307  0.04803616  0.26845685  0.42794686 -0.03246382]
 [-0.39618637 -0.05604944  0.15194575  0.11159757  0.15660906]
 [ 0.11834181 -0.0702235  -0.16530751 -0.18025858  0.13139723]
 [ 0.21320431 -0.01196251  0.2234016  -0.02073226 -0.21643103]
 [-0.11031072 -0.01262233 -0.23397919 -0.06410553  0.04043199]]
Matrix Pair 109; W = [[ 0.23913926 -0.01013466  0.0325051  -0.21654592  0.2042061 ]
 [-0.02050523 -0.3776011  -0.00133819  0.29150151 -0.17478083]
 [-0.07269762 -0.03872358 -0.0353847   0.02447781  0.01651169]
 [-0.09204151  0.1109786   0.1873709  -0.04694021 -0.11015011]
 [-0.06791724 -0.12069518 -0.19831917 -0.1793705   0.04385927]]
U = [[ 0.13287945  0.08527823  0.22292686  0.36288541  0.01806478]
 [-0.37222265 -0.01976287  0.11999508  0.07932021  0.16385076]
 [ 0.04985381 -0.1479155  -0.07749539 -0.23359872  0.10795128]
 [ 0.19176704  0.00168872  0.22271099  0.00466642 -0.24903325]
 [-0.15106639 -0.03503049 -0.22880347 -0.05416963  0.06514173]]
Matrix Pair 110; W = [[ 0.32223004 -0.06992532  0.09664321 -0.1564209   0.15641878]
 [-0.0207832  -0.40702762  0.02161965  0.26139341 -0.10740281]
 [-0.05458718  0.03569168 -0.05388834  0.08269805  0.00089864]
 [-0.00406162  0.1199799   0.15051612 -0.0489305  -0.04191589]
 [-0.08641118 -0.08465194 -0.12543764 -0.1790405  -0.03703646]]
U = [[ 0.18803899  0.10426911  0.19983579  0.39267625 -0.04925539]
 [-0.31630155 -0.02572568  0.13808969  0.14592738  0.08284359]
 [ 0.09297477 -0.1453334  -0.10475401 -0.1972465   0.16624531]
 [ 0.23341382 -0.04785443  0.22400809 -0.01278776 -0.23488013]
 [-0.19391054  0.03938003 -0.27669265 -0.06758377  0.027219  ]]
Matrix Pair 111; W = [[ 0.25426153 -0.01589065  0.08434497 -0.14420204  0.15068192]
 [ 0.02700218 -0.38450014 -0.06690248  0.25103682 -0.17414833]
 [-0.01907077  0.01469622 -0.11794512  0.04582492  0.02321392]
 [-0.05179448  0.06630103  0.16541213 -0.12665004 -0.07953088]
 [-0.13299947 -0.08308827 -0.16934296 -0.22699227  0.01181277]]
U = [[ 1.07362488e-01  5.04717305e-02  1.83736571e-01  3.77730878e-01
  -1.60482075e-02]
 [-3.30814552e-01 -5.98504579e-02  1.54312657e-01  1.52093837e-01
   1.63841386e-01]
 [ 5.36435780e-02 -5.11625182e-02 -1.68719630e-01 -1.95040245e-01
   1.80490272e-01]
 [ 1.73658484e-01 -5.07731218e-02  2.23680922e-01 -7.52259319e-02
  -2.40579961e-01]
 [-1.47174894e-01  3.90902287e-02 -2.08239902e-01 -3.22872261e-04
   5.44197642e-02]]
Matrix Pair 112; W = [[ 0.26012001 -0.09984044  0.06572622 -0.17535276  0.16115471]
 [-0.03683941 -0.34648769 -0.11238798  0.20687584 -0.16861682]
 [-0.01555109 -0.0537154  -0.08787176  0.00401605 -0.00080237]
 [-0.07176895  0.0891691   0.11557164 -0.00416452 -0.0867115 ]
 [-0.06725621 -0.06897672 -0.18301115 -0.1992563   0.03130118]]
U = [[ 0.1934452   0.09535818  0.25612926  0.40617293  0.04472084]
 [-0.36605334 -0.00694314  0.05537218  0.09820775  0.0678322 ]
 [ 0.06754013 -0.09925508 -0.12076113 -0.18979493  0.18844875]
 [ 0.30754479 -0.09639151  0.33510196  0.00393016 -0.20273771]
 [-0.17119356 -0.02977038 -0.19150312  0.04836258  0.00635912]]
Matrix Pair 113; W = [[ 0.28755209 -0.10114867  0.05884307 -0.15840047  0.20596568]
 [-0.04190195 -0.35710371 -0.04353065  0.24390841 -0.1533485 ]
 [-0.01170617 -0.04723083 -0.07922392  0.06298181 -0.02376872]
 [-0.01794797  0.12917702  0.11168106 -0.00668392 -0.01549878]
 [-0.09029517 -0.12001518 -0.2043161  -0.16429876 -0.00888562]]
U = [[ 0.19356686  0.0612137   0.27472872  0.36838315  0.05415645]
 [-0.35308342 -0.03597159  0.12364941  0.10730761  0.04801027]
 [ 0.0239715  -0.06873338 -0.1613034  -0.12067906  0.14127667]
 [ 0.29126615 -0.07871356  0.2734983  -0.00238241 -0.15043775]
 [-0.15219047  0.01325344 -0.28488216 -0.02481726  0.03088864]]
Matrix Pair 114; W = [[ 0.31694849 -0.06575054  0.14554873 -0.10870373  0.12339479]
 [-0.03385971 -0.42020152 -0.07438771  0.25252987 -0.12993226]
 [-0.0441244   0.01787211 -0.05387191  0.00400676 -0.02811466]
 [-0.06462334  0.1112168   0.10191136 -0.02872363 -0.09162162]
 [-0.05502312 -0.104295   -0.15574335 -0.14830367  0.04519142]]
U = [[ 0.16603189  0.03120166  0.22113566  0.38368124 -0.00807089]
 [-0.38609496 -0.01790128  0.07871464  0.12852627  0.11337442]
 [ 0.09233339 -0.1114325  -0.14557633 -0.15470312  0.13422162]
 [ 0.30404908 -0.03713143  0.28866557 -0.02787342 -0.19173574]
 [-0.17038373 -0.00584807 -0.22240943  0.01500114  0.01619806]]
Matrix Pair 115; W = [[ 0.29508437 -0.05960021  0.06741593 -0.10456595  0.14323239]
 [-0.00487307 -0.42612638 -0.09855819  0.28306362 -0.11606542]
 [-0.02816918 -0.03388565 -0.07296607  0.06648249 -0.00281504]
 [-0.08769463  0.11648656  0.16068524 -0.04127584  0.00145842]
 [-0.07500972 -0.09930815 -0.21346892 -0.22624063  0.07004827]]
U = [[ 0.17885073  0.08897087  0.22237602  0.37631791  0.04749132]
 [-0.39992843 -0.01247482  0.11202398  0.12034055  0.08262245]
 [ 0.11116563 -0.1462698  -0.16368772 -0.20907063  0.16571935]
 [ 0.31413751 -0.0655489   0.34038137  0.02370545 -0.14842946]
 [-0.1752089  -0.00511134 -0.19519223 -0.03560682  0.0242897 ]]
Matrix Pair 116; W = [[ 0.23377591 -0.08527241  0.12487335 -0.13559355  0.20184906]
 [-0.00058616 -0.41545807 -0.11323528  0.2054647  -0.14267099]
 [-0.07709648  0.02618254 -0.02388354  0.09301327  0.04127478]
 [-0.0279245   0.114129    0.19288365 -0.07774001 -0.06324943]
 [-0.06548507 -0.06845156 -0.15921606 -0.16153885 -0.01763158]]
U = [[ 0.18879967  0.101027    0.25656209  0.32217457 -0.00432135]
 [-0.35697132 -0.00995552  0.07547788  0.04027233  0.09223934]
 [ 0.06938325 -0.12875189 -0.13831281 -0.16058979  0.19710969]
 [ 0.29383162 -0.01921703  0.33334476 -0.01814584 -0.14259885]
 [-0.18681718  0.0195096  -0.20215698 -0.01275258  0.04814011]]
Matrix Pair 117; W = [[ 0.27170756 -0.09928471  0.11467689 -0.17808531  0.1503507 ]
 [-0.07639439 -0.35102977 -0.04794226  0.25342625 -0.1948724 ]
 [-0.01343944 -0.00640878 -0.02874188  0.06862905  0.04146021]
 [-0.04809834  0.12973356  0.17683576 -0.07941946 -0.07146512]
 [-0.05205825 -0.05669248 -0.22529425 -0.21948169  0.00746734]]
U = [[ 0.12140165  0.07234698  0.27968335  0.34468806 -0.00146495]
 [-0.38368761 -0.03882871  0.03718423  0.05695116  0.06831908]
 [ 0.01836763 -0.0876742  -0.1811327  -0.14433711  0.22751614]
 [ 0.24227109 -0.04057115  0.30228013 -0.03957195 -0.19047843]
 [-0.15863976 -0.04002459 -0.21769109 -0.0354452   0.01723275]]
Matrix Pair 118; W = [[ 0.32388304 -0.08045738  0.0659071  -0.16634938  0.12334581]
 [-0.02469699 -0.37071649 -0.09219814  0.19654471 -0.17346973]
 [-0.00877345 -0.0228368  -0.05420505  0.01822547  0.05452144]
 [-0.02818903  0.12725951  0.10183434 -0.10157848 -0.04726175]
 [-0.04708368 -0.04702482 -0.20370865 -0.21250841  0.05240586]]
U = [[ 0.12004568  0.06637208  0.22298164  0.32580193 -0.00141337]
 [-0.32608379 -0.00141613  0.10051028  0.07345067  0.08063346]
 [ 0.01897203 -0.12638623 -0.15644839 -0.16093891  0.14535334]
 [ 0.31143244 -0.09530734  0.34348455 -0.00992535 -0.1868298 ]
 [-0.18210569  0.0304469  -0.2413063   0.02447814  0.04587939]]
Matrix Pair 119; W = [[ 0.24063427 -0.10689106  0.06991633 -0.1000612   0.17719534]
 [-0.02231107 -0.35937802 -0.10636145  0.23892534 -0.12110279]
 [-0.06979075  0.01512351 -0.04880347  0.00359259 -0.01174254]
 [-0.05555064  0.08515393  0.10123903 -0.05631214 -0.00620874]
 [-0.11593938 -0.07222817 -0.20370639 -0.16365636  0.00634561]]
U = [[ 0.16780781  0.06776095  0.23523347  0.3360592   0.00678839]
 [-0.38743101 -0.0620087   0.04291579  0.0826458   0.07335488]
 [ 0.03497373 -0.09141026 -0.11940624 -0.15188095  0.21291872]
 [ 0.2284235  -0.06095929  0.29201626  0.02105811 -0.22284989]
 [-0.12232707 -0.04642661 -0.20107463 -0.01193178 -0.01542461]]
Matrix Pair 120; W = [[ 0.24990302 -0.11599016  0.10557623 -0.18449691  0.15677083]
 [-0.00550123 -0.36356659 -0.09372249  0.22758538 -0.18741176]
 [-0.04664557 -0.02383903 -0.08381     0.06414285  0.05672157]
 [-0.06760401  0.04980603  0.12844947 -0.07595502 -0.08542107]
 [-0.07854027 -0.08589846 -0.15576457 -0.15899464  0.06133552]]
U = [[ 0.13770697  0.02068815  0.20664148  0.39436335  0.00589595]
 [-0.39909303 -0.08290706  0.07143422  0.11889362  0.04640372]
 [ 0.08640447 -0.08300239 -0.13112049 -0.11498765  0.15617045]
 [ 0.29222628 -0.08136301  0.32248287 -0.05141414 -0.18257046]
 [-0.14885859  0.02161149 -0.25023269  0.04336766  0.00137231]]
Matrix Pair 121; W = [[ 0.3055374  -0.05974679  0.05752392 -0.17812436  0.19114361]
 [-0.05629935 -0.41511611 -0.09053134  0.27611716 -0.14680009]
 [-0.07200128  0.04002042 -0.06561463  0.03561039  0.05199654]
 [-0.01979511  0.08608512  0.11574807 -0.00659866 -0.07444207]
 [-0.07878896 -0.10410565 -0.19495755 -0.14456568 -0.00778741]]
U = [[ 0.15371832  0.09945257  0.29193258  0.31565727  0.03062938]
 [-0.35459998 -0.07235041  0.09634315  0.09340051  0.10438248]
 [ 0.03728688 -0.05529111 -0.14898862 -0.21063393  0.21096851]
 [ 0.24155392 -0.03209759  0.29785899 -0.00668712 -0.14549441]
 [-0.09293791  0.01282456 -0.19179002  0.01794075  0.00505222]]
Matrix Pair 122; W = [[ 0.3159948  -0.09988196  0.14276785 -0.17995016  0.11613189]
 [-0.02750845 -0.34430198 -0.12151439  0.24936002 -0.17682758]
 [-0.08266405  0.02935036 -0.05633516  0.05803089  0.00986128]
 [-0.08891888  0.0921158   0.11361239 -0.03295548  0.00276818]
 [-0.02199127 -0.04036537 -0.14167555 -0.1701208   0.013718  ]]
U = [[ 0.10101361  0.03411944  0.26347598  0.3537524   0.00673621]
 [-0.36054762 -0.06426193  0.06863415  0.07510331  0.12526413]
 [ 0.0711613  -0.11783828 -0.15362003 -0.16051997  0.15714144]
 [ 0.22107273 -0.07754324  0.27279241 -0.01329837 -0.17501189]
 [-0.13976447  0.01833811 -0.23021445  0.04643216  0.07444793]]
Matrix Pair 123; W = [[ 0.26173793 -0.03831984  0.11002686 -0.1571744   0.11946895]
 [ 0.00909395 -0.36679682 -0.04710345  0.19257621 -0.17570894]
 [ 0.01125366  0.01835402 -0.01362328 -0.00165345 -0.00766051]
 [-0.04350873  0.04785307  0.10919863 -0.00721547 -0.00521452]
 [-0.08668551 -0.09419842 -0.21147795 -0.23662048  0.04741678]]
U = [[ 0.17160345  0.02912051  0.23708751  0.40057791  0.05252999]
 [-0.36513367 -0.0398487   0.11280509  0.08215431  0.10916985]
 [ 0.0403858  -0.12309959 -0.15380156 -0.20922286  0.17396578]
 [ 0.23666865 -0.09036712  0.29167483 -0.00331544 -0.22746291]
 [-0.14103048 -0.03606047 -0.20241432 -0.00553154  0.03031592]]
Matrix Pair 124; W = [[ 0.23839676 -0.0575042   0.05327255 -0.14043546  0.19896958]
 [-0.03068433 -0.33850896 -0.08680982  0.27482336 -0.18858673]
 [-0.06161168 -0.02011603 -0.09457073  0.01502483 -0.00429033]
 [-0.06374853  0.11372025  0.11986113 -0.05173664 -0.04634433]
 [-0.11835146 -0.12001486 -0.13296585 -0.18489865  0.04442826]]
U = [[ 0.16449995  0.04797044  0.27168701  0.38397321  0.0598209 ]
 [-0.3308877  -0.08791897  0.12502856  0.08505908  0.0620049 ]
 [ 0.1079047  -0.04909347 -0.17665571 -0.16291566  0.18547317]
 [ 0.22119502 -0.01976767  0.26647436  0.03532059 -0.2135891 ]
 [-0.10333385 -0.03231668 -0.2381298   0.04465441  0.03119088]]
Matrix Pair 125; W = [[ 0.29190512 -0.05122423  0.12084148 -0.11494614  0.18624681]
 [-0.06554062 -0.40891619 -0.11866566  0.19734033 -0.12538622]
 [ 0.01371938  0.03631812 -0.07372816  0.01264456  0.03898425]
 [-0.06862676  0.08988683  0.14789196 -0.02577729 -0.07494828]
 [-0.04093799 -0.0742691  -0.1411018  -0.23664334  0.07531806]]
U = [[ 0.12687696  0.07746917  0.2725276   0.31248216  0.05683639]
 [-0.37810626 -0.06306359  0.10947211  0.0598389   0.0870323 ]
 [ 0.03671728 -0.13182765 -0.17881794 -0.17684155  0.16990336]
 [ 0.28790133 -0.07631176  0.34962053 -0.01524227 -0.15686372]
 [-0.09493546 -0.03146043 -0.23143133 -0.03407516  0.07855673]]
Matrix Pair 126; W = [[ 0.31200779 -0.1096961   0.09896943 -0.13398053  0.18380276]
 [-0.02209664 -0.3609355  -0.11398908  0.26324211 -0.13934091]
 [-0.02128538  0.0049125  -0.03262554  0.00081705  0.03974363]
 [-0.03058937  0.11415517  0.14105701 -0.00547035 -0.05894023]
 [-0.11318897 -0.05227051 -0.22476973 -0.21322635  0.07333336]]
U = [[ 0.09718298  0.03504721  0.26043541  0.37725518  0.06517059]
 [-0.41737327 -0.00811135  0.09264053  0.12119001  0.09166301]
 [ 0.06789589 -0.11209088 -0.20993373 -0.17485209  0.17607243]
 [ 0.25911774 -0.04660965  0.32125059  0.02576157 -0.2030764 ]
 [-0.13136596  0.0216508  -0.20183     0.05383963  0.06359835]]
Matrix Pair 127; W = [[ 0.2732574  -0.06724404  0.10386565 -0.15434925  0.193892  ]
 [ 0.00659568 -0.43733211 -0.11378597  0.24626334 -0.12383566]
 [-0.07167765 -0.03972726 -0.1005744   0.08926082  0.03815337]
 [-0.07904047  0.12116239  0.16740935 -0.04692888 -0.07528037]
 [-0.10971868 -0.11005429 -0.14548953 -0.16754717  0.06168091]]
U = [[ 0.12201079  0.01139698  0.23731018  0.39663424  0.01083634]
 [-0.34454898 -0.0521168   0.08930482  0.04499748  0.12365261]
 [ 0.05063413 -0.0571666  -0.19852143 -0.19499597  0.2123066 ]
 [ 0.31403036 -0.07883707  0.32509388 -0.0061617  -0.1967383 ]
 [-0.13669687  0.02929798 -0.25078428  0.01320678  0.00183098]]
