Epoch: 57Matrix Pair 0; W = [[-0.1680779   0.09783534  0.15338126  0.12850627 -0.18272329]
 [-0.00294081 -0.1776693  -0.13286545 -0.19320444  0.20699698]
 [-0.03634334  0.01351736 -0.09043749  0.00121369  0.19139773]
 [-0.06629277 -0.12272925 -0.08579247  0.07914707  0.05468412]
 [-0.14102409 -0.1591176   0.03921604  0.1049448   0.01900798]]
U = [[ 0.07342441 -0.05895285  0.16002169 -0.02453892  0.24755041]
 [-0.10964788  0.04624767  0.15078821  0.12332914  0.03236732]
 [ 0.27293844  0.03891078  0.10654342  0.17252224  0.09968326]
 [ 0.12107215  0.18387969  0.08767942  0.00811369  0.08377909]
 [-0.21890728  0.24019336  0.37000026  0.19275953  0.01101056]]
Matrix Pair 1; W = [[-0.07745102  0.07879013  0.14087385  0.10626778 -0.18758573]
 [ 0.06037368 -0.20756013 -0.11223003 -0.17221015  0.17252003]
 [-0.04745244 -0.00427371 -0.0421521  -0.0417613   0.28834685]
 [-0.07650725 -0.06734003 -0.07674986  0.07310682  0.1181719 ]
 [-0.16174138 -0.21182602  0.0394795   0.08036475  0.01291345]]
U = [[ 0.07764027 -0.0586961   0.09432865 -0.11011739  0.21253934]
 [-0.15431295  0.07595556  0.16304512  0.12084073 -0.04339116]
 [ 0.27697298  0.06552828  0.05001685  0.1644894   0.06644515]
 [ 0.05379029  0.12978719  0.06983281  0.03055564  0.05153753]
 [-0.23537557  0.19980042  0.39381525  0.15257172 -0.01331892]]
Matrix Pair 2; W = [[-0.07608706  0.02974632  0.18590605  0.08987056 -0.14640222]
 [ 0.02859794 -0.15825187 -0.09274132 -0.15339577  0.16482433]
 [-0.01169432  0.07629609 -0.04204622 -0.07726629  0.28907204]
 [-0.07775672 -0.14486014 -0.04534629  0.01798586  0.06587931]
 [-0.09205635 -0.1960939   0.06881547  0.07750433  0.00396793]]
U = [[ 0.12726372 -0.03567654  0.1451051  -0.08962928  0.24332238]
 [-0.06891884  0.10525533  0.17745483  0.14773295  0.02531146]
 [ 0.22749762  0.09665944  0.11278051  0.16840821  0.14662781]
 [ 0.08485075  0.13243874  0.02887011  0.0049387   0.09874127]
 [-0.24839538  0.17932227  0.35867648  0.14118889 -0.05964506]]
Matrix Pair 3; W = [[-0.08981512  0.03718383  0.14904057  0.1236277  -0.17908849]
 [ 0.0604303  -0.22055744 -0.12476026 -0.2134225   0.16743235]
 [-0.09480264  0.0404434  -0.11040144 -0.08631359  0.25650231]
 [-0.03237492 -0.08248527 -0.04695694  0.04922429  0.04185108]
 [-0.10215635 -0.18986519  0.10402568  0.14788295 -0.03658683]]
U = [[ 0.09670375 -0.05219574  0.095374   -0.07093829  0.193449  ]
 [-0.11908303  0.03732526  0.17978167  0.1854336   0.00115195]
 [ 0.29444841  0.07265059  0.10862766  0.11037675  0.08235258]
 [ 0.07100827  0.13902055  0.09095353  0.05631307  0.08140541]
 [-0.23738265  0.18575957  0.33363993  0.20276325 -0.02458557]]
Matrix Pair 4; W = [[-0.07499265  0.03840768  0.10303701  0.1062077  -0.11384971]
 [ 0.02759254 -0.26161101 -0.09838674 -0.11576444  0.20507441]
 [ 0.01552826  0.02039789 -0.02206372  0.02242358  0.24998018]
 [-0.00684178 -0.04131214 -0.08814025  0.04245325  0.06737657]
 [-0.18862611 -0.16669992  0.02765886  0.08579847 -0.06647262]]
U = [[ 0.0465913  -0.15352043  0.18478342 -0.11962206  0.20328925]
 [-0.12882677  0.05746633  0.15922789  0.1748214  -0.03417975]
 [ 0.23775597  0.02769279  0.07236203  0.16967456  0.1227906 ]
 [ 0.11981784  0.16044147  0.04554641  0.02109795  0.14459963]
 [-0.29378119  0.15760921  0.29490123  0.1898375  -0.01340213]]
Matrix Pair 5; W = [[-0.13170761  0.04791316  0.16385356  0.02338884 -0.10580827]
 [ 0.0455392  -0.28938823 -0.02962535 -0.10726807  0.16063421]
 [-0.04931362  0.03515743 -0.0711122   0.01493795  0.20192629]
 [-0.0438307  -0.10609494 -0.01771465  0.01409403 -0.00217852]
 [-0.15993366 -0.17453805 -0.02680654  0.15444244  0.01016813]]
U = [[ 0.02731074 -0.14459618  0.17131697 -0.0750265   0.29265653]
 [-0.17331832  0.1075601   0.22241756  0.23874967 -0.06146001]
 [ 0.326283    0.01034573  0.10594076  0.11345092  0.11640916]
 [ 0.03817586  0.19613574  0.04818995  0.04651295  0.11444211]
 [-0.25908202  0.22584411  0.31955038  0.13682926 -0.03567218]]
Matrix Pair 6; W = [[-0.09233309  0.0758126   0.10621507  0.0715646  -0.10330661]
 [ 0.07418478 -0.29229748 -0.06920112 -0.1401186   0.16580813]
 [-0.02532682  0.01039653 -0.06516343  0.04551735  0.23767754]
 [-0.05619803 -0.09476185 -0.02457507  0.03541529  0.0168722 ]
 [-0.17363343 -0.20138909 -0.04957852  0.10510287 -0.05432563]]
U = [[ 0.09919182 -0.13374583  0.16016309 -0.14494734  0.27992127]
 [-0.13328296  0.0275249   0.17998734  0.21205489  0.01193775]
 [ 0.23883526  0.07478358  0.09467488  0.12824953  0.11917417]
 [ 0.1279166   0.12724376  0.02384805  0.00114351  0.15171211]
 [-0.33645622  0.14813794  0.26366289  0.16880096 -0.0591613 ]]
Matrix Pair 7; W = [[-0.13359262  0.00717781  0.16725698  0.1023438  -0.0311809 ]
 [ 0.0716676  -0.2946116  -0.07610553 -0.12903519  0.15113748]
 [-0.00065229  0.0352925  -0.08728623  0.02186611  0.18427949]
 [-0.01829523 -0.0957395  -0.06244096  0.02858647  0.06802631]
 [-0.21343845 -0.1691873  -0.03482767  0.13171532  0.00201411]]
U = [[ 0.01172582 -0.15248133  0.16613758 -0.13493991  0.2271393 ]
 [-0.20572836  0.03329493  0.19319235  0.20695886  0.00881301]
 [ 0.30458394  0.06677448  0.14943793  0.1724728   0.14294598]
 [ 0.10897526  0.14513111  0.04006687 -0.01940687  0.06541744]
 [-0.31060269  0.23145339  0.3245837   0.17070789  0.01477158]]
Matrix Pair 8; W = [[-0.10563612  0.11575662  0.14620295  0.12120006 -0.09136284]
 [ 0.08793644 -0.16781775 -0.02891856 -0.06979192  0.18439186]
 [-0.0188073   0.01048975 -0.08375848  0.0401337   0.24413213]
 [-0.00118291 -0.11748255  0.04936539 -0.03890585  0.05506637]
 [-0.13188713 -0.19732373  0.02335314  0.09156101 -0.07087065]]
U = [[ 0.0507039  -0.15325203  0.13199841 -0.06572715  0.3166037 ]
 [-0.2408698   0.09737764  0.09320579  0.15595654 -0.00157542]
 [ 0.23332935 -0.01802538  0.07920816  0.07549849  0.12984411]
 [ 0.03361717  0.22197708  0.05255904  0.09555492  0.1226385 ]
 [-0.1801577   0.19020636  0.26691697  0.17259563 -0.07927858]]
Matrix Pair 9; W = [[-0.03332252  0.05190247  0.11359438  0.12178992 -0.11778032]
 [ 0.05080502 -0.179964   -0.1107821  -0.12242705  0.19479226]
 [-0.03944754  0.03072876 -0.08237348 -0.02044966  0.15909464]
 [-0.00386833 -0.04385439  0.00816037 -0.03312525  0.11260042]
 [-0.13538948 -0.1985147   0.0211662   0.15080876 -0.0518892 ]]
U = [[ 0.0931672  -0.0753862   0.17822359 -0.01750767  0.32298915]
 [-0.22522075  0.06869591  0.14077925  0.09335497 -0.03924604]
 [ 0.18931944 -0.03153039  0.08116501  0.09776377  0.1387752 ]
 [ 0.09692788  0.19424663  0.04130837  0.08751626  0.11837921]
 [-0.26307753  0.15166663  0.32546056  0.16764146 -0.0909309 ]]
Matrix Pair 10; W = [[-0.05518633  0.03327796  0.13162617  0.12395565 -0.13729229]
 [ 0.09479338 -0.16379935 -0.07763549 -0.06885442  0.19619636]
 [-0.05042887  0.08839393 -0.04883037 -0.01069924  0.18147038]
 [-0.04284371 -0.11094913  0.03876437 -0.02204134  0.07302757]
 [-0.12736385 -0.16562937 -0.02871279  0.15788768 -0.05093986]]
U = [[ 0.06336443 -0.16150559  0.1280976  -0.05205921  0.26313577]
 [-0.23171732  0.0877319   0.08323754  0.13683218 -0.02308198]
 [ 0.2234273   0.02419865  0.06570487  0.11714847  0.14298853]
 [ 0.08921313  0.20249954  0.02977143  0.05154044  0.12116944]
 [-0.23163889  0.20436605  0.29216054  0.18813087 -0.00948335]]
Matrix Pair 11; W = [[-0.051179    0.09424864  0.15276045  0.09051553 -0.14026393]
 [ 0.0975105  -0.24571283 -0.0642621  -0.04068543  0.21526318]
 [-0.02819984  0.0859551  -0.10599961  0.04143327  0.18915309]
 [ 0.04628758 -0.10910158  0.01480758 -0.05002812  0.03725921]
 [-0.1260716  -0.13002546  0.05316877  0.13824371  0.01161673]]
U = [[ 0.11744176 -0.10817621  0.14033787 -0.07780881  0.32554517]
 [-0.15939701  0.08278055  0.16601278  0.16119418 -0.05946228]
 [ 0.20750333 -0.01647258  0.10597051  0.05291338  0.16365658]
 [ 0.09197098  0.18653408  0.05173513  0.08383402  0.0935877 ]
 [-0.23729994  0.19453171  0.30249238  0.18818544 -0.09519392]]
Matrix Pair 12; W = [[-0.11709615 -0.0124244   0.25252143  0.04641301 -0.17047988]
 [ 0.07883205 -0.18534576 -0.06460929 -0.19562732  0.08577237]
 [-0.11874113  0.0028747  -0.04287716  0.00662412  0.26659931]
 [-0.00221724 -0.10156126  0.01394113  0.01838149  0.03375584]
 [-0.06474415 -0.16411459  0.03862808  0.05846823  0.03956605]]
U = [[-0.00317661 -0.07440143  0.15212033 -0.08938169  0.21326331]
 [-0.19625628  0.1137866   0.12232104  0.17945326 -0.03792623]
 [ 0.31197238  0.06406959  0.04419456  0.18374611  0.10360439]
 [ 0.12674835  0.15943138  0.13711356  0.07114999  0.15453881]
 [-0.29374332  0.1132997   0.31277069  0.23349461 -0.03889742]]
Matrix Pair 13; W = [[-0.06878028  0.00663838  0.16139013  0.09067342 -0.10520383]
 [ 0.12824816 -0.22636948 -0.05456847 -0.13691519  0.09265849]
 [-0.07345628  0.0328627   0.01585476  0.01643909  0.28194651]
 [-0.01504888 -0.04740308 -0.03028294 -0.05657912  0.0116442 ]
 [-0.07437089 -0.09354968  0.0294793   0.02775311  0.04078152]]
U = [[ 0.0609861  -0.09426268  0.19628471 -0.13221919  0.26873712]
 [-0.20037373  0.06578057  0.10488477  0.18164299 -0.05298418]
 [ 0.29882353  0.05751952  0.11707585  0.15344528  0.15346376]
 [ 0.08916903  0.15565506  0.1197533   0.09300878  0.08788404]
 [-0.29586097  0.17770977  0.2772387   0.17273979 -0.06996633]]
Matrix Pair 14; W = [[-0.06408845  0.03451328  0.23781993  0.02359898 -0.1646827 ]
 [ 0.12445933 -0.25024606 -0.10790696 -0.17406069  0.07081917]
 [-0.07289067  0.07335673 -0.06827942  0.06485096  0.22544724]
 [-0.04780939 -0.08704881 -0.02036018  0.00444167  0.02208756]
 [-0.15469243 -0.16804061  0.00478927  0.03160626 -0.00274425]]
U = [[ 0.06498483 -0.05094971  0.11266297 -0.11346687  0.22618693]
 [-0.23920162  0.05000412  0.10061922  0.1767017   0.03710878]
 [ 0.34330131  0.08014524  0.02783114  0.16667123  0.12588353]
 [ 0.15249486  0.14410933  0.09444074  0.04328254  0.14113733]
 [-0.2845337   0.11682565  0.31632096  0.15210355 -0.0474652 ]]
Matrix Pair 15; W = [[-0.07513809 -0.03686429  0.15949624  0.068033   -0.14658509]
 [ 0.11078524 -0.20874608 -0.12356198 -0.13130554  0.06347033]
 [-0.05458733  0.03201005 -0.00762339  0.00667334  0.20997664]
 [ 0.02628573 -0.08122471 -0.03816752 -0.05382508  0.03885082]
 [-0.06716607 -0.17996367  0.04398717  0.05641748 -0.00211302]]
U = [[ 0.01944107 -0.0489593   0.18319856 -0.11805203  0.30554614]
 [-0.19447485  0.09853371  0.16885656  0.22583378  0.03914802]
 [ 0.343295    0.05147733  0.07262014  0.1552796   0.08756409]
 [ 0.15667394  0.20242383  0.14273293  0.02084555  0.10789798]
 [-0.26409932  0.17254307  0.28403837  0.15310658 -0.05124609]]
Matrix Pair 16; W = [[-0.0913423   0.10102516  0.18822119  0.06428544 -0.17405254]
 [-0.01367632 -0.32936458 -0.08967835 -0.09437822  0.2434506 ]
 [-0.08561287  0.03549553 -0.13253729 -0.06278187  0.15590595]
 [-0.03568154 -0.06099199 -0.06472813 -0.02595975  0.02548084]
 [-0.09671029 -0.17142006 -0.01876315  0.14093921 -0.02279231]]
U = [[ 0.03400544 -0.08181518  0.13150825 -0.0783766   0.2451997 ]
 [-0.11467856  0.1074273   0.1305515   0.19556833 -0.00087007]
 [ 0.22307346  0.04780009  0.13542051  0.08641105  0.07150249]
 [ 0.10707314  0.22725539  0.06860556  0.05056417  0.09384737]
 [-0.28760305  0.11874842  0.26474004  0.1552994  -0.01487469]]
Matrix Pair 17; W = [[-0.09553016  0.06066548  0.20977905  0.1092723  -0.11921614]
 [-0.00303374 -0.26879744 -0.04917043 -0.1259764   0.19268895]
 [-0.11543405  0.03571535 -0.08947019  0.00332679  0.23962424]
 [-0.01681412 -0.10134537 -0.03862801 -0.01991495  0.06629498]
 [-0.1074333  -0.14668507 -0.02053047  0.13477426 -0.03083783]]
U = [[ 0.05258369 -0.14742462  0.079992   -0.13323581  0.19581968]
 [-0.12492599  0.12611046  0.17457645  0.11815972 -0.02112358]
 [ 0.27851933  0.04404258  0.13238535  0.1816611   0.09081726]
 [ 0.03989818  0.23645155  0.03839604 -0.02756257  0.05112509]
 [-0.23349527  0.18494018  0.25870452  0.17056122  0.04451242]]
Matrix Pair 18; W = [[-0.05839594  0.02824189  0.23509543  0.12353017 -0.14472854]
 [ 0.05204015 -0.252113   -0.07504887 -0.15100104  0.25128163]
 [-0.13209178  0.05671878 -0.06767164 -0.04324854  0.22726664]
 [-0.05957492 -0.067663   -0.00312869 -0.07060868  0.09093711]
 [-0.07972239 -0.13376407  0.0327908   0.16431659 -0.01332213]]
U = [[ 0.04615468 -0.16158935  0.08440789 -0.08746207  0.26649297]
 [-0.16920788  0.05863485  0.13284625  0.09862503 -0.00576461]
 [ 0.27625061  0.03638574  0.11594125  0.09503106  0.06330482]
 [ 0.0639808   0.28910626  0.03698602  0.03494979  0.11090164]
 [-0.23905576  0.1198535   0.23602612  0.19534715  0.02139439]]
Matrix Pair 19; W = [[-1.40320573e-01  8.66621479e-02  1.48904716e-01  1.34430817e-01
  -1.14686739e-01]
 [ 1.28237632e-02 -3.00544192e-01 -8.66579352e-02 -8.27018148e-02
   2.33129926e-01]
 [-1.29462991e-01  8.18911877e-02 -5.23778801e-02 -4.18734264e-02
   1.98377992e-01]
 [-2.18740578e-02 -4.62596258e-02 -5.55290242e-02 -3.83518046e-03
   1.96328617e-02]
 [-1.21333155e-01 -1.52445540e-01  8.57011997e-05  1.81166260e-01
  -3.32184098e-02]]
U = [[ 0.10491463 -0.1365882   0.08132618 -0.05981381  0.21860947]
 [-0.11873628  0.15226143  0.1802809   0.1398305   0.04762845]
 [ 0.29193779  0.03565841  0.15978937  0.16743519  0.1470488 ]
 [ 0.08953562  0.24515158  0.04004847  0.05010382  0.06377183]
 [-0.2305709   0.18473058  0.30096997  0.14992911 -0.02960919]]
Matrix Pair 20; W = [[-0.05948072  0.03882652  0.14876908  0.14001666 -0.13947118]
 [ 0.04539577 -0.22134907 -0.10816725 -0.1200056   0.12853651]
 [-0.11945294  0.05653201 -0.07844265 -0.05052027  0.30899527]
 [-0.03830774 -0.04438026 -0.01106634  0.00703032  0.09932147]
 [-0.17180419 -0.08041244 -0.03201369  0.14642867 -0.02382021]]
U = [[ 0.05797494 -0.12177984  0.14370471 -0.06107718  0.23764395]
 [-0.1742521   0.15250387  0.15431635  0.21767793 -0.0253668 ]
 [ 0.26304159 -0.00303379  0.07156915  0.14862199  0.16323133]
 [ 0.07341745  0.18618081  0.02160125  0.09654935  0.13321019]
 [-0.22061827  0.1887495   0.30957203  0.12787763 -0.03193457]]
Matrix Pair 21; W = [[-0.03865881  0.11408552  0.17980006  0.13712169 -0.16302003]
 [ 0.09283815 -0.21054691 -0.03236482 -0.07826915  0.1472781 ]
 [-0.10654791  0.00722394 -0.01188967  0.01619088  0.29649813]
 [-0.07172916 -0.07143973  0.02985354 -0.01629166  0.09486911]
 [-0.11908793 -0.11134411 -0.04982457  0.09981795  0.0051606 ]]
U = [[ 0.0162951  -0.06299676  0.15531967 -0.03634551  0.2833977 ]
 [-0.09742144  0.1292282   0.15429333  0.17255767 -0.0325438 ]
 [ 0.2649377   0.05092592  0.09393552  0.08774737  0.16660801]
 [ 0.09015189  0.23064605 -0.0636045   0.04015586  0.13065718]
 [-0.25279622  0.24943194  0.24505436  0.14732519 -0.05200944]]
Matrix Pair 22; W = [[-0.09507295  0.11015008  0.16063926  0.11615179 -0.09817559]
 [ 0.0468222  -0.16322758 -0.03087383 -0.13321098  0.08352209]
 [-0.09706204 -0.00480672 -0.01902332  0.02039336  0.29710922]
 [-0.02346983 -0.0627029  -0.01892556 -0.08393305  0.05207142]
 [-0.15967651 -0.08745699  0.01151168  0.14711412  0.03737761]]
U = [[ 0.09146332 -0.08179083  0.14393976 -0.01146937  0.26541528]
 [-0.13662143  0.12261211  0.11689888  0.16802646  0.01410788]
 [ 0.29123542  0.0007765   0.13927333  0.14486777  0.14635053]
 [ 0.11234399  0.21979226  0.00121534  0.04778944  0.11765364]
 [-0.26195434  0.24515674  0.28148741  0.15909359 -0.00157137]]
Matrix Pair 23; W = [[-0.10522246  0.04188403  0.14892889  0.08374936 -0.10757019]
 [ 0.12718728 -0.16794741 -0.11007266 -0.10295319  0.1469114 ]
 [-0.09942563  0.00846518 -0.02803176  0.0227769   0.26539487]
 [ 0.01293973 -0.08262282  0.03199557  0.00794451  0.05347364]
 [-0.14356278 -0.06362629  0.04314846  0.1528842   0.03894452]]
U = [[ 0.09498038 -0.12737307  0.19379247 -0.05207802  0.27172893]
 [-0.10793528  0.0734311   0.13260233  0.21777408 -0.05647047]
 [ 0.30226856 -0.00635435  0.06326037  0.10629102  0.09235394]
 [ 0.07127268  0.21907699  0.00560632  0.06918053  0.07921072]
 [-0.22299357  0.19204358  0.31683559  0.19239715  0.01243584]]
Matrix Pair 24; W = [[-0.09414549  0.07807126  0.15862021  0.1274275  -0.08201278]
 [ 0.12225387 -0.20446842 -0.08516266 -0.07952555  0.15544137]
 [-0.09155108  0.05910205 -0.00186562  0.02406708  0.16884806]
 [ 0.0498535   0.00365572  0.05864555 -0.04165886  0.10805721]
 [-0.14548362 -0.11970609 -0.01720447  0.11803656 -0.00717583]]
U = [[ 0.02634275 -0.07675305  0.15541266 -0.0126145   0.26599785]
 [-0.13541036  0.13553249  0.1057503   0.153905    0.01227853]
 [ 0.23908117  0.04010239  0.0666619   0.08308075  0.06981334]
 [ 0.09127675  0.18211778  0.03914189 -0.02363164  0.15317398]
 [-0.2583927   0.21366086  0.28238678  0.10353291  0.01983246]]
Matrix Pair 25; W = [[-0.13854958  0.08219749  0.19442312  0.09243497 -0.04782518]
 [ 0.14014042 -0.19527598 -0.07869994 -0.07926104  0.19359987]
 [-0.06886348  0.08428984 -0.07724321 -0.0017484   0.21440936]
 [-0.02379332 -0.03652041  0.03472786 -0.0053775   0.02099782]
 [-0.11175425 -0.12040551 -0.00180022  0.13674656 -0.03654279]]
U = [[-0.03863595 -0.13262603  0.11925179 -0.00710109  0.27244317]
 [-0.13415657  0.16980878  0.06236868  0.17638348  0.03227971]
 [ 0.24513731  0.01564158  0.11440091  0.08483013  0.11762283]
 [ 0.11564583  0.18410336  0.07337131 -0.04060792  0.11896474]
 [-0.2439591   0.17601173  0.30297824  0.0648183   0.05034053]]
Matrix Pair 26; W = [[-0.13217926  0.04260087  0.19324426  0.08727791 -0.06673647]
 [ 0.06234304 -0.15648024 -0.09204113 -0.08678386  0.1366818 ]
 [-0.06514709  0.03168068 -0.00258842  0.03546388  0.20272674]
 [ 0.03382795 -0.06771972  0.05275549 -0.00874464  0.10321475]
 [-0.13498058 -0.10441764 -0.0264362   0.15741366 -0.02208531]]
U = [[ 0.05016243 -0.06808845  0.1913387  -0.05858147  0.26398441]
 [-0.1926921   0.20257457  0.12684964  0.19356326  0.00114119]
 [ 0.25062144  0.0502132   0.06824614  0.0626461   0.0618049 ]
 [ 0.10540331  0.23341202  0.05889885  0.02881454  0.07105104]
 [-0.2682386   0.19705834  0.3548569   0.11160331  0.03025133]]
Matrix Pair 27; W = [[-0.06720962  0.09464734  0.21253992  0.12309893 -0.0627716 ]
 [ 0.10070895 -0.16367321 -0.12406094 -0.06330936  0.11645237]
 [-0.02931275  0.04411476 -0.00451582  0.02535167  0.15850592]
 [ 0.02374041 -0.00639989 -0.01685597 -0.0247754   0.03642009]
 [-0.10844066 -0.10344844  0.0285067   0.12307129  0.03071945]]
U = [[ 0.00074841 -0.07799574  0.15759461 -0.0711589   0.21132966]
 [-0.18508622  0.20794961  0.04382484  0.18760322 -0.05614257]
 [ 0.30142075  0.07201159  0.09266628  0.13654052  0.1079388 ]
 [ 0.09212527  0.24094605  0.04926055  0.03035653  0.10655728]
 [-0.22613064  0.20027172  0.29217551  0.06231584  0.0261108 ]]
Matrix Pair 28; W = [[ 0.0037471   0.05787377  0.20985683  0.1050063  -0.1269496 ]
 [ 0.07776656 -0.16080038 -0.13451867 -0.11079419  0.22076622]
 [-0.07035069  0.06529033 -0.10833817  0.02973404  0.14983742]
 [ 0.02202837 -0.03007546 -0.05292952  0.04075046  0.05836512]
 [-0.06960204 -0.1243625  -0.03105582  0.12837191 -0.02267133]]
U = [[ 0.0143762  -0.06172444  0.15792541  0.00469047  0.16319349]
 [-0.0998203   0.10878749  0.19206315  0.0796168  -0.01329974]
 [ 0.27678825  0.03993757  0.19680619  0.06876173  0.14371276]
 [ 0.06928062  0.25048815  0.0464646   0.0484583   0.22155083]
 [-0.14532517  0.25919385  0.26088882  0.17721282  0.01659875]]
Matrix Pair 29; W = [[-0.03253355  0.08979836  0.16054206  0.06443225 -0.09952737]
 [ 0.04791266 -0.25096206 -0.08489708 -0.10911611  0.21612602]
 [-0.0920323   0.10356356 -0.07303422 -0.0148802   0.18433182]
 [-0.00140696 -0.07539057 -0.040183    0.05526962  0.01156753]
 [-0.07408989 -0.10020198  0.01131025  0.06441858 -0.05917678]]
U = [[ 0.05528777 -0.05959534  0.15767435 -0.02374336  0.22342918]
 [-0.11540883  0.10181619  0.14516543  0.1013512   0.02551507]
 [ 0.35442585  0.09559234  0.20533168  0.09251044  0.14695557]
 [ 0.00504348  0.21155527  0.03557091  0.08487397  0.13306955]
 [-0.21704477  0.20116909  0.28154831  0.16386143  0.04464254]]
Matrix Pair 30; W = [[-0.01042682  0.02236691  0.16070724  0.12128513 -0.15836536]
 [ 0.05087687 -0.16961901 -0.08212629 -0.13977553  0.24036375]
 [-0.13862171  0.07212399 -0.13530595 -0.03518605  0.14511   ]
 [-0.03812913 -0.07884505 -0.04056866  0.12120395  0.06983907]
 [-0.11681992 -0.08634326 -0.01070663  0.06784742 -0.01439446]]
U = [[-0.00701692 -0.03639251  0.10704876 -0.06517967  0.23275203]
 [-0.1584006   0.15923932  0.1202752   0.07384978  0.05122517]
 [ 0.33152315  0.03228831  0.15446626  0.15309638  0.18421846]
 [ 0.00965364  0.21631465  0.09606866  0.07771272  0.1663172 ]
 [-0.16307999  0.28053659  0.26779431  0.18279908 -0.00595692]]
Matrix Pair 31; W = [[-0.04121333  0.01527583  0.25116742  0.13558559 -0.12059601]
 [ 0.05340657 -0.24572656 -0.05804867 -0.09298     0.20988441]
 [-0.10324706  0.06637593 -0.0485285  -0.02418441  0.22048796]
 [ 0.01496933 -0.06294551 -0.02461182  0.04492214  0.00206781]
 [-0.09582752 -0.11595798  0.00706822  0.0824442  -0.0314885 ]]
U = [[ 0.0621699  -0.07508598  0.08994098 -0.02290124  0.21694936]
 [-0.18697634  0.16849448  0.17720626  0.13768764  0.01061264]
 [ 0.3069551   0.04318506  0.142059    0.10385867  0.15953216]
 [ 0.09296213  0.25110435  0.04362067  0.1226227   0.2004786 ]
 [-0.14541091  0.24060793  0.34166014  0.1954924   0.05353854]]
Matrix Pair 32; W = [[-0.13917534 -0.00723798  0.1793145   0.0783546  -0.15869665]
 [ 0.14183163 -0.19890689 -0.07169805 -0.18738592  0.18364364]
 [-0.04593314  0.04897466 -0.06469301  0.01708047  0.22970768]
 [-0.0193408  -0.02169948 -0.0751961   0.05363262  0.11636376]
 [-0.08322226 -0.14680113  0.02104765  0.0830641  -0.02286414]]
U = [[ 0.05062767 -0.08979363  0.14412514 -0.1170818   0.24396766]
 [-0.12573684  0.1380598   0.18292826  0.11815648 -0.02195546]
 [ 0.3562004   0.04617969  0.06163221  0.20289921  0.1422907 ]
 [ 0.08447622  0.19263546  0.04194412  0.0191388   0.11378876]
 [-0.20463617  0.17449974  0.30972032  0.12781423  0.09739175]]
Matrix Pair 33; W = [[-0.07627225  0.02292332  0.12895181  0.09671765 -0.14433475]
 [ 0.135075   -0.19205106 -0.13704862 -0.15208295  0.1658073 ]
 [-0.01833885  0.03863592 -0.0459696   0.03821624  0.2120882 ]
 [-0.01632043 -0.01274483 -0.05585453 -0.00583783  0.06178844]
 [-0.09935142 -0.18032975  0.01897125  0.07389203 -0.06861619]]
U = [[ 0.03194913 -0.12321535  0.2042938  -0.04682056  0.18842607]
 [-0.19437271  0.08363556  0.16804521  0.16495101 -0.03365741]
 [ 0.32885094  0.10970976  0.11880657  0.1834443   0.07212047]
 [ 0.07548134  0.20554125  0.00819661  0.08743671  0.11222387]
 [-0.21943301  0.14556438  0.25863265  0.13610252  0.08307618]]
Matrix Pair 34; W = [[-0.11493496  0.06846828  0.14417058  0.0488576  -0.15757139]
 [ 0.04542455 -0.23877316 -0.12881154 -0.22003143  0.21293925]
 [-0.05786473  0.08581469 -0.08106247 -0.01986192  0.22075789]
 [-0.08773501 -0.07067321 -0.02679611  0.04029791  0.03944354]
 [-0.10824986 -0.18009926  0.06564293  0.13322929 -0.07251015]]
U = [[ 0.03015164 -0.05466936  0.16998554 -0.11347796  0.19162602]
 [-0.17949089  0.11965811  0.13785035  0.19051204  0.04408814]
 [ 0.35223463  0.07918777  0.10740734  0.16558534  0.10343475]
 [ 0.1310838   0.23307754  0.08955322  0.08468072  0.03451798]
 [-0.2440841   0.14567788  0.24268852  0.18599348  0.09323788]]
Matrix Pair 35; W = [[-0.12109431  0.03722223  0.12779751  0.0691129  -0.14296815]
 [ 0.11127545 -0.16715948 -0.10639347 -0.17751469  0.20291135]
 [-0.02246391  0.08730207 -0.05739719  0.02287949  0.25738704]
 [-0.06146564 -0.0546259  -0.10216267  0.06785143  0.04571813]
 [-0.06691583 -0.11858587 -0.00362254  0.14980425 -0.07646895]]
U = [[ 0.10394924 -0.06644408  0.16789725 -0.0898871   0.24313509]
 [-0.17788336  0.14049595  0.20016633  0.10148329  0.00275834]
 [ 0.31767655  0.04220145  0.1192497   0.1388575   0.14327776]
 [ 0.10576752  0.15862337  0.02953394  0.01002657  0.06796917]
 [-0.25141039  0.18557984  0.24706063  0.21303838  0.0521269 ]]
Matrix Pair 36; W = [[-0.05604537  0.02377652  0.17867361  0.06047259 -0.066143  ]
 [ 0.024357   -0.21964112 -0.04491862 -0.15799789  0.14960466]
 [-0.04830759  0.06478549 -0.06402084  0.06707061  0.22515559]
 [-0.03841379 -0.06020055  0.03347607  0.06586394 -0.00318337]
 [-0.14268526 -0.19192695  0.02384647  0.12714037 -0.02489813]]
U = [[ 0.07618961 -0.15070775  0.20732715 -0.04033202  0.33922649]
 [-0.1254234   0.08280384  0.08531141  0.12353116  0.01028275]
 [ 0.31242197  0.05113894  0.16469508  0.08776328  0.14309213]
 [ 0.12897523  0.28942442  0.0429764   0.06628322  0.12380948]
 [-0.21463898  0.20110708  0.31900787  0.22589146  0.06068845]]
Matrix Pair 37; W = [[-0.14728717  0.0227611   0.19121012  0.06756798 -0.13416622]
 [ 0.00954065 -0.22535694 -0.10263595 -0.1059445   0.17225189]
 [-0.10679893  0.07003905 -0.0635134   0.03803748  0.29101463]
 [-0.02378388 -0.13424583 -0.00785897  0.06790983  0.02360085]
 [-0.07485662 -0.13630588  0.05540422  0.07857674 -0.03451612]]
U = [[ 0.04065149 -0.13403497  0.17509965 -0.12294406  0.34102936]
 [-0.07278648  0.05281658  0.07056077  0.11889096 -0.04478218]
 [ 0.27304414  0.0690207   0.12465421  0.12869713  0.16962664]
 [ 0.09262537  0.19715958  0.07026198  0.0275816   0.07324385]
 [-0.24995501  0.20168124  0.32337718  0.2145298   0.04383986]]
Matrix Pair 38; W = [[-0.08024695  0.00275703  0.20190496  0.10194872 -0.03962384]
 [-0.00764305 -0.29847592 -0.08357052 -0.10032873  0.15253327]
 [-0.07043659 -0.00486687 -0.01713822  0.05284265  0.27305414]
 [-0.00113546 -0.06260272 -0.02500309  0.04145973  0.05217795]
 [-0.08273123 -0.19859413  0.08604369  0.15192214 -0.04736826]]
U = [[ 0.00098382 -0.1805522   0.22690079 -0.10921184  0.31890334]
 [-0.1323191   0.09374251  0.09069158  0.12067251 -0.002652  ]
 [ 0.27950698  0.03917697  0.13384138  0.12471836  0.16316504]
 [ 0.09353035  0.21687379  0.03754454  0.06487279  0.14498632]
 [-0.20859192  0.2112199   0.28395106  0.18077008  0.08009816]]
Matrix Pair 39; W = [[-0.08187941  0.10140751  0.21723037  0.1353481  -0.10913566]
 [ 0.00318903 -0.27040477 -0.05301412 -0.10599135  0.23762277]
 [-0.06406666  0.04182421 -0.01688903  0.0705045   0.25368322]
 [-0.01316958 -0.05975777  0.01590729  0.04422176  0.09100948]
 [-0.11350048 -0.15223564  0.09196101  0.12613778 -0.02214705]]
U = [[ 0.03498817 -0.11794689  0.22675591 -0.05949622  0.29505802]
 [-0.14863111  0.0458275   0.11914661  0.18658264 -0.03158921]
 [ 0.32136637  0.05917988  0.14959759  0.15221365  0.10527394]
 [ 0.07627658  0.27856695  0.04805133  0.1057307   0.08071512]
 [-0.21200905  0.19651847  0.27757769  0.23206674  0.0680711 ]]
Matrix Pair 40; W = [[-0.06617978  0.08450732  0.18986243  0.07776696 -0.17547542]
 [ 0.11142904 -0.21060207 -0.17115591 -0.1325745   0.20863624]
 [-0.16317244  0.06946919 -0.15885491 -0.06555069  0.18674263]
 [ 0.03035383  0.02343168 -0.02288094 -0.09400213  0.03130882]
 [-0.0928934  -0.07883082  0.09789395  0.11946639 -0.08446344]]
U = [[ 0.12025873 -0.05421291  0.1707239   0.01470762  0.22868203]
 [-0.18597678  0.17992722  0.15923183  0.09349366  0.0247007 ]
 [ 0.26899313  0.04966741  0.10111094  0.12515706  0.14859063]
 [ 0.0290093   0.25312264 -0.01049794  0.0088276   0.15165115]
 [-0.18056454  0.19391791  0.30626878  0.16365583  0.0164888 ]]
Matrix Pair 41; W = [[-0.04805085  0.03652269  0.17874234  0.11754893 -0.18850987]
 [ 0.1189428  -0.18997778 -0.13509281 -0.17827081  0.22500539]
 [-0.17213604  0.04162005 -0.10503529 -0.01125739  0.21525765]
 [-0.00872318 -0.05447454 -0.00158843 -0.07385652  0.04551965]
 [-0.12200913 -0.14576058  0.00516589  0.1050866  -0.06127248]]
U = [[ 0.03807647 -0.05518999  0.17305979  0.00804247  0.22888616]
 [-0.21274023  0.13456777  0.19427734  0.10716847  0.02816878]
 [ 0.28272384  0.0544589   0.12490611  0.1456448   0.11839962]
 [ 0.06994187  0.26910643  0.00638953  0.10275465  0.12870888]
 [-0.16960097  0.21736445  0.2682831   0.17182376  0.10358266]]
Matrix Pair 42; W = [[-0.07397544  0.07963367  0.17748756  0.10995803 -0.19665106]
 [ 0.05665284 -0.19157797 -0.15521103 -0.15272164  0.19387413]
 [-0.12458206  0.0386597  -0.15082239 -0.06431045  0.23406256]
 [ 0.02581132 -0.01388741 -0.02518949 -0.04010967  0.07484492]
 [-0.11302029 -0.12272108  0.03356881  0.07364509 -0.07730174]]
U = [[ 0.05893117 -0.07064115  0.14444129 -0.06342606  0.26300041]
 [-0.18240481  0.09399794  0.15232504  0.1698963  -0.01583883]
 [ 0.247529    0.01442382  0.08955222  0.07407933  0.12359541]
 [-0.01174418  0.23277325  0.04034701  0.1046054   0.12852814]
 [-0.19658342  0.21691321  0.30972111  0.23460832  0.1041034 ]]
Matrix Pair 43; W = [[-0.10403195  0.12696729  0.19608588  0.08647477 -0.11809557]
 [ 0.13166881 -0.21658183 -0.15571597 -0.12865271  0.2497312 ]
 [-0.12739692  0.02531904 -0.14719824 -0.01289843  0.18999066]
 [-0.01106666 -0.01423108 -0.05940753 -0.01907552  0.07691963]
 [-0.08149194 -0.16185006  0.07797844  0.09522818 -0.040578  ]]
U = [[ 0.04203805 -0.00589293  0.23144178 -0.02253076  0.27631223]
 [-0.21827792  0.17424786  0.16602094  0.09296513  0.03377595]
 [ 0.24497528  0.0855874   0.17625645  0.14130718  0.17556549]
 [ 0.03120672  0.26262007  0.01010296  0.10416351  0.11354191]
 [-0.18580718  0.23450679  0.26859572  0.18770907  0.0234512 ]]
Matrix Pair 44; W = [[-0.09659662  0.06036717  0.1777954   0.03805339 -0.19413987]
 [ 0.08022641 -0.33973546 -0.14611672 -0.19013895  0.13536974]
 [-0.02156332  0.08013615 -0.09079843  0.01442919  0.20262329]
 [-0.02205008 -0.03869819 -0.06356181  0.03815051  0.10368018]
 [-0.1085156  -0.11861262  0.02100988  0.13844986 -0.07193249]]
U = [[ 0.10044616 -0.08115971  0.15176024 -0.11600138  0.20851355]
 [-0.19633127  0.09164983  0.11529633  0.13509284  0.01043216]
 [ 0.29976023  0.09370249  0.21300644  0.20767504  0.21670159]
 [-0.02592591  0.20669206  0.01757271  0.02060256  0.09923833]
 [-0.20466714  0.1928656   0.40104411  0.16439173 -0.00275405]]
Matrix Pair 45; W = [[-0.08304361  0.04658821  0.15975661  0.0621069  -0.17222222]
 [ 0.06152656 -0.32874451 -0.09364139 -0.19869612  0.15383219]
 [-0.04783418  0.04066001 -0.08063224  0.05048129  0.13825307]
 [-0.01761989 -0.01241878 -0.03957064 -0.04289797  0.04061687]
 [-0.14903488 -0.11537005  0.07413055  0.13938558 -0.0280437 ]]
U = [[ 0.03568703 -0.08766876  0.18099193 -0.09490805  0.19594072]
 [-0.24435429  0.10961391  0.1049052   0.12359441 -0.06276002]
 [ 0.28855694  0.0076569   0.21204706  0.19892965  0.18834461]
 [-0.00281578  0.2572971   0.05586354  0.03811855  0.08103912]
 [-0.17598762  0.25550326  0.36189478  0.2159108   0.00924491]]
Matrix Pair 46; W = [[-0.1479657   0.02149668  0.13789394  0.0984676  -0.19713085]
 [ 0.09776188 -0.35035863 -0.12986366 -0.18787379  0.15206573]
 [-0.0295095  -0.00208542 -0.06129318 -0.02276074  0.1810613 ]
 [-0.06188542 -0.00806286 -0.02989905 -0.01435806  0.03841425]
 [-0.09213061 -0.08103506  0.08998326  0.09692802 -0.02908888]]
U = [[ 0.04423405 -0.13697762  0.15242684 -0.0802635   0.26821832]
 [-0.1521969   0.09084381  0.10687296  0.21162037 -0.03873028]
 [ 0.26612161  0.03843945  0.14632323  0.15946036  0.13539246]
 [ 0.00048848  0.22003147  0.03529105  0.00645538  0.02901535]
 [-0.24439282  0.18655178  0.37932094  0.16682446  0.07192222]]
Matrix Pair 47; W = [[-0.11001937  0.00737571  0.19399711  0.07447512 -0.17377051]
 [ 0.10676538 -0.27424145 -0.14624775 -0.16378682  0.17381801]
 [-0.05824296  0.06882331 -0.02005981 -0.02645014  0.20279603]
 [-0.00380923 -0.08017821  0.00116872  0.03193938  0.09408652]
 [-0.12188348 -0.14860109  0.06368871  0.14116842 -0.03431019]]
U = [[ 0.01412454 -0.05664684  0.16648759 -0.1193216   0.20753854]
 [-0.17300051  0.05183854  0.16197718  0.18952722 -0.06805139]
 [ 0.25661715  0.07428197  0.14646223  0.20392404  0.19433796]
 [ 0.01553791  0.22022304  0.03629987  0.07915449  0.07046504]
 [-0.22711569  0.23644717  0.37334739  0.17333921  0.07348232]]
Matrix Pair 48; W = [[-0.12717113  0.06569847  0.19134472  0.10980425 -0.08005166]
 [ 0.1198834  -0.26970992 -0.10814522 -0.16325502  0.18753727]
 [-0.09242124  0.0426765  -0.05535016 -0.01882255  0.18646352]
 [-0.06154429 -0.07212721 -0.06450209  0.02263365  0.02699867]
 [-0.09788015 -0.19983018 -0.0412382   0.12739902 -0.07055955]]
U = [[ 0.06233587 -0.06264894  0.12386557 -0.06904693  0.19359491]
 [-0.18698378  0.14468597  0.05962419  0.11627071  0.01489036]
 [ 0.21303996  0.00451038  0.14226557  0.09424343  0.23670809]
 [ 0.10563582  0.25541819  0.08366369  0.07519598  0.10642906]
 [-0.18168963  0.11378069  0.36878804  0.23945697  0.04607235]]
Matrix Pair 49; W = [[-0.05021986  0.08937999  0.18403525  0.1071816  -0.12281663]
 [ 0.08805627 -0.20225698 -0.12137876 -0.1605954   0.18294538]
 [-0.08162762  0.05872839 -0.05612189 -0.0687002   0.18658959]
 [ 0.00521904 -0.0808235  -0.10710254  0.01502282  0.06928294]
 [-0.10634346 -0.14863832  0.00243011  0.12686313 -0.02271812]]
U = [[ 0.07206029 -0.05005721  0.18666794 -0.07090622  0.26236761]
 [-0.11914455  0.12066489  0.06705187  0.09160685  0.05860366]
 [ 0.25271084  0.09559812  0.06824652  0.15970642  0.16478315]
 [ 0.05804675  0.27558267  0.08302991  0.1031277   0.09043581]
 [-0.19678211  0.15631898  0.31848472  0.14813824  0.0603467 ]]
Matrix Pair 50; W = [[-0.09035859  0.00478771  0.22388854  0.09860549 -0.15419072]
 [ 0.09904287 -0.26905022 -0.09740982 -0.12298734  0.17418679]
 [-0.1372367   0.06629536 -0.1203813  -0.01314525  0.2235577 ]
 [-0.06507784 -0.04468773 -0.09640328 -0.02304244  0.04166472]
 [-0.14724856 -0.1759949   0.00481359  0.18655652 -0.00643716]]
U = [[ 0.09647057 -0.08522324  0.11526186 -0.06291595  0.21797877]
 [-0.172932    0.07267075  0.13802405  0.10073711 -0.01672148]
 [ 0.2178372   0.07766068  0.12795504  0.16277765  0.21098524]
 [ 0.02184527  0.19295232  0.08939983  0.03414831  0.04897381]
 [-0.22102419  0.1698298   0.36774472  0.1637513   0.06963866]]
Matrix Pair 51; W = [[-0.13300091  0.03803225  0.21895998  0.04775572 -0.1479224 ]
 [ 0.06247089 -0.22101588 -0.11352312 -0.16559365  0.18911623]
 [-0.14942977  0.05441948 -0.08194048 -0.0304306   0.18271778]
 [-0.06251896 -0.03845966 -0.08177499 -0.02932244  0.05674602]
 [-0.11526079 -0.24112904  0.04644725  0.14349525  0.00379178]]
U = [[ 0.06503652 -0.11417058  0.14294742 -0.04351499  0.22240644]
 [-0.14379241  0.12703743  0.15097681  0.07940856  0.04964752]
 [ 0.28399967  0.00269338  0.05250903  0.17064361  0.2381377 ]
 [ 0.06088781  0.20583599  0.08448233  0.03526369  0.09391521]
 [-0.19030566  0.17980017  0.3416686   0.22449005  0.03732216]]
Matrix Pair 52; W = [[-0.05897538  0.07433936  0.24000887  0.11951192 -0.10394599]
 [ 0.04153274 -0.27417475 -0.11888952 -0.09634377  0.24336148]
 [-0.00714092 -0.01942908 -0.1076066   0.01415445  0.22402777]
 [-0.08069731 -0.10827461  0.01732922  0.033238    0.06835306]
 [-0.15828912 -0.15231785  0.03203587  0.03875638  0.02694227]]
U = [[ 0.06315743 -0.16534732  0.19093004 -0.05063184  0.25330435]
 [-0.13581521  0.09864557  0.09082327  0.15126689  0.02497437]
 [ 0.28830714  0.06670788  0.14324941  0.17026636  0.08131802]
 [ 0.12181663  0.22036305  0.01154245  0.01572908  0.073443  ]
 [-0.26651885  0.18578775  0.28570511  0.1449304   0.04216726]]
Matrix Pair 53; W = [[-0.07443025  0.08102054  0.23798072  0.09197144 -0.12594816]
 [ 0.07425982 -0.22008994 -0.13895842 -0.07375929  0.26868761]
 [-0.02532576 -0.01843141 -0.03937472 -0.01523801  0.19153696]
 [-0.01744798 -0.04954003 -0.00080668  0.03656476  0.03037131]
 [-0.09082584 -0.10846687  0.03364487  0.05518188 -0.01053956]]
U = [[ 0.1072009  -0.15956663  0.14645079 -0.12460095  0.2554213 ]
 [-0.08995946  0.12296829  0.15858183  0.23032654  0.03491958]
 [ 0.29129308  0.03885128  0.15331912  0.12411332  0.08490435]
 [ 0.12929551  0.22145529  0.02121852 -0.03305025  0.03335198]
 [-0.21933315  0.13772618  0.29637671  0.16311519  0.00938606]]
Matrix Pair 54; W = [[-0.02090311 -0.0110046   0.19532635  0.12259285 -0.16755665]
 [ 0.00912729 -0.20752973 -0.04820543 -0.07585954  0.2328283 ]
 [-0.0816607  -0.03908582 -0.0126972   0.00192239  0.13029147]
 [-0.08417159 -0.14541095  0.00861923  0.02943706  0.02879726]
 [-0.16295063 -0.1675752   0.06654997  0.0769121  -0.02131355]]
U = [[ 0.11092282 -0.15450488  0.17610522 -0.10647147  0.2751906 ]
 [-0.17199503  0.09100511  0.11744672  0.17635825  0.04885008]
 [ 0.23757837  0.04150235  0.10688136  0.19376629  0.13165531]
 [ 0.08343778  0.1956597  -0.00678366 -0.00945244  0.12087672]
 [-0.24760277  0.19301848  0.30771251  0.17862681  0.02769057]]
Matrix Pair 55; W = [[-0.09719812  0.08271363  0.20648209  0.10463544 -0.14084056]
 [ 0.03351441 -0.20983658 -0.11401715 -0.09986467  0.26903781]
 [-0.06699817 -0.01600944 -0.09176621 -0.03605451  0.12569211]
 [-0.02837766 -0.05946092  0.02242673  0.00930895  0.08924336]
 [-0.10571182 -0.10036324  0.04119372  0.03999409 -0.01560601]]
U = [[ 0.04819989 -0.09227277  0.1871818  -0.06814418  0.21999609]
 [-0.10937323  0.10302977  0.17663195  0.20952182  0.03218812]
 [ 0.27360073  0.04731088  0.17409173  0.15601269  0.11258276]
 [ 0.12367521  0.18513759  0.00129745 -0.04694772  0.12041878]
 [-0.22069813  0.23313603  0.24838002  0.2016156  -0.03546216]]
Matrix Pair 56; W = [[-0.0520168   0.13738092  0.13980523  0.11276101 -0.15891715]
 [ 0.08807759 -0.26342316 -0.12217008 -0.08250744  0.13490541]
 [-0.11012296  0.06495757 -0.06643711 -0.01309324  0.29705781]
 [-0.05618092 -0.09888267 -0.02734558 -0.05314105  0.0736486 ]
 [-0.06470557 -0.17121794  0.02751601  0.09748419 -0.01061722]]
U = [[ 0.05861424 -0.07048924  0.2288111  -0.03823096  0.20624372]
 [-0.13168665  0.08258267  0.09835812  0.18683573 -0.02607593]
 [ 0.33654543  0.0179829   0.14241444  0.10030602  0.09132303]
 [ 0.07084219  0.16053945  0.01395856  0.08665671  0.16322225]
 [-0.20279855  0.23664853  0.3187143   0.19747393  0.03975354]]
Matrix Pair 57; W = [[-0.03653156  0.05429013  0.15021201  0.12499155 -0.16518884]
 [ 0.15609752 -0.20955668 -0.14206251 -0.13995526  0.11677705]
 [-0.06839043  0.03003475 -0.13640184 -0.08278373  0.22043069]
 [-0.08405114 -0.05561115  0.02485818 -0.06868006  0.03657229]
 [-0.09442169 -0.09815477  0.03832727  0.03394806 -0.02166662]]
U = [[ 0.00728435 -0.04734893  0.18436026 -0.08656611  0.29206754]
 [-0.18515801  0.07949661  0.09601035  0.1671561  -0.03654748]
 [ 0.32792587 -0.00724624  0.11124532  0.03692314  0.1533491 ]
 [ 0.09581886  0.17476192  0.04084707  0.03350936  0.15298463]
 [-0.24236577  0.24742574  0.35120644  0.23110259  0.00960749]]
Matrix Pair 58; W = [[-0.11220613  0.06851746  0.1773972   0.12956973 -0.11364134]
 [ 0.16377268 -0.28571079 -0.17451452 -0.08944548  0.17026372]
 [-0.07417007  0.03872903 -0.06335045  0.00650019  0.21762535]
 [-0.05370086 -0.04596517 -0.00788814 -0.0475059   0.04723568]
 [-0.15406224 -0.15395203  0.04463335  0.12541061 -0.05642623]]
U = [[ 0.06982543 -0.07112145  0.15434734 -0.06598945  0.19818965]
 [-0.12760872  0.05408376  0.132965    0.17219181 -0.02021767]
 [ 0.34007082  0.03388033  0.12384424  0.04283915  0.09073984]
 [ 0.09277159  0.17467754 -0.00932049  0.11903497  0.11720956]
 [-0.22743302  0.17279152  0.29094406  0.16257944  0.05876476]]
Matrix Pair 59; W = [[-0.07677378  0.13295854  0.17994472  0.0688977  -0.09919603]
 [ 0.11486126 -0.24273178 -0.16549607 -0.17461697  0.10291421]
 [-0.06743253 -0.00159101 -0.06828294 -0.05096412  0.21317856]
 [-0.04249791 -0.06657805 -0.01136117 -0.05296167  0.08702628]
 [-0.09887475 -0.1392857   0.07907211  0.04045501 -0.05396149]]
U = [[ 0.05291342 -0.0799015   0.18230811 -0.11110059  0.2382449 ]
 [-0.12326802  0.14884434  0.13895501  0.14902962 -0.00550887]
 [ 0.32287045  0.03275056  0.08507268  0.07198772  0.11579026]
 [ 0.0489793   0.1793721   0.02163018  0.03246232  0.10677619]
 [-0.18877877  0.24814884  0.37755168  0.15549834 -0.01420505]]
Matrix Pair 60; W = [[-0.03492337  0.09236827  0.20066761  0.11802963 -0.16276007]
 [ 0.09439032 -0.20545592 -0.05178353 -0.10518037  0.1947458 ]
 [-0.10786856  0.070661   -0.07886905 -0.01777497  0.20595486]
 [-0.01721907 -0.0746886  -0.0063126   0.01355295  0.06341251]
 [-0.08878897 -0.16775368 -0.02124627  0.14005894 -0.08014211]]
U = [[ 0.00509854 -0.06496073  0.12040921 -0.09260818  0.25947839]
 [-0.27100843  0.11979278  0.18445702  0.07854739 -0.05804186]
 [ 0.29497758 -0.01641687  0.15032464  0.13224644  0.07420802]
 [ 0.13158271  0.25875274  0.05858366  0.06004388  0.148456  ]
 [-0.23179736  0.24638262  0.23747983  0.14628146  0.08657948]]
Matrix Pair 61; W = [[-0.06734443  0.12542822  0.26050123  0.11745373 -0.17312378]
 [ 0.07048684 -0.2073719  -0.04926703 -0.10834878  0.2485937 ]
 [-0.11557626  0.06549622 -0.06360946  0.03368667  0.24011023]
 [ 0.02616942 -0.00264149 -0.01775603 -0.04125538  0.04669618]
 [-0.1041708  -0.12536352 -0.04336397  0.13981655 -0.03947366]]
U = [[ 0.05801616 -0.09406182  0.15565981 -0.04576928  0.26167131]
 [-0.24529675  0.16148077  0.15250044  0.12460232 -0.06370437]
 [ 0.20811405 -0.00162451  0.1727491   0.08233457  0.07277924]
 [ 0.12162447  0.18586948  0.05765717  0.04088652  0.16590884]
 [-0.22704196  0.22933267  0.24904575  0.12325399  0.08573244]]
Matrix Pair 62; W = [[-0.05527968  0.04498531  0.19081422  0.12854576 -0.07984758]
 [ 0.14942357 -0.27414594 -0.07941156 -0.11825898  0.1840745 ]
 [-0.08573148  0.07879122 -0.07295951 -0.01750983  0.27969005]
 [-0.05341708 -0.05188816 -0.09447343 -0.01487745  0.08916703]
 [-0.14698471 -0.167174   -0.00285318  0.13398576 -0.06511801]]
U = [[ 0.06719037 -0.10045628  0.14625605 -0.02226206  0.19871593]
 [-0.2036485   0.13158848  0.23525477  0.14432202 -0.05001603]
 [ 0.29777304  0.04500688  0.1134183   0.13977901  0.11941348]
 [ 0.1312376   0.21183947  0.04259594  0.09474092  0.12007206]
 [-0.19900004  0.25732937  0.28611427  0.14866686  0.03882289]]
Matrix Pair 63; W = [[-0.0024285   0.12182533  0.22341943  0.11756693 -0.08339456]
 [ 0.10686474 -0.21153645 -0.08080031 -0.12183491  0.23382524]
 [-0.1038296   0.06202659 -0.0480962  -0.03836055  0.23444715]
 [-0.02575864 -0.00097298 -0.03801447 -0.03918025  0.06341776]
 [-0.0727267  -0.10741431  0.0319168   0.16513793 -0.09309438]]
U = [[ 0.04674518 -0.09656723  0.20347105 -0.06075119  0.22762559]
 [-0.27236623  0.13403717  0.23617109  0.07622744 -0.01787536]
 [ 0.28972215 -0.01800814  0.17599867  0.05304908  0.05696265]
 [ 0.14262802  0.23398055  0.07464992  0.05702939  0.15569715]
 [-0.26408046  0.24421348  0.28287652  0.1611216   0.02123886]]
