Epoch: 89Matrix Pair 0; W = [[ 0.29134036 -0.09158672  0.1072108  -0.21917774  0.19917495]
 [-0.0396383  -0.38642982 -0.03218222  0.25260547 -0.12756346]
 [-0.05402968 -0.01296557  0.01425108  0.15422848  0.05749486]
 [-0.05673769  0.1022997   0.17302533 -0.0288803   0.01157382]
 [-0.16118537 -0.12025705 -0.18319672 -0.16569411  0.02559655]]
U = [[ 2.01497399e-01  1.02770702e-01  1.65788495e-01  3.90734845e-01
  -3.40740309e-04]
 [-2.80460729e-01 -7.17739727e-02  1.48208843e-01  2.74349882e-02
   1.29803830e-01]
 [ 1.45549592e-01 -1.66399619e-01 -1.16956394e-01 -2.45149704e-01
   1.45424825e-01]
 [ 3.31374554e-01 -9.09138209e-02  3.50294833e-01  4.28387763e-02
  -1.75259211e-01]
 [-1.55846488e-01 -4.71269298e-02 -1.74341419e-01 -1.07042054e-01
   3.68832889e-02]]
Matrix Pair 1; W = [[ 0.25971196 -0.06465916  0.06772662 -0.17211234  0.2113916 ]
 [-0.0512717  -0.45155176 -0.07805135  0.26714225 -0.12356457]
 [-0.09175405 -0.01961029 -0.06219368  0.15428403  0.046608  ]
 [-0.06772171  0.02238932  0.1555317  -0.00292111  0.01445593]
 [-0.07157324 -0.12702423 -0.18093238 -0.2125595   0.08159504]]
U = [[ 0.12949276  0.02321636  0.20597913  0.42710191 -0.00105271]
 [-0.34417514 -0.06328569  0.14830008  0.06366867  0.10665008]
 [ 0.13753361 -0.16745842 -0.14100752 -0.26315534  0.19163371]
 [ 0.28494131 -0.09366441  0.31085605  0.02516458 -0.17117254]
 [-0.10746053 -0.04167015 -0.24569916 -0.07403056  0.11392868]]
Matrix Pair 2; W = [[ 0.26203842 -0.04031763  0.141801   -0.2274666   0.11619065]
 [ 0.00613117 -0.43448473 -0.03639108  0.20819641 -0.20040519]
 [-0.06306484  0.0130333  -0.03059135  0.15373267  0.01408736]
 [-0.11121654  0.04566688  0.09350891 -0.07294132  0.00507511]
 [-0.08847996 -0.10104564 -0.15422773 -0.21294798  0.06192822]]
U = [[ 0.1792345   0.099736    0.22833783  0.39213219  0.08192079]
 [-0.26586485 -0.05231239  0.09037215  0.05746923  0.13492604]
 [ 0.1430045  -0.14559004 -0.12773218 -0.21739201  0.19985884]
 [ 0.29078057 -0.04183444  0.25493006  0.02288709 -0.17306088]
 [-0.07726079 -0.06111275 -0.25521757 -0.05390849  0.04904021]]
Matrix Pair 3; W = [[ 0.27190601 -0.12632596  0.15066272 -0.18116559  0.12054139]
 [-0.06380319 -0.42518726 -0.02140386  0.23890275 -0.16856974]
 [-0.14321911 -0.04940744  0.01389541  0.09240771  0.0030942 ]
 [-0.13284056  0.0560558   0.09035489 -0.00471535 -0.037335  ]
 [-0.13642057 -0.12177332 -0.1282956  -0.18776802  0.10855049]]
U = [[ 0.10862879  0.04005183  0.19351007  0.34897076  0.06886618]
 [-0.27511842 -0.08042234  0.07550828  0.08149471  0.10591149]
 [ 0.12453607 -0.16257773 -0.11536638 -0.20665279  0.14627135]
 [ 0.29343097 -0.12905055  0.27446093  0.02241726 -0.17517534]
 [-0.13675917 -0.02443463 -0.19403121 -0.14621029  0.08474105]]
Matrix Pair 4; W = [[ 0.21603453 -0.06047727  0.10104283 -0.1571156   0.12414579]
 [-0.05882958 -0.41885776 -0.00708262  0.26257606 -0.17592717]
 [-0.09897479 -0.04950132 -0.00318555  0.12218894  0.01803423]
 [-0.06552495  0.02460624  0.1676152  -0.05349772  0.0118702 ]
 [-0.08587464 -0.09991061 -0.1339951  -0.13172198  0.02567882]]
U = [[ 0.17854824  0.08234887  0.18050782  0.40497038  0.07917803]
 [-0.29022101 -0.01428423  0.09793461  0.05039098  0.10212712]
 [ 0.09605639 -0.18709205 -0.11203452 -0.27416741  0.2110672 ]
 [ 0.33248911 -0.10133135  0.28613362  0.03603518 -0.11204187]
 [-0.10460725 -0.06497818 -0.217743   -0.06478047  0.03203831]]
Matrix Pair 5; W = [[ 0.2663864  -0.06779386  0.11791894 -0.22636631  0.20310601]
 [-0.03102056 -0.42757017 -0.05420186  0.25042442 -0.19973281]
 [-0.09065437 -0.04690342 -0.05936241  0.06863236  0.08246429]
 [-0.10203566  0.02050908  0.1617718  -0.03883683  0.02993328]
 [-0.07974258 -0.10918985 -0.11007887 -0.17133893  0.10266616]]
U = [[ 0.12932825  0.07535507  0.17011002  0.37632542  0.03476597]
 [-0.25460675 -0.08715211  0.16290737  0.08361274  0.1517421 ]
 [ 0.09688183 -0.17894258 -0.15605405 -0.23178718  0.21114953]
 [ 0.27068011 -0.08704311  0.31561242  0.01074628 -0.12837937]
 [-0.15642161  0.0145389  -0.246287   -0.1006559   0.09490582]]
Matrix Pair 6; W = [[ 0.21257478 -0.08583927  0.07583923 -0.23469384  0.18406503]
 [-0.06426821 -0.40368101 -0.06037414  0.18414503 -0.10886311]
 [-0.09612718 -0.02383769 -0.05116966  0.1272458   0.03096536]
 [-0.07505133  0.00970754  0.1721893  -0.06610358  0.02793214]
 [-0.15594309 -0.10270421 -0.12580556 -0.19644126  0.10597586]]
U = [[ 0.19074721  0.03246632  0.20274823  0.37833137  0.03852419]
 [-0.34790785 -0.09674103  0.14060128  0.0877879   0.13257163]
 [ 0.06151025 -0.12153487 -0.19270197 -0.26891777  0.2003305 ]
 [ 0.24606438 -0.05610215  0.31525073  0.05590782 -0.13857978]
 [-0.16361964 -0.04417881 -0.17831172 -0.0567646   0.082831  ]]
Matrix Pair 7; W = [[ 0.27776539 -0.09454197  0.14417308 -0.24432191  0.14314943]
 [-0.02493825 -0.42314216 -0.00613634  0.23155364 -0.19428748]
 [-0.06524144 -0.04805085 -0.01771011  0.13318083 -0.00652841]
 [-0.04506986  0.10396171  0.10251362 -0.08071992  0.03631655]
 [-0.13333816 -0.06387673 -0.1371161  -0.16519949  0.0604205 ]]
U = [[ 0.19952108  0.03736985  0.15366535  0.36435922  0.084562  ]
 [-0.35219196 -0.01796884  0.11168987  0.06920806  0.15949638]
 [ 0.0678951  -0.13842658 -0.19409998 -0.24494332  0.15404193]
 [ 0.27408321 -0.11742957  0.27929537  0.03155902 -0.11067114]
 [-0.10831825 -0.02459288 -0.25027761 -0.13653379  0.11768273]]
Matrix Pair 8; W = [[ 0.25872594 -0.11445842  0.14271769 -0.23276651  0.1811539 ]
 [-0.06414559 -0.42266895 -0.05300312  0.19443239 -0.12853744]
 [-0.14048096 -0.0434359   0.01922267  0.08769946  0.01109384]
 [-0.08468156  0.06092206  0.17351629 -0.03325972 -0.0221569 ]
 [-0.16014562 -0.04814712 -0.16574209 -0.15696356  0.09125983]]
U = [[ 0.11768604  0.06090019  0.20887845  0.39753495  0.04050234]
 [-0.26673914 -0.09477914  0.08623974  0.09580119  0.16233279]
 [ 0.08788914 -0.18761318 -0.17119143 -0.25215395  0.14092568]
 [ 0.24553948 -0.10146787  0.29411116  0.04210327 -0.12983857]
 [-0.10757695  0.02232913 -0.17904077 -0.10822028  0.06814933]]
Matrix Pair 9; W = [[ 0.28133792 -0.08491608  0.11818391 -0.17054779  0.11920582]
 [-0.05430537 -0.41968598 -0.08318164  0.18048173 -0.15204617]
 [-0.09606236 -0.06296609 -0.04303123  0.1259728  -0.00420562]
 [-0.06032329  0.05265879  0.16706727 -0.04831766  0.00345238]
 [-0.11390721 -0.13193326 -0.13891815 -0.2057011   0.037522  ]]
U = [[ 1.96554039e-01  9.60863245e-02  1.97476487e-01  3.99002058e-01
  -5.80086690e-05]
 [-2.91690939e-01 -4.06957037e-02  8.04144670e-02  5.28226762e-02
   1.23231130e-01]
 [ 9.61191805e-02 -1.16241642e-01 -2.03252412e-01 -1.99638569e-01
   2.07422714e-01]
 [ 2.69165806e-01 -1.27611344e-01  2.83133715e-01  1.78781133e-02
  -1.37518079e-01]
 [-7.56090263e-02 -6.28081130e-02 -2.31520594e-01 -1.12599340e-01
   1.07375827e-01]]
Matrix Pair 10; W = [[ 0.25364792 -0.11840525  0.10873876 -0.2310087   0.17716774]
 [ 0.00208839 -0.43195136 -0.00308284  0.18724741 -0.14541548]
 [-0.13899568  0.00900351 -0.03758353  0.10304431 -0.0115854 ]
 [-0.07674713  0.09415918  0.16774475 -0.06569459 -0.03186106]
 [-0.14419227 -0.09919542 -0.11573174 -0.22210922  0.08597019]]
U = [[ 0.14001985  0.06373664  0.17247093  0.42919637  0.0146853 ]
 [-0.27336203 -0.0101472   0.11400148  0.03991323  0.13769687]
 [ 0.11106967 -0.1785041  -0.1301916  -0.26051302  0.21324895]
 [ 0.2562195  -0.05343334  0.3393398   0.04829465 -0.19917262]
 [-0.15343421 -0.06804631 -0.22383286 -0.10372097  0.10251629]]
Matrix Pair 11; W = [[ 0.29761285 -0.03003853  0.10159748 -0.18848063  0.17621659]
 [-0.03580881 -0.3752684  -0.01812566  0.22003026 -0.12444883]
 [-0.1307861  -0.02918474 -0.05589163  0.06138915  0.08190958]
 [-0.06710777  0.10647925  0.17066756 -0.07505998  0.0335297 ]
 [-0.1298347  -0.055069   -0.19741467 -0.17179488  0.01459271]]
U = [[ 0.122919    0.04925038  0.18910462  0.42847832  0.01910543]
 [-0.32652559 -0.107102    0.10945842  0.04610922  0.07931142]
 [ 0.15376662 -0.18745253 -0.19834251 -0.20872533  0.12138873]
 [ 0.31385505 -0.1068408   0.26903958 -0.04087537 -0.1151568 ]
 [-0.13693312 -0.00292307 -0.2216422  -0.10918139  0.07522672]]
Matrix Pair 12; W = [[ 0.29812732 -0.0299868   0.07293379 -0.18985687  0.17996001]
 [-0.07340357 -0.38819294 -0.08393217  0.22468082 -0.10559505]
 [-0.14155075 -0.04352377  0.01760517  0.13630341  0.07454252]
 [-0.05616261  0.0242426   0.09711149 -0.04893635 -0.03300389]
 [-0.14140557 -0.06872853 -0.19344337 -0.2211929   0.03039549]]
U = [[ 0.12673529  0.02122426  0.2313073   0.34968385 -0.0088637 ]
 [-0.27048125 -0.0487615   0.14736288  0.08068447  0.12477498]
 [ 0.11928764 -0.18031697 -0.15592208 -0.26701496  0.20638717]
 [ 0.27321075 -0.11817002  0.35316789  0.0237492  -0.16490631]
 [-0.15434327 -0.01475867 -0.24538583 -0.07651166  0.11247494]]
Matrix Pair 13; W = [[ 0.29234828 -0.08192156  0.08563742 -0.19780821  0.15052928]
 [-0.05512188 -0.43516421 -0.01894498  0.27502878 -0.1652757 ]
 [-0.10697109  0.00824478 -0.00107779  0.09924528  0.03657116]
 [-0.07039496  0.07569439  0.11368156 -0.07242598  0.023021  ]
 [-0.11722149 -0.08025101 -0.17226034 -0.21433468  0.0697343 ]]
U = [[ 0.20275518  0.07735665  0.20006728  0.42216338  0.05576593]
 [-0.26864285 -0.07517704  0.15553127  0.05200293  0.10170558]
 [ 0.08892785 -0.19000781 -0.14239233 -0.26644816  0.12206653]
 [ 0.27742393 -0.12035277  0.290175   -0.00095328 -0.16522198]
 [-0.14774046 -0.00868729 -0.21988626 -0.1120595   0.11977973]]
Matrix Pair 14; W = [[ 0.20554864 -0.10325695  0.07454519 -0.23321664  0.15343843]
 [-0.02229542 -0.36590306 -0.09241085  0.26565141 -0.13312638]
 [-0.05713368  0.0151016  -0.0533108   0.06225631  0.04503171]
 [-0.06836755  0.09687759  0.16274303 -0.0046564   0.01197849]
 [-0.1082832  -0.09594141 -0.1524338  -0.13872297  0.02328444]]
U = [[ 0.15654925  0.01402288  0.21699587  0.4178064   0.01946462]
 [-0.28893146 -0.08064178  0.07486082  0.07725488  0.09603954]
 [ 0.14741249 -0.18399972 -0.13711565 -0.22035921  0.1694999 ]
 [ 0.31753744 -0.13491619  0.29988108 -0.02016583 -0.17024541]
 [-0.14595221  0.02410625 -0.23420194 -0.11339094  0.10198879]]
Matrix Pair 15; W = [[ 0.2302443  -0.05957285  0.07208698 -0.19277519  0.19166759]
 [-0.07273606 -0.42070405 -0.02062085  0.2681341  -0.17286866]
 [-0.14057236  0.01887378 -0.00529146  0.12494726  0.00830272]
 [-0.08601918  0.10775233  0.16788187 -0.01501126 -0.04552541]
 [-0.13292902 -0.07092856 -0.157128   -0.18033929  0.1004325 ]]
U = [[ 0.1441644   0.00974374  0.19153899  0.41302144  0.06007138]
 [-0.33202642 -0.04967537  0.08751483  0.08139086  0.12365998]
 [ 0.14312385 -0.14147398 -0.13373268 -0.2526393   0.14224025]
 [ 0.31975384 -0.1083567   0.3193316  -0.00267746 -0.11017691]
 [-0.13213354 -0.01223649 -0.2273634  -0.05436381  0.0733819 ]]
Matrix Pair 16; W = [[ 0.35265806 -0.00073409  0.06072908 -0.1335152   0.1418623 ]
 [-0.03697915 -0.35534839 -0.0426227   0.18069056 -0.14833573]
 [-0.09982863  0.06166722  0.00501789  0.01666838  0.0662114 ]
 [-0.00605527  0.12973398  0.10823922 -0.06738325 -0.04939745]
 [-0.17692153 -0.10040212 -0.1909088  -0.11990158  0.05401065]]
U = [[ 0.1424808   0.08582533  0.25903383  0.34278059  0.00559506]
 [-0.30065409 -0.0466036   0.06241651  0.09583341  0.10512914]
 [ 0.05951684 -0.06577331 -0.09505097 -0.18317288  0.22700543]
 [ 0.19601253 -0.03238201  0.22806227 -0.00515994 -0.13804328]
 [-0.16436825 -0.03551899 -0.25657132 -0.02586195  0.01506448]]
Matrix Pair 17; W = [[ 0.31302703  0.01235227  0.10075389 -0.1246443   0.18760755]
 [-0.02649213 -0.35312316 -0.04593116  0.15425574 -0.14055819]
 [-0.11743054  0.00411787 -0.02689588  0.01668286  0.04089177]
 [-0.07698918  0.13026353  0.09129306 -0.1528838  -0.10028949]
 [-0.18350168 -0.10976248 -0.18981336 -0.14125705  0.00605871]]
U = [[ 0.12910045  0.04427661  0.2052655   0.40381618 -0.0584338 ]
 [-0.36996533 -0.06842218  0.10766872  0.1260437   0.10367692]
 [ 0.01744257 -0.0980495  -0.09645075 -0.12848763  0.19548002]
 [ 0.25115779  0.01090523  0.23977486  0.02891289 -0.21923578]
 [-0.21073389  0.01927267 -0.27034291 -0.05746189 -0.00290256]]
Matrix Pair 18; W = [[ 0.30049013 -0.02113778  0.0463166  -0.11048664  0.16139913]
 [-0.0146398  -0.39593516 -0.03724625  0.24272878 -0.106873  ]
 [-0.08121159  0.02721534 -0.07391836  0.04959172  0.03998385]
 [-0.00284805  0.07388321  0.11168161 -0.09988462 -0.07396048]
 [-0.19207634 -0.10183653 -0.15635881 -0.1256723   0.02072982]]
U = [[ 0.11223247  0.05787473  0.27243198  0.41218498  0.0172146 ]
 [-0.38224542 -0.10321734  0.11122307  0.14902431  0.17466735]
 [ 0.06564255 -0.14747372 -0.07805939 -0.17040187  0.1537388 ]
 [ 0.26864909 -0.0139569   0.29542951  0.08071133 -0.15106638]
 [-0.13834859  0.03643212 -0.31558641 -0.07606282 -0.02096177]]
Matrix Pair 19; W = [[ 0.34728563 -0.05207141  0.13402944 -0.16245096  0.14297867]
 [-0.04570987 -0.41088176 -0.07302732  0.16651611 -0.10398635]
 [-0.0461591   0.08955019 -0.01494438  0.03465949  0.06018847]
 [-0.08696995  0.14420597  0.09310632 -0.05751438 -0.09469754]
 [-0.20453584 -0.14443689 -0.13509391 -0.15076239  0.04338722]]
U = [[ 0.10647936  0.09049698  0.19637122  0.34261811 -0.0318815 ]
 [-0.29897637 -0.06341776  0.13145606  0.0967531   0.14197714]
 [ 0.10462033 -0.12663779 -0.12280586 -0.09783081  0.2419824 ]
 [ 0.2740788   0.02304229  0.27438427  0.06204537 -0.19266657]
 [-0.14763617 -0.03397464 -0.32612072 -0.04447789  0.0639035 ]]
Matrix Pair 20; W = [[ 0.3180697  -0.05336656  0.05731905 -0.18113231  0.1520832 ]
 [-0.04512572 -0.35859724 -0.10879571  0.17267123 -0.15434682]
 [-0.1223501   0.048264   -0.08259991  0.02019725  0.05417187]
 [-0.01362201  0.14216083  0.11664622 -0.08493552 -0.04533061]
 [-0.18306429 -0.07053251 -0.14019561 -0.1866266   0.02127874]]
U = [[ 0.11075866  0.08669608  0.19064397  0.41319453 -0.0662457 ]
 [-0.3845481  -0.09628396  0.12520018  0.12422535  0.17912359]
 [ 0.10621261 -0.09274159 -0.12671861 -0.10440463  0.18868375]
 [ 0.22069931 -0.01740961  0.24901427  0.05489322 -0.19918145]
 [-0.22000491 -0.02740328 -0.28316864 -0.0436968   0.0381201 ]]
Matrix Pair 21; W = [[ 0.2713458  -0.05301951  0.08986736 -0.10239242  0.16963586]
 [ 0.03322559 -0.37850531 -0.06918881  0.22361024 -0.13853681]
 [-0.10998035  0.06476288 -0.08887817  0.09867696  0.05015444]
 [-0.05674148  0.0971475   0.13490083 -0.06170585 -0.0807694 ]
 [-0.18023146 -0.1147912  -0.12992738 -0.17917688  0.02022706]]
U = [[ 0.11135997  0.08643529  0.24480857  0.41099222 -0.03005904]
 [-0.36245324 -0.04981986  0.05400295  0.07950425  0.12212245]
 [ 0.04721119 -0.05766506 -0.1014456  -0.10111583  0.18642446]
 [ 0.21022141 -0.03655748  0.26196137  0.03312351 -0.14454742]
 [-0.19982804 -0.03372089 -0.24600207 -0.07396591  0.03804781]]
Matrix Pair 22; W = [[ 0.26348914 -0.0394396   0.08369364 -0.19096306  0.13449964]
 [ 0.00328727 -0.40407654 -0.05740111  0.14884169 -0.10930057]
 [-0.05706368  0.01637039 -0.04570319  0.09591622  0.06911361]
 [-0.06518507  0.08720577  0.14553116 -0.05778019 -0.01301931]
 [-0.21351819 -0.12690219 -0.11947519 -0.13719438 -0.00833533]]
U = [[ 0.1254627   0.06728533  0.1877288   0.3602978  -0.06785354]
 [-0.2917056  -0.11620995  0.06282617  0.07702853  0.12941545]
 [ 0.09626796 -0.10750346 -0.13930737 -0.18305509  0.20206935]
 [ 0.21333797 -0.00219165  0.22936866  0.04040307 -0.17171606]
 [-0.15536218 -0.02133736 -0.28213314 -0.00607944  0.06369463]]
Matrix Pair 23; W = [[ 0.29343384 -0.05450951  0.12316948 -0.18643811  0.11288632]
 [-0.0107788  -0.39323627 -0.02896093  0.1547012  -0.11621705]
 [-0.13102813  0.03127568 -0.01546887  0.01341412  0.03706127]
 [-0.09064306  0.1476519   0.11656446 -0.05893504 -0.09746277]
 [-0.19730247 -0.07477999 -0.10816237 -0.17915416  0.04482628]]
U = [[ 0.13699631  0.06222512  0.259688    0.3479888   0.01931451]
 [-0.38480572 -0.10371568  0.09767445  0.14990626  0.16619818]
 [ 0.09872916 -0.07344586 -0.16579974 -0.12207442  0.23145456]
 [ 0.21673243 -0.02455339  0.24068736 -0.00844089 -0.18141767]
 [-0.14194601  0.03911257 -0.26722796 -0.00328187  0.02429085]]
Matrix Pair 24; W = [[ 0.28064562 -0.00622392  0.13134276 -0.13653436  0.16246741]
 [ 0.01876038 -0.35304136 -0.09037555  0.16502969 -0.10291737]
 [-0.03962919  0.03909713 -0.01596911  0.10924574  0.06932133]
 [-0.02628041  0.06845796  0.11360844 -0.07171548 -0.01230929]
 [-0.22008946 -0.10098603 -0.14996353 -0.13900339 -0.0157654 ]]
U = [[ 0.1292408   0.09950207  0.24361001  0.42039725  0.01704221]
 [-0.29148137 -0.12642893  0.13747252  0.0731922   0.16662502]
 [ 0.10057385 -0.13591782 -0.09228794 -0.09583236  0.16409537]
 [ 0.21979727 -0.0622262   0.30422385  0.0064178  -0.2129414 ]
 [-0.20501751 -0.02769557 -0.31706243 -0.0329145  -0.00085343]]
Matrix Pair 25; W = [[ 0.29954132  0.00575134  0.11283273 -0.17889164  0.11397755]
 [ 0.00540536 -0.39316492 -0.04849518  0.14465436 -0.17670036]
 [-0.0975175   0.09077245 -0.01907828  0.0154474   0.02369168]
 [-0.05319744  0.08124317  0.07538676 -0.14575746 -0.06661293]
 [-0.18983509 -0.11296882 -0.16996109 -0.13661241  0.06951458]]
U = [[ 0.10023414  0.05351629  0.28090323  0.36378172 -0.01463975]
 [-0.29310885 -0.11962067  0.07294122  0.07666062  0.19203179]
 [ 0.0197521  -0.05326181 -0.16572661 -0.09990568  0.21437904]
 [ 0.26247227  0.02418689  0.25366091  0.04963509 -0.14380139]
 [-0.17537682  0.02490009 -0.2882218  -0.02628298 -0.00620488]]
Matrix Pair 26; W = [[ 0.28160023 -0.00458819  0.13809898 -0.17470041  0.13030136]
 [-0.05864366 -0.4001282  -0.11334847  0.18633961 -0.09981469]
 [-0.06110224  0.00517649 -0.00607804  0.08391724  0.05253205]
 [-0.08639506  0.15332844  0.1000317  -0.11270602 -0.05111034]
 [-0.16451778 -0.09398132 -0.10859717 -0.18568755  0.00840941]]
U = [[ 1.58720956e-01  3.14636047e-02  2.38301398e-01  4.12276728e-01
  -5.84232967e-03]
 [-3.58405840e-01 -9.38846409e-02  1.46626087e-01  9.60939868e-02
   1.17288526e-01]
 [ 3.12732528e-02 -5.48900704e-02 -1.67823284e-01 -1.65069262e-01
   2.02195337e-01]
 [ 1.85169288e-01  5.87472743e-03  2.45326003e-01  2.45640283e-02
  -1.93450031e-01]
 [-1.40739206e-01  1.00937779e-02 -3.03685111e-01 -5.82498468e-03
  -3.77866706e-05]]
Matrix Pair 27; W = [[ 0.2770558  -0.05684953  0.09209025 -0.14011892  0.18256644]
 [-0.04396186 -0.37353419 -0.04649806  0.17799362 -0.11081317]
 [-0.13317026  0.08687553 -0.03769467  0.06570375  0.03054647]
 [-0.04465674  0.0638866   0.08869829 -0.13942445 -0.0969346 ]
 [-0.1695717  -0.08410505 -0.19690104 -0.19678382  0.003265  ]]
U = [[ 0.0807914   0.05701412  0.26548336  0.35659263 -0.03609654]
 [-0.38822285 -0.05758048  0.10542862  0.13684501  0.15516628]
 [ 0.08283167 -0.09431037 -0.10823151 -0.18214427  0.20153426]
 [ 0.24538891 -0.02516393  0.29049638  0.00855105 -0.18430916]
 [-0.19133061 -0.02250365 -0.25716596 -0.03964364  0.06011388]]
Matrix Pair 28; W = [[ 0.29233718 -0.00200939  0.0914501  -0.19133589  0.18108964]
 [-0.05047609 -0.36460522 -0.07067198  0.23923583 -0.13473861]
 [-0.09960757  0.05850146 -0.07177233  0.10432665  0.08611923]
 [-0.0716851   0.10624016  0.11055865 -0.07480705 -0.00811792]
 [-0.16607266 -0.14133743 -0.15325332 -0.18438156  0.06206954]]
U = [[ 0.15707304  0.04603483  0.20198367  0.40323364 -0.042825  ]
 [-0.37825594 -0.06675318  0.06962527  0.12608107  0.15919807]
 [ 0.04734318 -0.12101374 -0.15935647 -0.14249875  0.24931334]
 [ 0.20357419  0.01603732  0.29982743  0.02517852 -0.14538993]
 [-0.19473659  0.03715067 -0.24581056 -0.01910665 -0.01310119]]
Matrix Pair 29; W = [[ 0.32488931 -0.02248075  0.13828358 -0.10946357  0.14659272]
 [-0.06125798 -0.41722111 -0.11729354  0.20938154 -0.17366735]
 [-0.0666237   0.03593304 -0.08582688  0.02422839  0.08952182]
 [-0.00645367  0.09820712  0.07978195 -0.10878421 -0.00681813]
 [-0.17786469 -0.12428642 -0.19492063 -0.15984345  0.00405008]]
U = [[ 0.15827209  0.0847569   0.21192159  0.39564197 -0.06254098]
 [-0.33295566 -0.03042467  0.09896688  0.0685114   0.17251691]
 [ 0.02854435 -0.09997297 -0.09949513 -0.1356966   0.15155735]
 [ 0.23494055  0.00702169  0.22256126  0.02817797 -0.22364989]
 [-0.14330341 -0.03909485 -0.28305488  0.00065695  0.01215966]]
Matrix Pair 30; W = [[ 0.32091812 -0.02906092  0.05727251 -0.19498879  0.18103953]
 [-0.01972462 -0.3600454  -0.09346757  0.23182547 -0.1086918 ]
 [-0.0830739   0.04633461 -0.08901408  0.06533156  0.08105127]
 [-0.09437333  0.06564478  0.10078554 -0.11467283 -0.08353285]
 [-0.18893844 -0.078259   -0.13559952 -0.19862986 -0.02511282]]
U = [[ 0.17238502  0.07733631  0.2356966   0.42643226 -0.01734471]
 [-0.35787339 -0.07883938  0.11982583  0.09056961  0.1337185 ]
 [ 0.09554054 -0.06469862 -0.10596547 -0.12573337  0.2241475 ]
 [ 0.25648924  0.0141381   0.25208202  0.04993562 -0.15133753]
 [-0.21447423 -0.00674078 -0.27179306 -0.02503283  0.06219982]]
Matrix Pair 31; W = [[ 0.33994636  0.00440276  0.05060812 -0.13536015  0.19572105]
 [ 0.02625265 -0.36249124 -0.06976655  0.14884635 -0.19152609]
 [-0.0374212   0.02201541 -0.05376495  0.02286369  0.00232846]
 [-0.03280217  0.1304705   0.13193293 -0.05515893 -0.09241152]
 [-0.19779717 -0.13954125 -0.16124144 -0.20803286  0.04985756]]
U = [[ 0.08043139  0.02841798  0.18983161  0.43931546 -0.04053527]
 [-0.37947173 -0.09521252  0.07183282  0.10230395  0.13189694]
 [ 0.04301783 -0.1195865  -0.08069116 -0.15607352  0.15954497]
 [ 0.19954972 -0.07185812  0.31497476  0.03259045 -0.15963256]
 [-0.20252832 -0.05495131 -0.2437808  -0.01923994  0.0137055 ]]
Matrix Pair 32; W = [[ 0.22864645 -0.07577529  0.03246347 -0.08583333  0.12117882]
 [ 0.02268798 -0.34488936 -0.0648249   0.27185814 -0.18604968]
 [-0.10332123  0.00531476 -0.04826744  0.13693701  0.04978081]
 [-0.08434706  0.09090423  0.08899265 -0.12600178  0.00773622]
 [-0.05730586 -0.03400912 -0.11412066 -0.22766026  0.08273551]]
U = [[ 0.17399485  0.09701153  0.22766626  0.38931418 -0.0429172 ]
 [-0.32945027 -0.03245113  0.0900468   0.01507493  0.11753119]
 [ 0.09549344 -0.14514614 -0.07986472 -0.25245502  0.17168602]
 [ 0.26425283  0.02022202  0.29718482  0.03874122 -0.12693043]
 [-0.14721677 -0.01567999 -0.17498908 -0.10359546  0.10120522]]
Matrix Pair 33; W = [[ 0.17732721 -0.0575885   0.02766951 -0.10608808  0.11186567]
 [-0.04972921 -0.30670728 -0.04739647  0.2467222  -0.18411025]
 [-0.12990885  0.08687214 -0.05383587  0.17083986  0.09660814]
 [-0.07194975  0.0942565   0.06929662 -0.07343579 -0.05767748]
 [-0.07996505 -0.04379971 -0.19941188 -0.2330965   0.07622965]]
U = [[ 0.18781261  0.1058783   0.25889607  0.39100294  0.00424016]
 [-0.34661833 -0.09538205  0.07905107  0.03547481  0.1974431 ]
 [ 0.04720933 -0.17817229 -0.07860383 -0.19757355  0.17464539]
 [ 0.2945045  -0.06683976  0.33461612  0.03527956 -0.14180253]
 [-0.14616276 -0.04705426 -0.25083544 -0.08313124  0.12329821]]
Matrix Pair 34; W = [[ 0.2583682  -0.130901    0.06145918 -0.13396158  0.15496715]
 [-0.02728946 -0.33899769 -0.05735762  0.26061075 -0.11568457]
 [-0.08388583  0.03956522 -0.00952251  0.10638075  0.11662739]
 [-0.07207634  0.00965193  0.15517436 -0.11822774 -0.02951644]
 [-0.08830075 -0.06696485 -0.18581626 -0.25176552  0.07467146]]
U = [[ 0.18875327  0.09875634  0.27814945  0.4155151   0.04671318]
 [-0.31936884 -0.05031863  0.12255456 -0.01476391  0.14123465]
 [ 0.09186961 -0.14821034 -0.16831308 -0.22712834  0.19388543]
 [ 0.2645802  -0.01532756  0.3119151   0.03698266 -0.10025646]
 [-0.19065767 -0.01969158 -0.18537255 -0.09743371  0.0718535 ]]
Matrix Pair 35; W = [[ 0.1884911  -0.07005278  0.03470779 -0.14173279  0.11219394]
 [-0.058351   -0.34715312 -0.07913942  0.22291017 -0.12266684]
 [-0.15990262  0.01149038 -0.03202267  0.16867886  0.08157797]
 [-0.07144898  0.07523536  0.11093815 -0.12977404 -0.06991004]
 [-0.0447783  -0.11207964 -0.16587056 -0.20267273  0.02464295]]
U = [[ 0.13475119  0.02517045  0.23145713  0.40574036 -0.03178618]
 [-0.32685983  0.00131674  0.13986085  0.06972034  0.17191704]
 [ 0.06710695 -0.11011676 -0.14286526 -0.27118488  0.12800289]
 [ 0.2769376  -0.05623501  0.2532414   0.05459369 -0.12072686]
 [-0.16274772 -0.03157814 -0.20353661 -0.15915104  0.12671244]]
Matrix Pair 36; W = [[ 1.70599258e-01 -1.26371762e-01  3.76573142e-02 -1.31474820e-01
   9.19193830e-02]
 [ 1.02167055e-02 -3.84437201e-01 -3.82120859e-02  2.09822233e-01
  -1.31685517e-01]
 [-1.02824680e-01  2.53032390e-03 -3.17535230e-04  1.20137931e-01
   9.22332061e-02]
 [-1.05967677e-01  9.14444873e-02  8.86041346e-02 -9.81884709e-02
  -6.15810711e-02]
 [-8.63233178e-02 -1.02656985e-01 -1.55026225e-01 -1.71186733e-01
   1.23493459e-02]]
U = [[ 0.18107337  0.02776532  0.19310958  0.43640077 -0.04006557]
 [-0.37684134 -0.07665739  0.06895878 -0.01029286  0.16607867]
 [ 0.12380558 -0.11154274 -0.11830894 -0.18859373  0.16969855]
 [ 0.28840146 -0.03579909  0.29959367  0.04926793 -0.18432923]
 [-0.15098534 -0.091155   -0.25924899 -0.09018463  0.15082975]]
Matrix Pair 37; W = [[ 0.18776387 -0.0466301   0.06860108 -0.10862403  0.1071512 ]
 [-0.03984511 -0.30243924 -0.04576773  0.2714428  -0.14858928]
 [-0.08108515  0.04560128 -0.04501161  0.09003427  0.12467417]
 [-0.03148173  0.0474407   0.10694089 -0.0783765  -0.00368455]
 [-0.08008278 -0.0508619  -0.1898467  -0.17534384  0.0129987 ]]
U = [[ 0.14587051  0.10577286  0.27622882  0.35481876 -0.01829804]
 [-0.32730092 -0.07632511  0.11587522 -0.00960232  0.17056191]
 [ 0.04543005 -0.13347172 -0.11443738 -0.27364516  0.17757124]
 [ 0.27316493 -0.01757876  0.27438803  0.05598864 -0.11070773]
 [-0.11980886 -0.10675253 -0.23347859 -0.1582387   0.15704434]]
Matrix Pair 38; W = [[ 0.18337651 -0.0615157   0.04004262 -0.08655459  0.09236195]
 [-0.06357715 -0.36550907 -0.09499968  0.23648665 -0.18516238]
 [-0.16202688 -0.0079194   0.00391615  0.12594147  0.09625374]
 [-0.08823668  0.03057748  0.14028629 -0.0999607  -0.02058024]
 [-0.05813974 -0.07542873 -0.13837641 -0.17780756  0.08771092]]
U = [[ 0.13093993  0.07495622  0.18075595  0.37772263  0.03368302]
 [-0.36868941 -0.05563325  0.09953798  0.01699673  0.17229835]
 [ 0.09635759 -0.15069769 -0.08057715 -0.22952584  0.12696065]
 [ 0.28656658  0.01808864  0.24342922  0.01927426 -0.12388563]
 [-0.11102034 -0.09044356 -0.24211211 -0.08777698  0.08434838]]
Matrix Pair 39; W = [[ 0.1919878  -0.07666391  0.0372336  -0.08353669  0.06254139]
 [ 0.02559204 -0.39528337 -0.07897715  0.24452236 -0.16539516]
 [-0.0987857  -0.00702945  0.02567453  0.18111855  0.10176226]
 [-0.09866231  0.08514628  0.10214532 -0.10724701 -0.02489874]
 [-0.06221871 -0.03701313 -0.10642919 -0.16570343  0.09265191]]
U = [[ 0.15727772  0.03724291  0.20552701  0.39049879 -0.03962206]
 [-0.35571042 -0.00230923  0.09084495  0.05011187  0.20514231]
 [ 0.0500758  -0.18113298 -0.11824258 -0.22715153  0.12290841]
 [ 0.2573734  -0.06815185  0.28620044  0.04964856 -0.18435185]
 [-0.1834814  -0.0353293  -0.20072116 -0.13957045  0.08379768]]
Matrix Pair 40; W = [[ 0.25463551 -0.1366991   0.06204465 -0.1504442   0.1085944 ]
 [-0.02395849 -0.36235217 -0.08073662  0.27951972 -0.19969237]
 [-0.08204991  0.00432415 -0.00113522  0.13492875  0.04968673]
 [-0.03898553  0.03379557  0.10727813 -0.13486624  0.01517069]
 [-0.1141609  -0.11042752 -0.20199542 -0.1821169   0.05571764]]
U = [[ 0.12906947  0.04578503  0.19139505  0.34598289  0.04934891]
 [-0.39111032 -0.07036864  0.11782353  0.0362525   0.15925568]
 [ 0.08778345 -0.11246282 -0.14049471 -0.26469523  0.20869717]
 [ 0.31034366 -0.01674388  0.30183209  0.04056772 -0.12341714]
 [-0.15591373 -0.04760629 -0.22253725 -0.15175629  0.12977592]]
Matrix Pair 41; W = [[ 0.23781421 -0.10707662  0.08013578 -0.17190626  0.09391469]
 [-0.02643599 -0.34311251 -0.05444778  0.2047127  -0.15923007]
 [-0.07526258  0.06624185 -0.02444018  0.15932994  0.09057273]
 [-0.09902713  0.01447756  0.13147239 -0.12263008 -0.06979454]
 [-0.05139489 -0.10683516 -0.14275404 -0.17448545  0.02639178]]
U = [[ 0.12524464  0.08231546  0.25802548  0.42548316 -0.0329722 ]
 [-0.37823751 -0.05189226  0.12546721 -0.0163826   0.13658809]
 [ 0.08298448 -0.17535537 -0.13162989 -0.22303175  0.14054325]
 [ 0.23201193 -0.04510397  0.32887034  0.07944481 -0.13883467]
 [-0.1376446  -0.04102525 -0.20247527 -0.11352938  0.145108  ]]
Matrix Pair 42; W = [[ 0.1954276  -0.08242684  0.05033575 -0.09632572  0.09799497]
 [-0.00402731 -0.36932779 -0.09005261  0.21456154 -0.18691815]
 [-0.11635419  0.05625937 -0.02349205  0.16538903  0.12749224]
 [-0.08867309  0.08123187  0.11041709 -0.12549823 -0.02470836]
 [-0.08501261 -0.06803809 -0.19263464 -0.25969545  0.04760857]]
U = [[ 0.13304635  0.10408487  0.27605838  0.42311034 -0.00158939]
 [-0.37899023 -0.02260149  0.08158153  0.017926    0.19745675]
 [ 0.13528999 -0.09519117 -0.14051838 -0.26721272  0.19374327]
 [ 0.28953825  0.0104337   0.31576742  0.02835603 -0.15886982]
 [-0.12386642 -0.08996082 -0.2621143  -0.16459735  0.11566455]]
Matrix Pair 43; W = [[ 0.19504769 -0.0623121   0.07696654 -0.15323467  0.07081293]
 [-0.03755335 -0.31348379 -0.04021923  0.22698485 -0.12477064]
 [-0.16561412  0.00257894 -0.03800429  0.11415916  0.10387735]
 [-0.04738694  0.02712041  0.13417757 -0.12174799  0.00438787]
 [-0.10099713 -0.06013116 -0.20445529 -0.25045181  0.06915225]]
U = [[ 0.1500308   0.10336081  0.19876189  0.42187913 -0.03556826]
 [-0.36204053 -0.06692605  0.08781736 -0.02137057  0.12150952]
 [ 0.13070146 -0.11312792 -0.15731804 -0.19400546  0.14234137]
 [ 0.25212591 -0.00128849  0.27633672  0.00754548 -0.15182775]
 [-0.18420612 -0.10116481 -0.24908103 -0.097846    0.07211843]]
Matrix Pair 44; W = [[ 0.24218437 -0.06180776  0.05290276 -0.09780299  0.0730479 ]
 [-0.05871478 -0.32262816 -0.10940574  0.22164898 -0.18860763]
 [-0.09156204  0.02638619 -0.00230446  0.09836383  0.14311688]
 [-0.04091873  0.01629089  0.0683005  -0.09306893 -0.045527  ]
 [-0.04790572 -0.06061764 -0.19806011 -0.23926911  0.06879274]]
U = [[ 0.16797263  0.09841608  0.27110043  0.40941341 -0.03334941]
 [-0.36234365 -0.01714616  0.11039458  0.03570406  0.14730604]
 [ 0.10183885 -0.14015488 -0.07939262 -0.22912625  0.12457152]
 [ 0.21782418 -0.07418402  0.33732067  0.04534266 -0.09335227]
 [-0.13303442 -0.03745047 -0.2728767  -0.16046165  0.11754943]]
Matrix Pair 45; W = [[ 0.17254123 -0.0645734   0.00606482 -0.09039103  0.06863436]
 [-0.06097975 -0.30200632 -0.09347485  0.21943771 -0.12141528]
 [-0.07450141  0.07929258  0.022226    0.13446953  0.08916487]
 [-0.08574596  0.07282604  0.1489963  -0.13412867 -0.06176829]
 [-0.04574363 -0.07082902 -0.16107555 -0.16158994  0.005645  ]]
U = [[ 0.147219    0.08816612  0.22822685  0.40395942 -0.01239334]
 [-0.32951637 -0.01759273  0.11087334  0.01703377  0.13398373]
 [ 0.09494231 -0.16990707 -0.15390151 -0.23650884  0.14019788]
 [ 0.26087336 -0.00197224  0.33242364  0.0731466  -0.17327446]
 [-0.1057093  -0.05311016 -0.26584608 -0.12523325  0.13509202]]
Matrix Pair 46; W = [[ 0.20175294 -0.05658564  0.07497129 -0.14032226  0.06720316]
 [ 0.01659733 -0.31830555 -0.09080958  0.24086814 -0.16250815]
 [-0.14336502  0.08697997 -0.05129486  0.17001403  0.04610903]
 [-0.09588166  0.01842699  0.13285092 -0.08517945 -0.04861859]
 [-0.0261887  -0.07457576 -0.12742253 -0.21371016  0.02026783]]
U = [[ 0.20450892  0.04099365  0.2565911   0.41327514 -0.01967568]
 [-0.35377421 -0.03043419  0.12259229  0.04831526  0.15445005]
 [ 0.0967991  -0.16114011 -0.07950901 -0.27539984  0.13513251]
 [ 0.22353975 -0.04695919  0.33019478  0.09331956 -0.14902229]
 [-0.18770465 -0.08630648 -0.18401808 -0.13918871  0.06073347]]
Matrix Pair 47; W = [[ 0.17552295 -0.11894339  0.01242287 -0.14158033  0.12918519]
 [-0.04643173 -0.3877207  -0.08627406  0.26773796 -0.17562561]
 [-0.07274121  0.03266579 -0.04581521  0.14197036  0.0577095 ]
 [-0.11415207  0.08814661  0.09513911 -0.08525017  0.01512655]
 [-0.04745705 -0.03975909 -0.18724561 -0.21563954  0.0607382 ]]
U = [[ 0.13765185  0.09285716  0.27587461  0.37445004  0.03423007]
 [-0.40975355 -0.03372762  0.09032535 -0.01504817  0.18815793]
 [ 0.13762411 -0.11988662 -0.10911465 -0.1941384   0.15475563]
 [ 0.30828529 -0.0029726   0.28800414  0.0885742  -0.13909145]
 [-0.19446763 -0.06334854 -0.23190974 -0.13325433  0.10426261]]
Matrix Pair 48; W = [[ 0.31342811 -0.10442014  0.03798076 -0.1755954   0.20974619]
 [-0.0146086  -0.40750217 -0.06294924  0.17121069 -0.17358996]
 [-0.07967213 -0.04058335 -0.01961535  0.08941645  0.06910194]
 [-0.12087594  0.08606625  0.11106733 -0.0429758  -0.01824356]
 [-0.17762637 -0.07838649 -0.13895543 -0.08486368 -0.02057089]]
U = [[ 0.1898199   0.0077035   0.27118803  0.40361894  0.00965899]
 [-0.35316051 -0.0256352   0.14072339  0.0466935   0.07361491]
 [ 0.08306997 -0.07146815 -0.16752537 -0.20229092  0.1003359 ]
 [ 0.28567775  0.02087391  0.2267129  -0.0417342  -0.20853985]
 [-0.14799766 -0.02474405 -0.21236552 -0.05427631  0.12027331]]
Matrix Pair 49; W = [[ 0.31061188 -0.11567893  0.04187603 -0.2065571   0.22868994]
 [ 0.05331003 -0.34729039 -0.10332411  0.23092785 -0.17143599]
 [-0.03616032  0.00819648 -0.08032261  0.03946729  0.01017839]
 [-0.09505193  0.09138897  0.05263237 -0.01280515 -0.07380893]
 [-0.12046045 -0.10299544 -0.1717349  -0.14180871 -0.06322036]]
U = [[ 0.16199078  0.01109042  0.28970132  0.39930126 -0.01465204]
 [-0.35415684 -0.09521571  0.06640511  0.04681519  0.0276297 ]
 [ 0.03071221 -0.09275181 -0.18137694 -0.14065295  0.10456307]
 [ 0.28063225 -0.02525833  0.25197725  0.01057918 -0.2145652 ]
 [-0.15431411  0.01319123 -0.23505093 -0.05626439  0.0848468 ]]
Matrix Pair 50; W = [[ 0.26892765 -0.08385448  0.07827341 -0.17631978  0.18606268]
 [-0.034263   -0.40577847 -0.08119747  0.22250598 -0.17269586]
 [-0.01615405 -0.02141454 -0.02010144  0.05364778  0.02575527]
 [-0.10027174  0.08530115  0.08648056 -0.05107451 -0.07305578]
 [-0.16737922 -0.02220533 -0.17908004 -0.14504163  0.01417661]]
U = [[ 0.1044051   0.06616001  0.21562833  0.34241605 -0.00184889]
 [-0.3317951  -0.03959341  0.14457253  0.07507331  0.0224661 ]
 [ 0.09744354 -0.08949075 -0.18378813 -0.22525286  0.15834737]
 [ 0.21509218  0.00946422  0.32107276  0.01823114 -0.19043824]
 [-0.08235508 -0.01111596 -0.24203843 -0.05344313  0.06624584]]
Matrix Pair 51; W = [[ 0.23201762 -0.06937254  0.02131867 -0.20271287  0.19632631]
 [ 0.05327762 -0.43792914 -0.0995763   0.19483504 -0.14136549]
 [ 0.00696215 -0.03902657 -0.07187     0.0168352  -0.00908916]
 [-0.12232611  0.06392521  0.14992853 -0.02269881 -0.01509623]
 [-0.09766919 -0.03654475 -0.14434211 -0.16313994 -0.00129317]]
U = [[ 0.1491765  -0.01329862  0.22575758  0.34030686 -0.0272354 ]
 [-0.27241387 -0.04863054  0.08979862  0.07230204  0.07421284]
 [ 0.10554192 -0.12615759 -0.17824023 -0.2362085   0.18509891]
 [ 0.2025418  -0.01578776  0.22849403 -0.07746414 -0.17959884]
 [-0.14340267  0.00638225 -0.27755963 -0.06080787  0.10266206]]
Matrix Pair 52; W = [[ 0.25789852 -0.05554923  0.02059531 -0.18605366  0.16751792]
 [-0.0217319  -0.42666519 -0.03683896  0.23497373 -0.16751911]
 [-0.06549253 -0.02432817 -0.08946409  0.09332848  0.028834  ]
 [-0.1158556   0.08798415  0.13339654 -0.0897081  -0.01914685]
 [-0.17631383 -0.02051659 -0.16049298 -0.12190474  0.01192701]]
U = [[ 0.17767546  0.03040178  0.25092969  0.42032056 -0.01006102]
 [-0.32371552 -0.01205167  0.11856497  0.10676772  0.05238787]
 [ 0.09847968 -0.13456442 -0.11657868 -0.19465303  0.1378403 ]
 [ 0.29253478  0.03362317  0.31178566 -0.02079772 -0.19970256]
 [-0.14772609 -0.08570839 -0.27494315 -0.00918446  0.09738965]]
Matrix Pair 53; W = [[ 0.25359533 -0.0845783   0.06320824 -0.18513762  0.15181419]
 [-0.03688232 -0.43420409 -0.03681775  0.25361769 -0.12984283]
 [-0.01708198 -0.02620904 -0.06221626  0.03722731  0.05935241]
 [-0.11938616  0.11336808  0.07928559 -0.08561448  0.00799325]
 [-0.0888443  -0.04288143 -0.23082028 -0.13735153  0.00315266]]
U = [[ 0.09593293 -0.02414342  0.24940439  0.43549286  0.04291118]
 [-0.3587679  -0.05206661  0.12945268  0.086433    0.08764738]
 [ 0.07835633 -0.16023873 -0.17916003 -0.14680179  0.15900409]
 [ 0.26059227 -0.03235432  0.24519299 -0.03694897 -0.18690367]
 [-0.12628062 -0.07818609 -0.21105494 -0.0026504   0.11821651]]
Matrix Pair 54; W = [[ 0.27744821 -0.06124893  0.03610257 -0.17005049  0.16390853]
 [ 0.03167815 -0.40946183 -0.08806316  0.23825991 -0.15801283]
 [-0.03772138  0.01567763 -0.06020643  0.06054819  0.05996157]
 [-0.08202676  0.04625633  0.14756634 -0.04990295 -0.02135319]
 [-0.13379443 -0.014255   -0.21817706 -0.11750095 -0.02362628]]
U = [[ 0.17176279 -0.02334189  0.29417075  0.42893613 -0.05020035]
 [-0.34482419 -0.07386642  0.06649081  0.06313724  0.09061364]
 [ 0.04056276 -0.16513522 -0.12679739 -0.22524744  0.18095672]
 [ 0.29031083  0.02450119  0.31194846 -0.04779518 -0.24278953]
 [-0.15326263 -0.07827042 -0.22885046 -0.05711092  0.04662777]]
Matrix Pair 55; W = [[ 2.84490562e-01 -7.12521809e-02  6.18230809e-02 -1.60357528e-01
   1.99176833e-01]
 [ 1.60263675e-02 -3.61599983e-01 -4.32814601e-02  1.58236413e-01
  -8.42778370e-02]
 [-7.24536259e-03 -1.04996389e-04 -3.08236947e-02  6.44297962e-02
   4.33269585e-02]
 [-1.30840431e-01  4.11882543e-02  1.34771687e-01 -5.27197684e-02
  -5.68306339e-02]
 [-1.56750874e-01 -7.78311237e-02 -1.36724183e-01 -1.43803968e-01
  -3.30999559e-02]]
U = [[ 0.19276714 -0.01418915  0.2845063   0.42134615 -0.02945188]
 [-0.36897816 -0.03158952  0.1038075   0.04272015  0.06441502]
 [ 0.09698925 -0.13660934 -0.1042002  -0.18161384  0.1849537 ]
 [ 0.29284248  0.05061473  0.25440961 -0.04984704 -0.19431463]
 [-0.06667189 -0.08024294 -0.22429482 -0.06863589  0.06345624]]
Matrix Pair 56; W = [[ 0.2416544  -0.03432821  0.09030799 -0.16138228  0.15639652]
 [-0.03470102 -0.43437546 -0.09685676  0.18540727 -0.12260673]
 [-0.01199995 -0.06535776 -0.08251644  0.01827215 -0.00615005]
 [-0.12534679  0.08359819  0.08738081 -0.04283469 -0.00643706]
 [-0.13975898 -0.02115388 -0.18983099 -0.14921125  0.00860621]]
U = [[ 0.16987396  0.02956037  0.26541415  0.42321279 -0.03739964]
 [-0.35107426 -0.06784014  0.0923624   0.09180162  0.09649259]
 [ 0.03631389 -0.10481392 -0.18824348 -0.14354195  0.18433672]
 [ 0.23385585  0.03121206  0.26871393 -0.03698215 -0.18038561]
 [-0.07606197  0.00252402 -0.27730203 -0.07452374  0.05992092]]
Matrix Pair 57; W = [[ 0.23619236 -0.11703733  0.04102613 -0.1368228   0.15481064]
 [-0.0315884  -0.36763638 -0.10934066  0.17428928 -0.08445518]
 [-0.06846999  0.01775841 -0.0405237   0.03324942  0.06354177]
 [-0.12493343  0.08979529  0.12935397 -0.02270346  0.00360592]
 [-0.10943994 -0.08672689 -0.1712364  -0.10118292 -0.02532386]]
U = [[ 0.17403769  0.03908156  0.28713433  0.35121993 -0.04962825]
 [-0.32992933 -0.01847625  0.08627265  0.06400027  0.07463429]
 [ 0.04222476 -0.0856887  -0.16326145 -0.20881193  0.09405388]
 [ 0.1969387   0.01546033  0.31156463 -0.06713756 -0.16183918]
 [-0.09225194 -0.01930304 -0.26747884 -0.02508275  0.07950254]]
Matrix Pair 58; W = [[ 0.27578102 -0.10091366  0.04375563 -0.15935781  0.14607719]
 [ 0.02743973 -0.41443646 -0.10109662  0.2243698  -0.08213509]
 [-0.02295982 -0.02533849 -0.05164435  0.0233138   0.02838798]
 [-0.0694106   0.04401043  0.07306121 -0.02951867 -0.03237945]
 [-0.12860501 -0.05093461 -0.22399992 -0.09083014 -0.02686809]]
U = [[ 0.11627795  0.00629555  0.24437366  0.36268345 -0.04774914]
 [-0.28563255 -0.04487691  0.05949764  0.02917216  0.05057311]
 [ 0.05397706 -0.10064047 -0.16903653 -0.19116771  0.16829039]
 [ 0.2848376   0.00087112  0.23028669 -0.0655455  -0.17430871]
 [-0.14426912  0.00252378 -0.26751652 -0.00292041  0.07422831]]
Matrix Pair 59; W = [[ 0.25172808 -0.09666619 -0.0050604  -0.18288435  0.22882978]
 [ 0.03751536 -0.42912301 -0.13172611  0.23607882 -0.10106928]
 [-0.03535212 -0.0476407  -0.08238529  0.04067441  0.03970814]
 [-0.11625965  0.1157362   0.11851397 -0.08953903 -0.0755285 ]
 [-0.12015895 -0.10221849 -0.16826096 -0.142373    0.02183065]]
U = [[ 0.14357893 -0.00534089  0.22182032  0.39293663 -0.04646984]
 [-0.32914975 -0.0936394   0.09165113  0.08407642  0.04906485]
 [ 0.05645447 -0.12917618 -0.14829246 -0.20532982  0.17942278]
 [ 0.27482287  0.03872055  0.26316988 -0.0043467  -0.23711925]
 [-0.10144273 -0.06288282 -0.20308911 -0.01581557  0.06717447]]
Matrix Pair 60; W = [[ 0.22074132 -0.05522552  0.05805628 -0.19691049  0.22666808]
 [ 0.00579015 -0.39747852 -0.13288875  0.20496238 -0.16628126]
 [-0.02249284 -0.07017454 -0.07553745  0.02594549  0.01119067]
 [-0.06939209  0.0517241   0.05594114 -0.05844474 -0.07931893]
 [-0.12245502 -0.01234682 -0.21451571 -0.14734346 -0.02594947]]
U = [[ 1.19747270e-01  5.29674955e-03  2.21938449e-01  4.25869618e-01
  -2.50006110e-02]
 [-3.28267059e-01 -6.35415132e-02  1.44985705e-01  3.39611184e-02
   3.19667399e-02]
 [ 6.55332849e-02 -1.32499108e-01 -1.38476468e-01 -2.39892486e-01
   1.18826243e-01]
 [ 2.69234096e-01 -1.42291167e-04  2.38065707e-01 -3.60765176e-02
  -1.92596435e-01]
 [-1.02778510e-01  1.11581514e-02 -2.56143946e-01 -7.61941399e-02
   1.24232929e-01]]
Matrix Pair 61; W = [[ 0.29028585 -0.05066613  0.02537731 -0.17532326  0.13886863]
 [-0.02739507 -0.37442462 -0.13465136  0.22728045 -0.09959751]
 [-0.03193218 -0.02766562 -0.00860814  0.10195408 -0.01666146]
 [-0.09098789  0.11351888  0.14471361 -0.0510538  -0.0849082 ]
 [-0.16908481 -0.02234893 -0.14534545 -0.09634932 -0.00450828]]
U = [[ 0.10817949  0.04528278  0.3095239   0.36304184  0.02701719]
 [-0.36793761 -0.02850791  0.11283237  0.02775196  0.09309772]
 [ 0.0845161  -0.09219678 -0.13309948 -0.21749662  0.11265469]
 [ 0.20772672 -0.03514034  0.24278866  0.00398381 -0.19986651]
 [-0.09515698 -0.07046954 -0.27275003 -0.04467089  0.03786525]]
Matrix Pair 62; W = [[ 0.29592578 -0.05805134  0.00165502 -0.1999972   0.17406475]
 [ 0.05565859 -0.40517465 -0.12541819  0.16378993 -0.15290683]
 [-0.0220266  -0.02362548 -0.04490172  0.0769563   0.04379322]
 [-0.09941045  0.08056379  0.12560994 -0.02647584 -0.03576891]
 [-0.15556637 -0.06915913 -0.15627633 -0.13142178 -0.0197665 ]]
U = [[ 0.16132116 -0.03328744  0.2910122   0.39672554 -0.04332844]
 [-0.34991358 -0.0105928   0.13654609  0.02345506  0.07439809]
 [ 0.08828908 -0.14376899 -0.1090047  -0.14840536  0.11509057]
 [ 0.19963529  0.05099435  0.25393989 -0.02650973 -0.19174296]
 [-0.14331561 -0.04216936 -0.21589202 -0.08751302  0.05360668]]
Matrix Pair 63; W = [[ 0.23613791 -0.10514848  0.00459295 -0.14383772  0.19549201]
 [ 0.05137978 -0.43465184 -0.11357584  0.17908788 -0.16692735]
 [-0.06237247 -0.03207179 -0.07712864  0.03688823 -0.02375397]
 [-0.04004725  0.03272933  0.05954802 -0.08000555 -0.02690592]
 [-0.12008681 -0.08416735 -0.19541045 -0.17909111 -0.04240643]]
U = [[ 0.11974962 -0.0222861   0.29180691  0.35663575  0.00443665]
 [-0.37129224 -0.00183874  0.06459557  0.07107361  0.09361558]
 [ 0.03662637 -0.11759655 -0.10296308 -0.23287937  0.13387266]
 [ 0.24359724  0.04789002  0.29233834  0.00900778 -0.1656501 ]
 [-0.09992586 -0.04244714 -0.21639635 -0.00938198  0.11794639]]
Matrix Pair 64; W = [[ 0.18553874 -0.01485791  0.04406748 -0.14070501  0.21427168]
 [-0.02772564 -0.36035974 -0.06517903  0.28741329 -0.16077408]
 [ 0.00995759 -0.01957888 -0.12173594  0.09770976  0.06281869]
 [-0.15434655  0.01468277  0.15742162  0.01522587 -0.06100756]
 [-0.03008545 -0.11752387 -0.23409015 -0.17639694  0.06259353]]
U = [[ 0.22562796  0.09200818  0.27959055  0.39855896  0.00185584]
 [-0.36988045  0.0118848   0.12488237  0.12037611  0.05484812]
 [ 0.11604126 -0.14212195 -0.15381325 -0.2148428   0.16804673]
 [ 0.24924847 -0.10990919  0.29503016  0.05522664 -0.09790202]
 [-0.17120907 -0.01857156 -0.19407261 -0.04946204  0.02360957]]
Matrix Pair 65; W = [[ 0.19772046 -0.0415688   0.02856007 -0.10591839  0.18095731]
 [-0.01456475 -0.44827144 -0.06974781  0.29416042 -0.17489229]
 [ 0.00500382 -0.07029006 -0.04427303  0.08623985  0.05009536]
 [-0.1055408   0.05163923  0.11754721 -0.07915439 -0.0136505 ]
 [-0.06082242 -0.11896691 -0.24043283 -0.18135548  0.08139029]]
U = [[ 0.15501032  0.0465284   0.28773953  0.34835777 -0.058737  ]
 [-0.35513561 -0.01432606  0.11566888  0.14126     0.12877684]
 [ 0.09492962 -0.13639341 -0.14538841 -0.2573797   0.23144426]
 [ 0.19015719 -0.13592296  0.3511518   0.02392845 -0.13991463]
 [-0.18039481  0.03937386 -0.20594691 -0.0657291   0.08191624]]
Matrix Pair 66; W = [[ 0.20556611 -0.01903441  0.02599986 -0.11443939  0.17364872]
 [-0.07860704 -0.36209182 -0.08932848  0.20295464 -0.09813356]
 [ 0.00057095 -0.01332489 -0.06134802  0.06288046  0.05793622]
 [-0.12820396  0.08027209  0.18111313 -0.0224676  -0.07584674]
 [-0.10451488 -0.16162635 -0.25672311 -0.19108187  0.07300208]]
U = [[ 0.21124388  0.06174388  0.28704726  0.39225181 -0.06045501]
 [-0.36851896 -0.00376294  0.10083009  0.17992577  0.10398545]
 [ 0.02922917 -0.12332035 -0.08282747 -0.25377702  0.16314923]
 [ 0.20346571 -0.14413758  0.35165949  0.0365727  -0.17955638]
 [-0.11606809  0.02073769 -0.14887033 -0.06199164  0.04501886]]
Matrix Pair 67; W = [[ 0.27728257 -0.05801491  0.02758835 -0.15911451  0.19897773]
 [-0.03276972 -0.35890022 -0.07390798  0.21819062 -0.16552078]
 [ 0.02507408 -0.06544525 -0.11483866  0.06534608  0.0038642 ]
 [-0.10651726 -0.00194837  0.17242441 -0.05060117 -0.07783951]
 [-0.10022162 -0.12285383 -0.19705935 -0.19191619  0.09211635]]
U = [[ 0.1515441   0.0563308   0.21559469  0.38154319  0.00853777]
 [-0.31691881 -0.05235703  0.1682915   0.16354851  0.08486185]
 [ 0.03028226 -0.13449843 -0.10301643 -0.24824811  0.20012242]
 [ 0.27183649 -0.12697195  0.34437767  0.03685925 -0.13722428]
 [-0.16276048 -0.03401363 -0.2256282  -0.06185598  0.06384682]]
Matrix Pair 68; W = [[ 0.20800571 -0.01839221  0.05893472 -0.18710386  0.17227173]
 [-0.06977417 -0.37428929 -0.11846837  0.2165405  -0.16316428]
 [ 0.02477796 -0.01103487 -0.12656313  0.07735939  0.05245193]
 [-0.14317956  0.05485651  0.1797254  -0.04643856 -0.01769434]
 [-0.09555912 -0.1577474  -0.28166737 -0.18776878  0.10278107]]
U = [[ 0.18505642  0.03110905  0.27954271  0.31723185 -0.02352427]
 [-0.33861773 -0.03076536  0.10318879  0.14142069  0.11861761]
 [ 0.04947305 -0.11321843 -0.08856324 -0.19773499  0.1443898 ]
 [ 0.25657459 -0.07109982  0.29423777 -0.02857295 -0.14950336]
 [-0.13761997  0.0300445  -0.23389086 -0.10760139  0.08738405]]
Matrix Pair 69; W = [[ 0.27593693 -0.00483227  0.07363749 -0.10652195  0.16338061]
 [-0.04260517 -0.40816087 -0.05809002  0.25797705 -0.09898266]
 [-0.05334644 -0.07522874 -0.0961964   0.10380112  0.03687985]
 [-0.0809613   0.01058317  0.17807927 -0.01335089 -0.05346988]
 [-0.08380607 -0.13857668 -0.23881579 -0.17253771  0.08559004]]
U = [[ 0.15726685  0.03332577  0.21075507  0.40167388 -0.06335893]
 [-0.3286455  -0.00725169  0.19129443  0.18031342  0.06964281]
 [ 0.04171132 -0.15561396 -0.0870628  -0.27871925  0.20445603]
 [ 0.24608243 -0.05963797  0.3266253   0.03665376 -0.1719288 ]
 [-0.15494922 -0.00090344 -0.15184868 -0.10514934  0.0860786 ]]
Matrix Pair 70; W = [[ 0.23409995 -0.07296155  0.08527718 -0.11942385  0.142017  ]
 [-0.09701779 -0.38016807 -0.06714256  0.24989605 -0.14035406]
 [-0.02152671 -0.07835086 -0.05467178  0.09755078  0.05844093]
 [-0.09984376  0.04163599  0.11536284 -0.01411761  0.00148961]
 [-0.03954651 -0.16679815 -0.191284   -0.21132335  0.09786115]]
U = [[ 0.19467831  0.03549887  0.24399769  0.38187088 -0.0726252 ]
 [-0.33401693  0.00204953  0.15484044  0.0963627   0.03482946]
 [ 0.04394744 -0.10877042 -0.14639932 -0.22762876  0.18013077]
 [ 0.28094779 -0.13706916  0.31447185  0.00115272 -0.1205974 ]
 [-0.11186737 -0.03106713 -0.18651608 -0.06950811  0.06120028]]
Matrix Pair 71; W = [[ 0.25538932 -0.06827625  0.04156212 -0.15360209  0.15621919]
 [-0.00443878 -0.37960402 -0.12919364  0.22783988 -0.16481234]
 [ 0.01602707 -0.04070664 -0.10180397  0.12668034  0.04840912]
 [-0.13168171  0.08458307  0.17854651 -0.01644768 -0.00414493]
 [-0.05577724 -0.16499901 -0.22629127 -0.17063919  0.06059279]]
U = [[ 0.22515136  0.07913736  0.2529284   0.31591758 -0.01804698]
 [-0.3608535   0.020002    0.10137577  0.17428875  0.06412584]
 [ 0.10847564 -0.1702656  -0.07402308 -0.19596789  0.18895977]
 [ 0.26554005 -0.08798031  0.29098418  0.04263316 -0.10890815]
 [-0.11023683  0.00515493 -0.14810147 -0.10578214  0.08032118]]
Matrix Pair 72; W = [[ 0.22682535 -0.05917534  0.10905466 -0.11080065  0.15542791]
 [-0.05819943 -0.43992674 -0.11130736  0.2209816  -0.12631291]
 [-0.04778192  0.00181999 -0.04112617  0.11549426 -0.02482942]
 [-0.08642279  0.00553437  0.16129045 -0.01062305 -0.00359286]
 [-0.04557375 -0.16227805 -0.22111688 -0.19575015  0.07895659]]
U = [[ 0.15962242  0.00811295  0.23561475  0.36268999 -0.06704961]
 [-0.39770331 -0.07018231  0.09816374  0.09759685  0.07862122]
 [ 0.10394977 -0.11403998 -0.08045837 -0.19605676  0.20696772]
 [ 0.22601578 -0.05429689  0.29882344 -0.03369574 -0.12842569]
 [-0.12698208 -0.01230064 -0.21123855 -0.07479614  0.0227702 ]]
Matrix Pair 73; W = [[ 0.24673117  0.00415688  0.03096111 -0.1392405   0.18942069]
 [-0.08002979 -0.43122684 -0.06891134  0.27167523 -0.13192757]
 [-0.00926856 -0.00358713 -0.11355332  0.10050516  0.00584174]
 [-0.13584264  0.08462666  0.11261174  0.01098575 -0.06317968]
 [-0.03057545 -0.09318573 -0.24950852 -0.15733464  0.03570607]]
U = [[ 0.15614449  0.0419493   0.19587012  0.30961657 -0.06410779]
 [-0.37563589  0.01853741  0.14230083  0.09246873  0.04354145]
 [ 0.11243878 -0.12020946 -0.11055329 -0.25609877  0.20170336]
 [ 0.24704455 -0.12854155  0.34257939 -0.02280965 -0.13065395]
 [-0.11713556  0.01434203 -0.15589112 -0.08448871  0.02044954]]
Matrix Pair 74; W = [[ 0.26808381  0.00603453  0.08085019 -0.09912341  0.15035398]
 [ 0.00082895 -0.45233916 -0.11418861  0.29011719 -0.11024254]
 [ 0.01851425 -0.0490789  -0.05687336  0.03325444 -0.00050626]
 [-0.08074623  0.06322076  0.13504909 -0.05818032 -0.08363895]
 [-0.02675164 -0.18149776 -0.26027246 -0.18394883  0.04990164]]
U = [[ 0.19399085  0.06545088  0.26227115  0.36789075 -0.0373393 ]
 [-0.33644041 -0.00514507  0.13135598  0.08849814  0.04541337]
 [ 0.0796465  -0.16041636 -0.14249939 -0.22233454  0.15491603]
 [ 0.22572888 -0.13271666  0.30274479  0.05487877 -0.15745895]
 [-0.15302066 -0.02791304 -0.14723621 -0.09972502  0.10966892]]
Matrix Pair 75; W = [[ 0.23399305  0.01155277  0.10336626 -0.10016527  0.17605399]
 [-0.08795495 -0.41318153 -0.0871653   0.2229745  -0.14049032]
 [-0.0087778  -0.00831558 -0.07396762  0.12116241  0.04528925]
 [-0.13597773  0.06957061  0.16263644 -0.04566455  0.00642442]
 [-0.03928536 -0.11126203 -0.26214048 -0.19424729  0.10560416]]
U = [[ 0.23329242  0.09417317  0.2709022   0.36253579 -0.07368497]
 [-0.31729605  0.01447115  0.15290223  0.13044699  0.05343451]
 [ 0.02744108 -0.12190703 -0.09888035 -0.28017051  0.22411109]
 [ 0.19856662 -0.13049737  0.33806565  0.04787422 -0.17185364]
 [-0.17027683 -0.04397337 -0.15443289 -0.02349323  0.01215772]]
Matrix Pair 76; W = [[ 0.241567   -0.02518405  0.09900017 -0.18035416  0.18936676]
 [-0.08692901 -0.40889118 -0.10122482  0.24024817 -0.17095109]
 [-0.05714317 -0.02948193 -0.07635801  0.11920204  0.03427538]
 [-0.13560022  0.0492701   0.17916209 -0.03091389 -0.00154621]
 [-0.03847608 -0.09613326 -0.23656123 -0.17571775  0.09396999]]
U = [[ 0.16987753  0.07453904  0.21557693  0.3800345   0.00641555]
 [-0.36818671 -0.01872156  0.13780361  0.17355269  0.05093213]
 [ 0.12035772 -0.1394508  -0.11873119 -0.23111779  0.23175933]
 [ 0.2635376  -0.13085266  0.34853074  0.06021586 -0.12958948]
 [-0.16499872  0.00676637 -0.23156607 -0.08420031  0.0642957 ]]
Matrix Pair 77; W = [[ 0.20973167 -0.03733829  0.10202935 -0.18790521  0.13561493]
 [-0.03987031 -0.43594727 -0.07347022  0.25665272 -0.15967672]
 [ 0.00868223 -0.00366651 -0.11785641  0.09504213  0.03228888]
 [-0.08690108 -0.0039638   0.17889718  0.01599798 -0.03991233]
 [-0.05760179 -0.16326983 -0.2615598  -0.13094563  0.02166335]]
U = [[ 0.22897351  0.07091011  0.21892402  0.35543558 -0.03857188]
 [-0.38398566 -0.03653387  0.11551114  0.17289624  0.04035815]
 [ 0.02611787 -0.13509122 -0.13559992 -0.23714822  0.17261353]
 [ 0.25498951 -0.1087735   0.31865713  0.03010418 -0.08453807]
 [-0.10453965 -0.00907109 -0.22684133 -0.04132971  0.03801936]]
Matrix Pair 78; W = [[ 0.21453677 -0.00165603  0.10928352 -0.16536929  0.14544596]
 [-0.00228939 -0.44321634 -0.10460572  0.20566982 -0.17326268]
 [-0.02824416 -0.05546933 -0.09345944  0.0983655   0.05853885]
 [-0.0943132   0.03275361  0.12264023  0.01664798 -0.05568524]
 [-0.09328601 -0.1039613  -0.20675644 -0.16510701  0.08374013]]
U = [[ 0.20345502  0.08251869  0.27144878  0.34458697 -0.07111297]
 [-0.31332268 -0.0741811   0.15567142  0.14347144  0.12262516]
 [ 0.06121111 -0.15795961 -0.09237511 -0.24969013  0.17056189]
 [ 0.20471879 -0.14363445  0.34453676  0.0104845  -0.09340494]
 [-0.19559033 -0.00703249 -0.21075718 -0.02990042  0.06041706]]
Matrix Pair 79; W = [[ 2.15020184e-01 -5.37798232e-02  1.21065724e-01 -1.12099845e-01
   1.44489065e-01]
 [-9.27192730e-02 -4.05981833e-01 -7.38604766e-02  2.17842160e-01
  -1.36440967e-01]
 [-1.17232069e-02 -2.19076659e-02 -4.95608715e-02  1.07972677e-01
  -3.57689809e-05]
 [-6.55776703e-02  8.94092960e-02  1.09991504e-01 -2.01901098e-02
  -2.20726235e-02]
 [-5.82220110e-02 -1.26477262e-01 -2.77407475e-01 -1.26450879e-01
   6.91822170e-02]]
U = [[ 0.20937786  0.07554506  0.21915459  0.37614455 -0.01434291]
 [-0.39584948 -0.04993807  0.17091514  0.14781498  0.06252723]
 [ 0.11099022 -0.09724704 -0.12441289 -0.26556375  0.20076086]
 [ 0.19003033 -0.12710807  0.37668009  0.04887972 -0.15371782]
 [-0.16998293  0.01806736 -0.18225363 -0.06193673  0.09704861]]
Matrix Pair 80; W = [[ 0.24004767  0.00892765  0.10919389 -0.21884787  0.15192793]
 [ 0.01967466 -0.38777427 -0.06316226  0.22040111 -0.17585142]
 [ 0.0191531   0.02272225 -0.04096555  0.09807921  0.02256786]
 [-0.03366923  0.09950007  0.0767485  -0.05502498 -0.04597714]
 [-0.14591065 -0.10180901 -0.09834445 -0.21459679  0.05002066]]
U = [[ 0.0827557   0.05737801  0.28634294  0.37340489 -0.02265131]
 [-0.30983329 -0.0289476   0.08510196  0.11421186  0.04775427]
 [ 0.07618293 -0.08795899 -0.11856084 -0.11908275  0.18268747]
 [ 0.26374725 -0.05182421  0.28516459 -0.04012029 -0.24970092]
 [-0.13061261 -0.01435085 -0.2652467  -0.10222157  0.02564957]]
Matrix Pair 81; W = [[ 0.21297665  0.03037758  0.07015108 -0.22375551  0.17488023]
 [-0.06051134 -0.34989791 -0.10380194  0.23261252 -0.14252737]
 [ 0.00137984 -0.01420241 -0.0854711   0.10603857  0.04064712]
 [-0.05112405  0.15988462  0.10194938 -0.1339403   0.02495151]
 [-0.17601212 -0.10959425 -0.1855151  -0.19640979 -0.02085343]]
U = [[ 0.16682221  0.00992455  0.21438497  0.39998507  0.03567162]
 [-0.34943953 -0.0620422   0.12262023  0.06831495  0.13906148]
 [ 0.09575392 -0.1525217  -0.17665114 -0.1186369   0.17185818]
 [ 0.29068487 -0.02797021  0.29839307  0.03545405 -0.21363181]
 [-0.13738503 -0.02332989 -0.25820215 -0.03563804  0.04853114]]
Matrix Pair 82; W = [[ 0.24609179 -0.03320435  0.03537666 -0.20017928  0.12885136]
 [-0.00411515 -0.37894929 -0.04134808  0.21322614 -0.13940386]
 [ 0.02451544  0.05315805 -0.113402    0.06554942 -0.01544624]
 [-0.04925643  0.09776722  0.05650785 -0.12224888 -0.06151462]
 [-0.22637335 -0.1506126  -0.1524917  -0.17686416 -0.02313397]]
U = [[ 0.13510829  0.0755034   0.27781473  0.32239995 -0.03043671]
 [-0.40298495 -0.07362495  0.12752782  0.07303121  0.09372941]
 [ 0.0956255  -0.15654013 -0.10493544 -0.14688119  0.21344204]
 [ 0.25376551 -0.05831186  0.25752076 -0.01221823 -0.16401478]
 [-0.19204255 -0.0085015  -0.25794435 -0.0989686   0.05321678]]
Matrix Pair 83; W = [[ 0.20718482  0.01363553  0.11921194 -0.19058189  0.12241421]
 [-0.0611647  -0.4182444  -0.05536994  0.23193839 -0.21142247]
 [-0.02203447  0.01924284 -0.07288306  0.14290555  0.07269043]
 [-0.02821292  0.14280659  0.14340958 -0.1179569   0.02488037]
 [-0.16224328 -0.11144043 -0.13800266 -0.18567006  0.01696227]]
U = [[ 0.14616652  0.09864995  0.30397391  0.35112011 -0.0406795 ]
 [-0.36787019 -0.04225558  0.1295489   0.05529881  0.11989346]
 [ 0.05592954 -0.16986019 -0.16164264 -0.08351961  0.19178646]
 [ 0.26661463 -0.0628244   0.30067101  0.05370411 -0.22567164]
 [-0.17547118 -0.02694992 -0.29675447 -0.09505363  0.03499121]]
Matrix Pair 84; W = [[ 0.28825499 -0.03369746  0.11579675 -0.20348132  0.16635613]
 [-0.07027903 -0.33664022 -0.06815918  0.21777869 -0.20863349]
 [ 0.01330044  0.03728836 -0.03827544  0.10526572  0.05392986]
 [-0.10598722  0.08359355  0.13148464 -0.04553103 -0.03998704]
 [-0.21326217 -0.12775306 -0.16153731 -0.18230823 -0.00326256]]
U = [[ 0.15561308  0.06464772  0.21001469  0.34673573  0.01995483]
 [-0.38580961 -0.05034958  0.04976495  0.08291044  0.12836922]
 [ 0.09433107 -0.10265646 -0.15165082 -0.15475745  0.17658147]
 [ 0.2843637  -0.01749886  0.21437455 -0.00388453 -0.2261602 ]
 [-0.17702669 -0.05354463 -0.27548113 -0.04457355  0.04946819]]
Matrix Pair 85; W = [[ 0.22802457  0.01931789  0.0854032  -0.209724    0.18123771]
 [-0.06978965 -0.40708649 -0.11980904  0.1933957  -0.20140287]
 [-0.0566886   0.04460932 -0.07839365  0.07158015  0.05317233]
 [-0.11041576  0.07682671  0.08943229 -0.1301894  -0.02224835]
 [-0.15094297 -0.15214414 -0.14660563 -0.17877729  0.0215337 ]]
U = [[ 0.13449622  0.07115257  0.30617345  0.37034767 -0.00961813]
 [-0.30566831 -0.00340901  0.07725774  0.12082455  0.08905356]
 [ 0.11075367 -0.15009505 -0.15299118 -0.17571096  0.20973408]
 [ 0.2430762   0.01490094  0.24593722 -0.03060858 -0.19770327]
 [-0.21465172 -0.01323826 -0.31111046 -0.03031587  0.02712011]]
Matrix Pair 86; W = [[ 0.27489425  0.01862359  0.07157697 -0.15856638  0.15849087]
 [-0.06932668 -0.35197714 -0.08034056  0.16788213 -0.16277194]
 [-0.04730841  0.00039415 -0.12635599  0.13312651  0.01874856]
 [-0.05333059  0.09402468  0.0680449  -0.06956945  0.01618202]
 [-0.23596578 -0.08879524 -0.17331058 -0.23389392  0.00502473]]
U = [[ 8.12310870e-02  3.78860276e-02  2.55258565e-01  3.10800115e-01
   1.80246575e-02]
 [-3.26764685e-01 -1.47557560e-02  1.36462293e-01  1.34324991e-01
   9.23728927e-02]
 [ 1.40422422e-01 -1.10781161e-01 -1.47426258e-01 -1.23382995e-01
   1.62515236e-01]
 [ 2.15439818e-01 -2.00554393e-04  2.40292677e-01  1.07925324e-02
  -1.76558570e-01]
 [-1.84465281e-01 -3.58666848e-02 -2.56627430e-01 -9.16871872e-02
   4.07674073e-03]]
Matrix Pair 87; W = [[ 0.26002463 -0.00732923  0.09105401 -0.22419615  0.21128861]
 [-0.01554097 -0.37864146 -0.11929135  0.18281467 -0.2081843 ]
 [-0.05229173  0.01050583 -0.12332807  0.14154993  0.05346194]
 [-0.11347756  0.10108233  0.05185117 -0.09134766 -0.06467917]
 [-0.15433015 -0.14512752 -0.15808905 -0.15693448  0.06698366]]
U = [[ 1.70483673e-01  5.85429651e-02  2.19441148e-01  3.60187420e-01
  -3.08511835e-02]
 [-3.83079709e-01  5.68313141e-03  1.19927076e-01  1.32090892e-01
   9.80125302e-02]
 [ 1.27359170e-01 -1.25872812e-01 -1.55182532e-01 -1.61914340e-01
   1.96110722e-01]
 [ 2.37299166e-01 -1.05445760e-02  2.43409055e-01  3.42724606e-02
  -1.80011097e-01]
 [-2.07686147e-01 -3.47955843e-07 -2.42091231e-01 -1.21031418e-01
   1.37286991e-02]]
Matrix Pair 88; W = [[ 0.21462054 -0.01782296  0.11211556 -0.13527442  0.21661292]
 [-0.00596576 -0.4057182  -0.0708363   0.20326778 -0.20707665]
 [-0.0135033   0.05443339 -0.1073489   0.1364768   0.06704854]
 [-0.06276214  0.08456567  0.14014547 -0.05732237 -0.04676043]
 [-0.16794002 -0.14294346 -0.14224175 -0.21039207  0.01514246]]
U = [[ 0.12502763  0.01261414  0.30231604  0.35325648 -0.04262424]
 [-0.31004697 -0.03003109  0.06536569  0.05336201  0.1245039 ]
 [ 0.07910821 -0.08828689 -0.14650273 -0.09083767  0.21725114]
 [ 0.28497113 -0.02016334  0.27394442 -0.02021052 -0.24098518]
 [-0.22264885  0.01024711 -0.29948136 -0.07919107  0.02575087]]
Matrix Pair 89; W = [[ 0.21497524 -0.02352168  0.11436358 -0.14724738  0.21264482]
 [-0.06277591 -0.39027528 -0.06714551  0.23037638 -0.17252283]
 [-0.05524782  0.00781086 -0.07509269  0.07071901 -0.00213809]
 [-0.04884274  0.13100321  0.12362863 -0.11911466  0.01929842]
 [-0.14363631 -0.15921566 -0.09153458 -0.19129058  0.01192277]]
U = [[ 0.12189503  0.0060623   0.28858349  0.35975882  0.03275035]
 [-0.40398698  0.0004457   0.11266997  0.14946013  0.10815566]
 [ 0.09356307 -0.08608087 -0.17882167 -0.13604922  0.22743897]
 [ 0.20069454  0.01593427  0.24479324 -0.01207607 -0.18825563]
 [-0.20572194  0.01537363 -0.22674459 -0.03235134  0.05754675]]
Matrix Pair 90; W = [[ 0.19836864  0.03834087  0.07919867 -0.13634151  0.16398494]
 [-0.04400357 -0.36223703 -0.09047059  0.22711059 -0.13470123]
 [-0.04475623  0.05600112 -0.08510019  0.09883088  0.05040616]
 [-0.03321717  0.11977038  0.09447273 -0.07341928 -0.01930405]
 [-0.22009529 -0.10987682 -0.13192098 -0.1722946   0.00410226]]
U = [[ 0.08182522  0.06613111  0.26479927  0.32013066 -0.00847235]
 [-0.40077541 -0.07286676  0.13674975  0.10725636  0.04466124]
 [ 0.06343919 -0.18185782 -0.15498006 -0.11806791  0.12878365]
 [ 0.21648449 -0.02006971  0.22938607  0.01451388 -0.22972857]
 [-0.16339803 -0.03381243 -0.31083954 -0.09959822  0.06482325]]
Matrix Pair 91; W = [[ 0.2390425  -0.02295703  0.07818012 -0.22123681  0.19972611]
 [-0.0361051  -0.38472617 -0.09665933  0.22396231 -0.20614188]
 [ 0.01042932  0.0676446  -0.12848628  0.10717247  0.07598649]
 [-0.11776884  0.09455235  0.100073   -0.13513693 -0.04231404]
 [-0.17003162 -0.15801612 -0.1365797  -0.15988336 -0.02377767]]
U = [[ 0.10081165  0.02171726  0.25727299  0.31971147  0.00944022]
 [-0.39949609 -0.03899449  0.08531495  0.10994786  0.04740315]
 [ 0.10575349 -0.1346331  -0.18448916 -0.12796156  0.17588796]
 [ 0.26727695 -0.0441077   0.287687   -0.03341495 -0.1811382 ]
 [-0.17139981 -0.0352558  -0.23816254 -0.06292599  0.05398164]]
Matrix Pair 92; W = [[ 0.26228037  0.02815664  0.09560345 -0.17542912  0.21488317]
 [-0.0483486  -0.40180268 -0.04604414  0.17616923 -0.13190003]
 [-0.02010666  0.06153141 -0.08381205  0.13841382  0.07247433]
 [-0.03181949  0.11813421  0.09677387 -0.11802843 -0.00950167]
 [-0.14674268 -0.13321228 -0.15933686 -0.18587486  0.03996905]]
U = [[ 0.11783841  0.01329372  0.25434766  0.37477084  0.02855621]
 [-0.37221145  0.00182762  0.08543198  0.05947321  0.11805177]
 [ 0.13952636 -0.10970122 -0.15422818 -0.12532857  0.19464911]
 [ 0.27441185 -0.02735212  0.24938442  0.05508348 -0.23364185]
 [-0.13502279 -0.02197915 -0.25499216 -0.03801539  0.06343221]]
Matrix Pair 93; W = [[ 0.20994647  0.01524867  0.05280818 -0.17733562  0.11923036]
 [-0.05009384 -0.34547871 -0.10342408  0.20194011 -0.18581902]
 [-0.04364389  0.03787157 -0.04060655  0.12347246  0.04698854]
 [-0.08441288  0.07367405  0.12868714 -0.05119197  0.02759276]
 [-0.23132616 -0.13825043 -0.13247928 -0.18799953  0.00536361]]
U = [[ 0.09838505  0.03888133  0.26125415  0.32624783 -0.03513368]
 [-0.38297394 -0.04684567  0.13346018  0.12510409  0.0996568 ]
 [ 0.11113141 -0.11919232 -0.11947766 -0.09288899  0.14882929]
 [ 0.22282375  0.02523777  0.22511911  0.01231533 -0.26271673]
 [-0.2140827  -0.0554573  -0.22520059 -0.08951895  0.06015983]]
Matrix Pair 94; W = [[ 0.19311673  0.0334518   0.11613937 -0.1648538   0.13969246]
 [ 0.0246707  -0.39980256 -0.04034845  0.17596646 -0.19686357]
 [-0.03976378  0.03899268 -0.04400125  0.14313179  0.01785248]
 [-0.02516216  0.11540748  0.0462904  -0.09332574 -0.01895974]
 [-0.17442925 -0.11404994 -0.15318296 -0.22596594  0.01180189]]
U = [[ 0.17624464  0.01449529  0.29497859  0.38113042 -0.0302868 ]
 [-0.39204039 -0.00415962  0.12812627  0.1402064   0.12244167]
 [ 0.11521466 -0.16642916 -0.09035105 -0.17849124  0.17548739]
 [ 0.25775872 -0.01714621  0.20306574  0.01134349 -0.24933961]
 [-0.13174436  0.00625051 -0.24946544 -0.0531875   0.02698468]]
Matrix Pair 95; W = [[ 0.21550015  0.0155856   0.07724412 -0.21057289  0.17479987]
 [-0.05912023 -0.39912939 -0.11112839  0.22663217 -0.17313078]
 [-0.03541105  0.05357443 -0.07124783  0.04878216  0.06843175]
 [-0.09918149  0.13557814  0.13619881 -0.08791533 -0.03167554]
 [-0.22322001 -0.09500115 -0.18587137 -0.13773443 -0.00346615]]
U = [[ 1.19586531e-01  2.52919079e-02  2.67930670e-01  3.51950761e-01
   2.22061672e-04]
 [-3.66659823e-01 -4.17179844e-02  1.35350381e-01  7.48377867e-02
   1.22851591e-01]
 [ 9.93364814e-02 -1.02364570e-01 -1.54297699e-01 -8.17257308e-02
   1.29370009e-01]
 [ 2.54478466e-01 -5.61105363e-02  2.64914215e-01 -5.14699664e-03
  -2.52843228e-01]
 [-2.04950062e-01 -5.31340272e-02 -2.52888573e-01 -7.85354594e-02
   1.13921823e-02]]
Matrix Pair 96; W = [[ 0.32401145 -0.05809025  0.08419356 -0.1072972   0.1685345 ]
 [-0.0529002  -0.32828536 -0.07029026  0.13420686 -0.0842279 ]
 [-0.06376004  0.02978408 -0.03700194  0.10013903  0.04520133]
 [-0.00778961  0.05479141  0.15230252 -0.09876903 -0.05756457]
 [-0.04351167 -0.07993847 -0.1352542  -0.07772747  0.01388949]]
U = [[ 0.10608791  0.10886487  0.19531342  0.41351519 -0.03500367]
 [-0.42929304 -0.0561767   0.12663811  0.10218914  0.07580986]
 [ 0.09254991 -0.07955358 -0.13963553 -0.12480388  0.14420775]
 [ 0.23597927 -0.01718085  0.32741931  0.0447967  -0.21226704]
 [-0.10861778  0.0097139  -0.24797418 -0.01985205  0.01397948]]
Matrix Pair 97; W = [[ 0.31590856 -0.00969347  0.08779109 -0.14285608  0.1548896 ]
 [-0.06395848 -0.34729232 -0.09546429  0.22744207 -0.09434486]
 [-0.06090682 -0.03068223 -0.06127459  0.0471576  -0.00479891]
 [-0.08388575 -0.0185334   0.16936702 -0.03159129 -0.10639803]
 [-0.1144317  -0.11272571 -0.16516047 -0.09799455  0.06637104]]
U = [[ 0.13185729  0.12025896  0.21263176  0.39209646 -0.02508042]
 [-0.37556953 -0.12486821  0.09549557  0.11273976  0.08450255]
 [ 0.08741711 -0.11725728 -0.14004265 -0.09935464  0.11315785]
 [ 0.31688926 -0.08967793  0.28864356 -0.00190182 -0.21740169]
 [-0.1370665  -0.01782881 -0.21570828 -0.07178939  0.0359649 ]]
Matrix Pair 98; W = [[ 0.32316452 -0.0370697   0.04896334 -0.16505753  0.17452134]
 [-0.10193067 -0.31531901 -0.05034549  0.15496867 -0.09410457]
 [-0.08749812 -0.02072802 -0.0930832   0.03561341  0.03628781]
 [-0.03879626  0.05194692  0.19142792 -0.04894302 -0.0275137 ]
 [-0.07091945 -0.07896086 -0.18561732 -0.16846516  0.06150226]]
U = [[ 0.15783601  0.09502978  0.26131377  0.43756227  0.03008539]
 [-0.43126292 -0.09057316  0.11636017  0.13137396  0.11917846]
 [ 0.04372698 -0.08069756 -0.08809541 -0.14001277  0.12884324]
 [ 0.25305496 -0.02870944  0.34146174 -0.01945816 -0.20220946]
 [-0.12506408  0.01111822 -0.24725316 -0.10523326  0.01209993]]
Matrix Pair 99; W = [[ 0.26304098 -0.0376268   0.03972599 -0.10944435  0.11583658]
 [-0.10908828 -0.36062274 -0.13120199  0.20701553 -0.13655609]
 [-0.06567061  0.02165045 -0.0313747   0.11568003 -0.02097118]
 [-0.09109195  0.00613606  0.16806102 -0.01509721 -0.09629349]
 [-0.03990851 -0.09796504 -0.20328838 -0.13276527  0.03293218]]
U = [[ 0.17196879  0.08686332  0.19210241  0.47590492 -0.04077218]
 [-0.37891701 -0.09675471  0.09256382  0.13095326  0.13057448]
 [ 0.10030399 -0.07420384 -0.12334178 -0.19154108  0.18586508]
 [ 0.23044116 -0.06305417  0.29121941  0.01793894 -0.16231731]
 [-0.16557393 -0.01336099 -0.1949486  -0.0877142   0.04544251]]
Matrix Pair 100; W = [[ 0.26184614 -0.00646009  0.10082976 -0.10897029  0.18499305]
 [-0.09410817 -0.34358095 -0.10072004  0.22539746 -0.1420969 ]
 [-0.00404864 -0.01225095 -0.08299572  0.03677215  0.02814074]
 [-0.05543048  0.06045367  0.17144332 -0.01598585 -0.04801243]
 [-0.08456082 -0.09293018 -0.14280984 -0.08386356  0.03585457]]
U = [[ 0.12006429  0.05347334  0.20171613  0.47045698  0.00478755]
 [-0.35009105 -0.06859734  0.10135492  0.07388435  0.09183551]
 [ 0.10088224 -0.06735333 -0.13410096 -0.14823023  0.12227421]
 [ 0.24517256 -0.03168036  0.3846764   0.04859009 -0.22058608]
 [-0.16320914  0.03779189 -0.2628772  -0.00873755  0.02750428]]
Matrix Pair 101; W = [[ 0.29997736 -0.01842027  0.09434189 -0.12737083  0.13903008]
 [-0.04481258 -0.36939474 -0.04356197  0.18232244 -0.07674593]
 [-0.05851639  0.03804104 -0.05381491  0.02931175  0.01374402]
 [-0.08223261  0.02723762  0.15949086 -0.04039839 -0.02358431]
 [-0.11680804 -0.04362326 -0.15023081 -0.12327609  0.05060466]]
U = [[ 0.15157576  0.03189973  0.21091805  0.43743534  0.03447437]
 [-0.41835369 -0.1000287   0.11537721  0.12188878  0.11014619]
 [ 0.09608747 -0.10445106 -0.08800747 -0.14137228  0.15376479]
 [ 0.26577695 -0.06527498  0.33889821 -0.00474893 -0.19856396]
 [-0.12720543  0.0421208  -0.22970665 -0.06488518  0.01038318]]
Matrix Pair 102; W = [[ 0.32500105 -0.02939401  0.07458119 -0.13197731  0.17583447]
 [-0.03655114 -0.3791269  -0.0530008   0.1799086  -0.09284042]
 [-0.08352533  0.06450516 -0.00537784  0.09758104  0.00856394]
 [-0.09798237  0.04792945  0.09437512 -0.03906405 -0.04793929]
 [-0.07294552 -0.05503405 -0.19432699 -0.09456375  0.04570403]]
U = [[ 0.17602402  0.06565273  0.20119134  0.45729745 -0.05234174]
 [-0.37042696 -0.11537813  0.10811126  0.13219722  0.09159162]
 [ 0.07640144 -0.09576733 -0.09244966 -0.09544962  0.13209748]
 [ 0.23515157 -0.05818355  0.305112   -0.03427252 -0.23264481]
 [-0.12095682 -0.04362819 -0.25096517 -0.040804    0.0023488 ]]
Matrix Pair 103; W = [[ 0.27513646 -0.07825643  0.0265769  -0.17644644  0.11261386]
 [-0.03422552 -0.339719   -0.10102286  0.14338874 -0.09655282]
 [-0.082048    0.03699723 -0.08033819  0.07731943  0.02017498]
 [-0.04211862  0.05295594  0.12755341 -0.07509298 -0.03500466]
 [-0.04591787 -0.02636657 -0.19672641 -0.10718499  0.08235456]]
U = [[ 0.14054853  0.04518635  0.20877435  0.45283056 -0.04673969]
 [-0.36751113 -0.03217105  0.05904403  0.11643146  0.14911108]
 [ 0.03835916 -0.06268307 -0.1744315  -0.15748624  0.14901609]
 [ 0.26094527 -0.05034469  0.34834329  0.01286154 -0.22736382]
 [-0.14083036 -0.01780821 -0.19928743 -0.05226048  0.03336359]]
Matrix Pair 104; W = [[ 0.24444285 -0.03133406  0.0593389  -0.16513903  0.16504679]
 [-0.01431211 -0.31033912 -0.11444906  0.19211003 -0.08765178]
 [-0.02950668  0.02065014 -0.01464492  0.11078753  0.03763878]
 [-0.08178732  0.00673222  0.15553717 -0.03520833 -0.10915192]
 [-0.08386525 -0.07270187 -0.17067077 -0.08258344  0.01998536]]
U = [[ 0.19139249  0.03840033  0.27524016  0.38743463  0.0197534 ]
 [-0.41186281 -0.12482397  0.07496209  0.06739697  0.07812378]
 [ 0.08116703 -0.12411556 -0.12803413 -0.18116309  0.19485504]
 [ 0.28477355 -0.09899328  0.31667357  0.01996038 -0.242068  ]
 [-0.16812086 -0.02212872 -0.24535672 -0.00884427 -0.02613746]]
Matrix Pair 105; W = [[ 2.59697532e-01  2.94270339e-04  9.54505491e-02 -1.34954873e-01
   1.93380199e-01]
 [-9.57407027e-02 -3.77985853e-01 -9.27246203e-02  2.12000898e-01
  -1.08421888e-01]
 [-9.56129776e-02  5.76294861e-02 -4.23047400e-02  9.27130047e-02
   6.08306418e-02]
 [-2.87896554e-02  4.40104760e-02  1.29697778e-01 -2.34275941e-02
  -2.12743960e-02]
 [-1.16855596e-01 -6.98814737e-02 -1.71087512e-01 -1.46259278e-01
   4.60937027e-02]]
U = [[ 1.00419926e-01  1.09309190e-01  1.91067969e-01  4.11452320e-01
   4.14751450e-02]
 [-3.73339776e-01 -1.03106375e-01  7.48134728e-02  1.43047789e-01
   9.73872450e-02]
 [ 2.24825490e-02 -9.47214008e-02 -1.74636286e-01 -1.23427331e-01
   1.03845904e-01]
 [ 2.54908809e-01 -3.64998853e-02  3.74441909e-01  4.60329161e-04
  -2.18138505e-01]
 [-1.05465013e-01 -1.43502398e-04 -2.62431201e-01 -4.17218130e-02
   3.81804938e-02]]
Matrix Pair 106; W = [[ 0.29654806 -0.07883555  0.04398775 -0.20697256  0.12612828]
 [-0.0802241  -0.37023744 -0.04888093  0.20717823 -0.11737087]
 [-0.05459081 -0.03003923 -0.03652255  0.08246019 -0.02463771]
 [-0.0945787   0.02464465  0.15015301 -0.10507055 -0.03739823]
 [-0.04374273 -0.04555827 -0.17689822 -0.09018094  0.06600149]]
U = [[ 0.16758611  0.11015836  0.18558864  0.45330655 -0.05123898]
 [-0.43125847 -0.12504532  0.08125694  0.08359081  0.10417305]
 [ 0.03922858 -0.05912216 -0.17493191 -0.1697516   0.17390877]
 [ 0.30598186 -0.08737578  0.31660325 -0.02604913 -0.21572094]
 [-0.11623823 -0.01081853 -0.28678111 -0.02115115  0.01106787]]
Matrix Pair 107; W = [[ 0.27347893 -0.02665476  0.1196087  -0.19947663  0.09589132]
 [-0.02761955 -0.33245905 -0.09656056  0.14781627 -0.16164864]
 [-0.08704984 -0.00667862 -0.03480011  0.11513087  0.05354963]
 [-0.06376558 -0.01842733  0.18069343 -0.10890822 -0.05765372]
 [-0.04448452 -0.02445336 -0.21675663 -0.16638393  0.05007808]]
U = [[ 0.13981922  0.037054    0.27164857  0.38571454  0.01289802]
 [-0.40167141 -0.0514592   0.12900466  0.13717082  0.15942743]
 [ 0.01820753 -0.13124848 -0.14635431 -0.11532162  0.10078507]
 [ 0.22007533 -0.03062317  0.36603399 -0.04312994 -0.18947473]
 [-0.0868759   0.02452596 -0.26526937 -0.05552864 -0.03360959]]
Matrix Pair 108; W = [[ 0.32335975  0.0054873   0.06539394 -0.16908306  0.1204189 ]
 [-0.05161408 -0.32351047 -0.10355799  0.17511603 -0.09055232]
 [-0.03613823  0.0135153  -0.0526937   0.02808663 -0.03060939]
 [-0.01141735 -0.02015439  0.13221517 -0.03191789 -0.11277052]
 [-0.05317769 -0.06098705 -0.15559297 -0.08221702  0.05978205]]
U = [[ 0.18822208  0.07587624  0.23734209  0.38919141 -0.05391793]
 [-0.43265673 -0.04081827  0.04165553  0.1199765   0.14135799]
 [ 0.06727373 -0.08255919 -0.15890039 -0.16824668  0.14084438]
 [ 0.2995257  -0.08997872  0.31272803  0.0470112  -0.24053694]
 [-0.10010962  0.00653211 -0.23465975 -0.06510391 -0.01534716]]
Matrix Pair 109; W = [[ 0.24386868 -0.05192824  0.06765278 -0.19237893  0.19354747]
 [-0.09000862 -0.37484832 -0.12632678  0.16383111 -0.11085793]
 [-0.03870503  0.00573673 -0.09557631  0.04765985  0.04558368]
 [-0.06315607  0.01149003  0.13597027 -0.03816252 -0.10869844]
 [-0.11821892 -0.10841598 -0.20976081 -0.10471684  0.02650354]]
U = [[ 0.1830137   0.10480346  0.20415994  0.41110607  0.00634741]
 [-0.44746118 -0.04557424  0.0699084   0.06349339  0.08913958]
 [ 0.01795824 -0.13818882 -0.1687211  -0.10921028  0.10692503]
 [ 0.24549777 -0.06177028  0.34304609 -0.03880317 -0.22364555]
 [-0.11869954  0.00944379 -0.21964606 -0.07301654  0.02443863]]
Matrix Pair 110; W = [[ 0.26011713 -0.02047719  0.03109363 -0.15528621  0.14191806]
 [-0.0349432  -0.3140671  -0.0940294   0.13541807 -0.1403801 ]
 [-0.09895781  0.03623589 -0.00975929  0.03406239  0.00105256]
 [-0.03921386  0.05941258  0.10928554 -0.10827324 -0.05561325]
 [-0.08911765 -0.08958094 -0.18009691 -0.09887866  0.08951153]]
U = [[ 0.14680041  0.09669114  0.24397794  0.47666485 -0.05447608]
 [-0.36635903 -0.08741235  0.06114664  0.0941823   0.15958265]
 [ 0.07657993 -0.10833577 -0.13618829 -0.16652739  0.17253032]
 [ 0.27048517 -0.04174986  0.32331311 -0.00194084 -0.15552924]
 [-0.09753558 -0.04214573 -0.22605407 -0.07445018  0.01019658]]
Matrix Pair 111; W = [[ 0.32396778  0.0073602   0.05576321 -0.17504477  0.18479207]
 [-0.10052027 -0.31497583 -0.04651407  0.18966864 -0.12008134]
 [-0.02199989  0.03291662 -0.09706448  0.0603941   0.02760452]
 [-0.01244392  0.03003127  0.18936803 -0.05685861 -0.09667131]
 [-0.0474997  -0.08816814 -0.12090597 -0.12001011  0.06739146]]
U = [[ 0.16417252  0.07071046  0.28369791  0.45693753 -0.04464199]
 [-0.42253239 -0.06924965  0.0822382   0.09122325  0.16267642]
 [ 0.05915139 -0.10766761 -0.13561641 -0.16158357  0.12752916]
 [ 0.30448431 -0.01779961  0.36012464  0.04833561 -0.22087877]
 [-0.11494195 -0.05317401 -0.2373653  -0.01172016 -0.01402333]]
Matrix Pair 112; W = [[ 0.31684189 -0.04535747  0.06804394 -0.10316516  0.16656766]
 [-0.01936581 -0.37686124 -0.06568016  0.19499301 -0.21437641]
 [-0.0903124   0.06469093 -0.08971398  0.08719874 -0.02966889]
 [ 0.00794024  0.14510433  0.12650064 -0.07194149  0.00882   ]
 [-0.09999434 -0.02081704 -0.26172621 -0.26549197  0.02205781]]
U = [[ 0.08110126  0.04555301  0.28728862  0.38974776 -0.01577029]
 [-0.34562484 -0.08775748  0.05946856  0.06289649  0.13267049]
 [ 0.03782241 -0.06708594 -0.2189404  -0.17330577  0.24924567]
 [ 0.20974249 -0.0326545   0.30189677 -0.02442559 -0.25845877]
 [-0.20395435 -0.07712633 -0.23638013 -0.09094691  0.08165046]]
Matrix Pair 113; W = [[ 0.33916305 -0.0205376   0.07667204 -0.18170547  0.15271116]
 [-0.03938852 -0.34780913 -0.0575327   0.25874596 -0.16256139]
 [-0.07891408  0.0517861  -0.07849346  0.14345969 -0.03451763]
 [-0.03195202  0.16852604  0.10430554 -0.06948507  0.01074704]
 [-0.07035355 -0.08577155 -0.26055925 -0.25843369 -0.02948435]]
U = [[ 0.12915284 -0.00418211  0.24902913  0.33930891 -0.06186847]
 [-0.28685539 -0.07131222  0.10825527  0.10240609  0.1289598 ]
 [ 0.05321844 -0.14407748 -0.20494706 -0.15371157  0.26843863]
 [ 0.24959579 -0.00912129  0.29049616  0.05003832 -0.18233666]
 [-0.17436373 -0.0034491  -0.25640513 -0.09356559  0.0069457 ]]
Matrix Pair 114; W = [[ 0.27614126 -0.02381599  0.07896627 -0.16231546  0.12673062]
 [-0.06628752 -0.33505939 -0.01964141  0.21815773 -0.14154961]
 [-0.12849439  0.03298645 -0.06097728  0.0938533  -0.02199746]
 [-0.08327811  0.10766261  0.0930871  -0.09716528 -0.05288253]
 [-0.07402995 -0.10661229 -0.19663761 -0.24188153 -0.01278815]]
U = [[ 0.12620341  0.02373224  0.27891876  0.30980134 -0.02014226]
 [-0.3347438  -0.08872595  0.07211703  0.13311457  0.13522728]
 [ 0.11510151 -0.11485765 -0.21974571 -0.19227783  0.21271195]
 [ 0.23953825 -0.00485636  0.30366517 -0.0224689  -0.22360644]
 [-0.19610319 -0.0324386  -0.29415325 -0.06056418  0.06526295]]
Matrix Pair 115; W = [[ 0.29117689 -0.03743336 -0.00373098 -0.12875077  0.13776596]
 [-0.02967866 -0.29877826  0.00037619  0.20216741 -0.13930807]
 [-0.07358353  0.06797754 -0.06275101  0.07187019 -0.04631472]
 [ 0.01075499  0.16721444  0.15591621 -0.12977329 -0.03732963]
 [-0.13457267 -0.10558212 -0.22493    -0.26853243 -0.00249512]]
U = [[ 0.08443433  0.00986197  0.19869852  0.30470296 -0.02932904]
 [-0.28683898 -0.09292334  0.08808471  0.0859897   0.04047558]
 [ 0.03029912 -0.1134733  -0.16893856 -0.15726991  0.17290005]
 [ 0.29684667  0.03003549  0.24626162  0.03664007 -0.2780136 ]
 [-0.17777813 -0.06975991 -0.292859   -0.11299756  0.00309164]]
Matrix Pair 116; W = [[ 0.26067053  0.01390379  0.051041   -0.15847219  0.21517316]
 [-0.02879213 -0.31509541 -0.01154881  0.21547046 -0.14764862]
 [-0.04651026  0.08055524 -0.10814368  0.06563881 -0.04321211]
 [-0.00481345  0.09872904  0.09568865 -0.08426864  0.01165046]
 [-0.11894655 -0.06084662 -0.22787945 -0.25757756  0.00822271]]
U = [[ 0.06246078  0.08505783  0.21238675  0.34866682 -0.069329  ]
 [-0.34726071 -0.08825229  0.09449231  0.07976837  0.10609942]
 [ 0.06522087 -0.13856591 -0.23485739 -0.22902379  0.22532731]
 [ 0.30096773 -0.05165813  0.24035039 -0.01770458 -0.21005589]
 [-0.13457501 -0.05900006 -0.23688701 -0.04642248 -0.00310851]]
Matrix Pair 117; W = [[ 3.51789783e-01 -6.60685699e-05  2.63715998e-02 -1.60061017e-01
   2.13548115e-01]
 [-4.11045449e-02 -3.15633365e-01 -2.88786358e-02  2.46468718e-01
  -1.57097657e-01]
 [-7.20359761e-02  7.20787208e-02 -6.82813604e-02  7.63540937e-02
  -2.69640691e-02]
 [-3.76329954e-02  1.60799576e-01  1.27053415e-01 -1.12223843e-01
  -8.66104487e-03]
 [-8.67128096e-02 -2.99477427e-02 -1.92678989e-01 -2.02188729e-01
   1.21643989e-02]]
U = [[ 0.10896909  0.0859542   0.2438837   0.39164711 -0.01346952]
 [-0.33083932 -0.05376221  0.07806568  0.0548888   0.08933813]
 [ 0.06186271 -0.13658486 -0.18162633 -0.17939033  0.22040687]
 [ 0.2851573  -0.03022286  0.25956788  0.04259836 -0.25978421]
 [-0.14455513 -0.04171602 -0.29352793 -0.09262719 -0.00786606]]
Matrix Pair 118; W = [[ 0.35098965 -0.05441167 -0.01117946 -0.1150368   0.14449336]
 [-0.07013787 -0.379827   -0.08747845  0.25867668 -0.14068843]
 [-0.09898411  0.08733473 -0.12011264  0.07131834 -0.01931792]
 [-0.07260963  0.10119343  0.06782502 -0.07478183  0.00570136]
 [-0.14628086 -0.10077102 -0.21197799 -0.17888541  0.05976246]]
U = [[ 0.07652935  0.03713426  0.27463635  0.34668148 -0.08187329]
 [-0.28984903 -0.09629629  0.09999512  0.10559089  0.06519323]
 [ 0.04385911 -0.08784745 -0.22606698 -0.15894069  0.25610875]
 [ 0.20524684 -0.00757435  0.32476377  0.00905191 -0.24089752]
 [-0.11239802 -0.0288168  -0.20662109 -0.11794175 -0.0079366 ]]
Matrix Pair 119; W = [[ 0.3046937  -0.00761576  0.05497651 -0.11297831  0.15978211]
 [-0.0172107  -0.38883601 -0.04839826  0.24461294 -0.21585481]
 [-0.04611972  0.08141542 -0.04725484  0.13470503 -0.03398572]
 [-0.074509    0.14165336  0.16343996 -0.09959016 -0.0642256 ]
 [-0.12701627 -0.09791687 -0.26034157 -0.22178239  0.00103728]]
U = [[ 0.14181025  0.06810841  0.24945481  0.30246284 -0.02463383]
 [-0.29380808 -0.09776907  0.12861021  0.10619283  0.10677044]
 [ 0.02888616 -0.11803757 -0.2172489  -0.24369164  0.24920032]
 [ 0.24181386 -0.05606871  0.23374926 -0.00155449 -0.26808369]
 [-0.19228755 -0.08579245 -0.29775485 -0.08332276  0.04837907]]
Matrix Pair 120; W = [[ 0.26871384  0.02383339  0.00947559 -0.08970004  0.12185697]
 [-0.01363104 -0.35124726 -0.06134758  0.24367459 -0.1573065 ]
 [-0.06167999  0.05597081 -0.06526597  0.11880563 -0.01346001]
 [-0.00667842  0.13465369  0.10021879 -0.1131023  -0.06547645]
 [-0.13376298 -0.07191293 -0.16692026 -0.2107311  -0.01631471]]
U = [[ 0.09922639  0.00046504  0.29212894  0.3676771  -0.08377492]
 [-0.289173   -0.12187528  0.09173396  0.07893089  0.08381452]
 [ 0.08544839 -0.08570075 -0.17557281 -0.16707692  0.24634991]
 [ 0.28940211 -0.05705216  0.26532279  0.05208028 -0.2159419 ]
 [-0.12286264  0.00173189 -0.26313819 -0.0415983   0.07849021]]
Matrix Pair 121; W = [[ 0.31009853 -0.01241262 -0.017573   -0.10864944  0.13791668]
 [-0.09740956 -0.38241501 -0.03287155  0.20234328 -0.22461787]
 [-0.0785488   0.07526989 -0.04265622  0.07375282 -0.03319862]
 [-0.06131962  0.12775945  0.14368717 -0.0508261  -0.01360882]
 [-0.12451196 -0.03276244 -0.19368818 -0.18825365  0.01298185]]
U = [[ 0.15376001  0.09363757  0.28424879  0.36230903 -0.06175531]
 [-0.35450861 -0.12863214  0.09883029  0.13007084  0.10493489]
 [ 0.12016246 -0.09318762 -0.18530818 -0.15332679  0.23412425]
 [ 0.24045826  0.03130078  0.2911833   0.04925385 -0.27835375]
 [-0.16611332 -0.08244371 -0.27777198 -0.12818976  0.03569825]]
Matrix Pair 122; W = [[ 0.32315193 -0.00245459  0.07624202 -0.13777495  0.14882603]
 [-0.09768935 -0.30847788 -0.08605568  0.26197512 -0.22958477]
 [-0.03934714  0.09599398 -0.11465619  0.07332075  0.00092771]
 [-0.04740402  0.11797555  0.10754509 -0.0857802  -0.04937827]
 [-0.1375131  -0.04102808 -0.20424839 -0.22112983 -0.01466318]]
U = [[ 0.13512821 -0.00377191  0.28852184  0.30000271 -0.0273289 ]
 [-0.29062645 -0.11827219  0.0366961   0.0544151   0.12648386]
 [ 0.06191052 -0.12078779 -0.2015122  -0.1775744   0.1886875 ]
 [ 0.27679187 -0.02836202  0.29446011  0.04692849 -0.19481099]
 [-0.16525582 -0.07423159 -0.23381741 -0.12584329 -0.00188929]]
Matrix Pair 123; W = [[ 0.29929551  0.02465101 -0.0168367  -0.14214425  0.18423722]
 [-0.01563555 -0.37354268 -0.09361778  0.26195186 -0.20072202]
 [-0.08323287  0.07140357 -0.13574115  0.14768988 -0.00373657]
 [-0.01739557  0.11514783  0.16401507 -0.08444217 -0.07277282]
 [-0.06776221 -0.06049172 -0.1823009  -0.19164601  0.01115853]]
U = [[ 0.14139601  0.05328218  0.25657122  0.32119863 -0.08788994]
 [-0.26591022 -0.04697635  0.0375453   0.0771325   0.03801072]
 [ 0.05871907 -0.1245436  -0.2045043  -0.24379589  0.19482948]
 [ 0.29191178 -0.03861647  0.24701726  0.06206142 -0.24515247]
 [-0.16516111 -0.07055002 -0.26679167 -0.10865807  0.01281132]]
Matrix Pair 124; W = [[ 0.31378145  0.01496264  0.04998071 -0.15771578  0.11828565]
 [-0.03999137 -0.35648307 -0.00557447  0.18034145 -0.20355303]
 [-0.06813251  0.02742205 -0.05787779  0.10534209  0.00095126]
 [-0.0751906   0.14588737  0.10623895 -0.0591066  -0.00225008]
 [-0.09637478 -0.06353048 -0.21095605 -0.24679847  0.04906043]]
U = [[ 0.11828956  0.07074104  0.26160777  0.30315515 -0.08972093]
 [-0.36435848 -0.08341006  0.0882081   0.06234708  0.10997675]
 [ 0.07800546 -0.10008711 -0.245464   -0.19772545  0.21028561]
 [ 0.25520165 -0.0129434   0.26597814 -0.00085265 -0.18854951]
 [-0.12007796  0.00073914 -0.25174062 -0.06433171  0.07347608]]
Matrix Pair 125; W = [[ 0.35175497 -0.02041167  0.01489162 -0.1327494   0.1615889 ]
 [-0.07224805 -0.34716954 -0.01799579  0.20354582 -0.22753786]
 [-0.07772651  0.07126965 -0.03970869  0.10888011 -0.01502388]
 [-0.00583083  0.17116918  0.1349894  -0.13022235 -0.02754659]
 [-0.15453513 -0.07467197 -0.22720671 -0.22876099  0.02768763]]
U = [[ 0.12042457 -0.00117817  0.26564823  0.36546882 -0.01388803]
 [-0.30473419 -0.06129893  0.09117497  0.04754374  0.04588621]
 [ 0.05524881 -0.06051684 -0.20185281 -0.21600617  0.17812114]
 [ 0.26063021 -0.05388521  0.24908714  0.05222786 -0.26279746]
 [-0.11028285 -0.06545581 -0.20430512 -0.0729227   0.06792187]]
Matrix Pair 126; W = [[ 0.32378524 -0.03729694  0.07289961 -0.1254839   0.12568543]
 [-0.05581767 -0.33669771 -0.07616714  0.25177204 -0.20819794]
 [-0.1262347   0.0730781  -0.13029429  0.13648975 -0.0088651 ]
 [-0.02774354  0.16304283  0.12037871 -0.11296625 -0.06079363]
 [-0.12509429 -0.05697657 -0.25631495 -0.21585772 -0.00431446]]
U = [[ 0.09867934  0.04490224  0.28103311  0.29619    -0.07052837]
 [-0.35057589 -0.05350342  0.10452701  0.08116776  0.0742431 ]
 [ 0.0840312  -0.08570624 -0.24793489 -0.15541987  0.17985838]
 [ 0.22576579 -0.0513735   0.31106152  0.02654422 -0.21846628]
 [-0.18837891 -0.03240569 -0.2523202  -0.10357659  0.08284597]]
Matrix Pair 127; W = [[ 0.30237033 -0.0441835   0.05418055 -0.12813865  0.19708771]
 [-0.02922076 -0.3900746  -0.08480186  0.24534092 -0.18007323]
 [-0.03190342  0.01925022 -0.071456    0.06395182  0.05271542]
 [-0.02021295  0.12015707  0.08047104 -0.0892067   0.01626063]
 [-0.08229722 -0.07784487 -0.21987808 -0.24028986  0.02123826]]
U = [[ 0.15615981  0.0379629   0.22171284  0.35689593 -0.04837509]
 [-0.28160426 -0.09331961  0.04842503  0.12264576  0.09441255]
 [ 0.10859811 -0.15010571 -0.21119845 -0.16653965  0.24282801]
 [ 0.26304709  0.00247816  0.30515519 -0.01557483 -0.24463958]
 [-0.15744934 -0.05307694 -0.25100532 -0.04725574  0.08701324]]
