Epoch: 58Matrix Pair 0; W = [[ 0.21707334  0.07191027  0.17730788 -0.15162901  0.05323721]
 [-0.16521877 -0.35012371 -0.02367295  0.24601288 -0.09750187]
 [-0.07310624 -0.02838552 -0.1082238   0.07017058 -0.03457164]
 [-0.13206575  0.05209763  0.16540133 -0.07621063 -0.03374541]
 [-0.03313317 -0.10077115 -0.27575913 -0.23028331 -0.06125054]]
U = [[ 0.14791152  0.08313038  0.2197742   0.36410651 -0.02497595]
 [-0.32285849 -0.08230289  0.08847497  0.12824419  0.09532964]
 [ 0.08664338 -0.13720792 -0.13358651 -0.11587125  0.18123519]
 [ 0.28096966 -0.01671941  0.28923564 -0.15791617 -0.15712161]
 [-0.11415432  0.06996249 -0.33996448 -0.0014622   0.00936978]]
Matrix Pair 1; W = [[ 0.20852478  0.00776485  0.15517905 -0.13022377  0.05999288]
 [-0.16681116 -0.27146479  0.02499914  0.23778334 -0.16892805]
 [-0.08013396  0.00734782 -0.03713534  0.06186532 -0.01064984]
 [-0.1324307   0.14042343  0.22182479 -0.09193474  0.00589208]
 [-0.07666974 -0.0586563  -0.2593854  -0.22501572 -0.00737774]]
U = [[ 0.17874456  0.14534656  0.20175997  0.33913651  0.00616205]
 [-0.29593118 -0.12261346  0.05469476  0.11677511  0.0855472 ]
 [ 0.12986512 -0.10544757 -0.10215473 -0.06928281  0.17298256]
 [ 0.23323648  0.01484645  0.23174725 -0.10205702 -0.10912749]
 [-0.08348047  0.04375775 -0.29620079  0.02169412 -0.03255827]]
Matrix Pair 2; W = [[ 0.25119355  0.03289156  0.11337955 -0.06278485  0.11692095]
 [-0.11523106 -0.34139135  0.00242603  0.2112306  -0.13808074]
 [-0.10017969 -0.01820617 -0.05718018  0.13459933 -0.01870887]
 [-0.04409325  0.06551986  0.21281695 -0.0320699  -0.04375321]
 [-0.06697907 -0.12877681 -0.29574074 -0.20132122 -0.07516916]]
U = [[ 1.23403014e-01  1.67755194e-01  2.09836925e-01  3.41515864e-01
  -2.13643349e-02]
 [-3.49201738e-01 -1.06402086e-01  1.14792765e-01  7.07623860e-02
   1.07532378e-01]
 [ 1.13499998e-01 -8.44002630e-02 -9.09471880e-02 -1.00122903e-01
   1.87800481e-01]
 [ 2.66107011e-01 -2.88695349e-02  2.83523668e-01 -9.79679625e-02
  -1.45904291e-01]
 [-1.25702356e-01  5.54231210e-02 -3.17313963e-01 -3.58496757e-05
  -5.15010210e-03]]
Matrix Pair 3; W = [[ 0.20423349  0.03907075  0.12042163 -0.15444607  0.12720715]
 [-0.13626353 -0.3001495  -0.05042727  0.21156138 -0.12632008]
 [-0.06451476 -0.06064622 -0.07366286  0.11951693  0.02460047]
 [-0.10128572  0.12324123  0.21660884 -0.04381183 -0.06394816]
 [-0.07115332 -0.0575114  -0.30551082 -0.18143192 -0.07610724]]
U = [[ 0.14318649  0.12387397  0.20495763  0.31486906 -0.00594848]
 [-0.30673183 -0.08256415  0.10365529  0.13677094  0.09026793]
 [ 0.1277164  -0.11048603 -0.1354214  -0.09938359  0.17582969]
 [ 0.30387139 -0.05940151  0.24111282 -0.10261171 -0.11425918]
 [-0.16968906  0.05798531 -0.32796514 -0.01951148 -0.02133054]]
Matrix Pair 4; W = [[ 0.25685825  0.099588    0.175147   -0.0895939   0.08099025]
 [-0.15368632 -0.28387132  0.02909066  0.15790174 -0.1025303 ]
 [-0.13343507 -0.00952469 -0.09510852  0.09359955 -0.01262435]
 [-0.05972375  0.11916404  0.17086031 -0.10613971 -0.0419812 ]
 [-0.09633672 -0.08240057 -0.21865184 -0.236601   -0.00175995]]
U = [[ 0.14420105  0.10951526  0.22661218  0.3970404  -0.02674545]
 [-0.37601282 -0.09477994  0.09954391  0.11089435  0.14346822]
 [ 0.0690255  -0.13022946 -0.14552123 -0.05880298  0.17078655]
 [ 0.32597632  0.0135576   0.24152021 -0.12337506 -0.16001226]
 [-0.09954142  0.04857595 -0.32369452  0.01620777 -0.02970561]]
Matrix Pair 5; W = [[ 0.20685236  0.06874943  0.18181666 -0.15491732  0.05495044]
 [-0.18279489 -0.32516259 -0.05960992  0.25592127 -0.15212901]
 [-0.14035777  0.01633626 -0.08520669  0.15231986 -0.01068183]
 [-0.10439611  0.08880794  0.17946275 -0.02572845 -0.04232624]
 [-0.00783111 -0.09567363 -0.29056869 -0.17370916 -0.05076154]]
U = [[ 1.33250844e-01  8.25348591e-02  2.34715755e-01  3.90888806e-01
   5.45572005e-03]
 [-3.53452727e-01 -7.74725023e-02  9.92957626e-02  5.47415050e-02
   1.46375748e-01]
 [ 1.08553720e-01 -8.23880126e-02 -1.76720393e-01 -9.87514302e-02
   2.51721397e-01]
 [ 2.34376056e-01 -2.15522975e-04  2.54850883e-01 -1.00895992e-01
  -1.07620803e-01]
 [-1.03934703e-01 -3.51651990e-03 -3.02008050e-01  1.55601963e-02
  -2.12070429e-02]]
Matrix Pair 6; W = [[ 0.1950705   0.07585432  0.12616337 -0.09192934  0.08360326]
 [-0.18693786 -0.26000623 -0.06388494  0.17724309 -0.11760358]
 [-0.07592264 -0.01678479 -0.05039395  0.13789235 -0.00930055]
 [-0.12201001  0.11067855  0.21799515 -0.08957514 -0.01706729]
 [-0.04328749 -0.05071084 -0.27107476 -0.23371774 -0.05330868]]
U = [[ 0.12127982  0.09617613  0.29224885  0.39325183 -0.05797381]
 [-0.33076491 -0.13320837  0.09787148  0.08382164  0.15481638]
 [ 0.14550588 -0.10303467 -0.165214   -0.07580715  0.21875674]
 [ 0.25565991 -0.0258695   0.27121446 -0.09180942 -0.15611001]
 [-0.16257373  0.05026478 -0.24104711 -0.0130889  -0.00846259]]
Matrix Pair 7; W = [[ 0.20540164  0.06196208  0.17085898 -0.14034185  0.05077829]
 [-0.14786158 -0.29947095  0.0180011   0.21552559 -0.16720939]
 [-0.11213865  0.00710467 -0.03221565  0.13642272 -0.05352204]
 [-0.08832015  0.06522337  0.22989291 -0.04343578 -0.00219323]
 [-0.05968578 -0.10871215 -0.29601995 -0.19832146 -0.01113379]]
U = [[ 0.18203808  0.13261277  0.26088004  0.35750373  0.00160912]
 [-0.32521473 -0.12816425  0.04962977  0.10934842  0.09257814]
 [ 0.13290305 -0.16002783 -0.11801474 -0.08454593  0.18899825]
 [ 0.28088405 -0.00353987  0.27176975 -0.0742676  -0.0778304 ]
 [-0.10460195  0.02277705 -0.27844235  0.01792587 -0.06175932]]
Matrix Pair 8; W = [[ 0.20014317  0.0039627   0.09154668 -0.1107237   0.10737394]
 [-0.13442226 -0.3568864   0.00258635  0.20905659 -0.13360388]
 [-0.11404812  0.01636408 -0.03261284  0.14034932 -0.05654558]
 [-0.12844452  0.13246172  0.15532676 -0.10568721 -0.04382935]
 [-0.00663572 -0.08497412 -0.2670508  -0.23991234 -0.07617884]]
U = [[ 0.14765027  0.07474835  0.29626466  0.35578413 -0.0408827 ]
 [-0.32836309 -0.11660075  0.09160628  0.13018323  0.11756055]
 [ 0.09526671 -0.17015641 -0.08602473 -0.06531732  0.20889201]
 [ 0.27322731 -0.04298448  0.29830996 -0.06943471 -0.10951829]
 [-0.14291501  0.01088488 -0.24372174 -0.03293535 -0.05121551]]
Matrix Pair 9; W = [[ 0.21562562  0.05489168  0.11447925 -0.13303118  0.07509748]
 [-0.17268725 -0.27613088 -0.02378932  0.18491221 -0.12871448]
 [-0.0668293   0.02119266 -0.06984096  0.10933205  0.01433631]
 [-0.07643619  0.13541507  0.21077178 -0.08359096 -0.05617421]
 [-0.09219468 -0.12114004 -0.26084279 -0.23337305 -0.0694258 ]]
U = [[ 0.17191732  0.15532614  0.22107644  0.31232059 -0.01423577]
 [-0.32600323 -0.13292394  0.0405078   0.06257536  0.1698565 ]
 [ 0.09908608 -0.09301471 -0.15847829 -0.08479712  0.17585835]
 [ 0.24499901 -0.05334714  0.24096857 -0.08059597 -0.14093778]
 [-0.17107046 -0.00128642 -0.28031839 -0.05565468 -0.06624113]]
Matrix Pair 10; W = [[ 0.25372677  0.03990734  0.09752074 -0.09394908  0.12164387]
 [-0.10593755 -0.33072972  0.00518927  0.18028847 -0.16835795]
 [-0.06537931 -0.0085393  -0.09515774  0.10876326 -0.03740202]
 [-0.13337668  0.1308964   0.19385174 -0.02593022 -0.05289594]
 [-0.08015239 -0.12418211 -0.25881656 -0.18172697 -0.02906888]]
U = [[ 0.12787871  0.08311404  0.26464288  0.33612562 -0.0327411 ]
 [-0.35175246 -0.07374458  0.08352674  0.07810666  0.11072894]
 [ 0.1031831  -0.13804691 -0.18060652 -0.10802822  0.19325241]
 [ 0.25043212 -0.07557426  0.21714441 -0.09658138 -0.1268897 ]
 [-0.10212058  0.02928142 -0.2909047  -0.01668865 -0.00311442]]
Matrix Pair 11; W = [[ 0.25691995  0.0187308   0.16846541 -0.0902554   0.13001222]
 [-0.16863796 -0.33865903 -0.04367268  0.23440028 -0.12631989]
 [-0.1421946   0.00703693 -0.08907591  0.1533505   0.0238189 ]
 [-0.11523941  0.09461423  0.25177275 -0.07059996  0.0279242 ]
 [-0.01692405 -0.13053377 -0.2482099  -0.16597766 -0.00115675]]
U = [[ 0.15832468  0.07534796  0.27727935  0.39039828 -0.05977844]
 [-0.30375858 -0.1063984   0.02040037  0.13033325  0.15049355]
 [ 0.15208414 -0.1271715  -0.17020862 -0.03101832  0.18543633]
 [ 0.23908823 -0.04300172  0.26398103 -0.13895583 -0.10306428]
 [-0.17404267  0.04867085 -0.27720819  0.00279207 -0.04062071]]
Matrix Pair 12; W = [[ 0.23895998  0.08706853  0.15518867 -0.14324815  0.04118645]
 [-0.11035646 -0.33229109  0.03136186  0.18359764 -0.07949942]
 [-0.06216895 -0.02003848 -0.10003843  0.1217617  -0.01521855]
 [-0.14279723  0.06107555  0.17336949 -0.08587689  0.01174925]
 [-0.02156077 -0.10920449 -0.27804489 -0.1652694  -0.06063646]]
U = [[ 0.11975684  0.09808067  0.2262038   0.36166975 -0.04966746]
 [-0.38344476 -0.12655673  0.04074852  0.0528142   0.13784056]
 [ 0.07573704 -0.11218156 -0.09612209 -0.09613392  0.18128173]
 [ 0.2917245   0.02045769  0.24200675 -0.1093083  -0.10853269]
 [-0.15650342  0.06956673 -0.28667525  0.00093466 -0.02195351]]
Matrix Pair 13; W = [[ 0.27418112  0.07276109  0.11992957 -0.13966764  0.05863661]
 [-0.10869865 -0.31308206 -0.01207776  0.18003428 -0.17000319]
 [-0.07885567 -0.02772779 -0.06261065  0.08159749  0.00378892]
 [-0.13096469  0.12702919  0.18009273 -0.04387384 -0.03971467]
 [-0.0466794  -0.07984385 -0.31491843 -0.23689927 -0.04052106]]
U = [[ 0.21565016  0.1145697   0.28496164  0.36341822 -0.03085362]
 [-0.38035157 -0.09585097  0.09682397  0.1059223   0.10324284]
 [ 0.14754961 -0.10464858 -0.16078448 -0.07794336  0.19229252]
 [ 0.24879431 -0.01841274  0.28005258 -0.14987205 -0.12480059]
 [-0.14320037  0.04027023 -0.31066109 -0.01633248  0.02462692]]
Matrix Pair 14; W = [[ 0.24378196  0.05077769  0.14300317 -0.11571301  0.10878222]
 [-0.14794978 -0.33810519 -0.04658649  0.18435978 -0.14702887]
 [-0.0849021   0.02415521 -0.10427891  0.11184643 -0.04022659]
 [-0.0841148   0.09079599  0.18113914 -0.02481018 -0.04853617]
 [-0.08686175 -0.13377749 -0.27488811 -0.23949487 -0.02744665]]
U = [[ 0.14485394  0.16279039  0.21812206  0.36268554 -0.00829343]
 [-0.37142807 -0.09612497  0.0886653   0.10055004  0.10775828]
 [ 0.08481985 -0.12278296 -0.17360946 -0.09438909  0.17343528]
 [ 0.28401837 -0.02979072  0.23856072 -0.07742803 -0.14480679]
 [-0.17175127  0.07051304 -0.27719211 -0.05883333 -0.05145078]]
Matrix Pair 15; W = [[ 0.22157655  0.09078346  0.14518085 -0.06762888  0.12096392]
 [-0.14399055 -0.2905788   0.02153187  0.16359987 -0.15453538]
 [-0.086847   -0.05652671 -0.10372871  0.14308312 -0.02899336]
 [-0.09442946  0.10754746  0.23750853 -0.07865267 -0.02578605]
 [-0.0188332  -0.11149513 -0.22970826 -0.16565215 -0.03339756]]
U = [[ 0.15168925  0.1135619   0.2584935   0.35179925 -0.02399278]
 [-0.33106064 -0.14747035  0.06784129  0.05516882  0.12070595]
 [ 0.07171954 -0.13899829 -0.11919768 -0.10941766  0.21699093]
 [ 0.3143682  -0.06737574  0.25434987 -0.1013052  -0.10516409]
 [-0.12678898  0.05195042 -0.30791003  0.01854769 -0.05865643]]
Matrix Pair 16; W = [[ 2.25921763e-01  6.35544966e-02  1.30332344e-01 -1.75290662e-01
   6.29719887e-02]
 [-1.38573652e-01 -2.98808169e-01 -2.28794071e-02  2.39608216e-01
  -2.65571636e-02]
 [ 1.59155923e-04 -2.30701353e-02 -4.51069879e-02  4.98543908e-02
   2.51119997e-02]
 [-3.97650857e-02  8.63010368e-02  9.39360015e-02 -3.22629147e-02
  -5.40689229e-02]
 [-2.09041894e-01 -1.68322207e-01 -2.55789261e-01 -1.49801136e-01
  -5.99811513e-02]]
U = [[ 0.15654022  0.17358947  0.32750662  0.38164823  0.00666724]
 [-0.30193062 -0.09091747  0.07189656  0.11555078  0.15596544]
 [ 0.06340903 -0.07005673 -0.28439031 -0.13145452  0.23782656]
 [ 0.23381046 -0.0620196   0.20831583  0.00391574 -0.04370904]
 [-0.08398613 -0.02510817 -0.25940093 -0.02022866  0.0031249 ]]
Matrix Pair 17; W = [[ 0.22911391  0.07152447  0.17563589 -0.12734258  0.09695904]
 [-0.10890215 -0.33531405  0.02446601  0.30706993 -0.04211142]
 [-0.0029776  -0.02377219 -0.00137124  0.11568903  0.0317842 ]
 [-0.03946002  0.10022022  0.07062001 -0.02089822 -0.07132865]
 [-0.1812915  -0.113898   -0.22767049 -0.19774864 -0.00995422]]
U = [[ 0.20122242  0.18387345  0.37061589  0.29645367 -0.03114244]
 [-0.32708333 -0.13842876  0.09823124  0.15691759  0.15496111]
 [ 0.02867573 -0.05811284 -0.28959626 -0.13151682  0.20907191]
 [ 0.24343145 -0.09744817  0.20362001 -0.03389329 -0.04325564]
 [-0.07079047 -0.02911589 -0.29256173 -0.07284558 -0.06300342]]
Matrix Pair 18; W = [[ 0.22153563  0.01562097  0.09631545 -0.11849339  0.03257711]
 [-0.15475879 -0.36118572 -0.00761682  0.31064729 -0.11201735]
 [ 0.04496837  0.04863776 -0.04298816  0.04620077 -0.02479032]
 [-0.01136738  0.07467851  0.14606464 -0.02635733 -0.09710992]
 [-0.15601739 -0.10136377 -0.29828835 -0.17611515 -0.02531401]]
U = [[ 0.15229377  0.19632829  0.33114556  0.38442296 -0.01503303]
 [-0.33979396 -0.11682027  0.11044178  0.16301872  0.16753339]
 [ 0.0490315  -0.08205693 -0.26416521 -0.18419188  0.22989984]
 [ 0.1950632  -0.10091425  0.21042092 -0.01812528 -0.10926388]
 [-0.08572295  0.02446514 -0.257846   -0.00351389 -0.03539458]]
Matrix Pair 19; W = [[ 0.14036585  0.04676147  0.13071889 -0.11978977  0.08701305]
 [-0.0852433  -0.35219792 -0.02733291  0.25122714 -0.01385632]
 [-0.00779832 -0.0018107  -0.06843745  0.10709366  0.03372165]
 [-0.03238777  0.04681084  0.09670865  0.00772962 -0.03161535]
 [-0.16752447 -0.14238422 -0.29495587 -0.12124665 -0.05281293]]
U = [[ 0.13388337  0.09692615  0.36927949  0.35478612 -0.04002678]
 [-0.32004341 -0.06653921  0.10034226  0.1116214   0.2137752 ]
 [ 0.00335194 -0.11960289 -0.2821127  -0.131327    0.20595654]
 [ 0.24082008 -0.0047338   0.19365075  0.00508812 -0.12017588]
 [-0.06129437 -0.01755724 -0.28595499  0.0053012  -0.03298603]]
Matrix Pair 20; W = [[ 0.16055692  0.03078103  0.12743578 -0.0885076   0.02430293]
 [-0.15122131 -0.2907123  -0.05275359  0.29135435 -0.03496488]
 [-0.02752865 -0.0290093  -0.03313038  0.02663185  0.01687881]
 [ 0.0279241   0.04364851  0.1088353  -0.04908304 -0.08491723]
 [-0.15508297 -0.18414489 -0.27331637 -0.13751374 -0.00745687]]
U = [[ 0.21693706  0.17181668  0.35703321  0.33768349  0.01674309]
 [-0.34197549 -0.14695479  0.0406647   0.14905045  0.23173982]
 [ 0.00179111 -0.1044028  -0.24193635 -0.17926039  0.15396184]
 [ 0.25820928 -0.01320269  0.19551742 -0.0800405  -0.11672756]
 [-0.15473242  0.01953872 -0.25980494 -0.07408926 -0.04081393]]
Matrix Pair 21; W = [[ 0.14582115  0.05832212  0.18438014 -0.15050977  0.05923284]
 [-0.07809356 -0.27911224  0.03401477  0.32817608 -0.06019419]
 [ 0.00716615 -0.0011489  -0.07076957  0.09205178  0.03154212]
 [ 0.00395776  0.06387768  0.13196006 -0.00155787 -0.00284859]
 [-0.1581095  -0.11782305 -0.31248308 -0.13815479 -0.02973938]]
U = [[ 1.67993681e-01  1.04704752e-01  3.71017160e-01  3.19427704e-01
  -2.68867565e-02]
 [-3.30501276e-01 -8.61209254e-02  1.01046713e-01  1.56180967e-01
   1.50994011e-01]
 [ 2.96766907e-03 -1.09864663e-01 -2.65543954e-01 -2.00894717e-01
   1.96222287e-01]
 [ 2.05665645e-01 -4.43847353e-02  2.67873574e-01 -1.44993328e-02
  -1.08333710e-01]
 [-1.01512687e-01 -1.81235917e-02 -3.11952885e-01 -3.21067813e-04
  -2.74332216e-02]]
Matrix Pair 22; W = [[ 0.22909078  0.01974264  0.17038568 -0.09343082  0.11968256]
 [-0.13782307 -0.3251679   0.02085293  0.25655249 -0.10075558]
 [-0.00516989  0.06259179 -0.06177574  0.0571345   0.02933783]
 [-0.03221635  0.08649093  0.0879147  -0.00739756 -0.00427469]
 [-0.16739047 -0.15216775 -0.28228534 -0.21358071  0.01597235]]
U = [[ 0.14341691  0.1168046   0.28758419  0.34012998 -0.04620065]
 [-0.33987672 -0.06609744  0.03158293  0.10493738  0.22615703]
 [ 0.0140344  -0.05788161 -0.27299979 -0.19974484  0.18899242]
 [ 0.1889179  -0.03063022  0.20071877 -0.01443372 -0.05675719]
 [-0.11983233 -0.03103232 -0.31206817 -0.04701248 -0.05095066]]
Matrix Pair 23; W = [[ 0.17457458  0.05643174  0.1857992  -0.17831993  0.08401031]
 [-0.111195   -0.33608154 -0.03949211  0.26631148 -0.06395997]
 [-0.02004578  0.02541491 -0.00767673  0.06686854 -0.01776638]
 [-0.00061517  0.09339094  0.06005047 -0.06417449 -0.00976781]
 [-0.17947373 -0.163905   -0.22919094 -0.16811997 -0.04433234]]
U = [[ 0.19663512  0.15911206  0.34664312  0.30911228 -0.04657839]
 [-0.28489202 -0.09384447  0.0872797   0.08047216  0.24332588]
 [ 0.04302371 -0.06694413 -0.31684649 -0.19268023  0.22980847]
 [ 0.2036134  -0.00561353  0.23980702 -0.02536685 -0.04179514]
 [-0.15244191 -0.05590507 -0.24200523 -0.0908808  -0.08489588]]
Matrix Pair 24; W = [[ 0.1601656   0.00130928  0.10781357 -0.13155719  0.02944708]
 [-0.11246456 -0.26408681  0.03065893  0.32476089 -0.06621457]
 [-0.02364635  0.01574953 -0.04294268  0.04674596  0.00317439]
 [-0.01374652  0.07945073  0.1080808   0.00618948 -0.05947957]
 [-0.16787788 -0.17067246 -0.22935319 -0.20999855 -0.02127745]]
U = [[ 0.16009395  0.10709992  0.30343091  0.36109949 -0.01231137]
 [-0.28237729 -0.11714079  0.02815691  0.10675435  0.23877418]
 [ 0.05977877 -0.0548887  -0.24764428 -0.17893289  0.19398819]
 [ 0.20967581 -0.07785186  0.23123821 -0.08218987 -0.08799926]
 [-0.09223311 -0.0288025  -0.25203019 -0.08892479 -0.02278436]]
Matrix Pair 25; W = [[ 0.21384038 -0.01397124  0.13602229 -0.09985593  0.09707981]
 [-0.13119454 -0.3379505  -0.04415358  0.24413433 -0.04808055]
 [ 0.03759509 -0.00770502 -0.04044016  0.10524588 -0.05022304]
 [ 0.02760495  0.09123292  0.09228737 -0.00211002 -0.04375334]
 [-0.19136096 -0.14216321 -0.30379985 -0.13431503 -0.07414266]]
U = [[ 0.13162314  0.10039383  0.28947282  0.37943568 -0.00856082]
 [-0.34189837 -0.08623833  0.07621369  0.11802839  0.23354997]
 [ 0.09016931 -0.03434485 -0.29046204 -0.17399615  0.1671991 ]
 [ 0.18892847 -0.01356322  0.20445108 -0.05538316 -0.08085898]
 [-0.14729856 -0.04557449 -0.32382339 -0.02616343 -0.03779855]]
Matrix Pair 26; W = [[ 0.22075609  0.01496562  0.16141698 -0.12747683  0.05476555]
 [-0.15964908 -0.28985232  0.00925923  0.25961745 -0.02400282]
 [ 0.01419499 -0.02834118 -0.06249499  0.10025007 -0.02630326]
 [-0.007343    0.01187167  0.05871923 -0.05054164 -0.052196  ]
 [-0.18787539 -0.13069287 -0.27576906 -0.17212598 -0.01177712]]
U = [[ 0.2118473   0.15926561  0.33092624  0.28603759  0.02286068]
 [-0.29694874 -0.12387646  0.02537028  0.07174488  0.2182428 ]
 [ 0.08384754 -0.11756706 -0.26211032 -0.14728507  0.20120818]
 [ 0.25140705 -0.02477284  0.21574289 -0.04640506 -0.0992116 ]
 [-0.1075366  -0.05098511 -0.24493233 -0.03838519 -0.02227249]]
Matrix Pair 27; W = [[ 1.86995994e-01 -1.23159560e-02  1.54221512e-01 -1.59347154e-01
   8.36988938e-02]
 [-1.44820442e-01 -2.63541287e-01  1.45197012e-02  2.52582589e-01
  -8.65537666e-02]
 [-1.21927808e-04 -1.80422188e-02 -2.66608491e-02  9.97324925e-02
  -2.87280576e-02]
 [ 3.05786606e-03  4.19344991e-02  1.47328158e-01 -7.16664759e-02
  -3.08876496e-02]
 [-1.45490553e-01 -1.60243896e-01 -2.50697516e-01 -1.27798932e-01
  -6.84593291e-02]]
U = [[ 1.29240298e-01  1.67586292e-01  3.70394816e-01  2.89410563e-01
  -6.66496293e-05]
 [-3.72459203e-01 -1.25190506e-01  8.46788499e-02  1.09925221e-01
   2.25514785e-01]
 [ 2.36341726e-03 -1.01945569e-01 -2.68058377e-01 -1.07568131e-01
   2.40903574e-01]
 [ 2.63430076e-01 -1.46591421e-02  1.98585446e-01  9.57263202e-03
  -1.10153239e-01]
 [-6.81874038e-02 -2.10531744e-03 -3.13855781e-01 -3.88984797e-02
  -3.05220220e-02]]
Matrix Pair 28; W = [[ 0.2300398   0.00591525  0.09744372 -0.13187168  0.08098551]
 [-0.156697   -0.30543432 -0.03574757  0.27189441 -0.08522443]
 [-0.01790743  0.01570131 -0.02515514  0.06264811 -0.03156369]
 [-0.02448602  0.01826349  0.11101278 -0.05978207 -0.03320509]
 [-0.20974303 -0.14911544 -0.29269143 -0.19738493 -0.00271886]]
U = [[ 0.13725712  0.1703047   0.35043777  0.37951643 -0.01922145]
 [-0.36514651 -0.16053932  0.11054699  0.08416162  0.15578409]
 [ 0.06412526 -0.0789353  -0.27544666 -0.14829829  0.18087308]
 [ 0.21348269 -0.09085079  0.24913501 -0.06755845 -0.0754522 ]
 [-0.10848905 -0.04320513 -0.3032959  -0.07449148 -0.05083232]]
Matrix Pair 29; W = [[ 0.15780859  0.00115605  0.12703687 -0.16162694  0.11927955]
 [-0.10951677 -0.2631332   0.0241611   0.25271146 -0.11162969]
 [ 0.01619575  0.05810704 -0.0093188   0.10259262 -0.0290793 ]
 [ 0.00617552  0.10202779  0.14501314 -0.00561837 -0.03739556]
 [-0.16742782 -0.14906361 -0.25404919 -0.15823728 -0.00082767]]
U = [[ 0.16293701  0.1283828   0.37731188  0.30151472 -0.01446421]
 [-0.28294491 -0.11274975  0.10824533  0.15945046  0.22583668]
 [ 0.09041703 -0.02602199 -0.24241921 -0.15929549  0.21226856]
 [ 0.19002839 -0.03950881  0.21398886 -0.02890739 -0.07769271]
 [-0.11336548  0.01228003 -0.24566573 -0.01263757 -0.05582792]]
Matrix Pair 30; W = [[ 0.21327903  0.07054968  0.15568785 -0.1048684   0.03085612]
 [-0.06625066 -0.27478362 -0.03331481  0.27733823 -0.04180548]
 [-0.02424615 -0.00237249 -0.00187801  0.10833801  0.02953506]
 [-0.04660581  0.04804979  0.11025599 -0.05328011 -0.06068763]
 [-0.17381264 -0.1415867  -0.27442761 -0.20708245 -0.00806267]]
U = [[ 0.21827834  0.14859999  0.32202313  0.3582726  -0.00994995]
 [-0.30636331 -0.09749558  0.07646891  0.16667455  0.15851026]
 [ 0.08855936 -0.03644218 -0.26344066 -0.17940127  0.15541879]
 [ 0.21265409 -0.03595437  0.19274072 -0.03582697 -0.10384359]
 [-0.10772133 -0.04089658 -0.32031002 -0.06096028 -0.08612289]]
Matrix Pair 31; W = [[ 0.20694772  0.06071514  0.13578698 -0.12010144  0.06802953]
 [-0.12264081 -0.31058051  0.03466372  0.25343843 -0.10519798]
 [-0.00899715  0.06405809 -0.06395968  0.01980021 -0.05613157]
 [-0.06460322  0.10279549  0.08902842 -0.07214076 -0.0744011 ]
 [-0.18939    -0.09364544 -0.27524287 -0.17055156 -0.01363254]]
U = [[ 0.21737687  0.14837972  0.37328021  0.2892243  -0.00640199]
 [-0.2931534  -0.10842161  0.04813799  0.09555499  0.2110483 ]
 [ 0.00915655 -0.07320543 -0.2520578  -0.12952395  0.18707715]
 [ 0.23306391 -0.09225153  0.27500105 -0.04116687 -0.0471728 ]
 [-0.07377612  0.0336229  -0.28442475 -0.06167234 -0.02055455]]
Matrix Pair 32; W = [[ 0.17542118  0.01331126  0.1343052  -0.13570185  0.08496953]
 [-0.11492479 -0.36260557 -0.04369009  0.2730454  -0.10732711]
 [-0.05201608  0.0333102  -0.12460656  0.13036648  0.05804891]
 [ 0.03299223 -0.0034543   0.14166928 -0.08894032 -0.08206893]
 [-0.07066703 -0.1398805  -0.2010485  -0.15931935 -0.00637539]]
U = [[ 0.18343648  0.11472363  0.33158887  0.3583642  -0.01765058]
 [-0.29258031 -0.10302299  0.11132406  0.17553436  0.204689  ]
 [ 0.11185449 -0.09771689 -0.28146779 -0.20391181  0.18544483]
 [ 0.22492333 -0.01518869  0.27852831 -0.04923822 -0.19465093]
 [-0.0971964   0.06025506 -0.27210638 -0.0353408  -0.12036881]]
Matrix Pair 33; W = [[ 0.17596333  0.07545706  0.16610736 -0.17952191  0.01419632]
 [-0.09934946 -0.30819334 -0.02725916  0.20302716 -0.12904428]
 [-0.046506   -0.02486223 -0.13793933  0.12488932  0.04269203]
 [ 0.04687236  0.00201241  0.16450961 -0.12058552 -0.03434136]
 [-0.057916   -0.12301835 -0.18513679 -0.16568438  0.06249943]]
U = [[ 0.20528879  0.1656983   0.31646817  0.31232861 -0.10483885]
 [-0.28716189 -0.10360643  0.06739948  0.1721486   0.15260402]
 [ 0.11614655 -0.06017975 -0.26673693 -0.11376898  0.13129995]
 [ 0.25174095  0.02705717  0.30365518 -0.07999819 -0.17681098]
 [-0.15393174  0.03227237 -0.24114159 -0.04492006 -0.14187787]]
Matrix Pair 34; W = [[ 0.12890863  0.02928851  0.08884915 -0.14977773  0.05259559]
 [-0.1068765  -0.30455972 -0.0707614   0.24266841 -0.0486277 ]
 [-0.00417845  0.05640746 -0.08275711  0.10337173  0.01620216]
 [-0.04439916  0.02626598  0.16897929 -0.07581423 -0.11667928]
 [-0.07501737 -0.15037289 -0.2084177  -0.14643305  0.02002577]]
U = [[ 0.18523101  0.20195447  0.34020962  0.33122718 -0.08768444]
 [-0.3016159  -0.02021401  0.14684773  0.16891201  0.21119265]
 [ 0.08927542 -0.08880906 -0.27126795 -0.17889601  0.12069494]
 [ 0.2997665  -0.01863636  0.27993915 -0.12252068 -0.13967283]
 [-0.10555914  0.02781352 -0.25635178  0.01777381 -0.05171882]]
Matrix Pair 35; W = [[ 0.15935864  0.0336946   0.12836894 -0.13725995  0.049054  ]
 [-0.15179355 -0.37693337  0.01811687  0.26045174 -0.08646601]
 [-0.02591197  0.07186165 -0.11124518  0.0469203  -0.00099483]
 [ 0.01075434  0.03651619  0.13739045 -0.05521818 -0.07556094]
 [-0.0593083  -0.08568373 -0.24400071 -0.18287738  0.02109805]]
U = [[ 0.13177772  0.18154792  0.36865334  0.36055532 -0.10723163]
 [-0.26210303 -0.06923397  0.09879993  0.18290702  0.15973036]
 [ 0.0851574  -0.05482524 -0.32714198 -0.20105194  0.15375746]
 [ 0.23198943  0.00900025  0.25703827 -0.1350513  -0.15097599]
 [-0.1554013  -0.01974869 -0.26286361 -0.03626544 -0.05625676]]
Matrix Pair 36; W = [[ 0.15925242  0.05495189  0.14173057 -0.15445971  0.04072783]
 [-0.127204   -0.37720797 -0.0244755   0.25797936 -0.0589513 ]
 [-0.00518525  0.06669577 -0.06069743  0.11319285  0.05431661]
 [-0.03755686  0.08631334  0.17375155 -0.10702917 -0.02368078]
 [-0.09029477 -0.12053145 -0.20162885 -0.19628591 -0.01217699]]
U = [[ 0.12977022  0.1744248   0.28742594  0.31500255 -0.10193857]
 [-0.2846394  -0.00653902  0.13578334  0.16786061  0.15714331]
 [ 0.11334878 -0.11754008 -0.29129179 -0.19127216  0.12857842]
 [ 0.2974844  -0.01435267  0.28650379 -0.06244697 -0.1185859 ]
 [-0.09908447 -0.00338342 -0.23877766 -0.00998462 -0.06871293]]
Matrix Pair 37; W = [[ 0.20969028  0.04829059  0.0988181  -0.09278458  0.08038021]
 [-0.12204731 -0.31061496 -0.05963617  0.23074532 -0.03710399]
 [-0.02441332  0.02542034 -0.11783013  0.09296413 -0.02321438]
 [ 0.00936098  0.01588587  0.12481195 -0.09763355 -0.10509796]
 [-0.04287648 -0.11497935 -0.26844349 -0.13367024  0.05329649]]
U = [[ 0.14945617  0.12291167  0.34919402  0.31254205 -0.02690565]
 [-0.25503731 -0.02449786  0.1515965   0.20472107  0.23780238]
 [ 0.12027476 -0.14001207 -0.23905686 -0.1662437   0.19064457]
 [ 0.2248153  -0.01573381  0.26188213 -0.12848697 -0.12907151]
 [-0.12765057 -0.02161481 -0.23724208 -0.00220923 -0.05350482]]
Matrix Pair 38; W = [[ 0.151614    0.01180533  0.07759686 -0.12844151  0.07509468]
 [-0.08966673 -0.30828465  0.0228148   0.28447709 -0.10331527]
 [-0.04993782  0.03735811 -0.10744615  0.13834274  0.02766476]
 [ 0.04706777  0.0296725   0.12021098 -0.0820706  -0.08684406]
 [-0.04546142 -0.11153578 -0.19173372 -0.18906842  0.00931412]]
U = [[ 0.19197611  0.20061665  0.36187998  0.30853341 -0.08648746]
 [-0.31081634 -0.09956164  0.11789362  0.1967557   0.23234283]
 [ 0.0796195  -0.08658943 -0.27120176 -0.15926853  0.12198274]
 [ 0.30687018  0.04196983  0.34087623 -0.06333809 -0.19770388]
 [-0.12132513  0.03857146 -0.30273544 -0.06009504 -0.11889866]]
Matrix Pair 39; W = [[ 2.05579384e-01  2.20722079e-02  8.32915110e-02 -1.19911955e-01
   2.35796751e-02]
 [-8.70609536e-02 -3.61940865e-01 -3.38034492e-02  2.33390338e-01
  -7.45163866e-02]
 [-3.68496349e-02  2.90625216e-05 -6.89012897e-02  1.04642066e-01
   2.67330823e-02]
 [ 2.52153031e-02 -1.13838016e-02  1.00150113e-01 -1.30816677e-01
  -7.25966208e-02]
 [-4.53589150e-02 -9.36321263e-02 -2.46466133e-01 -1.29070975e-01
   3.99593758e-02]]
U = [[ 0.14265652  0.19383731  0.31161059  0.32550537 -0.01992481]
 [-0.26278786 -0.05952163  0.10436602  0.20826555  0.20888127]
 [ 0.1171377  -0.08979566 -0.29752755 -0.1370104   0.2055495 ]
 [ 0.27356748 -0.03392715  0.29687018 -0.04489762 -0.1772381 ]
 [-0.13494101  0.0297096  -0.28181066 -0.05624102 -0.09924922]]
Matrix Pair 40; W = [[ 0.21274093  0.08646953  0.08399415 -0.16233494  0.06678055]
 [-0.07987676 -0.31349223 -0.00288411  0.288155   -0.05307359]
 [-0.01631321 -0.00098028 -0.09123979  0.0896766   0.02926638]
 [ 0.00255814  0.06698897  0.13909202 -0.14119887 -0.05307388]
 [-0.04905168 -0.17953137 -0.2340859  -0.16296783  0.05282747]]
U = [[ 0.15500173  0.17687048  0.33390149  0.35230021 -0.06528784]
 [-0.30558452 -0.04365962  0.13369906  0.13579901  0.21956824]
 [ 0.14708686 -0.13764739 -0.27212985 -0.16322538  0.2046582 ]
 [ 0.30507704 -0.03017911  0.30074639 -0.05131668 -0.1117477 ]
 [-0.09039844 -0.02197433 -0.28470545  0.00216801 -0.12922047]]
Matrix Pair 41; W = [[ 0.16340797  0.00553037  0.07691206 -0.14514444 -0.01253236]
 [-0.11508848 -0.33146376 -0.0547658   0.29467337 -0.09990683]
 [ 0.01727509  0.02756116 -0.09919088  0.09930677  0.01381528]
 [-0.04560979  0.0559342   0.15690997 -0.10584546 -0.02264619]
 [-0.06301157 -0.15397618 -0.17972066 -0.15220977 -0.00705451]]
U = [[ 0.18766187  0.12939039  0.27683151  0.32472471 -0.10594235]
 [-0.26096471 -0.09029616  0.0793769   0.21113282  0.18508024]
 [ 0.13783589 -0.14503501 -0.23967402 -0.116564    0.18352846]
 [ 0.21568428 -0.04845798  0.25268467 -0.0626934  -0.15961214]
 [-0.05854856  0.00784328 -0.23890318  0.01809361 -0.0848597 ]]
Matrix Pair 42; W = [[ 0.19405423  0.00802575  0.1358946  -0.11688261  0.05937622]
 [-0.12957331 -0.38162098 -0.0091178   0.23861666 -0.06800693]
 [-0.04378499  0.0641066  -0.05243127  0.09594983  0.05790107]
 [-0.02676422  0.05891896  0.14732845 -0.05701309 -0.07026029]
 [-0.02245374 -0.15450608 -0.18734208 -0.20294852  0.02497403]]
U = [[ 0.11524288  0.12299909  0.33280766  0.31329838 -0.01209522]
 [-0.23267032 -0.06675505  0.09889973  0.22422282  0.20869698]
 [ 0.05471732 -0.06144559 -0.32845073 -0.19382109  0.17413777]
 [ 0.2602768   0.03054249  0.31383734 -0.13463383 -0.11788963]
 [-0.13100128 -0.0311812  -0.23482066 -0.0802364  -0.1291286 ]]
Matrix Pair 43; W = [[ 0.12411606  0.03529194  0.11547906 -0.1723935   0.05819988]
 [-0.0870394  -0.36752797 -0.06216291  0.20547884 -0.04107281]
 [-0.02294214  0.02679128 -0.11880947  0.05687689  0.05400251]
 [ 0.02071419  0.02695876  0.14642013 -0.09758755 -0.08133657]
 [-0.10242748 -0.11429964 -0.23047657 -0.19847912  0.06587945]]
U = [[ 0.17627189  0.18701405  0.28448302  0.38608502 -0.05793741]
 [-0.28903787 -0.06820682  0.07618052  0.16598039  0.21547462]
 [ 0.11701083 -0.12195025 -0.33223842 -0.15988937  0.18535533]
 [ 0.24062929 -0.02081572  0.33638672 -0.08675724 -0.14657626]
 [-0.08871113  0.02791663 -0.20731487 -0.03837033 -0.11163408]]
Matrix Pair 44; W = [[ 0.20774067  0.06600701  0.10493782 -0.12936129  0.08299697]
 [-0.07621439 -0.36683113 -0.06697283  0.29639378 -0.11846043]
 [ 0.03277643 -0.00367931 -0.08027775  0.13052426  0.05601672]
 [ 0.01872528  0.07971263  0.14929871 -0.06062536 -0.08752162]
 [-0.11411502 -0.11316962 -0.23704455 -0.17708582 -0.00473884]]
U = [[ 0.16123086  0.15802847  0.32453112  0.34064445 -0.0224896 ]
 [-0.25932487 -0.04586261  0.09913247  0.14431013  0.24187078]
 [ 0.13315781 -0.13005095 -0.30176334 -0.20321159  0.1566837 ]
 [ 0.24540577  0.0129878   0.25897568 -0.10227033 -0.11085996]
 [-0.12709647 -0.01436503 -0.24459381 -0.02932669 -0.04289598]]
Matrix Pair 45; W = [[ 0.19099685  0.05878538  0.08162503 -0.1266211   0.07887867]
 [-0.09444119 -0.37315605  0.02435254  0.25309824 -0.08374128]
 [ 0.00386452 -0.00798397 -0.0644019   0.06883915 -0.01021668]
 [ 0.04516689  0.00662376  0.13825956 -0.09448686 -0.07320502]
 [-0.07149743 -0.09937647 -0.1864013  -0.17027886  0.02161976]]
U = [[ 0.14592229  0.13817899  0.36987674  0.34374621 -0.083247  ]
 [-0.22910604 -0.0646978   0.14870719  0.17238839  0.23381657]
 [ 0.10985687 -0.06406234 -0.2821884  -0.12528577  0.21954971]
 [ 0.2297334  -0.0205027   0.31907612 -0.06047329 -0.10884011]
 [-0.07444933 -0.03425616 -0.23486491  0.00087209 -0.07168264]]
Matrix Pair 46; W = [[ 0.12856852  0.0705085   0.14308455 -0.159784   -0.00907109]
 [-0.14901179 -0.3068791  -0.03524237  0.28328236 -0.10649935]
 [ 0.00299701  0.05625704 -0.07988733  0.09686905  0.00946643]
 [ 0.03802894  0.04299539  0.09704896 -0.1243389  -0.02854445]
 [-0.02112097 -0.08447033 -0.25658016 -0.16098689  0.04980155]]
U = [[ 0.14384252  0.15418844  0.3190936   0.33866935 -0.0187986 ]
 [-0.29252053 -0.00915788  0.13319569  0.22538441  0.18350895]
 [ 0.1357393  -0.14431827 -0.32510185 -0.13774204  0.15656028]
 [ 0.24854033 -0.018525    0.28572761 -0.05027137 -0.16532165]
 [-0.10908423  0.031693   -0.2823335  -0.05289535 -0.13242644]]
Matrix Pair 47; W = [[ 0.18486876  0.04482033  0.16118721 -0.16758089 -0.00759513]
 [-0.13804524 -0.35960581 -0.01262878  0.22855247 -0.04601619]
 [ 0.0186679  -0.01254189 -0.12328303  0.08017373  0.00530186]
 [-0.02108581  0.03294811  0.17244013 -0.06969086 -0.08904971]
 [-0.08078963 -0.13628696 -0.21012205 -0.16228543  0.01189078]]
U = [[ 1.99253885e-01  1.29137864e-01  2.92426354e-01  3.78574519e-01
  -5.51013831e-02]
 [-2.66798491e-01 -3.22974973e-02  8.01329203e-02  1.66038374e-01
   1.53165304e-01]
 [ 7.62427605e-02 -1.24579820e-01 -2.49893125e-01 -1.47213336e-01
   2.06556873e-01]
 [ 2.12474045e-01 -3.05808800e-04  2.96846312e-01 -4.98743142e-02
  -1.32646803e-01]
 [-1.48136606e-01  4.43314312e-02 -2.14599976e-01 -5.98003260e-03
  -5.72963247e-02]]
Matrix Pair 48; W = [[ 0.19130107  0.00334194  0.17876447 -0.17029195 -0.01280494]
 [-0.11132221 -0.33097366 -0.0228694   0.19926877 -0.0914721 ]
 [ 0.05246084  0.00256192 -0.08826829  0.11571325  0.04716003]
 [-0.01549708  0.07072398  0.10363172 -0.01458194 -0.01481303]
 [-0.0861584  -0.17274834 -0.26458598 -0.06017681  0.01233379]]
U = [[ 0.09130928  0.14146106  0.28229463  0.27330068 -0.01258509]
 [-0.27763838 -0.04231281  0.09206122  0.08804607  0.18982129]
 [ 0.11254059 -0.04587723 -0.27227087 -0.06050492  0.17037321]
 [ 0.22432838  0.02320812  0.27660639 -0.09074519 -0.12162715]
 [-0.16215971 -0.01232901 -0.22512034  0.02452167 -0.06937419]]
Matrix Pair 49; W = [[ 0.19561914  0.05622843  0.14237651 -0.10854415  0.03537325]
 [-0.07157069 -0.30704086 -0.02440452  0.28037026 -0.03564131]
 [ 0.03107191  0.04165634 -0.05921371  0.03898142  0.0480382 ]
 [ 0.00373963  0.13271581  0.17148877  0.00799293  0.01032829]
 [-0.1126442  -0.14356474 -0.23773371 -0.1469043  -0.03028712]]
U = [[ 0.18179521  0.13924039  0.35252325  0.32278063 -0.08767973]
 [-0.31932411 -0.01456113  0.11629801  0.08419025  0.21605611]
 [ 0.1035237  -0.05666267 -0.28756346 -0.12192376  0.12126272]
 [ 0.29196019 -0.01387666  0.30472666 -0.0252167  -0.0505015 ]
 [-0.16580446  0.02739831 -0.24009624 -0.00505195  0.00559561]]
Matrix Pair 50; W = [[ 0.12100865  0.00039139  0.14416792 -0.17759908 -0.03124549]
 [-0.1143742  -0.26956432 -0.04332168  0.27495771 -0.08497336]
 [ 0.0142997  -0.03403484 -0.08432038  0.09051622 -0.02108044]
 [-0.01075481  0.05775001  0.09347248 -0.05733101 -0.01711648]
 [-0.12699399 -0.13820452 -0.27301335 -0.09933546 -0.07187322]]
U = [[ 0.14704695  0.17509971  0.34789878  0.35685064 -0.01379443]
 [-0.30800679 -0.07471155  0.12164247  0.09341139  0.15202064]
 [ 0.08181017 -0.08811071 -0.23341348 -0.14112135  0.13506518]
 [ 0.29948638  0.04226844  0.23867029 -0.026132   -0.09073399]
 [-0.17594318  0.02012164 -0.21996479  0.02912326 -0.07046312]]
Matrix Pair 51; W = [[ 0.15403114  0.07198801  0.16133999 -0.13392545 -0.03448144]
 [-0.15109732 -0.31135802 -0.03150688  0.2321819  -0.11565885]
 [ 0.03496392  0.01774716 -0.05559     0.07557937  0.03848876]
 [-0.03280365  0.12003645  0.11973093 -0.0035408  -0.02744881]
 [-0.11239277 -0.17770389 -0.29787274 -0.141017   -0.06868556]]
U = [[ 0.14235796  0.12056638  0.29198342  0.32967928  0.00581833]
 [-0.27384387 -0.03669728  0.09712215  0.14472633  0.19709728]
 [ 0.09470425 -0.05770132 -0.26526421 -0.13934348  0.14595474]
 [ 0.28386415  0.0043287   0.31990969 -0.02365847 -0.11551963]
 [-0.16130991  0.05484363 -0.28466931  0.01373803 -0.03816744]]
Matrix Pair 52; W = [[ 0.14543049  0.06945465  0.16046709 -0.12177962  0.0249982 ]
 [-0.13890701 -0.34819749 -0.04659789  0.23052519 -0.08225869]
 [ 0.03633582 -0.01450562 -0.07380273  0.10381917  0.03064377]
 [ 0.02309772  0.15116488  0.13370383 -0.0762509  -0.05236136]
 [-0.14528699 -0.19266792 -0.2391351  -0.06316137 -0.01029461]]
U = [[ 0.16725455  0.18111174  0.28345778  0.33291371 -0.00055036]
 [-0.26249888 -0.02747348  0.11107185  0.16602131  0.19429076]
 [ 0.05297021 -0.07444367 -0.23831523 -0.05727269  0.11480357]
 [ 0.23322015 -0.00757638  0.26665081 -0.07075387 -0.06372819]
 [-0.11820412  0.0474267  -0.26627817 -0.03394907  0.01013206]]
Matrix Pair 53; W = [[ 0.13677005  0.01509312  0.09092085 -0.09190133  0.00415739]
 [-0.07685579 -0.36018315 -0.09373133  0.29235896 -0.03683817]
 [ 0.05145058 -0.0208026  -0.05738023  0.10844684  0.04726351]
 [-0.03324169  0.06052577  0.17203784 -0.04829061 -0.02232011]
 [-0.12431637 -0.19234144 -0.20837396 -0.0608864  -0.02607571]]
U = [[ 0.12432287  0.14832518  0.34753153  0.34642308 -0.08473798]
 [-0.2970176   0.00819408  0.10687639  0.10200817  0.17438156]
 [ 0.09333309 -0.09161236 -0.21872403 -0.14019763  0.1165566 ]
 [ 0.26686928  0.00414639  0.32004501 -0.09370099 -0.05557583]
 [-0.17778029  0.06465605 -0.24007327 -0.03177067 -0.02758321]]
Matrix Pair 54; W = [[ 0.19812587  0.05431674  0.12876797 -0.14394938  0.02367444]
 [-0.06733711 -0.33249958 -0.08399946  0.2142445  -0.0419288 ]
 [ 0.03729991 -0.00586305 -0.06293517  0.04081691 -0.01767245]
 [ 0.03844061  0.13664511  0.10759141 -0.08406107 -0.05271029]
 [-0.16737097 -0.18138185 -0.25610344 -0.09871672 -0.03522429]]
U = [[ 0.12471387  0.13368055  0.32306545  0.32694401 -0.00522884]
 [-0.23380553 -0.0860363   0.13170898  0.16672432  0.18507666]
 [ 0.04153277 -0.06595675 -0.19816498 -0.13968489  0.16892278]
 [ 0.23958195  0.05160956  0.31003097 -0.08052082 -0.05557877]
 [-0.14933003  0.0020456  -0.24651953  0.00384549  0.02191787]]
Matrix Pair 55; W = [[ 0.11353692 -0.01051742  0.13887639 -0.12521176  0.00581188]
 [-0.14209184 -0.29489918 -0.03988418  0.24455489 -0.12284402]
 [ 0.02774123  0.02301567 -0.12226284  0.07029541  0.04479012]
 [-0.01965402  0.13750177  0.09950414 -0.0441414  -0.03571174]
 [-0.11662548 -0.11826088 -0.271597   -0.05924521  0.01975222]]
U = [[ 0.17170928  0.1772612   0.35159915  0.31663818 -0.05125311]
 [-0.27620983  0.00188414  0.05537145  0.09067364  0.17958548]
 [ 0.06809137 -0.10421448 -0.21851983 -0.11450138  0.1760961 ]
 [ 0.24093514 -0.00487867  0.28840549 -0.04718329 -0.10112905]
 [-0.16312941  0.03408645 -0.27044354 -0.01748173 -0.00057371]]
Matrix Pair 56; W = [[ 0.1411602   0.0606935   0.16063304 -0.16931968 -0.00200115]
 [-0.08276211 -0.31977801 -0.01015704  0.26131192 -0.05004753]
 [ 0.04077333  0.03318355 -0.14280663  0.02560528 -0.02582057]
 [ 0.01087414  0.06112687  0.13221031 -0.02277788 -0.01456442]
 [-0.17499983 -0.16470805 -0.22811632 -0.06489725 -0.05992238]]
U = [[ 0.1217901   0.20073077  0.28595513  0.321418   -0.07270955]
 [-0.27891776 -0.02425446  0.04847627  0.1224636   0.15928803]
 [ 0.04398886 -0.13075873 -0.27598373 -0.06817804  0.18235882]
 [ 0.25918714  0.05083215  0.28199291 -0.09027275 -0.10871178]
 [-0.11221729  0.0618585  -0.25996725 -0.01779452 -0.02989809]]
Matrix Pair 57; W = [[ 0.14176581  0.07778836  0.1755216  -0.12819768 -0.03956621]
 [-0.10585581 -0.27885377 -0.01927365  0.27784191 -0.10811103]
 [ 0.00518554  0.02107988 -0.10021406  0.05679795  0.01454774]
 [-0.03151679  0.11547225  0.08770412  0.01058379  0.00039218]
 [-0.14649517 -0.12594157 -0.24378175 -0.05852315 -0.03886791]]
U = [[ 0.18021884  0.16317582  0.35849515  0.27595509 -0.06157945]
 [-0.22947426  0.00252441  0.05991865  0.11225036  0.19841989]
 [ 0.10205196 -0.04474586 -0.25300513 -0.13075926  0.10052846]
 [ 0.28871545 -0.04337867  0.28895257 -0.08134737 -0.12376212]
 [-0.1786068   0.0183342  -0.30787966 -0.05134303  0.0014174 ]]
Matrix Pair 58; W = [[ 0.13633234  0.05755687  0.17408369 -0.09244088  0.02312449]
 [-0.06785803 -0.34660341 -0.07878453  0.19569872 -0.03752846]
 [ 0.00410577  0.0012824  -0.04570384  0.07278885  0.01459034]
 [ 0.01101361  0.12290383  0.11060178 -0.05095271 -0.04901361]
 [-0.12890313 -0.13269503 -0.21923305 -0.08663749  0.01412958]]
U = [[ 0.09995456  0.14236025  0.29008642  0.2896967  -0.03611405]
 [-0.30417458 -0.04088459  0.04523457  0.13909132  0.14687103]
 [ 0.03352865 -0.08895574 -0.26136702 -0.07217107  0.1331702 ]
 [ 0.24155471 -0.00694624  0.30061169 -0.11088212 -0.02536167]
 [-0.17327756  0.00551877 -0.26431567  0.0337904  -0.02997842]]
Matrix Pair 59; W = [[ 1.14685723e-01  3.23452880e-02  1.44239045e-01 -9.00803470e-02
   1.60563033e-03]
 [-1.33639893e-01 -2.82793434e-01 -2.39227715e-02  2.87941185e-01
  -6.57078628e-02]
 [-3.89565102e-02  1.90710618e-04 -9.99846283e-02  5.34260746e-02
   4.06797193e-02]
 [ 5.04966545e-05  7.85469682e-02  1.02910716e-01 -6.25369665e-02
  -3.68387917e-02]
 [-1.42846563e-01 -2.01152426e-01 -2.31706376e-01 -1.32593252e-01
  -5.42725795e-02]]
U = [[ 0.09010422  0.13847003  0.35879854  0.32040229 -0.03063674]
 [-0.23487865  0.00169531  0.09383497  0.10447525  0.17122667]
 [ 0.06935089 -0.08235371 -0.21634812 -0.12461232  0.12610585]
 [ 0.23964254 -0.00702861  0.29631568 -0.02678341 -0.1150117 ]
 [-0.11944864  0.0222013  -0.28402415 -0.00373156 -0.05036472]]
Matrix Pair 60; W = [[ 0.1053835   0.04860807  0.11808938 -0.1707166   0.01256778]
 [-0.08268742 -0.33270638 -0.06238701  0.2946803  -0.05164055]
 [-0.03413266 -0.01530607 -0.13701501  0.11676072  0.02375521]
 [-0.00196983  0.06226488  0.08431605 -0.05670987 -0.05577839]
 [-0.08053386 -0.18096106 -0.27617213 -0.14821968  0.00198962]]
U = [[ 0.14910338  0.12851769  0.28743795  0.28142871 -0.04665013]
 [-0.283785    0.00691597  0.04479873  0.12658713  0.18271941]
 [ 0.08218669 -0.0820173  -0.20635774 -0.09977139  0.16537828]
 [ 0.26100259  0.0215038   0.26688793 -0.08345032 -0.11810443]
 [-0.20307986  0.04673437 -0.31022754 -0.04053713  0.02522635]]
Matrix Pair 61; W = [[ 0.15770496 -0.00853544  0.1566125  -0.08857019 -0.00692093]
 [-0.1549985  -0.28385544 -0.09303433  0.28998286 -0.08112133]
 [ 0.0157229   0.03683797 -0.04500405  0.10698396  0.02255937]
 [ 0.03184638  0.1198662   0.14295646 -0.00466129 -0.01451392]
 [-0.10967178 -0.13461474 -0.29476264 -0.14671448 -0.04917505]]
U = [[ 0.11294259  0.13350106  0.29961047  0.29227581 -0.048527  ]
 [-0.30356461 -0.0165983   0.03385987  0.10552514  0.2073095 ]
 [ 0.09871428 -0.04843756 -0.21712977 -0.11845059  0.12695048]
 [ 0.29918944  0.02421078  0.25402222 -0.09332294 -0.03973428]
 [-0.15093521  0.00680328 -0.21231049 -0.02354411  0.00960556]]
Matrix Pair 62; W = [[ 0.15224478  0.07709751  0.08980813 -0.14226227 -0.01079154]
 [-0.1328829  -0.27113496 -0.01909806  0.22886574 -0.08150596]
 [ 0.03174486  0.01199569 -0.05474844  0.09244046  0.05710075]
 [-0.00736332  0.07301069  0.17679036 -0.0605925  -0.06559962]
 [-0.14475926 -0.15683513 -0.2480825  -0.10167895 -0.01151588]]
U = [[ 0.10715282  0.2091856   0.27334617  0.35491017 -0.00571725]
 [-0.2766684  -0.05709753  0.06603938  0.13670941  0.21002956]
 [ 0.08499392 -0.06740514 -0.23981393 -0.09461505  0.10946284]
 [ 0.23583122  0.03547012  0.28471653 -0.06127387 -0.03987944]
 [-0.1262066   0.02572147 -0.21232789  0.00136485 -0.02640891]]
Matrix Pair 63; W = [[ 0.1530618   0.08293654  0.18073465 -0.08611123  0.02235669]
 [-0.07484045 -0.33876836 -0.06235231  0.23495136 -0.06321672]
 [-0.04078931  0.03351685 -0.14204001  0.11528819  0.04100743]
 [-0.04963067  0.05710423  0.16080034 -0.05934816 -0.0303346 ]
 [-0.09935506 -0.17864582 -0.23013395 -0.09838279 -0.06124208]]
U = [[ 0.14572145  0.19741207  0.28585381  0.33074583 -0.08871615]
 [-0.31354542  0.00829569  0.12848519  0.15013475  0.21062606]
 [ 0.03066316 -0.05139583 -0.26607971 -0.14374029  0.12931598]
 [ 0.22998228  0.02592775  0.28594481 -0.02698823 -0.04398819]
 [-0.1589692   0.02882921 -0.27179934 -0.02635396 -0.01649312]]
Matrix Pair 64; W = [[ 0.16540019  0.02377994  0.09326067 -0.10468766  0.01500307]
 [-0.15481255 -0.38082205 -0.03524986  0.25852909 -0.08296257]
 [-0.03072947 -0.01104016 -0.09798252  0.06606883 -0.05524304]
 [-0.02127099  0.08554937  0.14030419 -0.00534403 -0.06515545]
 [-0.15732494 -0.08038506 -0.17312895 -0.15965436 -0.01930505]]
U = [[ 0.15373516  0.12258958  0.29242972  0.38982739 -0.04009515]
 [-0.32469637 -0.08805399  0.06522899  0.14978959  0.158324  ]
 [ 0.05576051 -0.0800918  -0.17930111 -0.18600482  0.12951559]
 [ 0.33675258 -0.03829763  0.23456222 -0.00672769 -0.16601822]
 [-0.10450094  0.04844861 -0.27682473 -0.07009185 -0.03582291]]
Matrix Pair 65; W = [[ 0.17961089  0.06612619  0.10913437 -0.05465523  0.07387384]
 [-0.14333474 -0.33445836 -0.0441016   0.20685988 -0.0653159 ]
 [-0.02676634  0.00794969 -0.09328541 -0.00311311 -0.09769585]
 [-0.08623225  0.09962352  0.13084839 -0.00620142 -0.10044268]
 [-0.07414058 -0.02579934 -0.20565737 -0.19492856 -0.01769638]]
U = [[ 0.06918982  0.19068328  0.31189174  0.31602349 -0.04947603]
 [-0.3459437  -0.14439173  0.06882931  0.08246273  0.20741203]
 [ 0.0540297  -0.08076582 -0.17058299 -0.17933934  0.13321368]
 [ 0.3279354  -0.02360361  0.22753428 -0.00212414 -0.13140513]
 [-0.1298458   0.00909039 -0.33650961 -0.04417824 -0.04728021]]
Matrix Pair 66; W = [[ 0.16066008  0.05853932  0.14883775 -0.14442387  0.02530938]
 [-0.13227008 -0.30480393 -0.08179265  0.28522929 -0.06278089]
 [ 0.04402065 -0.00657011 -0.09018973  0.03050656 -0.10534186]
 [-0.01692651  0.07857615  0.13727788 -0.04961437 -0.07186273]
 [-0.1505693  -0.09978554 -0.19749029 -0.1426056  -0.00481505]]
U = [[ 0.12322513  0.1989873   0.25421423  0.29695351 -0.01175396]
 [-0.39133185 -0.09976587  0.12828599  0.10072655  0.1678919 ]
 [ 0.01476667 -0.15982909 -0.21185269 -0.16789485  0.16161705]
 [ 0.30552658  0.03255647  0.23908337 -0.05403801 -0.15128882]
 [-0.08061434  0.00836547 -0.33091605 -0.074107   -0.09217913]]
Matrix Pair 67; W = [[ 0.17176869 -0.02076286  0.08125053 -0.1397167   0.06583735]
 [-0.16642494 -0.31526771 -0.04539645  0.26530774 -0.09538909]
 [ 0.02642637 -0.00647846 -0.0476563  -0.02133135 -0.09378251]
 [-0.0260879   0.14178122  0.14483938 -0.09329438 -0.12177896]
 [-0.07285466 -0.04463072 -0.16179802 -0.20798591 -0.05605966]]
U = [[ 0.12493466  0.13163615  0.33943114  0.36451311 -0.03724023]
 [-0.39969921 -0.08288223  0.05989653  0.15887019  0.19033526]
 [ 0.01350981 -0.12076945 -0.17700401 -0.17736937  0.17945313]
 [ 0.2752938  -0.02275622  0.21338557 -0.00086193 -0.18073009]
 [-0.12315329  0.02888858 -0.32661175 -0.02978361 -0.02129223]]
Matrix Pair 68; W = [[ 0.16963841 -0.00357692  0.10048593 -0.07742615  0.07436569]
 [-0.12504282 -0.3610047  -0.06576846  0.26605423 -0.13829719]
 [ 0.04815018 -0.00223367 -0.10539829  0.02858322 -0.0543073 ]
 [-0.02751512  0.09687123  0.19157722 -0.01345217 -0.08289048]
 [-0.11888079 -0.07876995 -0.23075288 -0.1639148  -0.02327744]]
U = [[ 0.0713349   0.13675229  0.34144005  0.33657954  0.00815968]
 [-0.30810776 -0.08698664  0.08217211  0.1121722   0.1791452 ]
 [ 0.0336143  -0.07245794 -0.17732057 -0.12308552  0.19822682]
 [ 0.32196355 -0.0073588   0.22630541 -0.02409872 -0.16246457]
 [-0.09776456 -0.0181137  -0.31503965 -0.04949888 -0.08409102]]
Matrix Pair 69; W = [[ 0.14511482  0.00779958  0.14803761 -0.06030245  0.07860143]
 [-0.09246004 -0.34376613 -0.02247894  0.28490866 -0.12877053]
 [-0.01160236  0.0194502  -0.09152908 -0.01061483 -0.08887575]
 [-0.07743851  0.1277661   0.13963624 -0.05350097 -0.11762506]
 [-0.13536803 -0.0293894  -0.16461096 -0.12978607 -0.07208045]]
U = [[ 0.1011707   0.17424753  0.30412704  0.33319071 -0.01989315]
 [-0.37861032 -0.12527775  0.06944167  0.10994814  0.22172553]
 [ 0.00978818 -0.0833532  -0.19576033 -0.11159749  0.19689348]
 [ 0.28051758 -0.03372141  0.25947818 -0.04513226 -0.14214843]
 [-0.08768156  0.00519617 -0.31736667 -0.11500505 -0.0883062 ]]
Matrix Pair 70; W = [[ 0.22163252  0.02062716  0.10426663 -0.11503089  0.00652964]
 [-0.14244152 -0.31499297 -0.01559021  0.21810199 -0.1174834 ]
 [ 0.03697153 -0.04757404 -0.03265299 -0.02176059 -0.01976207]
 [-0.08871335  0.15989531  0.19428399 -0.09362613 -0.09213968]
 [-0.12468175 -0.07159762 -0.19633351 -0.18234607 -0.06647291]]
U = [[ 0.12360299  0.17225292  0.28342564  0.31090274  0.00813444]
 [-0.40267224 -0.05280352  0.05963607  0.11099861  0.22863385]
 [ 0.06068655 -0.09107489 -0.25671625 -0.1777202   0.21625967]
 [ 0.24997616  0.01711504  0.22372984 -0.0616779  -0.12172763]
 [-0.12682146 -0.02497206 -0.29182807 -0.10307186 -0.05854227]]
Matrix Pair 71; W = [[ 0.17960476 -0.02564974  0.12088304 -0.04937972  0.02761883]
 [-0.1687156  -0.3029808  -0.07260802  0.28181417 -0.08488509]
 [ 0.04181745 -0.04626681 -0.09718979  0.00832532 -0.07278482]
 [-0.10266982  0.09095659  0.12431144 -0.06222159 -0.09488481]
 [-0.07329939 -0.05002006 -0.17294749 -0.15522296 -0.07387144]]
U = [[ 0.11769403  0.14314046  0.27981529  0.364629   -0.07896437]
 [-0.37365123 -0.06474543  0.09602828  0.17776738  0.21991874]
 [ 0.00562363 -0.12666781 -0.20378269 -0.12998714  0.14878723]
 [ 0.2773587  -0.02984434  0.1745958  -0.09299156 -0.16414446]
 [-0.07325025  0.05493061 -0.32341282 -0.07869457 -0.02718246]]
Matrix Pair 72; W = [[ 0.15967533  0.06241014  0.13586791 -0.10819802  0.01595784]
 [-0.12397266 -0.32297992 -0.02660606  0.19473852 -0.13407871]
 [ 0.02089153 -0.0134561  -0.06250843  0.06405168 -0.10347901]
 [-0.03438279  0.12450238  0.12019421 -0.04095673 -0.12967512]
 [-0.10173121 -0.10145042 -0.2173791  -0.17224285 -0.05453795]]
U = [[ 0.09026934  0.1234211   0.33198817  0.32938763 -0.05079213]
 [-0.31638743 -0.09158336  0.04923715  0.12578798  0.2090942 ]
 [ 0.00383828 -0.08530926 -0.16641753 -0.19570109  0.19821431]
 [ 0.33656965 -0.02624999  0.20732533 -0.04695166 -0.1376988 ]
 [-0.13869729  0.03254688 -0.33201564 -0.04945546 -0.07156688]]
Matrix Pair 73; W = [[ 0.17642525  0.05396159  0.10129765 -0.11489954  0.04221776]
 [-0.16123626 -0.34199391  0.01127629  0.28946967 -0.13877818]
 [-0.03485445  0.00628462 -0.08721754  0.00670355 -0.08601602]
 [-0.03225065  0.11580943  0.19163424 -0.02923371 -0.10894776]
 [-0.14170918 -0.02885695 -0.16164057 -0.18228929 -0.06527026]]
U = [[ 0.11608615  0.17312532  0.30853374  0.35797555 -0.06120669]
 [-0.39550108 -0.14648141  0.04597985  0.09382746  0.16318665]
 [ 0.02683846 -0.11510598 -0.19869628 -0.12713893  0.11874398]
 [ 0.33609344  0.04086424  0.26832613 -0.07939856 -0.14125396]
 [-0.09493382  0.02974096 -0.2642071  -0.04916765 -0.0320635 ]]
Matrix Pair 74; W = [[ 0.21235571  0.02519408  0.13073696 -0.06249921 -0.00759152]
 [-0.09253988 -0.32231882  0.00331354  0.21261418 -0.13099565]
 [ 0.04715212  0.04598759 -0.09691623  0.06690131 -0.04694122]
 [-0.08523257  0.15304708  0.15591426 -0.04784959 -0.13575763]
 [-0.09490525 -0.10383601 -0.19039005 -0.18121683 -0.01944719]]
U = [[ 0.12527991  0.12554378  0.30851965  0.34007296 -0.04275963]
 [-0.32026848 -0.09818653  0.05510471  0.1657655   0.21421179]
 [ 0.07151046 -0.11945616 -0.19434129 -0.19787806  0.19257296]
 [ 0.26385107  0.00905487  0.21133943 -0.0338863  -0.14177416]
 [-0.10133351  0.00591147 -0.31609646 -0.07103128 -0.07080438]]
Matrix Pair 75; W = [[ 0.14021362  0.00208744  0.15311957 -0.12294218  0.01507404]
 [-0.09893375 -0.36506623 -0.04834409  0.24670714 -0.05976884]
 [-0.02820296 -0.02523291 -0.03531927  0.0707787  -0.07867068]
 [-0.01725914  0.11091711  0.16427742 -0.0265174  -0.13480896]
 [-0.10211095 -0.05176088 -0.15378658 -0.14068489 -0.01186741]]
U = [[ 0.06138478  0.20206909  0.27368499  0.35200747  0.01017464]
 [-0.38485133 -0.15116053  0.10925641  0.09948138  0.2349327 ]
 [ 0.07243247 -0.13731053 -0.2359098  -0.16356603  0.18393387]
 [ 0.30756245 -0.00794705  0.21038518 -0.02850777 -0.10876541]
 [-0.05853583 -0.02945165 -0.30111843 -0.03649252 -0.08258149]]
Matrix Pair 76; W = [[ 0.20302431 -0.01003595  0.16688953 -0.08273008  0.00731375]
 [-0.08674893 -0.31470413 -0.00336125  0.2525967  -0.12859015]
 [ 0.00424533  0.0168759  -0.10094813 -0.01770837 -0.09279639]
 [-0.01035427  0.15580957  0.18237733 -0.05522264 -0.06171236]
 [-0.08177861 -0.0587165  -0.21686809 -0.16787343 -0.08002887]]
U = [[ 0.1503238   0.13649618  0.29882454  0.38997921  0.01038126]
 [-0.36914725 -0.07200782  0.04320976  0.10901494  0.1644316 ]
 [ 0.00281849 -0.11659034 -0.23649317 -0.11532142  0.16891003]
 [ 0.25328832  0.04266117  0.18941677 -0.01492412 -0.18581557]
 [-0.11224722  0.0085846  -0.29368397 -0.03500164 -0.0317603 ]]
Matrix Pair 77; W = [[ 0.17406065  0.03041508  0.1233778  -0.14201319  0.00053321]
 [-0.07904858 -0.38054114 -0.04728519  0.28471659 -0.14503544]
 [-0.01862783  0.04765412 -0.04080365  0.03413323 -0.04154307]
 [-0.09506447  0.14788762  0.19321136 -0.06414764 -0.0541708 ]
 [-0.1446706  -0.1073449  -0.20979203 -0.17714031 -0.07123315]]
U = [[ 0.09033147  0.13865109  0.25140608  0.36859951 -0.00410227]
 [-0.37020015 -0.13866192  0.07269228  0.08413528  0.16969903]
 [ 0.08515386 -0.07159899 -0.24949668 -0.18181633  0.16878827]
 [ 0.32025114  0.03009162  0.26629441 -0.09956912 -0.19827545]
 [-0.14016717 -0.02810664 -0.25195598 -0.10246572 -0.03353502]]
Matrix Pair 78; W = [[ 0.21492954 -0.02288936  0.07707492 -0.09666388  0.06786578]
 [-0.15621839 -0.33144517  0.0060465   0.282643   -0.08185988]
 [-0.01950276  0.04137212 -0.07440951  0.06055871 -0.07562817]
 [-0.08481223  0.08566524  0.15580926 -0.09863389 -0.13205476]
 [-0.07930882 -0.02015388 -0.21516794 -0.17320367 -0.08559607]]
U = [[ 0.10510057  0.17916138  0.24410563  0.31609159 -0.00431772]
 [-0.40086944 -0.08015092  0.08028711  0.17262443  0.22813151]
 [ 0.00850817 -0.12777433 -0.21841654 -0.17656058  0.17633901]
 [ 0.29551688 -0.02697755  0.17638008 -0.01177243 -0.13001038]
 [-0.1193725   0.03620777 -0.28766723 -0.11120792 -0.10572875]]
Matrix Pair 79; W = [[ 0.19359469  0.04752961  0.08822546 -0.10172097  0.02832119]
 [-0.14249612 -0.34480473 -0.07426822  0.29251974 -0.0704696 ]
 [-0.03802562  0.00216874 -0.07019039  0.06726587 -0.07285331]
 [-0.02795907  0.07877787  0.11223535 -0.02565894 -0.10362108]
 [-0.12858555 -0.08235753 -0.17957401 -0.2020948  -0.01705644]]
U = [[ 0.11022852  0.16388069  0.28039227  0.34232449 -0.02706688]
 [-0.32328087 -0.05213176  0.04508035  0.10790749  0.14921994]
 [ 0.01694967 -0.07610886 -0.26454499 -0.14525224  0.20241663]
 [ 0.26392665  0.02509759  0.23281183 -0.09926852 -0.1215694 ]
 [-0.11787645 -0.02205252 -0.30212622 -0.07163992 -0.04918685]]
Matrix Pair 80; W = [[ 0.20908741 -0.00620896  0.11945356 -0.11484201  0.10462097]
 [-0.09861378 -0.29514216 -0.10607606  0.28509116 -0.08373124]
 [-0.00347821  0.03376791 -0.07842163  0.00441869  0.03929117]
 [-0.00270399  0.04370301  0.06706983 -0.09377717 -0.0254092 ]
 [-0.16152568 -0.14535829 -0.2662849  -0.09524117 -0.04914193]]
U = [[ 0.22584116  0.13260712  0.26636646  0.25845687 -0.00184158]
 [-0.3102294  -0.03746865  0.09774077  0.10063624  0.19951817]
 [ 0.09935221 -0.14126963 -0.21290361 -0.07766092  0.20779657]
 [ 0.21116691 -0.00795077  0.19743656 -0.05241728 -0.11030003]
 [-0.11332918 -0.02848343 -0.25342226 -0.0228408   0.01743234]]
Matrix Pair 81; W = [[ 0.18506263 -0.00384823  0.10780753 -0.19184025  0.05344651]
 [-0.08107794 -0.32933883 -0.10318109  0.28613054 -0.10573529]
 [-0.07104938 -0.03087829 -0.06208699  0.07985938 -0.02342487]
 [-0.01973638  0.06535694  0.0762988  -0.01913901 -0.01740903]
 [-0.08329847 -0.19125271 -0.23972025 -0.18336589 -0.05857903]]
U = [[ 0.22350717  0.15965515  0.24737148  0.32916428 -0.07367403]
 [-0.31316627 -0.06916695  0.03505055  0.17903442  0.18459275]
 [ 0.07084067 -0.10663331 -0.18211111 -0.14526137  0.16312961]
 [ 0.28746451 -0.03745542  0.21440793 -0.05378645 -0.16855736]
 [-0.09628351 -0.06405191 -0.28744279 -0.00841468 -0.02708245]]
Matrix Pair 82; W = [[ 2.74615326e-01  3.13657617e-02  2.00933877e-01 -1.84934034e-01
   5.24990371e-02]
 [-1.52947193e-01 -2.98859786e-01 -4.62161399e-02  2.56443756e-01
  -1.14956209e-01]
 [-1.42326992e-02 -3.77370441e-02 -4.89099758e-02  7.56287521e-02
  -4.61208089e-02]
 [-4.58034052e-05  9.66289668e-02  1.17668499e-01 -1.98814887e-02
  -5.04038689e-02]
 [-1.54936707e-01 -2.01850095e-01 -2.52839001e-01 -1.30166845e-01
  -5.38813949e-02]]
U = [[ 0.21192661  0.15370374  0.23071767  0.2546971  -0.03755533]
 [-0.27378505 -0.05873487  0.05036395  0.17872338  0.17901522]
 [ 0.09175687 -0.1405515  -0.22511959 -0.16104818  0.1746197 ]
 [ 0.28396301 -0.02673438  0.29617778 -0.01555606 -0.13148537]
 [-0.09025332 -0.03912391 -0.29612837  0.01871941 -0.0433296 ]]
Matrix Pair 83; W = [[ 0.22555062  0.00062478  0.16879552 -0.17124756  0.09278097]
 [-0.12255325 -0.3704647  -0.0842216   0.26780582 -0.08756351]
 [-0.03097782 -0.05366516 -0.0738858  -0.00308998  0.02289356]
 [-0.05591716  0.10725006  0.12228214 -0.09397477 -0.08630064]
 [-0.15415883 -0.14610708 -0.21273912 -0.11979426 -0.00997066]]
U = [[ 0.15501464  0.13313121  0.23436271  0.27305546 -0.015622  ]
 [-0.25041453 -0.08393914  0.01043091  0.16447869  0.22501972]
 [ 0.07848614 -0.06997283 -0.18370032 -0.14577318  0.17797575]
 [ 0.25296033 -0.02275874  0.19942765 -0.1064034  -0.15487641]
 [-0.0373078   0.0325575  -0.2278568  -0.05104055  0.01214645]]
Matrix Pair 84; W = [[ 0.25745485 -0.02163977  0.14297987 -0.14853939  0.11346423]
 [-0.1517691  -0.3591068  -0.02809841  0.22946692 -0.04605351]
 [-0.02995377 -0.05004998 -0.04607751  0.05401782  0.02792912]
 [-0.01338488  0.11244887  0.12365017 -0.08140009 -0.0621308 ]
 [-0.11100123 -0.17178495 -0.27637869 -0.14952518 -0.0480048 ]]
U = [[ 0.20923323  0.20337917  0.26169673  0.28921311 -0.01210824]
 [-0.3171813  -0.04560069  0.04120701  0.13877185  0.16535231]
 [ 0.06185973 -0.10301333 -0.2489491  -0.06324361  0.14955305]
 [ 0.30016547 -0.0150785   0.27821563 -0.05760384 -0.08597372]
 [-0.04055213  0.02511934 -0.30847645 -0.01640987  0.02156688]]
Matrix Pair 85; W = [[ 0.25273364 -0.01407506  0.16023993 -0.15579521  0.09122049]
 [-0.11882501 -0.31013277 -0.07817191  0.21932155 -0.13071418]
 [-0.07570055 -0.01518225 -0.11785174  0.01971921 -0.00141126]
 [-0.01765374  0.04749375  0.07470386 -0.03601818 -0.00607483]
 [-0.13115931 -0.1285304  -0.24196656 -0.12986833 -0.07227598]]
U = [[ 0.20818349  0.16362952  0.30869433  0.28932737 -0.06585071]
 [-0.28687888 -0.07319999  0.05116606  0.09177781  0.16233209]
 [ 0.08331647 -0.08811988 -0.25650146 -0.09711811  0.18390852]
 [ 0.23943464 -0.07989971  0.25532927 -0.02910132 -0.14893738]
 [-0.02179553 -0.00199923 -0.23331113 -0.02309047 -0.0172639 ]]
Matrix Pair 86; W = [[ 0.26513485 -0.00953328  0.16757552 -0.18818942  0.02644373]
 [-0.1241598  -0.28598502 -0.07976678  0.27247918 -0.03886899]
 [-0.01806437 -0.04044862 -0.12774847  0.08895497 -0.0469337 ]
 [ 0.03175499  0.02134803  0.10410285 -0.00492135 -0.05143849]
 [-0.06713639 -0.19140766 -0.27377316 -0.13271288 -0.07688845]]
U = [[ 0.19164817  0.19376599  0.31434412  0.24212964 -0.06283359]
 [-0.31220667 -0.10613447  0.07433445  0.10365893  0.25083917]
 [ 0.05379927 -0.16558846 -0.27352412 -0.11542741  0.16218135]
 [ 0.20953082  0.0025251   0.25151761 -0.10891028 -0.15292138]
 [-0.08575968  0.02841933 -0.25082333 -0.02200694  0.01604007]]
Matrix Pair 87; W = [[ 0.22944861 -0.02353161  0.16416251 -0.15849526  0.10000777]
 [-0.14355878 -0.31640363 -0.04827401  0.23621245 -0.12633838]
 [-0.02426693 -0.03779853 -0.12454461  0.03554203 -0.05161044]
 [-0.04038518  0.0621153   0.07874487 -0.0713159   0.0070877 ]
 [-0.07526745 -0.12870494 -0.21999032 -0.17635431 -0.05667362]]
U = [[ 0.16086125  0.18206085  0.28947597  0.30446665  0.00077165]
 [-0.33681463 -0.08259291  0.02649258  0.1348371   0.20418154]
 [ 0.03849815 -0.1446976  -0.27931244 -0.11574198  0.20734371]
 [ 0.28108855 -0.03356716  0.2718438  -0.07390651 -0.1430596 ]
 [-0.11057425 -0.04248184 -0.27697259 -0.03204731 -0.06220865]]
Matrix Pair 88; W = [[ 0.23443752 -0.02072675  0.16652202 -0.14506466  0.05083054]
 [-0.12443879 -0.30318144 -0.02798903  0.21462651 -0.13081781]
 [-0.05945868  0.03117003 -0.11236518  0.064798   -0.01044537]
 [ 0.00286461  0.07035736  0.10206018 -0.00435566 -0.00872955]
 [-0.08953164 -0.16252158 -0.23682601 -0.11935055 -0.07947868]]
U = [[ 0.15277538  0.19702841  0.31408441  0.28695901 -0.06825151]
 [-0.29453622 -0.10407688  0.01426809  0.15962589  0.18923837]
 [ 0.02383023 -0.08653835 -0.21635945 -0.13054475  0.21048788]
 [ 0.21763433 -0.05496095  0.28585135 -0.10260082 -0.10660327]
 [-0.07656413 -0.02171667 -0.25442727  0.00958215 -0.06327866]]
Matrix Pair 89; W = [[ 0.19283051 -0.0208439   0.10958177 -0.16786968  0.02921486]
 [-0.16228525 -0.35819971 -0.05633252  0.26522835 -0.12755319]
 [ 0.0148842  -0.03245154 -0.0737635   0.06214433  0.00828608]
 [-0.05029904  0.07910305  0.06902752 -0.08988713 -0.01518326]
 [-0.08810406 -0.11948068 -0.25075362 -0.11668264 -0.0182353 ]]
U = [[ 0.1828249   0.21485665  0.23282685  0.25188904 -0.05838752]
 [-0.33131278 -0.07671663  0.05138866  0.16155775  0.21899125]
 [ 0.10453845 -0.11638642 -0.22068065 -0.11864461  0.2096765 ]
 [ 0.30688611 -0.08962062  0.29195495 -0.06086026 -0.11737435]
 [-0.11154549 -0.02017758 -0.28341573 -0.01318615 -0.05561678]]
Matrix Pair 90; W = [[ 0.28216064 -0.03394845  0.11006541 -0.15540707  0.10980336]
 [-0.1711396  -0.37686321 -0.05584794  0.21591715 -0.09798545]
 [-0.02037425  0.01146226 -0.111539    0.08279956 -0.04959511]
 [ 0.0229484   0.02199965  0.06819816 -0.08054104 -0.07570793]
 [-0.09065595 -0.14492955 -0.19339688 -0.14227734 -0.04827614]]
U = [[ 0.1882241   0.20009394  0.30775904  0.25103794 -0.06136132]
 [-0.34558532 -0.10011435  0.05990854  0.09364851  0.15395418]
 [ 0.05163294 -0.11627462 -0.24774203 -0.11782745  0.18010957]
 [ 0.26267998 -0.06793339  0.29548003 -0.10758558 -0.13370161]
 [-0.03702154  0.01388831 -0.26763403  0.00340024 -0.07386829]]
Matrix Pair 91; W = [[ 0.19405778  0.0131435   0.15381923 -0.10137695  0.10028204]
 [-0.08680504 -0.31306939 -0.07809605  0.23716768 -0.12379218]
 [ 0.02295947 -0.05033046 -0.07756072  0.03356547 -0.01386072]
 [-0.04995777  0.06951893  0.13049767 -0.008516   -0.06302927]
 [-0.1384499  -0.12360117 -0.19082691 -0.11321    -0.02947075]]
U = [[ 0.16785444  0.15738417  0.31793941  0.25204728 -0.0363913 ]
 [-0.31418861 -0.04142216  0.00765401  0.157973    0.20793099]
 [ 0.08314191 -0.0982739  -0.18155494 -0.1605787   0.2096651 ]
 [ 0.28399667 -0.09071734  0.2670921  -0.04941427 -0.16381572]
 [-0.02065257 -0.02645186 -0.23679851 -0.0114851  -0.07450433]]
Matrix Pair 92; W = [[ 0.2037192  -0.0298579   0.11664842 -0.19846636  0.03216942]
 [-0.16859489 -0.32005009 -0.04308095  0.21512639 -0.11600352]
 [-0.07291865  0.03268114 -0.12083463  0.03135823 -0.01100875]
 [-0.0410009   0.10502248  0.09296125 -0.03602255 -0.04608028]
 [-0.10174186 -0.1244303  -0.2627803  -0.12400301 -0.0158721 ]]
U = [[ 0.21150569  0.13834176  0.26883889  0.28821232  0.01414813]
 [-0.27174182 -0.0401382   0.01740838  0.09873778  0.2368126 ]
 [ 0.08056989 -0.0763721  -0.25204787 -0.15694153  0.17269333]
 [ 0.28730683 -0.06605346  0.21147972 -0.05589859 -0.13956691]
 [-0.04967302 -0.00500648 -0.23709402  0.02481078  0.01093124]]
Matrix Pair 93; W = [[ 0.20595174  0.05255404  0.18184401 -0.13934954  0.04275217]
 [-0.09850951 -0.33244139 -0.05166688  0.24687291 -0.08118725]
 [-0.01114556 -0.05110764 -0.06023025  0.08335551  0.02341269]
 [-0.01696135  0.06588707  0.08438106 -0.00266389 -0.06156535]
 [-0.07195469 -0.16746086 -0.20610843 -0.10472306 -0.05447091]]
U = [[ 0.22647619  0.16727051  0.27575399  0.2601642  -0.04930494]
 [-0.26172036 -0.05372934  0.06398721  0.14754735  0.17345113]
 [ 0.09956185 -0.15174034 -0.25735807 -0.06476985  0.1709803 ]
 [ 0.3071223  -0.02175845  0.28357918 -0.10587615 -0.09523562]
 [-0.05993846  0.01055542 -0.27661745  0.04171619  0.01153113]]
Matrix Pair 94; W = [[ 0.27775568 -0.01128836  0.15968037 -0.13651996  0.09723986]
 [-0.11153735 -0.32119378 -0.01240319  0.20634792 -0.04869895]
 [-0.05043152 -0.03747827 -0.11125566  0.09231022  0.00173187]
 [ 0.01196097  0.08927565  0.0607672  -0.0519926  -0.05224086]
 [-0.12299112 -0.15630452 -0.2624879  -0.16514672 -0.02785879]]
U = [[ 0.18680532  0.12764678  0.32185074  0.30323399 -0.05491276]
 [-0.26250364 -0.11450678  0.04231386  0.17793318  0.17337808]
 [ 0.07283092 -0.13076548 -0.24460161 -0.14635342  0.16218121]
 [ 0.25171736 -0.09660688  0.22351351 -0.09190525 -0.09709189]
 [-0.08907823 -0.03463127 -0.24525414 -0.00741073  0.01174357]]
Matrix Pair 95; W = [[ 0.23536781 -0.02498546  0.13857481 -0.1152383   0.06234747]
 [-0.12193513 -0.37769985 -0.1049603   0.22994095 -0.11187509]
 [-0.01601707 -0.02114919 -0.06274295  0.01668222  0.00687522]
 [-0.00475726  0.06648087  0.09970867 -0.01528404 -0.08442861]
 [-0.09966021 -0.13701006 -0.24383133 -0.12881179  0.01664026]]
U = [[ 0.22371569  0.14306136  0.24170037  0.24953873 -0.06516646]
 [-0.29836974 -0.09660981  0.02596696  0.09980445  0.21264989]
 [ 0.1107997  -0.10515733 -0.26474784 -0.08379792  0.14658878]
 [ 0.27412049 -0.02655296  0.21323431 -0.05687624 -0.12136854]
 [-0.06786955 -0.05901518 -0.31834825 -0.04247016  0.00378351]]
Matrix Pair 96; W = [[ 0.22895669  0.05044671  0.10765606 -0.13166733  0.07088897]
 [-0.10194152 -0.30993535 -0.06177992  0.26891445 -0.08308064]
 [-0.0312304  -0.01024003 -0.08179058  0.04345914 -0.09436734]
 [ 0.00706084  0.11331248  0.07160547 -0.08092991 -0.04024487]
 [-0.1278457  -0.15632795 -0.21775773 -0.18310798 -0.00128658]]
U = [[ 0.11942746  0.10978545  0.33415127  0.37036821 -0.09449138]
 [-0.33890796 -0.12109011  0.05586692  0.17306072  0.17856386]
 [ 0.09263948 -0.10180339 -0.20599953 -0.13554172  0.24041384]
 [ 0.22392212 -0.01263864  0.20042177 -0.03517208 -0.04008139]
 [-0.14038068 -0.06979995 -0.28860737 -0.06192866 -0.01715949]]
Matrix Pair 97; W = [[ 0.25389334  0.05305162  0.10220316 -0.14998108  0.07149337]
 [-0.16572331 -0.37120656 -0.08387798  0.25253893 -0.11248196]
 [-0.05045265 -0.02786211 -0.04347398  0.06686612 -0.02073641]
 [-0.0055382   0.04694412  0.09717816 -0.07851326 -0.02783918]
 [-0.04721492 -0.0839535  -0.25907377 -0.1921498   0.00786456]]
U = [[ 0.0997851   0.1299725   0.28120798  0.30984559 -0.09557784]
 [-0.33445045 -0.086513    0.03045543  0.14814862  0.12368512]
 [ 0.0251626  -0.07359909 -0.20969005 -0.12624946  0.16981037]
 [ 0.28946062 -0.03564337  0.21532475 -0.12451796 -0.12679395]
 [-0.06256682 -0.01320491 -0.26039385 -0.08423529 -0.00892543]]
Matrix Pair 98; W = [[ 0.24153944  0.04296127  0.16478394 -0.11491766  0.07635274]
 [-0.10550251 -0.3369504  -0.073042    0.22456999 -0.05818363]
 [ 0.04005139 -0.01088187 -0.10846262  0.08833155 -0.01248306]
 [-0.03729925  0.12577836  0.08124496 -0.05531363 -0.10546566]
 [-0.12853386 -0.16162548 -0.25577313 -0.12212668 -0.01601387]]
U = [[ 0.10595731  0.08635858  0.28074578  0.29654173 -0.04416263]
 [-0.3730816  -0.14527769  0.02567624  0.11211745  0.17876584]
 [ 0.06284597 -0.11404093 -0.1775594  -0.16783041  0.17868921]
 [ 0.2820087  -0.01024659  0.27692108 -0.12642566 -0.11356661]
 [-0.08991492  0.00426877 -0.28859316 -0.07256425 -0.00329505]]
Matrix Pair 99; W = [[ 0.17491663 -0.00148039  0.1445117  -0.10795546  0.08197102]
 [-0.10379019 -0.40182711 -0.06954115  0.28017628 -0.09547241]
 [ 0.04346166  0.02257126 -0.10349216  0.08419509 -0.02891002]
 [-0.06162932  0.05522382  0.04708321 -0.11480648 -0.10189436]
 [-0.10684484 -0.07472231 -0.27177743 -0.15849295 -0.00242282]]
U = [[ 0.11747042  0.16628775  0.28903213  0.34964604 -0.0147717 ]
 [-0.32565094 -0.08271379  0.05934911  0.11808118  0.1966378 ]
 [ 0.10544214 -0.11983456 -0.21214296 -0.07753944  0.15165649]
 [ 0.25267611 -0.03407391  0.20931163 -0.04700194 -0.0691182 ]
 [-0.05387743 -0.04793792 -0.29893384 -0.00993153 -0.00168108]]
Matrix Pair 100; W = [[ 0.20862431  0.03135409  0.10495087 -0.09264986  0.09760692]
 [-0.11825839 -0.37465281 -0.06194141  0.22951682 -0.09346264]
 [-0.05317355  0.02423495 -0.114549    0.04364577 -0.05392604]
 [-0.04126149  0.02942002  0.0319888  -0.06251977 -0.04743263]
 [-0.10897575 -0.15417111 -0.22183294 -0.15720638  0.04852036]]
U = [[ 0.13584086  0.13862199  0.32993619  0.35327    -0.05277929]
 [-0.36899224 -0.12431917  0.03055021  0.09364129  0.19938985]
 [ 0.0587808  -0.07000335 -0.21296866 -0.13616758  0.21139706]
 [ 0.2208096  -0.06653127  0.18878755 -0.10049568 -0.07984659]
 [-0.06923713 -0.05445917 -0.28076693 -0.04000216 -0.06384694]]
Matrix Pair 101; W = [[ 1.89782630e-01 -6.17482597e-04  1.39438634e-01 -1.46733668e-01
   6.68677004e-02]
 [-1.54089848e-01 -3.81001509e-01 -4.86157683e-03  2.21860287e-01
  -9.43795582e-02]
 [ 2.61599606e-04  5.01513488e-03 -4.60284099e-02  7.74345531e-02
  -4.36023382e-02]
 [-2.90389522e-02  1.23835474e-01  8.92589153e-02 -9.96070894e-02
  -5.87004026e-02]
 [-6.33363387e-02 -1.24861442e-01 -2.58834124e-01 -1.97042643e-01
   2.38692325e-02]]
U = [[ 0.16737454  0.11581735  0.32857347  0.32882078 -0.02663373]
 [-0.33856139 -0.10841918  0.0834421   0.12624492  0.16840862]
 [ 0.08224547 -0.10488145 -0.24318371 -0.09792279  0.21143645]
 [ 0.25849646 -0.0417634   0.21687132 -0.08610954 -0.11332218]
 [-0.07112099 -0.03213139 -0.26157454 -0.03619312 -0.03772713]]
Matrix Pair 102; W = [[ 0.22043576  0.05106832  0.16384707 -0.14329762  0.0198938 ]
 [-0.16695251 -0.31740621 -0.05703848  0.2307001  -0.06787811]
 [-0.02573245 -0.04761799 -0.03559699  0.03027214 -0.01480237]
 [-0.05903951  0.08504567  0.02035095 -0.08780995 -0.07251814]
 [-0.05832608 -0.1361901  -0.25640793 -0.17259948 -0.00458176]]
U = [[ 0.10390907  0.10325797  0.32233665  0.30960441 -0.03965211]
 [-0.36739378 -0.17151523  0.06410527  0.16457872  0.21307662]
 [ 0.06816179 -0.07750595 -0.17943109 -0.14378722  0.19532804]
 [ 0.28325802 -0.00352261  0.19830527 -0.05410946 -0.11629376]
 [-0.10994715 -0.0146873  -0.27256566 -0.00721192 -0.07863571]]
Matrix Pair 103; W = [[ 0.20021712  0.07258351  0.11191143 -0.16093193  0.07917494]
 [-0.09653611 -0.31906292 -0.03104486  0.23585847 -0.1065596 ]
 [ 0.02945603  0.00059262 -0.07211761  0.04423813 -0.05268838]
 [-0.06000178  0.09557969  0.0545446  -0.08064146 -0.06876707]
 [-0.065837   -0.09490258 -0.30316786 -0.13400918 -0.04025919]]
U = [[ 0.0933338   0.1395099   0.26617879  0.37349927 -0.07298486]
 [-0.36741488 -0.11491694  0.01531233  0.10351289  0.14462529]
 [ 0.01902025 -0.12604396 -0.23061544 -0.17487278  0.23361745]
 [ 0.26734016 -0.02942603  0.26201209 -0.0806692  -0.12918201]
 [-0.11024949 -0.05385095 -0.24852544 -0.05775012 -0.07478285]]
Matrix Pair 104; W = [[ 0.23316589  0.08206733  0.18096648 -0.11773558  0.09566895]
 [-0.10953196 -0.32802074  0.00815966  0.2437318  -0.05486247]
 [ 0.00380146 -0.04195089 -0.07803447  0.07666599 -0.03889001]
 [-0.00132457  0.1029632   0.03888132 -0.06987452 -0.02192819]
 [-0.11173043 -0.16054504 -0.27863715 -0.17881373 -0.03863532]]
U = [[ 0.10745419  0.16507997  0.2895412   0.36994023 -0.05207867]
 [-0.35619293 -0.16730735  0.10477329  0.17104009  0.21716107]
 [ 0.10555481 -0.06378604 -0.21340133 -0.12532341  0.15582486]
 [ 0.26724231 -0.004659    0.21195566 -0.04398856 -0.09267308]
 [-0.13657817 -0.03029936 -0.27203079 -0.09768158 -0.0588448 ]]
Matrix Pair 105; W = [[ 0.20844989  0.01547199  0.11682598 -0.10636062  0.09649596]
 [-0.15813074 -0.36905846  0.00557535  0.22645059 -0.04344408]
 [-0.02870714  0.00172023 -0.09431246  0.06010948 -0.03184053]
 [ 0.03489228  0.12677146  0.01987786 -0.05028225 -0.09442315]
 [-0.09632779 -0.09073507 -0.22194316 -0.13020067 -0.04286058]]
U = [[ 0.09869405  0.08388453  0.27271808  0.3259067  -0.09294107]
 [-0.32326642 -0.09248592  0.06028432  0.16457336  0.12435672]
 [ 0.1064339  -0.10230445 -0.23794092 -0.13919236  0.16808993]
 [ 0.24091612  0.00817464  0.27262593 -0.03872684 -0.05733   ]
 [-0.09019574 -0.03150265 -0.30929721 -0.05889888 -0.01264259]]
Matrix Pair 106; W = [[ 0.21395618  0.02644699  0.18452651 -0.08532691  0.09419879]
 [-0.14286415 -0.3430521  -0.08323193  0.2721327  -0.10548227]
 [ 0.03818393  0.0217583  -0.08346221  0.02090625 -0.06285224]
 [-0.02112418  0.04436177  0.05403756 -0.0725959  -0.10438026]
 [-0.12494706 -0.10370843 -0.2883133  -0.14834347 -0.00380488]]
U = [[ 0.10635831  0.16679946  0.24902592  0.33112259 -0.03037353]
 [-0.33125758 -0.16680364  0.10467621  0.11650379  0.21020361]
 [ 0.09047462 -0.10137825 -0.17807214 -0.09472935  0.15970009]
 [ 0.24740036 -0.04979407  0.23004292 -0.07002831 -0.05954892]
 [-0.06196201 -0.06418662 -0.32319674 -0.09330792  0.00222388]]
Matrix Pair 107; W = [[ 0.20011857  0.03871087  0.18151528 -0.0928126   0.05901704]
 [-0.14470529 -0.33609284 -0.02229296  0.25862097 -0.06365908]
 [-0.00867263  0.02436356 -0.03741848  0.05874632 -0.05877656]
 [-0.05432631  0.04164992  0.08706486 -0.05228901 -0.0837107 ]
 [-0.06527239 -0.11721805 -0.30327488 -0.1862636  -0.00972252]]
U = [[ 0.17615222  0.15819314  0.25617711  0.314195   -0.07847484]
 [-0.32590529 -0.09375909  0.08744308  0.17701587  0.19803761]
 [ 0.07685394 -0.03950012 -0.19014925 -0.10703369  0.24363059]
 [ 0.2557513   0.02391333  0.25505441 -0.12674414 -0.07063122]
 [-0.11917318 -0.00618656 -0.31458476 -0.02269038 -0.00549349]]
Matrix Pair 108; W = [[ 0.20878305  0.049684    0.14640537 -0.11420601  0.04548443]
 [-0.10389248 -0.36080169 -0.00963362  0.28846353 -0.09348769]
 [ 0.01907989  0.03694391 -0.06768231  0.0467983  -0.07294086]
 [ 0.01584203  0.03258156  0.10089578 -0.07982086 -0.07102082]
 [-0.07419554 -0.15175685 -0.27019806 -0.14674957 -0.00668796]]
U = [[ 0.14345124  0.1450314   0.30634982  0.38377948 -0.07338919]
 [-0.3489601  -0.13342714  0.04160597  0.13856053  0.18251235]
 [ 0.04887564 -0.09803264 -0.1849778  -0.07688455  0.21146018]
 [ 0.21363989 -0.05365964  0.20422414 -0.04542994 -0.12101744]
 [-0.13005225 -0.0445804  -0.32158919 -0.00762188 -0.06185529]]
Matrix Pair 109; W = [[ 0.23177598  0.08957783  0.14399384 -0.13242527  0.10257663]
 [-0.11028243 -0.33005148 -0.04604078  0.26641433 -0.11865671]
 [-0.01030329 -0.05357006 -0.03559145  0.10176939 -0.04965704]
 [-0.03906224  0.04423963  0.09205615 -0.1341189  -0.0612886 ]
 [-0.11959947 -0.07792425 -0.28888011 -0.13514055  0.03713766]]
U = [[ 0.09535482  0.10549557  0.32641817  0.3173067  -0.04413712]
 [-0.34732437 -0.15373037  0.09403341  0.11742659  0.18570727]
 [ 0.02076814 -0.08561331 -0.26515382 -0.08238908  0.19125872]
 [ 0.21460794  0.01208532  0.27451086 -0.10298327 -0.08697941]
 [-0.13011774 -0.04050389 -0.28422687 -0.02452989 -0.01863107]]
Matrix Pair 110; W = [[ 0.22533419  0.03430678  0.13668253 -0.11929594  0.09841491]
 [-0.14325191 -0.32715978 -0.02444729  0.20054643 -0.05812157]
 [ 0.03267934  0.03564272 -0.1221789   0.04051718 -0.02881541]
 [-0.03570825  0.05595483  0.10068581 -0.10146726 -0.02493653]
 [-0.12894294 -0.1488495  -0.26073668 -0.2078178   0.00364472]]
U = [[ 0.11947306  0.13986417  0.30510169  0.34610959 -0.07171341]
 [-0.29668339 -0.12602834  0.01546214  0.14319705  0.12480393]
 [ 0.10042099 -0.12991649 -0.17483676 -0.15247396  0.20370582]
 [ 0.2826259  -0.04426161  0.26003826 -0.08636425 -0.04375676]
 [-0.12839345 -0.03416253 -0.28148732 -0.00989382 -0.02702527]]
Matrix Pair 111; W = [[ 0.22790646  0.04231773  0.12453457 -0.11196975  0.09070667]
 [-0.09485166 -0.31580348 -0.01050439  0.20008029 -0.06202482]
 [ 0.03858362 -0.02549575 -0.05868016  0.09334432 -0.00435965]
 [ 0.01627039  0.05326009  0.08891945 -0.0427624  -0.00918441]
 [-0.03690996 -0.12782803 -0.25572101 -0.16496047 -0.03604174]]
U = [[ 0.08805014  0.16952071  0.2931577   0.2949249  -0.08951296]
 [-0.3646351  -0.15925716  0.09282622  0.12212927  0.18873266]
 [ 0.10558998 -0.12383861 -0.2123915  -0.09916386  0.24534276]
 [ 0.29556872 -0.02834363  0.23188362 -0.11071041 -0.10506952]
 [-0.13683245 -0.0303307  -0.2850663  -0.01707924 -0.03203575]]
Matrix Pair 112; W = [[ 0.20656931  0.02619027  0.08292634 -0.09540425  0.07631103]
 [-0.04077304 -0.37164525  0.01795935  0.2349571  -0.04675689]
 [ 0.02490707 -0.03591454 -0.06425782  0.10087821 -0.03226842]
 [ 0.00334945  0.00607094  0.11452056 -0.05835969 -0.07642716]
 [-0.06768442 -0.08798149 -0.22429629 -0.13577669  0.02361731]]
U = [[ 0.10737188  0.21388771  0.26913261  0.31616163  0.04150405]
 [-0.24974407 -0.03164151  0.08223113  0.08597178  0.232326  ]
 [ 0.01839363 -0.03355717 -0.2080545  -0.1851907   0.14336709]
 [ 0.24902703 -0.01242984  0.19613608 -0.06956422 -0.11175851]
 [-0.14940336  0.01329702 -0.28938054 -0.07893306 -0.01956611]]
Matrix Pair 113; W = [[ 0.18571945 -0.03966041  0.14522421 -0.13294577 -0.00599471]
 [-0.11016902 -0.38141697 -0.03303721  0.22188603 -0.10168287]
 [-0.05636345 -0.0455445   0.02006328  0.05707926  0.01568018]
 [-0.06573265  0.03868134  0.1091556  -0.00340334 -0.08049308]
 [-0.07593786 -0.10506263 -0.19849481 -0.1637345   0.00315408]]
U = [[ 0.13621866  0.24278537  0.27822066  0.28254658  0.02476943]
 [-0.28670521 -0.05896538  0.06102209  0.13055525  0.2528773 ]
 [ 0.07015835 -0.01780464 -0.21701065 -0.10963568  0.17881516]
 [ 0.24116065 -0.02630498  0.22630022 -0.05497379 -0.06249081]
 [-0.11648734  0.01398514 -0.25803281 -0.00191042  0.0042817 ]]
Matrix Pair 114; W = [[ 0.19522665  0.03387119  0.14966852 -0.08009619  0.04215351]
 [-0.09456867 -0.39149018  0.04325692  0.26985162 -0.06780205]
 [-0.03168942  0.00395822 -0.03871592  0.11150007  0.05342563]
 [ 0.0059597  -0.00633705  0.14190893 -0.06992752 -0.09808626]
 [-0.0413906  -0.13475051 -0.25388662 -0.10546532 -0.03529748]]
U = [[ 0.1774177   0.20384728  0.26529464  0.33777281  0.04966644]
 [-0.23490644 -0.0243982   0.09653283  0.10801042  0.253613  ]
 [ 0.07184391 -0.08894207 -0.23999752 -0.16068015  0.11391143]
 [ 0.2077715   0.0113539   0.19694956  0.00251286 -0.09074621]
 [-0.17073091 -0.03928778 -0.28890086 -0.04557363 -0.03832999]]
Matrix Pair 115; W = [[ 2.19609438e-01  9.88442404e-03  9.48280949e-02 -1.52933309e-01
   6.13348092e-03]
 [-5.68317276e-02 -3.91485658e-01 -4.87751837e-02  2.83693964e-01
  -7.22002815e-02]
 [-7.12870548e-02  9.67308111e-03 -2.59015513e-05  7.10281595e-02
  -7.58742852e-03]
 [ 6.77736129e-03 -9.89678797e-03  1.11172187e-01 -5.49318784e-03
  -7.15001830e-02]
 [-3.23154242e-02 -1.07297392e-01 -2.03892779e-01 -1.68052966e-01
  -6.10761999e-02]]
U = [[ 0.12384845  0.16801385  0.2763515   0.36993277 -0.00954495]
 [-0.30050719 -0.03069083  0.05660662  0.09313675  0.22965776]
 [ 0.06872532 -0.08904907 -0.19733409 -0.09242621  0.08707761]
 [ 0.2668861   0.02725473  0.16980045 -0.08221541 -0.08299428]
 [-0.14547192  0.01388515 -0.26672173 -0.05228258  0.01960518]]
Matrix Pair 116; W = [[ 0.1670472  -0.01180478  0.1477717  -0.08398078  0.07463008]
 [-0.03328157 -0.3686302   0.04352186  0.30219114 -0.06690456]
 [-0.04880164 -0.0069324  -0.06925472  0.09912224  0.0215988 ]
 [-0.02105717  0.02730964  0.07580078 -0.02779963 -0.04193251]
 [-0.09762159 -0.1197153  -0.21063463 -0.20388744  0.01162275]]
U = [[ 0.16851778  0.18749197  0.29644146  0.35283866 -0.0327472 ]
 [-0.31348328 -0.00435965  0.13066909  0.18129854  0.21240432]
 [ 0.06035874 -0.01033434 -0.23258865 -0.12752261  0.17862012]
 [ 0.25123026 -0.00895007  0.21299835 -0.06575061 -0.07197434]
 [-0.15014663 -0.01971046 -0.28652064 -0.0611578   0.00400931]]
Matrix Pair 117; W = [[ 0.18361241  0.05218692  0.17263865 -0.09108888  0.02227904]
 [-0.06380246 -0.38636211 -0.01150506  0.24175389 -0.10291645]
 [-0.01414421  0.00151938 -0.06839251  0.08032333  0.04893349]
 [-0.03307484  0.02967474  0.09898895 -0.00971883 -0.11290424]
 [-0.01955049 -0.16741953 -0.28667824 -0.18747821 -0.02703604]]
U = [[ 0.1166125   0.18355323  0.302338    0.33776686 -0.02363079]
 [-0.27004647 -0.02237043  0.11273016  0.14509023  0.22465839]
 [ 0.02306608 -0.09315574 -0.2875322  -0.09440493  0.13909844]
 [ 0.24932785 -0.01901622  0.21363258 -0.07922053 -0.13299556]
 [-0.16102398 -0.02586545 -0.30809852 -0.06796359 -0.03900096]]
Matrix Pair 118; W = [[ 0.15552701  0.03929201  0.10402052 -0.07733275  0.05871272]
 [-0.02366781 -0.42305659 -0.00344381  0.29585887 -0.08250044]
 [ 0.0244218  -0.00281066  0.00797393  0.10509746  0.00990931]
 [-0.05404205  0.02597265  0.08858818 -0.06514874 -0.07604711]
 [-0.05753643 -0.16803434 -0.2466547  -0.14294755 -0.0391278 ]]
U = [[ 0.13661331  0.22534876  0.2782497   0.33376951 -0.04730294]
 [-0.23506045 -0.0622104   0.05974557  0.10883112  0.25364138]
 [ 0.04370508 -0.04978084 -0.25415357 -0.15925029  0.13035718]
 [ 0.2673427   0.02441324  0.22471568 -0.07375579 -0.05015114]
 [-0.17378209  0.00298177 -0.33724497 -0.07721625 -0.01760596]]
Matrix Pair 119; W = [[ 0.19643679  0.02838413  0.11508547 -0.10649782  0.07269993]
 [-0.10698778 -0.37229334  0.02372689  0.2395441  -0.02249419]
 [-0.0637298  -0.01941071  0.01102432  0.06673385  0.02701606]
 [-0.06547556  0.01712244  0.12471225 -0.01087645 -0.07729927]
 [-0.06927633 -0.09991279 -0.26909142 -0.15715966 -0.00576222]]
U = [[ 0.09017363  0.15252857  0.29205525  0.33283505 -0.04679112]
 [-0.32447279 -0.06835771  0.08983891  0.1010867   0.24258849]
 [ 0.06565056 -0.08017174 -0.21178987 -0.13316713  0.11542553]
 [ 0.28767927  0.01604346  0.20394504 -0.01075755 -0.04210454]
 [-0.16549233  0.01112302 -0.27671282 -0.04877632 -0.0591675 ]]
Matrix Pair 120; W = [[ 0.16956784 -0.02034923  0.13367383 -0.13555171 -0.00948745]
 [-0.03180551 -0.33263411  0.00945427  0.31096734 -0.06248437]
 [-0.07294819  0.01979455  0.01683569  0.06782783 -0.00422959]
 [-0.00298519  0.05830118  0.11306919 -0.05067841 -0.03625267]
 [-0.0195617  -0.09596126 -0.25549161 -0.16337726 -0.01130628]]
U = [[ 0.1453593   0.21298855  0.31698509  0.33445613 -0.02530785]
 [-0.25266408 -0.09473084  0.05487428  0.13677796  0.20214908]
 [ 0.05357338 -0.0234528  -0.23475929 -0.14464634  0.11335948]
 [ 0.27237007  0.02635768  0.23401443 -0.07968642 -0.05583165]
 [-0.12105029  0.02359669 -0.32777875 -0.06348746  0.02771903]]
Matrix Pair 121; W = [[ 0.1619027  -0.01613169  0.12160595 -0.12161598  0.0247118 ]
 [-0.10210881 -0.42799276 -0.01174597  0.24032379 -0.09847186]
 [-0.01823137 -0.02539662 -0.03754774  0.0507418   0.046322  ]
 [-0.08196052  0.08078488  0.13441956 -0.03815937 -0.02286567]
 [-0.0837612  -0.16355674 -0.19259029 -0.12439708 -0.05475408]]
U = [[ 0.09697134  0.23380561  0.28137266  0.33919674  0.02665159]
 [-0.29570168 -0.02399992  0.09533095  0.11008834  0.22890088]
 [ 0.03442395 -0.0933502  -0.28419889 -0.18343713  0.13920832]
 [ 0.24747344 -0.01352055  0.25565179 -0.01909314 -0.13339311]
 [-0.13343645 -0.04615484 -0.33846185 -0.06483773 -0.0312872 ]]
Matrix Pair 122; W = [[ 0.18422533 -0.03002845  0.10728846 -0.1576443   0.04332098]
 [-0.01702744 -0.42105404 -0.01610285  0.24081162 -0.10124681]
 [ 0.01018085 -0.01546711  0.00577312  0.10036362  0.04275341]
 [-0.06540299  0.0841946   0.12964336 -0.02343834 -0.08437531]
 [-0.06185745 -0.1111369  -0.28592781 -0.11537006 -0.03378119]]
U = [[ 0.17103531  0.18557323  0.25889035  0.30136783 -0.03019789]
 [-0.30440649 -0.09329311  0.05240058  0.08707906  0.19470121]
 [ 0.04652294 -0.06467425 -0.20783615 -0.1710662   0.15108978]
 [ 0.21500126  0.04837575  0.2235909  -0.0020417  -0.11149475]
 [-0.12857709  0.02162548 -0.29374229 -0.00579635 -0.04925813]]
Matrix Pair 123; W = [[ 0.15408237 -0.02946209  0.15766443 -0.12896743  0.05212383]
 [-0.0615791  -0.37881738 -0.03755804  0.24288016 -0.08251964]
 [-0.03896013 -0.02385754 -0.03748841  0.09236835  0.0435696 ]
 [ 0.00500435  0.03278319  0.16708451 -0.04043541 -0.07461948]
 [-0.02822945 -0.07937356 -0.23310319 -0.16993993  0.03423217]]
U = [[ 0.16849502  0.19939481  0.31140871  0.30212192 -0.01860519]
 [-0.29866499 -0.05199748  0.13059428  0.11615439  0.1758373 ]
 [ 0.07677862 -0.03860077 -0.21387221 -0.17764017  0.16842402]
 [ 0.18960707 -0.02894704  0.21133066 -0.04464949 -0.10805875]
 [-0.11443865 -0.00490152 -0.30431887 -0.02810304  0.0165333 ]]
Matrix Pair 124; W = [[ 0.16383388 -0.03268136  0.1527533  -0.10628043  0.01898231]
 [-0.02624563 -0.4076577  -0.00724086  0.2438315  -0.05626727]
 [-0.014339    0.00987996 -0.06492688  0.10619009  0.03652328]
 [ 0.00782671  0.03587852  0.12649931 -0.03169875 -0.02746623]
 [-0.04708822 -0.08298052 -0.27221644 -0.135066   -0.0315072 ]]
U = [[ 0.15808126  0.18722858  0.27233518  0.2994889  -0.02632961]
 [-0.29140764 -0.06286214  0.04095702  0.13324458  0.19988031]
 [ 0.00821123 -0.01282367 -0.26696252 -0.13233605  0.09228585]
 [ 0.23257981 -0.02225275  0.22359954 -0.06839506 -0.12311797]
 [-0.15979908  0.03598028 -0.3051954  -0.01656257 -0.01058015]]
Matrix Pair 125; W = [[ 0.22692688 -0.02794696  0.10431268 -0.08953073  0.07063191]
 [-0.04838239 -0.34133933 -0.02623974  0.22149625 -0.04969928]
 [-0.05546992 -0.01206505  0.02164051  0.09457207  0.03701553]
 [-0.08833229  0.01580435  0.1664624  -0.08754333 -0.05886138]
 [-0.05456009 -0.08204662 -0.20046835 -0.11644876 -0.04528075]]
U = [[ 0.15741631  0.16728994  0.25685866  0.31426979 -0.03517721]
 [-0.30925043 -0.00423694  0.13992479  0.09711532  0.16274657]
 [ 0.01805453 -0.05048259 -0.24888247 -0.12023291  0.17766509]
 [ 0.1881067   0.03394866  0.18098494 -0.09439542 -0.07320455]
 [-0.08162362 -0.04673713 -0.32830261  0.00306896 -0.03689885]]
Matrix Pair 126; W = [[ 0.19967829  0.00923118  0.16476041 -0.1669307   0.07313246]
 [-0.03025587 -0.40837323 -0.03391549  0.22365071 -0.05716062]
 [-0.01006894  0.02802136 -0.03996181  0.08670981  0.01103902]
 [-0.0037764   0.04208448  0.12503168 -0.04119151 -0.0325522 ]
 [-0.04688182 -0.12314479 -0.20979771 -0.17859553 -0.00951796]]
U = [[ 0.1197419   0.1641571   0.31695368  0.34281373  0.01865765]
 [-0.2624506  -0.00896169  0.09016818  0.15547775  0.15820772]
 [ 0.01465252 -0.04806955 -0.25056672 -0.10336876  0.17433048]
 [ 0.22185313 -0.03109758  0.20986705 -0.02301714 -0.12968684]
 [-0.1259778  -0.03287322 -0.29231394 -0.06670719 -0.04941302]]
Matrix Pair 127; W = [[ 0.15082715 -0.04194343  0.17336337 -0.1098173   0.06918806]
 [-0.09747991 -0.41217959 -0.00261454  0.29568639 -0.09755093]
 [ 0.00786257  0.0272494  -0.04663005  0.08248462 -0.03856523]
 [-0.01752002  0.06510924  0.17070438 -0.0238956  -0.0780422 ]
 [-0.09091675 -0.16125087 -0.20296879 -0.14774207  0.01880504]]
U = [[ 0.08769129  0.17337726  0.27366758  0.29329722  0.03675024]
 [-0.29513411 -0.03886417  0.06246353  0.17579347  0.22625733]
 [ 0.0881338  -0.02587131 -0.29288367 -0.11178     0.10558063]
 [ 0.19946739 -0.01497866  0.2614119  -0.0338096  -0.11302282]
 [-0.16466199 -0.03404767 -0.2569214  -0.02475438 -0.03824694]]
