Epoch: 16Matrix Pair 0; W = [[-0.05250578 -0.01839489  0.15380281  0.07119446 -0.10286518]
 [ 0.09207855 -0.21557333 -0.08350846 -0.07255538  0.13848344]
 [ 0.05040164  0.05561854 -0.08770088  0.01529798  0.20090388]
 [-0.04019491 -0.13957084  0.02013295  0.05467602  0.03942543]
 [-0.13823083 -0.11948618  0.03649954  0.05046612 -0.0217564 ]]
U = [[ 0.08437033 -0.10389361  0.27518174 -0.03646689  0.11469749]
 [-0.14243244  0.1486052   0.1807362   0.10695187  0.03656326]
 [ 0.15886326 -0.01394107  0.16338899  0.1255466   0.07908108]
 [ 0.07592019  0.25664113  0.0492783   0.02144182  0.22240218]
 [-0.1588425   0.12666628  0.3200297   0.18256533 -0.05280778]]
Matrix Pair 1; W = [[-0.03759112  0.03318711  0.17797865  0.09953448 -0.14086009]
 [ 0.08421991 -0.2038943  -0.10613717 -0.05058854  0.20981867]
 [ 0.02829058  0.11981516 -0.12638855  0.00179601  0.18628266]
 [-0.01781445 -0.12558039 -0.02348136  0.08326741  0.03023686]
 [-0.09609917 -0.11410307 -0.00890357  0.02820977 -0.02124006]]
U = [[ 0.13499454 -0.07274397  0.24771501 -0.12587792  0.16612787]
 [-0.1026122   0.13818676  0.16008732  0.1362054   0.04838281]
 [ 0.10411438  0.04443226  0.1645325   0.12997547  0.08874111]
 [ 0.10656861  0.16686414  0.00159323  0.0090185   0.13292831]
 [-0.19695176  0.16753184  0.35607718  0.15442501 -0.08099932]]
Matrix Pair 2; W = [[-0.05889195 -0.01626078  0.15535468  0.07680317 -0.0850125 ]
 [ 0.15697547 -0.22597177 -0.09245861 -0.07984017  0.1618246 ]
 [-0.00458678  0.05562738 -0.09607668 -0.00645294  0.16050462]
 [-0.10803691 -0.1631911  -0.01282778  0.06071678  0.0449404 ]
 [-0.12799749 -0.13272156  0.05270491  0.05098463 -0.0986505 ]]
U = [[ 0.09484429 -0.12674995  0.22686263 -0.03606232  0.1859892 ]
 [-0.1431396   0.15651153  0.16070342  0.18090205  0.01709561]
 [ 0.12026432 -0.01852859  0.12753038  0.11983677  0.09510344]
 [ 0.05202951  0.26316057 -0.03861977 -0.01904072  0.17293653]
 [-0.16453957  0.13992022  0.37341028  0.0964731  -0.11032775]]
Matrix Pair 3; W = [[-0.00888213  0.02036713  0.19233985  0.09739789 -0.13076897]
 [ 0.1015311  -0.21661585 -0.04248354 -0.05211048  0.21095017]
 [ 0.00368399  0.07673107 -0.1569657  -0.01200414  0.1631637 ]
 [-0.01689422 -0.1073772  -0.005291    0.02486675  0.01928775]
 [-0.14468355 -0.12732635  0.04160451  0.0589532  -0.03172422]]
U = [[ 0.10548768 -0.09406712  0.2041422  -0.07975334  0.12592008]
 [-0.15652895  0.0999619   0.14342181  0.19046284  0.03290699]
 [ 0.0887949   0.06661887  0.1332985   0.14890472  0.14696509]
 [ 0.03577402  0.22100322 -0.0268581   0.02636648  0.20896367]
 [-0.13530977  0.1726565   0.28660727  0.18973811 -0.05736369]]
Matrix Pair 4; W = [[-0.08912284  0.00787276  0.17160529  0.07899972 -0.05928589]
 [ 0.14764043 -0.23240942 -0.06176394 -0.04143395  0.17183334]
 [ 0.02635326 -0.00307067 -0.0297274   0.01047537  0.161952  ]
 [-0.0958895  -0.12742728  0.08951153  0.05948817  0.07604032]
 [-0.09461723 -0.07429006 -0.00663243  0.1381798  -0.11047912]]
U = [[ 0.14613162 -0.04086625  0.12108068 -0.0624219   0.20850263]
 [-0.15452268  0.12792232  0.20049697  0.16935566  0.01837457]
 [ 0.2215205   0.08447733  0.18944687  0.12701424  0.18846591]
 [ 0.06750454  0.29588204  0.14553342 -0.00829061  0.24838092]
 [-0.18082445  0.11891245  0.35972938  0.15322431 -0.03546419]]
Matrix Pair 5; W = [[-0.10988874  0.0630403   0.19665155  0.04582295 -0.05719458]
 [ 0.14979968 -0.19274053 -0.08492327 -0.03692524  0.19472453]
 [-0.00397713 -0.01184475 -0.05844964  0.03713193  0.22350698]
 [-0.08107987 -0.08660377  0.1159906   0.06404912  0.03252173]
 [-0.10367887 -0.05067406 -0.02272111  0.09822232 -0.05070768]]
U = [[ 0.17469645 -0.13149431  0.18455428 -0.01054077  0.22665269]
 [-0.08683894  0.06350967  0.18692598  0.13096811 -0.02135114]
 [ 0.19962643  0.088117    0.15319066  0.1263249   0.15519239]
 [ 0.02119438  0.29474426  0.13640596  0.03724981  0.21454767]
 [-0.16426548  0.1289133   0.33311564  0.18295426 -0.11334909]]
Matrix Pair 6; W = [[-6.17428883e-02  6.15942499e-02  1.33797438e-01 -1.24371664e-04
  -1.21792422e-01]
 [ 2.17260479e-01 -2.52427715e-01 -8.81212180e-02 -1.22677957e-01
   2.06788422e-01]
 [-9.83391895e-05  9.72196826e-03 -3.04394188e-02 -2.70868016e-02
   2.11868056e-01]
 [-4.76767868e-02 -6.77069732e-02  4.32248995e-02  6.63493288e-02
   6.31820558e-02]
 [-8.54850043e-02 -5.85100316e-02  2.87884622e-02  7.96696013e-02
  -4.62863870e-02]]
U = [[ 0.12501796 -0.10714959  0.14378176 -0.02173978  0.12956035]
 [-0.14008677  0.12065929  0.1183965   0.15131583 -0.02837637]
 [ 0.20676565  0.05610128  0.17578143  0.13865371  0.12241409]
 [ 0.02792282  0.31772038  0.13394454 -0.00373344  0.23838794]
 [-0.12939416  0.13705253  0.34385315  0.13700168 -0.10047188]]
Matrix Pair 7; W = [[-0.06869455  0.02074355  0.1976862   0.05148018 -0.12570294]
 [ 0.19980763 -0.23426821 -0.0627039  -0.07645168  0.20959798]
 [-0.02598144  0.03559227 -0.05407052  0.0178508   0.16455502]
 [-0.04853308 -0.11328839  0.09800885  0.0327027   0.11562848]
 [-0.05296489 -0.1072319   0.0204406   0.06041009 -0.03615192]]
U = [[ 0.12677022 -0.13090336  0.14446446 -0.08208829  0.21543753]
 [-0.07284883  0.13060222  0.18000817  0.19120759 -0.00275099]
 [ 0.26106216  0.09873968  0.2043192   0.0972021   0.10185803]
 [ 0.03121999  0.25671907  0.05447152  0.00897658  0.24312353]
 [-0.14452922  0.16896637  0.3671583   0.16767955 -0.11247003]]
Matrix Pair 8; W = [[-0.13981897 -0.02319584  0.21480952  0.12556934 -0.07346637]
 [ 0.04246008 -0.24494488 -0.06789893 -0.16090625  0.19044295]
 [-0.03643362  0.09235376 -0.13480041  0.01259509  0.15069779]
 [-0.00222484 -0.04647441  0.00896355  0.13032013  0.01406762]
 [-0.18137985 -0.14408256 -0.00788169  0.16326279 -0.10375782]]
U = [[ 0.11816805 -0.08235134  0.22686981 -0.08670122  0.16895945]
 [-0.18739475  0.02813097  0.23318718  0.17501684 -0.04954269]
 [ 0.14736067  0.04282945  0.20822091  0.07846417  0.1985334 ]
 [ 0.07266156  0.31304796  0.01648968  0.00578571  0.13848253]
 [-0.23366946  0.18534823  0.34054819  0.15509053 -0.05892649]]
Matrix Pair 9; W = [[-0.0540677   0.006786    0.23765947  0.08227637 -0.06549311]
 [ 0.03012329 -0.26257268 -0.03533338 -0.13203888  0.14522644]
 [ 0.03635112  0.10149593 -0.15630811 -0.03413221  0.16126406]
 [ 0.03084147 -0.04265504  0.07540943  0.13259343 -0.02038492]
 [-0.12156335 -0.050004   -0.00752233  0.1684503  -0.07691348]]
U = [[ 0.11148435 -0.1167162   0.16401859 -0.06172766  0.13391157]
 [-0.1428586   0.09061237  0.15536957  0.13144847 -0.03433925]
 [ 0.21207677 -0.01266716  0.18520941  0.08479314  0.14834482]
 [ 0.01802931  0.24962829 -0.03464139  0.02035935  0.16685432]
 [-0.1666743   0.22698182  0.32594099  0.17388667 -0.09974719]]
Matrix Pair 10; W = [[-0.07751619  0.02530571  0.18904491  0.0890535  -0.08792583]
 [ 0.08249422 -0.21040103 -0.10237898 -0.12427346  0.14015473]
 [-0.031937    0.10133567 -0.15991308 -0.0474511   0.1941155 ]
 [ 0.03307308 -0.02708492  0.03735729  0.06143428 -0.00413228]
 [-0.18352396 -0.08326978 -0.01032     0.17063163 -0.10350834]]
U = [[ 0.11189095 -0.1124011   0.17358015 -0.11706784  0.21445178]
 [-0.14721161  0.03737359  0.23033008  0.20677438  0.02350159]
 [ 0.23356234 -0.0194729   0.12250878  0.10481777  0.14833813]
 [ 0.03380429  0.31730101  0.04436576  0.01457165  0.12065241]
 [-0.23500407  0.16172806  0.36044379  0.13884358 -0.04364239]]
Matrix Pair 11; W = [[-0.13494299 -0.01350051  0.2370966   0.05889027 -0.13100049]
 [ 0.05408934 -0.21133247 -0.02281739 -0.14656659  0.21236334]
 [ 0.055286    0.07564815 -0.13470053 -0.07272762  0.17272362]
 [-0.03438662 -0.10934175  0.00322152  0.09861671  0.04001333]
 [-0.1158758  -0.07034017  0.07099707  0.17271118 -0.07598909]]
U = [[ 0.0404578  -0.11358521  0.13016946 -0.10510312  0.21957124]
 [-0.18310032  0.08815973  0.18746551  0.16012971 -0.04698111]
 [ 0.16118371 -0.02696097  0.18015929  0.07320887  0.19669646]
 [ 0.03786526  0.25179381  0.01703528  0.05740538  0.13263682]
 [-0.17081816  0.19865671  0.3107829   0.1698876  -0.03377408]]
Matrix Pair 12; W = [[-0.07675872  0.07131278  0.20164779  0.09856471 -0.04671592]
 [ 0.06577417 -0.21291518 -0.02406959 -0.16538965  0.25674716]
 [ 0.06433906  0.04435562 -0.16558524 -0.0802      0.16962435]
 [-0.06722246 -0.15458102  0.098394    0.01046348  0.0498953 ]
 [-0.15739783 -0.09128514  0.05781403  0.13182544 -0.08827402]]
U = [[ 0.03120734 -0.10053915  0.27197959 -0.1156031   0.24730473]
 [-0.16202655  0.03174396  0.18960235  0.17083272  0.04397225]
 [ 0.11171004  0.02030857  0.24021139  0.07805748  0.12965295]
 [ 0.03386026  0.26904767 -0.00351697  0.05832865  0.23651692]
 [-0.11653546  0.2331797   0.33870956  0.1706938  -0.03609545]]
Matrix Pair 13; W = [[-0.03364698  0.01841653  0.22170131  0.04494762 -0.11392421]
 [ 0.11098972 -0.22017762 -0.04286164 -0.10838137  0.26318198]
 [ 0.0693735   0.04968435 -0.08540161 -0.12260632  0.12898581]
 [-0.07692694 -0.06661256  0.13868409  0.05902149  0.06091019]
 [-0.16540951 -0.02336196  0.05703958  0.12514767 -0.08876193]]
U = [[ 0.02837641 -0.10366195  0.24176232 -0.14970228  0.26234849]
 [-0.12727714  0.08505181  0.23261905  0.18388253  0.0565879 ]
 [ 0.13767695  0.09750967  0.21347667  0.16078436  0.17740983]
 [-0.04597466  0.25199621 -0.01755997  0.07916974  0.27198527]
 [-0.15205424  0.15035762  0.39499963  0.22486309 -0.00669431]]
Matrix Pair 14; W = [[-0.11044703  0.00835853  0.19567686  0.0072976  -0.12629103]
 [ 0.10110992 -0.23353768 -0.06583284 -0.12676692  0.23829896]
 [ 0.06121909  0.11040287 -0.0907464  -0.03718937  0.21514152]
 [-0.08609504 -0.15006679  0.09227974  0.03617523  0.0550742 ]
 [-0.07816048 -0.07499115  0.03672773  0.06366328 -0.09282953]]
U = [[ 0.09254113 -0.02877132  0.184366   -0.19167698  0.22586956]
 [-0.1860654   0.04416716  0.25075855  0.2005171   0.02701608]
 [ 0.19887033  0.04716996  0.28811024  0.0937554   0.09937955]
 [-0.04198075  0.2325968  -0.03080318  0.08713518  0.23325857]
 [-0.14081932  0.21527736  0.33182286  0.22060863 -0.02363598]]
Matrix Pair 15; W = [[-0.04259606  0.03652261  0.17775441  0.02985554 -0.08831743]
 [ 0.12991806 -0.16321334 -0.00615137 -0.08925223  0.21067945]
 [ 0.0205735   0.02923353 -0.09502472 -0.06275864  0.12940303]
 [-0.0456985  -0.07274736  0.09472314  0.04117485  0.01680047]
 [-0.12681343 -0.08207491  0.04940407  0.05865061 -0.03093746]]
U = [[ 0.03182887 -0.11739712  0.25111168 -0.16320997  0.22189418]
 [-0.11858973  0.05948154  0.22652642  0.1652891   0.01859094]
 [ 0.17665973  0.06892941  0.24050965  0.08968504  0.10130979]
 [-0.04873898  0.26197545 -0.03252671  0.04154748  0.29487754]
 [-0.09193185  0.15142458  0.35798973  0.22619107 -0.04886666]]
Matrix Pair 16; W = [[ 0.00216896  0.06167185  0.16620519  0.05997026 -0.1132312 ]
 [ 0.04502863 -0.26239141 -0.08537848 -0.08128309  0.22410934]
 [ 0.02662807  0.1262089  -0.12547879 -0.04583738  0.24209499]
 [ 0.02631422 -0.15753895  0.01471643 -0.0003742   0.09923871]
 [-0.20663296  0.01787345  0.0321954   0.08386719 -0.05339871]]
U = [[ 1.39737033e-01 -1.08459370e-01  1.80333678e-01 -1.17304307e-01
   1.84278734e-01]
 [-1.15387381e-01  1.16742474e-01  9.09074074e-02  1.87404300e-01
   2.14037848e-02]
 [ 2.42090550e-01  7.66747965e-03  2.54193813e-01  3.51215995e-02
   2.00124915e-01]
 [ 2.35214925e-02  2.35550109e-01  4.60915780e-02 -6.97171610e-05
   2.09869409e-01]
 [-1.63777567e-01  1.67270005e-01  2.66324743e-01  1.51027386e-01
  -7.26589352e-02]]
Matrix Pair 17; W = [[-0.07330939  0.03229619  0.22748219 -0.00203571 -0.13019471]
 [ 0.1237883  -0.27251679 -0.0813864  -0.014526    0.17712117]
 [-0.02578388  0.11498062 -0.16235757 -0.08137757  0.22072643]
 [-0.05213397 -0.18806316 -0.03743045  0.0623216   0.07738364]
 [-0.17518529 -0.06387371  0.08562064  0.05917691 -0.11713543]]
U = [[ 0.13980302 -0.09311312  0.15641382 -0.09926379  0.224103  ]
 [-0.12005265  0.10956349  0.06234188  0.18962502  0.02037354]
 [ 0.25986127  0.05219688  0.27111307  0.09646747  0.21462644]
 [ 0.02280841  0.20586697  0.03106738 -0.07695789  0.17618423]
 [-0.18323478  0.20603762  0.30395946  0.09208493 -0.05248752]]
Matrix Pair 18; W = [[-0.03750552  0.01312321  0.2425341   0.05609964 -0.15573837]
 [ 0.10663024 -0.29674403 -0.01343108 -0.09750083  0.24798847]
 [ 0.03850148  0.16767904 -0.08578026 -0.03038304  0.15686314]
 [ 0.01939657 -0.13865392  0.01251065  0.06341498  0.06551409]
 [-0.11247957 -0.01734579  0.05962597  0.09783549 -0.05584668]]
U = [[ 0.12474446 -0.15112221  0.17971306 -0.09753936  0.14743732]
 [-0.14751096  0.1306406   0.11169195  0.17964589  0.01701578]
 [ 0.24962261  0.10254771  0.17854824  0.08336483  0.20814266]
 [ 0.00725969  0.2218225  -0.00459682 -0.04259733  0.22379309]
 [-0.1610583   0.15877325  0.26817598  0.09968776 -0.07351044]]
Matrix Pair 19; W = [[-0.04111851 -0.02109125  0.24073448  0.0408729  -0.07072762]
 [ 0.11738213 -0.23844899 -0.05447385 -0.02585667  0.21411592]
 [-0.03529542  0.18053444 -0.1513238  -0.06016326  0.23415567]
 [-0.01559925 -0.15751415  0.03511874  0.00508299  0.03756012]
 [-0.14117398  0.00812002  0.08412742  0.10524048 -0.06917508]]
U = [[ 0.14628658 -0.087328    0.14507732 -0.12711527  0.16874686]
 [-0.16853383  0.11662741  0.10267656  0.1906678   0.06039675]
 [ 0.16912301  0.05567423  0.18613728  0.093019    0.18207803]
 [ 0.02743596  0.25810277  0.05183897 -0.05472289  0.23415939]
 [-0.24048617  0.22119375  0.31080203  0.15578605 -0.05299963]]
Matrix Pair 20; W = [[-0.13104968  0.02312402  0.18604284  0.01062633 -0.08788176]
 [ 0.1720219  -0.22210495 -0.15860038 -0.15081775  0.18213616]
 [ 0.00806604  0.13758082 -0.06703842 -0.07822634  0.17848376]
 [ 0.00362411 -0.10601975  0.03284035  0.01426974 -0.02165645]
 [-0.12798215 -0.15442141 -0.02147003  0.12077331 -0.10378049]]
U = [[ 0.11915917 -0.12870084  0.18261164 -0.08526856  0.11685773]
 [-0.11964231  0.12876281  0.14969746  0.16452817  0.03492703]
 [ 0.18958768 -0.00416391  0.22002376  0.0848682   0.09929507]
 [ 0.02517294  0.10518399  0.07929744 -0.03035969  0.1954678 ]
 [-0.25984829  0.13366439  0.31383003  0.1690754  -0.06379959]]
Matrix Pair 21; W = [[-0.10350446  0.07355547  0.15986458  0.02675946 -0.11122556]
 [ 0.18423659 -0.29359811 -0.18469837 -0.1149853   0.19356204]
 [ 0.03947308  0.12667008 -0.09623031 -0.05011061  0.21001962]
 [-0.02385584 -0.03836577 -0.01620429  0.05788117 -0.02138186]
 [-0.15022874 -0.14164547  0.07675148  0.06134849 -0.04249347]]
U = [[ 0.14054308 -0.09742636  0.14641328 -0.17095159  0.10001687]
 [-0.2031055   0.04432143  0.11211442  0.21749773 -0.0088431 ]
 [ 0.23857228 -0.07458563  0.22561044  0.10926737  0.11773657]
 [ 0.00241573  0.19399851  0.09444449 -0.05358678  0.13843507]
 [-0.20477423  0.21392164  0.3055208   0.13909338 -0.01546475]]
Matrix Pair 22; W = [[-0.08234313  0.01500852  0.21747133  0.01571304 -0.10221684]
 [ 0.14671152 -0.28356608 -0.10369515 -0.07968066  0.1526467 ]
 [ 0.00952033  0.14499505 -0.08521057 -0.03245178  0.19066262]
 [ 0.04528674 -0.02162795 -0.05190185  0.07850194  0.0329646 ]
 [-0.12529158 -0.11684323  0.01936603  0.12284033 -0.1131481 ]]
U = [[ 0.13708403 -0.11725666  0.16289611 -0.10235886  0.17645938]
 [-0.18433641  0.04523662  0.14870521  0.17005869  0.05462156]
 [ 0.17978682 -0.06885712  0.21343966  0.14345058  0.11542901]
 [ 0.01595903  0.13723526  0.06552246 -0.04140499  0.15890357]
 [-0.25596187  0.13433602  0.2936713   0.07294944 -0.07257681]]
Matrix Pair 23; W = [[-0.12398329  0.08280677  0.20279223  0.07339081 -0.06531042]
 [ 0.11223137 -0.25231133 -0.15623559 -0.15748705  0.14645009]
 [-0.00032584  0.12740252 -0.1299645  -0.04152884  0.16082397]
 [ 0.04559948 -0.07904559  0.01444867  0.01105842  0.05808083]
 [-0.09263286 -0.13923186  0.0100705   0.14067843 -0.10896323]]
U = [[ 0.07928256 -0.1066891   0.19875489 -0.12934372  0.18964433]
 [-0.16801818  0.14048304  0.13025848  0.13429225  0.04323756]
 [ 0.17055878 -0.04110844  0.21931994  0.05415167  0.08788069]
 [ 0.07132207  0.17735218  0.12113804  0.03625451  0.20142766]
 [-0.19818227  0.19709868  0.31253201  0.11961629 -0.06796748]]
Matrix Pair 24; W = [[-0.07749252  0.07024866  0.15763232 -0.00193852 -0.04721167]
 [ 0.09359493 -0.24971048 -0.1260953  -0.08908204  0.21042823]
 [-0.06201888  0.02477765 -0.07886643 -0.02919942  0.24321593]
 [ 0.0821058  -0.07473982 -0.03921044  0.02202716  0.00087047]
 [-0.06575453 -0.10888751 -0.00122795  0.13874949 -0.08550455]]
U = [[ 0.14997589 -0.080785    0.22006759 -0.08922312  0.18687562]
 [-0.10445693  0.08544644  0.18355919  0.11077178  0.01699176]
 [ 0.20125142  0.06189579  0.17312142  0.10727095  0.13682942]
 [ 0.00840923  0.15481083  0.05556738  0.05531115  0.26436569]
 [-0.2245156   0.18575937  0.30911924  0.18296418 -0.09107035]]
Matrix Pair 25; W = [[-0.08983618  0.08136824  0.08853912  0.05603702 -0.07273274]
 [ 0.1127644  -0.20851097 -0.08807078 -0.02761522  0.21049539]
 [-0.11067315  0.00652157 -0.08298205 -0.00187766  0.23908781]
 [ 0.0559296  -0.14100969  0.01437868 -0.02011648  0.01925283]
 [-0.0488427  -0.14315897  0.04366592  0.09885613 -0.03727688]]
U = [[ 0.0960946  -0.0930769   0.15195152 -0.05378069  0.18553612]
 [-0.13538137  0.05962377  0.15664675  0.04508277  0.006802  ]
 [ 0.21318462 -0.00473612  0.2047601   0.08012013  0.12365057]
 [ 0.03013884  0.16188209  0.02913857  0.07301907  0.24544772]
 [-0.22558364  0.12289837  0.29629092  0.17672516 -0.03170778]]
Matrix Pair 26; W = [[-0.08262077  0.00564534  0.16405915  0.06965214 -0.0913417 ]
 [ 0.1093922  -0.1943872  -0.15002655 -0.02066484  0.15409549]
 [-0.11822022  0.00389307 -0.12976384 -0.03382308  0.18420679]
 [ 0.04220773 -0.09221546  0.01756729 -0.05931774  0.05482048]
 [-0.06875869 -0.06226701  0.03638159  0.19638616 -0.03736626]]
U = [[ 0.1819571  -0.09866088  0.19029545 -0.02805798  0.14263047]
 [-0.17123262  0.03816825  0.19381069  0.06399977  0.0289586 ]
 [ 0.16208099 -0.02299023  0.11498739  0.10826774  0.15420509]
 [ 0.00257503  0.22676966  0.04035185  0.0040413   0.19660974]
 [-0.23772479  0.12688512  0.3071524   0.13642279 -0.02097756]]
Matrix Pair 27; W = [[-0.00585696  0.01177975  0.11939304  0.00192658 -0.03443938]
 [ 0.09596383 -0.28935953 -0.12586694 -0.02664241  0.21992484]
 [-0.07336059  0.01022227 -0.06369738 -0.07797005  0.2185864 ]
 [ 0.08406124 -0.12573516  0.01693307  0.02183452  0.04242149]
 [-0.108188   -0.10969504 -0.02679218  0.16016553 -0.08052262]]
U = [[ 0.14696213 -0.0808847   0.16066331 -0.015973    0.11644542]
 [-0.18745689  0.04516415  0.21290253  0.11694467  0.07097193]
 [ 0.19771866  0.0301676   0.11425559  0.15517307  0.13955995]
 [ 0.03942226  0.16474198  0.04238132  0.05576594  0.25645567]
 [-0.20118834  0.14555535  0.35451448  0.1717396  -0.01804776]]
Matrix Pair 28; W = [[-0.06853944  0.06838045  0.2391022   0.08170918 -0.08094349]
 [ 0.13683929 -0.2290201  -0.11411566 -0.1310385   0.10959295]
 [-0.03165844  0.04071439 -0.11496682 -0.0205131   0.2167845 ]
 [ 0.01937679 -0.13246856  0.05200986  0.10396981  0.01328651]
 [-0.13741844 -0.03520258 -0.05314894  0.14734021 -0.09950979]]
U = [[ 0.07873671 -0.04956159  0.2087452  -0.0857021   0.14493711]
 [-0.17699745  0.13326573  0.16507229  0.18660014 -0.00229625]
 [ 0.22172192  0.02630546  0.20979074  0.07521965  0.11430372]
 [ 0.10692805  0.21703068  0.02072178  0.04228338  0.18961908]
 [-0.1526177   0.20761259  0.35241772  0.11672528 -0.09301602]]
Matrix Pair 29; W = [[-0.02566433  0.02795031  0.16800003  0.10902058 -0.04704985]
 [ 0.15639602 -0.19609164 -0.06409548 -0.09151925  0.13440236]
 [ 0.00295187  0.11144987 -0.14669704 -0.01049786  0.24215482]
 [ 0.00937845 -0.18548377  0.06973513  0.08691781  0.0018687 ]
 [-0.10467745 -0.05187656  0.03891066  0.14497004 -0.07855423]]
U = [[ 0.06166584 -0.01014314  0.19836266 -0.11440983  0.17208751]
 [-0.14831701  0.14583801  0.1719179   0.16634703 -0.01730831]
 [ 0.16705044 -0.04233736  0.23000957  0.10824732  0.18805434]
 [ 0.03299431  0.21248702  0.07709386  0.03201935  0.13093546]
 [-0.15401456  0.15926585  0.35667222  0.12043781 -0.05626113]]
Matrix Pair 30; W = [[-0.00099391  0.07341939  0.21538487  0.0501482  -0.09271377]
 [ 0.15690164 -0.19240796 -0.05247782 -0.15513196  0.18702892]
 [-0.0036202   0.09638585 -0.118431   -0.0758464   0.16654613]
 [ 0.02286305 -0.12252393  0.03888343  0.01229461 -0.01139498]
 [-0.17833845 -0.07625384  0.01337677  0.12980858 -0.04959972]]
U = [[ 0.07439547 -0.00993425  0.24501686 -0.12671175  0.14608353]
 [-0.14778105  0.07844664  0.19827933  0.11821698 -0.0364047 ]
 [ 0.23509717 -0.02558808  0.19561701  0.11119563  0.10886489]
 [ 0.04575697  0.19941393  0.03174299  0.02625528  0.20535437]
 [-0.18637478  0.18039783  0.37125549  0.03815613 -0.07681337]]
Matrix Pair 31; W = [[-0.0160884   0.00548192  0.18919218  0.10561978 -0.04740027]
 [ 0.12830813 -0.17999127 -0.08948674 -0.10140013  0.19638641]
 [-0.07895208  0.06137394 -0.06953759 -0.05332895  0.20192079]
 [ 0.02420406 -0.17292067  0.09831116  0.07646594 -0.01509739]
 [-0.17844197 -0.063252    0.04335048  0.12335339 -0.12004612]]
U = [[ 0.10605408 -0.02501897  0.27193658 -0.07363178  0.20235426]
 [-0.09639609  0.07424333  0.1649024   0.16505429 -0.05725276]
 [ 0.15041628 -0.03537209  0.21641521  0.09991926  0.10823134]
 [ 0.05808938  0.22116613  0.05622201  0.03530938  0.17626031]
 [-0.13865668  0.13679444  0.34338339  0.07912137 -0.07179456]]
Matrix Pair 32; W = [[-0.06776723 -0.02162458  0.14176985  0.12164745 -0.04004195]
 [ 0.08811884 -0.21626854 -0.1007736  -0.14095866  0.17695068]
 [ 0.01625791  0.07551365 -0.11095053 -0.03673806  0.2896787 ]
 [-0.04508955 -0.11407836  0.06686188  0.05989301  0.08903276]
 [-0.03194001 -0.13934468  0.01889713  0.09841746 -0.00835134]]
U = [[ 0.1278143  -0.04931372  0.26989363 -0.02532971  0.21199872]
 [-0.1528144   0.12479743  0.13501202  0.09603742  0.02934114]
 [ 0.26201649  0.05399236  0.19357148  0.10324075  0.101968  ]
 [ 0.01305526  0.1933583   0.09205152 -0.01738715  0.19390362]
 [-0.19763073  0.08010034  0.27949825  0.16245236 -0.06099113]]
Matrix Pair 33; W = [[-0.03735495  0.00369877  0.14081139  0.05476523 -0.09063594]
 [ 0.11169921 -0.24384724 -0.0650015  -0.08181915  0.15793559]
 [-0.01365901  0.14255546 -0.11349442 -0.03417746  0.26319759]
 [ 0.00634511 -0.0543603   0.01852566  0.01919029  0.02049077]
 [-0.07317632 -0.14643227  0.04437364  0.05110161  0.01203558]]
U = [[ 0.1764953  -0.00375841  0.18610231 -0.09120663  0.19514294]
 [-0.16424756  0.12579318  0.16177398  0.110971   -0.0242425 ]
 [ 0.2520905   0.02996488  0.19680924  0.05602462  0.08353053]
 [ 0.0470505   0.22899932  0.02751675 -0.00146465  0.17790395]
 [-0.11377159  0.15287866  0.35177659  0.18149154 -0.05692894]]
Matrix Pair 34; W = [[-0.05794645 -0.01632498  0.14563731  0.1151959  -0.06127856]
 [ 0.13054099 -0.22299444 -0.08434614 -0.08586839  0.1944726 ]
 [ 0.03416111  0.14417081 -0.11262979 -0.09978336  0.19813079]
 [-0.01072836 -0.1321559   0.06659352  0.02818342  0.07573086]
 [-0.04493339 -0.10980311  0.00338216  0.02723512  0.00066845]]
U = [[ 0.0955968  -0.03830109  0.24051487 -0.05420629  0.1623713 ]
 [-0.19841852  0.08203158  0.17125311  0.10817629 -0.02787352]
 [ 0.21452736  0.06635655  0.14644436  0.11017046  0.08973843]
 [ 0.08638926  0.14754958  0.08828358 -0.02937375  0.1747286 ]
 [-0.11150189  0.11247448  0.30352513  0.15993379 -0.11635791]]
Matrix Pair 35; W = [[-0.01449643  0.05184823  0.16793718  0.12645875 -0.09693779]
 [ 0.09040124 -0.2448716  -0.05838345 -0.05929239  0.21180035]
 [ 0.01230307  0.15007929 -0.07718244 -0.07751257  0.23157686]
 [-0.06443846 -0.05674615  0.08180329  0.01962059  0.00425109]
 [-0.04470744 -0.0793742  -0.0176807   0.07433325 -0.0716484 ]]
U = [[ 0.17664331  0.01217527  0.2653485  -0.03111599  0.18943634]
 [-0.12882877  0.07224989  0.16490135  0.1828938   0.0201772 ]
 [ 0.25753325 -0.00615957  0.17901863  0.05463697  0.07638346]
 [ 0.03636971  0.19707723  0.02169037  0.01997784  0.21795133]
 [-0.12416202  0.15990251  0.3287057   0.15249393 -0.03887185]]
Matrix Pair 36; W = [[-0.09018891  0.06068183  0.15509442  0.01345907 -0.08248132]
 [ 0.13893287 -0.26092834 -0.07101226 -0.03917112  0.21523858]
 [-0.03967933  0.10345964 -0.12982884  0.0358875   0.25289512]
 [-0.00951308 -0.13143333 -0.00543427  0.01246647  0.0482873 ]
 [-0.16005857 -0.10517233  0.01589721  0.0935575  -0.0400988 ]]
U = [[ 0.11554623 -0.10684701  0.13118959 -0.00438093  0.16525882]
 [-0.10116473 -0.01828766  0.17422481  0.09101535  0.00689553]
 [ 0.1993093  -0.0734233   0.22284461  0.11990501  0.18767967]
 [ 0.1088011   0.19415982  0.01611289 -0.05834614  0.18296638]
 [-0.22861563  0.160351    0.34222152  0.12712373 -0.04003842]]
Matrix Pair 37; W = [[-0.02942231  0.0424953   0.15358585 -0.00583811 -0.0340177 ]
 [ 0.12767469 -0.22595184 -0.07609958 -0.05098355  0.23097814]
 [-0.02058114  0.07864131 -0.17746676 -0.02614638  0.18485739]
 [-0.06161861 -0.15274146  0.03428836  0.06897695  0.01399052]
 [-0.15343278 -0.06747504 -0.03570186  0.05828027  0.0033477 ]]
U = [[ 0.09858396 -0.09086026  0.13405402 -0.03635     0.17798096]
 [-0.16963507  0.06287853  0.20447322  0.10975313 -0.0091396 ]
 [ 0.18630129 -0.00402771  0.15251825  0.11701397  0.20255365]
 [ 0.03879457  0.1962787   0.04052033 -0.06676516  0.18376099]
 [-0.20653313  0.18848638  0.31900625  0.15267083 -0.0354547 ]]
Matrix Pair 38; W = [[-0.04152567  0.02501269  0.21032561  0.06037553 -0.0708253 ]
 [ 0.06095843 -0.20809206 -0.06265442 -0.02798641  0.26200128]
 [-0.0443486   0.09826174 -0.17074433  0.02660327  0.17554083]
 [-0.04038254 -0.06068882  0.00714292  0.05232691  0.02785121]
 [-0.13569483 -0.13387577  0.02076218  0.0644009  -0.03923845]]
U = [[ 0.08560758 -0.05068573  0.18554241 -0.01065486  0.17102019]
 [-0.08962214  0.02426719  0.20461942  0.09506302  0.06015898]
 [ 0.14344988  0.00140222  0.1393769   0.10637217  0.1438978 ]
 [ 0.07335832  0.13464076  0.08794653 -0.0319854   0.20091667]
 [-0.22971824  0.1554025   0.38052652  0.19224682 -0.06785291]]
Matrix Pair 39; W = [[-0.00664601  0.03797644  0.18424284  0.06223411 -0.00604383]
 [ 0.13641066 -0.2841848  -0.05244994  0.00311562  0.26049983]
 [-0.0839661   0.08186939 -0.12830718  0.02637243  0.21634572]
 [-0.01800482 -0.10741473  0.030454    0.06780281  0.01085361]
 [-0.14066384 -0.13677901  0.05558482  0.11370293  0.00143981]]
U = [[ 0.15036386 -0.10140369  0.17194435 -0.08331969  0.19978371]
 [-0.13137943  0.02632005  0.12795972  0.08777603  0.04996673]
 [ 0.14431832 -0.06808736  0.19860582  0.14324874  0.11319712]
 [ 0.02087616  0.18080228  0.02560438 -0.01984568  0.13431425]
 [-0.18549217  0.20255472  0.39745307  0.21741265 -0.05421365]]
Matrix Pair 40; W = [[-0.06261241  0.01905466  0.11886462  0.01999624 -0.08013855]
 [ 0.16041489 -0.22612966 -0.08845228 -0.06935368  0.21930745]
 [-0.00870455  0.10302419 -0.10442335 -0.08716486  0.18506792]
 [ 0.0423505  -0.0495028   0.07832877  0.0987258   0.01886083]
 [-0.10945326 -0.08209321  0.0502065   0.01863596 -0.08189672]]
U = [[ 0.1187979  -0.11775107  0.20238633 -0.15931413  0.18843181]
 [-0.17808446  0.11042727  0.17292948  0.14458712  0.03396997]
 [ 0.16490168 -0.0189043   0.22668221  0.06756387  0.2170301 ]
 [ 0.04915674  0.14910993 -0.03336776 -0.02690683  0.22681855]
 [-0.25865436  0.1105881   0.28735072  0.15602378 -0.02395677]]
Matrix Pair 41; W = [[-0.01174831  0.06167005  0.1347119   0.05318251 -0.10925204]
 [ 0.09511736 -0.15346447 -0.08895897 -0.12124941  0.21480564]
 [ 0.01489369  0.140699   -0.16803704 -0.06790367  0.22338476]
 [ 0.07749605 -0.09355924  0.04446915  0.0926877   0.06004803]
 [-0.10976256 -0.12555699 -0.01675496  0.0137802  -0.08675293]]
U = [[ 0.10166186 -0.08983679  0.13395906 -0.14171882  0.15773612]
 [-0.13593938  0.08450485  0.14279117  0.19799895  0.0104768 ]
 [ 0.21053542  0.00257315  0.14495631  0.0625744   0.15508522]
 [ 0.05260792  0.16831605 -0.03994904 -0.02103105  0.16109026]
 [-0.25496604  0.11077929  0.34095631  0.15279688 -0.04637389]]
Matrix Pair 42; W = [[-0.04033746  0.05241005  0.15890471  0.02312416 -0.16299051]
 [ 0.08735832 -0.23079653 -0.10833575 -0.13288049  0.23416852]
 [-0.0072948   0.11311121 -0.11341822 -0.09811504  0.1644069 ]
 [ 0.00465455 -0.04448616  0.01059809  0.06302109  0.02781114]
 [-0.18411769 -0.13034066 -0.00574085  0.02532167 -0.05758091]]
U = [[ 0.14508206 -0.14476598  0.21268052 -0.12728575  0.18503465]
 [-0.11961546  0.08739364  0.12581315  0.17850571  0.03642389]
 [ 0.23528375  0.04607704  0.17652462  0.08286606  0.18772197]
 [ 0.00314354  0.20302155 -0.00718711  0.00769555  0.20090146]
 [-0.24122911  0.10983158  0.30431711  0.12411935 -0.11537251]]
Matrix Pair 43; W = [[-0.0242422   0.02543789  0.14713809  0.05368286 -0.12196446]
 [ 0.11684901 -0.18093435 -0.05909336 -0.06210297  0.21913092]
 [-0.02137802  0.08704311 -0.10575267 -0.02501126  0.17868332]
 [ 0.05662968 -0.12237518  0.05476999  0.07830809  0.04614555]
 [-0.10832184 -0.08849782 -0.00267589  0.04986264 -0.04807474]]
U = [[ 0.07555325 -0.10592659  0.13718153 -0.10181048  0.16335291]
 [-0.13533303  0.10330947  0.08508116  0.15753757 -0.00529561]
 [ 0.15093318 -0.00274022  0.21755172  0.08008615  0.13330907]
 [ 0.05900412  0.15142634 -0.03448075  0.02472957  0.20747354]
 [-0.25453128  0.07069913  0.3350951   0.11231615 -0.11056956]]
Matrix Pair 44; W = [[-0.05262743  0.01936194  0.16507285  0.00226549 -0.09968927]
 [ 0.15179273 -0.2322116  -0.07286527 -0.10732581  0.18682021]
 [ 0.07146923  0.0442821  -0.156004   -0.02128308  0.21869349]
 [-0.06913254 -0.20591946  0.05150035 -0.01718351  0.01948133]
 [-0.08174357 -0.10174499  0.00664102  0.04675871 -0.0544146 ]]
U = [[ 0.1323613  -0.08245009  0.19253334 -0.15789174  0.20402755]
 [-0.18475489  0.05630753  0.22217285  0.14162926  0.03487669]
 [ 0.19934866 -0.02814576  0.23729751  0.05321752  0.08322306]
 [ 0.04106411  0.19183608  0.02713365 -0.02469647  0.17257235]
 [-0.2122896   0.23477616  0.38134503  0.14108359 -0.05501466]]
Matrix Pair 45; W = [[-0.00578591  0.02509156  0.18353097  0.05036925 -0.03807364]
 [ 0.14362596 -0.22539721 -0.07390103 -0.07104173  0.26963044]
 [ 0.02986565  0.10160798 -0.1032679  -0.00810506  0.18741689]
 [-0.11650495 -0.16639783  0.09187712  0.03526685 -0.03567638]
 [-0.09091604 -0.03695505  0.01909724  0.06537503 -0.04163026]]
U = [[ 0.11181595 -0.11886302  0.25384002 -0.10048926  0.20171133]
 [-0.18508443  0.08901542  0.15908897  0.13548831  0.07067206]
 [ 0.25133678  0.01633697  0.23029418  0.10781443  0.10409355]
 [-0.02795508  0.21551302  0.03966035  0.02068029  0.13479212]
 [-0.15278267  0.16755375  0.3236838   0.14040135 -0.02319171]]
Matrix Pair 46; W = [[-0.03711664 -0.0283204   0.1821112   0.0501567  -0.02253035]
 [ 0.14415074 -0.19026556 -0.04522949 -0.09390106  0.18403184]
 [ 0.05549568  0.05406583 -0.08979457 -0.01430444  0.23030371]
 [-0.12170242 -0.15376381  0.08134351  0.05510339  0.03680958]
 [-0.07404692 -0.06122736 -0.01516493  0.01671302 -0.04046257]]
U = [[ 0.08731522 -0.11451606  0.24305215 -0.12869796  0.1973935 ]
 [-0.20887645  0.0693978   0.12897627  0.11753252  0.08393292]
 [ 0.23972602  0.00980518  0.15639083  0.02915595  0.10405836]
 [ 0.01251978  0.19473432  0.04124534  0.00717833  0.17105828]
 [-0.15327656  0.21320676  0.32647748  0.1366359  -0.1037009 ]]
Matrix Pair 47; W = [[-0.03773769  0.05305028  0.15736735 -0.00945726 -0.07446735]
 [ 0.091902   -0.24023053 -0.06159623 -0.0863159   0.20531794]
 [ 0.02307726  0.07479279 -0.10831037  0.05771932  0.20345042]
 [-0.0804295  -0.16851832  0.06202037 -0.01757585  0.0263186 ]
 [-0.10857633 -0.13237602  0.04710974 -0.01301809 -0.08455668]]
U = [[ 0.05097969 -0.13695396  0.26676299 -0.08239587  0.14188452]
 [-0.17396425  0.04544573  0.15207631  0.15230879  0.08080696]
 [ 0.21934189  0.01622054  0.16774771  0.06181404  0.073683  ]
 [-0.0045223   0.17017999  0.05541675  0.03420905  0.14426069]
 [-0.20193227  0.18445457  0.29298583  0.22133824 -0.02981578]]
Matrix Pair 48; W = [[-0.05027831 -0.02106747  0.2025696   0.02847907 -0.06066061]
 [ 0.05633799 -0.17104119 -0.00829866 -0.06889926  0.24015461]
 [-0.02113001  0.07413517 -0.18648037 -0.07163355  0.24610051]
 [ 0.02056994 -0.04344074  0.01394655  0.04287446  0.03045725]
 [-0.11508562 -0.07448583  0.05711232  0.08066514 -0.04109834]]
U = [[ 0.09262997 -0.08749825  0.19218339 -0.1170154   0.15101209]
 [-0.23524852  0.07483378  0.12903403  0.13578443  0.03147916]
 [ 0.28050748 -0.00043941  0.15487819  0.09896496  0.19062711]
 [ 0.10365483  0.11346576  0.01853493 -0.03457441  0.17734478]
 [-0.19680301  0.17704137  0.31757474  0.14228698 -0.15114149]]
Matrix Pair 49; W = [[-0.05459694 -0.00438094  0.20401043 -0.00366457 -0.10045593]
 [ 0.07671185 -0.20622754 -0.06996579 -0.07445098  0.23257925]
 [-0.05250133  0.06966789 -0.0932355  -0.08265527  0.1590543 ]
 [-0.07389594 -0.08325301  0.04343761  0.0257448   0.02091422]
 [-0.1309825  -0.06025266  0.05941449  0.07159714 -0.05864484]]
U = [[ 0.14823604 -0.00044826  0.22979411 -0.05666353  0.17524416]
 [-0.19660451  0.10046924  0.10957457  0.19006693 -0.04866584]
 [ 0.2689881   0.02579703  0.17451719  0.09035007  0.15410019]
 [ 0.08280528  0.12154985  0.0559797  -0.06272112  0.12393588]
 [-0.1991871   0.17164718  0.33903141  0.10179598 -0.07580994]]
Matrix Pair 50; W = [[-7.51245478e-02 -1.43374905e-02  1.34794098e-01  3.05791916e-02
  -1.31729718e-01]
 [ 9.02906276e-02 -1.60003824e-01 -1.33545228e-02 -6.35945162e-02
   2.52735698e-01]
 [-1.11376475e-02  5.01247419e-02 -1.42710709e-01 -9.64318727e-05
   2.35197271e-01]
 [-4.81956418e-02 -7.75665135e-02 -8.94043354e-03  5.69253215e-02
  -8.65430707e-04]
 [-1.12693175e-01 -3.52528922e-02  1.48258096e-02  5.51323575e-03
  -4.89282564e-02]]
U = [[ 0.13319742 -0.01700633  0.26855842 -0.11168446  0.12608676]
 [-0.24130669  0.0931016   0.11442127  0.22386874  0.02342879]
 [ 0.24004357 -0.00422131  0.15504045  0.08167012  0.16924056]
 [ 0.03463136  0.13459081  0.03139646 -0.02281574  0.18654527]
 [-0.1606236   0.13754257  0.28000919  0.15049204 -0.09020772]]
Matrix Pair 51; W = [[-0.02960216 -0.03360945  0.18056556 -0.00154525 -0.07069942]
 [ 0.13582157 -0.20132321 -0.07172801 -0.0324649   0.22030812]
 [-0.0378584   0.02769734 -0.11774352 -0.01022304  0.22412233]
 [-0.05963895 -0.10827727  0.00440148  0.054376   -0.01809557]
 [-0.19954935 -0.04646903  0.0358188   0.01860789 -0.03083027]]
U = [[ 1.62647502e-01  2.01323717e-03  1.90211748e-01 -7.76493917e-02
   9.98651032e-02]
 [-2.09514040e-01  9.16379766e-02  1.15889987e-01  2.03749628e-01
  -3.00560555e-04]
 [ 2.28094919e-01  4.31306338e-02  1.84921489e-01  1.39879292e-01
   1.96907666e-01]
 [ 6.31560244e-02  1.57423483e-01  2.49413021e-02 -6.58326685e-02
   1.40366998e-01]
 [-1.50620363e-01  1.71353678e-01  3.09917239e-01  1.30659466e-01
  -6.98080340e-02]]
Matrix Pair 52; W = [[-0.13054812  0.08759617  0.2066869   0.02597246 -0.03039625]
 [ 0.11331606 -0.20026794 -0.03152938 -0.12344556  0.22425585]
 [-0.01314722  0.11835761 -0.02995388 -0.01458194  0.20083759]
 [-0.05239984 -0.08294645 -0.03587324  0.03105324  0.01226084]
 [-0.11035157 -0.09876123 -0.01009724  0.16899007  0.03286565]]
U = [[ 0.0679759  -0.09786346  0.1860704  -0.16259517  0.16738156]
 [-0.21759582  0.1011028   0.13043414  0.10922844  0.03718557]
 [ 0.25965316 -0.08806095  0.23935504  0.02749043  0.14843517]
 [ 0.05883676  0.21109843  0.07743851 -0.01227614  0.22944482]
 [-0.20461493  0.16153625  0.30489774  0.12615584 -0.04649306]]
Matrix Pair 53; W = [[-0.04031471  0.08141278  0.17893518  0.07164114 -0.08725628]
 [ 0.1420097  -0.23081001 -0.10931803 -0.13460393  0.18784137]
 [ 0.0310268   0.08605098 -0.08229121  0.00486146  0.22248057]
 [-0.02858724 -0.14273868 -0.00836346 -0.00618978  0.03274701]
 [-0.11079953 -0.09717084 -0.02882384  0.1708558   0.01674562]]
U = [[ 0.12072433 -0.10202965  0.21529587 -0.10457967  0.11451002]
 [-0.21383259  0.05966433  0.13582595  0.20327179  0.07481406]
 [ 0.22657063 -0.0521688   0.22202429  0.08030386  0.16756121]
 [ 0.07882808  0.16244885  0.10071919  0.01231024  0.16263169]
 [-0.1583452   0.15478017  0.32925147  0.18875565 -0.01729936]]
Matrix Pair 54; W = [[-0.08983716  0.02797212  0.17086331  0.06008772 -0.05147375]
 [ 0.16062654 -0.23106535 -0.05614798 -0.12627034  0.20979458]
 [ 0.03647759  0.07782849 -0.06716654 -0.03077095  0.1760815 ]
 [ 0.00798325 -0.05545752  0.00041629 -0.00398508  0.05346872]
 [-0.14075846 -0.03001859  0.03646429  0.10737167  0.04166943]]
U = [[ 0.12906449 -0.09965691  0.15139313 -0.09781608  0.18073238]
 [-0.21516568  0.08155237  0.13534871  0.14249531  0.07210887]
 [ 0.28631758 -0.0060748   0.16445527  0.0619184   0.18890125]
 [ 0.08674988  0.16687422  0.0817458   0.04001859  0.16524142]
 [-0.17393987  0.12849267  0.34453191  0.14961068 -0.01210143]]
Matrix Pair 55; W = [[-0.05375989  0.05623261  0.15956016  0.04238116 -0.04585255]
 [ 0.13936223 -0.26065404 -0.03083981 -0.06477917  0.16210356]
 [ 0.04244133  0.06014268 -0.03563423 -0.07354001  0.18709653]
 [ 0.00641189 -0.10475944  0.02945108  0.02113477 -0.04006007]
 [-0.1527064  -0.10889642  0.01090017  0.08654823  0.00058249]]
U = [[ 0.07214714 -0.06251416  0.1802425  -0.14417194  0.1885027 ]
 [-0.20615673  0.0525861   0.13582644  0.14395404  0.05205815]
 [ 0.21104233 -0.07578368  0.1651942   0.08043597  0.13040722]
 [ 0.07237882  0.22340707  0.11899729 -0.0358119   0.18181211]
 [-0.2232347   0.17687655  0.31671325  0.12405392 -0.02835619]]
Matrix Pair 56; W = [[-0.00134876  0.01707601  0.16845363  0.12657411 -0.10745518]
 [ 0.08007298 -0.29399866 -0.15037468 -0.04717273  0.23454188]
 [-0.02722782  0.11710539 -0.17940519 -0.03261259  0.23144331]
 [ 0.00383416 -0.10796474  0.04592463  0.07381584  0.03261134]
 [-0.07587208 -0.06896085  0.03084155  0.07843131 -0.15144417]]
U = [[ 0.06483729 -0.06266211  0.26400488 -0.08525008  0.15244194]
 [-0.22355702  0.06457336  0.20446424  0.23656564 -0.04106081]
 [ 0.22014878  0.01797126  0.20071563  0.16397647  0.16322376]
 [ 0.08157177  0.15989703  0.04209133 -0.03620857  0.1603838 ]
 [-0.16225486  0.10462222  0.32087913  0.14565423 -0.11477769]]
Matrix Pair 57; W = [[ 0.05095428 -0.00760039  0.22180608  0.13101327 -0.03486977]
 [ 0.11016468 -0.248198   -0.15966924 -0.0896208   0.18017292]
 [-0.05806647  0.13561388 -0.1458147  -0.02425403  0.239569  ]
 [ 0.00176708 -0.15434612  0.00939401  0.05737392 -0.01514996]
 [-0.07355    -0.10372292  0.09374378  0.12335144 -0.11659606]]
U = [[ 0.07714763 -0.07478195  0.27788904 -0.150602    0.13854015]
 [-0.2394271   0.09498751  0.19445205  0.15854702  0.04832435]
 [ 0.30282477  0.06425269  0.1808176   0.15911448  0.17483322]
 [ 0.0615344   0.13953021 -0.00251798 -0.00395068  0.1523552 ]
 [-0.18391876  0.17706769  0.33166401  0.17840675 -0.05563158]]
Matrix Pair 58; W = [[-0.02485192  0.02697266  0.14738663  0.11001339 -0.0360569 ]
 [ 0.15176581 -0.27071127 -0.11485352 -0.11434829  0.16047648]
 [-0.06079791  0.08383361 -0.08513937 -0.01717674  0.22624572]
 [ 0.01451102 -0.17176975  0.03048422  0.14007146 -0.01919535]
 [-0.12758683 -0.11373118  0.08883919  0.11285725 -0.11868631]]
U = [[ 0.12435166 -0.05770872  0.22119755 -0.15232334  0.12447819]
 [-0.2331417   0.11843088  0.16212331  0.14405387 -0.00823946]
 [ 0.22519492 -0.00187993  0.17951771  0.08796312  0.20601581]
 [ 0.03707306  0.21752606  0.0231104   0.05640714  0.18018582]
 [-0.18799152  0.18484962  0.39896165  0.13591768 -0.07772129]]
Matrix Pair 59; W = [[-0.03342569  0.05926108  0.2080825   0.07934589 -0.09799387]
 [ 0.1165794  -0.25492047 -0.1171473  -0.11813173  0.2301174 ]
 [-0.03769819  0.13451122 -0.09520259 -0.01338067  0.25324567]
 [-0.00443355 -0.16501005  0.06658909  0.11093354  0.07641095]
 [-0.09926667 -0.12642245  0.00938684  0.10237475 -0.15049312]]
U = [[ 0.09455425 -0.06855677  0.25908071 -0.08810531  0.12062005]
 [-0.20418369  0.11553949  0.19772914  0.18582537 -0.02350235]
 [ 0.24817671  0.05945256  0.199945    0.14451744  0.1563302 ]
 [ 0.0834976   0.1495738   0.03183135  0.05724228  0.17807873]
 [-0.1788933   0.13393895  0.35188275  0.10999085 -0.13513594]]
Matrix Pair 60; W = [[-4.70969900e-02  1.95505521e-02  1.66684594e-01  1.27677276e-02
  -9.48472795e-02]
 [ 1.37936355e-01 -2.42532723e-01 -6.56813577e-02 -1.57932768e-01
   2.44806615e-01]
 [-3.57444598e-02  9.80084098e-02 -1.51995024e-01 -7.09249311e-02
   1.99233118e-01]
 [-1.58846055e-02 -5.73660451e-02  4.83611093e-02 -1.95424247e-04
   6.70241806e-02]
 [-1.18154779e-01 -3.82520679e-02  7.64560268e-02  1.19522102e-01
  -1.64732899e-01]]
U = [[ 0.07453175 -0.15934914  0.20118046 -0.18291669  0.14454086]
 [-0.09667808  0.0781656   0.14345579  0.14896688  0.01958911]
 [ 0.21518728  0.03139122  0.15189295  0.12972693  0.12226382]
 [ 0.05818396  0.24429111  0.06863218 -0.02221833  0.19853712]
 [-0.13081288  0.19314069  0.28825716  0.13462325 -0.05236834]]
Matrix Pair 61; W = [[-0.11476999 -0.02011491  0.17787184  0.103545   -0.08718691]
 [ 0.0676632  -0.2137376  -0.15601145 -0.16031394  0.22690176]
 [-0.03833284  0.14327248 -0.19477306 -0.04180848  0.22880811]
 [-0.03920645 -0.01359744  0.07179385 -0.00333227  0.06333529]
 [-0.14251031 -0.08720279 -0.00299899  0.0610493  -0.13026596]]
U = [[ 0.13011061 -0.12622914  0.17608414 -0.17964828  0.131227  ]
 [-0.10766305  0.05348249  0.12002131  0.20201564  0.0652433 ]
 [ 0.1579455  -0.00904945  0.13595882  0.13895716  0.08190827]
 [ 0.063162    0.20405442  0.09251187  0.00496786  0.17853488]
 [-0.19003764  0.15390277  0.37167945  0.18493619 -0.01530315]]
Matrix Pair 62; W = [[-0.12756584 -0.02773988  0.17987701  0.02709787 -0.05752825]
 [ 0.10382783 -0.26880155 -0.09568652 -0.16125507  0.21478262]
 [-0.02479413  0.09259563 -0.17869444 -0.01041468  0.16374836]
 [ 0.0549363  -0.04376156  0.00792335  0.02206142  0.0752352 ]
 [-0.13933965 -0.04337838  0.06303916  0.07998506 -0.11582631]]
U = [[ 0.09092541 -0.06088796  0.18154648 -0.16950312  0.09504898]
 [-0.08301427  0.06358858  0.15324541  0.21267977  0.00373922]
 [ 0.22497428  0.04957946  0.15511848  0.13288218  0.10275833]
 [ 0.02874625  0.27417875  0.08692508 -0.01047869  0.19945607]
 [-0.1954471   0.16030208  0.29103608  0.16404489 -0.05611078]]
Matrix Pair 63; W = [[-0.09759965  0.02783029  0.18504772  0.06976161 -0.06005369]
 [ 0.11904992 -0.29382566 -0.06592145 -0.12546887  0.23874705]
 [-0.0471308   0.08188619 -0.20366614 -0.06909318  0.14794594]
 [-0.02903571 -0.05519725  0.02144134 -0.01736283  0.0262786 ]
 [-0.14273236 -0.05275991 -0.00157426  0.08450217 -0.16295246]]
U = [[ 0.06941438 -0.15958458  0.23861144 -0.16037728  0.19026048]
 [-0.10976066  0.07742105  0.16076112  0.14706281  0.04759586]
 [ 0.1633097   0.05659963  0.19590169  0.06646547  0.12136852]
 [-0.01713141  0.2670072   0.03745562  0.02884939  0.17211371]
 [-0.17173655  0.22883457  0.37224418  0.17610316 -0.04287482]]
