Epoch: 0Matrix Pair 0; W = [[-0.15662149 -0.42551117  0.25699568  0.49177633 -0.37074586]
 [ 0.35645441 -0.52269701  0.72816593  0.07447678  0.81379086]
 [-0.3288611   0.32652563 -0.65346002  0.08794651 -0.8083094 ]
 [-0.62796187 -0.27485542 -0.33087132  0.50592716 -0.77087917]
 [ 0.06081312 -0.73209886  0.26269867 -0.1641588   0.198468  ]]
U = [[ 0.35386856 -0.26568121  0.38538748 -0.06399094 -0.00507437]
 [-0.33914408  0.25114126 -0.00169813  0.64369907 -0.46185712]
 [ 0.63850903  0.12445838  0.40178903  0.59777471 -0.0428091 ]
 [ 0.27889492 -0.00815423 -0.07985245 -0.17596698  0.45333382]
 [-0.2183995   0.48667095  0.41198024 -0.24197365 -0.3675412 ]]
Matrix Pair 1; W = [[-0.18334942 -0.38895291  0.27060181  0.52373812 -0.38079529]
 [ 0.31854269 -0.47681951  0.69237002  0.02742675  0.81565091]
 [-0.37361098  0.33550308 -0.61499164  0.0763967  -0.86521755]
 [-0.60851005 -0.24200605 -0.31137018  0.53882138 -0.70831306]
 [ 0.12830976 -0.67910109  0.30566322 -0.20730576  0.12389877]]
U = [[ 0.4028865  -0.22768003  0.44438187 -0.07971517  0.07210033]
 [-0.41416899  0.20592983 -0.05269171  0.70076812 -0.44379027]
 [ 0.591509    0.09892317  0.39958217  0.60380462 -0.06529715]
 [ 0.27013848 -0.05150439 -0.06295862 -0.11881061  0.54606885]
 [-0.18406433  0.50483797  0.41459261 -0.28255578 -0.30799753]]
Matrix Pair 2; W = [[-0.17221604 -0.41663391  0.30482051  0.53801933 -0.42089318]
 [ 0.35515301 -0.46775663  0.72792757 -0.01802094  0.79531166]
 [-0.31300204  0.33420746 -0.61743338  0.0682838  -0.7960904 ]
 [-0.60650003 -0.24145616 -0.3218827   0.54251059 -0.74311528]
 [ 0.08539664 -0.71414779  0.25688203 -0.1704381   0.19254539]]
U = [[ 0.43774934 -0.28561911  0.45219619 -0.05163844 -0.01375751]
 [-0.35404283  0.2579044   0.0103784   0.63451729 -0.49713461]
 [ 0.64211033  0.10085383  0.42795291  0.56546659 -0.05318869]
 [ 0.2134673  -0.0544755  -0.09595971 -0.11591722  0.46535082]
 [-0.17397255  0.48953934  0.39148134 -0.28132588 -0.39052428]]
Matrix Pair 3; W = [[-0.18547452 -0.43353084  0.24855241  0.49011947 -0.40127814]
 [ 0.35690444 -0.52644367  0.66995215  0.01213125  0.83230641]
 [-0.31040284  0.3089548  -0.63664237  0.10617944 -0.81813182]
 [-0.66012783 -0.23608007 -0.3443848   0.51973809 -0.72599095]
 [ 0.07462305 -0.7203981   0.24703225 -0.14040246  0.17766117]]
U = [[ 3.50198092e-01 -2.27297334e-01  4.00079893e-01 -4.73008812e-02
   6.90226023e-02]
 [-3.70944829e-01  2.46317120e-01 -3.55441131e-02  6.54269633e-01
  -4.44567660e-01]
 [ 5.63814263e-01  1.26312467e-01  3.65420558e-01  6.54925524e-01
  -6.28216311e-02]
 [ 2.36062271e-01 -4.31455566e-02  3.79927846e-04 -1.19119096e-01
   5.24000593e-01]
 [-2.07897810e-01  4.77328912e-01  3.55261258e-01 -2.25264751e-01
  -3.26129738e-01]]
Matrix Pair 4; W = [[-0.17291362  0.06486422  0.52398785 -0.52947169 -0.49486029]
 [ 0.15069297  0.26883567  0.03789314 -0.01521362  0.63567176]
 [-0.98096952 -0.10322166 -0.11667186  0.63028695  0.40217262]
 [-0.68319166 -0.1133991   0.15184894  0.31305477  0.70359678]
 [-0.1106287  -0.79600301 -0.19174117 -0.16071423 -0.39859076]]
U = [[ 0.02258472  0.28808501 -0.72142355  0.02159507  0.62162842]
 [ 0.48465067 -0.16526016 -0.1558428   0.160578   -0.60744896]
 [-0.56376403 -0.60580413 -0.04183072  0.6171553  -0.03205888]
 [-0.18034452  0.08113659 -0.0314168   0.75250608 -0.28681573]
 [ 0.87265514 -0.8839876   0.43077403  0.16643877 -0.75527684]]
Matrix Pair 5; W = [[-0.20655402  0.02759381  0.44106499 -0.58558979 -0.4548103 ]
 [ 0.1316805   0.30264007 -0.01353933  0.01211995  0.61656247]
 [-0.94987061 -0.06988693 -0.12460614  0.60829303  0.39330256]
 [-0.67833836 -0.08719663  0.12986187  0.29409177  0.71544673]
 [-0.02194078 -0.74122911 -0.20430162 -0.14908463 -0.36019894]]
U = [[ 0.03062223  0.2727884  -0.74022946 -0.0688737   0.57806717]
 [ 0.50343143 -0.09128344 -0.17373457  0.12521654 -0.59035627]
 [-0.56285336 -0.64767568 -0.06941954  0.60903835 -0.07010191]
 [-0.20592947  0.07929985  0.00147343  0.73486298 -0.22230696]
 [ 0.80219313 -0.83004803  0.38864766  0.12208863 -0.74491237]]
Matrix Pair 6; W = [[-0.21017317  0.06551551  0.45363872 -0.56283697 -0.52998662]
 [ 0.11307267  0.30772844  0.01977384 -0.0059127   0.60585883]
 [-0.9484156  -0.13354428 -0.12712808  0.62512851  0.43501482]
 [-0.68393256 -0.09457989  0.17003875  0.29447845  0.67869368]
 [-0.02519047 -0.76837928 -0.19727258 -0.1934414  -0.33629693]]
U = [[ 0.08888856  0.32962947 -0.68194552 -0.0290259   0.60974756]
 [ 0.5060497  -0.12269656 -0.16299559  0.1569061  -0.61494912]
 [-0.49191358 -0.63645186 -0.05766874  0.56468789 -0.06592885]
 [-0.21212557  0.08647547 -0.01343588  0.77796809 -0.29318361]
 [ 0.82359533 -0.80347818  0.38209518  0.16758491 -0.75468905]]
Matrix Pair 7; W = [[-0.22977246  0.04149281  0.46269401 -0.54180365 -0.48379561]
 [ 0.10029904  0.33499074  0.06065266  0.00250972  0.65058919]
 [-0.91246444 -0.05549313 -0.0706915   0.61021525  0.35800901]
 [-0.66514836 -0.04831726  0.09678069  0.33377504  0.67609827]
 [-0.04210582 -0.79680219 -0.19244317 -0.15748092 -0.38096548]]
U = [[ 0.08163048  0.32618245 -0.73498071 -0.05678233  0.61566777]
 [ 0.48650428 -0.15923854 -0.17666267  0.12136265 -0.53169473]
 [-0.50044858 -0.58960535 -0.09477888  0.65161974 -0.09844327]
 [-0.18301991  0.12046182  0.00527563  0.71585368 -0.26065823]
 [ 0.81090147 -0.84274184  0.44930064  0.1690072  -0.7838996 ]]
Matrix Pair 8; W = [[ 0.28776278 -0.04310199  0.71428608  0.02616678  0.17072587]
 [ 0.14376707 -0.40127049 -0.80953377  0.30132357 -0.53278523]
 [ 0.04722458 -0.47551513  0.2405454   0.80996144  0.47295402]
 [ 0.43293202 -0.72126053  0.09247736  0.2164991  -0.38132564]
 [ 0.39565043  0.21233745  0.56048112  0.44076801  0.03271384]]
U = [[ 0.64019999 -0.04040829  0.77940695 -0.18672877  0.4546808 ]
 [-0.62184214 -0.43545666  0.25971857  0.87030532  0.17169109]
 [ 0.60476007 -0.13301257  0.12077151  0.70825719  0.14756157]
 [ 0.28790088  0.42344734  0.01756334 -0.61548636 -0.17616711]
 [-0.50628847  0.17704729  0.52700429 -0.01291403  0.43573526]]
Matrix Pair 9; W = [[ 0.24028039 -0.07156901  0.74259962  0.08470444  0.10591298]
 [ 0.13735583 -0.46000949 -0.85713459  0.24106109 -0.523944  ]
 [ 0.06462218 -0.44546695  0.23648816  0.84204379  0.50343553]
 [ 0.47147889 -0.73535423  0.11108328  0.16015872 -0.40085337]
 [ 0.43739214  0.30205078  0.57956627  0.42838429  0.0359428 ]]
U = [[ 0.70293398 -0.06932654  0.79040116 -0.14911397  0.4654294 ]
 [-0.65268788 -0.41860386  0.25675602  0.93034728  0.21038943]
 [ 0.62850936 -0.08319783  0.138724    0.6553294   0.13982168]
 [ 0.27135349  0.39845478  0.02539663 -0.70657648 -0.18441868]
 [-0.45591989  0.13816816  0.46519239 -0.0765089   0.47028402]]
Matrix Pair 10; W = [[ 0.24608446 -0.06222869  0.69256901  0.05579654  0.08737248]
 [ 0.16386991 -0.42885856 -0.87479233  0.26429201 -0.52882113]
 [-0.00387473 -0.49965854  0.22704055  0.85073287  0.50164637]
 [ 0.46561365 -0.74765744  0.06970407  0.19274229 -0.39222303]
 [ 0.43337621  0.26334815  0.54900281  0.4174506   0.05810679]]
U = [[ 0.61667057 -0.03139214  0.74613853 -0.2028238   0.50293504]
 [-0.57933237 -0.40291674  0.24191815  0.83909882  0.22368383]
 [ 0.64354885 -0.1204647   0.10594151  0.68034268  0.07889537]
 [ 0.30554972  0.41787873  0.0213173  -0.6214195  -0.18334804]
 [-0.48654836  0.15078549  0.4876481  -0.01447388  0.49688597]]
Matrix Pair 11; W = [[ 0.21721343 -0.07920631  0.68311465  0.0161124   0.1368297 ]
 [ 0.17341197 -0.48114865 -0.87763374  0.25387517 -0.57971873]
 [ 0.06795452 -0.48345137  0.22644923  0.88908225  0.43336704]
 [ 0.38407397 -0.75982914  0.13826792  0.17055228 -0.31094108]
 [ 0.41010061  0.24517035  0.58422545  0.45977014  0.00544021]]
U = [[ 0.70486122 -0.00635003  0.80712127 -0.1683183   0.51070297]
 [-0.6385127  -0.38124871  0.2204509   0.86446087  0.20597928]
 [ 0.65169759 -0.16972322  0.07602144  0.69771426  0.09522317]
 [ 0.30800449  0.41478819 -0.03080505 -0.64214434 -0.18705461]
 [-0.45661227  0.15905347  0.49169678 -0.03554254  0.41250456]]
Matrix Pair 12; W = [[ 0.09398934  0.96702686 -0.64295962  0.45141716  0.24499554]
 [ 0.08449988  0.15975253 -0.43839662  0.02175087 -0.1850704 ]
 [ 0.36158887 -0.56113956  0.10204664 -0.16510379  0.49126887]
 [ 0.01923068  0.01800311 -0.24574687  0.54864501  0.64707   ]
 [ 0.15829939  0.61870119  0.48722199 -0.05980739 -0.16996527]]
U = [[ 0.34638113  0.0858454  -0.00776803 -0.22271435 -0.56985631]
 [ 0.29500162 -0.27617305  0.77334028 -0.2053864  -0.08646353]
 [ 0.11362687 -0.22484924 -0.05813751  0.28799802  0.15009633]
 [ 0.68449634  0.03372324  0.28310989  0.11031642  0.42601053]
 [ 0.42403861  0.27508628  0.33674208  0.15879227  0.06268887]]
Matrix Pair 13; W = [[ 0.09801359  0.95277848 -0.65322389  0.4918312   0.28543384]
 [ 0.07805935  0.1699562  -0.48200995  0.07032878 -0.24242184]
 [ 0.36893265 -0.57074923  0.10061656 -0.151721    0.49544781]
 [ 0.02497368  0.02240216 -0.24877176  0.58084992  0.6590902 ]
 [ 0.16276788  0.58727401  0.5278415  -0.07103007 -0.25694131]]
U = [[ 0.39321848  0.01368554 -0.08541404 -0.22124748 -0.48983676]
 [ 0.36016377 -0.25541006  0.76417899 -0.22632634 -0.08469722]
 [ 0.08709284 -0.17261686 -0.00777854  0.3227325   0.20905613]
 [ 0.68445194  0.02614981  0.23471921  0.06163245  0.42641359]
 [ 0.38226033  0.21353548  0.35230267  0.15238614  0.08067656]]
Matrix Pair 14; W = [[ 0.0997166   0.96366227 -0.62836169  0.47245888  0.31053187]
 [-0.00301108  0.23339581 -0.44986891  0.06400196 -0.27865162]
 [ 0.39632004 -0.52973399  0.09686806 -0.22464645  0.49567525]
 [-0.00243588 -0.01897113 -0.28477818  0.57769772  0.66446952]
 [ 0.19937685  0.67427748  0.49505072 -0.10376786 -0.24037981]]
U = [[ 0.39621374  0.01793603  0.00236837 -0.24771807 -0.50002607]
 [ 0.33396552 -0.23512638  0.72891146 -0.20510536 -0.06183029]
 [ 0.04671064 -0.25360469 -0.0268878   0.3322694   0.15961568]
 [ 0.64873482 -0.00101664  0.20351203  0.09077689  0.40941647]
 [ 0.40279466  0.22286711  0.35613038  0.10931318  0.03066336]]
Matrix Pair 15; W = [[ 1.34626416e-01  9.57950160e-01 -6.40537812e-01  4.88672589e-01
   2.84734482e-01]
 [ 4.21338285e-02  1.63184700e-01 -4.92053898e-01  1.18974986e-02
  -2.56275787e-01]
 [ 3.95764264e-01 -6.01267643e-01  1.74756393e-01 -1.79291704e-01
   4.77966900e-01]
 [-2.74085908e-02 -7.35431896e-04 -2.08847594e-01  5.28775582e-01
   7.08471053e-01]
 [ 1.56042816e-01  6.13741401e-01  4.85988526e-01 -1.01548645e-01
  -2.43792430e-01]]
U = [[ 0.39493937  0.05424827 -0.00654656 -0.26678262 -0.52613237]
 [ 0.30796209 -0.2680466   0.76440211 -0.24269299 -0.05877359]
 [ 0.10424861 -0.22891766 -0.02306679  0.36163588  0.14404671]
 [ 0.65903172  0.04131477  0.28796797  0.14204829  0.50260238]
 [ 0.35554009  0.18393149  0.35678289  0.16967206  0.10916366]]
Matrix Pair 16; W = [[-0.61370398 -0.18690738  0.17147131 -0.61932791 -0.49057839]
 [ 0.0528838  -0.55015359 -0.14603177 -0.19675992 -0.0596978 ]
 [-0.09196009  0.54919217 -0.37003885 -0.19570926  0.36736993]
 [-0.34664726 -0.86457396  0.65946388  0.12879628 -0.09383338]
 [-0.38370928 -0.83057438 -0.35097182  0.02638696 -0.57680735]]
U = [[-0.26943332  0.58025918  0.72655604 -0.07319448  0.67534853]
 [ 0.13685887  0.75475646 -0.02342872  0.33530301  0.63560509]
 [ 0.4481549  -0.23901646  0.59093418 -0.18362764  0.49575472]
 [-0.19065861 -0.04492798  0.12821664  0.738888   -0.04606182]
 [ 0.4214499   0.59540044 -0.08520262  0.26390572  0.04031219]]
Matrix Pair 17; W = [[-0.53347512 -0.17163007  0.16724179 -0.67682398 -0.4374831 ]
 [ 0.0896415  -0.5014847  -0.13194049 -0.1270236  -0.04358362]
 [-0.14890467  0.54895245 -0.40794683 -0.15784243  0.38200578]
 [-0.43948392 -0.84567623  0.67392873  0.0886952  -0.08805312]
 [-0.38214952 -0.81125949 -0.32065275  0.02797728 -0.50244868]]
U = [[-0.26399638  0.57403733  0.65205855 -0.02114647  0.73369571]
 [ 0.09137183  0.79520287 -0.00229267  0.36942843  0.64938202]
 [ 0.35402117 -0.28296728  0.55291437 -0.17532187  0.51012669]
 [-0.17482313 -0.04874849  0.19490241  0.78318463  0.01080111]
 [ 0.38593925  0.60581976 -0.02572342  0.32763042  0.0375075 ]]
Matrix Pair 18; W = [[-0.54438384 -0.19209156  0.13962751 -0.66495263 -0.45133621]
 [ 0.06714854 -0.49487273 -0.21843663 -0.16836459 -0.03455627]
 [-0.13057089  0.55437612 -0.3989279  -0.20729991  0.36265343]
 [-0.43475665 -0.85063412  0.60715042  0.09729535 -0.0608608 ]
 [-0.39102225 -0.83095113 -0.38729892 -0.02176875 -0.55390824]]
U = [[-0.31861761  0.53769034  0.70055822 -0.05895665  0.65278179]
 [ 0.08474097  0.77816088 -0.09519911  0.3982569   0.61020279]
 [ 0.38368531 -0.28522838  0.60429846 -0.21788383  0.50751208]
 [-0.20363049 -0.10585846  0.20486319  0.81313785  0.02316554]
 [ 0.43528135  0.69038762 -0.05813355  0.31223473 -0.01237892]]
Matrix Pair 19; W = [[-0.56773177 -0.16442325  0.14111918 -0.6169978  -0.43792198]
 [ 0.09482159 -0.54106665 -0.2171587  -0.15543762 -0.06360698]
 [-0.08609253  0.57980094 -0.38524123 -0.17770108  0.31597755]
 [-0.43439474 -0.86300962  0.64952163  0.10130058 -0.02339922]
 [-0.36665394 -0.79576365 -0.31146775 -0.0561665  -0.56256479]]
U = [[-0.27490138  0.55107669  0.68451917 -0.0783254   0.72507062]
 [ 0.12912798  0.75092954 -0.07890617  0.31576089  0.62498487]
 [ 0.42791254 -0.19499421  0.55116691 -0.13674838  0.50938194]
 [-0.14663101 -0.0909123   0.12654441  0.7927379  -0.00404493]
 [ 0.44009273  0.63742851 -0.04115739  0.30633041  0.04624185]]
Matrix Pair 20; W = [[-0.65391763 -0.45531455  0.03770953  0.41626686 -0.60414255]
 [ 0.5976413  -0.73772854  0.2867183  -0.42964791  0.69585432]
 [-0.0687208   0.43916439  0.66419367 -0.57163533  0.62272867]
 [ 0.41893521  0.14629076  0.30948043  0.52257669  0.47758551]
 [-0.30627704  0.4143483  -0.81123422  0.22861338  0.51730678]]
U = [[-0.53518808 -0.32678197 -0.28356244  0.02877142  0.33010202]
 [-0.30314113  0.43586017 -0.76072065  0.23145974  0.36234478]
 [-0.01694766  0.01715785 -0.54960419  0.48438443  0.57061423]
 [-0.19820159 -0.58300981 -0.50003221  0.10767613  0.3651295 ]
 [-0.54411417 -0.15345893 -0.40644989 -0.33912817 -0.01664251]]
Matrix Pair 21; W = [[-0.68528515 -0.49660974  0.00811725  0.37983982 -0.57010586]
 [ 0.59544938 -0.8036468   0.30360196 -0.48822182  0.70559541]
 [-0.04001272  0.44901034  0.68243648 -0.55319167  0.58616534]
 [ 0.39080456  0.16890607  0.31687326  0.48366052  0.50491333]
 [-0.3465525   0.33298687 -0.86823349  0.31277267  0.52573   ]]
U = [[-0.54356282 -0.30262512 -0.3216129   0.02288534  0.29245116]
 [-0.38345986  0.47146008 -0.74148291  0.20986229  0.38052244]
 [ 0.03151269  0.04109672 -0.59277892  0.42733724  0.58624125]
 [-0.19991805 -0.57318447 -0.42890375  0.10663439  0.37743349]
 [-0.51875804 -0.20310611 -0.38016061 -0.26143861  0.00244498]]
Matrix Pair 22; W = [[-0.62224449 -0.50383521  0.02410591  0.3741973  -0.60155476]
 [ 0.62028488 -0.79637821  0.28987527 -0.46548034  0.70184602]
 [-0.00519407  0.45758088  0.65480964 -0.61686594  0.6003694 ]
 [ 0.34660109  0.12530308  0.26489919  0.48535159  0.47200969]
 [-0.28946862  0.34169457 -0.85698048  0.23431354  0.51286483]]
U = [[-0.50833861 -0.29107142 -0.33489388 -0.00506224  0.32630746]
 [-0.37298381  0.4249107  -0.71997734  0.19497584  0.30937655]
 [-0.03577548  0.07499532 -0.560427    0.42387457  0.59274631]
 [-0.1876701  -0.56294767 -0.48345136  0.13563332  0.36118746]
 [-0.56578314 -0.21036167 -0.42200208 -0.30562393 -0.03497879]]
Matrix Pair 23; W = [[-0.71209706 -0.43332041 -0.01406049  0.37555234 -0.60827106]
 [ 0.59081061 -0.78341516  0.32173741 -0.42803249  0.64178044]
 [-0.02536377  0.45395659  0.63522217 -0.56551948  0.60955958]
 [ 0.41129286  0.1717311   0.27247268  0.51485064  0.493106  ]
 [-0.34851087  0.39958714 -0.80007277  0.23462838  0.52735217]]
U = [[-0.48559791 -0.30295298 -0.32884989  0.05238427  0.26443407]
 [-0.3248803   0.44132314 -0.78180105  0.19651114  0.36708237]
 [-0.00379823  0.05128564 -0.55700962  0.41158643  0.57578163]
 [-0.25090021 -0.57772663 -0.4587846   0.15891113  0.41187554]
 [-0.54469495 -0.22262117 -0.36778412 -0.25592808 -0.00798713]]
Matrix Pair 24; W = [[-0.34707858  0.19135452  0.15334298  0.2448218   0.52791651]
 [ 0.3279207   0.50967268  0.02853821 -0.02213806 -0.22562412]
 [-0.02128363  0.30639696  0.0798776   0.27545754  0.28253674]
 [-0.81901203  0.52558979 -0.43149216 -0.60212061  0.30644983]
 [-0.48631106 -0.02305024  0.02806568 -0.20994874 -0.36090883]]
U = [[-0.56861401  0.36512299  0.26140306  0.00406686 -0.81849369]
 [ 0.54948367 -0.15313005  0.11682319  0.27836433  0.11153453]
 [ 0.34858181 -0.57137392  0.03529654  0.03113181  0.18676027]
 [-0.68839637 -0.01268703  0.30734057 -0.23188425 -0.00339051]
 [ 0.08401464  0.12240545 -0.57464864  0.36745217  0.13978139]]
Matrix Pair 25; W = [[-0.33979855  0.20200162  0.1150373   0.24296275  0.51552365]
 [ 0.37836857  0.52144752 -0.00094342  0.03478596 -0.26853965]
 [-0.01792504  0.36484636  0.08152565  0.36075123  0.37218912]
 [-0.8352291   0.51702205 -0.41904118 -0.64354682  0.34461999]
 [-0.57389852 -0.03104241  0.03834015 -0.25167929 -0.39835075]]
U = [[-0.60742122  0.33131781  0.29359295  0.01949307 -0.75841722]
 [ 0.58357332 -0.21445166  0.06337957  0.29644378  0.09817426]
 [ 0.34761163 -0.63243698  0.05542309  0.04256079  0.16750111]
 [-0.62460026  0.02806941  0.35692278 -0.22308078  0.01969117]
 [ 0.17426662  0.12797425 -0.60282778  0.40830544  0.12871986]]
Matrix Pair 26; W = [[-0.3051232   0.18209343  0.12613043  0.24846722  0.56154892]
 [ 0.29158019  0.55421    -0.01781689 -0.02353283 -0.2225007 ]
 [-0.09292683  0.38447722  0.14161254  0.29634306  0.31373011]
 [-0.84061249  0.54067298 -0.39548962 -0.65430264  0.32839849]
 [-0.50350904  0.0033239   0.01450008 -0.16557508 -0.44748414]]
U = [[-0.57801054  0.30295116  0.25829638  0.08542955 -0.75000536]
 [ 0.48874504 -0.24216511  0.03468966  0.30914009  0.08821988]
 [ 0.34993541 -0.54140404  0.02002187  0.05929591  0.17549764]
 [-0.6963772   0.04334243  0.36020805 -0.21008355  0.02217262]
 [ 0.08776589  0.05348492 -0.53457738  0.38138933  0.21122099]]
Matrix Pair 27; W = [[-0.28739553  0.11287981  0.1483902   0.2194848   0.52724184]
 [ 0.32574019  0.56264414 -0.03078536  0.03665613 -0.300485  ]
 [-0.02552701  0.36369853  0.08702764  0.35085093  0.29965746]
 [-0.82831461  0.51524406 -0.39291371 -0.63974607  0.3670714 ]
 [-0.55828905 -0.00618618  0.02677128 -0.23087889 -0.3798224 ]]
U = [[-0.59466389  0.34419971  0.29014023  0.00863575 -0.7868095 ]
 [ 0.56824779 -0.19281041  0.11148881  0.27756156  0.06658063]
 [ 0.28745145 -0.5492642   0.10391025  0.03681229  0.10708733]
 [-0.71374813  0.05450175  0.33480984 -0.20821354  0.02489315]
 [ 0.11192318  0.11556883 -0.60227146  0.37555703  0.20341119]]
Matrix Pair 28; W = [[-0.47471296  0.56953294  0.20690149 -0.31021412  0.44210822]
 [-0.0017158  -0.46231267 -0.22317083  0.38462766  0.5138909 ]
 [ 0.04525327 -0.2763308   0.30974846  0.54003004  0.6162871 ]
 [-0.24791464 -0.16585133 -0.03281168 -0.80535838  0.03111982]
 [-0.59533939  0.24385103 -0.88722518 -0.33291134  0.18747966]]
U = [[-0.44703789  0.38732008 -0.77832379 -0.48762513  0.15349879]
 [ 0.11389367 -0.10332444 -0.68632062 -0.53572868 -0.8631558 ]
 [-0.06141723 -0.37408977  0.16480774 -0.15691891  0.76174007]
 [-0.5245813   0.05095589  0.3392687  -0.38391162  0.30630652]
 [-0.79221548  0.31606394  0.22120723  0.32066034  0.03837807]]
Matrix Pair 29; W = [[-0.4683649   0.59251138  0.201814   -0.33288059  0.45034016]
 [-0.01772273 -0.52111504 -0.13527634  0.34087606  0.52041732]
 [ 0.05741273 -0.21846282  0.36112393  0.58126565  0.633417  ]
 [-0.25974834 -0.21619005 -0.02375913 -0.79069234  0.02025264]
 [-0.6015599   0.24622574 -0.8497419  -0.24756635  0.16382832]]
U = [[-0.48424715  0.35859159 -0.77074806 -0.45926854  0.15840481]
 [ 0.16298856 -0.07427003 -0.72984812 -0.49535324 -0.84942477]
 [-0.1250213  -0.34888956  0.21099635 -0.10864451  0.76957605]
 [-0.51608285  0.05739776  0.33214478 -0.43085339  0.29395798]
 [-0.75276657  0.32459581  0.25042637  0.32462012  0.04083971]]
Matrix Pair 30; W = [[-0.47040674  0.58179909  0.2191395  -0.3510404   0.35797847]
 [-0.02087992 -0.44383363 -0.21845405  0.35447986  0.53745967]
 [ 0.09468018 -0.27924511  0.31825236  0.49575883  0.56607857]
 [-0.28562674 -0.16401944  0.02498818 -0.8631553  -0.04295791]
 [-0.54782078  0.24028373 -0.81044817 -0.33251222  0.20942615]]
U = [[-0.47435713  0.37940705 -0.79488615 -0.5229595   0.1670085 ]
 [ 0.10875551 -0.07429621 -0.73293485 -0.54913225 -0.88224439]
 [-0.11288773 -0.37346165  0.18427572 -0.16243752  0.75600799]
 [-0.49860311  0.06316482  0.30399798 -0.44135689  0.27909259]
 [-0.7547962   0.2896191   0.19163612  0.27009035  0.03811538]]
Matrix Pair 31; W = [[-0.47665831  0.55722393  0.20696396 -0.295714    0.38677799]
 [ 0.01625139 -0.45498133 -0.16469907  0.38510148  0.53101067]
 [ 0.03839546 -0.26441337  0.2948198   0.48992961  0.63423481]
 [-0.20159106 -0.22399441 -0.02710833 -0.81908225  0.01484657]
 [-0.55595395  0.18506384 -0.85055103 -0.32656441  0.1871906 ]]
U = [[-0.45565067  0.2989638  -0.80479673 -0.5120108   0.12994059]
 [ 0.12006898 -0.11226291 -0.68445105 -0.56614075 -0.93412785]
 [-0.10098923 -0.33578125  0.13660523 -0.11457955  0.80943594]
 [-0.48463216  0.04807447  0.33707297 -0.4179192   0.23765293]
 [-0.75466646  0.26911446  0.19310668  0.25905557  0.03283019]]
Matrix Pair 32; W = [[-0.00358937 -0.15446967 -0.27711667 -0.50639559 -0.14851234]
 [-0.89777269 -0.12747319  0.48362143 -0.77905798 -0.24734649]
 [-0.27503727 -0.09800288 -0.76033891  0.15377353 -0.08891067]
 [ 0.87565364  0.59603898 -0.2542938  -0.35364427  0.12011776]
 [ 0.20235     0.36445465 -0.33759335  0.67358824 -0.85996423]]
U = [[ 0.48275504 -0.74698966  0.0660396   0.01000179  0.67153963]
 [-0.79795388 -0.61545129  0.61298001  0.0418529  -0.70485337]
 [ 0.12811698  0.19935297  0.36900186  0.00410565  0.27238519]
 [-0.2335212   0.20505761  0.4227943  -0.40575245  0.50194089]
 [ 0.20509524  0.13177186 -0.05538398 -0.11925312 -0.71414593]]
Matrix Pair 33; W = [[-0.03716773 -0.19539011 -0.31869316 -0.47346397 -0.13218056]
 [-0.917727   -0.12931524  0.5505044  -0.82580989 -0.22286048]
 [-0.26712679 -0.06602061 -0.68358358  0.10438499 -0.06998243]
 [ 0.84591198  0.6122276  -0.25331801 -0.413833    0.16407814]
 [ 0.2417581   0.34301267 -0.33901296  0.71612409 -0.86125108]]
U = [[ 0.46168508 -0.7239147   0.05194945  0.02560601  0.65967207]
 [-0.74906    -0.60223056  0.63554811  0.11283259 -0.76649197]
 [ 0.21191438  0.18015815  0.34008709 -0.02136152  0.2662035 ]
 [-0.22543391  0.2325241   0.38841165 -0.47879215  0.46339539]
 [ 0.26065724  0.11214618 -0.05750159 -0.0824319  -0.6918495 ]]
Matrix Pair 34; W = [[-0.0363178  -0.18562499 -0.23308243 -0.50695148 -0.15151615]
 [-0.91815613 -0.06381997  0.56153261 -0.85066842 -0.23437375]
 [-0.22602133 -0.03105842 -0.74824521  0.16006979 -0.00745723]
 [ 0.78770977  0.57059016 -0.25553614 -0.41201702  0.11121595]
 [ 0.24464927  0.36978984 -0.39631698  0.69200849 -0.82247922]]
U = [[ 0.45665342 -0.76030999  0.11842831  0.00093606  0.61470753]
 [-0.81924677 -0.65389012  0.62826563  0.08862677 -0.79484689]
 [ 0.16480086  0.15479052  0.32051263 -0.06907887  0.19346518]
 [-0.17043652  0.2403966   0.42501011 -0.49942973  0.43225155]
 [ 0.21554386  0.13320888 -0.07985378 -0.10366175 -0.73561994]]
Matrix Pair 35; W = [[-0.00580954 -0.20617771 -0.26526153 -0.52003591 -0.12399329]
 [-0.92443203 -0.15353757  0.51146028 -0.82077444 -0.24293026]
 [-0.20713739 -0.08232682 -0.72602988  0.08483519 -0.06656233]
 [ 0.87832178  0.61789722 -0.25426665 -0.34842792  0.19596376]
 [ 0.22458417  0.34271469 -0.41996674  0.68474764 -0.80887604]]
U = [[ 0.4435695  -0.72285165  0.0562037   0.04744415  0.67040617]
 [-0.7665299  -0.6469723   0.62497056  0.10317175 -0.72246701]
 [ 0.12351154  0.14606178  0.35137973 -0.01845478  0.2413048 ]
 [-0.17390361  0.19638103  0.3417062  -0.46003927  0.46864641]
 [ 0.22339982  0.0727844  -0.10308155 -0.04776136 -0.6817096 ]]
Matrix Pair 36; W = [[-0.72382352  0.95342193 -0.34273046  0.62018298  0.39857332]
 [-0.76609157 -0.1008144  -0.45991009 -0.54118559  0.09877724]
 [-0.76391488 -0.54686176 -0.52210348  0.20364389  0.03055041]
 [-0.11811303  0.1575793   0.45647906  0.16019281  0.22917061]
 [-0.40368603  0.20810162  0.36510634 -0.363225   -0.21860739]]
U = [[ 0.64452554 -0.39756336 -0.27006507  0.01139984  0.13152137]
 [-0.08834951 -0.40701062 -0.27201779  0.80199476  0.51798238]
 [-0.18780694  0.34591826  0.72813854 -0.44576116  0.69083369]
 [ 0.46504853  0.68812283 -0.77175869  0.57811951 -0.95425196]
 [ 0.2988015  -0.42512025  0.4927974   0.23038902  0.11010163]]
Matrix Pair 37; W = [[-0.72536258  0.90659759 -0.33271977  0.57172681  0.36399262]
 [-0.76534388 -0.18542923 -0.53840745 -0.53171604  0.0646685 ]
 [-0.72013824 -0.55528249 -0.51212036  0.15120979  0.00583437]
 [-0.11562458  0.1277171   0.53720522  0.20530308  0.25471523]
 [-0.44276948  0.24254365  0.32807616 -0.38813414 -0.16064114]]
U = [[ 0.66525646 -0.32725541 -0.27872495 -0.01214311  0.14895299]
 [-0.15196578 -0.33897954 -0.26612511  0.82843202  0.51051511]
 [-0.16565187  0.28303339  0.73110117 -0.44918913  0.75018786]
 [ 0.41842676  0.6645606  -0.75512787  0.57860932 -0.94651299]
 [ 0.38150511 -0.38760342  0.48287736  0.30006473  0.06309591]]
Matrix Pair 38; W = [[-0.6502892   0.95467732 -0.35747725  0.57723772  0.31674253]
 [-0.78520556 -0.14291629 -0.54988401 -0.52581254  0.00538263]
 [-0.71476952 -0.56848501 -0.45501957  0.22564731 -0.00376216]
 [-0.08455742  0.18904545  0.46991024  0.18108758  0.24514899]
 [-0.42073667  0.20897566  0.30943789 -0.40353312 -0.19113976]]
U = [[ 0.59986261 -0.38830332 -0.27483097 -0.01656272  0.18234298]
 [-0.10867648 -0.36621894 -0.26248408  0.85189578  0.45579057]
 [-0.19541033  0.28006601  0.70460505 -0.52105733  0.76037924]
 [ 0.43581796  0.71039627 -0.71121432  0.52193388 -0.89748945]
 [ 0.31970888 -0.38868999  0.53346005  0.28833633  0.15378559]]
Matrix Pair 39; W = [[-0.73301456  0.87712121 -0.31956782  0.53195148  0.36715298]
 [-0.75918299 -0.18472941 -0.51796072 -0.53273664  0.07921165]
 [-0.74206369 -0.61888345 -0.52618921  0.16540827 -0.05375546]
 [-0.12875429  0.18428233  0.51081913  0.19530252  0.23695855]
 [-0.37605126  0.23414434  0.37848875 -0.41486179 -0.14004847]]
U = [[ 0.67463617 -0.36646463 -0.29895745  0.03683376  0.14515455]
 [-0.11720766 -0.34261562 -0.2625166   0.83840663  0.50161073]
 [-0.21730991  0.26922537  0.74111868 -0.51930052  0.7124431 ]
 [ 0.49367879  0.72354398 -0.74066794  0.50239079 -0.96645125]
 [ 0.36215549 -0.41637394  0.51336818  0.26360391  0.06588454]]
Matrix Pair 40; W = [[-0.26241487  0.6489773  -0.66919518  0.33160227  0.0435411 ]
 [ 0.00900259  0.50500288 -0.34305805 -0.88232398  0.4362868 ]
 [-0.33526987 -0.09912921  0.07229143  0.16781583  0.13801499]
 [ 0.22982206  0.27618775 -0.27735284  0.2805694  -0.08442198]
 [-0.49922178 -0.0116806   0.10326241 -0.81873545  0.05800991]]
U = [[ 0.44962842  0.14546244  0.03401163  0.54571688  0.32152853]
 [-0.77876551 -0.07576171  0.88884276 -0.06589523  0.58888064]
 [ 0.5878969   0.13980085 -0.35877328  0.34008627 -0.97290649]
 [ 0.54269482  0.28872101  0.03486129 -0.21519796  0.63872117]
 [-0.24828025 -0.22621952  0.53024217  0.52452212 -0.21825128]]
Matrix Pair 41; W = [[-0.25908678  0.57068318 -0.75079875  0.32399262  0.07225301]
 [ 0.02161413  0.4907286  -0.32913951 -0.96651215  0.43143425]
 [-0.31292954 -0.14388843  0.0340672   0.10127786  0.16474946]
 [ 0.22100535  0.26300041 -0.26727075  0.22416375 -0.0876134 ]
 [-0.50066175  0.06142193  0.11390978 -0.77607034  0.04110705]]
U = [[ 0.44778062  0.15700249 -0.00516688  0.53798133  0.38993751]
 [-0.82975809 -0.0943683   0.86240224 -0.02981968  0.56829412]
 [ 0.5481855   0.1458519  -0.32927578  0.35046355 -1.01373582]
 [ 0.53919859  0.22708704  0.048682   -0.24990713  0.68176669]
 [-0.2699927  -0.21329801  0.61801296  0.51166036 -0.20842003]]
Matrix Pair 42; W = [[-0.27395795  0.55434171 -0.69822929  0.28740663  0.06828072]
 [ 0.03888761  0.46787697 -0.35708542 -0.92431573  0.38026622]
 [-0.33565334 -0.10163527  0.09044448  0.15472587  0.19805077]
 [ 0.23772919  0.19896581 -0.36106828  0.27764993 -0.0863672 ]
 [-0.48103404  0.06048719  0.09544738 -0.79605978  0.01386136]]
U = [[ 0.43625371  0.18647147  0.0363291   0.5316425   0.33656626]
 [-0.76181736 -0.12881899  0.89061011 -0.08981641  0.58829951]
 [ 0.5968013   0.10836901 -0.33857959  0.2975289  -0.94279885]
 [ 0.55084011  0.21384476 -0.03163454 -0.28161063  0.62775555]
 [-0.26564569 -0.22304132  0.59700381  0.48901222 -0.22498086]]
Matrix Pair 43; W = [[-0.27730642  0.605926   -0.75413985  0.31678667  0.07931104]
 [-0.01504625  0.44056763 -0.36644151 -0.96750243  0.45998326]
 [-0.31309898 -0.0927876   0.08434871  0.18503846  0.14194662]
 [ 0.18495587  0.26269581 -0.34626781  0.20510302 -0.14171012]
 [-0.46729095 -0.01510934  0.15132786 -0.8302951   0.0803618 ]]
U = [[ 0.49680787  0.11574224  0.02079295  0.58466048  0.32118377]
 [-0.83626777 -0.11748133  0.86117646 -0.03810936  0.56321166]
 [ 0.62268258  0.16561273 -0.31015325  0.26488992 -0.95811004]
 [ 0.58255357  0.21935216 -0.02135115 -0.25179978  0.64172116]
 [-0.26198286 -0.2916807   0.52858831  0.49283123 -0.25529663]]
Matrix Pair 44; W = [[ 8.85453312e-01 -2.68999777e-01 -1.50240320e-01  5.73050940e-01
   3.99556020e-01]
 [ 4.42788943e-02 -3.41334833e-01 -4.31647497e-01 -2.87651149e-01
   6.80247790e-02]
 [-2.38667424e-01 -4.20821038e-02  2.38375217e-01  2.39156117e-01
   3.91659478e-02]
 [-7.55417215e-02 -2.69157047e-01  3.14053066e-01 -5.59287740e-01
   2.88531654e-01]
 [ 7.86207447e-01 -4.53079267e-04  2.13970857e-01  1.19229864e-01
   7.16439807e-01]]
U = [[ 0.63905907 -0.11271441 -0.21207992 -0.03613563  0.02740188]
 [-0.22893048 -0.20297487 -0.13404553 -0.60594682  0.39279474]
 [ 0.26045757 -0.65831599 -0.12052753 -0.63692729  0.28594439]
 [-0.34734596  0.56462573 -0.26433674  0.32623258 -0.48929577]
 [-0.63796032 -0.02103182  0.52930636  0.89439362 -0.17122353]]
Matrix Pair 45; W = [[ 0.84797858 -0.26565967 -0.21422337  0.52051782  0.41114674]
 [ 0.08908668 -0.35134703 -0.41430721 -0.3092036   0.11865288]
 [-0.20266052 -0.03421737  0.24259372  0.28431068  0.07946825]
 [-0.00524735 -0.30118366  0.35725002 -0.52178175  0.22858541]
 [ 0.86050758  0.01086814  0.24341836  0.13058018  0.72079476]]
U = [[ 0.64655312 -0.06341456 -0.20685191 -0.02085614  0.08248141]
 [-0.29137758 -0.15059218 -0.13186631 -0.63362298  0.41544552]
 [ 0.28586474 -0.66419292 -0.17186673 -0.67117868  0.3083673 ]
 [-0.39568116  0.55638881 -0.27130505  0.32809889 -0.48116458]
 [-0.63943324 -0.05766495  0.50192294  0.89330246 -0.20500756]]
Matrix Pair 46; W = [[ 8.29707513e-01 -3.61074556e-01 -1.51248516e-01  5.53664078e-01
   3.25078755e-01]
 [ 4.10186532e-02 -3.60530481e-01 -4.17938127e-01 -3.78124431e-01
   4.33182108e-02]
 [-2.40967179e-01 -3.62887122e-05  1.62594345e-01  2.76705453e-01
   9.35427334e-02]
 [-4.93998368e-02 -3.15180137e-01  3.22671828e-01 -5.22758210e-01
   2.66529271e-01]
 [ 7.64366128e-01  1.39543550e-03  2.58116057e-01  1.08891156e-01
   6.93234785e-01]]
U = [[ 0.62973    -0.09629399 -0.22027128  0.04563723  0.10687885]
 [-0.23937639 -0.19455693 -0.1577999  -0.62550537  0.39735959]
 [ 0.34694792 -0.61585625 -0.17024249 -0.62544424  0.30851262]
 [-0.35417559  0.54480743 -0.25921533  0.28275809 -0.43939325]
 [-0.57422436 -0.00797219  0.5151153   0.98389483 -0.18121907]]
Matrix Pair 47; W = [[ 0.88371016 -0.35895091 -0.15838497  0.51547248  0.39966658]
 [ 0.02938946 -0.32803068 -0.40104487 -0.28575391  0.09928233]
 [-0.25224378 -0.03326589  0.24240632  0.30657783  0.03179715]
 [-0.08104406 -0.25185844  0.29656141 -0.57743671  0.28735946]
 [ 0.84365424 -0.03487856  0.24293253  0.13031427  0.68665635]]
U = [[ 0.63242164 -0.11609135 -0.15508412 -0.01332695  0.06130371]
 [-0.22451851 -0.17686855 -0.16306694 -0.62808604  0.39785047]
 [ 0.32958045 -0.59908288 -0.16557358 -0.66898962  0.30549759]
 [-0.41127236  0.61435521 -0.25327325  0.2846908  -0.43773105]
 [-0.65508647 -0.01279259  0.50034987  0.90607136 -0.25637451]]
Matrix Pair 48; W = [[ 0.2494351   0.22266281  0.70781238 -0.0074846  -0.02532905]
 [ 0.14371707  0.55219595 -0.30571542  0.39607791  0.39746589]
 [ 0.62496923  0.67132734 -0.2282867  -0.90611147  0.50302692]
 [ 0.14194507  0.41276575  0.61995978 -0.67052288  0.49908414]
 [-0.30350878 -0.33276461 -0.05308425  0.15438647 -0.11063077]]
U = [[-0.32707481 -0.66367304  0.07210204 -0.06542316 -0.0640156 ]
 [ 0.10616103  0.34878936  0.29605902 -0.19852105  0.34861185]
 [-0.2832753   0.30966388  0.0462479  -0.81752941 -0.08249217]
 [-0.25961772  0.82931503  0.47085949  0.3726425   0.28370347]
 [-0.67433019 -0.24290124  0.69056366  0.68103819 -0.16359389]]
Matrix Pair 49; W = [[ 0.16722909  0.26954828  0.63572355 -0.07615728  0.00750079]
 [ 0.19270221  0.57008171 -0.24943122  0.34081927  0.35940876]
 [ 0.6552053   0.66702088 -0.20093305 -0.95343849  0.4697195 ]
 [ 0.11937717  0.357533    0.58429259 -0.64765014  0.52152351]
 [-0.32719031 -0.339399   -0.063306    0.18474776 -0.11743876]]
U = [[-0.30354767 -0.5924639   0.01820291 -0.09277956 -0.09360805]
 [ 0.16977422  0.33682536  0.29703517 -0.23406056  0.34351378]
 [-0.23210214  0.32868969  0.13077458 -0.76859244 -0.11033711]
 [-0.26140047  0.81502954  0.51880128  0.36976465  0.33815942]
 [-0.70755177 -0.20938406  0.68079275  0.65847053 -0.16657629]]
Matrix Pair 50; W = [[ 0.24502863  0.18775946  0.64001983 -0.04941551  0.02046576]
 [ 0.12300168  0.55039388 -0.3239724   0.33990024  0.33318578]
 [ 0.59117668  0.70271191 -0.23596855 -0.9274311   0.50413335]
 [ 0.11527071  0.38169805  0.61985863 -0.7090718   0.50353205]
 [-0.24361482 -0.35536845 -0.0484118   0.18636109 -0.1615076 ]]
U = [[-0.28361366 -0.63024625  0.08655143 -0.10407824 -0.14368212]
 [ 0.16640671  0.34315094  0.2132709  -0.16583641  0.32286113]
 [-0.31428743  0.30059803  0.11457519 -0.84321636 -0.05558712]
 [-0.27174127  0.84645946  0.51343509  0.34373081  0.29659082]
 [-0.66684198 -0.2330416   0.7013725   0.69828895 -0.15055482]]
Matrix Pair 51; W = [[ 0.24481932  0.20679248  0.67232175 -0.08737318  0.00345849]
 [ 0.14051561  0.60447854 -0.24208839  0.3939245   0.35723822]
 [ 0.62632032  0.70207389 -0.24951036 -0.96199958  0.48524333]
 [ 0.05768561  0.43198856  0.62921574 -0.72348045  0.51733409]
 [-0.25054215 -0.32967756 -0.12476098  0.11763526 -0.08896096]]
U = [[-0.28962783 -0.58335197  0.05531347 -0.09293051 -0.07787254]
 [ 0.11290904  0.33550466  0.20733535 -0.18551295  0.34758819]
 [-0.25736157  0.32557791  0.03795202 -0.77748033 -0.08163985]
 [-0.28516663  0.8980951   0.51758275  0.32555972  0.34366688]
 [-0.71560686 -0.25466256  0.6929831   0.68681224 -0.07132182]]
Matrix Pair 52; W = [[ 0.35047701 -0.46022689  0.06601827 -0.48218705 -0.03037383]
 [ 0.49222001 -0.66755238 -0.19852646 -0.57426813  0.20297679]
 [-0.34217747 -0.29725692 -0.1144795  -0.0871996   0.08734073]
 [-0.40686752  0.17752038 -0.70283676  0.67664101 -0.07354803]
 [-0.76683743  0.04291282  0.19217192  0.61932036  0.58497232]]
U = [[ 0.62980655  0.59752287 -0.01915254 -0.61462894  0.0543431 ]
 [-0.07717082  0.90630258  0.62649608 -0.05172596 -0.58051737]
 [-0.0725112   0.57687804  0.36720364 -0.07830289 -0.48294452]
 [-0.16302647  0.4670141  -0.90427384 -0.18104446 -0.48611824]
 [ 0.44611984 -0.10137463  0.48344197 -0.02368469 -0.03907905]]
Matrix Pair 53; W = [[ 0.36494819 -0.45454123  0.05332996 -0.55854546 -0.06823292]
 [ 0.44797045 -0.63805214 -0.1673491  -0.59003308  0.16044645]
 [-0.2594259  -0.31291396 -0.07594394 -0.07536418  0.12735771]
 [-0.38924953  0.22987522 -0.7066409   0.6248824  -0.07827555]
 [-0.73720732  0.13352457  0.16650342  0.56010051  0.50852618]]
U = [[ 0.60373615  0.68288713 -0.11231907 -0.52180024  0.05050272]
 [-0.07911694  0.91321342  0.60476874  0.0249453  -0.54200819]
 [-0.11487333  0.63076609  0.34691812 -0.0406502  -0.45788288]
 [-0.15929695  0.55366807 -0.86410806 -0.26365974 -0.47610982]
 [ 0.39344631 -0.12607798  0.44493003  0.04462321  0.00332192]]
Matrix Pair 54; W = [[ 0.3455538  -0.46636459  0.05229349 -0.52423655 -0.05354125]
 [ 0.45792313 -0.61006048 -0.13880303 -0.62681399  0.17828158]
 [-0.3411782  -0.32012012 -0.04047698 -0.08394403  0.14377711]
 [-0.39383698  0.26104792 -0.75939091  0.68050824 -0.12661949]
 [-0.75777258  0.08864858  0.13404043  0.6154099   0.53242   ]]
U = [[ 6.64521792e-01  6.76560253e-01 -8.19114376e-02 -5.79870893e-01
   7.01677204e-02]
 [-5.45765333e-04  8.69675761e-01  6.72217339e-01 -3.97500025e-02
  -5.64057024e-01]
 [-5.00440272e-02  5.51021068e-01  3.24674783e-01 -2.11823824e-02
  -3.89424912e-01]
 [-1.06155841e-01  5.40552773e-01 -9.36630160e-01 -2.19080284e-01
  -4.85630064e-01]
 [ 4.06195513e-01 -1.80320263e-01  5.10602144e-01  4.51356882e-02
  -7.76236932e-02]]
Matrix Pair 55; W = [[ 0.38774178 -0.44885607  0.01164142 -0.5024178  -0.09639246]
 [ 0.42286346 -0.64181089 -0.16752384 -0.57654142  0.20712065]
 [-0.26269923 -0.30275229 -0.1225498  -0.12674571  0.08770038]
 [-0.37419701  0.18519819 -0.70822571  0.59216042 -0.1300313 ]
 [-0.78895971  0.11876954  0.11255146  0.56926405  0.5714896 ]]
U = [[ 0.61028644  0.64846502 -0.09039885 -0.59740563  0.05424791]
 [-0.09763528  0.84332748  0.66946782  0.0049222  -0.51884983]
 [-0.06240803  0.55540573  0.36951276 -0.05265059 -0.38498631]
 [-0.17022075  0.46376093 -0.90106372 -0.25554523 -0.55696082]
 [ 0.46156836 -0.13172542  0.50397069  0.01127401 -0.0216473 ]]
Matrix Pair 56; W = [[-0.13881728  0.22588799  0.00315205 -0.77348865  0.39774143]
 [ 0.38691511 -0.16216989  0.5003226   0.74709878 -0.16316887]
 [-0.36752841  0.10451906  0.01136614  0.05302901  0.41791631]
 [-0.18743642  0.45705951 -0.01193736  0.38215818  0.80337727]
 [ 0.43113771 -0.02052512 -0.5633667  -0.41929995 -0.06110932]]
U = [[-0.14086936  0.91635236  0.15093454  0.66849507 -0.39795059]
 [-0.67158197 -0.05348943 -0.12633087 -0.58651484 -0.36110606]
 [-0.14958907 -0.00398427 -0.44774658  0.26301766  0.67841272]
 [-0.0483587   0.45466796  0.23185689  0.62724791 -0.59377873]
 [ 0.67534755  0.10319495  0.04547078  0.13318271 -0.12221606]]
Matrix Pair 57; W = [[-0.107983    0.19189683  0.00134932 -0.76836363  0.42363083]
 [ 0.45735664 -0.16994421  0.56432989  0.79465302 -0.10857005]
 [-0.43240642  0.1754716  -0.06084582  0.04509762  0.41187583]
 [-0.16702027  0.491705   -0.04777048  0.38808759  0.85372147]
 [ 0.48901436  0.0057432  -0.50143602 -0.47775274 -0.10556046]]
U = [[-0.18165403  0.87923313  0.19338999  0.65080007 -0.33289894]
 [-0.73646336 -0.02073979 -0.1496813  -0.5407677  -0.34690877]
 [-0.11441592  0.02184498 -0.42576622  0.1994365   0.69943712]
 [ 0.02992541  0.44396822  0.2288311   0.59709993 -0.60019868]
 [ 0.74635593  0.13482531 -0.03956693  0.14029744 -0.14927559]]
Matrix Pair 58; W = [[-0.198052    0.19538741  0.07941988 -0.82356276  0.4674583 ]
 [ 0.47874685 -0.19540467  0.48655123  0.76161976 -0.17971153]
 [-0.35972927  0.17995159 -0.00162722  0.00689397  0.46373569]
 [-0.14341078  0.52655366 -0.03015277  0.34120292  0.81843328]
 [ 0.40501512  0.03567435 -0.56157363 -0.50629709 -0.10286362]]
U = [[-0.10951217  0.88405338  0.18807454  0.63599334 -0.32227207]
 [-0.71788399 -0.03540558 -0.18001828 -0.50860907 -0.38231491]
 [-0.17799542 -0.04178697 -0.44593991  0.27253679  0.64136021]
 [-0.0276082   0.4568567   0.16282181  0.64063191 -0.60682157]
 [ 0.73139431  0.17457225  0.03755095  0.07497267 -0.12569484]]
Matrix Pair 59; W = [[-0.15841207  0.25771283  0.03095263 -0.84313512  0.44670058]
 [ 0.41411887 -0.1884146   0.50124265  0.77011902 -0.15650359]
 [-0.37211787  0.17612383 -0.06465612  0.00232848  0.48814063]
 [-0.15982326  0.46019966 -0.01625666  0.36309124  0.80743574]
 [ 0.48023295 -0.0155802  -0.49428661 -0.50225821 -0.11246289]]
U = [[-0.12496836  0.927176    0.21241113  0.7072872  -0.31466932]
 [-0.70604066  0.00687603 -0.15800632 -0.54288437 -0.3139473 ]
 [-0.1235948   0.02073034 -0.47526457  0.22923879  0.68508379]
 [ 0.00242454  0.44362622  0.18242207  0.69351464 -0.53749434]
 [ 0.74750531  0.12350848 -0.03535304  0.08478754 -0.1195458 ]]
Matrix Pair 60; W = [[-0.05444268  0.63347883  0.57019757  0.11511674  0.60765775]
 [-0.91116446 -0.18104074  0.45856678  0.49703198  0.15412918]
 [ 0.21275327  0.08165634  0.23018429 -0.46960471  0.62228616]
 [ 0.59800693  0.50986629  0.19731423 -0.04196962 -0.12126923]
 [-0.02279155 -0.46690265  0.09529815  0.14277928  0.39593124]]
U = [[ 0.09657396  0.4967155  -0.00372193 -0.36221104 -0.36539479]
 [ 0.72914762 -0.18408018 -0.05405915 -0.05655078  0.2860492 ]
 [ 0.06387291  0.00680895 -0.20341923 -0.24439409  0.74285605]
 [ 0.21130335  0.44945527  0.15193622 -0.16922356 -0.56096434]
 [ 0.27585847  0.32844871  0.78650156 -0.5578325   0.29755668]]
Matrix Pair 61; W = [[-0.06463328  0.71651118  0.54230353  0.05087449  0.58264599]
 [-0.88061844 -0.17646715  0.49456817  0.55319549  0.12421885]
 [ 0.18062451  0.08397649  0.25489813 -0.38109304  0.57128086]
 [ 0.61287659  0.53995425  0.17972947 -0.06169561 -0.09795115]
 [-0.04018052 -0.41586529  0.10243735  0.06967435  0.35890663]]
U = [[ 0.07736841  0.43486542 -0.07283517 -0.43977426 -0.42944981]
 [ 0.70510095 -0.2377969  -0.09285201 -0.08110011  0.23551499]
 [ 0.02745699 -0.01335764 -0.25801362 -0.22736828  0.74334076]
 [ 0.18693168  0.38643106  0.06618619 -0.17902715 -0.57969862]
 [ 0.33649961  0.2526235   0.82851436 -0.50261088  0.28128295]]
Matrix Pair 62; W = [[-0.07166994  0.69484571  0.57504314  0.08418275  0.57154672]
 [-0.87622043 -0.16625482  0.53809751  0.54224235  0.10105773]
 [ 0.15453196  0.09288188  0.19871616 -0.44098422  0.61128529]
 [ 0.60845183  0.49237816  0.12063875 -0.07107022 -0.13762246]
 [-0.09234085 -0.45288901  0.04910662  0.10404552  0.39633085]]
U = [[ 0.07698911  0.41068681 -0.06825361 -0.45396887 -0.4041417 ]
 [ 0.74433847 -0.17650856 -0.04320887 -0.01812471  0.22475452]
 [ 0.01692918 -0.03549238 -0.25993721 -0.23464837  0.76977145]
 [ 0.16127422  0.37731461  0.13472443 -0.14491529 -0.55963567]
 [ 0.28099095  0.32403759  0.85461347 -0.49599404  0.30019474]]
Matrix Pair 63; W = [[-0.02562195  0.6883789   0.49795916  0.03737096  0.60065981]
 [-0.86405274 -0.19986349  0.46528831  0.56538709  0.19161208]
 [ 0.17602082  0.10208712  0.27905746 -0.43822177  0.53652411]
 [ 0.6609046   0.47987044  0.19647585 -0.12763134 -0.08268671]
 [-0.03135601 -0.40092975  0.10075552  0.08067305  0.4061228 ]]
U = [[ 0.02502889  0.44122559 -0.07726449 -0.41950835 -0.4218162 ]
 [ 0.74038133 -0.2495088  -0.07097978 -0.07780206  0.22738477]
 [ 0.11089597  0.03536142 -0.17397253 -0.21635483  0.80659125]
 [ 0.1841334   0.44404498  0.10718681 -0.23346611 -0.55406889]
 [ 0.33270953  0.29913334  0.86124182 -0.57881602  0.20909036]]
