Epoch: 10Matrix Pair 0; W = [[ 0.28476137  0.07474876  0.05769842 -0.06395886 -0.04105243]
 [-0.17662937 -0.39077735 -0.04951582  0.24735972 -0.12850694]
 [-0.01702361 -0.00720098 -0.1497702   0.09090677 -0.08743133]
 [ 0.094191    0.01969591  0.06124693 -0.0566921  -0.01719156]
 [-0.12316108 -0.12197546 -0.3235324  -0.11002705 -0.06135649]]
U = [[ 0.20722394  0.27151975  0.32432064  0.24218354 -0.06448242]
 [-0.24292519 -0.09301794 -0.07847231  0.22313306  0.27537996]
 [ 0.15398003  0.06353624 -0.21059188 -0.13370886  0.18456231]
 [ 0.19586283 -0.08294571  0.35878251 -0.1592636  -0.13100543]
 [-0.01682565 -0.17543424 -0.10308392 -0.04253299  0.03646871]]
Matrix Pair 1; W = [[ 0.2232707   0.08518209  0.06505577 -0.05834844 -0.01817605]
 [-0.14818863 -0.37499961 -0.00193885  0.30088062 -0.09425567]
 [-0.06725832 -0.03806819 -0.11706204  0.17120406 -0.12703318]
 [ 0.0968895   0.03143671  0.00205158 -0.06566305 -0.1032137 ]
 [-0.13110776 -0.08268864 -0.31222221 -0.12384379 -0.06695447]]
U = [[ 0.16819505  0.27749722  0.32883291  0.23778653 -0.0104017 ]
 [-0.20392221 -0.07408575 -0.0956532   0.25552452  0.21545249]
 [ 0.18098003  0.1168618  -0.26092781 -0.15008595  0.17582192]
 [ 0.11767156 -0.03876649  0.2839342  -0.08290242 -0.13604562]
 [-0.0753283  -0.14706807 -0.16442075 -0.02195561 -0.01998389]]
Matrix Pair 2; W = [[ 0.21032014  0.00837419  0.05117855 -0.15286401 -0.01017086]
 [-0.12018324 -0.37408555 -0.02153754  0.20319457 -0.12564763]
 [-0.10311269 -0.04442723 -0.14943962  0.13122091 -0.112879  ]
 [ 0.12826284  0.02773237  0.01895009 -0.08953966 -0.10593175]
 [-0.14011842 -0.11558812 -0.35775137 -0.14206068 -0.07589869]]
U = [[ 0.16857953  0.19824738  0.26330056  0.18506037 -0.07223465]
 [-0.21546407 -0.06931944 -0.03144253  0.24385703  0.25833403]
 [ 0.1803378   0.09098189 -0.2129802  -0.15625285  0.18122087]
 [ 0.15417778 -0.04796301  0.31319547 -0.14347461 -0.07698085]
 [-0.08902875 -0.15743096 -0.11491359 -0.01152803  0.05830635]]
Matrix Pair 3; W = [[ 0.23175704  0.04873792  0.00077887 -0.14562317 -0.06347189]
 [-0.08986972 -0.3760459  -0.02409013  0.20291386 -0.16373171]
 [-0.06801676 -0.00068215 -0.14132911  0.11289692 -0.11723156]
 [ 0.15621088  0.09817034 -0.00099164 -0.09506474 -0.06626353]
 [-0.16355155 -0.05077305 -0.37351137 -0.19352508  0.00227359]]
U = [[ 0.18140112  0.19016066  0.34339523  0.26127688 -0.06904893]
 [-0.20773303 -0.12713562 -0.0407525   0.27545983  0.22292327]
 [ 0.17113073  0.09783737 -0.18716505 -0.16536818  0.12235003]
 [ 0.14680489 -0.05791137  0.32537574 -0.10394019 -0.12498721]
 [-0.01427301 -0.09536116 -0.12817424  0.00884987  0.03118452]]
Matrix Pair 4; W = [[ 0.28589417  0.06455068  0.040747   -0.0589845  -0.07927921]
 [-0.17277232 -0.39156819 -0.03835264  0.20572802 -0.16636086]
 [-0.01318232 -0.0073119  -0.11757214  0.14999751 -0.07593186]
 [ 0.11043392  0.11144747  0.08128995 -0.12274473 -0.04382483]
 [-0.13381016 -0.06928308 -0.36543118 -0.17629194 -0.06512101]]
U = [[ 0.18451347  0.21974306  0.30567106  0.21447329 -0.07209037]
 [-0.25266891 -0.15704477 -0.0456686   0.26401365  0.24823302]
 [ 0.10728272  0.04665278 -0.2590046  -0.21905417  0.10109512]
 [ 0.11692905 -0.09510104  0.26207199 -0.16228248 -0.06901902]
 [-0.01595096 -0.16856846 -0.13030441 -0.00527021 -0.01979078]]
Matrix Pair 5; W = [[ 0.28125728  0.0426405   0.02400841 -0.11939072 -0.0816065 ]
 [-0.16350782 -0.38201199 -0.06470749  0.23257772 -0.15098484]
 [-0.05037065 -0.02180591 -0.13155184  0.11374701 -0.08380104]
 [ 0.15540848  0.07545923  0.00072359 -0.1231217  -0.08096801]
 [-0.17506716 -0.13791762 -0.3680764  -0.14337927 -0.02017726]]
U = [[ 0.15459503  0.21424968  0.26385466  0.24019573  0.01434728]
 [-0.23338034 -0.12003292 -0.01566466  0.23034693  0.25077603]
 [ 0.13000504  0.12857299 -0.18495027 -0.17468953  0.16979692]
 [ 0.16340697 -0.02285552  0.32239112 -0.14282685 -0.11823192]
 [-0.05207681 -0.10755788 -0.09971601 -0.00625492  0.00368352]]
Matrix Pair 6; W = [[ 0.21766996  0.08031463  0.01547826 -0.14282939 -0.01763062]
 [-0.10912828 -0.34969833  0.001502    0.22467791 -0.07177055]
 [-0.04143396 -0.04028791 -0.12056815  0.14881594 -0.1236283 ]
 [ 0.12070827  0.03900516 -0.00376767 -0.03160443 -0.05350311]
 [-0.10951922 -0.11285265 -0.35972098 -0.16431148 -0.02098389]]
U = [[ 0.22935681  0.25571383  0.295897    0.20606865 -0.00365513]
 [-0.25927548 -0.13806219 -0.07974095  0.26249548  0.19639148]
 [ 0.14706305  0.07409672 -0.19057251 -0.16665318  0.17033998]
 [ 0.19616107 -0.02570162  0.34626084 -0.12458025 -0.05540898]
 [-0.0869344  -0.19140412 -0.17592765  0.01523473  0.04373148]]
Matrix Pair 7; W = [[ 2.78935705e-01  1.26950771e-02  1.94401907e-02 -1.35303440e-01
  -3.86405002e-05]
 [-1.09878662e-01 -3.59159880e-01 -8.80288995e-02  2.34229484e-01
  -1.39259774e-01]
 [-5.15740689e-02  2.18004262e-02 -1.58242294e-01  1.29443725e-01
  -1.12021170e-01]
 [ 9.43697078e-02  7.78736998e-02 -5.04369082e-03 -1.21141672e-01
  -5.17181890e-02]
 [-1.40217578e-01 -9.50526412e-02 -2.86168222e-01 -1.15908716e-01
  -2.82798852e-02]]
U = [[ 0.15720826  0.18941549  0.30687278  0.17177758  0.00685684]
 [-0.22762585 -0.06866821 -0.09537569  0.29581227  0.25796928]
 [ 0.11347787  0.05326615 -0.25068721 -0.20132246  0.1723661 ]
 [ 0.17771244 -0.07138926  0.35866029 -0.14681281 -0.07863301]
 [-0.03910984 -0.12711673 -0.15528055 -0.07197845  0.01630045]]
Matrix Pair 8; W = [[ 0.23406716  0.0742054   0.01832367 -0.07618011  0.00554659]
 [-0.15828157 -0.43132656 -0.06946721  0.25275738 -0.0719564 ]
 [-0.03656408 -0.05307753 -0.12294053  0.10158108 -0.13229639]
 [ 0.08575133  0.09441221  0.02422379 -0.09462217 -0.10858289]
 [-0.1513331  -0.08945974 -0.29778299 -0.09632278 -0.00361788]]
U = [[ 0.22922002  0.25436268  0.27965344  0.22154542 -0.05099584]
 [-0.18401485 -0.11926073 -0.04599521  0.28060248  0.24284615]
 [ 0.15530933  0.12561155 -0.27834445 -0.21902469  0.10048294]
 [ 0.18704791 -0.06352337  0.33394125 -0.11987886 -0.09700996]
 [-0.0205655  -0.11579026 -0.196102   -0.07358169  0.06748081]]
Matrix Pair 9; W = [[ 0.22345177  0.08304435  0.0908391  -0.07737868 -0.00830728]
 [-0.1552084  -0.35907612 -0.07444191  0.20413686 -0.16537959]
 [-0.07765401  0.00484964 -0.1888944   0.10168486 -0.06042444]
 [ 0.06869175  0.07335366  0.04575268 -0.12497472 -0.01315505]
 [-0.16912771 -0.04924577 -0.31901876 -0.10986859 -0.07275018]]
U = [[ 0.21556786  0.26897372  0.32906521  0.2213802  -0.01518354]
 [-0.1944634  -0.07634005 -0.02686375  0.21838993  0.23044347]
 [ 0.17947556  0.07692473 -0.18436001 -0.1863304   0.13509392]
 [ 0.12275015 -0.05998687  0.35023649 -0.13227542 -0.08528293]
 [-0.0880696  -0.13124214 -0.18188138 -0.0228699   0.01977449]]
Matrix Pair 10; W = [[ 0.2962451   0.04304917  0.01006823 -0.14816096 -0.05423064]
 [-0.17059217 -0.42955206 -0.03009434  0.21824917 -0.0677128 ]
 [-0.09746773 -0.00641428 -0.10811168  0.15536928 -0.10052272]
 [ 0.09547015  0.0510228   0.05954431 -0.11243709 -0.06957377]
 [-0.17760932 -0.06930457 -0.34731057 -0.11885425 -0.03599789]]
U = [[ 0.24138457  0.2076101   0.29289791  0.18632283 -0.0199724 ]
 [-0.25884888 -0.07979056 -0.09946154  0.23281793  0.25473295]
 [ 0.12084954  0.07815334 -0.20500241 -0.20360943  0.17119721]
 [ 0.19042664 -0.04492749  0.35256511 -0.13243491 -0.08800184]
 [-0.08227977 -0.14203888 -0.11629519 -0.07413888  0.05657841]]
Matrix Pair 11; W = [[ 0.24213336  0.03464222  0.07058358 -0.07124966 -0.00921753]
 [-0.1131519  -0.43984336 -0.0498189   0.20552576 -0.10326372]
 [-0.08059802  0.02132998 -0.15418692  0.07479178 -0.10111611]
 [ 0.16445224  0.02722947  0.03528524 -0.07050912 -0.03095471]
 [-0.17385341 -0.13348591 -0.2878646  -0.1823897  -0.00808777]]
U = [[ 0.21772599  0.20245204  0.34305394  0.16960073  0.00814525]
 [-0.2340643  -0.08065883 -0.04614266  0.25740162  0.20146977]
 [ 0.18247791  0.10413    -0.24167473 -0.21897695  0.09063519]
 [ 0.16792675 -0.02454277  0.35284331 -0.16495029 -0.08526819]
 [-0.06703983 -0.15665288 -0.18044478 -0.04392417 -0.00607355]]
Matrix Pair 12; W = [[ 0.23940463  0.00519455  0.0040246  -0.07576571 -0.03767687]
 [-0.14810266 -0.35836096 -0.00462517  0.28079344 -0.11952327]
 [-0.07590759  0.03113893 -0.14478178  0.08232759 -0.06971628]
 [ 0.08648244  0.02914295  0.00421951 -0.07564121 -0.01222081]
 [-0.12040136 -0.13807444 -0.37050848 -0.14563106 -0.05831309]]
U = [[ 0.17779347  0.23541744  0.30178899  0.23927511 -0.02145808]
 [-0.21384321 -0.09861089 -0.02977044  0.28482499  0.23814125]
 [ 0.14501995  0.1085443  -0.2446837  -0.15339744  0.16950091]
 [ 0.18577719 -0.04936104  0.35177206 -0.08696456 -0.08537451]
 [-0.01644826 -0.14179597 -0.12622642 -0.05159382  0.01117249]]
Matrix Pair 13; W = [[ 0.24444105  0.06891342  0.07811745 -0.12193713 -0.02433012]
 [-0.18183527 -0.37654536 -0.02344287  0.24864213 -0.09679861]
 [-0.07133255  0.02366446 -0.17061672  0.10748917 -0.11119769]
 [ 0.14202572  0.10265308  0.07997654 -0.06352471 -0.01829766]
 [-0.19067549 -0.09695166 -0.29102493 -0.1845574   0.00926875]]
U = [[ 0.19639794  0.18695304  0.31270336  0.18423061 -0.02910293]
 [-0.19832189 -0.07463464 -0.09215175  0.24427913  0.26068568]
 [ 0.16556971  0.03837712 -0.26178652 -0.2015454   0.11387943]
 [ 0.16312876 -0.0891871   0.28991343 -0.14559241 -0.12979138]
 [-0.06791862 -0.09985297 -0.1276823  -0.0502782   0.05951306]]
Matrix Pair 14; W = [[ 0.23248686  0.05400927  0.01135491 -0.05891305 -0.02195126]
 [-0.08919253 -0.35806349 -0.05606636  0.28587287 -0.15556742]
 [-0.08630333  0.03519732 -0.12117908  0.14770295 -0.06714966]
 [ 0.13590082  0.09624415  0.00928612 -0.10840506 -0.08525976]
 [-0.1255529  -0.09958837 -0.30359308 -0.09677888 -0.02239686]]
U = [[ 0.15651719  0.28093665  0.34337266  0.2070939  -0.05012955]
 [-0.24680853 -0.16022807 -0.06745664  0.22804243  0.19281564]
 [ 0.12213423  0.04143577 -0.25344354 -0.19227631  0.09128985]
 [ 0.12391039 -0.02418843  0.3503338  -0.14261482 -0.07508846]
 [-0.09899203 -0.12145209 -0.17903921 -0.02183498 -0.0067275 ]]
Matrix Pair 15; W = [[ 0.21486454  0.06781992  0.05918188 -0.05749414 -0.08129119]
 [-0.14440434 -0.38664513 -0.09312123  0.22101965 -0.09175239]
 [-0.1045662  -0.05202576 -0.16833145  0.12874108 -0.08196539]
 [ 0.13037     0.03737956  0.0844749  -0.03049853 -0.09216578]
 [-0.093012   -0.1418281  -0.34421272 -0.17119073 -0.04111429]]
U = [[ 0.25066527  0.22674707  0.26255389  0.17289449 -0.04768722]
 [-0.20846175 -0.11912576 -0.09500043  0.25000659  0.20676497]
 [ 0.11632431  0.10942572 -0.20282978 -0.18377956  0.13801895]
 [ 0.15922654 -0.11634494  0.28416579 -0.17059838 -0.11826236]
 [-0.06837464 -0.15906241 -0.09791384 -0.00354968 -0.01392986]]
Matrix Pair 16; W = [[ 0.20158851  0.07724393  0.04082372 -0.09487357 -0.1039552 ]
 [-0.19989583 -0.41206424 -0.05496707  0.27237672 -0.05175882]
 [-0.09862658 -0.05456724 -0.10082119  0.08410913 -0.04603034]
 [ 0.03460032  0.11539456  0.09133447 -0.03458837  0.01151278]
 [-0.17619917  0.00250386 -0.32328649 -0.15840291 -0.0572292 ]]
U = [[ 0.1597633   0.1627185   0.27619684  0.23571504  0.01237709]
 [-0.22934595 -0.2374106  -0.07341675  0.20143978  0.23719817]
 [ 0.16179986  0.09250173 -0.25862576 -0.18284553  0.10057058]
 [ 0.15228016 -0.07394086  0.28498002 -0.13501956 -0.15027259]
 [-0.02258224 -0.14339668 -0.15384915 -0.04601205 -0.02540101]]
Matrix Pair 17; W = [[ 0.21501637  0.01036933  0.08993922 -0.09881243 -0.06140346]
 [-0.12996471 -0.32061335 -0.05266791  0.29147896 -0.05065102]
 [-0.04519311 -0.0719719  -0.11322833  0.15679656 -0.01332702]
 [ 0.06375743  0.03035476  0.13980812  0.01686355  0.01747038]
 [-0.25466686 -0.02272122 -0.34205384 -0.11712522 -0.00270833]]
U = [[ 0.19444532  0.12676301  0.26712018  0.21532262 -0.03575842]
 [-0.16911449 -0.20090521 -0.06653747  0.24418837  0.17844665]
 [ 0.0948111   0.17193263 -0.28075313 -0.21403999  0.11793823]
 [ 0.10872132 -0.02697569  0.29504443 -0.10121986 -0.17652964]
 [-0.06701641 -0.0929282  -0.21278161 -0.06163477 -0.05114319]]
Matrix Pair 18; W = [[ 0.21429055  0.08275847  0.08574043 -0.12467082 -0.09029466]
 [-0.18030421 -0.35463673 -0.01130809  0.31037402 -0.01907396]
 [-0.10155275 -0.07956368 -0.16932541  0.10571278 -0.00966772]
 [ 0.08679919  0.12116635  0.10665516  0.04451827 -0.03063388]
 [-0.20367995 -0.05282747 -0.356909   -0.11504685 -0.00198406]]
U = [[ 0.12611396  0.15084984  0.28501771  0.252512   -0.04513254]
 [-0.23850576 -0.18147701 -0.04015484  0.20519765  0.24882724]
 [ 0.10027893  0.14424844 -0.21600421 -0.21285494  0.16054773]
 [ 0.11566366 -0.03922139  0.25733688 -0.13373128 -0.17941989]
 [-0.05992659 -0.17669168 -0.14094034 -0.01762518 -0.05167882]]
Matrix Pair 19; W = [[ 0.19870531  0.03456837  0.00853113 -0.07560411 -0.08217209]
 [-0.13635309 -0.40362749 -0.03690404  0.26266906 -0.11025462]
 [-0.04518059 -0.04431117 -0.13098656  0.09506322 -0.01636573]
 [ 0.0829162   0.09109932  0.09160744 -0.03637419 -0.055848  ]
 [-0.16118592 -0.00496687 -0.39067728 -0.18166331 -0.03729123]]
U = [[ 0.10817355  0.14687711  0.33828369  0.21259441  0.00367547]
 [-0.24220086 -0.15645996 -0.10033822  0.19739047  0.21334652]
 [ 0.17671964  0.08554185 -0.26431913 -0.24459543  0.14852282]
 [ 0.15230813 -0.05120385  0.27581865 -0.05510293 -0.11571841]
 [-0.10306037 -0.1118592  -0.15638889 -0.02408828 -0.06503916]]
Matrix Pair 20; W = [[ 0.25354632  0.03178058  0.00363316 -0.03586159 -0.04660397]
 [-0.18970531 -0.32531021 -0.04397606  0.25212559 -0.08275835]
 [-0.07316288 -0.03642457 -0.08694144  0.11810173 -0.08152642]
 [ 0.05883703  0.038435    0.10877366  0.01716601  0.0126597 ]
 [-0.20456261 -0.05494551 -0.33403759 -0.11868478  0.02949105]]
U = [[ 0.13589276  0.15231537  0.30579323  0.20128065  0.01475393]
 [-0.23874383 -0.24264483 -0.02230068  0.21615935  0.2160951 ]
 [ 0.18879685  0.12087324 -0.27729306 -0.22940377  0.15642121]
 [ 0.15628775 -0.11223121  0.31305381 -0.09207458 -0.16683285]
 [-0.06958869 -0.16461884 -0.20380353 -0.02019992 -0.10474423]]
Matrix Pair 21; W = [[ 0.29545693  0.04443561  0.02070834 -0.06836095 -0.06435218]
 [-0.20442612 -0.33697661 -0.09828869  0.24270429 -0.05643532]
 [-0.11275252 -0.09722286 -0.16365866  0.06845426 -0.02689669]
 [ 0.09686412  0.11910318  0.10776405 -0.03697436 -0.04493976]
 [-0.21956475 -0.05518516 -0.33103367 -0.16856053  0.0158237 ]]
U = [[ 0.13917611  0.15859872  0.30113547  0.21466015  0.02433435]
 [-0.20581752 -0.21815237 -0.03611628  0.19700293  0.1883644 ]
 [ 0.16244796  0.08959874 -0.21015418 -0.18271399  0.13469983]
 [ 0.17715937 -0.04436499  0.26343786 -0.0625389  -0.11391336]
 [-0.10069493 -0.10893556 -0.20806769 -0.06313583 -0.07074889]]
Matrix Pair 22; W = [[ 0.25549939  0.05514346  0.03715059 -0.1223296  -0.11749182]
 [-0.21755451 -0.38288178 -0.0830001   0.27021827 -0.04066542]
 [-0.0464359  -0.04862824 -0.15640428  0.08212716 -0.07055736]
 [ 0.05410547  0.10627117  0.12199044 -0.04022328 -0.04148444]
 [-0.2255374  -0.07385323 -0.37700894 -0.16947906 -0.05215334]]
U = [[ 0.19334109  0.10479411  0.32354032  0.18196024 -0.03654368]
 [-0.18290486 -0.15277542 -0.04159514  0.22689493  0.20300515]
 [ 0.16950481  0.10461656 -0.26763373 -0.24145626  0.16684504]
 [ 0.11768489 -0.03389979  0.28127626 -0.10322434 -0.1580796 ]
 [-0.10089651 -0.14834218 -0.15976737  0.00389198 -0.04340701]]
Matrix Pair 23; W = [[ 0.2037622   0.03637261  0.05042811 -0.08285393 -0.02566052]
 [-0.15458629 -0.41338113 -0.09726089  0.23019336 -0.04790234]
 [-0.05710968 -0.13314037 -0.08728288  0.15249034 -0.00624591]
 [ 0.04179637  0.0684175   0.05762608 -0.02010455  0.02562824]
 [-0.21727416 -0.01107875 -0.36412049 -0.18906149 -0.00573376]]
U = [[ 0.1034119   0.11614483  0.27296739  0.23292568 -0.05008112]
 [-0.18397113 -0.23258426 -0.05437288  0.16810182  0.20549067]
 [ 0.12331848  0.14185351 -0.20821261 -0.22245902  0.10497619]
 [ 0.18784436 -0.1101956   0.30209607 -0.09369626 -0.16110614]
 [-0.04928259 -0.08739506 -0.15369077  0.01344577 -0.11516834]]
Matrix Pair 24; W = [[ 0.23794972  0.04445572  0.06216581 -0.07201025 -0.03685509]
 [-0.19461443 -0.33612478 -0.06684716  0.23512656 -0.07821927]
 [-0.02568149 -0.11551739 -0.12056375  0.07995664 -0.05328159]
 [ 0.08464531  0.0997933   0.13496638 -0.04011968 -0.05333694]
 [-0.186986    0.00911531 -0.36919609 -0.18295807 -0.01035755]]
U = [[ 0.16939289  0.13681952  0.32806093  0.17259174 -0.01753272]
 [-0.23252731 -0.25066048 -0.04121015  0.21353567  0.19239318]
 [ 0.10895508  0.11354628 -0.19377888 -0.2486169   0.08102064]
 [ 0.11793613 -0.10606992  0.25666828 -0.12581709 -0.18773726]
 [-0.04512945 -0.10840264 -0.1566021   0.00590508 -0.04543293]]
Matrix Pair 25; W = [[ 0.22988364  0.08254991  0.01891492 -0.08574215 -0.03891033]
 [-0.18192432 -0.41377879 -0.03929511  0.23249169 -0.05397125]
 [-0.09407472 -0.09248011 -0.16494408  0.08618663  0.0152971 ]
 [ 0.06172273  0.07698912  0.12860708  0.02152304  0.00905752]
 [-0.23698855 -0.08640889 -0.40014137 -0.09259252  0.01427343]]
U = [[ 0.10928282  0.15095113  0.35259667  0.2484488  -0.01533851]
 [-0.15552977 -0.23245971 -0.1021404   0.21710561  0.1860484 ]
 [ 0.11499097  0.09925101 -0.24172367 -0.18856101  0.10208748]
 [ 0.15796711 -0.12088222  0.30892934 -0.09294002 -0.12315928]
 [-0.09260921 -0.15532776 -0.2216739   0.00857832 -0.0977006 ]]
Matrix Pair 26; W = [[ 0.2793526   0.059061    0.04608305 -0.05448031 -0.12050073]
 [-0.21513505 -0.40605252 -0.09211102  0.25521758 -0.08575659]
 [-0.10691353 -0.04286468 -0.13659888  0.06919002 -0.06355795]
 [ 0.10256023  0.11902514  0.07938305  0.02249162 -0.02808567]
 [-0.25965979 -0.06214202 -0.39643356 -0.12891694 -0.0056737 ]]
U = [[ 0.14332992  0.14661343  0.31628554  0.18852038  0.02070594]
 [-0.24612251 -0.21566078 -0.11243501  0.16294868  0.25004037]
 [ 0.1239109   0.08292706 -0.27337882 -0.16191775  0.10049376]
 [ 0.13476857 -0.09998362  0.30327689 -0.05797642 -0.12452794]
 [-0.08095772 -0.17503884 -0.20697488  0.01934517 -0.07668871]]
Matrix Pair 27; W = [[ 0.19794974  0.00978468 -0.00157728 -0.04998259 -0.0388604 ]
 [-0.13990637 -0.3178721  -0.07755269  0.25332819 -0.03952657]
 [-0.11163053 -0.11368122 -0.13332542  0.09960541 -0.04335033]
 [ 0.1068686   0.07641288  0.08360216 -0.00619533  0.02773937]
 [-0.2375881  -0.03644784 -0.33219689 -0.17268188 -0.02006185]]
U = [[ 0.13729125  0.11295586  0.35248747  0.22148523  0.00421705]
 [-0.22977277 -0.21356194 -0.09640774  0.24003104  0.19124875]
 [ 0.121001    0.11303216 -0.21629647 -0.2193766   0.10344569]
 [ 0.10233984 -0.02619645  0.33577233 -0.05987699 -0.11456975]
 [-0.03955072 -0.17785549 -0.19466081  0.01955501 -0.11914672]]
Matrix Pair 28; W = [[ 0.25952791  0.08755881  0.04694096 -0.07921546 -0.11760304]
 [-0.18485699 -0.39212661 -0.09998785  0.2951176  -0.01339247]
 [-0.06645276 -0.05681031 -0.11007507  0.10602722 -0.06668812]
 [ 0.11743375  0.0301351   0.12002628 -0.00651522 -0.04178289]
 [-0.22797243 -0.08474506 -0.3167507  -0.17202633  0.00543985]]
U = [[ 0.15354405  0.1127486   0.30035746  0.1906387  -0.03507024]
 [-0.24507415 -0.1656329  -0.01837542  0.17858266  0.26478323]
 [ 0.12751318  0.1693934  -0.28481155 -0.21618931  0.07359061]
 [ 0.15221349 -0.09551854  0.29115917 -0.07470204 -0.149764  ]
 [-0.05970544 -0.14080515 -0.15742825 -0.03690921 -0.06582064]]
Matrix Pair 29; W = [[ 0.29284806  0.07947106  0.04614109 -0.04193209 -0.07656373]
 [-0.19006462 -0.41120622 -0.03564957  0.24845861 -0.03456903]
 [-0.12027487 -0.06420065 -0.13234858  0.14486441 -0.03297426]
 [ 0.04638652  0.07527395  0.06557485  0.02598284 -0.03536395]
 [-0.19582898 -0.01837495 -0.30860102 -0.10002032  0.00191653]]
U = [[ 0.20097347  0.16095725  0.29276594  0.19071386  0.00253754]
 [-0.22518672 -0.2399828  -0.10519874  0.22678614  0.180157  ]
 [ 0.1680638   0.14506826 -0.18638944 -0.24897686  0.12873125]
 [ 0.17354767 -0.09791338  0.33385699 -0.07576389 -0.15849864]
 [-0.04647385 -0.13210518 -0.17110699 -0.00273607 -0.11611314]]
Matrix Pair 30; W = [[ 0.27066311 -0.00779022  0.08984796 -0.04493514 -0.05506216]
 [-0.15544805 -0.40890054 -0.08866329  0.30899279 -0.08890038]
 [-0.08662315 -0.04354085 -0.17213544  0.12886709 -0.02210263]
 [ 0.06414676  0.04730479  0.06137555  0.00153906 -0.03000079]
 [-0.20236909 -0.0127186  -0.31130862 -0.16425209 -0.01183943]]
U = [[ 0.18779221  0.13609525  0.2717697   0.22812899 -0.02663351]
 [-0.21992315 -0.18300443 -0.1029814   0.23299967  0.19768946]
 [ 0.09932475  0.1167519  -0.22448196 -0.16035112  0.15457762]
 [ 0.17060346 -0.0470018   0.26862573 -0.1013079  -0.12402953]
 [-0.03551314 -0.13378029 -0.12616258 -0.01530364 -0.07770523]]
Matrix Pair 31; W = [[ 0.29372058  0.07329777  0.02043388 -0.07241007 -0.07103996]
 [-0.18314653 -0.33262474 -0.06750707  0.24956206 -0.01345025]
 [-0.03456355 -0.09859517 -0.14586115  0.1095327   0.00786317]
 [ 0.06694461  0.07665755  0.15067293  0.00145319  0.00306731]
 [-0.21020047 -0.0822231  -0.34554991 -0.16192332 -0.00256897]]
U = [[ 0.11314051  0.16666829  0.32441023  0.26024497 -0.04449901]
 [-0.20331208 -0.16366308 -0.04379148  0.18962093  0.21873404]
 [ 0.12079081  0.11880143 -0.24115901 -0.18940148  0.07723753]
 [ 0.11246822 -0.074731    0.31571172 -0.09814548 -0.13103057]
 [-0.08061944 -0.10721942 -0.14916733  0.00152295 -0.06216895]]
Matrix Pair 32; W = [[ 0.3174315  -0.01451467 -0.01823684 -0.03889819 -0.06534271]
 [-0.19590222 -0.42581608 -0.06011411  0.29148199 -0.08372015]
 [-0.2078949  -0.05667869 -0.12397128  0.02641538 -0.10197857]
 [ 0.12682533  0.03340002  0.05142679 -0.07367968 -0.04861871]
 [-0.15828516 -0.03059992 -0.26615182 -0.11479276 -0.01335654]]
U = [[ 0.19310886  0.2218647   0.337456    0.25883763 -0.06113681]
 [-0.19832002 -0.19671974 -0.03947176  0.22434741  0.26220422]
 [ 0.17565719  0.10657806 -0.19396869 -0.18937498  0.07999983]
 [ 0.17557382 -0.05155948  0.31287148 -0.08129643 -0.13802459]
 [-0.14281166 -0.16113328 -0.17865145 -0.06619909 -0.03699388]]
Matrix Pair 33; W = [[ 0.30524726 -0.00057122 -0.03767319 -0.06978267 -0.08821847]
 [-0.16903814 -0.41554588 -0.0825533   0.25315983 -0.04420482]
 [-0.15838538 -0.06879683 -0.18229016  0.03268445 -0.06979748]
 [ 0.08680542 -0.00043952  0.04930578  0.00260087 -0.00236161]
 [-0.12969786 -0.03252914 -0.25647484 -0.14306679  0.02430526]]
U = [[ 0.17546632  0.26477652  0.3119042   0.28247201 -0.03304216]
 [-0.20882294 -0.19580816 -0.09108452  0.22644755  0.25419652]
 [ 0.21339231  0.08734518 -0.18222517 -0.18696752  0.14275355]
 [ 0.19046843 -0.04089542  0.2673395  -0.05454425 -0.10009477]
 [-0.1504995  -0.07243432 -0.15946422 -0.06059567 -0.04883437]]
Matrix Pair 34; W = [[ 0.29963852  0.03402872  0.02706642 -0.05865111 -0.06077298]
 [-0.24926535 -0.47310851 -0.05831837  0.27523784 -0.06649969]
 [-0.1552203  -0.06646398 -0.12894975  0.06352488 -0.04381737]
 [ 0.1471542   0.03733108 -0.00332985 -0.07728329 -0.07402604]
 [-0.19490215 -0.06162171 -0.30436133 -0.16896086  0.03373538]]
U = [[ 0.2346985   0.24876553  0.29926864  0.24645513 -0.09113325]
 [-0.22050309 -0.16440044 -0.09622745  0.25556031  0.19095198]
 [ 0.18894747  0.07292602 -0.25494413 -0.16166659  0.12271869]
 [ 0.13108435 -0.04024992  0.28106741 -0.09666654 -0.09619538]
 [-0.13363824 -0.11241164 -0.1417161  -0.05220704 -0.100562  ]]
Matrix Pair 35; W = [[ 0.27375121  0.00916344 -0.00760606 -0.05590762 -0.07298766]
 [-0.23101539 -0.4554821  -0.07318499  0.26932564 -0.05264062]
 [-0.17212003 -0.03346483 -0.16330947  0.07915558 -0.06712415]
 [ 0.08455668  0.06362477  0.07352313  0.00438635 -0.01663394]
 [-0.11359015 -0.03778155 -0.27275632 -0.09368472  0.02185055]]
U = [[ 0.20602423  0.17995776  0.25620924  0.27703175 -0.0608746 ]
 [-0.18812428 -0.23173638 -0.04327661  0.24505926  0.26841556]
 [ 0.11812767  0.02678446 -0.18689237 -0.21964525  0.07946177]
 [ 0.17339832 -0.08249195  0.26900216 -0.04191428 -0.1006821 ]
 [-0.10578601 -0.12286903 -0.13686651 -0.01196351 -0.03716147]]
Matrix Pair 36; W = [[ 0.28456586  0.01901823  0.05326514 -0.07267808 -0.01589057]
 [-0.20662624 -0.45037771 -0.07486844  0.27015439 -0.11955458]
 [-0.20522722 -0.05804846 -0.13233742  0.03082466 -0.12488584]
 [ 0.13857295  0.00332493  0.03250342 -0.01615985 -0.08610932]
 [-0.19989213 -0.00350664 -0.24618385 -0.1156358   0.04958255]]
U = [[ 0.20250798  0.26733518  0.24999063  0.26650219 -0.10300095]
 [-0.22040706 -0.24020545 -0.09271472  0.16916252  0.18696683]
 [ 0.20071062  0.09063551 -0.23037621 -0.17844302  0.12844632]
 [ 0.11125646 -0.00723113  0.2824759  -0.03649545 -0.06940981]
 [-0.14194908 -0.13642533 -0.15424118 -0.06137038 -0.05131363]]
Matrix Pair 37; W = [[ 0.24487932  0.00804875 -0.00203378 -0.1044246  -0.04577596]
 [-0.20400487 -0.45295209 -0.12921323  0.23023254 -0.06933228]
 [-0.21738082 -0.07484042 -0.16248777  0.07332884 -0.05296237]
 [ 0.1062584   0.03519587  0.05780226 -0.01600929 -0.01714953]
 [-0.15647433 -0.06038225 -0.22784408 -0.1188393   0.0515028 ]]
U = [[ 0.20450885  0.2704726   0.31503982  0.29145663 -0.04037306]
 [-0.28274983 -0.21804881 -0.08912887  0.17255199  0.22551733]
 [ 0.14860346  0.08375572 -0.22504614 -0.19177888  0.17253081]
 [ 0.14030728 -0.08650511  0.30965925 -0.05358962 -0.08228319]
 [-0.14272143 -0.14805089 -0.11748228  0.02234715 -0.07836761]]
Matrix Pair 38; W = [[ 0.25549684  0.02315713 -0.03960182 -0.10073028 -0.01370836]
 [-0.23260862 -0.38511742 -0.04743566  0.21699487 -0.09744414]
 [-0.21134621  0.00386299 -0.17862929  0.01849065 -0.03584578]
 [ 0.14810807 -0.02257909  0.08754916 -0.01919825 -0.01890216]
 [-0.19465526 -0.03779651 -0.28549653 -0.16372459  0.06771377]]
U = [[ 0.2275481   0.24725231  0.27828398  0.220323   -0.04845941]
 [-0.25468226 -0.19394696 -0.08754134  0.20803389  0.19324105]
 [ 0.12685861  0.05646524 -0.20141712 -0.21637902  0.16099104]
 [ 0.19337662 -0.04876283  0.24861629 -0.1056169  -0.10868346]
 [-0.13761999 -0.07001689 -0.11852035 -0.03111667 -0.00742345]]
Matrix Pair 39; W = [[ 0.28184189  0.00673696  0.00516331 -0.05330966 -0.07613313]
 [-0.20033011 -0.38710978 -0.07817076  0.21065604 -0.05182443]
 [-0.18808939 -0.06872085 -0.1256045   0.04441367 -0.11984837]
 [ 0.13229778  0.00736693 -0.00231624 -0.00457239 -0.05267527]
 [-0.19830568 -0.0026478  -0.23577273 -0.16822138  0.06756947]]
U = [[ 0.23902286  0.22355439  0.32986446  0.27732232 -0.05788809]
 [-0.24275885 -0.25221629 -0.10894782  0.25189738  0.20147567]
 [ 0.12869695  0.10896716 -0.22021756 -0.2125413   0.09142752]
 [ 0.16517267 -0.00566046  0.27289318 -0.0448343  -0.1238903 ]
 [-0.12394012 -0.1272166  -0.18444594 -0.02927754 -0.04187431]]
Matrix Pair 40; W = [[ 0.2702784   0.0148076   0.01975042 -0.02725184 -0.01467501]
 [-0.2069682  -0.41003825 -0.12086762  0.20048119 -0.11575009]
 [-0.17130494 -0.02291415 -0.18408993  0.00770894 -0.07108791]
 [ 0.15292357  0.0128007   0.06941914 -0.04735253 -0.06798148]
 [-0.15608125  0.0138013  -0.24136406 -0.16057317  0.02836666]]
U = [[ 0.21681331  0.21551248  0.26348616  0.2588596  -0.08113696]
 [-0.2127257  -0.22071872 -0.03380681  0.20214411  0.22187375]
 [ 0.17305521  0.0296064  -0.22197961 -0.20252865  0.15234701]
 [ 0.12322361 -0.00891137  0.3231712  -0.04704582 -0.09164925]
 [-0.15029293 -0.08351511 -0.18545873 -0.03132386 -0.02873938]]
Matrix Pair 41; W = [[ 0.26495722 -0.02164666  0.0330286  -0.06910226 -0.09691339]
 [-0.22149741 -0.41406188 -0.05261514  0.21945696 -0.08667589]
 [-0.19929374 -0.08010656 -0.11093301  0.08321373 -0.11636085]
 [ 0.12580486 -0.02594651  0.05016441 -0.01593405 -0.05810054]
 [-0.18803417 -0.00698754 -0.26196025 -0.18629218  0.05346235]]
U = [[ 0.18261304  0.25827193  0.29207112  0.26825474 -0.07046251]
 [-0.19190223 -0.1727972  -0.06263646  0.185461    0.25004518]
 [ 0.14329332  0.02052444 -0.21552126 -0.1838844   0.12650748]
 [ 0.20549719 -0.02972532  0.27675034 -0.08389728 -0.13096363]
 [-0.15632065 -0.14244527 -0.13822604 -0.03565201 -0.03067852]]
Matrix Pair 42; W = [[ 0.297664    0.04483811  0.03160547 -0.08048944 -0.10111416]
 [-0.24397318 -0.39173489 -0.06882712  0.23353306 -0.11846003]
 [-0.16725218 -0.02867342 -0.16746646  0.08676535 -0.05108927]
 [ 0.12667656  0.00315294  0.01232272 -0.04920517 -0.05908646]
 [-0.1350512   0.0021309  -0.27043007 -0.13385715  0.01994952]]
U = [[ 0.15420624  0.20677676  0.27720676  0.26704511 -0.08351293]
 [-0.26915892 -0.24653054 -0.10949903  0.16979018  0.18679662]
 [ 0.13784356  0.07865567 -0.24040982 -0.23041121  0.14457334]
 [ 0.1528437  -0.04907909  0.31488664 -0.06093994 -0.06228975]
 [-0.16045656 -0.14973194 -0.14955552 -0.02337656 -0.03386904]]
Matrix Pair 43; W = [[ 0.24056436 -0.01327352  0.03943003 -0.08383973 -0.03045127]
 [-0.21155432 -0.42730395 -0.06058221  0.2711875  -0.11884151]
 [-0.19984666 -0.00124222 -0.10444304  0.08321058 -0.12799442]
 [ 0.12213251  0.06706925 -0.00236489 -0.0028442   0.00128077]
 [-0.13823204 -0.00972418 -0.3217589  -0.18762894  0.00384771]]
U = [[ 0.23267161  0.19402134  0.29906207  0.19652193 -0.08875913]
 [-0.25177369 -0.17493684 -0.11806553  0.23957964  0.25053946]
 [ 0.17990801  0.04848261 -0.1999416  -0.20485411  0.13014622]
 [ 0.14174211 -0.02948351  0.26289201 -0.09674586 -0.15025621]
 [-0.15167331 -0.08613106 -0.19359204 -0.04254708 -0.02437534]]
Matrix Pair 44; W = [[ 0.27875582 -0.01744207 -0.03339619 -0.10405451 -0.03834434]
 [-0.18409534 -0.39721165 -0.14043164  0.24976669 -0.03743639]
 [-0.21191153 -0.05203195 -0.09440348  0.07516854 -0.09648299]
 [ 0.16678552 -0.02747942  0.03368907 -0.01055095 -0.02527844]
 [-0.12040898  0.01486064 -0.26473552 -0.15658759  0.05426605]]
U = [[ 0.16624574  0.24248968  0.26428959  0.28021041 -0.07552537]
 [-0.2779677  -0.24034446 -0.12033384  0.23937185  0.24329391]
 [ 0.1423219   0.06737354 -0.22996762 -0.19890653  0.13716711]
 [ 0.10676698 -0.07067349  0.27337424 -0.0695469  -0.09758572]
 [-0.10695911 -0.15867193 -0.15739479 -0.01894883 -0.04115402]]
Matrix Pair 45; W = [[ 0.25972944 -0.00572123 -0.02125681 -0.06024796 -0.11196732]
 [-0.19054875 -0.42935049 -0.05697266  0.29105999 -0.08319462]
 [-0.19780911  0.00310534 -0.17486994  0.02618599 -0.03897397]
 [ 0.13133087  0.02538447  0.07891217 -0.00165537 -0.07389182]
 [-0.18339953 -0.07548737 -0.2914169  -0.14731429  0.02109633]]
U = [[ 0.15763248  0.27087837  0.24533552  0.19886649 -0.09694842]
 [-0.20572387 -0.23143583 -0.05752432  0.24194165  0.25913384]
 [ 0.11803539  0.0420348  -0.15867357 -0.16638309  0.14254847]
 [ 0.12572491 -0.0572222   0.28686333 -0.06645726 -0.15477486]
 [-0.11283231 -0.09016626 -0.17613453 -0.05637817 -0.05053919]]
Matrix Pair 46; W = [[ 0.29402138 -0.02606657 -0.02043136 -0.06427943 -0.01755152]
 [-0.22843784 -0.47415373 -0.09922082  0.22620037 -0.03023957]
 [-0.19808144  0.00055279 -0.0876699   0.05174909 -0.10726548]
 [ 0.09704492  0.05489863  0.02996434  0.00676279 -0.07951934]
 [-0.18572442 -0.02664366 -0.2474664  -0.10441485 -0.02994913]]
U = [[ 0.17390648  0.19567797  0.33395237  0.19609085 -0.09357971]
 [-0.28094082 -0.18565614 -0.12020695  0.24297179  0.26837233]
 [ 0.18546588  0.03963696 -0.18975804 -0.22337963  0.13525548]
 [ 0.12929033 -0.01557764  0.30973849 -0.0359137  -0.08433628]
 [-0.1312726  -0.15619563 -0.1745491   0.02173071 -0.07791253]]
Matrix Pair 47; W = [[ 0.29947403  0.04960471  0.02180892 -0.10873177 -0.03721687]
 [-0.22301442 -0.47028759 -0.06107675  0.26334655 -0.08821803]
 [-0.15867813 -0.0784352  -0.17538541  0.00395644 -0.08153784]
 [ 0.09872735  0.0476667   0.06563625 -0.01511287 -0.03538346]
 [-0.12924363  0.01799439 -0.2414665  -0.13926534  0.014847  ]]
U = [[ 0.19678868  0.27430119  0.3129946   0.26410274 -0.0646959 ]
 [-0.19123339 -0.18102614 -0.11360888  0.21943945  0.22999458]
 [ 0.16810843  0.11085324 -0.1713808  -0.21932022  0.15581056]
 [ 0.19200677 -0.09001546  0.28640512 -0.04510939 -0.10288948]
 [-0.16318922 -0.08112421 -0.11979895 -0.02492685 -0.0363753 ]]
Matrix Pair 48; W = [[ 0.26774461 -0.02440722  0.05456262 -0.05050195 -0.09363162]
 [-0.21131016 -0.39386229 -0.13071914  0.3162144  -0.01544775]
 [-0.14981135 -0.04956543 -0.21403765  0.05491651 -0.04516035]
 [ 0.14055802  0.04272791  0.09060765  0.05106603 -0.09688169]
 [-0.12023285 -0.11189118 -0.23055383 -0.13853357  0.01197062]]
U = [[ 0.12294394  0.24648564  0.29794939  0.25726119 -0.04713847]
 [-0.2347235  -0.23649495 -0.13111531  0.2362049   0.27519183]
 [ 0.19336771  0.12604158 -0.16940772 -0.19475038  0.0889437 ]
 [ 0.18481725  0.05917464  0.26654926 -0.11128826 -0.14057963]
 [-0.08158624 -0.12384988 -0.15228892  0.05684977  0.05700925]]
Matrix Pair 49; W = [[ 0.29612002  0.03916816 -0.00258143  0.01154205 -0.0840303 ]
 [-0.21010978 -0.34922534 -0.10318662  0.27581303 -0.09581545]
 [-0.08815135 -0.04141534 -0.14717095  0.10194342 -0.07549182]
 [ 0.16057537  0.08028261  0.06971327 -0.00510276 -0.01097109]
 [-0.20341428 -0.0431762  -0.28244861 -0.20281812 -0.0022716 ]]
U = [[ 0.12740963  0.19827093  0.33288037  0.26140985 -0.07483182]
 [-0.19033538 -0.17977377 -0.08187433  0.21624903  0.33906042]
 [ 0.12513233  0.12797802 -0.21330063 -0.16452839  0.08469166]
 [ 0.17825929  0.00677843  0.32530914 -0.10427508 -0.08674799]
 [-0.15444755 -0.07869475 -0.12783255 -0.01373205 -0.02497015]]
Matrix Pair 50; W = [[ 0.29253894 -0.02510369  0.06068496 -0.05142349 -0.06660658]
 [-0.16841588 -0.36779264 -0.07793539  0.25924206 -0.07116049]
 [-0.09427358 -0.06227301 -0.17080735  0.09610513 -0.09896689]
 [ 0.18158493  0.11302486  0.04666717 -0.00354117 -0.06819498]
 [-0.18922638 -0.10562577 -0.32008189 -0.20087806  0.0367314 ]]
U = [[ 0.14805107  0.19554814  0.35014358  0.24971968 -0.08196876]
 [-0.27309483 -0.1521864  -0.07861385  0.1967738   0.32934061]
 [ 0.18701241  0.07512783 -0.19549757 -0.1784642   0.08349528]
 [ 0.15041285  0.00619929  0.26123635 -0.02538262 -0.06699997]
 [-0.12678172 -0.11551313 -0.15105667  0.04958777  0.0550289 ]]
Matrix Pair 51; W = [[ 3.04132007e-01  1.29249368e-02  2.36978615e-02 -3.48754774e-02
  -1.12413937e-01]
 [-1.59090969e-01 -4.25082910e-01 -5.20981693e-02  2.86249419e-01
  -1.01382429e-01]
 [-1.54330177e-01 -1.07865874e-02 -1.35813397e-01  1.23285687e-01
  -3.70876405e-02]
 [ 1.21550610e-01  1.16429425e-01  6.32905417e-02 -3.56581019e-04
  -9.94488209e-02]
 [-1.90801840e-01 -6.08587127e-02 -2.97317413e-01 -1.26066649e-01
   3.73411789e-02]]
U = [[ 0.1475944   0.19518205  0.32642494  0.23744173  0.01056879]
 [-0.27065051 -0.23930482 -0.09474292  0.27306149  0.33882979]
 [ 0.13103672  0.1129287  -0.23099768 -0.19280373  0.1564126 ]
 [ 0.17846197  0.02226399  0.27635812 -0.05018314 -0.10469682]
 [-0.14131049 -0.15202792 -0.15302091  0.00721757  0.05104785]]
Matrix Pair 52; W = [[ 0.31995452  0.00228597  0.06826022 -0.06374761 -0.07858477]
 [-0.21947893 -0.39458818 -0.12915183  0.28958401 -0.08192463]
 [-0.16816362 -0.10665038 -0.16548512  0.09157539 -0.07544774]
 [ 0.1694694   0.09043316  0.01164342  0.01198821 -0.02469043]
 [-0.11956296 -0.07868807 -0.27422555 -0.19178009 -0.04063339]]
U = [[ 0.16358689  0.25388105  0.29126487  0.22040235  0.00352685]
 [-0.27360906 -0.20324841 -0.08088215  0.26992219  0.35321213]
 [ 0.18630664  0.08607354 -0.21063928 -0.14185335  0.15294884]
 [ 0.13534448 -0.00694288  0.27448458 -0.11864811 -0.13036806]
 [-0.08559355 -0.14350596 -0.13104181 -0.03464466  0.01951491]]
Matrix Pair 53; W = [[ 0.32070394 -0.00135508  0.07098999 -0.08115396 -0.07994766]
 [-0.14613129 -0.35423627 -0.10953045  0.30031651 -0.08824566]
 [-0.12028661 -0.10930078 -0.22848835  0.0668012  -0.0769352 ]
 [ 0.14877539  0.07105639  0.05288592 -0.01384065 -0.07670221]
 [-0.18122342 -0.10902309 -0.32218821 -0.1355006   0.02376378]]
U = [[ 0.17468526  0.19282154  0.28398194  0.2370562  -0.00326728]
 [-0.25731953 -0.18267646 -0.06441218  0.27302648  0.30291683]
 [ 0.11858497  0.13132662 -0.17012735 -0.11787317  0.15935953]
 [ 0.12747339 -0.03296921  0.30019374 -0.07801428 -0.0703847 ]
 [-0.06796576 -0.12145837 -0.1677594   0.04907814 -0.01572438]]
Matrix Pair 54; W = [[ 0.33101498 -0.0268478  -0.01576875 -0.06091872 -0.09723351]
 [-0.17298964 -0.4066347  -0.04345628  0.24258914 -0.0446074 ]
 [-0.11985574 -0.02452696 -0.23042288  0.0675339  -0.04286178]
 [ 0.14472088  0.09936211  0.09848097  0.0503313  -0.00327936]
 [-0.11892725 -0.03359759 -0.25328    -0.14695195  0.00155619]]
U = [[ 0.17671678  0.20993768  0.3166234   0.22951754 -0.04548274]
 [-0.22804696 -0.15330689 -0.05663544  0.22586441  0.31652726]
 [ 0.17842625  0.10922848 -0.21130242 -0.12995721  0.07475974]
 [ 0.19345645  0.05001259  0.27357155 -0.06192409 -0.14885293]
 [-0.14798857 -0.137996   -0.14152043  0.00121448 -0.02812856]]
Matrix Pair 55; W = [[ 0.34630605  0.01788358  0.03466443 -0.03509269 -0.10261006]
 [-0.16861613 -0.34839137 -0.1009977   0.23910126 -0.08345631]
 [-0.09583402 -0.04163035 -0.20224193  0.077817   -0.01788313]
 [ 0.14239255  0.13095913  0.04459192  0.01500798 -0.01731923]
 [-0.15904023 -0.08614795 -0.23604867 -0.17155082  0.03413707]]
U = [[ 0.17298044  0.26154379  0.26801567  0.25383207  0.0144557 ]
 [-0.19632152 -0.15717416 -0.05205684  0.20197977  0.25864975]
 [ 0.18190911  0.14319246 -0.24998168 -0.14580311  0.10743811]
 [ 0.18512528  0.00579022  0.29913617 -0.07526642 -0.14351486]
 [-0.12515339 -0.10585582 -0.14147653 -0.01819088  0.03373425]]
Matrix Pair 56; W = [[ 0.3048841  -0.0323125   0.0186108   0.01561058 -0.07780283]
 [-0.1814897  -0.38590257 -0.05070347  0.26717605 -0.0552756 ]
 [-0.14709922 -0.0192793  -0.18468254  0.11994908 -0.09789382]
 [ 0.16633533  0.13314828  0.09390435  0.04547811 -0.04237298]
 [-0.21688051 -0.03775812 -0.32288313 -0.17009096 -0.05393639]]
U = [[ 0.19696583  0.19427861  0.2866654   0.2583678  -0.00241621]
 [-0.18452245 -0.14564475 -0.08486337  0.29355772  0.34948885]
 [ 0.17008915  0.12791958 -0.17625418 -0.13121401  0.16366122]
 [ 0.12459374  0.06242821  0.31466148 -0.1141824  -0.13019795]
 [-0.13251997 -0.16632067 -0.1130833  -0.01079268 -0.0036885 ]]
Matrix Pair 57; W = [[ 0.31913499  0.02006264  0.00422565 -0.05972123 -0.10027594]
 [-0.15308976 -0.35575569 -0.11392531  0.22318894 -0.01522652]
 [-0.10565367 -0.04867363 -0.16197205  0.10590604 -0.03453509]
 [ 0.10570221  0.11470722  0.08304958 -0.01023511 -0.09509982]
 [-0.21145101 -0.04556656 -0.2580676  -0.16597606 -0.04959579]]
U = [[ 0.12896055  0.21888859  0.30616497  0.27410007 -0.07162532]
 [-0.25412844 -0.15590956 -0.11364427  0.20579064  0.28283543]
 [ 0.12116589  0.1231107  -0.24347962 -0.12355348  0.07877517]
 [ 0.18336695 -0.00201766  0.32093115 -0.04014    -0.09583902]
 [-0.14449848 -0.1013446  -0.12822916  0.04017153 -0.02380649]]
Matrix Pair 58; W = [[ 0.32663042  0.03894748  0.06139506 -0.01105031 -0.05419224]
 [-0.16365066 -0.36354541 -0.05197071  0.31147611 -0.10359808]
 [-0.14905106 -0.05984597 -0.15676327  0.11995382 -0.02822842]
 [ 0.17558619  0.10879703  0.03592848 -0.00447056 -0.04742599]
 [-0.11800725 -0.05264312 -0.28157224 -0.16486151 -0.03147518]]
U = [[ 0.13828724  0.19896155  0.30713926  0.20808147 -0.04102388]
 [-0.23290118 -0.20619623 -0.09820366  0.22208084  0.28299465]
 [ 0.13504125  0.12031058 -0.20935919 -0.12965695  0.16620469]
 [ 0.10973775 -0.02499654  0.24174526 -0.03025334 -0.15714972]
 [-0.08409824 -0.09481356 -0.15780001 -0.01357944  0.02426127]]
Matrix Pair 59; W = [[ 0.33780902 -0.00973927 -0.01961633 -0.02483274 -0.02254855]
 [-0.19173436 -0.37395844 -0.1118511   0.27589352 -0.06467556]
 [-0.14392773 -0.07231548 -0.18121048  0.0395449  -0.05665844]
 [ 0.18535641  0.11286097  0.02650776  0.01782714 -0.00445344]
 [-0.18338485 -0.05247243 -0.31920809 -0.17661442 -0.05594341]]
U = [[ 0.1359664   0.18668512  0.32271099  0.25031794 -0.06178998]
 [-0.27583148 -0.20102759 -0.12402322  0.27423082  0.26818884]
 [ 0.12203786  0.11468236 -0.23009366 -0.13120179  0.14369204]
 [ 0.13945953  0.01217587  0.2367511  -0.0280365  -0.1163797 ]
 [-0.11644824 -0.09312684 -0.1552534   0.01141786  0.02019154]]
Matrix Pair 60; W = [[ 0.31798468  0.02835109  0.06531175 -0.06338501 -0.05859672]
 [-0.19623216 -0.36654639 -0.03256568  0.26409564 -0.05245342]
 [-0.09720536 -0.10710095 -0.22674237  0.07415731 -0.09490524]
 [ 0.14648931  0.05532532  0.0648166  -0.03299105 -0.01743819]
 [-0.21242065 -0.07599435 -0.28976106 -0.17921041  0.01474906]]
U = [[ 0.11427168  0.21080743  0.32569145  0.21364401 -0.02858513]
 [-0.19351018 -0.19182974 -0.06854614  0.21610218  0.28492815]
 [ 0.14225756  0.07790681 -0.25196818 -0.18223888  0.11341869]
 [ 0.15754515 -0.00542491  0.31539822 -0.08524745 -0.11504236]
 [-0.07033927 -0.07734207 -0.12733202 -0.00442742  0.01406357]]
Matrix Pair 61; W = [[ 0.3317875   0.06149318  0.07866437 -0.04225798 -0.06223842]
 [-0.2006517  -0.42998978 -0.04492844  0.24267912 -0.0351251 ]
 [-0.13822035 -0.07909067 -0.17004477  0.09775285 -0.1140801 ]
 [ 0.11077607  0.05745423  0.05240558 -0.00465744 -0.07518622]
 [-0.1626783  -0.08848697 -0.27357107 -0.19895576 -0.04437993]]
U = [[ 0.12913302  0.22070545  0.33694658  0.20761933 -0.04883378]
 [-0.23667643 -0.15302685 -0.04388466  0.19637807  0.34735309]
 [ 0.10486385  0.14874539 -0.20056203 -0.1908911   0.11450665]
 [ 0.18304574  0.06397971  0.32150645 -0.10106269 -0.08694216]
 [-0.1320265  -0.1202686  -0.13970033  0.00767473 -0.01335062]]
Matrix Pair 62; W = [[ 0.27343941  0.0554727   0.00671166 -0.03064838 -0.07379962]
 [-0.17447299 -0.39486654 -0.08989456  0.22637662 -0.10145636]
 [-0.10450584 -0.05522318 -0.16084206  0.0413751  -0.08271791]
 [ 0.13132831  0.04513848  0.06712798  0.01030239 -0.05749623]
 [-0.20729314 -0.03486082 -0.26640681 -0.16260745  0.00957383]]
U = [[ 0.14947056  0.23933284  0.32230788  0.21207331 -0.01631067]
 [-0.21802584 -0.20790513 -0.06716886  0.23659233  0.28731682]
 [ 0.10083604  0.14640416 -0.2598935  -0.14682598  0.12475148]
 [ 0.11398168 -0.00041494  0.22874467 -0.05043769 -0.10392232]
 [-0.13994855 -0.10153393 -0.18920222 -0.00889468  0.05875775]]
Matrix Pair 63; W = [[ 0.28319855  0.02885411  0.03918747  0.00716237 -0.03548064]
 [-0.2209904  -0.41100699 -0.03986636  0.22604986 -0.03436193]
 [-0.14338635 -0.10732527 -0.21898204  0.07015138 -0.04400456]
 [ 0.18341378  0.05958706  0.03732323 -0.03143726 -0.05409569]
 [-0.16852728 -0.03876263 -0.25592816 -0.11207883  0.02055409]]
U = [[ 0.20237681  0.27085244  0.32647531  0.25679481 -0.00695257]
 [-0.24141422 -0.14391595 -0.0654855   0.20272757  0.27450758]
 [ 0.16602829  0.16641801 -0.226851   -0.13043482  0.07964653]
 [ 0.1271232   0.02725354  0.31450445 -0.07885515 -0.11352449]
 [-0.101158   -0.07428562 -0.12937026 -0.03208138  0.05045857]]
Matrix Pair 64; W = [[ 1.96300147e-01  2.59868336e-02  9.57812639e-02 -8.24396844e-02
  -3.03347770e-02]
 [-1.64472730e-01 -3.98265722e-01 -4.40718232e-02  2.11650034e-01
  -2.47550151e-02]
 [-1.07759748e-01 -5.36670735e-02 -1.45050355e-01  1.17666706e-01
  -3.17781297e-02]
 [ 2.92951532e-02  4.25218866e-02  2.50802187e-02  2.22147959e-02
  -5.14718486e-03]
 [-2.16356073e-01  3.72665554e-05 -3.55019862e-01 -1.94037936e-01
  -1.69762948e-02]]
U = [[ 0.15805445  0.25170228  0.28444351  0.30424525 -0.00860839]
 [-0.23048141 -0.22112745 -0.07475202  0.25944071  0.15559946]
 [ 0.05582997  0.06342169 -0.23157356 -0.18827408  0.03969005]
 [ 0.19143381 -0.08894077  0.27551176 -0.09721313 -0.10156627]
 [-0.05293747 -0.15447326 -0.11889107 -0.0274503  -0.07853601]]
Matrix Pair 65; W = [[ 0.18852474  0.04880135  0.02595486 -0.05103077 -0.08751817]
 [-0.1047853  -0.39476901 -0.0304818   0.21948512  0.01063111]
 [-0.024133   -0.03149751 -0.1756678   0.07573784 -0.07171068]
 [ 0.10349348  0.02215201  0.01775001 -0.05248731 -0.00725758]
 [-0.22553128 -0.01959395 -0.36204484 -0.17415254 -0.03135959]]
U = [[ 0.17435898  0.20570215  0.36970096  0.27136618 -0.02417043]
 [-0.1946341  -0.16003911 -0.04063453  0.18586821  0.19152415]
 [ 0.07996656  0.011389   -0.26553262 -0.24967198  0.06331129]
 [ 0.16907803 -0.05957762  0.28806106 -0.12549912 -0.09633303]
 [-0.03132683 -0.22439692 -0.15668055 -0.04740816 -0.10533624]]
Matrix Pair 66; W = [[ 0.24654258  0.04550658  0.03665224 -0.10936286 -0.09187754]
 [-0.15846194 -0.41972522 -0.07540841  0.19823939  0.00840391]
 [-0.02299254 -0.03309991 -0.16544018  0.12114634 -0.02201057]
 [ 0.06413837  0.04808565  0.08178248 -0.0147383  -0.0374666 ]
 [-0.13755236 -0.01292457 -0.36267843 -0.11856201 -0.05043165]]
U = [[ 0.13585988  0.2272432   0.3687905   0.28202359 -0.03390352]
 [-0.17434945 -0.19642683  0.00564024  0.16891953  0.17005036]
 [ 0.05695255  0.08272565 -0.18826272 -0.23190983  0.04991483]
 [ 0.19538964 -0.0703676   0.27906453 -0.03756008 -0.09381754]
 [ 0.00530819 -0.15496116 -0.12328306 -0.04557335 -0.11633848]]
Matrix Pair 67; W = [[ 2.17034015e-01  4.48352316e-02  7.43455250e-02 -1.00324334e-01
  -6.89426249e-02]
 [-1.31355569e-01 -3.30881325e-01 -6.10284447e-02  1.97877984e-01
  -4.45982298e-02]
 [-1.16650498e-01 -8.67592244e-02 -2.09730240e-01  7.47978578e-02
  -6.79385643e-02]
 [ 3.30144703e-02  1.02142174e-01  2.08162020e-02 -3.26349144e-02
  -1.42158066e-04]
 [-1.74478276e-01  1.66012643e-02 -3.34860503e-01 -1.67273743e-01
  -1.17921270e-02]]
U = [[ 0.13511113  0.16751954  0.28031409  0.21857023 -0.01597171]
 [-0.22345732 -0.17644063 -0.08382071  0.19129614  0.14586713]
 [ 0.12793548  0.01943699 -0.24775522 -0.17451943  0.07708642]
 [ 0.15547231 -0.08954428  0.30343287 -0.04836001 -0.15500903]
 [-0.07693891 -0.21290711 -0.16955907  0.02649412 -0.11476384]]
Matrix Pair 68; W = [[ 0.24700032  0.05969754  0.06989782 -0.08327616 -0.10348818]
 [-0.13349918 -0.40515998 -0.04495768  0.22885941 -0.05615291]
 [-0.06993992 -0.0936082  -0.12478833  0.07526863  0.00129634]
 [ 0.10320224  0.09658457  0.08921001 -0.01494046 -0.02038861]
 [-0.17570218  0.01284159 -0.32079972 -0.16986543 -0.04643794]]
U = [[ 0.15387412  0.22474458  0.2955931   0.22200965 -0.05402944]
 [-0.22289192 -0.19879993 -0.06817     0.22928723  0.19961882]
 [ 0.11216982  0.05101039 -0.24533395 -0.16152256  0.08257082]
 [ 0.13404402 -0.10460912  0.30766594 -0.08011324 -0.1199053 ]
 [-0.02264153 -0.20724657 -0.19462706  0.00271952 -0.11091292]]
Matrix Pair 69; W = [[ 2.20963336e-01  3.89095478e-02  7.07893517e-02 -6.10491217e-02
  -2.81396519e-02]
 [-1.34417501e-01 -3.94532954e-01 -1.18651221e-02  2.56936684e-01
  -4.18537772e-02]
 [-9.22639578e-02 -8.94775014e-02 -1.53368305e-01  1.35104405e-01
   1.01188319e-02]
 [ 1.15235006e-01  2.50520120e-02  3.73405793e-02 -3.65620365e-02
  -6.73805674e-02]
 [-1.78963771e-01  5.91302843e-02 -4.00627315e-01 -1.89759160e-01
  -4.75399606e-06]]
U = [[ 0.16735648  0.18187457  0.37003049  0.22303957 -0.01994881]
 [-0.13988547 -0.15701366  0.00041955  0.17824671  0.15768343]
 [ 0.15094324  0.0058842  -0.21774836 -0.21893949  0.07212566]
 [ 0.12228686 -0.13579773  0.33758805 -0.05586706 -0.05797096]
 [ 0.00190415 -0.15681304 -0.15525829 -0.00107803 -0.04837914]]
Matrix Pair 70; W = [[ 0.1642483   0.04818559  0.04696057 -0.0622356  -0.08415759]
 [-0.12153381 -0.34888078 -0.04843057  0.23221632 -0.00220282]
 [-0.04473973 -0.10644542 -0.19696812  0.11953353 -0.05903723]
 [ 0.10087298  0.10405656  0.04586514 -0.04936349 -0.04181554]
 [-0.16831749 -0.00538016 -0.3161642  -0.1371791  -0.05206762]]
U = [[ 0.18902481  0.18933164  0.36039056  0.26882797 -0.07451688]
 [-0.19017358 -0.21888639 -0.04118044  0.20480848  0.14204382]
 [ 0.13850167  0.03619612 -0.25024532 -0.20704894  0.01287345]
 [ 0.14649496 -0.12930315  0.30585981 -0.08566325 -0.1287859 ]
 [-0.01922304 -0.15107226 -0.17344176  0.02698498 -0.13123596]]
Matrix Pair 71; W = [[ 0.18906476 -0.00517313  0.09490758 -0.04040371 -0.07156283]
 [-0.17493116 -0.34955368 -0.10616101  0.28061422  0.02754062]
 [-0.04972758 -0.11524347 -0.1612987   0.13648511 -0.0745331 ]
 [ 0.03117087  0.06246772  0.09155015 -0.00808094 -0.08427978]
 [-0.15984854  0.05954512 -0.39103992 -0.19273051 -0.05550356]]
U = [[ 0.1661561   0.20853602  0.36394559  0.30363363  0.02145286]
 [-0.18525567 -0.20830116 -0.0146327   0.18058397  0.19345518]
 [ 0.08333509  0.07671201 -0.20714708 -0.20425483  0.06097303]
 [ 0.11797632 -0.10650535  0.32199924 -0.03337886 -0.13096642]
 [-0.02186321 -0.17837116 -0.17564683  0.0325173  -0.08205094]]
Matrix Pair 72; W = [[ 0.19816566 -0.01187875  0.03947298 -0.07026684 -0.02982025]
 [-0.17036942 -0.40481524 -0.07964941  0.24110824 -0.06315005]
 [-0.02704104 -0.09959356 -0.13957003  0.12218477 -0.06422344]
 [ 0.10477222  0.04797653  0.07615196 -0.01234231 -0.06667023]
 [-0.2092615   0.01800433 -0.34963392 -0.13093305 -0.03924716]]
U = [[ 0.11942006  0.21665779  0.35574998  0.22639618 -0.06198141]
 [-0.18706856 -0.20681541 -0.08053504  0.26359753  0.20049858]
 [ 0.0670522   0.05416971 -0.25338754 -0.19193598  0.06708703]
 [ 0.15099831 -0.05493004  0.32101282 -0.06141773 -0.09923158]
 [-0.06331608 -0.17049437 -0.137233   -0.04014963 -0.09885016]]
Matrix Pair 73; W = [[ 0.20134458  0.01110409  0.03628892 -0.05708633 -0.0413932 ]
 [-0.1422775  -0.35015405 -0.04735135  0.28465264 -0.02665766]
 [-0.08090698 -0.10781439 -0.12986293  0.11328087 -0.06163969]
 [ 0.08014772  0.08379021  0.02719992 -0.04647277 -0.04320074]
 [-0.16093997 -0.00854672 -0.30909772 -0.18523468 -0.01314041]]
U = [[ 0.1268955   0.20227058  0.30032536  0.25921208  0.01030817]
 [-0.2033477  -0.19239226  0.0050728   0.19601377  0.1701672 ]
 [ 0.11219474  0.0249594  -0.21081533 -0.20309996  0.07391043]
 [ 0.19070467 -0.10815216  0.2687302  -0.13245756 -0.1432421 ]
 [-0.06407626 -0.13982429 -0.19816398 -0.0180195  -0.11221769]]
Matrix Pair 74; W = [[ 0.2103795   0.04377762  0.0337851  -0.03348097 -0.10968212]
 [-0.14243421 -0.34183104 -0.03288907  0.25390272 -0.02173538]
 [-0.08967646 -0.05319188 -0.17125463  0.14541923 -0.00671458]
 [ 0.07284025  0.10974026  0.09053623 -0.05447874 -0.0270397 ]
 [-0.20663268 -0.01093001 -0.37161067 -0.17178097  0.03038326]]
U = [[ 0.11467501  0.23135922  0.28340291  0.26609037 -0.01313207]
 [-0.20096851 -0.16997013 -0.06627274  0.25012761  0.19503583]
 [ 0.06469972  0.04268788 -0.20207713 -0.1612757   0.08841274]
 [ 0.20300281 -0.08697991  0.3581475  -0.069895   -0.10758899]
 [-0.07608404 -0.19217471 -0.11038494 -0.00195629 -0.12578942]]
Matrix Pair 75; W = [[ 0.20545665  0.04596591  0.00613044 -0.09610265 -0.07021745]
 [-0.10975403 -0.38158712 -0.01267899  0.25170488 -0.01424901]
 [-0.10524671 -0.02657437 -0.14344815  0.08534534  0.02317563]
 [ 0.11638232  0.10308768  0.09500334 -0.04408216 -0.00821993]
 [-0.17750348 -0.00555294 -0.349478   -0.19028896  0.03672177]]
U = [[ 0.17329454  0.26058674  0.27573594  0.26249825 -0.04487894]
 [-0.20578757 -0.20677363 -0.03789777  0.25163621  0.14763735]
 [ 0.09486193  0.08618646 -0.25336826 -0.18278024  0.01322321]
 [ 0.21267817 -0.14704057  0.33535942 -0.07581556 -0.07525356]
 [-0.01823916 -0.19257395 -0.17196389  0.01022411 -0.10953502]]
Matrix Pair 76; W = [[ 0.25280643  0.01335701  0.05692795 -0.05215486 -0.05794555]
 [-0.1423498  -0.39038133 -0.05509926  0.213317    0.02153867]
 [-0.06905011 -0.02594851 -0.17679004  0.10073523 -0.00045008]
 [ 0.12357325  0.062696    0.03266908  0.01171728 -0.08297791]
 [-0.15141839  0.06439257 -0.34321832 -0.14705281 -0.04615893]]
U = [[ 0.1839739   0.19364538  0.33975093  0.29662517 -0.04056104]
 [-0.2207514  -0.21722876 -0.04635379  0.17031737  0.203578  ]
 [ 0.12178574  0.02617562 -0.28081104 -0.23752803  0.03239965]
 [ 0.18649913 -0.06282     0.32363157 -0.05363429 -0.15468216]
 [-0.08198736 -0.17275009 -0.18651181  0.00321821 -0.09725461]]
Matrix Pair 77; W = [[ 0.23310622  0.01584038  0.06698803 -0.07973135 -0.12176728]
 [-0.10443    -0.41731484 -0.0285965   0.26860571 -0.0150851 ]
 [-0.11691835 -0.10582262 -0.17018533  0.08796768 -0.03092467]
 [ 0.05602023  0.07796369  0.09096561 -0.0043294  -0.00097415]
 [-0.17279448  0.05664438 -0.33424839 -0.13794289 -0.0010893 ]]
U = [[ 0.17402709  0.19351241  0.31388809  0.2729702   0.01517429]
 [-0.23095542 -0.13283389 -0.04981487  0.16574125  0.23712558]
 [ 0.126423    0.03155128 -0.19434819 -0.19054809  0.05664201]
 [ 0.2152302  -0.06078068  0.26921322 -0.03887791 -0.08413727]
 [-0.06204886 -0.14065919 -0.13926806 -0.05046081 -0.10938394]]
Matrix Pair 78; W = [[ 0.20214499  0.02205317  0.00688584 -0.06957285 -0.1014691 ]
 [-0.1547795  -0.41695081 -0.06387242  0.283089    0.01240597]
 [-0.05471191 -0.0513782  -0.14714435  0.13528268 -0.04015131]
 [ 0.04296344  0.09991207  0.08778909  0.00613699 -0.00449182]
 [-0.19731224  0.06117171 -0.35611638 -0.15866256  0.01273624]]
U = [[ 0.10542272  0.20109458  0.29223012  0.29951237 -0.05740795]
 [-0.14255403 -0.21260033 -0.02854618  0.24850163  0.21472643]
 [ 0.08190767  0.01279078 -0.26777857 -0.24640588  0.04076413]
 [ 0.17895095 -0.065087    0.3345028  -0.04515793 -0.13213935]
 [-0.00824228 -0.1848134  -0.18439278 -0.04858213 -0.12556755]]
Matrix Pair 79; W = [[ 0.17662715  0.06068769  0.06029839 -0.06051503 -0.08384846]
 [-0.1644594  -0.33943044 -0.0241993   0.22831186 -0.02313785]
 [-0.04687986 -0.07832212 -0.1889566   0.10339949 -0.06729084]
 [ 0.0798649   0.06035867  0.02993928  0.00780325 -0.02274982]
 [-0.19195046 -0.02858699 -0.33875092 -0.152247   -0.05563824]]
U = [[ 0.09861375  0.26130234  0.31949725  0.21489841 -0.05825843]
 [-0.18149468 -0.14342739 -0.07963848  0.2280833   0.18166945]
 [ 0.10785676  0.09394832 -0.23740508 -0.18515987  0.08810804]
 [ 0.12954717 -0.08835232  0.34969806 -0.06504849 -0.06405888]
 [-0.03976235 -0.20339675 -0.17599268 -0.02613273 -0.09820166]]
Matrix Pair 80; W = [[ 0.2997459   0.02370958  0.05626121 -0.14370879 -0.10511582]
 [-0.10597794 -0.38575966 -0.03452172  0.20993175 -0.0981938 ]
 [-0.14946159 -0.10432205 -0.12918223  0.10068636 -0.05554927]
 [ 0.07076472  0.12729953  0.03790266 -0.02824412  0.01382528]
 [-0.17191043 -0.03135783 -0.27420694 -0.1581142  -0.07203391]]
U = [[ 0.2174482   0.18998727  0.2807995   0.2316763  -0.03860514]
 [-0.18060534 -0.18288937 -0.03668919  0.27569616  0.3032966 ]
 [ 0.16977212  0.04958549 -0.19612495 -0.228321    0.13523606]
 [ 0.17688439 -0.06936519  0.30489584 -0.05592538 -0.090219  ]
 [-0.05911938 -0.10949806 -0.19481119 -0.02561459 -0.08472942]]
Matrix Pair 81; W = [[ 0.29866417  0.04078896  0.12205261 -0.10060762 -0.08557482]
 [-0.10275058 -0.41589694 -0.0599498   0.28332884 -0.07664902]
 [-0.09220242 -0.06038655 -0.13270396  0.18959359 -0.05697348]
 [ 0.10116795  0.03599562  0.03028741 -0.03327745  0.03245672]
 [-0.14437996 -0.0481439  -0.30007832 -0.22566301 -0.07041596]]
U = [[ 0.14699405  0.17209481  0.29315601  0.2072607   0.01324224]
 [-0.19020308 -0.12911545  0.01070089  0.31687439  0.2091572 ]
 [ 0.1308547   0.03673326 -0.20465713 -0.22851394  0.10685121]
 [ 0.16621184  0.00719192  0.29172519 -0.1126068  -0.09045594]
 [-0.06877876 -0.16095003 -0.23572612 -0.00370703 -0.07512244]]
Matrix Pair 82; W = [[ 0.31824672  0.0574002   0.12614919 -0.17649532 -0.03790266]
 [-0.0819711  -0.41125004 -0.08044521  0.2297636  -0.09342516]
 [-0.08484101 -0.02017474 -0.12724138  0.19581103 -0.07646124]
 [ 0.05076852  0.07817861  0.04588127 -0.00994029  0.03957529]
 [-0.19893541 -0.01573357 -0.29505135 -0.17723008 -0.02660873]]
U = [[ 0.14991498  0.18755463  0.30962743  0.22465744  0.0383279 ]
 [-0.19941959 -0.1599418   0.00667608  0.25065133  0.28175259]
 [ 0.13214927  0.033262   -0.26944956 -0.16114556  0.08973671]
 [ 0.16304755 -0.04461     0.24766043 -0.05996955 -0.12899252]
 [-0.07841613 -0.1542003  -0.18473778 -0.07092561 -0.03924373]]
Matrix Pair 83; W = [[ 0.28807934  0.00538573  0.0799391  -0.15425437 -0.0565207 ]
 [-0.1037781  -0.45281179 -0.00984939  0.22384089 -0.10450967]
 [-0.1018376  -0.04750992 -0.16299967  0.09997029 -0.06410288]
 [ 0.06703537  0.08105231  0.09991954  0.00980644 -0.00873995]
 [-0.19982856 -0.03194049 -0.28527168 -0.18880215 -0.08307958]]
U = [[ 0.1446475   0.18490487  0.27307122  0.26460908  0.02279201]
 [-0.21272568 -0.18305314 -0.01344982  0.32220514  0.2417874 ]
 [ 0.14364801  0.11935571 -0.25349261 -0.14365036  0.05692653]
 [ 0.21796535 -0.07841668  0.24961881 -0.07926143 -0.14369119]
 [-0.10529011 -0.1369168  -0.24949259 -0.02367627 -0.00642338]]
Matrix Pair 84; W = [[ 0.27786538  0.0727541   0.13268243 -0.11651773 -0.04661786]
 [-0.09935968 -0.38641379 -0.04800211  0.221808   -0.08937423]
 [-0.11282617 -0.03690378 -0.20187617  0.14019747 -0.11794784]
 [ 0.07769454  0.07031834  0.06397573  0.02896786 -0.0387968 ]
 [-0.12164381 -0.04498683 -0.27543119 -0.15647817 -0.0422352 ]]
U = [[ 0.14981339  0.24725361  0.29831477  0.18053952  0.03350297]
 [-0.14011256 -0.11346243 -0.02123736  0.25775788  0.29717649]
 [ 0.10397574  0.09904392 -0.19589174 -0.17439136  0.05223029]
 [ 0.12637708 -0.01181001  0.27845244 -0.07728388 -0.18104887]
 [-0.06674368 -0.09702154 -0.25413653 -0.02614261 -0.02354152]]
Matrix Pair 85; W = [[ 0.31201623  0.01752915  0.11635787 -0.10387748 -0.02872951]
 [-0.14053853 -0.43059369 -0.01218849  0.23339608 -0.09193217]
 [-0.05724048 -0.02026723 -0.21607521  0.16296678 -0.09244717]
 [ 0.12617365  0.1010105   0.09430781  0.01139869 -0.02590397]
 [-0.17045201 -0.05013999 -0.31204677 -0.21287325 -0.02186783]]
U = [[ 0.13465985  0.21956438  0.32672127  0.26672326 -0.04654222]
 [-0.21761695 -0.10171436 -0.05880377  0.28754114  0.21178297]
 [ 0.10619967  0.0367534  -0.22373203 -0.17884308  0.1380453 ]
 [ 0.15861375 -0.00949422  0.26069375 -0.13408179 -0.13759276]
 [-0.11448351 -0.09821892 -0.20799151 -0.0018236  -0.03974025]]
Matrix Pair 86; W = [[ 0.23159968  0.07115384  0.06682485 -0.1432117  -0.02072564]
 [-0.16831031 -0.38264863 -0.01236815  0.23750167 -0.11648653]
 [-0.13965217 -0.07154649 -0.12914695  0.11119533 -0.08305537]
 [ 0.11555311  0.04347911  0.04509144 -0.02164336  0.00181478]
 [-0.16772381 -0.00092936 -0.30716831 -0.17375381 -0.05738306]]
U = [[ 0.1749315   0.19384487  0.30953472  0.26583086  0.03292065]
 [-0.14905779 -0.149396   -0.01266233  0.24866569  0.27504268]
 [ 0.16826532  0.04159798 -0.17300262 -0.2084203   0.05559772]
 [ 0.14792673 -0.054679    0.31136086 -0.13835636 -0.1313039 ]
 [-0.11409569 -0.16368699 -0.26112296  0.00562703 -0.01338692]]
Matrix Pair 87; W = [[ 0.25884917  0.03498644  0.10721422 -0.17454858 -0.06215488]
 [-0.12920092 -0.45178253 -0.01769809  0.28586225 -0.03302578]
 [-0.0927767  -0.00777061 -0.15454461  0.11176248 -0.1093106 ]
 [ 0.0943809   0.11985482  0.06714498 -0.03410212  0.03157091]
 [-0.19044226 -0.08495026 -0.33412031 -0.17149732  0.00216257]]
U = [[ 0.19449484  0.25019509  0.29598814  0.26600492  0.02282159]
 [-0.13850985 -0.14989644 -0.00531707  0.30741232  0.26604545]
 [ 0.17329481  0.05324521 -0.21598931 -0.15123394  0.07403894]
 [ 0.21394599 -0.06862637  0.30915656 -0.14037188 -0.10983737]
 [-0.11585919 -0.14085894 -0.25738017 -0.04174648 -0.00264515]]
Matrix Pair 88; W = [[ 0.28182548  0.03354132  0.09280946 -0.1077573  -0.0442356 ]
 [-0.11250229 -0.37846644 -0.02033633  0.21888282 -0.09950644]
 [-0.12396368 -0.07255486 -0.17091186  0.10277425 -0.09388925]
 [ 0.07299701  0.04604939  0.04043107  0.00129551  0.03047392]
 [-0.21365267 -0.00308388 -0.29842629 -0.14934132 -0.07306489]]
U = [[ 0.14565807  0.22816781  0.22948912  0.20927156  0.04387789]
 [-0.13999242 -0.13972561 -0.03689568  0.31119665  0.27931624]
 [ 0.12867373  0.06873813 -0.1887269  -0.16970223  0.08710163]
 [ 0.19471371 -0.06187506  0.29583971 -0.08662933 -0.11434933]
 [-0.04240699 -0.11854632 -0.24393063 -0.03038608 -0.01976426]]
Matrix Pair 89; W = [[ 0.28364896 -0.00635786  0.06504204 -0.16596155 -0.04021825]
 [-0.17643285 -0.42972731 -0.01805258  0.23517357 -0.12786016]
 [-0.10955711 -0.04843879 -0.13554344  0.10097088 -0.07231958]
 [ 0.0996656   0.08130853  0.02399006 -0.01222284 -0.02390946]
 [-0.17214977 -0.05075814 -0.29866329 -0.20708273 -0.04413579]]
U = [[ 0.13462689  0.24345534  0.32330778  0.22726154 -0.04034373]
 [-0.16581028 -0.19152749 -0.00462435  0.26117292  0.28683602]
 [ 0.15772862  0.10688022 -0.1970087  -0.18780279  0.1151754 ]
 [ 0.13052326 -0.01837407  0.3165557  -0.08440226 -0.12340955]
 [-0.088205   -0.17385523 -0.23268827 -0.01555629 -0.03229712]]
Matrix Pair 90; W = [[ 0.31504906  0.02713334  0.11948247 -0.14970976 -0.03559995]
 [-0.17386205 -0.42927471 -0.0165258   0.28285145 -0.10661632]
 [-0.11473071 -0.02485164 -0.14117671  0.15898213 -0.08318935]
 [ 0.08144131  0.05581521  0.07259098 -0.0290456  -0.0304262 ]
 [-0.13217329 -0.02546855 -0.34910206 -0.20908731 -0.04077113]]
U = [[ 0.20077867  0.19759174  0.29535562  0.17426079  0.0099346 ]
 [-0.15232558 -0.12784568 -0.02195937  0.25170242  0.21899391]
 [ 0.14154685  0.11957093 -0.22716086 -0.15196043  0.13974328]
 [ 0.1322319  -0.0262167   0.28338055 -0.07659078 -0.09392371]
 [-0.08152497 -0.10565728 -0.23250811 -0.06056226 -0.05131437]]
Matrix Pair 91; W = [[ 0.27593417  0.01705315  0.11521765 -0.17472862 -0.10696261]
 [-0.15888328 -0.44618941 -0.09407452  0.21081445 -0.06802166]
 [-0.1261729  -0.07263455 -0.16853531  0.12676179 -0.12181683]
 [ 0.12311154  0.12647789  0.08482639 -0.02726132  0.05185373]
 [-0.18064088  0.00472333 -0.33882959 -0.14973363 -0.08826527]]
U = [[ 0.17538044  0.20357641  0.30229222  0.25526671 -0.03662933]
 [-0.17662828 -0.19282459 -0.04929992  0.26037944  0.30541141]
 [ 0.1613823   0.11484857 -0.21522889 -0.17260427  0.07534946]
 [ 0.15788714 -0.07373785  0.29416434 -0.10709105 -0.11191482]
 [-0.0722071  -0.12141959 -0.22677393 -0.06147134 -0.06411369]]
Matrix Pair 92; W = [[ 0.24967375  0.03960952  0.10758461 -0.11074205 -0.0720233 ]
 [-0.09618203 -0.41435627 -0.09781574  0.263507   -0.12745818]
 [-0.10552434 -0.10105863 -0.17502825  0.19357206 -0.1057102 ]
 [ 0.07297494  0.10782296  0.02375972 -0.05514252 -0.02297561]
 [-0.19266744 -0.01955494 -0.26814002 -0.20371028 -0.0376558 ]]
U = [[ 2.05506757e-01  2.17170003e-01  2.75333648e-01  2.48885815e-01
  -1.03105509e-04]
 [-1.45225969e-01 -1.75213445e-01 -3.23199785e-02  3.07302775e-01
   2.16361576e-01]
 [ 1.17874217e-01  9.36611546e-02 -2.67762722e-01 -1.58506423e-01
   1.46398644e-01]
 [ 1.24989542e-01 -3.11461815e-02  3.30342178e-01 -1.22449427e-01
  -1.01813856e-01]
 [-4.83435685e-02 -1.61079056e-01 -1.98616324e-01 -1.86567980e-02
  -2.38392219e-02]]
Matrix Pair 93; W = [[ 0.30392965  0.01776279  0.14954304 -0.15485025 -0.09927646]
 [-0.11410727 -0.38272112 -0.0347654   0.23814962 -0.06708378]
 [-0.08639871 -0.04134587 -0.19863437  0.09884158 -0.04654193]
 [ 0.09194677  0.07842648  0.04893983  0.00196377  0.03892554]
 [-0.14100253 -0.03614059 -0.35432843 -0.14831013 -0.06095835]]
U = [[ 0.13957114  0.24867146  0.28614498  0.1883251   0.03664291]
 [-0.16457261 -0.16141203 -0.06597164  0.2990732   0.27802999]
 [ 0.16680456  0.08537529 -0.26020088 -0.15948754  0.07149249]
 [ 0.21654292 -0.01977654  0.288327   -0.07442243 -0.17892893]
 [-0.10416493 -0.09232732 -0.25300838 -0.07845797 -0.00189956]]
Matrix Pair 94; W = [[ 0.28140247  0.05516494  0.12380356 -0.1330679  -0.067255  ]
 [-0.14490984 -0.46612893 -0.04676874  0.30640801 -0.11077589]
 [-0.14973385 -0.00638624 -0.13922862  0.19486145 -0.07335591]
 [ 0.1316259   0.11492244  0.07383836 -0.05783126  0.02519522]
 [-0.18774761 -0.03216291 -0.30852072 -0.1830968  -0.0878598 ]]
U = [[ 0.15898937  0.16001526  0.23882329  0.19893903  0.04041632]
 [-0.15623289 -0.1609223  -0.00714898  0.29510062  0.21781232]
 [ 0.12201338  0.12373244 -0.21769461 -0.21360076  0.09552759]
 [ 0.21590474 -0.0066653   0.31224437 -0.12991217 -0.10431562]
 [-0.12107717 -0.16062138 -0.18613234 -0.03577315 -0.06737172]]
Matrix Pair 95; W = [[ 3.04167618e-01  7.36893251e-02  8.93747553e-02 -1.12254916e-01
  -7.05574981e-02]
 [-1.39577993e-01 -3.97063137e-01 -3.43323619e-02  2.85125695e-01
  -6.58204181e-02]
 [-1.38173202e-01 -5.55409865e-02 -1.81011923e-01  1.76621969e-01
  -4.30322171e-02]
 [ 4.15264381e-02  7.95370145e-02  6.30483947e-02 -3.16922235e-02
   2.90762066e-04]
 [-1.75950396e-01  5.04653307e-03 -2.80530026e-01 -1.29923800e-01
  -1.14227611e-03]]
U = [[ 0.15765421  0.23976891  0.24189327  0.19868388  0.02438766]
 [-0.17288765 -0.11847622 -0.07540752  0.29837935  0.29485686]
 [ 0.12303048  0.11382371 -0.17319576 -0.16397358  0.13713787]
 [ 0.22143742 -0.0375926   0.24962816 -0.13464776 -0.14861172]
 [-0.10886791 -0.14990854 -0.17852104 -0.0529751  -0.0751611 ]]
Matrix Pair 96; W = [[ 0.26560598 -0.04721666  0.05403721 -0.04385789 -0.01852888]
 [-0.23416007 -0.4376595   0.00723469  0.28849019 -0.04584007]
 [-0.11382851 -0.0390804  -0.18900389  0.0478247  -0.07783922]
 [ 0.09818853  0.13317018  0.11582189 -0.02095799 -0.06773083]
 [-0.1308403   0.01323387 -0.3059915  -0.22617595  0.03996442]]
U = [[ 0.10672298  0.19991215  0.23131079  0.22961135  0.03319939]
 [-0.17168179 -0.15453936 -0.08145352  0.26806628  0.2265909 ]
 [ 0.13094297  0.12146517 -0.25566443 -0.18342093  0.13538867]
 [ 0.17988105 -0.05260904  0.27429885 -0.13261597 -0.11580244]
 [-0.0863007  -0.10264764 -0.17877423 -0.02146722  0.01337403]]
Matrix Pair 97; W = [[ 0.33314268  0.00495206  0.04222601 -0.07755928 -0.09664005]
 [-0.23641858 -0.38128012 -0.05013774  0.32957307 -0.10587831]
 [-0.17502982 -0.0084402  -0.21028304  0.02609941 -0.11983767]
 [ 0.01167077  0.12208783  0.07382352 -0.08492842 -0.0429735 ]
 [-0.11525945 -0.03935458 -0.23252201 -0.20221178 -0.01505043]]
U = [[ 0.14298541  0.24855181  0.32382796  0.1832292  -0.02450997]
 [-0.18118213 -0.10322824 -0.09684027  0.19506651  0.17874903]
 [ 0.20969195  0.0648063  -0.21769479 -0.1933513   0.17765886]
 [ 0.20608945 -0.07534799  0.28841344 -0.14512383 -0.10025114]
 [-0.09399105 -0.09498735 -0.18899514 -0.01628229 -0.00119741]]
Matrix Pair 98; W = [[ 0.28528924  0.04876915  0.09642024 -0.07886328 -0.05744875]
 [-0.20446775 -0.43106156 -0.06751246  0.27166964 -0.05549466]
 [-0.13481847 -0.02967846 -0.25206527  0.03372447 -0.06975464]
 [ 0.0905953   0.11380867  0.06132369 -0.06387882 -0.0097035 ]
 [-0.16297339  0.01229452 -0.30683404 -0.13610574 -0.01116496]]
U = [[ 0.08635018  0.21288381  0.26834378  0.19438316  0.01481795]
 [-0.18291389 -0.19290268 -0.03410832  0.21197335  0.17959267]
 [ 0.20852775  0.06270902 -0.24762122 -0.23033143  0.18388781]
 [ 0.14395942 -0.00453167  0.31253066 -0.09905719 -0.14983299]
 [-0.13858705 -0.06738689 -0.21118304 -0.00253254  0.01165706]]
Matrix Pair 99; W = [[ 3.14993022e-01  2.75923288e-02  3.18096569e-02 -6.28512152e-02
  -4.88405787e-02]
 [-2.18115514e-01 -3.89153479e-01 -7.29474374e-03  3.57348122e-01
  -3.02735772e-02]
 [-1.79804709e-01 -3.54504959e-04 -2.16990464e-01  6.72324269e-02
  -7.14094291e-02]
 [ 1.01132084e-01  5.52588319e-02  1.03191461e-01 -4.35796305e-03
  -6.70994443e-02]
 [-1.80594262e-01 -1.66871534e-02 -2.37139052e-01 -1.76081885e-01
   3.57824992e-02]]
U = [[ 0.10592975  0.22280172  0.24883743  0.19043095 -0.03588109]
 [-0.221168   -0.1512235  -0.09507394  0.25597486  0.27447747]
 [ 0.12283314  0.07157752 -0.22242254 -0.2026612   0.17458951]
 [ 0.13882002 -0.04849046  0.24568084 -0.1057787  -0.12511434]
 [-0.1449184  -0.0771274  -0.17466605  0.01228883  0.02183553]]
Matrix Pair 100; W = [[ 0.28320029 -0.00897802  0.10621795 -0.10711415 -0.03335158]
 [-0.20008121 -0.4763284  -0.05542862  0.31031696 -0.08267249]
 [-0.11756769 -0.01030618 -0.25461029  0.03674021 -0.05588649]
 [ 0.07327214  0.09587306  0.0856582  -0.08554865 -0.02365067]
 [-0.11094624 -0.00545962 -0.30874719 -0.17594428  0.0664914 ]]
U = [[ 0.13266367  0.18282953  0.27387615  0.18762977 -0.03240078]
 [-0.21296197 -0.10517416 -0.04123472  0.19177373  0.2595823 ]
 [ 0.19580099  0.06132198 -0.188735   -0.16739931  0.12311931]
 [ 0.17832802 -0.01157615  0.2258442  -0.08358235 -0.15501616]
 [-0.10563246 -0.092128   -0.19042147 -0.01209469  0.01312258]]
Matrix Pair 101; W = [[ 0.32382415  0.00605613  0.0167816  -0.05886736 -0.09597148]
 [-0.19316434 -0.43758106  0.01756765  0.35372758 -0.02737956]
 [-0.17554155  0.01399769 -0.20157476  0.03271662 -0.0546893 ]
 [ 0.00720772  0.06214447  0.08009995 -0.09066596 -0.08829516]
 [-0.1371536  -0.02850438 -0.31242977 -0.20528437 -0.02645814]]
U = [[ 0.13222848  0.26174987  0.24832049  0.14876677  0.05184905]
 [-0.22949773 -0.15177721 -0.04542415  0.24905774  0.17890373]
 [ 0.12252938  0.0583051  -0.17662012 -0.18169529  0.16993453]
 [ 0.21172871 -0.03344157  0.22438148 -0.10382221 -0.16493327]
 [-0.17182399 -0.04249283 -0.19387932  0.0370581  -0.05876188]]
Matrix Pair 102; W = [[ 0.2879169   0.01247705  0.09065153 -0.06284211 -0.0685479 ]
 [-0.16475098 -0.38151792 -0.04936203  0.35655855 -0.11050842]
 [-0.18450832  0.03369591 -0.23876502  0.09467882 -0.06851849]
 [ 0.05179095  0.07461463  0.13910885  0.00325425 -0.06213742]
 [-0.09797444  0.01007598 -0.25297574 -0.21087673  0.00471396]]
U = [[ 0.12471697  0.25659102  0.27910735  0.14820356  0.01224815]
 [-0.13161311 -0.18907089 -0.08664994  0.21478892  0.26849025]
 [ 0.14464773  0.10412374 -0.25385289 -0.17716335  0.17469832]
 [ 0.14738333 -0.00341327  0.24792367 -0.06809418 -0.09270444]
 [-0.08716813 -0.08437034 -0.19998871 -0.04756131 -0.00692972]]
Matrix Pair 103; W = [[ 0.32628403 -0.00131847  0.0892505  -0.1077883  -0.04710564]
 [-0.21112677 -0.46533246 -0.05703847  0.33053215 -0.08978459]
 [-0.1457743   0.02626718 -0.21967842  0.01655307 -0.06339153]
 [ 0.08995146  0.08344977  0.08508614 -0.04341422 -0.00645312]
 [-0.12641136  0.01796031 -0.30482527 -0.14310336  0.0680097 ]]
U = [[ 0.11023322  0.26143619  0.32409979  0.22161859 -0.02208889]
 [-0.22619446 -0.14308899 -0.02361283  0.205442    0.27592846]
 [ 0.14534585  0.11723619 -0.18568751 -0.22624047  0.16504667]
 [ 0.13859549 -0.04416155  0.31422503 -0.11052221 -0.14291685]
 [-0.09699075 -0.03887398 -0.22801121  0.04367319  0.02192431]]
Matrix Pair 104; W = [[ 0.35036834  0.00745526  0.10672342 -0.04410792 -0.02882231]
 [-0.19337694 -0.44225294  0.00533958  0.30353583 -0.02863607]
 [-0.13515468 -0.00094167 -0.22776615  0.09003248 -0.09788879]
 [ 0.07944528  0.08450416  0.05280955 -0.08532685 -0.09276765]
 [-0.11945788  0.0319     -0.30705988 -0.14001456  0.02973635]]
U = [[ 0.17972593  0.19497525  0.30432503  0.24367877 -0.02401821]
 [-0.17586535 -0.20098403 -0.05808171  0.23221561  0.24521235]
 [ 0.21880374  0.10789866 -0.25131611 -0.24581164  0.16946573]
 [ 0.15744234 -0.07309619  0.23596072 -0.12024045 -0.15326914]
 [-0.16966769 -0.0389642  -0.21916635 -0.00067952 -0.02110227]]
Matrix Pair 105; W = [[ 0.27614126 -0.04059562  0.01300328 -0.10618254 -0.04006915]
 [-0.21824328 -0.41094596 -0.04806256  0.27436904 -0.07544648]
 [-0.161747    0.01817491 -0.22386984  0.00400202 -0.05406047]
 [ 0.04934254  0.11771819  0.09147921 -0.06846649 -0.04585223]
 [-0.13473421  0.01087759 -0.29390672 -0.15996009 -0.02175059]]
U = [[ 0.16421836  0.205557    0.28638277  0.21817531 -0.02449921]
 [-0.19461272 -0.15720688 -0.01582545  0.221771    0.25191167]
 [ 0.12338855  0.09713823 -0.17049663 -0.16131721  0.1721089 ]
 [ 0.16622183  0.00035398  0.22339728 -0.07558649 -0.08741077]
 [-0.14362041 -0.09443629 -0.20445321  0.0321629   0.00108411]]
Matrix Pair 106; W = [[ 0.34803222  0.0416838   0.09263571 -0.10632945 -0.07671797]
 [-0.15588549 -0.38267363 -0.01653938  0.28997157 -0.02492112]
 [-0.11205492 -0.02775923 -0.20910354  0.07480909 -0.08669672]
 [ 0.0823601   0.0454016   0.11247766 -0.04149264 -0.07371069]
 [-0.1276389  -0.00154555 -0.30263663 -0.21866209  0.04545786]]
U = [[ 0.14353112  0.21558104  0.2685412   0.18610222 -0.00261937]
 [-0.19193408 -0.13238442 -0.08487389  0.24821902  0.24571824]
 [ 0.14387748  0.05667912 -0.19775314 -0.17788431  0.18198182]
 [ 0.19358102  0.02368422  0.25889546 -0.08517069 -0.1093299 ]
 [-0.10243449 -0.06599453 -0.23338523 -0.02074478 -0.01079326]]
Matrix Pair 107; W = [[ 0.35193097  0.00612587  0.02905912 -0.13385602 -0.06366557]
 [-0.18325296 -0.44628714  0.00137286  0.2789601  -0.01663123]
 [-0.12008332  0.00096127 -0.19899166  0.00904742 -0.05153291]
 [ 0.01799108  0.08533981  0.10318828 -0.09033749 -0.07051907]
 [-0.13616686 -0.01549128 -0.26518646 -0.1517181   0.00760977]]
U = [[ 0.09101655  0.24069156  0.25174013  0.15774728  0.00743852]
 [-0.20903805 -0.11011936 -0.06419756  0.2312616   0.26583517]
 [ 0.15227212  0.06631106 -0.23260214 -0.1535598   0.21157112]
 [ 0.21173446 -0.03667421  0.3014308  -0.07441331 -0.11486427]
 [-0.15028601 -0.06947137 -0.18582562  0.03732288 -0.01033422]]
Matrix Pair 108; W = [[ 0.3172818  -0.02307686  0.07871538 -0.12642887 -0.00586362]
 [-0.15582288 -0.41870824 -0.06339327  0.2975946  -0.06317471]
 [-0.12781358  0.00950632 -0.24647875  0.07788087 -0.11950316]
 [ 0.05211527  0.04118745  0.15147371 -0.05859828 -0.05606027]
 [-0.17601947 -0.01470684 -0.28714455 -0.17185486  0.00369406]]
U = [[ 0.16230366  0.24265834  0.3109758   0.19947244 -0.01393275]
 [-0.20670543 -0.14133374 -0.08980478  0.2061906   0.24256118]
 [ 0.15394427  0.0928566  -0.2601875  -0.15736652  0.17981066]
 [ 0.14071964 -0.01065533  0.24529834 -0.13153182 -0.14251055]
 [-0.08975527 -0.09723293 -0.16327829 -0.03276166  0.01845763]]
Matrix Pair 109; W = [[ 0.29085755  0.00656743  0.03753529 -0.05272936 -0.02031508]
 [-0.22263544 -0.39932229  0.00077306  0.29446043 -0.10814918]
 [-0.19642389 -0.04591151 -0.2103708   0.07914145 -0.05554001]
 [ 0.0219712   0.03633958  0.07592288 -0.02211409 -0.0124099 ]
 [-0.12022757 -0.05987896 -0.27891914 -0.19091778 -0.00926823]]
U = [[ 0.09402457  0.26153412  0.32299498  0.15638824  0.0082045 ]
 [-0.17759584 -0.13697176 -0.03273596  0.21390835  0.22585826]
 [ 0.13487524  0.06056573 -0.23737976 -0.23406512  0.18768534]
 [ 0.19547896 -0.03373646  0.26058688 -0.09020982 -0.14076992]
 [-0.13568352 -0.046277   -0.17742302  0.00641862 -0.0385119 ]]
Matrix Pair 110; W = [[ 0.29670853  0.03678018  0.02748623 -0.1069676  -0.06483171]
 [-0.14651903 -0.41889815 -0.05806244  0.28745706 -0.10413233]
 [-0.11113561  0.03748759 -0.20705878  0.04484596 -0.04136865]
 [ 0.0962195   0.04195586  0.12111996 -0.04778621 -0.0020358 ]
 [-0.15145655  0.02524855 -0.2651423  -0.13248906  0.02974804]]
U = [[ 0.0872774   0.27114393  0.29118203  0.23253352  0.01175203]
 [-0.21798525 -0.19687032 -0.05072674  0.24598467  0.26616995]
 [ 0.1417437   0.06815418 -0.19689078 -0.20298195  0.15061501]
 [ 0.20991993 -0.06438144  0.26549521 -0.13692108 -0.12730462]
 [-0.14019336 -0.11911194 -0.20109027 -0.0075561  -0.00030336]]
Matrix Pair 111; W = [[ 0.34556869 -0.02371621  0.02957978 -0.10813066 -0.08902121]
 [-0.16168553 -0.43158289 -0.03460031  0.30797137 -0.09550488]
 [-0.16889634  0.03040439 -0.16629679  0.06261053 -0.12371065]
 [ 0.01419467  0.07892356  0.12033709 -0.03210017 -0.07522536]
 [-0.15249513 -0.00888443 -0.26777221 -0.22245442 -0.02843579]]
U = [[ 0.17931469  0.2620484   0.31261463  0.184873    0.05245151]
 [-0.18061581 -0.12653672 -0.02796429  0.26448764  0.19114423]
 [ 0.14152731  0.07805262 -0.17307348 -0.20805012  0.13265539]
 [ 0.14339806 -0.07203856  0.30813885 -0.12487573 -0.09559422]
 [-0.10881694 -0.08740134 -0.22886342 -0.02852744 -0.03020044]]
Matrix Pair 112; W = [[ 0.27476124 -0.04979577  0.08335542 -0.1458453  -0.00361466]
 [-0.14278562 -0.38615764 -0.10162463  0.32929344 -0.04962511]
 [-0.12455438 -0.09016984 -0.14777704  0.07503816 -0.00288871]
 [ 0.08954708  0.055986    0.0610406  -0.09929668 -0.01163372]
 [-0.14374226 -0.05715094 -0.32826444 -0.10433569  0.02216624]]
U = [[ 2.11992751e-01  1.97800948e-01  3.43031383e-01  2.26560897e-01
   2.69361381e-02]
 [-2.32671233e-01 -1.09476261e-01 -5.36556081e-02  2.20112534e-01
   2.45103684e-01]
 [ 1.67806830e-01  8.61627195e-02 -1.98393234e-01 -1.54270261e-01
   2.34105705e-01]
 [ 1.68552984e-01 -1.35973645e-02  2.48329020e-01 -1.01445264e-01
  -1.23594593e-01]
 [ 1.44147391e-04 -1.29892943e-01 -1.79312983e-01 -1.15657697e-02
   1.77643507e-02]]
Matrix Pair 113; W = [[ 0.346858    0.01566986  0.12526913 -0.06602299 -0.01648222]
 [-0.16894414 -0.37742317 -0.09691379  0.2897712  -0.0094288 ]
 [-0.07868427 -0.05124876 -0.19462096  0.0264816  -0.06900086]
 [ 0.02793852  0.0787413   0.11195245 -0.04010719  0.04324257]
 [-0.13952512  0.00419727 -0.34095092 -0.12251567  0.03722747]]
U = [[ 0.16157415  0.18607473  0.27756644  0.15276509  0.00300509]
 [-0.27819261 -0.14210043 -0.10324685  0.1581939   0.28149357]
 [ 0.16557452  0.07247017 -0.23253441 -0.18039583  0.16063867]
 [ 0.22314799 -0.05276803  0.29345155 -0.1404322  -0.18709808]
 [ 0.00394182 -0.14332391 -0.19680806 -0.01306156  0.00070401]]
Matrix Pair 114; W = [[ 0.29377884  0.02467719  0.13370011 -0.11910476  0.02394601]
 [-0.19152766 -0.44817908 -0.05627493  0.32341301 -0.08762114]
 [-0.08761312 -0.08015994 -0.19014575  0.05194637 -0.08666199]
 [ 0.02576761  0.06081018  0.03672278 -0.04503645  0.00469992]
 [-0.17501817 -0.06096562 -0.30310927 -0.08545747  0.04177513]]
U = [[ 0.23011795  0.15018541  0.2957814   0.17520012  0.04076006]
 [-0.20058148 -0.17508859 -0.13110834  0.14227167  0.29315523]
 [ 0.16215275  0.06676023 -0.16891507 -0.14544248  0.180952  ]
 [ 0.17517248 -0.00461293  0.30209312 -0.07588436 -0.13956867]
 [-0.03484923 -0.11412404 -0.20483016 -0.05253585 -0.03029009]]
Matrix Pair 115; W = [[ 0.32184128  0.03633788  0.09667034 -0.10557482  0.03040669]
 [-0.12349791 -0.45704319 -0.09991855  0.25980264  0.00664862]
 [-0.07933943 -0.03206586 -0.1347415   0.07924239 -0.01049722]
 [ 0.06626809  0.13895072  0.04840266 -0.06027692  0.00860812]
 [-0.12151239 -0.03444778 -0.25317101 -0.10963234  0.04242108]]
U = [[ 0.23571752  0.22041425  0.3511255   0.24674715  0.00726816]
 [-0.26468565 -0.1824993  -0.09517252  0.19877991  0.31359405]
 [ 0.207267    0.07964134 -0.19452133 -0.1902194   0.20698854]
 [ 0.18549845 -0.00224852  0.25764111 -0.1167666  -0.13600994]
 [-0.02398129 -0.15236073 -0.13826424 -0.06510174  0.00119677]]
Matrix Pair 116; W = [[ 0.33517388 -0.04431519  0.13000228 -0.06432558  0.01909239]
 [-0.14375351 -0.41701625 -0.10840578  0.32727697 -0.08435917]
 [-0.14009727 -0.02569023 -0.20571792  0.0650582  -0.03678687]
 [ 0.06221611  0.10830503  0.06024956 -0.04533928  0.02094235]
 [-0.14686702 -0.04840073 -0.27386702 -0.14285874 -0.03661724]]
U = [[ 0.17962236  0.16709309  0.32077179  0.22135706  0.0275809 ]
 [-0.26095391 -0.18876451 -0.07458601  0.15464278  0.25677553]
 [ 0.22072483  0.11143418 -0.23321336 -0.18268641  0.22015476]
 [ 0.21568208 -0.01468247  0.26480796 -0.11830813 -0.12117474]
 [-0.0057867  -0.10947047 -0.21765035 -0.03260998  0.02002676]]
Matrix Pair 117; W = [[ 0.28870646 -0.01463068  0.07190286 -0.11665836 -0.01702825]
 [-0.13607001 -0.41402476 -0.03396106  0.29508298 -0.01282427]
 [-0.13291832  0.00447077 -0.18762585  0.04355453 -0.01474025]
 [ 0.00120256  0.11019595  0.05966568 -0.02267051 -0.02348005]
 [-0.13517544 -0.06323362 -0.28763859 -0.10499091  0.00219191]]
U = [[ 0.14248123  0.2024088   0.36032375  0.17714613  0.06010442]
 [-0.28130774 -0.11170911 -0.10465782  0.21962891  0.2858461 ]
 [ 0.1908358   0.07096478 -0.24662926 -0.20459223  0.21572144]
 [ 0.24993139 -0.06991889  0.28341181 -0.12174711 -0.19097178]
 [-0.04318091 -0.102088   -0.18117143 -0.04949929 -0.00990769]]
Matrix Pair 118; W = [[ 0.27470643  0.03054467  0.13032744 -0.15773806  0.04299932]
 [-0.14111578 -0.38745906 -0.03757595  0.31603506 -0.04998791]
 [-0.15620266 -0.02401228 -0.13687278  0.08676816 -0.03922653]
 [ 0.0814806   0.10624779  0.07660174 -0.05675452  0.01758986]
 [-0.1072915  -0.01789589 -0.34963051 -0.08365136 -0.0051695 ]]
U = [[ 0.17429083  0.22049818  0.31232296  0.19873229  0.03516263]
 [-0.26243193 -0.19123972 -0.06480988  0.1979612   0.27402146]
 [ 0.15146949  0.14254558 -0.24678603 -0.18248108  0.15181582]
 [ 0.21324614 -0.00738125  0.32112402 -0.09847221 -0.1252969 ]
 [-0.05879622 -0.09229982 -0.20569754 -0.08795348  0.03751996]]
Matrix Pair 119; W = [[ 0.26015593  0.00232383  0.06850599 -0.13283999  0.04783357]
 [-0.16155163 -0.41287357 -0.09262143  0.32910946 -0.08221533]
 [-0.06980179 -0.02739043 -0.11887214  0.10654451 -0.01020835]
 [ 0.07933155  0.09537379  0.11824445 -0.03773205 -0.04989861]
 [-0.19087428 -0.02700717 -0.32842953 -0.08156322  0.01123282]]
U = [[ 0.21787116  0.21536426  0.34871586  0.18733337  0.06228597]
 [-0.24318512 -0.13467239 -0.04412226  0.22110522  0.24725246]
 [ 0.22759569  0.06576126 -0.16972367 -0.19598586  0.17544122]
 [ 0.17472968 -0.03870617  0.26033969 -0.1498849  -0.11875412]
 [-0.01418518 -0.17690796 -0.13283599 -0.03492426 -0.02136035]]
Matrix Pair 120; W = [[ 0.2824022  -0.01520644  0.06695003 -0.08067067 -0.02345378]
 [-0.15848623 -0.42685224 -0.0386369   0.31117789  0.00242686]
 [-0.06552552  0.00220891 -0.15931704  0.11481669 -0.08841837]
 [ 0.0930612   0.09459259  0.11867253 -0.09005543  0.0114338 ]
 [-0.10528566 -0.07416581 -0.27037574 -0.12430942  0.04495458]]
U = [[ 0.19602375  0.14451403  0.34954002  0.19302046 -0.02011507]
 [-0.26274605 -0.12098876 -0.04926654  0.17452691  0.23529524]
 [ 0.14506028  0.13905649 -0.24315317 -0.14838265  0.1945771 ]
 [ 0.20463666  0.01254583  0.31900469 -0.11426153 -0.1714738 ]
 [-0.02846183 -0.11929867 -0.13937186 -0.04782681  0.04661627]]
Matrix Pair 121; W = [[ 0.26378123  0.00597676  0.14634434 -0.09696294 -0.01337085]
 [-0.16852033 -0.44362053 -0.04636608  0.32844608 -0.08455676]
 [-0.09381179 -0.063117   -0.18254132  0.11497061 -0.07369645]
 [ 0.02998166  0.10523296  0.02479283 -0.01318793 -0.00489694]
 [-0.11711271 -0.08187206 -0.27899055 -0.08299265 -0.03569703]]
U = [[ 0.14347053  0.17790304  0.35300256  0.22330323 -0.02646779]
 [-0.25688919 -0.12791389 -0.05419313  0.17780333  0.31547591]
 [ 0.1443171   0.09035571 -0.22731695 -0.19104312  0.23044292]
 [ 0.20303046 -0.00883661  0.22752268 -0.0748265  -0.11252503]
 [-0.04823047 -0.10451403 -0.17893714 -0.07846238 -0.03811122]]
Matrix Pair 122; W = [[ 0.31584801 -0.04292023  0.1162637  -0.08406264  0.00414574]
 [-0.13624472 -0.44745934 -0.09220477  0.32329662  0.00289771]
 [-0.10406746 -0.00904996 -0.20339898  0.10139278 -0.06219098]
 [ 0.09107734  0.10458077  0.03222688 -0.10833308  0.01574513]
 [-0.15603474 -0.08527802 -0.33392877 -0.11049792 -0.0224686 ]]
U = [[ 0.18613462  0.17525975  0.28693529  0.19993883  0.04972874]
 [-0.25810719 -0.17720847 -0.05977196  0.15905753  0.26138227]
 [ 0.19184145  0.06706147 -0.24232067 -0.13879606  0.21724814]
 [ 0.193033    0.00719016  0.23477643 -0.08707937 -0.15240635]
 [-0.02483674 -0.12478386 -0.18661975 -0.09545087 -0.01260007]]
Matrix Pair 123; W = [[ 0.30665563 -0.00168524  0.11565484 -0.11331258  0.00238357]
 [-0.12994031 -0.43274884 -0.10329482  0.28885961  0.00576771]
 [-0.06633705 -0.07830571 -0.15043859  0.04180077 -0.02295832]
 [ 0.04854441  0.123895    0.06308492 -0.09593502 -0.03195497]
 [-0.1716976  -0.02169438 -0.33097601 -0.07768702  0.0296971 ]]
U = [[ 0.18603248  0.19356634  0.3192558   0.21953648 -0.01305409]
 [-0.27109761 -0.14416292 -0.0697142   0.16329288  0.28339671]
 [ 0.23425397  0.07254155 -0.18787167 -0.14815841  0.17126047]
 [ 0.16300957 -0.00240666  0.25166447 -0.06881055 -0.12863382]
 [-0.03064327 -0.09205642 -0.17125016 -0.10677668  0.02375352]]
Matrix Pair 124; W = [[ 2.50153775e-01 -1.64192985e-02  7.25683335e-02 -1.10691341e-01
  -3.71838063e-02]
 [-1.96300966e-01 -4.01607649e-01 -1.10663498e-01  2.77608380e-01
  -8.80091092e-02]
 [-1.22548804e-01 -5.77001721e-03 -1.94287813e-01  2.85274677e-02
  -5.93115648e-02]
 [ 7.14633645e-02  1.25699763e-01  1.05867127e-01 -5.47203839e-02
   1.41260911e-04]
 [-1.44644465e-01 -6.17327218e-02 -2.78437464e-01 -1.48791463e-01
   4.64081582e-03]]
U = [[ 0.1820189   0.17991687  0.34577413  0.19668322  0.01362844]
 [-0.24172601 -0.13003418 -0.09812108  0.1992259   0.23100344]
 [ 0.20454327  0.0515271  -0.16351871 -0.13981739  0.17360687]
 [ 0.17083647  0.0006053   0.23395448 -0.12829395 -0.19234819]
 [-0.05376147 -0.16497144 -0.20321266 -0.09264954 -0.04511789]]
Matrix Pair 125; W = [[ 0.26381961 -0.03036042  0.06954125 -0.1111157   0.02794367]
 [-0.11113302 -0.45491404 -0.02415655  0.33501622 -0.0698881 ]
 [-0.11859545 -0.07217085 -0.20651554  0.10733643 -0.07776384]
 [ 0.08013593  0.11313493  0.07559802 -0.10770211 -0.00736098]
 [-0.17606592 -0.03910998 -0.3332817  -0.13576902  0.036149  ]]
U = [[ 0.1682725   0.18032546  0.27750731  0.18232805 -0.02987303]
 [-0.25411113 -0.13844201 -0.05763762  0.22709011  0.30924995]
 [ 0.20781324  0.14935428 -0.20989379 -0.19947918  0.15216656]
 [ 0.18984059  0.01552406  0.3161327  -0.07585945 -0.15109069]
 [-0.04588771 -0.08125094 -0.19575309 -0.01186045 -0.02106302]]
Matrix Pair 126; W = [[ 0.33406746  0.01886054  0.15081269 -0.07929019  0.0160553 ]
 [-0.15104533 -0.40778835 -0.10481716  0.32765559 -0.05797621]
 [-0.10224956 -0.08761047 -0.17297827  0.0317429  -0.02962978]
 [-0.00195462  0.11529871  0.05600851 -0.04046001 -0.04791791]
 [-0.17516591 -0.00895178 -0.34535447 -0.08961405  0.03521731]]
U = [[ 0.20037669  0.14720181  0.36395743  0.24558719 -0.02635954]
 [-0.18387836 -0.17817992 -0.09009128  0.19043878  0.29494264]
 [ 0.15459998  0.09038112 -0.23281925 -0.14443344  0.19747791]
 [ 0.23619126  0.00393923  0.2872328  -0.07930314 -0.19178936]
 [-0.0292427  -0.09052845 -0.21217269 -0.0583219  -0.03713288]]
Matrix Pair 127; W = [[ 0.2592847   0.00854769  0.06971454 -0.06143465  0.01583415]
 [-0.11632967 -0.45939373 -0.06402726  0.25638926 -0.00376473]
 [-0.06232231 -0.00967158 -0.18752076  0.08629592 -0.06828551]
 [ 0.02585232  0.07262958  0.10717316 -0.10243137  0.03237349]
 [-0.16858167 -0.02695577 -0.27121284 -0.1558796   0.04331109]]
U = [[ 0.18809226  0.22973556  0.33515143  0.16430047  0.06317083]
 [-0.21737031 -0.18162364 -0.04610042  0.15548137  0.27171117]
 [ 0.18202471  0.14917795 -0.20233146 -0.18862418  0.15858377]
 [ 0.20806377 -0.07794938  0.2785986  -0.11396628 -0.19830494]
 [-0.04792681 -0.14557258 -0.14042072 -0.06895306 -0.0188072 ]]
