Epoch: 22Matrix Pair 0; W = [[ 0.26299583  0.04707429  0.07201774 -0.15072373 -0.00954937]
 [-0.21587326 -0.35700885 -0.07959803  0.13188494 -0.14471675]
 [-0.05255352  0.03173154 -0.16460087  0.11255771 -0.1277151 ]
 [ 0.1782802   0.08941213  0.11503809 -0.01840743 -0.03328838]
 [-0.17619377 -0.05948525 -0.24927977 -0.16919521 -0.01079285]]
U = [[ 0.17170352  0.21602007  0.2192431   0.35817777 -0.10562007]
 [-0.21348874 -0.13085773  0.01804129  0.16490744  0.29585068]
 [ 0.16298199 -0.02017586 -0.19372432 -0.08653181  0.18727955]
 [ 0.11015524  0.01118123  0.25608562 -0.06540577 -0.20113063]
 [-0.03372065 -0.0701089  -0.31036119 -0.0955307  -0.01522868]]
Matrix Pair 1; W = [[ 0.29911377 -0.03467391  0.04308843 -0.16465126  0.04321591]
 [-0.25205679 -0.40814048 -0.08581894  0.16690666 -0.09110684]
 [-0.07006546  0.02062607 -0.16566365  0.15549355 -0.13053469]
 [ 0.12977151  0.17498268  0.06135428 -0.08963518 -0.03498331]
 [-0.13573752 -0.13839367 -0.23198995 -0.18987939 -0.10179956]]
U = [[ 0.12780162  0.12895095  0.25481391  0.30282654 -0.06489807]
 [-0.20303139 -0.10729201  0.11476544  0.18592456  0.31528619]
 [ 0.19442034  0.03359528 -0.22141669 -0.15177881  0.18760479]
 [ 0.13640754 -0.03054134  0.27488761 -0.11561951 -0.11257606]
 [-0.06617756 -0.08828421 -0.26651233 -0.07827381 -0.02927725]]
Matrix Pair 2; W = [[ 0.26962555  0.03828874  0.06970538 -0.12155417  0.03554095]
 [-0.21676736 -0.41749778 -0.01791865  0.12675397 -0.15450737]
 [-0.09843648 -0.03267226 -0.10873427  0.096061   -0.13586144]
 [ 0.18047176  0.1809119   0.12454583  0.00055103 -0.04213522]
 [-0.15571498 -0.1043118  -0.22692792 -0.1843093  -0.04733755]]
U = [[ 0.15535182  0.176912    0.21375497  0.27999593 -0.09229047]
 [-0.20671591 -0.13824598  0.06786625  0.23159063  0.29511557]
 [ 0.14444665  0.06918408 -0.20085195 -0.08398399  0.15705634]
 [ 0.18063241 -0.01301676  0.29277999 -0.0766665  -0.20078746]
 [-0.07453864 -0.11723152 -0.32020631 -0.04219814  0.03028444]]
Matrix Pair 3; W = [[ 0.23986087  0.00810155  0.132876   -0.15273384  0.02726106]
 [-0.24785352 -0.38084182 -0.01792494  0.15859919 -0.15815356]
 [-0.11768275 -0.0490595  -0.11592143  0.13617466 -0.0756707 ]
 [ 0.1665314   0.18305054  0.11422741 -0.03035269 -0.11371669]
 [-0.17050802 -0.11443434 -0.21156896 -0.14182665 -0.06293734]]
U = [[ 0.09959456  0.14001778  0.26847297  0.29302365 -0.09201974]
 [-0.20238233 -0.09209495  0.07015473  0.22738272  0.32045294]
 [ 0.09772625  0.04682578 -0.1404713  -0.09334479  0.18339085]
 [ 0.16448094 -0.05594622  0.26044773 -0.03194174 -0.14426115]
 [-0.08493089 -0.03092548 -0.23335769 -0.01488675  0.00118682]]
Matrix Pair 4; W = [[ 0.22281291 -0.01918182  0.09331965 -0.0879091   0.04186262]
 [-0.23951282 -0.39820568  0.00102298  0.1364471  -0.13115366]
 [-0.12441917 -0.00913098 -0.1212425   0.06967186 -0.05012894]
 [ 0.1789689   0.1827748   0.10675428 -0.07171879 -0.06157217]
 [-0.20697589 -0.06612318 -0.28863007 -0.14142668 -0.06224136]]
U = [[ 0.15619995  0.13140837  0.23962335  0.31673756 -0.03606197]
 [-0.20117003 -0.12776786  0.06076161  0.20355525  0.29720378]
 [ 0.15320741  0.07029073 -0.15157413 -0.08358542  0.2081562 ]
 [ 0.1197855  -0.06608729  0.26762956 -0.04403236 -0.15414173]
 [-0.02476861 -0.10365086 -0.24504722 -0.05889787 -0.06025396]]
Matrix Pair 5; W = [[ 0.31485101 -0.00770881  0.10146876 -0.10799387  0.04398534]
 [-0.20970244 -0.36703786 -0.01774564  0.16289141 -0.16120811]
 [-0.04708294  0.015986   -0.10886404  0.12109321 -0.1165054 ]
 [ 0.12073409  0.16626909  0.06118486 -0.07464468 -0.06496266]
 [-0.17345615 -0.10944215 -0.28838144 -0.16143579 -0.09948818]]
U = [[ 0.15741198  0.18524446  0.24311951  0.35678613 -0.0279188 ]
 [-0.22852337 -0.16428201  0.02262073  0.24360685  0.24990745]
 [ 0.19016223  0.07014218 -0.16114966 -0.10187474  0.15874669]
 [ 0.09380575 -0.02566676  0.26664595 -0.03168366 -0.11925497]
 [-0.06086241 -0.09059162 -0.31861585 -0.05648318 -0.00275522]]
Matrix Pair 6; W = [[ 0.25822398  0.01788185  0.12878174 -0.1318242  -0.0043119 ]
 [-0.20083489 -0.35185873 -0.05172045  0.16265112 -0.16021301]
 [-0.04505708 -0.04519229 -0.18188048  0.07114136 -0.06429614]
 [ 0.20513688  0.08788829  0.05343192 -0.09086377 -0.08839007]
 [-0.13553545 -0.09138597 -0.22611831 -0.164649   -0.046771  ]]
U = [[ 0.16710569  0.19255006  0.1931466   0.33967087 -0.01792598]
 [-0.24478305 -0.12984167  0.05589222  0.2240624   0.26723424]
 [ 0.1476638   0.03591905 -0.14200447 -0.10249206  0.1815186 ]
 [ 0.13556066 -0.05269571  0.30880524 -0.03301482 -0.20858126]
 [-0.06985524 -0.08478576 -0.25299773 -0.02408986 -0.05175894]]
Matrix Pair 7; W = [[ 0.29179821  0.04493995  0.07298362 -0.1069972   0.0089649 ]
 [-0.23098371 -0.44238927 -0.070935    0.1513824  -0.12737311]
 [-0.08643872  0.03551009 -0.18902024  0.06666172 -0.05117365]
 [ 0.13033384  0.18360396  0.12155951 -0.0735109  -0.07705318]
 [-0.15466736 -0.09647498 -0.27069914 -0.1562656  -0.10221957]]
U = [[ 0.12658687  0.18796608  0.247759    0.29921964 -0.01665956]
 [-0.20792166 -0.1108762   0.03989593  0.1577778   0.25538851]
 [ 0.18315628  0.01287975 -0.15665417 -0.13195881  0.13040689]
 [ 0.09437535 -0.05414208  0.25450546 -0.09555453 -0.10982989]
 [-0.08106488 -0.10213728 -0.25525006 -0.07246752 -0.01034936]]
Matrix Pair 8; W = [[ 0.24482672  0.01165175  0.04378159 -0.09487295  0.00376025]
 [-0.20477889 -0.42158604 -0.01353313  0.16819798 -0.08001754]
 [-0.04965306 -0.00215536 -0.19597573  0.14536243 -0.10679434]
 [ 0.16469295  0.11289434  0.05086733 -0.08705014 -0.10732787]
 [-0.1988563  -0.06383657 -0.21856767 -0.19984527 -0.02788439]]
U = [[ 0.12996148  0.17243631  0.19453962  0.31373752 -0.10613781]
 [-0.16865854 -0.08525229  0.04265171  0.22514984  0.29659646]
 [ 0.10193901  0.04516707 -0.23400153 -0.17577539  0.16872192]
 [ 0.14579871 -0.02844245  0.23234    -0.02693065 -0.12236818]
 [-0.11018918 -0.05302348 -0.3127431  -0.11076317 -0.03062771]]
Matrix Pair 9; W = [[ 0.24911997  0.05049875  0.11163623 -0.1255031   0.00488692]
 [-0.20863761 -0.36755343 -0.0702254   0.14825553 -0.15955045]
 [-0.08819955 -0.04253466 -0.19277991  0.15570354 -0.13004699]
 [ 0.20559729  0.13635089  0.11284396 -0.07205621 -0.10029362]
 [-0.2261386  -0.09483796 -0.27344115 -0.18262731 -0.10459963]]
U = [[ 0.11202485  0.19950572  0.25090962  0.32030549 -0.07972171]
 [-0.24177545 -0.12585691  0.03877922  0.1694666   0.3009005 ]
 [ 0.19130039  0.03040537 -0.19272861 -0.13760322  0.14153254]
 [ 0.08683182 -0.07158963  0.27762008 -0.11464422 -0.16411562]
 [-0.10790473 -0.04883382 -0.22185049 -0.06649291 -0.02766639]]
Matrix Pair 10; W = [[ 0.25064331  0.02132907  0.07230474 -0.08772376  0.03389174]
 [-0.27266707 -0.39260349 -0.00909476  0.16066146 -0.07892676]
 [-0.06299867  0.01936199 -0.14457641  0.0741042  -0.06805309]
 [ 0.1547782   0.16075495  0.12196582 -0.07475521 -0.03081819]
 [-0.21006033 -0.14933317 -0.29393076 -0.17617776 -0.08176851]]
U = [[ 0.16729441  0.12953495  0.20542555  0.36039802 -0.04213978]
 [-0.25039111 -0.17540149  0.05690263  0.25011718  0.28521338]
 [ 0.18726188  0.01893313 -0.17861956 -0.16442803  0.15980951]
 [ 0.181545   -0.03450801  0.32116376 -0.09632349 -0.20507394]
 [-0.08667866 -0.03865471 -0.28805226 -0.05108665 -0.04451213]]
Matrix Pair 11; W = [[ 0.22951362  0.04563267  0.13375535 -0.11812481 -0.00584357]
 [-0.24348282 -0.395433   -0.00449949  0.19630598 -0.14805073]
 [-0.11946569 -0.0454202  -0.11224439  0.1200422  -0.08933549]
 [ 0.14022314  0.12530978  0.0356815  -0.00986675 -0.09936918]
 [-0.19274583 -0.09239168 -0.26678045 -0.22725143 -0.09060992]]
U = [[ 0.18219688  0.13186095  0.22241488  0.28285746 -0.0556814 ]
 [-0.23709955 -0.13687279  0.03796699  0.21215077  0.3167544 ]
 [ 0.15416498  0.06226389 -0.19303138 -0.09066278  0.17623157]
 [ 0.11175229 -0.03340324  0.31207722 -0.10124103 -0.18680874]
 [-0.03734734 -0.08872852 -0.25696526 -0.03241322  0.00231678]]
Matrix Pair 12; W = [[ 0.2259228   0.00264225  0.08570324 -0.07465282 -0.0423121 ]
 [-0.2100155  -0.44114298 -0.04988241  0.15301104 -0.12114454]
 [-0.11021257 -0.01928239 -0.11270234  0.14448743 -0.12777197]
 [ 0.17821869  0.1858383   0.04575134 -0.01400724 -0.06366929]
 [-0.22539137 -0.12288773 -0.20058467 -0.18674129 -0.03659355]]
U = [[ 0.14284943  0.16622523  0.23224827  0.35800549 -0.06538154]
 [-0.22084257 -0.0993008   0.10233551  0.20910526  0.25579673]
 [ 0.12063319  0.07619254 -0.19274338 -0.08697321  0.17684741]
 [ 0.10694088 -0.00835611  0.30604388 -0.03501105 -0.14802001]
 [-0.07339019 -0.09744716 -0.2437519  -0.05322257 -0.03810159]]
Matrix Pair 13; W = [[ 0.21794908 -0.0081629   0.12027512 -0.16943897 -0.0317925 ]
 [-0.20057294 -0.36877981 -0.08709505  0.15881911 -0.0822036 ]
 [-0.08994394  0.03489872 -0.19758639  0.12053399 -0.1044342 ]
 [ 0.1939544   0.15601425  0.05533462 -0.00115343 -0.02736127]
 [-0.1454855  -0.14438509 -0.2178577  -0.19844518 -0.06269749]]
U = [[ 0.10251965  0.18054707  0.26141256  0.28686938 -0.09016012]
 [-0.24193327 -0.14677098  0.10341438  0.16403302  0.3378967 ]
 [ 0.10187889  0.04124962 -0.17400428 -0.09205886  0.20510243]
 [ 0.13582706 -0.02364844  0.29688376 -0.07543177 -0.11465174]
 [-0.04222171 -0.05962118 -0.27505077 -0.03852632 -0.01236848]]
Matrix Pair 14; W = [[ 0.30350815 -0.03215858  0.10978836 -0.15607324 -0.04046907]
 [-0.23270184 -0.42865486 -0.05301005  0.20359293 -0.09652431]
 [-0.09597068 -0.04315143 -0.12691323  0.06322772 -0.12126412]
 [ 0.14353693  0.16171654  0.04595037 -0.03574629 -0.09453947]
 [-0.1801655  -0.12138869 -0.21789379 -0.18091328 -0.01480751]]
U = [[ 0.17710185  0.14963032  0.17642256  0.3473063  -0.08249258]
 [-0.2148933  -0.14188354  0.08921755  0.22077793  0.27467964]
 [ 0.16349099 -0.01166679 -0.18945197 -0.17604145  0.17282182]
 [ 0.16718172 -0.02860741  0.2976525  -0.07588102 -0.11078475]
 [-0.06238472 -0.02848703 -0.28703411 -0.03266517 -0.01525495]]
Matrix Pair 15; W = [[ 0.29957888 -0.01060702  0.05946341 -0.14519255 -0.0179233 ]
 [-0.20371513 -0.40798768 -0.09117617  0.21468015 -0.09291563]
 [-0.117055   -0.01593881 -0.19889137  0.07041134 -0.11978125]
 [ 0.1618753   0.1347586   0.13372354 -0.07916612 -0.04842338]
 [-0.22042279 -0.09280356 -0.27639532 -0.15565624 -0.05644489]]
U = [[ 0.09907024  0.1212694   0.17923283  0.35880343 -0.05013518]
 [-0.17520325 -0.14516596  0.08665315  0.19616223  0.32389649]
 [ 0.10444325  0.03789365 -0.21672128 -0.14707295  0.21436112]
 [ 0.0998353  -0.01629525  0.28063506 -0.06865894 -0.13042044]
 [-0.08837835 -0.09299533 -0.31239214 -0.03400477 -0.03488906]]
Matrix Pair 16; W = [[ 0.2747604  -0.02337893  0.12279244 -0.03969192 -0.0896779 ]
 [-0.13422219 -0.44242606 -0.09636462  0.25581191 -0.11804737]
 [-0.06868715 -0.10462431 -0.15788442  0.14562398 -0.08236328]
 [ 0.12091017  0.12769362  0.06804686 -0.04775899 -0.11579384]
 [-0.15871204 -0.09443318 -0.23572785 -0.1791743  -0.08737735]]
U = [[ 0.14177531  0.10920376  0.32911002  0.33014559 -0.0805253 ]
 [-0.2072462  -0.15194879  0.01413291  0.20106611  0.30683555]
 [ 0.16857077 -0.00738179 -0.23086383 -0.18469692  0.13951422]
 [ 0.24821142  0.01399278  0.1976419  -0.09359134 -0.18451778]
 [-0.12163931 -0.12561045 -0.26300186 -0.01954305  0.00993236]]
Matrix Pair 17; W = [[ 0.24448716 -0.05920154  0.14277425 -0.08637497 -0.06929932]
 [-0.18981378 -0.42118008 -0.0659997   0.24923311 -0.1047213 ]
 [-0.09947368 -0.07636159 -0.0905709   0.17713519 -0.10948361]
 [ 0.05506675  0.11129907  0.08320018 -0.03858733 -0.05464675]
 [-0.16652515 -0.1157744  -0.23799442 -0.10462596 -0.04251927]]
U = [[ 0.18258439  0.11526247  0.27498722  0.25464006 -0.09345575]
 [-0.17943402 -0.10458339  0.0049718   0.20021679  0.27064642]
 [ 0.18715857  0.01634489 -0.16921462 -0.09694168  0.05793634]
 [ 0.21617659 -0.00392271  0.19888723 -0.12499516 -0.10965733]
 [-0.19075229 -0.12407369 -0.28567518  0.03612106 -0.00214505]]
Matrix Pair 18; W = [[ 0.2893812  -0.05054528  0.10771149 -0.01947011 -0.06791282]
 [-0.13346932 -0.41124742 -0.1572541   0.21794211 -0.14042058]
 [-0.07265006 -0.13683546 -0.0917951   0.1275398  -0.04328056]
 [ 0.02378937  0.11474719  0.08102318 -0.08836829 -0.02176198]
 [-0.19205679 -0.16019716 -0.2518703  -0.16821682 -0.03057313]]
U = [[ 0.21244222  0.13022013  0.25802986  0.25794955 -0.05371755]
 [-0.17897674 -0.09966641  0.04980966  0.12131372  0.27641556]
 [ 0.14256989  0.07656792 -0.17798471 -0.11718145  0.13431951]
 [ 0.2053546   0.01180848  0.27179371 -0.14025454 -0.11394354]
 [-0.15570653 -0.06047714 -0.2291655   0.02846585 -0.03114161]]
Matrix Pair 19; W = [[ 0.24465052  0.00122224  0.09387516 -0.06137505 -0.11477537]
 [-0.15994675 -0.38689961 -0.12438492  0.26732161 -0.17443069]
 [-0.09671137 -0.06742659 -0.1209516   0.10017484 -0.01827463]
 [ 0.03014672  0.08080245  0.14811546 -0.05133842 -0.04835519]
 [-0.23386068 -0.15106349 -0.26075697 -0.10479156 -0.07880864]]
U = [[ 0.20740928  0.15699024  0.33229976  0.34366764 -0.01747338]
 [-0.21498041 -0.15107096 -0.04304395  0.13387087  0.28989536]
 [ 0.18513673  0.07534188 -0.22259328 -0.11638069  0.05776144]
 [ 0.17182006  0.00163981  0.22261427 -0.08074226 -0.10671969]
 [-0.10953088 -0.05893633 -0.28994886 -0.00737984 -0.03880006]]
Matrix Pair 20; W = [[ 0.25284339 -0.0165969   0.05451726 -0.09216285 -0.05931044]
 [-0.11643484 -0.4048347  -0.10834447  0.19562514 -0.15137765]
 [-0.11287408 -0.11156616 -0.10051326  0.11603347 -0.02151396]
 [ 0.09414882  0.0768776   0.09381866 -0.06585809 -0.02318542]
 [-0.1523509  -0.08804371 -0.22392236 -0.11691879 -0.10031701]]
U = [[ 0.16092063  0.18258069  0.35199155  0.32171887 -0.08518597]
 [-0.21361678 -0.14223625 -0.0338272   0.20111843  0.33135376]
 [ 0.19378524  0.03165433 -0.22087795 -0.11293338  0.08711097]
 [ 0.22543499 -0.00733828  0.20813579 -0.14951212 -0.13783917]
 [-0.16009473 -0.11727979 -0.2718132  -0.02631982 -0.04695591]]
Matrix Pair 21; W = [[ 0.31930909  0.00123925  0.10271058 -0.0368407  -0.05090751]
 [-0.13470297 -0.43876984 -0.12128416  0.22947143 -0.08571042]
 [-0.05125544 -0.07101913 -0.08991038  0.14259887 -0.10523119]
 [ 0.03490764  0.06195789  0.09394478 -0.05897045 -0.05334209]
 [-0.15492386 -0.12802945 -0.22230649 -0.13912602 -0.05174708]]
U = [[ 0.19968513  0.12159041  0.25774552  0.26633518 -0.06249961]
 [-0.26604143 -0.11535975 -0.02312845  0.1808433   0.29271608]
 [ 0.12738647  0.06085281 -0.18262122 -0.09510868  0.11604743]
 [ 0.19762548  0.02122589  0.21580759 -0.08855171 -0.1773698 ]
 [-0.11526799 -0.06284384 -0.21938495  0.02835407 -0.06738326]]
Matrix Pair 22; W = [[ 0.24492309 -0.03942764  0.05643586 -0.07722353 -0.05221571]
 [-0.14982818 -0.38443853 -0.13100651  0.21207052 -0.16798017]
 [-0.11469649 -0.04205277 -0.14343112  0.09206677 -0.02945705]
 [ 0.06384191  0.13222859  0.06123295 -0.10309532 -0.09493462]
 [-0.15824306 -0.09147097 -0.22292058 -0.19772601 -0.03539289]]
U = [[ 0.2139971   0.11421405  0.26201948  0.33637908 -0.05293939]
 [-0.18818553 -0.09437821  0.01777131  0.11186938  0.32177622]
 [ 0.13794882  0.07622948 -0.23610921 -0.15733072  0.11286217]
 [ 0.16213108 -0.07283225  0.22864686 -0.08344644 -0.19539301]
 [-0.12276685 -0.06127527 -0.23943496 -0.00263661  0.00442555]]
Matrix Pair 23; W = [[ 0.24417676 -0.00401141  0.08410239 -0.01998825 -0.05784237]
 [-0.17638005 -0.41129414 -0.12477333  0.27074853 -0.13005903]
 [-0.12226959 -0.08314603 -0.13102109  0.17823926 -0.02087541]
 [ 0.10603649  0.10868969  0.10820787 -0.05185133 -0.04077278]
 [-0.22835857 -0.06812316 -0.25731725 -0.14759305 -0.089073  ]]
U = [[ 0.15596492  0.16207945  0.3108463   0.29726495 -0.08623586]
 [-0.20045942 -0.10983276  0.03498805  0.15864159  0.26144966]
 [ 0.15782541  0.04173675 -0.21702037 -0.11485956  0.14021828]
 [ 0.23379986 -0.05439146  0.23099433 -0.08089321 -0.1533445 ]
 [-0.19071453 -0.09036063 -0.27592345 -0.05567981 -0.03995849]]
Matrix Pair 24; W = [[ 0.30949346 -0.00243945  0.06551987 -0.05469827 -0.02225094]
 [-0.20667027 -0.47054707 -0.08075401  0.20101475 -0.08092602]
 [-0.11434113 -0.11571873 -0.09214459  0.14361126 -0.07545888]
 [ 0.02273832  0.07423728  0.07707172 -0.08427536 -0.04736001]
 [-0.18997842 -0.10500465 -0.25421745 -0.15962234 -0.09070096]]
U = [[ 0.15210462  0.17473095  0.34465016  0.35331207 -0.00260352]
 [-0.23566776 -0.10661446  0.01035077  0.15233438  0.25706481]
 [ 0.12931679  0.0053154  -0.19883557 -0.11522172  0.10177309]
 [ 0.24208595  0.01158859  0.25493485 -0.17202166 -0.15503863]
 [-0.13832275 -0.09446487 -0.21746143 -0.0165429   0.0029417 ]]
Matrix Pair 25; W = [[ 0.31575694 -0.01660405  0.07728736 -0.10636893 -0.07854396]
 [-0.13717882 -0.46236729 -0.08076921  0.26557059 -0.15995124]
 [-0.07913453 -0.1021251  -0.1762211   0.11131654 -0.08916495]
 [ 0.11575442  0.04216362  0.13390435 -0.06597095 -0.04428738]
 [-0.19443733 -0.11532522 -0.24314348 -0.1944158  -0.03171875]]
U = [[ 0.13029609  0.14489823  0.29117885  0.33041369 -0.06581568]
 [-0.18615109 -0.11137329  0.02488426  0.13352711  0.26522796]
 [ 0.1258014   0.04915477 -0.2125978  -0.14694236  0.13243221]
 [ 0.16621535 -0.04981661  0.2311941  -0.11897047 -0.10969189]
 [-0.09954872 -0.13373243 -0.25080497 -0.03633609 -0.04887604]]
Matrix Pair 26; W = [[ 0.24241816 -0.04058028  0.14390301 -0.06210955 -0.0378122 ]
 [-0.11904238 -0.41265537 -0.10727561  0.23327914 -0.10952086]
 [-0.0661635  -0.09441777 -0.15277971  0.12173129 -0.0634469 ]
 [ 0.07673501  0.05713309  0.11753889 -0.10789671 -0.08780182]
 [-0.21752019 -0.12387506 -0.24233293 -0.10994529 -0.11296118]]
U = [[ 0.13504666  0.17696841  0.28240465  0.26762575 -0.00608504]
 [-0.18430252 -0.09039537 -0.04368484  0.11255577  0.33829286]
 [ 0.15474465  0.01395787 -0.16297244 -0.10834631  0.06630284]
 [ 0.23449908  0.01420121  0.20012019 -0.14351574 -0.11093788]
 [-0.16211657 -0.07330926 -0.26158914 -0.03491383 -0.03505058]]
Matrix Pair 27; W = [[ 0.24736464  0.00714972  0.08209441 -0.05651342 -0.06598188]
 [-0.13684284 -0.41244298 -0.13122669  0.24951487 -0.09374044]
 [-0.07695472 -0.08265611 -0.13351944  0.08431722 -0.05709159]
 [ 0.06226924  0.04494372  0.10770253 -0.05896926 -0.02769932]
 [-0.19506943 -0.07970462 -0.24292179 -0.17873827 -0.03913885]]
U = [[ 0.1954472   0.12849715  0.29178188  0.34375422 -0.07558714]
 [-0.17529305 -0.16214879 -0.04437473  0.14069109  0.27503752]
 [ 0.16423415  0.05705078 -0.15772814 -0.09524132  0.05631745]
 [ 0.2222388   0.01490084  0.20128401 -0.14682045 -0.19810638]
 [-0.11084962 -0.04321904 -0.22513534 -0.01026615 -0.03156186]]
Matrix Pair 28; W = [[ 0.27810669 -0.00265291  0.08003492 -0.09993183 -0.09227785]
 [-0.12097832 -0.44852754 -0.05777612  0.24851625 -0.15276707]
 [-0.06739304 -0.11426219 -0.100394    0.11490192 -0.03672009]
 [ 0.1164389   0.11068078  0.10009128 -0.10332153 -0.08999827]
 [-0.17474553 -0.13212827 -0.27552995 -0.20093186 -0.05710518]]
U = [[ 0.14528456  0.111394    0.32073797  0.29372781 -0.08985063]
 [-0.23365808 -0.14666166 -0.02854759  0.16975191  0.27839496]
 [ 0.11395853  0.07806457 -0.13774889 -0.08996042  0.08557472]
 [ 0.23637125  0.00485698  0.20755949 -0.13807938 -0.12892489]
 [-0.14890839 -0.05351314 -0.27857819 -0.02346248 -0.02816186]]
Matrix Pair 29; W = [[ 0.2454667  -0.0301634   0.05515078 -0.06815684 -0.1027899 ]
 [-0.1785393  -0.44173893 -0.05909951  0.20094657 -0.13106064]
 [-0.05152545 -0.04673801 -0.09856946  0.14818306 -0.08115001]
 [ 0.07469235  0.08015256  0.12696638 -0.07469492 -0.11411799]
 [-0.23721786 -0.1269117  -0.2235958  -0.10844684 -0.06566938]]
U = [[ 0.12083806  0.08859555  0.26370078  0.29051821 -0.00444264]
 [-0.2527377  -0.08104238  0.00468389  0.14303003  0.31588922]
 [ 0.10426196  0.05722118 -0.20070981 -0.13528795  0.08717866]
 [ 0.20917177 -0.02694641  0.27141266 -0.11139267 -0.11533776]
 [-0.15710685 -0.08028404 -0.2109349   0.03318172  0.01524925]]
Matrix Pair 30; W = [[ 0.24158766 -0.06407076  0.13861783 -0.02992274 -0.04659458]
 [-0.16770548 -0.43176055 -0.09507618  0.28324205 -0.11964974]
 [-0.11153737 -0.11132252 -0.12215797  0.15657615 -0.06915301]
 [ 0.0941703   0.13210782  0.05347464 -0.04611825 -0.03744928]
 [-0.23583345 -0.10749428 -0.259425   -0.12524045 -0.11205159]]
U = [[ 0.16286153  0.13477583  0.3335103   0.26979541 -0.02999997]
 [-0.18057205 -0.09573649 -0.01393694  0.20843496  0.32958201]
 [ 0.17385351 -0.01521388 -0.15585839 -0.11026339  0.10593627]
 [ 0.20518427 -0.06579859  0.24196256 -0.1742575  -0.14530262]
 [-0.13420013 -0.10338108 -0.23586377 -0.03749837 -0.06709897]]
Matrix Pair 31; W = [[ 0.24806332 -0.01193733  0.0569418  -0.0944702  -0.02203654]
 [-0.12174044 -0.43282782 -0.10035828  0.2261022  -0.11131885]
 [-0.13125194 -0.04519264 -0.11705802  0.12135697 -0.06736098]
 [ 0.02347397  0.06102492  0.10287776 -0.06744542 -0.05848001]
 [-0.21799074 -0.15015932 -0.23136431 -0.13912304 -0.08910659]]
U = [[ 0.13933466  0.1022839   0.35030756  0.31013726 -0.08206611]
 [-0.19520228 -0.14149539 -0.02753005  0.1185549   0.26866307]
 [ 0.19205146  0.04924963 -0.19644522 -0.09627657  0.12633053]
 [ 0.17186716 -0.00924466  0.25848796 -0.13908056 -0.12866732]
 [-0.1253232  -0.04233665 -0.24743109  0.02987909 -0.05173959]]
Matrix Pair 32; W = [[ 0.35162944 -0.03948123  0.14538069 -0.15742831 -0.12302394]
 [-0.17977815 -0.37857396 -0.05305288  0.21553095 -0.15893155]
 [-0.08967904  0.04330061 -0.12596139  0.12237568 -0.05608385]
 [ 0.10652218  0.10463882  0.12327661 -0.01284768 -0.07674402]
 [-0.14076115 -0.06912605 -0.22791498 -0.12913334 -0.06052739]]
U = [[ 0.16834736  0.15763523  0.32191113  0.33068661 -0.00428816]
 [-0.24375656 -0.18336885 -0.00499222  0.15479229  0.27208167]
 [ 0.16993903  0.04332189 -0.1945898  -0.17069885  0.12617491]
 [ 0.16614447 -0.10369184  0.26708164 -0.06428753 -0.12740267]
 [ 0.00094738 -0.0484687  -0.19466848 -0.07735944  0.03173687]]
Matrix Pair 33; W = [[ 0.32126321 -0.00972863  0.08626252 -0.09309668 -0.10583143]
 [-0.24840304 -0.41735191 -0.11550393  0.18611824 -0.09817131]
 [-0.11675971  0.00395602 -0.14531518  0.12452006 -0.0592968 ]
 [ 0.08287115  0.16565544  0.08924303 -0.06182459 -0.0300192 ]
 [-0.12298477 -0.02431679 -0.18525559 -0.16441782 -0.00985228]]
U = [[ 0.14593681  0.20461407  0.35002773  0.35788418 -0.00041357]
 [-0.21721519 -0.1460238   0.01089682  0.1518032   0.30887939]
 [ 0.23679742  0.05509435 -0.19192078 -0.17051363  0.1401307 ]
 [ 0.19230747 -0.06907924  0.26851585 -0.05280837 -0.1736292 ]
 [-0.01789397 -0.09114145 -0.2298229  -0.09031115 -0.00311682]]
Matrix Pair 34; W = [[ 0.32834142 -0.03751613  0.06655854 -0.07338597 -0.11547136]
 [-0.21987029 -0.43452142 -0.1223039   0.19311162 -0.07756395]
 [-0.06464903  0.00678401 -0.18838392  0.04066628 -0.06581942]
 [ 0.05933271  0.09804038  0.04677796  0.00324186 -0.02383984]
 [-0.19992405 -0.09623884 -0.25147474 -0.08565009 -0.08807843]]
U = [[ 0.19051485  0.15100773  0.28705721  0.32258426 -0.05081806]
 [-0.23843627 -0.17571561  0.01847264  0.21257437  0.26303923]
 [ 0.18017904  0.04612155 -0.19149765 -0.14841033  0.11666751]
 [ 0.15271267 -0.1448176   0.27225925 -0.03320424 -0.14507695]
 [-0.06585188 -0.05300004 -0.24995446 -0.10382714 -0.04256475]]
Matrix Pair 35; W = [[ 0.30046774  0.03559511  0.14570415 -0.08120062 -0.05595216]
 [-0.20046255 -0.45735034 -0.10463253  0.19243599 -0.14693865]
 [-0.09671615  0.00499795 -0.11368121  0.07567486 -0.1072516 ]
 [ 0.13909715  0.09681836  0.05537584 -0.05088705 -0.10635708]
 [-0.1086137  -0.07149751 -0.24643126 -0.13025978 -0.0966798 ]]
U = [[ 0.13970437  0.17014522  0.26071273  0.36793306 -0.04111825]
 [-0.22015111 -0.10519348  0.05190696  0.14896909  0.28832202]
 [ 0.23104811  0.00860435 -0.24790163 -0.18002439  0.16595651]
 [ 0.13864325 -0.08908336  0.29652841 -0.08244409 -0.15587557]
 [-0.06166709 -0.05441741 -0.27108636 -0.04928091 -0.02684074]]
Matrix Pair 36; W = [[ 0.35460112  0.02938506  0.113325   -0.15190691 -0.07742255]
 [-0.21272638 -0.41690551 -0.12616857  0.17502849 -0.10579773]
 [-0.10758968  0.054012   -0.1321987   0.03193766 -0.07153408]
 [ 0.09873912  0.11712948  0.06658686 -0.00486822 -0.09302068]
 [-0.11963369 -0.06635217 -0.2410266  -0.13252934 -0.05218227]]
U = [[ 0.16021905  0.21399132  0.30650519  0.32559695 -0.02217369]
 [-0.24104872 -0.09873522  0.01930652  0.18466284  0.31703648]
 [ 0.20875332  0.08069194 -0.22146688 -0.132147    0.15923233]
 [ 0.13732095 -0.09954678  0.25764323 -0.03695199 -0.09850934]
 [-0.0176966  -0.03768394 -0.22759982 -0.03265497  0.00935626]]
Matrix Pair 37; W = [[ 0.2615948   0.02078061  0.13605789 -0.10493884 -0.12824212]
 [-0.18290132 -0.4168302  -0.07634796  0.18411854 -0.07858222]
 [-0.09751181 -0.02225288 -0.15611416  0.06724265 -0.07787425]
 [ 0.1273806   0.09557959  0.09365086  0.03040952 -0.10622705]
 [-0.15922205 -0.05509643 -0.18274356 -0.08842928 -0.05989269]]
U = [[ 0.21487545  0.21505902  0.34698953  0.33245313 -0.06707246]
 [-0.16286215 -0.18714388 -0.00433462  0.19841794  0.34927894]
 [ 0.17487629  0.05754161 -0.20487484 -0.15672089  0.11559168]
 [ 0.15780852 -0.04623997  0.29579676 -0.0108303  -0.13138392]
 [-0.0247406  -0.02310243 -0.28171377 -0.0841364   0.01704555]]
Matrix Pair 38; W = [[ 0.27024674 -0.03568676  0.14162127 -0.14632645 -0.05846213]
 [-0.22055719 -0.46341703 -0.05798869  0.22542324 -0.10736662]
 [-0.04717373 -0.03055493 -0.13243455  0.04945183 -0.03561405]
 [ 0.0931812   0.1199195   0.08021314 -0.04443181 -0.07624961]
 [-0.14582568 -0.08977879 -0.26758634 -0.16704155 -0.08210739]]
U = [[ 0.19599196  0.17454213  0.34533644  0.28674261 -0.05244236]
 [-0.21680341 -0.18883279 -0.02239454  0.14127968  0.26868827]
 [ 0.20248893  0.01681334 -0.21911169 -0.09938175  0.10785986]
 [ 0.17939715 -0.11525474  0.29755776 -0.08237306 -0.08483554]
 [-0.03351504 -0.05534212 -0.19477861 -0.10441247  0.02543773]]
Matrix Pair 39; W = [[ 0.28127367  0.0404474   0.10769932 -0.14264243 -0.0798291 ]
 [-0.23363461 -0.41697743 -0.07148547  0.22005667 -0.11199124]
 [-0.09252593  0.01570147 -0.14116132  0.07420893 -0.02042314]
 [ 0.062958    0.13094158  0.12245009 -0.06271282 -0.06288715]
 [-0.17857896 -0.05827642 -0.21488949 -0.11800378 -0.06826158]]
U = [[ 0.17977181  0.22443684  0.29525174  0.32876208  0.02184653]
 [-0.21042023 -0.0965254   0.07263428  0.15117545  0.3343046 ]
 [ 0.23864287  0.00916167 -0.24147861 -0.10143377  0.0924567 ]
 [ 0.16485786 -0.05172821  0.28646587 -0.04871782 -0.14824442]
 [-0.0731446  -0.05619744 -0.22175642 -0.0394441   0.00402265]]
Matrix Pair 40; W = [[ 0.30133347  0.03070014  0.09870945 -0.09177753 -0.06629036]
 [-0.24334286 -0.43782709 -0.07122327  0.18416648 -0.13220245]
 [-0.0573539   0.02131224 -0.12217862  0.07219296 -0.02780613]
 [ 0.10378835  0.08037908  0.11912068  0.03127877 -0.07348599]
 [-0.19180593 -0.01149898 -0.26910214 -0.155494   -0.02880814]]
U = [[ 0.13744022  0.23829645  0.31586893  0.36725921  0.01581   ]
 [-0.23814578 -0.09539526  0.01013857  0.21507464  0.26049024]
 [ 0.16413542  0.0169158  -0.1769757  -0.10690416  0.10667481]
 [ 0.1567465  -0.04609681  0.2460566  -0.05321261 -0.17460345]
 [-0.06632893 -0.00907139 -0.19817833 -0.08144519  0.00380133]]
Matrix Pair 41; W = [[ 0.30195572  0.00418363  0.13114018 -0.13833245 -0.06802209]
 [-0.24216967 -0.45264919 -0.08504822  0.25589932 -0.0966062 ]
 [-0.05447587  0.03511824 -0.17185244  0.10258357 -0.05283071]
 [ 0.12474016  0.07077228  0.06271554 -0.05372701 -0.0468081 ]
 [-0.13310277 -0.08844512 -0.18055178 -0.10685125 -0.00820028]]
U = [[ 0.17184017  0.15656885  0.33673887  0.36291303 -0.06107771]
 [-0.15929499 -0.15121528 -0.01861608  0.20389263  0.35583564]
 [ 0.15414321  0.08111979 -0.23807934 -0.10707907  0.11998128]
 [ 0.18061959 -0.11098449  0.29165996 -0.01779846 -0.08158731]
 [ 0.00176431 -0.07786183 -0.22106307 -0.0948783   0.02053225]]
Matrix Pair 42; W = [[ 0.28401202 -0.01096001  0.1560013  -0.14678495 -0.06355139]
 [-0.22817323 -0.37272353 -0.09382766  0.17468338 -0.10843688]
 [-0.05005243  0.02304284 -0.15111785  0.07608683 -0.08548494]
 [ 0.14608157  0.15572004  0.08695474 -0.05316304 -0.02259377]
 [-0.19916988 -0.06715972 -0.18120443 -0.12781138 -0.07702808]]
U = [[ 0.21766492  0.169305    0.35123174  0.30887898 -0.03442333]
 [-0.2220805  -0.12356099 -0.00939586  0.22869517  0.32471378]
 [ 0.15610497  0.04920059 -0.23629808 -0.12687105  0.15809661]
 [ 0.14818774 -0.06296068  0.22198059 -0.07627725 -0.12255501]
 [-0.08310769 -0.02719016 -0.19778645 -0.06718279 -0.00737848]]
Matrix Pair 43; W = [[ 0.27930192  0.02736747  0.09991938 -0.06807298 -0.08053076]
 [-0.24505374 -0.41352611 -0.08307432  0.25708654 -0.14020806]
 [-0.11007125 -0.0220452  -0.13497151  0.08538431 -0.11475412]
 [ 0.05146279  0.13023081  0.05161114 -0.04020967 -0.04623876]
 [-0.16652337 -0.03470128 -0.20309131 -0.1661644  -0.04016236]]
U = [[ 0.20724172  0.23362938  0.2956091   0.3543612  -0.04380864]
 [-0.15760569 -0.14158034  0.04446593  0.13120056  0.31266977]
 [ 0.19124846  0.05817631 -0.17740542 -0.10130727  0.13409598]
 [ 0.2063848  -0.13985336  0.2684264  -0.05517948 -0.09050159]
 [-0.02512016 -0.0182435  -0.19288783 -0.07982508  0.02342016]]
Matrix Pair 44; W = [[ 0.3541552   0.01015912  0.067756   -0.10205751 -0.07420642]
 [-0.18923135 -0.4602597  -0.12378227  0.17857797 -0.14489283]
 [-0.07114457  0.01643024 -0.12249751  0.11386473 -0.09726203]
 [ 0.08925936  0.09924944  0.03881421  0.02953928 -0.09501342]
 [-0.10823882 -0.08592287 -0.22584797 -0.14683916 -0.0523802 ]]
U = [[ 0.18451175  0.22956791  0.34151356  0.33481671 -0.04382087]
 [-0.25341988 -0.16290615  0.06133461  0.22661469  0.33190586]
 [ 0.1621635   0.04179627 -0.17581663 -0.18567037  0.17893859]
 [ 0.17362364 -0.12038959  0.31990442 -0.07973098 -0.16911022]
 [-0.08542003 -0.04046221 -0.20118004 -0.09334822  0.03600618]]
Matrix Pair 45; W = [[ 0.31125162 -0.00794174  0.07312773 -0.12964794 -0.08735406]
 [-0.24057837 -0.37904666 -0.09125108  0.19415295 -0.07178798]
 [-0.07875889  0.00245352 -0.1821625   0.08271911 -0.07283141]
 [ 0.13002444  0.08348623  0.12983878 -0.04568183 -0.03237813]
 [-0.14737513 -0.06465279 -0.24563667 -0.09744067 -0.08513171]]
U = [[ 0.21914161  0.20893157  0.26505861  0.28140957  0.02426784]
 [-0.21808138 -0.09528696 -0.00290047  0.17929818  0.28135085]
 [ 0.15886564  0.0913323  -0.24464553 -0.11003875  0.17968922]
 [ 0.20722722 -0.1352032   0.25365024 -0.0706927  -0.14805956]
 [-0.07588352 -0.04487787 -0.20825325 -0.02601551  0.02903984]]
Matrix Pair 46; W = [[ 0.32709923  0.05438386  0.08079485 -0.09258772 -0.06407701]
 [-0.21298377 -0.41969832 -0.09254692  0.22602767 -0.1438189 ]
 [-0.11198223  0.01532611 -0.09616243  0.10959503 -0.0794245 ]
 [ 0.10069225  0.16715909  0.08771336 -0.05627781 -0.06655245]
 [-0.1337162  -0.0699578  -0.22819977 -0.16247237 -0.01018427]]
U = [[ 0.16447935  0.16616024  0.3134145   0.37642322  0.00655774]
 [-0.15762447 -0.10443577  0.01591842  0.17969831  0.32513895]
 [ 0.20276547  0.09558421 -0.23631975 -0.15734653  0.10044645]
 [ 0.17680108 -0.0914465   0.30978075 -0.03016097 -0.14996517]
 [-0.00080216 -0.02520805 -0.18624493 -0.05862032  0.04538066]]
Matrix Pair 47; W = [[ 0.27611617  0.01239008  0.13178757 -0.07632547 -0.11330469]
 [-0.26304396 -0.42207724 -0.09715189  0.2497733  -0.1224893 ]
 [-0.07960692 -0.00118681 -0.14819762  0.0701215  -0.10586986]
 [ 0.11296282  0.08904601  0.08747726 -0.04408153 -0.10997066]
 [-0.11217738 -0.10228019 -0.25377185 -0.14359079 -0.08659373]]
U = [[ 0.17365677  0.22353041  0.31656034  0.30389606 -0.05132773]
 [-0.18110527 -0.14671008 -0.01832218  0.21219526  0.30224369]
 [ 0.23199391  0.07675179 -0.20532755 -0.16609321  0.16053986]
 [ 0.22062328 -0.06998203  0.27784131 -0.0471805  -0.1735883 ]
 [-0.07724664 -0.01524594 -0.24196175 -0.08159863 -0.02149534]]
Matrix Pair 48; W = [[ 0.24921042  0.08209548  0.13920964 -0.09756324 -0.00166929]
 [-0.21034769 -0.4602536  -0.07177261  0.2666328  -0.18380466]
 [-0.12267236 -0.04374781 -0.1440319   0.08339137 -0.10188151]
 [ 0.07975994  0.1047694   0.09844066 -0.02668581 -0.03608455]
 [-0.14550378 -0.07892925 -0.23210958 -0.16403808 -0.03185913]]
U = [[ 0.19705004  0.13794692  0.32090242  0.3662435   0.00928722]
 [-0.25463006 -0.07638551  0.03092669  0.1760018   0.34712479]
 [ 0.16474869  0.01194514 -0.1674339  -0.24627496  0.08943158]
 [ 0.1972492  -0.1105957   0.30249884 -0.12459734 -0.04735545]
 [-0.14862529 -0.0656603  -0.2445582  -0.08370183 -0.07461226]]
Matrix Pair 49; W = [[ 0.32942159  0.06593901  0.12247268 -0.06358629 -0.08181104]
 [-0.15408617 -0.40950046 -0.05909624  0.27862955 -0.12822202]
 [-0.16232307 -0.06139317 -0.20325202  0.11603557 -0.10010599]
 [ 0.07158593  0.12161697  0.1428636  -0.01733466 -0.08893042]
 [-0.12421776 -0.10206247 -0.22805026 -0.22418373 -0.1066261 ]]
U = [[ 0.17563441  0.15055637  0.28102161  0.36203517 -0.06794581]
 [-0.23817863 -0.14372264  0.01418524  0.15567842  0.30628614]
 [ 0.18107779  0.05912019 -0.14960919 -0.23565122  0.17018887]
 [ 0.21272537 -0.08841583  0.26195066 -0.07174835 -0.08891834]
 [-0.10389217 -0.06760303 -0.28331233 -0.09914556 -0.07934332]]
Matrix Pair 50; W = [[ 0.33849235  0.07363236  0.10007003 -0.09769081 -0.03131247]
 [-0.20141198 -0.40089991 -0.01754477  0.20141783 -0.10415011]
 [-0.16472151 -0.04250579 -0.20432618  0.05255914 -0.08807533]
 [ 0.15025937  0.05718926  0.11353256 -0.04212822 -0.05022193]
 [-0.15475642 -0.11276099 -0.26728203 -0.22211396 -0.06662469]]
U = [[ 0.19040447  0.11765574  0.30397227  0.36856704 -0.01554192]
 [-0.28201431 -0.08817355 -0.03254232  0.17547874  0.38209035]
 [ 0.12486366  0.08904421 -0.1851687  -0.2088629   0.09837968]
 [ 0.17924227 -0.06763014  0.2346168  -0.08552203 -0.13759644]
 [-0.10939029 -0.13684311 -0.24936367 -0.06867645 -0.13286478]]
Matrix Pair 51; W = [[ 0.31834647  0.09772022  0.07969985 -0.08438701 -0.01632648]
 [-0.15468808 -0.45411743 -0.0287569   0.23447566 -0.1092941 ]
 [-0.17832239 -0.06786072 -0.16996467  0.12520558 -0.12623779]
 [ 0.0858706   0.11427204  0.05146776 -0.0889177  -0.10028284]
 [-0.20105243 -0.05398266 -0.25772978 -0.22400409 -0.02818427]]
U = [[ 0.2117522   0.12676063  0.28208089  0.31038451 -0.08098075]
 [-0.23146617 -0.12462671  0.00968632  0.16770732  0.34225743]
 [ 0.134045    0.04245495 -0.20282498 -0.17691191  0.09361787]
 [ 0.21481333 -0.06087785  0.30937316 -0.07068248 -0.05160692]
 [-0.06759511 -0.0566551  -0.22261417 -0.07904915 -0.07703295]]
Matrix Pair 52; W = [[ 0.28310938  0.03501308  0.070755   -0.12892837 -0.09920084]
 [-0.16832824 -0.47329692 -0.04617157  0.20558338 -0.16266165]
 [-0.14143902 -0.12706189 -0.1312742   0.10108276 -0.10711706]
 [ 0.11785984  0.05803054  0.06972682 -0.05285261 -0.07393306]
 [-0.15907837 -0.06597225 -0.31361366 -0.20435716 -0.11146394]]
U = [[ 0.20323798  0.1316688   0.29082274  0.3502612  -0.08623191]
 [-0.20538581 -0.14260136  0.03098406  0.17426853  0.34466879]
 [ 0.10419501  0.06538411 -0.14557711 -0.2194284   0.1772277 ]
 [ 0.19088049 -0.13629256  0.2227981  -0.08414256 -0.08116897]
 [-0.07985686 -0.14900002 -0.26646283 -0.0641358  -0.14352934]]
Matrix Pair 53; W = [[ 0.34276319  0.02241454  0.10854167 -0.06513285 -0.04713444]
 [-0.14632752 -0.44882657  0.00469315  0.21993569 -0.16900424]
 [-0.17361289 -0.07848908 -0.17459156  0.10115207 -0.06512096]
 [ 0.06240928  0.12711533  0.08137171 -0.04870066 -0.0972493 ]
 [-0.13509304 -0.06081283 -0.25172572 -0.22556467 -0.09800932]]
U = [[ 0.18129844  0.13325995  0.24104869  0.32278323 -0.07654793]
 [-0.21702165 -0.15466935  0.04324422  0.16758079  0.37081411]
 [ 0.0994374   0.04419283 -0.22380153 -0.16998537  0.1527208 ]
 [ 0.15202475 -0.09283546  0.27869136 -0.07172679 -0.05484598]
 [-0.1292979  -0.12356397 -0.2247417  -0.08440489 -0.12848152]]
Matrix Pair 54; W = [[ 0.28927335  0.04369774  0.07587264 -0.11573351 -0.02249999]
 [-0.13787344 -0.4575237  -0.01397515  0.26438082 -0.15664569]
 [-0.14642684 -0.10886463 -0.14152879  0.0869408  -0.04670426]
 [ 0.08114143  0.08775914  0.08540946 -0.01362327 -0.12707455]
 [-0.18244794 -0.12325695 -0.31144296 -0.14671672 -0.07860586]]
U = [[ 0.18132433  0.13996747  0.28610199  0.3390913  -0.05956636]
 [-0.25554665 -0.08211752  0.04397984  0.21408659  0.38700636]
 [ 0.182461    0.09682056 -0.23400596 -0.19666289  0.16115622]
 [ 0.14463635 -0.09147953  0.2971192  -0.04691452 -0.10623856]
 [-0.15331295 -0.09570317 -0.23074147 -0.02583886 -0.11380039]]
Matrix Pair 55; W = [[ 0.33131195  0.11610038  0.16289136 -0.12648464 -0.00674328]
 [-0.1948368  -0.40145206 -0.07076783  0.24174193 -0.1420713 ]
 [-0.13383775 -0.08468765 -0.15157173  0.10075627 -0.06196694]
 [ 0.1485559   0.13428243  0.04657988 -0.08615349 -0.04361962]
 [-0.11586136 -0.13439916 -0.31185569 -0.22388414 -0.05541574]]
U = [[ 0.17936381  0.15151513  0.27377747  0.33841733 -0.01034168]
 [-0.26985239 -0.15858911 -0.0228745   0.15510568  0.37838862]
 [ 0.13407084  0.08319475 -0.24014698 -0.22025597  0.14122555]
 [ 0.1945564  -0.15825314  0.28293615 -0.09738412 -0.09967346]
 [-0.14096809 -0.12564169 -0.25385596 -0.03021159 -0.108197  ]]
Matrix Pair 56; W = [[ 0.31497448  0.05761093  0.13110537 -0.08360457 -0.04740093]
 [-0.13995706 -0.42910461 -0.05953689  0.20335098 -0.13883043]
 [-0.16128375 -0.05764969 -0.20417801  0.05127913 -0.06741537]
 [ 0.14398808  0.04936738  0.09753661 -0.06151895 -0.11190176]
 [-0.17223901 -0.08382613 -0.24604919 -0.1838486  -0.05917777]]
U = [[ 0.18908731  0.16986229  0.32873292  0.29762172 -0.06992409]
 [-0.23631764 -0.12479914 -0.03950724  0.15834436  0.33845851]
 [ 0.19572257  0.0294571  -0.16713895 -0.16547431  0.13981208]
 [ 0.21557248 -0.1087019   0.30899187 -0.09880324 -0.13055249]
 [-0.11431981 -0.0701747  -0.26415544 -0.07974621 -0.14270657]]
Matrix Pair 57; W = [[ 0.28254536  0.08938589  0.13836481 -0.09446948 -0.07716433]
 [-0.17214638 -0.42650883 -0.04361265  0.24964918 -0.18961924]
 [-0.18552737 -0.10578361 -0.19148227  0.12310173 -0.10289288]
 [ 0.06012682  0.10106515  0.05323589 -0.02515222 -0.06233772]
 [-0.16555484 -0.10777294 -0.30307438 -0.22410359 -0.08617947]]
U = [[ 0.25445339  0.15697851  0.27153317  0.32253007 -0.04907403]
 [-0.27795754 -0.149457   -0.00995576  0.20790023  0.38264866]
 [ 0.18268571  0.05821786 -0.23209691 -0.20982826  0.16855876]
 [ 0.11965216 -0.14650881  0.25983994 -0.04620158 -0.07634593]
 [-0.099702   -0.11563732 -0.26518701 -0.06118004 -0.0481278 ]]
Matrix Pair 58; W = [[ 0.30529016  0.05859731  0.1343162  -0.09022506 -0.00792619]
 [-0.14511211 -0.46025833 -0.02249397  0.21205449 -0.14849516]
 [-0.13483023 -0.06290157 -0.13952884  0.08417721 -0.12300367]
 [ 0.14403014  0.14199252  0.13280216 -0.05403708 -0.10631305]
 [-0.18259833 -0.11114732 -0.2429584  -0.16090497 -0.02921878]]
U = [[ 0.16001133  0.16004644  0.31775869  0.28529577  0.00082199]
 [-0.24055622 -0.11914941 -0.04190186  0.18672954  0.36614069]
 [ 0.12628454  0.01470258 -0.21759171 -0.19861938  0.09995137]
 [ 0.18830853 -0.14760257  0.27039911 -0.03999988 -0.07243693]
 [-0.13072152 -0.11406976 -0.23793083 -0.07912249 -0.13684059]]
Matrix Pair 59; W = [[ 0.3026072   0.04476719  0.11034499 -0.08136212 -0.07654655]
 [-0.2043713  -0.40882265  0.00588488  0.28519858 -0.17067591]
 [-0.13293553 -0.05664059 -0.11975553  0.06050135 -0.10303984]
 [ 0.11858551  0.06143542  0.08415928 -0.07687988 -0.11111618]
 [-0.14138765 -0.11968054 -0.23982384 -0.14359637 -0.10610381]]
U = [[ 0.16223149  0.10735437  0.32910662  0.36870624 -0.07026255]
 [-0.25760358 -0.09704842  0.02893803  0.18851034  0.36785608]
 [ 0.17553484  0.01918372 -0.14835278 -0.18831297  0.17628421]
 [ 0.13227177 -0.13638616  0.23926948 -0.04322436 -0.07192262]
 [-0.12870878 -0.06783237 -0.29246817 -0.02979583 -0.12252033]]
Matrix Pair 60; W = [[ 0.25130214  0.04120642  0.09548471 -0.08162353 -0.06651465]
 [-0.18890675 -0.40285752 -0.07178833  0.28270351 -0.1898978 ]
 [-0.10517244 -0.06008244 -0.19113065  0.05577451 -0.06996114]
 [ 0.12633996  0.10339609  0.09067774 -0.08242763 -0.09472243]
 [-0.12845736 -0.12926574 -0.24064731 -0.1558958  -0.06578528]]
U = [[ 0.20983002  0.09732287  0.31713631  0.33386906 -0.05844689]
 [-0.2482251  -0.08524391 -0.01323897  0.16498586  0.36009757]
 [ 0.17624016  0.03091492 -0.15643415 -0.23227585  0.1322204 ]
 [ 0.19192133 -0.07971715  0.2819358  -0.09320848 -0.07474845]
 [-0.15500022 -0.11852839 -0.25617766 -0.07927003 -0.11439921]]
Matrix Pair 61; W = [[ 0.27853846  0.08490868  0.08016628 -0.12021896 -0.0795565 ]
 [-0.15145144 -0.41176178 -0.05727557  0.20232557 -0.16253904]
 [-0.15194097 -0.05145298 -0.15754831  0.12681749 -0.12305367]
 [ 0.11833479  0.07794468  0.07197133 -0.03404382 -0.07600537]
 [-0.11791543 -0.1459537  -0.28411148 -0.22236249 -0.0427257 ]]
U = [[ 0.17684768  0.15914992  0.30672437  0.3255027  -0.05147938]
 [-0.24224902 -0.14654923  0.01659259  0.16414945  0.32505278]
 [ 0.18429683  0.0833944  -0.15753896 -0.23305967  0.10728267]
 [ 0.16482451 -0.13455912  0.30468128 -0.12202495 -0.1023998 ]
 [-0.10376117 -0.05407808 -0.27057852 -0.10521633 -0.06009529]]
Matrix Pair 62; W = [[ 0.25985749  0.02653635  0.16478459 -0.1243609  -0.03699684]
 [-0.23082983 -0.41580071  0.00919245  0.1888297  -0.10790549]
 [-0.18793142 -0.06009702 -0.18097206  0.07343798 -0.06968622]
 [ 0.11561884  0.1389375   0.12659654 -0.08600495 -0.05606444]
 [-0.20030491 -0.14245664 -0.23818668 -0.17446539 -0.05478591]]
U = [[ 0.20730002  0.16394907  0.27544609  0.2902701  -0.05381134]
 [-0.23725672 -0.06321855 -0.00592574  0.22527362  0.30020559]
 [ 0.16577829  0.04370444 -0.17911177 -0.19813825  0.15237955]
 [ 0.15153768 -0.12998728  0.24707641 -0.11691389 -0.04672357]
 [-0.15022304 -0.09340124 -0.30284224 -0.0983375  -0.10236784]]
Matrix Pair 63; W = [[ 0.32907133  0.02671577  0.09180256 -0.12978617 -0.06683414]
 [-0.22399097 -0.42825334 -0.05949368  0.2009143  -0.16309252]
 [-0.14555153 -0.0614715  -0.11984338  0.10583743 -0.10726451]
 [ 0.13448904  0.07626948  0.08559283 -0.0600743  -0.06217399]
 [-0.11051314 -0.06421893 -0.22788528 -0.18480978 -0.08345301]]
U = [[ 0.16991089  0.11672258  0.33689472  0.3126441  -0.08512348]
 [-0.2331146  -0.12343807 -0.02438288  0.17410856  0.32560608]
 [ 0.18000193  0.07296767 -0.16450575 -0.19708669  0.12768818]
 [ 0.12627415 -0.09464007  0.22628693 -0.12279966 -0.07816043]
 [-0.11964683 -0.12670473 -0.25813874 -0.04929524 -0.09643244]]
Matrix Pair 64; W = [[ 0.31053492  0.0362565   0.09642874 -0.12844258 -0.03848614]
 [-0.20316305 -0.39155138 -0.01808913  0.22438652 -0.113124  ]
 [-0.10006724  0.02257203 -0.14872248  0.11396182 -0.12994439]
 [ 0.13162051  0.04496598  0.08543872 -0.06540621 -0.08447677]
 [-0.24908599 -0.1119064  -0.2829013  -0.14622689 -0.01408604]]
U = [[ 0.23354669  0.21038826  0.30439771  0.33414201 -0.0682081 ]
 [-0.1917082  -0.1641356  -0.01818218  0.23501622  0.35605054]
 [ 0.14240836  0.14139918 -0.21831671 -0.21855391  0.0590182 ]
 [ 0.1358742  -0.05092896  0.20380096 -0.13223064 -0.11899945]
 [-0.07301741 -0.1271336  -0.24739404 -0.10166797 -0.06219539]]
Matrix Pair 65; W = [[ 0.30704788 -0.02517135  0.06079037 -0.12366669 -0.00716118]
 [-0.17572291 -0.43743668 -0.06666273  0.15077668 -0.11959137]
 [-0.06101412 -0.01939033 -0.15308374  0.08053243 -0.06191174]
 [ 0.12419086  0.06607089  0.13330601 -0.08950286 -0.11974713]
 [-0.20155987 -0.13469611 -0.31266861 -0.10472918 -0.04911743]]
U = [[ 0.21016384  0.1562431   0.27316963  0.29672398 -0.14734597]
 [-0.24306861 -0.12768196  0.04131576  0.2165973   0.3741967 ]
 [ 0.13285552  0.09999555 -0.18853442 -0.14214827  0.09473404]
 [ 0.13908713 -0.06244906  0.24407306 -0.13008012 -0.06680101]
 [-0.09971333 -0.0833148  -0.25911147 -0.09208988 -0.05006139]]
Matrix Pair 66; W = [[ 0.31280992  0.00998292  0.09291616 -0.15222442 -0.02130633]
 [-0.22319106 -0.41163058 -0.06782615  0.14724383 -0.1521597 ]
 [-0.10664496  0.0124131  -0.1393946   0.06911845 -0.09136803]
 [ 0.18555705  0.06673087  0.07392848 -0.02938615 -0.07524828]
 [-0.25180764 -0.15824845 -0.25711644 -0.18971302 -0.03979732]]
U = [[ 0.27804141  0.17752286  0.28233653  0.30759111 -0.1008709 ]
 [-0.22299704 -0.16152223  0.06561973  0.18801253  0.37286311]
 [ 0.14382602  0.11374303 -0.22550828 -0.20536812  0.09524301]
 [ 0.18256658 -0.06230328  0.18645634 -0.08721391 -0.06432187]
 [-0.10173384 -0.0664078  -0.25567294 -0.03152029 -0.02894364]]
Matrix Pair 67; W = [[ 0.29067316  0.02816823  0.09745212 -0.06496603  0.02305846]
 [-0.25177089 -0.40524554 -0.07564297  0.13716861 -0.07080767]
 [-0.14094215 -0.04693882 -0.10638981  0.08353822 -0.11038641]
 [ 0.17586046  0.11318513  0.11281649 -0.08884366 -0.0484138 ]
 [-0.16901617 -0.20131077 -0.26159693 -0.141772   -0.00248091]]
U = [[ 0.2434761   0.14572255  0.30410879  0.29623961 -0.11788757]
 [-0.19449074 -0.14483206  0.05514028  0.24502629  0.34138092]
 [ 0.1697515   0.09113357 -0.21232642 -0.2061823   0.12918156]
 [ 0.12031122 -0.08779277  0.19029729 -0.11091406 -0.09174894]
 [-0.0474498  -0.07842129 -0.21325198 -0.09838093 -0.06749983]]
Matrix Pair 68; W = [[ 0.22555035  0.00270023  0.05403807 -0.08967711 -0.04042841]
 [-0.19533895 -0.46653682 -0.0980195   0.22298198 -0.07775191]
 [-0.11615658 -0.01982556 -0.14238371  0.15261731 -0.06002524]
 [ 0.20878562  0.07171201  0.04467612  0.00664548 -0.07204677]
 [-0.2032158  -0.20093321 -0.29281561 -0.15142779 -0.05671601]]
U = [[ 0.24921128  0.12937564  0.27786419  0.27862935 -0.14473057]
 [-0.26300555 -0.13488804  0.04270564  0.2051259   0.33148881]
 [ 0.16537135  0.1460672  -0.19250128 -0.13808543  0.06332987]
 [ 0.11156796 -0.12883069  0.21954997 -0.10143127 -0.12433267]
 [-0.07668524 -0.06581853 -0.26473144 -0.05143637 -0.11839501]]
Matrix Pair 69; W = [[ 0.25153539  0.01097212  0.13708437 -0.11545957 -0.05619163]
 [-0.2252743  -0.39953772 -0.00064065  0.16593757 -0.09117336]
 [-0.06761811 -0.01664842 -0.15593013  0.08316376 -0.06980942]
 [ 0.15816963  0.10803985  0.1188655  -0.03848677 -0.07930119]
 [-0.21001051 -0.17056677 -0.24164955 -0.18316157 -0.08914167]]
U = [[ 0.21157463  0.14758199  0.21990008  0.35110074 -0.11881344]
 [-0.18142382 -0.16989173  0.03332858  0.23469679  0.3492295 ]
 [ 0.14575233  0.07791282 -0.22180866 -0.15686115  0.12068017]
 [ 0.13775216 -0.12760985  0.23820969 -0.06468289 -0.09632631]
 [-0.07898442 -0.09703531 -0.29456564 -0.03657702 -0.05656863]]
Matrix Pair 70; W = [[ 0.25564612 -0.01614986  0.13703666 -0.06316728 -0.04182394]
 [-0.18801794 -0.44457216 -0.00281575  0.15429424 -0.11379002]
 [-0.12289456 -0.07528586 -0.16417804  0.06217583 -0.15183138]
 [ 0.19565354  0.11583324  0.06686793 -0.04484292 -0.12158294]
 [-0.18989543 -0.12725116 -0.28569427 -0.18381659 -0.01123778]]
U = [[ 0.25979884  0.13354375  0.27563225  0.29092493 -0.11277837]
 [-0.17862071 -0.11496902  0.01483852  0.20397894  0.3218508 ]
 [ 0.1960835   0.07554786 -0.21162213 -0.20135062  0.04983018]
 [ 0.13852062 -0.05552839  0.2502666  -0.09875033 -0.06293652]
 [-0.05419672 -0.14371387 -0.26222947 -0.02662414 -0.05827712]]
Matrix Pair 71; W = [[ 0.24496424  0.01280745  0.13728668 -0.09752959 -0.01082007]
 [-0.24393559 -0.4469075  -0.08956044  0.17637334 -0.08512067]
 [-0.15507462  0.01408363 -0.08825043  0.13325227 -0.13440258]
 [ 0.20107139  0.0568481   0.11714978 -0.00490033 -0.11943358]
 [-0.2226182  -0.18113472 -0.23830833 -0.18393579 -0.00350881]]
U = [[ 0.28439653  0.14237543  0.30349503  0.29525606 -0.08945545]
 [-0.27093361 -0.09596764 -0.01267014  0.27031743  0.34004743]
 [ 0.17825223  0.16554749 -0.23449193 -0.22024089  0.05369262]
 [ 0.16298451 -0.10820943  0.27260461 -0.07695953 -0.11724386]
 [-0.07337304 -0.07636959 -0.2727739  -0.03921257 -0.0357988 ]]
Matrix Pair 72; W = [[ 0.29756758  0.06038629  0.06886268 -0.12497947 -0.05601412]
 [-0.25171441 -0.40051873 -0.01730503  0.15650745 -0.11008036]
 [-0.1430676  -0.04606424 -0.10209757  0.09312804 -0.14234762]
 [ 0.14812144  0.06050761  0.06786714 -0.0667378  -0.05578454]
 [-0.20055891 -0.12316322 -0.23679901 -0.14562165 -0.08674327]]
U = [[ 0.21136853  0.22209086  0.28342385  0.33985107 -0.09255067]
 [-0.2747818  -0.11339323  0.05652057  0.26095308  0.34174806]
 [ 0.14157211  0.14784385 -0.18608961 -0.16765354  0.13538354]
 [ 0.09369024 -0.03489012  0.28543146 -0.09194436 -0.12989812]
 [-0.08586611 -0.10853332 -0.3072954  -0.04869372 -0.09628498]]
Matrix Pair 73; W = [[ 0.23591068  0.03118278  0.10290042 -0.08504424  0.02581265]
 [-0.26643349 -0.46020762 -0.03996024  0.16166162 -0.10460688]
 [-0.06758396 -0.06008798 -0.11896752  0.10451247 -0.06817923]
 [ 0.11359061  0.06466955  0.1332726  -0.03420175 -0.04280753]
 [-0.22122945 -0.11966122 -0.31375287 -0.1524811  -0.03123806]]
U = [[ 0.26278405  0.15775106  0.23266201  0.30613435 -0.1084413 ]
 [-0.21983614 -0.10886176  0.02188708  0.1906716   0.30995633]
 [ 0.16048932  0.16440135 -0.23772148 -0.21114789  0.14163493]
 [ 0.10726447 -0.09301497  0.22759578 -0.1164049  -0.10566481]
 [-0.08251884 -0.06064816 -0.21834488 -0.04546936 -0.02918929]]
Matrix Pair 74; W = [[ 0.29262379  0.03964859  0.1397493  -0.06158248  0.00398197]
 [-0.19251288 -0.46029973 -0.08566159  0.14772807 -0.08164184]
 [-0.1033848   0.02296774 -0.1307577   0.08091685 -0.11692354]
 [ 0.12830825  0.0274232   0.036714   -0.01830725 -0.10456498]
 [-0.2052871  -0.12073628 -0.28490418 -0.13718885  0.00353816]]
U = [[ 0.2638125   0.21211045  0.27073665  0.29021612 -0.09098895]
 [-0.2296472  -0.12415239  0.05835773  0.25590656  0.38462656]
 [ 0.15610882  0.12646729 -0.18598703 -0.21867446  0.07048085]
 [ 0.10079521 -0.08800817  0.2530603  -0.05622448 -0.07276993]
 [-0.07187583 -0.10605222 -0.26344625 -0.07479027 -0.09260623]]
Matrix Pair 75; W = [[ 0.2703998   0.03016716  0.05600354 -0.12664132 -0.05801768]
 [-0.23573865 -0.43117855 -0.04196094  0.22265165 -0.09673895]
 [-0.06666936  0.00713442 -0.17539596  0.07003533 -0.05871326]
 [ 0.15258672  0.08028828  0.11497865 -0.09170512 -0.06402574]
 [-0.21972154 -0.11298801 -0.22992187 -0.17590462 -0.08225122]]
U = [[ 0.20331917  0.2027101   0.29488153  0.31279981 -0.12618523]
 [-0.26955064 -0.13545388  0.06788115  0.25754422  0.34046005]
 [ 0.21413576  0.14189505 -0.2092299  -0.16867151  0.13834725]
 [ 0.16298962 -0.09070611  0.21056841 -0.09959975 -0.09670288]
 [-0.05295125 -0.11833743 -0.23210183 -0.06193525 -0.08340994]]
Matrix Pair 76; W = [[ 0.24801783 -0.02987404  0.07693165 -0.09714608 -0.00282452]
 [-0.18315407 -0.38806658  0.00079977  0.18142279 -0.11214105]
 [-0.14564008  0.01988793 -0.16465917  0.14179071 -0.09625628]
 [ 0.11139273  0.05517078  0.07832368 -0.06149056 -0.07929175]
 [-0.18937718 -0.15651798 -0.23279137 -0.1891757  -0.03318072]]
U = [[ 0.23987277  0.16299174  0.30509934  0.33320402 -0.07279638]
 [-0.18385575 -0.09796352 -0.02494584  0.19082306  0.36184577]
 [ 0.194473    0.1474014  -0.17141951 -0.15804289  0.07798972]
 [ 0.12908982 -0.09340241  0.24583779 -0.08862104 -0.10347912]
 [-0.10528387 -0.12160417 -0.24416739 -0.02447288 -0.08091368]]
Matrix Pair 77; W = [[ 0.22653024  0.03745358  0.09868807 -0.13136071 -0.06044009]
 [-0.20568211 -0.46172391 -0.03250673  0.20532924 -0.16792713]
 [-0.08654434 -0.04102384 -0.1250753   0.05865391 -0.13156049]
 [ 0.21020005  0.0450943   0.10068169 -0.08075976 -0.07050804]
 [-0.17398348 -0.16289451 -0.32040624 -0.15907224 -0.00223711]]
U = [[ 0.20280823  0.17037169  0.29617882  0.30468864 -0.11347582]
 [-0.1831949  -0.16054719 -0.02497827  0.20389492  0.34979102]
 [ 0.21666243  0.08395043 -0.23499172 -0.12259203  0.14165425]
 [ 0.11099053 -0.11358891  0.18702317 -0.11407104 -0.05663385]
 [-0.12718335 -0.06595576 -0.293217   -0.09968481 -0.05142714]]
Matrix Pair 78; W = [[ 0.28189505 -0.00871596  0.12331942 -0.15531017 -0.05418295]
 [-0.25992495 -0.40010049 -0.04285969  0.1850317  -0.14704523]
 [-0.09414558 -0.04450776 -0.12752127  0.1011663  -0.07761475]
 [ 0.11455863  0.07867169  0.12284237 -0.02579716 -0.03601677]
 [-0.24748067 -0.19199658 -0.24025145 -0.13010044  0.00320511]]
U = [[ 0.22212223  0.12764443  0.24841807  0.31925747 -0.14243885]
 [-0.2240412  -0.18475394 -0.01714921  0.24998684  0.38747831]
 [ 0.18108604  0.16148915 -0.20489473 -0.16158135  0.09991901]
 [ 0.08626447 -0.04956507  0.27813684 -0.08147229 -0.10538667]
 [-0.03910421 -0.06693249 -0.26756466 -0.07195385 -0.041795  ]]
Matrix Pair 79; W = [[ 0.27727939  0.04928295  0.14184371 -0.12009754 -0.04235339]
 [-0.19609559 -0.4099392  -0.04823866  0.15852129 -0.15284566]
 [-0.15199479 -0.07337093 -0.12877091  0.09751896 -0.08980765]
 [ 0.1929409   0.11376275  0.08734548 -0.08540866 -0.12018473]
 [-0.19159659 -0.13320737 -0.28674418 -0.11750422 -0.08583275]]
U = [[ 0.25937482  0.15861965  0.29663969  0.36012011 -0.08864637]
 [-0.18889586 -0.12677296  0.04144398  0.19359474  0.31084742]
 [ 0.20914212  0.11871328 -0.23989976 -0.16492444  0.13006572]
 [ 0.18165413 -0.0856201   0.23483889 -0.04995925 -0.09489792]
 [-0.06895269 -0.13985643 -0.27467545 -0.05262216 -0.04133348]]
Matrix Pair 80; W = [[ 0.27400937 -0.0384825   0.18716521 -0.08878239  0.03133069]
 [-0.19385118 -0.40955313 -0.1455585   0.22510296 -0.16521139]
 [-0.11412072  0.01899835 -0.11093404  0.10492299 -0.07332127]
 [ 0.10815504  0.09639213  0.03802088 -0.12504188 -0.09918857]
 [-0.23158243 -0.14926275 -0.24216968 -0.21780524 -0.02955967]]
U = [[ 0.12190184  0.14335835  0.33711651  0.22648586  0.045852  ]
 [-0.17636807 -0.17202159  0.05063454  0.20171397  0.2604996 ]
 [ 0.21706845  0.06474792 -0.23031989 -0.14755276  0.14943778]
 [ 0.13688972  0.0013786   0.26292838 -0.09647437 -0.10361187]
 [-0.09587093 -0.05020369 -0.29001646 -0.01111313 -0.05939046]]
Matrix Pair 81; W = [[ 0.30345447  0.00701975  0.12520542 -0.07980078  0.02060958]
 [-0.18479348 -0.41140679 -0.15233944  0.25954928 -0.16546832]
 [-0.11358336 -0.00347692 -0.11826006  0.10825735 -0.0658313 ]
 [ 0.0821765   0.11318337  0.06586801 -0.03808974 -0.0198268 ]
 [-0.24819557 -0.15279754 -0.29599638 -0.19339192 -0.07312529]]
U = [[ 0.14977635  0.2104807   0.33335678  0.29086138  0.05286731]
 [-0.20600442 -0.14029037  0.04343521  0.15002015  0.2712812 ]
 [ 0.16651906  0.0157454  -0.22104151 -0.15970377  0.20051314]
 [ 0.16849714 -0.04031232  0.2382694  -0.04435055 -0.15698411]
 [-0.10453266 -0.08545534 -0.2349313  -0.08034617 -0.02043813]]
Matrix Pair 82; W = [[ 0.269204    0.00934986  0.15258295 -0.12147847 -0.00317141]
 [-0.19544974 -0.42496229 -0.12299921  0.26541839 -0.1339871 ]
 [-0.07879956 -0.02729207 -0.09396413  0.09546384 -0.01889124]
 [ 0.08131422  0.10528471  0.11348706 -0.11721923 -0.06642828]
 [-0.24596608 -0.138771   -0.27748182 -0.20133617 -0.04815095]]
U = [[ 0.13648108  0.19838055  0.27695098  0.29780186  0.01885138]
 [-0.22128017 -0.14666226  0.02209936  0.14915235  0.27378437]
 [ 0.17425853  0.07025914 -0.21534167 -0.1219397   0.19020924]
 [ 0.17451224 -0.06123485  0.25885732 -0.06437573 -0.14850246]
 [-0.11429582 -0.0077935  -0.23524263 -0.04561863  0.01243079]]
Matrix Pair 83; W = [[ 0.34144923  0.03838796  0.16382747 -0.07968931 -0.02171515]
 [-0.18039053 -0.40195499 -0.11271134  0.2464956  -0.16861372]
 [-0.07716726  0.00417496 -0.15983541  0.10469171 -0.04027246]
 [ 0.05503009  0.13760728  0.10743589 -0.05832391 -0.07692211]
 [-0.21653876 -0.11471507 -0.27684076 -0.16855583 -0.10196633]]
U = [[ 0.14254806  0.19399525  0.28951793  0.22919089  0.06048449]
 [-0.20877802 -0.15552967 -0.00700329  0.14318289  0.32454677]
 [ 0.20754894  0.02221743 -0.18638247 -0.18016014  0.23052374]
 [ 0.15689882 -0.07568777  0.2909501  -0.05202742 -0.10818716]
 [-0.03010215 -0.05167243 -0.26792817 -0.0667354  -0.01373591]]
Matrix Pair 84; W = [[ 0.34106782  0.03053789  0.14032477 -0.05791902 -0.02953283]
 [-0.22428686 -0.40548771 -0.17068498  0.21703312 -0.10174612]
 [-0.04942196  0.01734575 -0.09283802  0.08668075 -0.00817627]
 [ 0.09219161  0.09055621  0.1132103  -0.06922048 -0.1076596 ]
 [-0.25161484 -0.18867081 -0.29638707 -0.20781121 -0.06260757]]
U = [[ 0.10235676  0.17586366  0.35238647  0.25414354  0.03863317]
 [-0.20066949 -0.15114151  0.04488245  0.13503493  0.2538652 ]
 [ 0.21384312  0.01714498 -0.15789139 -0.13413598  0.16798652]
 [ 0.16589258 -0.02093518  0.30913495 -0.1029773  -0.1523074 ]
 [-0.09004688 -0.01942751 -0.23913195  0.01115532  0.03014851]]
Matrix Pair 85; W = [[ 0.31489156  0.02611826  0.10204296 -0.05749864 -0.04517393]
 [-0.20793238 -0.43488826 -0.12787768  0.23752129 -0.17257547]
 [-0.07456579  0.02663455 -0.14333087  0.10583045 -0.01999726]
 [ 0.04856263  0.16190435  0.10968759 -0.03332343 -0.04916957]
 [-0.25362676 -0.14298797 -0.28252098 -0.17887629 -0.08347221]]
U = [[ 0.18219897  0.19679946  0.34521368  0.26659985  0.01502483]
 [-0.25654344 -0.0816487   0.02253252  0.190461    0.22900971]
 [ 0.18201595  0.07601189 -0.15656915 -0.17220771  0.20652372]
 [ 0.15528046 -0.08849609  0.24802535 -0.09976956 -0.14606305]
 [-0.10458123 -0.01171836 -0.21237802 -0.041247   -0.03471354]]
Matrix Pair 86; W = [[ 0.26095708  0.00226422  0.15870398 -0.05853822 -0.00688575]
 [-0.17781908 -0.38247649 -0.11286904  0.26953199 -0.08255472]
 [-0.09317897 -0.02475439 -0.17957415  0.1311138  -0.10077949]
 [ 0.05074322  0.14545387  0.11161724 -0.08720623 -0.0959231 ]
 [-0.24860429 -0.13492107 -0.29601029 -0.15797696 -0.1075434 ]]
U = [[ 0.15344786  0.15751662  0.26285453  0.31437533  0.02325394]
 [-0.20401574 -0.13723853 -0.02271489  0.14679496  0.23333808]
 [ 0.20111482 -0.01176478 -0.19675062 -0.19829483  0.17811948]
 [ 0.19846151 -0.05373955  0.25906033 -0.10046957 -0.1255489 ]
 [-0.11440434 -0.05151876 -0.25340041 -0.08300127 -0.05041206]]
Matrix Pair 87; W = [[ 0.33411133 -0.04207215  0.10631406 -0.11827592  0.0311151 ]
 [-0.18604532 -0.39998707 -0.16070536  0.28100905 -0.16731203]
 [-0.0474329  -0.02261756 -0.17191943  0.1281802  -0.0517207 ]
 [ 0.08453551  0.09944395  0.06249067 -0.08553676 -0.04541406]
 [-0.20433919 -0.17542656 -0.22710955 -0.16602578 -0.02241559]]
U = [[ 0.09306699  0.13195374  0.26390237  0.31270356  0.04866032]
 [-0.19110821 -0.10740652  0.06298657  0.13590046  0.2545212 ]
 [ 0.14385729  0.02039168 -0.19320128 -0.12238894  0.24005364]
 [ 0.21310158 -0.00855569  0.24443463 -0.0557524  -0.17989964]
 [-0.09252842 -0.00518307 -0.28367447  0.01619172 -0.00147292]]
Matrix Pair 88; W = [[ 0.26222229 -0.03702642  0.18434757 -0.05404075 -0.00632235]
 [-0.25436363 -0.42201768 -0.08499697  0.24879673 -0.1144352 ]
 [-0.1169468   0.05426897 -0.18971511  0.09927711 -0.09154714]
 [ 0.070575    0.11426052  0.02332011 -0.06915128 -0.0958935 ]
 [-0.17409339 -0.12191218 -0.31613637 -0.1282923  -0.08285234]]
U = [[ 0.13075834  0.20074501  0.3438055   0.23255079 -0.00061213]
 [-0.26470429 -0.1235338   0.01094186  0.13268661  0.23476186]
 [ 0.1879335   0.04420877 -0.18124773 -0.18524862  0.22306684]
 [ 0.19762684 -0.08314262  0.26547712 -0.0728913  -0.16478382]
 [-0.0475152  -0.09837574 -0.29620815  0.01197684 -0.03664278]]
Matrix Pair 89; W = [[ 0.30965213  0.01802302  0.15522747 -0.11815211 -0.06282822]
 [-0.1775106  -0.4327455  -0.116712    0.28279129 -0.16071694]
 [-0.09198304 -0.03447007 -0.10047344  0.13669071 -0.07058898]
 [ 0.10018863  0.12376651  0.08035337 -0.13004356 -0.01486055]
 [-0.2125424  -0.1123108  -0.27381908 -0.15076162 -0.11730211]]
U = [[ 0.09129864  0.11541097  0.30995856  0.26083672  0.03851105]
 [-0.19260631 -0.08403752  0.05844804  0.13592828  0.26183994]
 [ 0.21741444  0.06101449 -0.16199873 -0.15574963  0.16927304]
 [ 0.16614744 -0.06824734  0.31109048 -0.02418747 -0.16271502]
 [-0.10853865 -0.02065833 -0.27490643 -0.08213913 -0.01465786]]
Matrix Pair 90; W = [[ 0.30891072 -0.0155113   0.09320422 -0.12861142  0.01649193]
 [-0.17329176 -0.37527104 -0.1453513   0.23459239 -0.0839568 ]
 [-0.11644654  0.02035875 -0.13165763  0.12653066 -0.07442415]
 [ 0.06371347  0.15866382  0.03263456 -0.12054662 -0.01320483]
 [-0.16191844 -0.14571502 -0.2905367  -0.18231326 -0.07577223]]
U = [[ 0.13116321  0.20069857  0.35170691  0.28654137 -0.03571117]
 [-0.20201574 -0.08615192  0.02314591  0.13788319  0.28974181]
 [ 0.16079661  0.0119678  -0.21452178 -0.19919218  0.20507522]
 [ 0.1920356  -0.02203333  0.2166803  -0.0668995  -0.15423401]
 [-0.05140051 -0.06887136 -0.21916092  0.00767504  0.02691118]]
Matrix Pair 91; W = [[ 0.31047666 -0.02791423  0.18522258 -0.07807716  0.00823519]
 [-0.19371508 -0.4121023  -0.17820802  0.24650168 -0.10704795]
 [-0.05015308 -0.0221362  -0.15217875  0.14285848 -0.08399268]
 [ 0.08684678  0.13244612  0.03138432 -0.07650937 -0.10515864]
 [-0.18804485 -0.15451314 -0.30294674 -0.1778822  -0.08544903]]
U = [[ 0.11504325  0.20947992  0.29706561  0.32003706 -0.00242089]
 [-0.26969256 -0.1713403   0.03762599  0.19319946  0.25004976]
 [ 0.17371322  0.02047579 -0.20190746 -0.11198084  0.24227041]
 [ 0.21854869 -0.09725786  0.22092507 -0.07909609 -0.1167402 ]
 [-0.08513984 -0.01080466 -0.2944527  -0.07924643 -0.00904981]]
Matrix Pair 92; W = [[ 0.28410018  0.03433431  0.16812606 -0.14885367 -0.00150344]
 [-0.16852914 -0.43821308 -0.1605063   0.2256062  -0.14501463]
 [-0.13660545  0.01598093 -0.18561319  0.0955145  -0.03828959]
 [ 0.07089624  0.09116701  0.03601341 -0.05397382 -0.09562154]
 [-0.20301476 -0.10374214 -0.26291089 -0.1392394  -0.05221913]]
U = [[ 0.15860101  0.14161111  0.29043115  0.23814415  0.00131994]
 [-0.21627779 -0.08643976 -0.01174778  0.19908132  0.25865571]
 [ 0.1985574   0.00368115 -0.21753122 -0.18306125  0.14683925]
 [ 0.19339891 -0.05318041  0.22343105 -0.09305359 -0.17967064]
 [-0.11383992 -0.05455883 -0.28131139 -0.0021066   0.02389092]]
Matrix Pair 93; W = [[ 0.33057247 -0.00458635  0.15973881 -0.10391949 -0.06242668]
 [-0.24775277 -0.34327228 -0.13024908  0.28901279 -0.12502804]
 [-0.13014006  0.03953323 -0.18250669  0.06861667 -0.07565107]
 [ 0.10118864  0.16334784  0.11421017 -0.09294061 -0.05176311]
 [-0.18227419 -0.10937703 -0.27680072 -0.14144827 -0.04853248]]
U = [[ 1.72519400e-01  1.24693835e-01  3.21662222e-01  2.84816204e-01
   4.93881470e-02]
 [-1.85053169e-01 -1.68422046e-01 -1.43350802e-02  1.39174648e-01
   3.26255199e-01]
 [ 2.20616606e-01 -3.07453085e-04 -2.04835151e-01 -1.35642345e-01
   2.37289385e-01]
 [ 2.04158545e-01 -8.70185937e-02  2.28575300e-01 -4.63940645e-02
  -1.05592930e-01]
 [-1.81809074e-02 -4.49535794e-02 -3.02093126e-01  6.45407904e-03
  -3.65861768e-02]]
Matrix Pair 94; W = [[ 0.25071992  0.00598289  0.12468084 -0.10923222  0.00821479]
 [-0.17438204 -0.42796429 -0.10120366  0.2458552  -0.10969475]
 [-0.05215575  0.03832462 -0.17466288  0.05074148 -0.00954855]
 [ 0.08226802  0.16054327  0.11819347 -0.06204957 -0.03250087]
 [-0.18117626 -0.09377205 -0.26787432 -0.19301573 -0.07696816]]
U = [[ 0.12149293  0.20064872  0.27932835  0.23323849  0.04571769]
 [-0.17844961 -0.1658229   0.0635711   0.18797851  0.24262419]
 [ 0.1379935   0.00129976 -0.19939421 -0.12881146  0.18761877]
 [ 0.15094449 -0.06739853  0.23432191 -0.08697235 -0.15525279]
 [-0.03622146 -0.07432545 -0.27831025 -0.02205618 -0.00594287]]
Matrix Pair 95; W = [[ 0.29941813 -0.03425216  0.11954852 -0.07268791 -0.06124691]
 [-0.21807259 -0.43073002 -0.14655919  0.22933691 -0.15810344]
 [-0.09771088  0.00794793 -0.14316819  0.05634859 -0.06303278]
 [ 0.04277193  0.14258695  0.03841326 -0.08809165 -0.07661984]
 [-0.15870643 -0.14287225 -0.25880157 -0.14854969 -0.0420347 ]]
U = [[ 0.13295335  0.19560743  0.31513208  0.23487593  0.00618341]
 [-0.25749387 -0.16502115  0.06823314  0.11291246  0.27692668]
 [ 0.15672178  0.03037533 -0.20908136 -0.17694164  0.23732741]
 [ 0.20746653 -0.00566524  0.24257617 -0.101581   -0.1108975 ]
 [-0.06795651 -0.07925027 -0.29615007 -0.01332625 -0.06636626]]
Matrix Pair 96; W = [[ 0.23077461 -0.00296076  0.11664853 -0.10105027 -0.03461109]
 [-0.23913962 -0.4407901   0.01257587  0.23383674 -0.13981536]
 [-0.12601853 -0.0415887  -0.1363556   0.04257849 -0.06462271]
 [ 0.13414348  0.08669384  0.09161356 -0.06523104 -0.03388721]
 [-0.18727488 -0.09848103 -0.24553321 -0.15953542 -0.02522818]]
U = [[ 0.20873143  0.14622593  0.2456436   0.27175949 -0.08472   ]
 [-0.24103639 -0.12776957  0.04738253  0.28878016  0.28336437]
 [ 0.16908849  0.03847286 -0.23747158 -0.17794294  0.11601252]
 [ 0.20982238 -0.09383393  0.28654806 -0.09517619 -0.11791779]
 [-0.03867877 -0.03524558 -0.26257301 -0.04432302 -0.0263775 ]]
Matrix Pair 97; W = [[ 0.21886476 -0.01214411  0.15407674 -0.08095436 -0.06891642]
 [-0.22295573 -0.44936455 -0.05864097  0.14761915 -0.1569494 ]
 [-0.05236949  0.00753045 -0.12819552  0.06486449 -0.11687819]
 [ 0.12517632  0.08987674  0.1099649  -0.05593506 -0.05563235]
 [-0.19355753 -0.11225461 -0.30242643 -0.15831942 -0.01256944]]
U = [[ 0.13146847  0.1168691   0.26038672  0.31249781 -0.07719202]
 [-0.22607682 -0.11091426  0.11671034  0.23042726  0.32116266]
 [ 0.2292683   0.044194   -0.25430528 -0.10804809  0.17857624]
 [ 0.14362618 -0.0705373   0.3061659  -0.08190079 -0.19132915]
 [-0.02930591 -0.10472165 -0.28334318 -0.01064869 -0.09172076]]
Matrix Pair 98; W = [[ 0.26319033 -0.02403047  0.12638594 -0.0677897  -0.03485641]
 [-0.21678967 -0.45134883 -0.06024851  0.15369002 -0.08790196]
 [-0.05688976  0.03378578 -0.20931127  0.02828945 -0.08269252]
 [ 0.1528396   0.10862048  0.12163612 -0.08159383 -0.02526595]
 [-0.22308219 -0.12817594 -0.23901572 -0.11389858 -0.07269353]]
U = [[ 0.18983888  0.1642583   0.23911697  0.29544304 -0.03839109]
 [-0.22584519 -0.1394828   0.03840712  0.20848972  0.28541103]
 [ 0.15209437 -0.00213931 -0.21287762 -0.15851815  0.13211609]
 [ 0.12070536 -0.03688167  0.27219896 -0.01779122 -0.13832882]
 [-0.01433984 -0.08532238 -0.26827785 -0.09195036 -0.02867492]]
Matrix Pair 99; W = [[ 0.25867027 -0.02044437  0.09791624 -0.12151319 -0.03352611]
 [-0.24070468 -0.37231994  0.00616219  0.21097797 -0.15142265]
 [-0.08097812 -0.02577142 -0.18802093  0.11603858 -0.10640775]
 [ 0.11963558  0.10347681  0.08579806 -0.03157769 -0.01591347]
 [-0.19778165 -0.10446025 -0.23720751 -0.1862232  -0.00080937]]
U = [[ 0.18173108  0.0750228   0.22087858  0.24283008 -0.07399269]
 [-0.27233035 -0.17137867  0.04002213  0.24505911  0.32687186]
 [ 0.22877987 -0.0110654  -0.25365374 -0.11662697  0.12801505]
 [ 0.13978129 -0.0438923   0.3197818  -0.08351409 -0.16150372]
 [-0.01881572 -0.07149533 -0.29058069 -0.02721256 -0.08915494]]
Matrix Pair 100; W = [[ 0.25332421 -0.01779813  0.06985102 -0.07083732 -0.03014606]
 [-0.1803561  -0.46688408  0.00407997  0.21906519 -0.14639505]
 [-0.13910087  0.0155173  -0.20214843  0.02764059 -0.12285172]
 [ 0.19246815  0.1167863   0.05871737 -0.0110501  -0.03530379]
 [-0.17381738 -0.08517108 -0.24081475 -0.15657552 -0.06002275]]
U = [[ 0.16555286  0.14916673  0.24110111  0.32504127 -0.08423408]
 [-0.22147481 -0.14235256  0.11934883  0.19398528  0.2985927 ]
 [ 0.21362448  0.04978435 -0.19817738 -0.14550525  0.09689221]
 [ 0.21119371 -0.03651216  0.31705617 -0.08504857 -0.17545992]
 [-0.0525478  -0.09422614 -0.25035741 -0.09221918 -0.03102589]]
Matrix Pair 101; W = [[ 0.26005722  0.03627322  0.06532066 -0.12937569 -0.04644032]
 [-0.21324733 -0.45237956  0.00435774  0.23338061 -0.10953892]
 [-0.11027045  0.02316648 -0.15506082  0.03838989 -0.05347508]
 [ 0.15223402  0.08708436  0.11584642 -0.07641139 -0.02494184]
 [-0.19886814 -0.10883612 -0.25057286 -0.12362851 -0.00260288]]
U = [[ 0.14478328  0.10613948  0.25091954  0.27089985 -0.07313087]
 [-0.26537907 -0.13741542  0.1168147   0.20275851  0.32529978]
 [ 0.23017287 -0.01206405 -0.21516146 -0.10954324  0.15067716]
 [ 0.12527299 -0.03461138  0.29534923 -0.04751962 -0.17849841]
 [-0.05752814 -0.0831674  -0.26840853 -0.09641771 -0.02561464]]
Matrix Pair 102; W = [[ 0.27486739 -0.01106977  0.15284001 -0.09670064 -0.00461298]
 [-0.1918032  -0.37189209 -0.00513514  0.18447283 -0.13092743]
 [-0.11613297  0.01291724 -0.12234161  0.09910156 -0.05589215]
 [ 0.16643309  0.05775701  0.08758999  0.01221852 -0.08756394]
 [-0.19736436 -0.0674612  -0.31087555 -0.14880926 -0.04896392]]
U = [[ 0.16273539  0.11616481  0.17431516  0.29753132 -0.04058318]
 [-0.23226366 -0.15119275  0.02805921  0.27397197  0.33679412]
 [ 0.23682054  0.00074414 -0.21365785 -0.1057441   0.11338885]
 [ 0.1853835  -0.09460857  0.3083887  -0.10012582 -0.19677305]
 [-0.07964455 -0.1032387  -0.21635152 -0.08289482 -0.0398153 ]]
Matrix Pair 103; W = [[ 0.26335328 -0.04640159  0.15490253 -0.1060548  -0.03894597]
 [-0.21637787 -0.38292653 -0.07442282  0.20415243 -0.16000605]
 [-0.13652377  0.01974177 -0.16590071  0.11599947 -0.10548778]
 [ 0.14459668  0.09089254  0.08088434 -0.04341871 -0.09704592]
 [-0.21575217 -0.08682162 -0.22687204 -0.13168409 -0.03289397]]
U = [[ 0.20877627  0.09148536  0.21278128  0.24210641 -0.07149427]
 [-0.22374253 -0.09092279  0.04672307  0.280544    0.36972074]
 [ 0.21702864  0.0487606  -0.21587548 -0.11307296  0.08673138]
 [ 0.17716607 -0.06335297  0.26384498 -0.07306524 -0.1353705 ]
 [-0.06152087 -0.06096875 -0.29179941 -0.04624039 -0.0322614 ]]
Matrix Pair 104; W = [[ 0.25259713 -0.05481949  0.14261457 -0.07391883 -0.06254588]
 [-0.24075644 -0.40778907 -0.07353436  0.13753799 -0.0874357 ]
 [-0.1442697  -0.03217542 -0.14706313  0.05256988 -0.12589108]
 [ 0.20211469  0.06227094  0.10845681  0.00573359 -0.0974846 ]
 [-0.20047366 -0.14145289 -0.30709023 -0.18034477 -0.09429707]]
U = [[ 0.21579961  0.16337562  0.245315    0.26124032 -0.03181174]
 [-0.23607537 -0.1119243   0.02597721  0.2770576   0.29462636]
 [ 0.18774422  0.02154928 -0.18265175 -0.13586199  0.08995608]
 [ 0.18084574 -0.09326912  0.28708777 -0.00779338 -0.18381324]
 [-0.06930217 -0.1218202  -0.24110446 -0.0237006  -0.04035344]]
Matrix Pair 105; W = [[ 0.24840492  0.03106324  0.06437292 -0.07171959 -0.02320576]
 [-0.16399837 -0.41161462 -0.01490095  0.21552296 -0.15782238]
 [-0.11663856  0.00504782 -0.13959748  0.12375937 -0.03858247]
 [ 0.11114688  0.13521475  0.04023268 -0.02596849 -0.05243962]
 [-0.1648313  -0.07805573 -0.3131764  -0.17992582 -0.0342499 ]]
U = [[ 0.14275847  0.16475028  0.23224114  0.27584955 -0.11011227]
 [-0.29181624 -0.08667423  0.07722073  0.28302675  0.34663729]
 [ 0.16819888  0.07538125 -0.2460798  -0.13983069  0.0925208 ]
 [ 0.20774841 -0.10183527  0.2653096  -0.09374627 -0.16728654]
 [-0.08489103 -0.11198241 -0.29218913 -0.03563534 -0.06381602]]
Matrix Pair 106; W = [[ 0.23207938 -0.02403518  0.06631682 -0.0838062  -0.02337219]
 [-0.20790898 -0.4019024  -0.00559613  0.16877154 -0.13366327]
 [-0.10281097  0.03979309 -0.14471331  0.08052138 -0.05539609]
 [ 0.18497029  0.11477538  0.09827615 -0.05606037 -0.08622686]
 [-0.18696262 -0.12273059 -0.21781352 -0.12010195 -0.02204637]]
U = [[ 0.12700195  0.11486932  0.21856186  0.32490743 -0.03178763]
 [-0.30542308 -0.12783326  0.08851494  0.28894168  0.27188342]
 [ 0.17781497  0.03492332 -0.23873973 -0.18172802  0.09770512]
 [ 0.14993088 -0.05997219  0.29568971 -0.056004   -0.20179794]
 [-0.05943367 -0.1203509  -0.20645125 -0.05850435 -0.01266213]]
Matrix Pair 107; W = [[ 0.2344938  -0.0051118   0.09621294 -0.14794663 -0.05121309]
 [-0.23874187 -0.43556613 -0.0198403   0.21948558 -0.10383772]
 [-0.09809316 -0.00532192 -0.12992203  0.10016045 -0.05304532]
 [ 0.11059069  0.07317566  0.06088561 -0.01028012 -0.02767176]
 [-0.25523072 -0.08284386 -0.26051321 -0.12116708 -0.07205689]]
U = [[ 0.13526915  0.13531649  0.19956958  0.27012124 -0.06366704]
 [-0.29978684 -0.18246355  0.10450389  0.25498401  0.33717286]
 [ 0.23949584  0.02181711 -0.20094948 -0.18944093  0.16295024]
 [ 0.21396334 -0.12711493  0.29137395 -0.06689737 -0.21276919]
 [-0.10641987 -0.04528075 -0.25998218 -0.03800359 -0.03935064]]
Matrix Pair 108; W = [[ 0.27685228  0.02201972  0.16020225 -0.11578263 -0.04655682]
 [-0.15526849 -0.40421528 -0.06813709  0.16760103 -0.14034926]
 [-0.12132541 -0.03578922 -0.12561884  0.05151116 -0.12746858]
 [ 0.16736508  0.08702675  0.07716228 -0.02033015 -0.09111669]
 [-0.22590248 -0.13377868 -0.23688755 -0.15525057 -0.01038697]]
U = [[ 0.22091062  0.17246067  0.18582714  0.2774174  -0.0201847 ]
 [-0.20639359 -0.15277276  0.12033238  0.26320915  0.33843755]
 [ 0.16678909  0.01761047 -0.22830978 -0.18822148  0.1363049 ]
 [ 0.19028797 -0.09058951  0.31653359 -0.01144066 -0.15113107]
 [-0.10570192 -0.07196406 -0.28027906 -0.01727176 -0.08236666]]
Matrix Pair 109; W = [[ 0.24642901 -0.04344573  0.14554331 -0.12306066 -0.06505293]
 [-0.2249077  -0.43798007  0.00537058  0.18637866 -0.06575937]
 [-0.0974723   0.03646558 -0.14726412  0.11347729 -0.06536333]
 [ 0.1425107   0.06009907  0.039482   -0.07764996 -0.03000077]
 [-0.23857379 -0.12989934 -0.23242063 -0.1805718  -0.01572787]]
U = [[ 0.21624866  0.07338302  0.25284482  0.29074246 -0.02370704]
 [-0.27498562 -0.17397019  0.10277366  0.22852806  0.30104944]
 [ 0.21482816  0.0300126  -0.19156105 -0.18230776  0.14131128]
 [ 0.20694668 -0.08667385  0.34060937 -0.08171356 -0.14143269]
 [-0.10025163 -0.08925934 -0.26272054 -0.09564271 -0.05729197]]
Matrix Pair 110; W = [[ 0.22041683  0.02854752  0.15887003 -0.06112034 -0.07041393]
 [-0.17312627 -0.40904711  0.0080947   0.17104651 -0.0820969 ]
 [-0.08919118  0.04550679 -0.18401691  0.11024652 -0.10854916]
 [ 0.10719581  0.09047198  0.11866286 -0.02214586 -0.06662557]
 [-0.18269481 -0.05980963 -0.24345998 -0.11955669 -0.0039183 ]]
U = [[ 0.19654717  0.07417054  0.21442531  0.33986926 -0.0877077 ]
 [-0.21633357 -0.14960445  0.02279783  0.22024998  0.29288767]
 [ 0.1600664  -0.00705714 -0.23339003 -0.15636638  0.10490449]
 [ 0.17616458 -0.13329906  0.26882484 -0.023608   -0.1327178 ]
 [-0.04527708 -0.09168865 -0.21341368 -0.06640026 -0.08007075]]
Matrix Pair 111; W = [[ 0.21812863  0.01225255  0.09935842 -0.09489118 -0.02956064]
 [-0.24626013 -0.39774327 -0.03128633  0.14881713 -0.1432315 ]
 [-0.09868984  0.00865059 -0.16125965  0.09627989 -0.07484928]
 [ 0.15644861  0.1084957   0.07039311 -0.04433817 -0.02841901]
 [-0.2459041  -0.07611947 -0.24069698 -0.12566075 -0.05900451]]
U = [[ 0.17713821  0.09157973  0.26880778  0.34074894 -0.03418868]
 [-0.27571017 -0.09761218  0.05993668  0.27550946  0.28617396]
 [ 0.19568537  0.01939824 -0.16359415 -0.11832599  0.15459506]
 [ 0.21265669 -0.11557858  0.2609292  -0.06212478 -0.15455812]
 [-0.01985421 -0.12279274 -0.2472254  -0.06903649 -0.03353387]]
Matrix Pair 112; W = [[ 0.31247023  0.0639543   0.07792547 -0.1105555  -0.12339257]
 [-0.19067825 -0.44677809 -0.10462496  0.18364731 -0.18112456]
 [-0.05857167 -0.04998694 -0.12840548  0.12600944 -0.11681025]
 [ 0.03796413  0.12133423  0.01777802 -0.09287797 -0.04006553]
 [-0.16043786 -0.11504612 -0.32464956 -0.18207518 -0.04326945]]
U = [[ 0.2004664   0.20616785  0.32523364  0.36780774 -0.05347986]
 [-0.21013387 -0.11756323  0.03679672  0.2136383   0.28234347]
 [ 0.17131503  0.00755415 -0.23313911 -0.14558724  0.09489698]
 [ 0.169882   -0.06542155  0.24283145 -0.10246577 -0.14437417]
 [-0.07894386 -0.08674111 -0.20780729 -0.07818082 -0.06086683]]
Matrix Pair 113; W = [[ 0.37078173  0.06031137  0.08764293 -0.03347244 -0.09392743]
 [-0.19313717 -0.46520136 -0.13350771  0.24931485 -0.09820499]
 [-0.10510902 -0.12405039 -0.11871432  0.1413089  -0.02260617]
 [ 0.09243994  0.12915907  0.03635481 -0.04779216 -0.12873101]
 [-0.16120568 -0.08922986 -0.32110208 -0.1228151  -0.05019456]]
U = [[ 0.19585481  0.20933806  0.33540514  0.31181706  0.00217618]
 [-0.23556502 -0.15933923 -0.02725507  0.17851466  0.23718563]
 [ 0.14330881  0.00656184 -0.20454773 -0.13157604  0.16165335]
 [ 0.19600635 -0.03483348  0.23380536 -0.09746701 -0.12628124]
 [-0.12343997 -0.09698982 -0.27578265 -0.0292706  -0.10895436]]
Matrix Pair 114; W = [[ 0.33356821  0.01693982  0.09729765 -0.10362596 -0.04585945]
 [-0.14581356 -0.39825375 -0.12307277  0.21728661 -0.15723271]
 [-0.0837784  -0.07306832 -0.16561951  0.15621021 -0.06265338]
 [ 0.11115515  0.14316048  0.04554882 -0.03249806 -0.10090856]
 [-0.18939741 -0.12057426 -0.28715604 -0.21538798 -0.06530877]]
U = [[ 0.18068881  0.18582919  0.25015709  0.29881959 -0.02891983]
 [-0.22872976 -0.13565494  0.03161512  0.18848224  0.25843223]
 [ 0.19814448 -0.01247976 -0.23924755 -0.14959115  0.19088488]
 [ 0.19007878 -0.03824732  0.25109299 -0.11721903 -0.12757304]
 [-0.03243602 -0.08342562 -0.21493456 -0.0387292  -0.02534376]]
Matrix Pair 115; W = [[ 0.34110026 -0.01367364  0.07341439 -0.11087865 -0.10820767]
 [-0.16900046 -0.42734059 -0.10407912  0.22103429 -0.0986481 ]
 [-0.0933148  -0.10994701 -0.14996791  0.13239965 -0.069167  ]
 [ 0.03555605  0.06042731  0.03220613 -0.1065039  -0.0696382 ]
 [-0.1606335  -0.08644392 -0.33314665 -0.1451009  -0.00080541]]
U = [[ 0.24418484  0.15596598  0.26726033  0.29437662 -0.04311133]
 [-0.22186664 -0.06832869  0.029398    0.15311727  0.24368209]
 [ 0.18982382 -0.02652396 -0.21754658 -0.1759101   0.19007413]
 [ 0.24091353 -0.11746047  0.29960051 -0.09248438 -0.13445795]
 [-0.0640714  -0.07560394 -0.26861782 -0.10853591 -0.0253275 ]]
Matrix Pair 116; W = [[ 3.69909918e-01 -2.69629365e-02  9.40493935e-02 -1.16585498e-01
  -9.05351588e-02]
 [-1.73010206e-01 -4.57168412e-01 -5.54560533e-02  2.15829537e-01
  -1.13262337e-01]
 [-1.21494361e-01 -7.54430904e-02 -2.06341710e-01  1.19396491e-01
  -6.12135359e-02]
 [ 3.98314241e-02  7.07480516e-02  2.99468652e-04 -1.22745542e-01
  -7.21322105e-02]
 [-1.52016370e-01 -9.91166978e-02 -2.87379047e-01 -1.63566543e-01
  -2.21559588e-03]]
U = [[ 0.16953811  0.16602562  0.33794198  0.27012609  0.00221955]
 [-0.24207948 -0.16460997  0.02989686  0.14742874  0.25012541]
 [ 0.1490323  -0.02950917 -0.2632749  -0.12934898  0.10363773]
 [ 0.2349326  -0.03058203  0.24824872 -0.05334289 -0.13074918]
 [-0.07861338 -0.06648413 -0.27287611 -0.04461349 -0.06315027]]
Matrix Pair 117; W = [[ 0.3824769   0.04264314  0.06329773 -0.02425934 -0.03978426]
 [-0.16721445 -0.41059862 -0.10721894  0.23195635 -0.14962354]
 [-0.12039998 -0.06105375 -0.19728591  0.11293346 -0.10979154]
 [ 0.07137563  0.0699512   0.06664595 -0.11871077 -0.06702019]
 [-0.12822789 -0.08415191 -0.33030485 -0.12818911  0.00759931]]
U = [[ 0.16729883  0.16661892  0.24176235  0.31222753 -0.00307613]
 [-0.25538136 -0.15712099 -0.01875164  0.13158931  0.2999111 ]
 [ 0.19688565  0.05862124 -0.20101503 -0.13479416  0.09235698]
 [ 0.16186421 -0.06745131  0.29326999 -0.0435712  -0.16275242]
 [-0.05511135 -0.00923882 -0.27360883 -0.05270601 -0.03148051]]
Matrix Pair 118; W = [[ 0.35047293  0.01076874  0.0812321  -0.02034764 -0.03585705]
 [-0.17651657 -0.39721294 -0.1279774   0.27132603 -0.10715133]
 [-0.1448437  -0.05745549 -0.21405994  0.12276918 -0.04110743]
 [ 0.05082187  0.13294471  0.03756354 -0.10006508 -0.08316319]
 [-0.20579528 -0.10072273 -0.27116555 -0.21054698 -0.04224105]]
U = [[ 0.18769823  0.16536744  0.24818999  0.33913274 -0.01565526]
 [-0.26242868 -0.15901716 -0.05064798  0.16485673  0.28318558]
 [ 0.1309592  -0.01841122 -0.23480476 -0.15702987  0.12421965]
 [ 0.18402463 -0.10616407  0.26768997 -0.12417178 -0.11772519]
 [-0.12880529 -0.0834925  -0.23904057 -0.10791567 -0.09214159]]
Matrix Pair 119; W = [[ 0.36335333 -0.00559347  0.08490909 -0.10899029 -0.07610591]
 [-0.22350246 -0.44102606 -0.11540018  0.27565232 -0.15003582]
 [-0.13944719 -0.11918414 -0.18390236  0.1450136  -0.10353956]
 [ 0.10951815  0.1238491   0.02024055 -0.12360858 -0.05175171]
 [-0.11370937 -0.08869793 -0.30367862 -0.18036181 -0.07335862]]
U = [[ 0.16275174  0.12830581  0.32188406  0.31688697  0.00188744]
 [-0.20009856 -0.16722648 -0.02117204  0.12676029  0.26987235]
 [ 0.21946742 -0.01001871 -0.2652661  -0.19639731  0.10177908]
 [ 0.16952939 -0.10222612  0.23096674 -0.03291991 -0.10828116]
 [-0.11444707 -0.00048133 -0.20700317 -0.02489268 -0.11895582]]
Matrix Pair 120; W = [[ 0.33499986 -0.02462721  0.0902486  -0.11789459 -0.05302719]
 [-0.19980439 -0.37038203 -0.04502719  0.22694989 -0.17056052]
 [-0.07720364 -0.12605861 -0.17020844  0.1307416  -0.04499429]
 [ 0.06664608  0.09091499  0.07147957 -0.0848448  -0.1304914 ]
 [-0.20472138 -0.1436328  -0.24509286 -0.20327604 -0.00480486]]
U = [[ 0.18771687  0.13962184  0.31675946  0.33461948  0.04462525]
 [-0.20696503 -0.09641505 -0.0169949   0.16070974  0.32326843]
 [ 0.21448689 -0.01326695 -0.23501586 -0.16740534  0.15177525]
 [ 0.16758601 -0.06674012  0.23904398 -0.032419   -0.12034056]
 [-0.0920579  -0.04233619 -0.28822116 -0.0372866  -0.10543959]]
Matrix Pair 121; W = [[ 0.38860871 -0.0246302   0.07866586 -0.09494475 -0.09128424]
 [-0.15413697 -0.45191034 -0.04485     0.2197805  -0.17853166]
 [-0.12895262 -0.08453309 -0.15988452  0.07703157 -0.086422  ]
 [ 0.02526785  0.05964572  0.05342484 -0.12562906 -0.08795489]
 [-0.13197443 -0.13919072 -0.28233462 -0.18142956  0.00694005]]
U = [[ 0.24416109  0.16795937  0.3239287   0.35293051  0.02295578]
 [-0.22190052 -0.09477266  0.00037396  0.12658682  0.2885431 ]
 [ 0.1973532   0.03705311 -0.26550887 -0.16024841  0.17141135]
 [ 0.16155959 -0.0491312   0.2507622  -0.08082565 -0.13872963]
 [-0.06454747 -0.06483678 -0.22015721 -0.05770818 -0.04852334]]
Matrix Pair 122; W = [[ 0.4020083   0.01800061  0.10281241 -0.11877146 -0.12411039]
 [-0.21580068 -0.44568855 -0.06316162  0.26735083 -0.16717893]
 [-0.0996113  -0.07623137 -0.18674139  0.08630536 -0.10629972]
 [ 0.05631594  0.12579746  0.02798104 -0.04676928 -0.09865882]
 [-0.11341018 -0.08154384 -0.33159678 -0.2019941  -0.06894755]]
U = [[ 0.18941865  0.15369788  0.30162102  0.36875769 -0.0437034 ]
 [-0.26180361 -0.07688646 -0.00143766  0.14842241  0.29852206]
 [ 0.2115828   0.02843505 -0.20249951 -0.1590253   0.10418412]
 [ 0.20607862 -0.07782723  0.27546427 -0.10490591 -0.18269159]
 [-0.08182932 -0.04636364 -0.21367133 -0.10162797 -0.05208105]]
Matrix Pair 123; W = [[ 0.37627151  0.0023828   0.02971677 -0.05192602 -0.03657284]
 [-0.23024247 -0.36809081 -0.1180081   0.201823   -0.13087868]
 [-0.1259832  -0.06615214 -0.19267088  0.08189529 -0.08499625]
 [ 0.0858419   0.12573361  0.08400866 -0.11266556 -0.07701958]
 [-0.14367118 -0.09416922 -0.2757458  -0.13938    -0.07047911]]
U = [[ 0.2243565   0.13393462  0.28501051  0.31853034 -0.03522441]
 [-0.1883064  -0.13038001 -0.03075172  0.20886768  0.32269642]
 [ 0.20377715 -0.0328483  -0.16963205 -0.18085926  0.17587516]
 [ 0.24206709 -0.02115275  0.23422661 -0.03093079 -0.1490041 ]
 [-0.09213131 -0.03251347 -0.2284582  -0.10460416 -0.03636293]]
Matrix Pair 124; W = [[ 0.31100249  0.06297824  0.0351264  -0.09755139 -0.08704575]
 [-0.2101754  -0.45275353 -0.11302929  0.18700677 -0.17154474]
 [-0.10296537 -0.06197461 -0.17726005  0.08299621 -0.01938619]
 [ 0.1110464   0.08278307  0.01605136 -0.06755368 -0.08255539]
 [-0.18740456 -0.0902555  -0.30028286 -0.14182783 -0.04482606]]
U = [[ 0.15727369  0.14576353  0.26676946  0.34519756 -0.01911273]
 [-0.19115368 -0.16098176 -0.01287761  0.19820753  0.23697377]
 [ 0.18485083  0.02389303 -0.26619458 -0.12440421  0.14574212]
 [ 0.2595744  -0.07049942  0.21135883 -0.0772428  -0.17386872]
 [-0.07690162 -0.04730464 -0.22721528 -0.08802723 -0.07769253]]
Matrix Pair 125; W = [[ 0.31868722 -0.00872264  0.02865282 -0.05464393 -0.06541288]
 [-0.21438415 -0.41343026 -0.13794883  0.2102328  -0.12418488]
 [-0.07622458 -0.04978608 -0.19796524  0.11858908 -0.05326971]
 [ 0.09059182  0.06248344  0.08993237 -0.11244689 -0.04852745]
 [-0.20478672 -0.10230597 -0.29962144 -0.18150445 -0.07064562]]
U = [[ 0.22310285  0.18949089  0.2472526   0.32935278  0.02382105]
 [-0.18972605 -0.14222525  0.02706039  0.14359971  0.2435427 ]
 [ 0.2092874   0.05230269 -0.21915813 -0.19743885  0.14550813]
 [ 0.244796   -0.09720907  0.2069716  -0.1028753  -0.1093949 ]
 [-0.08509783 -0.02927475 -0.28276758 -0.09211819 -0.09138589]]
Matrix Pair 126; W = [[ 0.32441311  0.06703008  0.06859188 -0.07962833 -0.04683441]
 [-0.15016799 -0.38138054 -0.05685045  0.27205546 -0.17916416]
 [-0.10802833 -0.10338093 -0.16157571  0.13319101 -0.0917402 ]
 [ 0.06021607  0.12996973  0.0401591  -0.05343585 -0.04852715]
 [-0.19580243 -0.05593697 -0.29861687 -0.19427078 -0.08788804]]
U = [[ 0.17572623  0.15581117  0.29775607  0.30106932 -0.01799161]
 [-0.22667673 -0.14788713 -0.04572978  0.12882896  0.26148775]
 [ 0.17502675 -0.00997901 -0.22267295 -0.18605182  0.16951634]
 [ 0.25477095 -0.09241514  0.2116147  -0.10532992 -0.16265979]
 [-0.03739762 -0.00533925 -0.24545103 -0.0398178  -0.03597907]]
Matrix Pair 127; W = [[ 0.35547512  0.06493115  0.07557675 -0.11685321 -0.09046685]
 [-0.20090551 -0.40609464 -0.10779066  0.21649416 -0.16606872]
 [-0.0631437  -0.12206868 -0.1437634   0.12387429 -0.05392704]
 [ 0.0933767   0.13802221  0.06638878 -0.10902913 -0.04830459]
 [-0.18244202 -0.12931838 -0.30846564 -0.20717677 -0.03490337]]
U = [[ 0.1864938   0.22229937  0.30095509  0.33122969 -0.03008186]
 [-0.18557597 -0.12466129  0.00392131  0.17498855  0.28691502]
 [ 0.20182473 -0.02815328 -0.20105161 -0.2000017   0.11821735]
 [ 0.22898939 -0.03856248  0.2703135  -0.09774878 -0.15097552]
 [-0.11814542 -0.06800643 -0.28351525 -0.0290802  -0.08586684]]
