Epoch: 52Matrix Pair 0; W = [[ 0.18911983  0.11750848  0.12352777 -0.07711368  0.02459619]
 [-0.09744429 -0.3443894  -0.00239215  0.22249194 -0.07674902]
 [-0.02269758 -0.05611515 -0.07126091  0.1049652  -0.0728599 ]
 [-0.00695948  0.06725733  0.11085416  0.04281908 -0.01786465]
 [-0.08948752 -0.10071037 -0.25318199 -0.26159389 -0.02860237]]
U = [[ 0.1981139   0.10633507  0.28312601  0.30252386  0.00489553]
 [-0.21193257 -0.04516318  0.06058834  0.16172953  0.21856161]
 [ 0.08321136 -0.07962121 -0.19036885 -0.11636085  0.15724421]
 [ 0.21940068 -0.07407583  0.17739675 -0.08171028 -0.16149122]
 [-0.0665818   0.0004689  -0.25833214 -0.01884014 -0.05615714]]
Matrix Pair 1; W = [[ 0.22858567  0.08009244  0.07660052 -0.07618921  0.045194  ]
 [-0.14072233 -0.28588577  0.00056277  0.29817944 -0.07555346]
 [-0.07186504 -0.06338064 -0.09035469  0.12978412 -0.10245737]
 [-0.0632459   0.06474022  0.10126141 -0.02956814 -0.0623663 ]
 [-0.02146135 -0.17714835 -0.29102312 -0.26115407 -0.07760817]]
U = [[ 0.20401866  0.09924844  0.22474744  0.33728972 -0.05270089]
 [-0.2721262  -0.02567751  0.09649502  0.06992405  0.13047999]
 [ 0.0721563  -0.14613602 -0.17061516 -0.08626548  0.18177782]
 [ 0.21516347 -0.07252348  0.21916267 -0.09723996 -0.17184984]
 [ 0.00257619 -0.06087087 -0.28485325 -0.06818767 -0.06171139]]
Matrix Pair 2; W = [[ 0.27424396  0.08585574  0.15304592 -0.13853459  0.02895478]
 [-0.16147362 -0.32604665 -0.05133685  0.302706   -0.14905581]
 [-0.05179021 -0.07807743 -0.15678489  0.08556924 -0.07235906]
 [-0.02962349  0.0520975   0.15630762 -0.0139001  -0.08922925]
 [-0.09754171 -0.1142427  -0.30010528 -0.25461891 -0.00847526]]
U = [[ 0.21380096  0.09380576  0.26089008  0.29765796 -0.0100055 ]
 [-0.19849033 -0.04399409  0.11569375  0.13432161  0.19844183]
 [ 0.12838936 -0.10344334 -0.18135419 -0.11856021  0.19546647]
 [ 0.23186383 -0.06085473  0.23158261 -0.10251635 -0.08426481]
 [-0.0014704   0.01747332 -0.25435406 -0.05332683 -0.09817788]]
Matrix Pair 3; W = [[ 0.20024761  0.05908957  0.07743049 -0.16915949  0.03083924]
 [-0.14384186 -0.36400357 -0.05398303  0.23345155 -0.14338883]
 [-0.06195103 -0.04601294 -0.13896509  0.107067   -0.05414934]
 [-0.03089528  0.04462565  0.19545502  0.00860769 -0.02726594]
 [-0.10326219 -0.09678359 -0.28053569 -0.1712846   0.00055116]]
U = [[ 0.18244906  0.08644344  0.30069132  0.33119938 -0.0660984 ]
 [-0.22766355  0.00481746  0.13195787  0.10503791  0.13999666]
 [ 0.06119822 -0.16143789 -0.12390564 -0.13302382  0.1443869 ]
 [ 0.25014341 -0.08795522  0.22396164 -0.10313613 -0.09386732]
 [-0.0654937  -0.03994802 -0.25381652 -0.00391774 -0.04042096]]
Matrix Pair 4; W = [[ 0.2695712   0.04627988  0.06927582 -0.11564363 -0.00813095]
 [-0.1581088  -0.36318059  0.00039821  0.23808574 -0.06197144]
 [-0.04076913 -0.00932795 -0.0750743   0.09271116 -0.0424244 ]
 [-0.0041144   0.03287657  0.10159375  0.02626625 -0.10364413]
 [-0.05836406 -0.1141111  -0.32638648 -0.17140107 -0.06901259]]
U = [[ 0.2011286   0.12080386  0.31021192  0.27341469 -0.06761802]
 [-0.19270257 -0.02453077  0.09769963  0.11639407  0.12885007]
 [ 0.13161616 -0.11973736 -0.1292956  -0.14653725  0.14218929]
 [ 0.2287832  -0.08449397  0.23407681 -0.12305757 -0.11403565]
 [-0.04248008 -0.03343466 -0.31010813 -0.07438886 -0.04401199]]
Matrix Pair 5; W = [[ 2.39220167e-01  3.43795785e-02  9.30760690e-02 -1.70306454e-01
  -2.35101393e-04]
 [-1.01892802e-01 -2.87809320e-01  1.28515164e-02  2.20226103e-01
  -1.51408665e-01]
 [-4.87476424e-02 -3.14383024e-02 -1.23396605e-01  5.66812534e-02
  -5.77030674e-02]
 [-3.22103476e-03  1.66073065e-02  1.51751574e-01 -3.19060866e-02
  -5.18284221e-02]
 [-1.14954346e-01 -9.58586349e-02 -3.14037002e-01 -2.26452660e-01
  -5.14282333e-02]]
U = [[ 0.17529625  0.07632717  0.2812518   0.33312853 -0.03768371]
 [-0.24591044 -0.01403776  0.06701434  0.08184479  0.16591031]
 [ 0.08453237 -0.08055014 -0.12331467 -0.08820124  0.23236006]
 [ 0.2383768  -0.02189718  0.25791132 -0.14371529 -0.16507746]
 [-0.02163371  0.01668504 -0.268105    0.00243714 -0.09497202]]
Matrix Pair 6; W = [[ 0.24998012  0.11875883  0.12650208 -0.16273342 -0.02142779]
 [-0.16085123 -0.28204604  0.02194859  0.26391246 -0.10316275]
 [-0.0298646  -0.05120085 -0.14286362  0.09291598 -0.10381532]
 [-0.03507129  0.03718877  0.1831923   0.0236847  -0.02178972]
 [-0.10749215 -0.15774905 -0.32455384 -0.16661373  0.00297252]]
U = [[ 0.13314768  0.12156561  0.31472145  0.36953452  0.00630315]
 [-0.24254383  0.0225049   0.05662819  0.07694077  0.12922988]
 [ 0.09359363 -0.11533062 -0.1781634  -0.11891304  0.19944647]
 [ 0.24745598 -0.04650083  0.2565102  -0.15720091 -0.10094327]
 [-0.05132713 -0.00170464 -0.27025914 -0.01106452 -0.06095264]]
Matrix Pair 7; W = [[ 0.24617023  0.11341013  0.06561792 -0.14269135 -0.0177002 ]
 [-0.18960063 -0.32307172 -0.01403952  0.28134033 -0.11168251]
 [-0.03166439 -0.06398199 -0.08530345  0.09077217 -0.11701351]
 [ 0.0016842   0.04983245  0.16922225  0.04520034 -0.0824801 ]
 [-0.02750748 -0.16668116 -0.25737727 -0.23897504 -0.00404137]]
U = [[ 0.14730956  0.11703884  0.31267499  0.28361712 -0.07697481]
 [-0.28188537  0.0205795   0.09757394  0.07780034  0.1997674 ]
 [ 0.1165643  -0.15093966 -0.14892318 -0.13181691  0.22256545]
 [ 0.21961404 -0.05116641  0.24044843 -0.11196875 -0.15226911]
 [-0.01146494  0.01346629 -0.24848993 -0.08798037 -0.06307435]]
Matrix Pair 8; W = [[ 0.27109554  0.09320014  0.13970858 -0.09499779  0.023855  ]
 [-0.11536589 -0.32094528 -0.05687698  0.22729873 -0.08052065]
 [-0.00349027 -0.02511756 -0.1316683   0.06581262 -0.04626495]
 [-0.00813785  0.04266552  0.13705675 -0.02190033 -0.0312178 ]
 [-0.09816541 -0.1431468  -0.31071611 -0.219306   -0.05529896]]
U = [[ 0.18918195  0.12205595  0.22833224  0.36899191 -0.05572888]
 [-0.24406529 -0.05305455  0.08728604  0.12089278  0.2226905 ]
 [ 0.12121868 -0.12935816 -0.14415271 -0.09783806  0.18087722]
 [ 0.26845881 -0.05958036  0.18320046 -0.10242727 -0.09063424]
 [-0.07289518 -0.07433426 -0.27687984 -0.06850808 -0.05876315]]
Matrix Pair 9; W = [[ 0.2482615   0.09563518  0.06137632 -0.10345698  0.01222553]
 [-0.13363002 -0.34015977  0.02642915  0.2913597  -0.1335773 ]
 [-0.01462606 -0.03706422 -0.0761072   0.09897958 -0.06754565]
 [-0.00918687  0.02733487  0.10787643  0.00839955 -0.09528949]
 [-0.03117049 -0.18289284 -0.23646124 -0.17117925 -0.00396675]]
U = [[ 0.21356073  0.14260063  0.30445087  0.27079717 -0.0334022 ]
 [-0.20224472 -0.01110169  0.09514223  0.11922213  0.19342741]
 [ 0.10099818 -0.16969422 -0.15913776 -0.14950289  0.23663117]
 [ 0.25685135 -0.01089299  0.24612908 -0.08042511 -0.08646737]
 [-0.05825565 -0.01057855 -0.22718556 -0.00576115 -0.07045558]]
Matrix Pair 10; W = [[ 0.20592404  0.07255671  0.07082618 -0.0874475  -0.01357288]
 [-0.14725286 -0.37568896  0.0123892   0.28060405 -0.10528719]
 [-0.02484664 -0.00871036 -0.11237303  0.12870851 -0.05186208]
 [-0.07384177  0.09497964  0.11620245 -0.02412057 -0.02731707]
 [-0.10650901 -0.15891642 -0.25639608 -0.22462326 -0.0369318 ]]
U = [[ 0.2133843   0.09828119  0.30659935  0.36370301 -0.0126003 ]
 [-0.24761793 -0.03537861  0.05178654  0.09927082  0.19035254]
 [ 0.09328293 -0.14617518 -0.17519871 -0.08756024  0.18937898]
 [ 0.21840163 -0.0665325   0.18318749 -0.10086665 -0.07950966]
 [-0.04475578 -0.03361439 -0.29689291 -0.03885087 -0.0359841 ]]
Matrix Pair 11; W = [[ 0.26406688  0.1086898   0.14201436 -0.15389572  0.03738867]
 [-0.13558947 -0.34392073 -0.01827299  0.22403883 -0.13472801]
 [-0.03016585 -0.06148924 -0.10793681  0.06053934 -0.10417996]
 [-0.02419051  0.0947347   0.1938799  -0.00141802 -0.0715791 ]
 [-0.08174468 -0.18271909 -0.29558342 -0.19210353 -0.0713812 ]]
U = [[ 0.14544229  0.1323203   0.26560725  0.28966822 -0.02203864]
 [-0.22298289  0.00165231  0.08325843  0.11431151  0.18291382]
 [ 0.14103934 -0.13315491 -0.14663674 -0.05844609  0.14609506]
 [ 0.24534584 -0.03625683  0.22092622 -0.14617982 -0.10908853]
 [ 0.00091429 -0.06402148 -0.28961216 -0.07659185 -0.10513326]]
Matrix Pair 12; W = [[ 0.21318433  0.10990793  0.13785952 -0.15954055  0.00103918]
 [-0.12804288 -0.30642218 -0.06879756  0.21462157 -0.0885213 ]
 [ 0.01417046 -0.08927917 -0.07357169  0.07724115 -0.08377147]
 [-0.00207087  0.05344383  0.13400709  0.03940788 -0.04527714]
 [-0.07563858 -0.14975903 -0.23827767 -0.22576582 -0.02933463]]
U = [[ 0.16779315  0.14986682  0.24172803  0.3461864  -0.02457436]
 [-0.27709752  0.02790219  0.14235283  0.12933934  0.15165845]
 [ 0.0798364  -0.09183131 -0.1384784  -0.12616932  0.23571239]
 [ 0.24306337 -0.07216479  0.19796569 -0.12644979 -0.1424161 ]
 [-0.06062293 -0.03792375 -0.22986801 -0.01793739 -0.11816667]]
Matrix Pair 13; W = [[ 0.24630313  0.09214364  0.13866846 -0.13201046  0.04832412]
 [-0.17065662 -0.28424844 -0.06462141  0.25297958 -0.12411455]
 [ 0.00079941 -0.04877218 -0.0857732   0.0621093  -0.06520518]
 [-0.04524257  0.05130285  0.11719478  0.03970836 -0.09403642]
 [-0.0791364  -0.16329368 -0.24810934 -0.21058023 -0.03137623]]
U = [[ 0.19974865  0.07393978  0.29882792  0.28989329 -0.05939839]
 [-0.25695665 -0.01013583  0.1422747   0.07712974  0.21065289]
 [ 0.11020261 -0.07481207 -0.12149802 -0.12054958  0.22138543]
 [ 0.21885209 -0.0453132   0.25237321 -0.10729    -0.09958569]
 [-0.01322525 -0.06630401 -0.26136029  0.00546316 -0.12120833]]
Matrix Pair 14; W = [[ 0.24245685  0.07228536  0.10686694 -0.0903828   0.00789745]
 [-0.13400534 -0.30363131 -0.03804878  0.24153526 -0.11986354]
 [-0.08056019 -0.00252022 -0.10171052  0.06554831 -0.0407027 ]
 [-0.04880388  0.09906527  0.1622958  -0.02008235 -0.03176837]
 [-0.10892118 -0.09396684 -0.24432826 -0.19182583 -0.0153521 ]]
U = [[ 0.18521929  0.10090127  0.26290449  0.36382535 -0.03584084]
 [-0.27746837  0.01537328  0.13767514  0.12294508  0.20865363]
 [ 0.05314735 -0.12695782 -0.15368592 -0.11303569  0.22876801]
 [ 0.23701848 -0.02600031  0.25458787 -0.13797139 -0.11273081]
 [-0.0094949  -0.01782065 -0.28109827 -0.02558838 -0.04222865]]
Matrix Pair 15; W = [[ 0.27230543  0.06194112  0.08555192 -0.11194889 -0.0268499 ]
 [-0.13194024 -0.2984641   0.02357635  0.20593532 -0.10862754]
 [-0.04352701 -0.09097874 -0.153355    0.09415224 -0.06789588]
 [-0.01793789  0.07464195  0.15103883  0.0135384  -0.01495711]
 [-0.03070169 -0.10355543 -0.26702102 -0.2199518  -0.08187278]]
U = [[ 0.17445731  0.13830356  0.30673959  0.32849582 -0.00135443]
 [-0.27534291 -0.0054822   0.10831406  0.13545017  0.13787053]
 [ 0.11938817 -0.08452069 -0.18841625 -0.13094588  0.17700739]
 [ 0.27095665 -0.08507486  0.21532487 -0.16464252 -0.10525953]
 [-0.01747055 -0.0207095  -0.30403843  0.00778239 -0.07313342]]
Matrix Pair 16; W = [[ 0.26320365  0.05425284  0.17266032 -0.08840212 -0.01328593]
 [-0.24515673 -0.35721765 -0.07616649  0.31498166 -0.06903961]
 [ 0.0146335  -0.01823345 -0.1437738   0.02645735 -0.05345526]
 [ 0.04681945  0.06870167  0.11721613 -0.07018955 -0.08566707]
 [-0.07935247 -0.06766989 -0.32302045 -0.15595352 -0.00080782]]
U = [[ 0.19129335  0.18444268  0.33588158  0.30243797  0.0013362 ]
 [-0.19994916 -0.12757312  0.10015739  0.08414933  0.17148244]
 [ 0.01837245 -0.0973226  -0.19447414 -0.08298007  0.18799269]
 [ 0.22867408 -0.00232414  0.21526455 -0.13994108 -0.05400903]
 [-0.10611133 -0.11958344 -0.1813756  -0.00331932 -0.04113812]]
Matrix Pair 17; W = [[ 0.2532898   0.03689672  0.16184574 -0.06719177 -0.00481339]
 [-0.20698072 -0.43733412 -0.08835862  0.28821859 -0.14828355]
 [-0.06850626  0.01534348 -0.13941759  0.10157424 -0.03846138]
 [ 0.00521919  0.08527775  0.13163011 -0.07480915 -0.17153149]
 [-0.02974974 -0.11675207 -0.29822191 -0.20183861 -0.03902111]]
U = [[ 0.24698125  0.16087478  0.39584298  0.37462085 -0.07593407]
 [-0.29072989 -0.10946732  0.05834754  0.06828641  0.19908616]
 [ 0.08924313 -0.10150474 -0.14400794 -0.08859767  0.15088825]
 [ 0.2003324  -0.01822113  0.27432707 -0.14826353 -0.07264474]
 [-0.08708665 -0.07635131 -0.18225861 -0.0489099  -0.05193435]]
Matrix Pair 18; W = [[ 0.26642154  0.05641466  0.17528147 -0.09176847  0.02540922]
 [-0.19160729 -0.35871004 -0.11556688  0.23541717 -0.16029551]
 [-0.06320832  0.03940299 -0.14236142  0.0323242  -0.10701487]
 [-0.03937926  0.15413642  0.17147708 -0.10432702 -0.13170151]
 [-0.08723804 -0.12222366 -0.29013874 -0.20933463 -0.0910516 ]]
U = [[ 0.23558912  0.15963177  0.40573864  0.34665892 -0.0461446 ]
 [-0.23834933 -0.05985718  0.03509846  0.11144577  0.18260122]
 [ 0.06508897 -0.10037232 -0.21191899 -0.05986761  0.11381552]
 [ 0.13191634 -0.01653058  0.23363208 -0.1289474  -0.08035293]
 [-0.04840985 -0.07643343 -0.22029241 -0.03470158 -0.0376198 ]]
Matrix Pair 19; W = [[ 0.22580445  0.0233344   0.11497924 -0.13083678 -0.05129387]
 [-0.22064026 -0.42563181 -0.13448234  0.27261934 -0.12737648]
 [-0.07656437  0.03036052 -0.11700934  0.03767262 -0.09626868]
 [ 0.01427878  0.15913223  0.17331067 -0.1258214  -0.1727965 ]
 [-0.0629137  -0.08961303 -0.28465156 -0.17735715 -0.08502471]]
U = [[ 0.22660594  0.12853173  0.37414371  0.29934234  0.00527433]
 [-0.28784949 -0.12608631  0.04615734  0.0903486   0.1854329 ]
 [ 0.0139235  -0.06439143 -0.18067661 -0.14875589  0.14151821]
 [ 0.20963341 -0.04738278  0.24402923 -0.09280276 -0.06412125]
 [-0.09449811 -0.07841624 -0.23882238 -0.03793133 -0.07571757]]
Matrix Pair 20; W = [[ 0.28228082  0.05039156  0.10843624 -0.09621553  0.00390203]
 [-0.24716066 -0.34531166 -0.10418769  0.30822219 -0.10751094]
 [-0.08071711 -0.02231198 -0.17531213  0.05003353 -0.03166979]
 [-0.04015345  0.11556869  0.20833254 -0.06128021 -0.10978206]
 [-0.09789838 -0.09266497 -0.24814369 -0.2451918  -0.05800913]]
U = [[ 0.1831536   0.19228661  0.4106374   0.36021753 -0.06202909]
 [-0.28441343 -0.11495863  0.09962615  0.08363386  0.22523476]
 [ 0.04150892 -0.0837924  -0.15056987 -0.07231252  0.17758797]
 [ 0.14304971 -0.03303826  0.24455929 -0.14617335 -0.08350923]
 [-0.11775606 -0.06789814 -0.17420754 -0.00245523 -0.06100236]]
Matrix Pair 21; W = [[ 0.27396134  0.05439213  0.12287923 -0.10792645 -0.0442219 ]
 [-0.24817497 -0.37174562 -0.12901917  0.31122457 -0.14629031]
 [-0.07032997  0.05943372 -0.08413926  0.04475634 -0.01988917]
 [-0.00718235  0.12800563  0.19739351 -0.06709037 -0.09853075]
 [-0.07458791 -0.12131368 -0.29699662 -0.22250789 -0.0483928 ]]
U = [[ 0.21123886  0.15079243  0.37476827  0.35017307 -0.07532976]
 [-0.20883    -0.0780154   0.05208865  0.03650575  0.19580613]
 [ 0.01289262 -0.06710087 -0.21205424 -0.14336861  0.1569721 ]
 [ 0.21868207 -0.04723727  0.2693774  -0.1515523  -0.05490722]
 [-0.12489961 -0.04635352 -0.22294137 -0.08235794 -0.01180909]]
Matrix Pair 22; W = [[ 0.29135686  0.0141488   0.10523664 -0.09010052  0.02732852]
 [-0.18031967 -0.36190121 -0.10865558  0.29338651 -0.14995923]
 [-0.04472805  0.01636145 -0.10312801  0.08574967 -0.10591142]
 [ 0.03456757  0.15628748  0.17232002 -0.12217716 -0.10155218]
 [-0.10437065 -0.06925446 -0.31345219 -0.20197599 -0.03177243]]
U = [[ 0.24174951  0.17133086  0.37421785  0.38446279  0.00701302]
 [-0.29127982 -0.05721715  0.07925324  0.0459449   0.24806166]
 [ 0.03530035 -0.09269745 -0.22248956 -0.11929661  0.14927465]
 [ 0.2160313   0.0102147   0.28822109 -0.12041585 -0.14650253]
 [-0.05815344 -0.09836107 -0.16709667 -0.07438    -0.05267378]]
Matrix Pair 23; W = [[ 0.21204875  0.04079022  0.10550723 -0.09242948 -0.04047195]
 [-0.25595462 -0.41727855 -0.06743827  0.24269328 -0.07174685]
 [-0.07864427 -0.00204058 -0.15872866  0.0266338  -0.01510155]
 [-0.03532508  0.15703025  0.14004892 -0.03706226 -0.14972819]
 [-0.01923289 -0.11521399 -0.32332232 -0.22921216 -0.08068744]]
U = [[ 0.17655369  0.16570185  0.40106121  0.3578052  -0.0017693 ]
 [-0.221908   -0.05116608  0.11188315  0.07325667  0.2578701 ]
 [ 0.01323856 -0.11344352 -0.15938084 -0.10171035  0.14190233]
 [ 0.14058178 -0.04073719  0.28079619 -0.1382768  -0.11198497]
 [-0.06619362 -0.05298336 -0.23729709  0.0012959  -0.08942575]]
Matrix Pair 24; W = [[ 0.25061321 -0.0272516   0.09405983 -0.07484806 -0.02836148]
 [-0.19867196 -0.3648525  -0.06722825  0.27289451 -0.0948445 ]
 [-0.03917838  0.01273632 -0.13069529  0.06436123 -0.09571708]
 [ 0.00241594  0.088342    0.17793101 -0.11085349 -0.089917  ]
 [-0.08103906 -0.0853405  -0.28018378 -0.2377391  -0.05632893]]
U = [[ 0.24897918  0.1247049   0.37803138  0.37683945  0.00171777]
 [-0.28852762 -0.06322257  0.04225849  0.09644019  0.24116835]
 [ 0.05089415 -0.0569281  -0.13273051 -0.11385829  0.13690151]
 [ 0.13226468 -0.0672      0.26620356 -0.10141623 -0.14409927]
 [-0.10294522 -0.11311437 -0.20169095 -0.08533184 -0.04048121]]
Matrix Pair 25; W = [[ 0.26016662 -0.00062363  0.16317592 -0.04425759 -0.01360319]
 [-0.20094994 -0.41728783 -0.07219549  0.3069031  -0.1622147 ]
 [-0.01133936  0.07076308 -0.14677074  0.0769837  -0.06102368]
 [-0.03339317  0.15741373  0.16418016 -0.04434721 -0.09484178]
 [-0.01225847 -0.05333375 -0.32660627 -0.21517678 -0.08641453]]
U = [[ 0.24099989  0.20315112  0.34585409  0.29653512 -0.01927165]
 [-0.22762369 -0.05674089  0.06547692  0.04605208  0.19315248]
 [ 0.07211339 -0.07973993 -0.13524478 -0.0758176   0.10516847]
 [ 0.21701709 -0.07837613  0.30494567 -0.11059251 -0.06738408]
 [-0.06709784 -0.06498697 -0.20500135 -0.05474511 -0.0585975 ]]
Matrix Pair 26; W = [[ 0.21766895 -0.00998013  0.12121844 -0.05856689  0.00669839]
 [-0.2556726  -0.36868124 -0.11144981  0.31018095 -0.10101373]
 [-0.02174156  0.04629685 -0.1715702   0.07470401 -0.08536667]
 [-0.02251737  0.11225137  0.19703785 -0.10191428 -0.14435659]
 [-0.01077479 -0.14643019 -0.31057459 -0.24025274 -0.06520326]]
U = [[ 0.18954483  0.13591617  0.32747659  0.38362787 -0.0756198 ]
 [-0.27355503 -0.04158476  0.06955672  0.06369843  0.22025892]
 [ 0.04228112 -0.08618553 -0.15396485 -0.1123414   0.10217285]
 [ 0.17142988 -0.07716125  0.2307262  -0.17968262 -0.10328285]
 [-0.03600279 -0.05793731 -0.23268803 -0.03645738 -0.03684304]]
Matrix Pair 27; W = [[ 0.2237206  -0.00644444  0.14563209 -0.05099013  0.00703414]
 [-0.21332987 -0.38413816 -0.13550042  0.25246892 -0.15189092]
 [ 0.00070629 -0.0098953  -0.13872418  0.04774816 -0.06311902]
 [-0.00949334  0.13924319  0.20598792 -0.04790192 -0.09601235]
 [-0.06110173 -0.05284662 -0.26004585 -0.23585115 -0.09164964]]
U = [[ 0.17896897  0.1541996   0.37572344  0.3066179  -0.05277249]
 [-0.19991708 -0.06380156  0.04276673  0.10508656  0.22798569]
 [ 0.11120119 -0.07779089 -0.22059517 -0.09884615  0.10891388]
 [ 0.1297408  -0.06244287  0.30273515 -0.09190937 -0.07907546]
 [-0.12097649 -0.09982379 -0.19133389 -0.00833918 -0.05555507]]
Matrix Pair 28; W = [[ 0.24093891 -0.00568125  0.16751242 -0.04442566  0.00810932]
 [-0.25508001 -0.38567836 -0.05126991  0.26560254 -0.16066842]
 [-0.02497155 -0.01747233 -0.15778826  0.09048448 -0.10282604]
 [-0.01280441  0.10586951  0.11768629 -0.06213865 -0.13054474]
 [-0.06146035 -0.12704031 -0.23991008 -0.22419102  0.00067962]]
U = [[ 0.22539707  0.12405006  0.35466401  0.30666313 -0.02037515]
 [-0.26580087 -0.13933524  0.04463753  0.0665745   0.22536431]
 [ 0.06084176 -0.09064109 -0.17546464 -0.13502586  0.16842667]
 [ 0.14701676 -0.08342368  0.28701989 -0.15294072 -0.12108936]
 [-0.03360929 -0.09919647 -0.23416597 -0.08874486 -0.06656051]]
Matrix Pair 29; W = [[ 0.28480325  0.01730709  0.08906679 -0.12942707 -0.01671561]
 [-0.21560428 -0.38543264 -0.06830429  0.25504813 -0.08444932]
 [-0.01425041  0.04725595 -0.14547254  0.08872737 -0.10861481]
 [ 0.03804725  0.09084913  0.15390817 -0.04181995 -0.11793269]
 [-0.05114955 -0.0653176  -0.24612005 -0.20319363 -0.078884  ]]
U = [[ 0.20360225  0.14125158  0.37126993  0.31008622 -0.07640396]
 [-0.28119659 -0.12397104  0.06624601  0.05756074  0.21189159]
 [ 0.08466412 -0.1199954  -0.16522834 -0.06192643  0.1266325 ]
 [ 0.22469497 -0.07434059  0.26821276 -0.13437633 -0.1304863 ]
 [-0.11688253 -0.0967612  -0.23279515 -0.04385172 -0.08480913]]
Matrix Pair 30; W = [[ 0.2105491  -0.03353253  0.17159905 -0.13822155  0.01199371]
 [-0.20526015 -0.36658555 -0.10171511  0.2528294  -0.11493137]
 [-0.01158517  0.00384529 -0.13383532  0.07128999 -0.07563055]
 [ 0.00923878  0.1114133   0.17533161 -0.04162714 -0.12262282]
 [-0.07689665 -0.05291275 -0.3368476  -0.23936252 -0.0885112 ]]
U = [[ 0.18757075  0.14599534  0.31546768  0.32520705  0.0108397 ]
 [-0.24028006 -0.08019627  0.09868314  0.10260041  0.25160714]
 [ 0.09063306 -0.11127342 -0.21063896 -0.14265221  0.12182983]
 [ 0.22692074 -0.03515332  0.260361   -0.18081201 -0.07511272]
 [-0.11655128 -0.080467   -0.19668173 -0.01697487 -0.0497587 ]]
Matrix Pair 31; W = [[ 0.28918997 -0.01935029  0.10886195 -0.05376364 -0.04142569]
 [-0.18697609 -0.43657625 -0.05466928  0.24505448 -0.09018505]
 [-0.04467307 -0.02466573 -0.1024119   0.08371422 -0.02290179]
 [-0.03740625  0.12650743  0.18613277 -0.03811034 -0.16194639]
 [-0.10486267 -0.14827356 -0.26682516 -0.18837304 -0.05908846]]
U = [[ 0.22609027  0.1783608   0.37529632  0.36562378 -0.08427006]
 [-0.20840732 -0.12106144  0.12288928  0.04695192  0.25047938]
 [ 0.07625723 -0.06530954 -0.21451384 -0.06534229  0.16292045]
 [ 0.16410645 -0.04932891  0.29610638 -0.1429236  -0.10971949]
 [-0.07055556 -0.10890448 -0.23430536 -0.06858937 -0.06553946]]
Matrix Pair 32; W = [[ 0.19981248  0.04302536  0.12485815 -0.05927643  0.04901578]
 [-0.08634639 -0.41549048  0.00106705  0.23433742 -0.10540387]
 [-0.01677602  0.01160319 -0.12184945  0.10665603 -0.07802245]
 [ 0.00802786  0.02017978  0.24304251 -0.10891212 -0.04133701]
 [-0.03654802 -0.11727657 -0.34005219 -0.17247058 -0.05999343]]
U = [[ 0.11864984  0.16250644  0.35492504  0.46081035  0.01033634]
 [-0.29223708 -0.13629552  0.09523631  0.16975699  0.1965837 ]
 [ 0.11175965 -0.02551026 -0.20616563 -0.06798814  0.23487004]
 [ 0.22656705 -0.11508433  0.2598044  -0.09004875 -0.1610636 ]
 [-0.16088152  0.04315519 -0.22339453 -0.05034556 -0.08992204]]
Matrix Pair 33; W = [[ 0.29235228  0.02251339  0.0888437  -0.05980815  0.01663975]
 [-0.15215048 -0.43791354 -0.01302471  0.29974193 -0.08337222]
 [-0.08962106 -0.04058146 -0.14760826  0.09407751 -0.08334089]
 [ 0.06463087  0.04628277  0.2298816  -0.09594528 -0.1227072 ]
 [-0.0089866  -0.0593282  -0.3398725  -0.17606226 -0.02097966]]
U = [[ 0.09215651  0.12871764  0.26685468  0.3660518   0.01693257]
 [-0.25243264 -0.11854871  0.01277877  0.12738893  0.24455345]
 [ 0.03843869 -0.05521756 -0.15057468 -0.06444969  0.19547   ]
 [ 0.22698963 -0.1204116   0.26507158 -0.12273996 -0.15793178]
 [-0.09449782 -0.01603689 -0.23368239 -0.0475449  -0.01207357]]
Matrix Pair 34; W = [[ 0.28552544  0.05609748  0.13605249 -0.07676169  0.0280809 ]
 [-0.10483896 -0.42956693 -0.04326407  0.28648584 -0.1455927 ]
 [-0.05424094 -0.04769676 -0.13415134  0.08327271 -0.0936681 ]
 [ 0.02304501  0.04905249  0.24849123 -0.10013111 -0.07423657]
 [-0.08286119 -0.10424054 -0.28138405 -0.17928187 -0.06920487]]
U = [[ 0.11460578  0.10544245  0.32563776  0.39724833  0.02540372]
 [-0.3068617  -0.10103558  0.026519    0.11857841  0.20374661]
 [ 0.06567401 -0.02980433 -0.18101892 -0.07800372  0.18853496]
 [ 0.13574972 -0.0869257   0.2528727  -0.12101713 -0.09392295]
 [-0.09271725 -0.01033229 -0.22927983 -0.00674714 -0.0361705 ]]
Matrix Pair 35; W = [[ 0.22533311  0.04945899  0.17076805 -0.06116329  0.02406946]
 [-0.08016479 -0.42826526 -0.06629391  0.27297042 -0.14430647]
 [-0.02048619  0.01537481 -0.10390718  0.11403978 -0.15491163]
 [ 0.06408433  0.03289234  0.21940098 -0.10912212 -0.056979  ]
 [-0.04065116 -0.10382505 -0.27839029 -0.13858372 -0.00480539]]
U = [[ 0.12197082  0.16159612  0.32387131  0.46041056 -0.04937142]
 [-0.21803374 -0.12687144  0.02720145  0.15281965  0.24067133]
 [ 0.10483171 -0.04789793 -0.1973284  -0.09030394  0.22199228]
 [ 0.19489905 -0.11407548  0.29981409 -0.16961421 -0.10752023]
 [-0.08358922  0.02418721 -0.2286208  -0.02184933 -0.09252128]]
Matrix Pair 36; W = [[ 0.28075314  0.05505831  0.16516453 -0.07875884  0.0077196 ]
 [-0.16574236 -0.43296902 -0.05576322  0.21268669 -0.12868227]
 [-0.0394682   0.03847865 -0.18226658  0.04413814 -0.08216628]
 [ 0.09681843  0.04021938  0.2600388  -0.09046078 -0.07153438]
 [-0.08332133 -0.07273254 -0.34707837 -0.15741041 -0.0694734 ]]
U = [[ 0.17798733  0.13901251  0.2654543   0.41540548 -0.06711807]
 [-0.2825078  -0.13817792  0.07315532  0.11917334  0.21937939]
 [ 0.0709055  -0.07370257 -0.17794079 -0.14540933  0.21486954]
 [ 0.13396563 -0.05538318  0.21445824 -0.13249171 -0.11434505]
 [-0.08676562 -0.00357448 -0.22167033 -0.06043098 -0.05662975]]
Matrix Pair 37; W = [[ 0.24881924  0.06584962  0.15014191 -0.08569965  0.09525586]
 [-0.13797604 -0.36107384 -0.07114027  0.28413027 -0.0923637 ]
 [-0.05065816 -0.02784534 -0.17445591  0.10013583 -0.16256274]
 [ 0.07670646  0.04596122  0.23930555 -0.07143686 -0.06369785]
 [-0.02456503 -0.0902255  -0.30684477 -0.19420602 -0.00750525]]
U = [[ 0.13528929  0.12461468  0.34154028  0.36844045  0.02085097]
 [-0.25635943 -0.10473247  0.04381904  0.10453057  0.2755957 ]
 [ 0.02844915 -0.02797985 -0.18825905 -0.09646229  0.17561518]
 [ 0.16080504 -0.05525045  0.22318494 -0.1254782  -0.16658774]
 [-0.14535282  0.04762679 -0.2155358  -0.07159007 -0.08039862]]
Matrix Pair 38; W = [[ 0.29210092  0.01326409  0.11304151 -0.0530831   0.0300985 ]
 [-0.17207286 -0.34257042 -0.02120147  0.25109931 -0.12791266]
 [-0.09694972  0.03792908 -0.15628735  0.03761181 -0.15804   ]
 [ 0.09554241  0.07618178  0.21258669 -0.02690572 -0.05348307]
 [-0.06761565 -0.10810379 -0.32172465 -0.16635676  0.01249254]]
U = [[ 0.16678044  0.11852861  0.33843293  0.3733125  -0.0108102 ]
 [-0.2457169  -0.04757859  0.09953244  0.15765896  0.19559124]
 [ 0.05198375 -0.08532118 -0.1975622  -0.0871113   0.18651154]
 [ 0.1935118  -0.05359772  0.26469368 -0.1444304  -0.11229307]
 [-0.09154228  0.04851158 -0.21953085 -0.08894694 -0.07623339]]
Matrix Pair 39; W = [[ 0.25638355  0.05338117  0.11354897 -0.12975607  0.08354523]
 [-0.12634622 -0.43136451 -0.07199653  0.30256199 -0.08597568]
 [-0.05608562  0.01541301 -0.17951662  0.05536562 -0.1665766 ]
 [-0.00182545  0.03088836  0.27139967 -0.09543932 -0.0758377 ]
 [ 0.00438681 -0.09601469 -0.29060769 -0.17830859 -0.04651426]]
U = [[ 0.1339546   0.17912306  0.31814737  0.37648345  0.02025056]
 [-0.22831374 -0.0973597   0.08029942  0.13743487  0.22473626]
 [ 0.09788771 -0.08494232 -0.14342313 -0.11656072  0.1617007 ]
 [ 0.18308374 -0.05401512  0.28794919 -0.12964023 -0.07969234]
 [-0.12083742  0.03772622 -0.19644458 -0.03837538 -0.03178621]]
Matrix Pair 40; W = [[ 0.23604071  0.07803976  0.08519969 -0.11237686  0.02123129]
 [-0.15576368 -0.43662842 -0.05636612  0.30228216 -0.09249964]
 [-0.0283406   0.04431177 -0.10933863  0.1145832  -0.07798353]
 [ 0.08270171  0.08824743  0.25356458 -0.11176178 -0.05108608]
 [-0.01757606 -0.12418473 -0.34354006 -0.22303637 -0.02163885]]
U = [[ 0.11614768  0.15101886  0.27356482  0.43942921 -0.04625695]
 [-0.23832826 -0.11164085  0.02499462  0.13367124  0.21258722]
 [ 0.06091948 -0.10501987 -0.18975125 -0.13443635  0.20251494]
 [ 0.20883322 -0.06871389  0.2946766  -0.14685812 -0.09877982]
 [-0.14286147  0.03695731 -0.25786168 -0.01797422 -0.08310757]]
Matrix Pair 41; W = [[ 0.21191118  0.05252884  0.1616943  -0.08617742  0.01045928]
 [-0.11115904 -0.34849514 -0.04172217  0.22682306 -0.0901358 ]
 [-0.11125617 -0.02510738 -0.09077317  0.07868048 -0.13769774]
 [ 0.00182035  0.03870117  0.18530334 -0.07110061 -0.06162093]
 [-0.01893725 -0.08132691 -0.3384356  -0.21481624 -0.04648143]]
U = [[ 0.14898249  0.08190109  0.2836815   0.39260491 -0.05488692]
 [-0.23117203 -0.10572794  0.07282103  0.16920494  0.19860844]
 [ 0.07046524 -0.09443187 -0.18480902 -0.12119423  0.24769426]
 [ 0.20700683 -0.06661706  0.27808694 -0.11301029 -0.10627997]
 [-0.07602709 -0.04706614 -0.20905799 -0.07824434 -0.0411761 ]]
Matrix Pair 42; W = [[ 0.26703491  0.03134861  0.16365233 -0.05571868  0.09676844]
 [-0.09682835 -0.4131433  -0.05649917  0.28934608 -0.13063806]
 [-0.04337524  0.04185837 -0.11379824  0.08225001 -0.14732341]
 [ 0.08159732  0.10022902  0.19409467 -0.10329263 -0.0551064 ]
 [ 0.00047909 -0.11173076 -0.29955841 -0.20230596 -0.03762232]]
U = [[ 0.18481613  0.14902347  0.30108712  0.3730477   0.02066176]
 [-0.25949582 -0.14718429  0.01783214  0.09361892  0.19954625]
 [ 0.11626885 -0.1153695  -0.13380564 -0.09460331  0.19831887]
 [ 0.21893768 -0.08688876  0.24652289 -0.15239538 -0.12219129]
 [-0.10054526  0.04080608 -0.19047888 -0.02802869 -0.05780503]]
Matrix Pair 43; W = [[ 0.28264572  0.0109348   0.13617469 -0.10366608  0.03046934]
 [-0.10695845 -0.36995756 -0.06429025  0.2286772  -0.14432849]
 [-0.02375675 -0.01091859 -0.12003299  0.10108429 -0.16596843]
 [ 0.01692315  0.08485844  0.2624904  -0.11059565 -0.11024837]
 [ 0.01149438 -0.06660704 -0.3141372  -0.20018047 -0.03961669]]
U = [[ 0.17782338  0.14780973  0.3354255   0.37658786 -0.00913135]
 [-0.26645092 -0.05495315  0.05667623  0.08695343  0.19722009]
 [ 0.06911291 -0.03637497 -0.12052689 -0.10964735  0.2097253 ]
 [ 0.22774681 -0.06575335  0.26268198 -0.14219405 -0.1401055 ]
 [-0.11858542 -0.02090605 -0.26240317 -0.03232046 -0.06516777]]
Matrix Pair 44; W = [[ 0.22453883  0.06359514  0.15062507 -0.09728455  0.07016409]
 [-0.15855687 -0.4302061  -0.00053775  0.28529444 -0.10608938]
 [-0.03985146  0.01481764 -0.13607587  0.05663203 -0.07381623]
 [ 0.0285071   0.0436764   0.23109101 -0.04351453 -0.0619704 ]
 [-0.07337804 -0.13683236 -0.33869163 -0.21068297 -0.00796849]]
U = [[ 0.10002406  0.12070672  0.33346583  0.37792019 -0.0522161 ]
 [-0.241529   -0.10608112  0.07922427  0.12268745  0.23242939]
 [ 0.09436151 -0.11641387 -0.1713557  -0.12690904  0.22221811]
 [ 0.21598985 -0.06197881  0.24279315 -0.09490147 -0.14562053]
 [-0.13018866  0.01568639 -0.28236302 -0.04720157 -0.05397117]]
Matrix Pair 45; W = [[ 0.22587786  0.0365676   0.09157504 -0.10540623  0.03307853]
 [-0.07874489 -0.405052   -0.08731295  0.24207611 -0.13077905]
 [-0.10405222  0.04068098 -0.16952989  0.0293676  -0.13048372]
 [ 0.00751401  0.10130813  0.2565091  -0.07578559 -0.11081813]
 [-0.06289424 -0.08926159 -0.30204623 -0.18727404 -0.04656715]]
U = [[ 0.12997783  0.16234138  0.32900271  0.37450922 -0.01194698]
 [-0.23062761 -0.12912766  0.01101757  0.12962275  0.22822164]
 [ 0.07862964 -0.10398702 -0.14569777 -0.07609295  0.20607103]
 [ 0.16576639 -0.04772281  0.26266702 -0.15050101 -0.13639486]
 [-0.07209168 -0.01668307 -0.20778038 -0.03948648 -0.06676395]]
Matrix Pair 46; W = [[ 0.25652783  0.04401417  0.09208688 -0.05076808  0.00413633]
 [-0.14490456 -0.41126514 -0.00728172  0.2687807  -0.11039022]
 [-0.01943365  0.01713425 -0.10244824  0.0428744  -0.07817348]
 [ 0.08859002  0.03762527  0.26436922 -0.0410569  -0.05815687]
 [-0.06918379 -0.07886225 -0.34277973 -0.18534257 -0.03783765]]
U = [[ 0.09650474  0.15616941  0.30688328  0.37399853 -0.04905346]
 [-0.23772361 -0.12748169  0.06547146  0.11629375  0.20283458]
 [ 0.10633038 -0.08342232 -0.15488866 -0.1425988   0.16708418]
 [ 0.17419253 -0.03667588  0.24067639 -0.13106367 -0.14601613]
 [-0.0983886  -0.03510044 -0.27510769 -0.0103415  -0.10886111]]
Matrix Pair 47; W = [[ 0.28790139  0.04072359  0.14617518 -0.05990954  0.09160076]
 [-0.1015458  -0.35699188 -0.07253343  0.20750979 -0.13922266]
 [-0.08190097  0.01360308 -0.12293062  0.09735395 -0.17022783]
 [ 0.04672304  0.09496103  0.2106477  -0.08789642 -0.09721721]
 [-0.01510947 -0.08637135 -0.29353875 -0.15930615 -0.05797628]]
U = [[ 0.09426582  0.15397666  0.26878553  0.42161828 -0.04215308]
 [-0.27713664 -0.13199296  0.07458199  0.15570791  0.2870127 ]
 [ 0.02314717 -0.05975837 -0.14422028 -0.10428627  0.17203886]
 [ 0.22833375 -0.04337417  0.27073843 -0.15280036 -0.13339607]
 [-0.15072409  0.0312061  -0.25816806 -0.05188915 -0.06633416]]
Matrix Pair 48; W = [[ 0.1327825   0.03349664  0.15780618 -0.06621049  0.00390724]
 [-0.0995006  -0.40075608 -0.02992702  0.3129241  -0.16332558]
 [-0.05725641 -0.04038275 -0.16715624  0.02800595 -0.06283219]
 [ 0.07110958  0.10086011  0.16338225 -0.09065184 -0.04782694]
 [-0.10339831 -0.11315522 -0.19349833 -0.19209228 -0.0246599 ]]
U = [[ 0.2113047   0.22198282  0.38842267  0.3792579  -0.04242947]
 [-0.40292876 -0.10441107  0.08565592  0.16925694  0.14144852]
 [ 0.04429045 -0.09107184 -0.24772972 -0.06444147  0.12998888]
 [ 0.19148651  0.0288727   0.19059023 -0.0865779  -0.16568895]
 [-0.13470237 -0.04427677 -0.29263582 -0.04142073 -0.0563954 ]]
Matrix Pair 49; W = [[ 0.16733295 -0.01123571  0.11059261 -0.11333687  0.02337211]
 [-0.10997583 -0.37439781 -0.01225377  0.26064731 -0.1822295 ]
 [-0.02306572  0.00926953 -0.12862798  0.08239401  0.00037499]
 [ 0.01228084  0.13170068  0.11833022 -0.06585917 -0.11774088]
 [-0.14007083 -0.13560576 -0.26974066 -0.20906416 -0.06086241]]
U = [[ 0.1400668   0.17044101  0.31597139  0.36409395 -0.03245474]
 [-0.34476329 -0.07619883  0.12428582  0.08679958  0.14433493]
 [ 0.09990495 -0.02662991 -0.18403225 -0.06386265  0.17162195]
 [ 0.21912023  0.02719946  0.24066276 -0.06414418 -0.1543722 ]
 [-0.11893838 -0.06923763 -0.25487048 -0.00952418 -0.0572207 ]]
Matrix Pair 50; W = [[ 0.13942384 -0.00539824  0.15247994 -0.06646544  0.02996042]
 [-0.1102087  -0.39800163  0.03002265  0.27576025 -0.12918938]
 [-0.06895553  0.01304337 -0.136572    0.07150005  0.00927477]
 [ 0.00372601  0.1054491   0.17874856 -0.12372062 -0.03390118]
 [-0.09278775 -0.1597087  -0.22256079 -0.17357886 -0.10905811]]
U = [[ 0.13131981  0.20609158  0.3259041   0.35159531 -0.06335594]
 [-0.3575407  -0.14252811  0.11830595  0.09683267  0.10410228]
 [ 0.03854016 -0.0259918  -0.21075393 -0.08816389  0.13410921]
 [ 0.22130977  0.06936787  0.202695   -0.06305461 -0.10303409]
 [-0.08565974  0.00213129 -0.30270367 -0.04393787 -0.01118135]]
Matrix Pair 51; W = [[ 0.16747662  0.05991419  0.08518895 -0.07726014  0.04111733]
 [-0.15559178 -0.37519597 -0.03824252  0.27710063 -0.12647012]
 [-0.10584088 -0.03531224 -0.09392972  0.05425627 -0.03484532]
 [-0.02488965  0.15669189  0.17257028 -0.12525775 -0.01977879]
 [-0.15390285 -0.15276612 -0.27026902 -0.20259626 -0.0114713 ]]
U = [[ 0.17614833  0.16595851  0.30736761  0.30852129 -0.0194088 ]
 [-0.41926045 -0.09755485  0.08322983  0.1209425   0.17391497]
 [ 0.08819615 -0.07570679 -0.23333608 -0.06464457  0.18332389]
 [ 0.24938924  0.07101714  0.1626786  -0.06890355 -0.15616412]
 [-0.09961126 -0.04097479 -0.23449449  0.03859214 -0.03763379]]
Matrix Pair 52; W = [[ 0.1680807   0.01821333  0.16913553 -0.15357938  0.0516709 ]
 [-0.09034328 -0.38306997  0.02064967  0.30472257 -0.20420087]
 [-0.03124819 -0.01594934 -0.1463444   0.06970583 -0.01671325]
 [ 0.05785042  0.12612699  0.16964428 -0.1197937  -0.04322553]
 [-0.11305943 -0.14871187 -0.25080863 -0.18523991 -0.07921555]]
U = [[ 0.13325747  0.20164965  0.38593605  0.36803211  0.01650389]
 [-0.32830553 -0.0546989   0.15361077  0.13237226  0.12057611]
 [ 0.11545402 -0.04403744 -0.23184471 -0.09352622  0.16019237]
 [ 0.20812387  0.02483676  0.15503841 -0.06364167 -0.16307392]
 [-0.1039819  -0.03005087 -0.26431623 -0.04916128 -0.04369074]]
Matrix Pair 53; W = [[ 0.13311238  0.07081604  0.10207503 -0.13663948  0.00997208]
 [-0.08723905 -0.35068559  0.02970765  0.26052898 -0.15136952]
 [-0.06906052 -0.04912987 -0.14919628  0.02271189 -0.03114593]
 [ 0.03932455  0.18332958  0.09691923 -0.11658308 -0.08781584]
 [-0.09836746 -0.06811064 -0.24221364 -0.20225632 -0.10268943]]
U = [[ 0.13356863  0.19180503  0.38261319  0.3489784  -0.02673283]
 [-0.40627173 -0.13214677  0.10805655  0.11101502  0.13364348]
 [ 0.06115772 -0.10120032 -0.16874764 -0.02522746  0.16255977]
 [ 0.17856536 -0.01794909  0.15532897 -0.14986234 -0.15240327]
 [-0.05617955 -0.04497801 -0.29436396  0.0055111  -0.02847582]]
Matrix Pair 54; W = [[ 0.19794912  0.07992481  0.11280492 -0.11771756  0.08674968]
 [-0.13729243 -0.38053734  0.03608294  0.27030323 -0.16212883]
 [-0.04224782  0.01899216 -0.08499533  0.06758174 -0.06343573]
 [ 0.02327693  0.1188846   0.12839017 -0.04433706 -0.04209965]
 [-0.09385805 -0.16302481 -0.26702031 -0.20052966 -0.06080155]]
U = [[ 0.15108615  0.16927353  0.3731335   0.35196972 -0.00078834]
 [-0.35585201 -0.05051877  0.13624431  0.10180548  0.13210561]
 [ 0.03536419 -0.04198988 -0.22475054 -0.03829938  0.19266152]
 [ 0.20176847  0.02909271  0.21180652 -0.10122332 -0.10264826]
 [-0.04384117 -0.05699086 -0.23640333 -0.04799193 -0.0697004 ]]
Matrix Pair 55; W = [[ 0.18253144 -0.0100683   0.17246175 -0.12896321  0.08834132]
 [-0.13546862 -0.34042531 -0.03979075  0.25327224 -0.11507395]
 [-0.04207566 -0.00370603 -0.11087609  0.03622446  0.00801116]
 [-0.01358973  0.11665919  0.1671805  -0.03793465 -0.04257366]
 [-0.08507386 -0.10875901 -0.19894234 -0.22534596 -0.02924247]]
U = [[ 0.18811926  0.23568127  0.3650191   0.3020931  -0.04486366]
 [-0.40212394 -0.05017606  0.10885354  0.16589538  0.11213097]
 [ 0.05426929 -0.05564658 -0.18887238 -0.09676043  0.20448435]
 [ 0.19214036 -0.00855824  0.23213312 -0.12030071 -0.14150647]
 [-0.12411344  0.00530755 -0.30844411  0.00486096 -0.0708123 ]]
Matrix Pair 56; W = [[ 0.21270425  0.07828418  0.12551455 -0.08331065  0.00594627]
 [-0.1529007  -0.3132134  -0.04121707  0.30544397 -0.11020023]
 [-0.08040833 -0.06043659 -0.16016365  0.07986651 -0.05379888]
 [ 0.04290638  0.18184733  0.13345401 -0.05646491 -0.11721736]
 [-0.12783897 -0.11770664 -0.22343357 -0.2175596  -0.04634929]]
U = [[ 0.11462971  0.15046959  0.36342486  0.34511855 -0.00094561]
 [-0.4149188  -0.06429748  0.11318044  0.1016167   0.18067263]
 [ 0.08911281 -0.07951098 -0.25189963 -0.03431048  0.21469045]
 [ 0.22932431  0.01093065  0.24393361 -0.08175761 -0.15031968]
 [-0.12374437 -0.05335531 -0.26034389 -0.04380733 -0.01611248]]
Matrix Pair 57; W = [[ 0.1890208   0.07719512  0.12141965 -0.06212453  0.07218026]
 [-0.0743609  -0.33024936  0.03190402  0.31208149 -0.13564991]
 [-0.06500128 -0.05996366 -0.17548855  0.03041654 -0.02990506]
 [-0.0217342   0.17792738  0.14634261 -0.09274708 -0.11285939]
 [-0.07803003 -0.16302707 -0.21784741 -0.21478345 -0.09113094]]
U = [[ 0.20289593  0.19024407  0.34133585  0.30122482 -0.00357987]
 [-0.33351675 -0.09078072  0.12258257  0.09973825  0.14376093]
 [ 0.06137303 -0.11282374 -0.20806407 -0.02151032  0.15902566]
 [ 0.21680868 -0.02316919  0.16935096 -0.1310197  -0.09731756]
 [-0.09207827  0.00411966 -0.23572143 -0.03593207 -0.0239732 ]]
Matrix Pair 58; W = [[ 0.14114249 -0.00261505  0.12818059 -0.13218445  0.03684604]
 [-0.09913077 -0.36604972  0.03799912  0.26004048 -0.1912576 ]
 [-0.06707892 -0.02462285 -0.09087696  0.05657689 -0.03114547]
 [ 0.0556673   0.0894653   0.13676753 -0.08868861 -0.03986595]
 [-0.10156794 -0.06789867 -0.27142185 -0.18827837 -0.08360176]]
U = [[ 0.19082216  0.22016089  0.31076895  0.34496105 -0.04933393]
 [-0.38549598 -0.09737296  0.06827389  0.17547296  0.10470491]
 [ 0.03576074 -0.09561015 -0.17041975 -0.08147596  0.12423577]
 [ 0.19341001  0.01023177  0.21575239 -0.10308625 -0.07803937]
 [-0.06382336 -0.0512198  -0.29401103 -0.05158831 -0.03322554]]
Matrix Pair 59; W = [[ 0.14619046  0.01273868  0.14658583 -0.11399896  0.00829682]
 [-0.14369184 -0.33569769 -0.00907804  0.30469409 -0.12842807]
 [-0.08566306 -0.03477124 -0.16721154  0.094637   -0.07462258]
 [ 0.03784252  0.12092595  0.16352092 -0.07493174 -0.03240124]
 [-0.16669448 -0.12303111 -0.2518243  -0.23058403 -0.01962699]]
U = [[ 0.11533517  0.22739149  0.34634249  0.36647923  0.00275999]
 [-0.38265415 -0.0646064   0.10813262  0.081443    0.13546613]
 [ 0.03219856 -0.06075575 -0.20004969 -0.09021087  0.18227853]
 [ 0.2400288   0.06866268  0.15234752 -0.11185491 -0.12768986]
 [-0.06053021 -0.02931968 -0.22573501 -0.01856567 -0.03670266]]
Matrix Pair 60; W = [[ 0.20184769  0.07994668  0.15466704 -0.09908815  0.00595765]
 [-0.15969004 -0.39846622 -0.04184817  0.25301743 -0.16429822]
 [-0.09024758 -0.01159342 -0.09360757  0.03744406 -0.01296614]
 [ 0.00717892  0.17080843  0.15355289 -0.06635537 -0.09345419]
 [-0.13671826 -0.08248837 -0.26570021 -0.22770169 -0.01386726]]
U = [[ 0.1757267   0.15894012  0.39876982  0.37954732 -0.03567815]
 [-0.40419244 -0.11404811  0.09216787  0.15711409  0.16021215]
 [ 0.1230421  -0.11692885 -0.19531073 -0.03798132  0.19890423]
 [ 0.18080561  0.02715674  0.21481846 -0.14003829 -0.10296442]
 [-0.11928411  0.00331914 -0.27083201 -0.01557272 -0.06323788]]
Matrix Pair 61; W = [[ 0.13177298  0.01875135  0.12225897 -0.13294804  0.0074425 ]
 [-0.07794566 -0.4034369   0.01806915  0.27796937 -0.18085095]
 [-0.07469363 -0.0323161  -0.16403792  0.00398085 -0.08530475]
 [ 0.04805257  0.12247851  0.12889569 -0.10971201 -0.07319141]
 [-0.12677745 -0.11570897 -0.2791582  -0.16786001 -0.02169307]]
U = [[ 0.13626589  0.21680022  0.34680878  0.35218767 -0.0498896 ]
 [-0.35218136 -0.12486317  0.08514564  0.07811425  0.19663272]
 [ 0.06612392 -0.04150648 -0.23475792 -0.07858284  0.13153083]
 [ 0.19114778  0.04611639  0.24547825 -0.12146203 -0.11576369]
 [-0.09643776 -0.07278526 -0.2321013  -0.01116769 -0.04017206]]
Matrix Pair 62; W = [[ 0.21030343  0.05340211  0.16921343 -0.08210282  0.08431323]
 [-0.12358755 -0.39223699 -0.03609     0.23661087 -0.11841445]
 [-0.03017876 -0.01724903 -0.09441589  0.05193493 -0.04482359]
 [ 0.06894467  0.14566943  0.13201075 -0.11617914 -0.02257595]
 [-0.12784595 -0.12415155 -0.18830007 -0.24602995 -0.06988506]]
U = [[ 1.43036989e-01  1.55905046e-01  3.08591039e-01  3.27104810e-01
  -4.45296381e-02]
 [-3.56760410e-01 -9.93316173e-02  1.06631137e-01  1.03468748e-01
   1.76960764e-01]
 [ 1.19995161e-01 -8.46394957e-02 -2.26157984e-01 -6.99724678e-02
   1.90302753e-01]
 [ 2.56536700e-01  3.18207524e-04  2.41900761e-01 -8.13632829e-02
  -1.01697220e-01]
 [-4.81342541e-02 -5.35695540e-02 -2.18198031e-01  3.02797460e-02
  -8.47300990e-02]]
Matrix Pair 63; W = [[ 0.19617903  0.01295457  0.14832223 -0.13044239  0.07369424]
 [-0.158202   -0.33454011  0.02581268  0.2567565  -0.14046614]
 [-0.11339287  0.02119377 -0.121448    0.03082632  0.00276606]
 [ 0.0103285   0.15627361  0.1201944  -0.06485587 -0.09432928]
 [-0.09280147 -0.08325362 -0.20556061 -0.21067894 -0.01682229]]
U = [[ 0.1268851   0.21347148  0.31771277  0.37008848 -0.05948187]
 [-0.40490246 -0.06471956  0.06075983  0.08527553  0.19609483]
 [ 0.0938476  -0.0954264  -0.1973751  -0.03792457  0.20741861]
 [ 0.24638962 -0.00930303  0.15268213 -0.12423963 -0.12500634]
 [-0.1173672  -0.07850879 -0.27594297 -0.03329897 -0.02755641]]
Matrix Pair 64; W = [[ 0.24417629  0.03389586  0.12911056 -0.17442006  0.10433055]
 [-0.15698405 -0.34086882 -0.03149065  0.31365345 -0.04177901]
 [-0.01026537  0.00591224 -0.08028417  0.03221744 -0.02600119]
 [-0.02805128  0.07924068  0.19778003 -0.02073372 -0.0523257 ]
 [-0.07019048 -0.12338738 -0.2212741  -0.16002543 -0.02035143]]
U = [[ 0.1897978   0.14065441  0.28993987  0.34848122 -0.05985557]
 [-0.28140357 -0.08819489  0.12801537  0.18583916  0.18386454]
 [ 0.01382749 -0.10322935 -0.22387656 -0.10025836  0.17549845]
 [ 0.30313151 -0.05661974  0.18472899 -0.1022452  -0.10822406]
 [-0.11639809 -0.02482196 -0.23267215 -0.04244709 -0.08101465]]
Matrix Pair 65; W = [[ 0.14534963 -0.03429411  0.11068219 -0.15362152  0.10585393]
 [-0.0864896  -0.33984131 -0.03019874  0.32544339 -0.05326425]
 [-0.0230329  -0.00142728 -0.03205403  0.07951759 -0.05712557]
 [ 0.00111877  0.0080839   0.21282481  0.04199729 -0.11349103]
 [-0.14169151 -0.15817411 -0.26521201 -0.18126413 -0.08895247]]
U = [[ 0.19095034  0.13107581  0.30570679  0.28685106 -0.08985666]
 [-0.3152797  -0.01263885  0.08155936  0.11568435  0.16579819]
 [ 0.00572968 -0.13542138 -0.23404194 -0.09652555  0.19466644]
 [ 0.20921499 -0.05614219  0.20152975 -0.04682123 -0.12222011]
 [-0.14093923 -0.04883706 -0.26749513 -0.05840482 -0.04929365]]
Matrix Pair 66; W = [[ 0.20534343 -0.00880523  0.114492   -0.16201697  0.06948661]
 [-0.15424701 -0.27614114 -0.04069125  0.2884532  -0.09675051]
 [-0.0354137  -0.0285345  -0.09289538  0.00864231  0.00089607]
 [-0.00910332  0.0312318   0.1855077  -0.04364854 -0.118994  ]
 [-0.13943451 -0.14015122 -0.2218958  -0.15625681 -0.10754285]]
U = [[ 0.13638387  0.16157769  0.31772593  0.25917574 -0.06161851]
 [-0.26839527 -0.10060335  0.12395384  0.16463943  0.19398734]
 [ 0.00962745 -0.10437017 -0.20744424 -0.11799916  0.21791165]
 [ 0.22459581 -0.05317074  0.20797937 -0.0481799  -0.12221116]
 [-0.15155201 -0.03932725 -0.22733766 -0.08254812 -0.07058227]]
Matrix Pair 67; W = [[ 0.20346889  0.01287773  0.05754974 -0.17008399  0.06227563]
 [-0.09485376 -0.29320396 -0.01054015  0.26599119 -0.07806743]
 [ 0.00792193  0.01182508 -0.02163584  0.00259731 -0.07025542]
 [-0.07010911  0.04483972  0.17533805  0.00569014 -0.10026294]
 [-0.05597896 -0.18510096 -0.19635072 -0.18716258 -0.03641334]]
U = [[ 0.14109951  0.1830366   0.2650232   0.27490868 -0.06519459]
 [-0.32550482 -0.05439144  0.10014146  0.12668865  0.1429397 ]
 [ 0.07799533 -0.12131403 -0.2262889  -0.08492914  0.21522272]
 [ 0.30031167 -0.01683677  0.2434512  -0.04486715 -0.09948987]
 [-0.12338999  0.00356671 -0.27537551 -0.06887951 -0.03227277]]
Matrix Pair 68; W = [[ 0.23720926  0.00269665  0.06280644 -0.17088382  0.09761613]
 [-0.10286228 -0.32710024  0.00712198  0.3061884  -0.05465193]
 [-0.04787985  0.01518231 -0.10700153  0.07078478  0.0153273 ]
 [-0.02677691  0.02504253  0.14627279 -0.03426836 -0.11435735]
 [-0.13813479 -0.14684718 -0.25404656 -0.14484309 -0.04360632]]
U = [[ 0.11740597  0.16093225  0.29483984  0.35522242 -0.01466679]
 [-0.31012566 -0.08557929  0.09227371  0.10283447  0.15775329]
 [ 0.01005673 -0.08673309 -0.15071884 -0.03542833  0.18074382]
 [ 0.22593048 -0.05951538  0.24885674 -0.06341702 -0.12368862]
 [-0.189406   -0.03689443 -0.31235011 -0.07020333 -0.03159967]]
Matrix Pair 69; W = [[ 0.1569436   0.02948967  0.14717323 -0.11602205  0.08638856]
 [-0.09116301 -0.29168468  0.01493178  0.30592016 -0.10732468]
 [ 0.01259562 -0.07753862 -0.04416009  0.0794265   0.0007364 ]
 [-0.06260405  0.01891206  0.12407692 -0.04102192 -0.07007966]
 [-0.13777291 -0.18016961 -0.2553237  -0.18507123 -0.0200912 ]]
U = [[ 0.12090187  0.16850269  0.25295677  0.34146473 -0.04472833]
 [-0.32630182 -0.03749922  0.05929332  0.12102461  0.11602979]
 [ 0.00596244 -0.10781909 -0.22981412 -0.0623704   0.20692617]
 [ 0.20803498 -0.07968179  0.17485851 -0.0782308  -0.11246465]
 [-0.09683639 -0.07568754 -0.22681225 -0.12278786 -0.07958474]]
Matrix Pair 70; W = [[ 0.22861148  0.00970643  0.15312839 -0.10515358  0.06475198]
 [-0.16153281 -0.30199511 -0.03777206  0.27702995 -0.11746027]
 [-0.00342003 -0.05188159 -0.05870548  0.05780526 -0.01057905]
 [ 0.00679712  0.05090933  0.14111389 -0.02208978 -0.11616717]
 [-0.06451406 -0.12524579 -0.1822203  -0.19279958 -0.0977705 ]]
U = [[ 0.17768133  0.18968467  0.25913431  0.30624109 -0.04214238]
 [-0.28649903 -0.03386051  0.06187841  0.18820362  0.1532762 ]
 [ 0.0623065  -0.09858279 -0.19833663 -0.08004391  0.23694631]
 [ 0.25869839 -0.06414041  0.2000204  -0.10272242 -0.12912909]
 [-0.17522252 -0.08019214 -0.2327406  -0.06578719 -0.0004084 ]]
Matrix Pair 71; W = [[ 0.19641918  0.059459    0.13483308 -0.14525145  0.04134507]
 [-0.17119213 -0.27208983 -0.04922673  0.29842676 -0.12518575]
 [-0.01418817  0.00343665 -0.02700943  0.09323124 -0.04564139]
 [ 0.00607807  0.01414622  0.13478672 -0.00312494 -0.11006364]
 [-0.07003723 -0.15067112 -0.2538863  -0.19627513 -0.09234398]]
U = [[ 0.09477303  0.13113124  0.29446994  0.33508415 -0.07296503]
 [-0.295536   -0.04010456  0.13416477  0.15259316  0.14073157]
 [ 0.06814964 -0.12237349 -0.23863674 -0.08888254  0.22762591]
 [ 0.20975305 -0.05692673  0.25775426 -0.09401213 -0.16831459]
 [-0.15214831 -0.05233649 -0.31501868 -0.03598073 -0.004612  ]]
Matrix Pair 72; W = [[ 0.21606522  0.02313625  0.13383849 -0.19438211  0.04562338]
 [-0.09328569 -0.31106414  0.00352772  0.31201059 -0.06063303]
 [ 0.01052893  0.01682953 -0.07490616  0.06983413 -0.00864454]
 [-0.08487961  0.08414953  0.18510079 -0.0261965  -0.08572569]
 [-0.12183031 -0.12944443 -0.20563194 -0.18947309 -0.02409529]]
U = [[ 0.11250654  0.1741467   0.26991373  0.35353438 -0.03126483]
 [-0.30953002 -0.0066134   0.07319304  0.16029882  0.19116041]
 [ 0.04869498 -0.10174439 -0.17945671 -0.05468055  0.21074303]
 [ 0.26986061 -0.06550786  0.17500113 -0.02226059 -0.1692714 ]
 [-0.14274688  0.00036971 -0.25298686 -0.05230663 -0.04111633]]
Matrix Pair 73; W = [[ 0.19298478  0.05484086  0.11699093 -0.19401077  0.06417763]
 [-0.17027669 -0.34100351 -0.00346966  0.3206596  -0.05024284]
 [-0.01700314 -0.02573423 -0.04527015  0.08998093 -0.04036992]
 [-0.07541931  0.06103023  0.14894437 -0.01530654 -0.08508657]
 [-0.14624941 -0.16977714 -0.23383735 -0.12403086 -0.08331319]]
U = [[ 0.10620019  0.20658601  0.29472587  0.28969541  0.00409638]
 [-0.31555984 -0.03599949  0.10737812  0.14699144  0.17395641]
 [ 0.07946514 -0.06291258 -0.18479982 -0.12060629  0.18507479]
 [ 0.2793259  -0.0035905   0.22197416 -0.08993336 -0.15223207]
 [-0.12985716 -0.04925922 -0.22437996 -0.04743203 -0.08009686]]
Matrix Pair 74; W = [[ 0.18031823  0.00439175  0.07147462 -0.11895408  0.07673595]
 [-0.09351869 -0.36477369 -0.05810779  0.26040569 -0.0924295 ]
 [-0.02840381 -0.07425684 -0.06386566  0.07367801 -0.05031981]
 [-0.05776619  0.05372237  0.14804168  0.00963845 -0.03545455]
 [-0.07039855 -0.1455087  -0.27247059 -0.18297439 -0.10615343]]
U = [[ 0.10942478  0.17893543  0.31462222  0.33449069 -0.08309889]
 [-0.32285548 -0.06949168  0.11978723  0.09383024  0.18489675]
 [ 0.02905608 -0.10972562 -0.16698559 -0.07534415  0.1558785 ]
 [ 0.22532314 -0.09144297  0.16839674 -0.11432581 -0.14308723]
 [-0.14837521 -0.0695368  -0.28923368 -0.05271382 -0.01342522]]
Matrix Pair 75; W = [[ 0.192528   -0.0228256   0.14638623 -0.1179444   0.07107966]
 [-0.16620574 -0.35104728 -0.03876043  0.28103957 -0.05004632]
 [-0.03103914 -0.01085935 -0.11781468  0.06455055 -0.0536006 ]
 [-0.0445838   0.03792368  0.1312498  -0.01455741 -0.07823338]
 [-0.09488731 -0.18672304 -0.19056062 -0.21603437 -0.02992704]]
U = [[ 0.15746959  0.17151515  0.31015299  0.3188392  -0.09024954]
 [-0.28835367 -0.02613601  0.12899073  0.18406729  0.11637647]
 [ 0.04534985 -0.13449622 -0.24693928 -0.09274165  0.19472409]
 [ 0.21634108 -0.09304194  0.23120092 -0.06656616 -0.10067037]
 [-0.16774014 -0.02871254 -0.23165747 -0.1298371  -0.01710826]]
Matrix Pair 76; W = [[ 0.15720207  0.02507044  0.10481869 -0.16404016  0.00827562]
 [-0.15324972 -0.32007654 -0.03684835  0.26035134 -0.04507882]
 [-0.00517243  0.00349164 -0.02674884 -0.00196977 -0.05719779]
 [-0.04975784  0.03048676  0.20956902  0.03047352 -0.1107569 ]
 [-0.14188838 -0.19743008 -0.26177854 -0.21623172 -0.11577639]]
U = [[ 0.10262074  0.18327703  0.2875267   0.31244023 -0.01508681]
 [-0.28086948 -0.0439679   0.09298844  0.14978823  0.16745341]
 [ 0.03318285 -0.12954532 -0.17180022 -0.05605116  0.20435893]
 [ 0.23250183 -0.06818686  0.17460993 -0.07899796 -0.14304016]
 [-0.16522748 -0.07417964 -0.23629535 -0.12885029 -0.04788226]]
Matrix Pair 77; W = [[ 0.15415043  0.05465063  0.07138204 -0.16131423  0.0918195 ]
 [-0.16729697 -0.34404133 -0.04142574  0.29994808 -0.11428241]
 [-0.0494613   0.00899525 -0.09711656  0.03808012 -0.0506808 ]
 [-0.05040876  0.05689714  0.20701576  0.00573902 -0.08080378]
 [-0.12063678 -0.19046288 -0.23131046 -0.12304615 -0.09431428]]
U = [[ 0.10678989  0.13363601  0.2702882   0.29749103 -0.03493938]
 [-0.25073425 -0.09175815  0.12163293  0.18271291  0.12382368]
 [ 0.09244716 -0.08431122 -0.15283702 -0.1145628   0.21446931]
 [ 0.22138143 -0.04551366  0.20424137 -0.07085321 -0.15999814]
 [-0.14219945 -0.05465796 -0.2546838  -0.10509913 -0.06430322]]
Matrix Pair 78; W = [[ 0.16330702  0.00926795  0.05768499 -0.12794989  0.04503848]
 [-0.08643229 -0.27356954 -0.08176863  0.31254921 -0.05711328]
 [-0.04990259 -0.00884792 -0.0276076   0.01563662 -0.03402077]
 [-0.02100007  0.06008005  0.20740442  0.01167614 -0.05794674]
 [-0.0579612  -0.11626388 -0.27980532 -0.13034279 -0.06645784]]
U = [[ 0.10411054  0.12994474  0.30511662  0.32716631  0.00541956]
 [-0.25844704 -0.01146468  0.10824152  0.16369815  0.10538766]
 [ 0.07946668 -0.07421899 -0.24248889 -0.08787749  0.14157446]
 [ 0.2630895  -0.06809243  0.19673432 -0.1025628  -0.09866665]
 [-0.13656133  0.00433563 -0.31158107 -0.07681123 -0.07368545]]
Matrix Pair 79; W = [[ 0.22386077  0.06307425  0.06454961 -0.1255909   0.10489118]
 [-0.09255972 -0.31896336 -0.04760004  0.24095398 -0.11610051]
 [ 0.00729961  0.00524068 -0.02467906  0.05682819  0.02445278]
 [-0.02474937  0.03297108  0.13559217 -0.00979535 -0.05423769]
 [-0.11300055 -0.20390344 -0.19392195 -0.15051874 -0.06013021]]
U = [[ 0.18972427  0.15337768  0.28121999  0.31963693  0.00720245]
 [-0.24447834 -0.04547448  0.12494259  0.15709558  0.15542875]
 [ 0.08760344 -0.14517273 -0.23743635 -0.04450445  0.18939875]
 [ 0.27609786 -0.054296    0.22342764 -0.03197192 -0.08005123]
 [-0.12521158 -0.05213219 -0.23386877 -0.09705069 -0.08404084]]
Matrix Pair 80; W = [[ 0.15952238  0.06751491  0.08870389 -0.06562525  0.00437537]
 [-0.15996536 -0.34468269 -0.07397582  0.26107965 -0.14107017]
 [-0.00508614  0.00650206 -0.05817644  0.04872427 -0.02893246]
 [ 0.00037109  0.11885403  0.1625808  -0.04555932 -0.03288285]
 [-0.13655021 -0.15043773 -0.30469981 -0.16305584  0.0165074 ]]
U = [[ 0.14439224  0.13002927  0.31392039  0.35292543 -0.05250854]
 [-0.28911285 -0.0199779   0.01871927  0.11802977  0.18196999]
 [ 0.06483888 -0.10029837 -0.18404123 -0.16431388  0.22351077]
 [ 0.2322794   0.02234999  0.23938601 -0.09534093 -0.05765881]
 [-0.05133009  0.02410642 -0.26910027 -0.04215349 -0.02273148]]
Matrix Pair 81; W = [[ 0.2410806  -0.01833042  0.10066462 -0.10555666  0.00580652]
 [-0.12908116 -0.31635157 -0.06956997  0.21421094 -0.08515113]
 [-0.0442926  -0.02868048 -0.0735702   0.06214424 -0.05750829]
 [ 0.0039282   0.03357142  0.12183178 -0.10166189 -0.02826872]
 [-0.04476203 -0.15074355 -0.30008076 -0.20280826  0.04761294]]
U = [[ 0.13497718  0.0893464   0.34914572  0.34985992 -0.0288985 ]
 [-0.28551805 -0.07758653  0.07722974  0.17985797  0.14702441]
 [ 0.08388576 -0.10841707 -0.17105686 -0.14646832  0.22544242]
 [ 0.23558984  0.04394559  0.25838657 -0.09754579 -0.06380165]
 [-0.11077438 -0.02215998 -0.24768246 -0.0248862  -0.07874113]]
Matrix Pair 82; W = [[ 0.16387222  0.00041579  0.09804892 -0.09779992  0.06122136]
 [-0.1277407  -0.37209972 -0.03372135  0.18481653 -0.08122422]
 [-0.04226393 -0.03652095 -0.15425757  0.0313763   0.00909138]
 [-0.00051812  0.10402757  0.10710235 -0.07924354 -0.02023485]
 [-0.05059784 -0.10014672 -0.25170514 -0.17181347  0.04371505]]
U = [[ 0.21788504  0.0783269   0.33663582  0.37980396 -0.03216759]
 [-0.33219121 -0.04614529  0.0515065   0.14541974  0.18697437]
 [ 0.03455176 -0.08691756 -0.20322446 -0.09200544  0.20113693]
 [ 0.22563301  0.01839761  0.28682155 -0.15517605 -0.07429786]
 [-0.06720305  0.04807131 -0.29889429 -0.05182571 -0.07846563]]
Matrix Pair 83; W = [[ 0.19031644  0.04433589  0.08058559 -0.13446429  0.03936151]
 [-0.13453168 -0.34165033 -0.05309375  0.22488011 -0.15158211]
 [-0.02551512 -0.02193918 -0.1502298  -0.0129845   0.01444602]
 [ 0.03708443  0.04495787  0.19038151 -0.0636739   0.00470957]
 [-0.08619355 -0.13717993 -0.23082216 -0.16589542 -0.01803601]]
U = [[ 0.14087439  0.109609    0.33243565  0.4165376  -0.04290646]
 [-0.3291622  -0.04028127  0.05246273  0.12364211  0.20330033]
 [ 0.07693797 -0.1011288  -0.15314177 -0.10243029  0.15124662]
 [ 0.26669379 -0.00162413  0.26185221 -0.10736179 -0.06367103]
 [-0.09219642 -0.01449194 -0.26110912 -0.05133935 -0.02830571]]
Matrix Pair 84; W = [[ 0.14530907  0.05697913  0.04814598 -0.12222542  0.03939366]
 [-0.17873727 -0.36020849 -0.03396924  0.2197327  -0.08151524]
 [ 0.00688743 -0.05837532 -0.10823248  0.02894886  0.00129276]
 [-0.04068635  0.10783175  0.12244544 -0.12599013 -0.03156909]
 [-0.10665026 -0.14620293 -0.2694212  -0.21599191  0.02867032]]
U = [[ 0.13470412  0.13756429  0.28029453  0.35494914 -0.00943839]
 [-0.34476703 -0.04078121  0.05623412  0.12117472  0.22876392]
 [ 0.03652619 -0.07654529 -0.16311875 -0.10182526  0.24272508]
 [ 0.23363585 -0.04225985  0.25451017 -0.10708449 -0.10835272]
 [-0.08363255 -0.01634187 -0.23499925 -0.01578851 -0.0310317 ]]
Matrix Pair 85; W = [[ 0.2101509  -0.01439996  0.04842343 -0.15567906  0.04922119]
 [-0.09702455 -0.35941069 -0.06559115  0.21900432 -0.1568305 ]
 [ 0.03510676 -0.03463605 -0.1075119   0.02898797  0.00859002]
 [ 0.02405855  0.12164194  0.1912532  -0.065515   -0.02881199]
 [-0.13541266 -0.09498919 -0.22477052 -0.17975517 -0.02724537]]
U = [[ 0.18913715  0.11570173  0.33572104  0.39853265 -0.05828756]
 [-0.34351456 -0.04870167  0.0323588   0.18338493  0.23955338]
 [ 0.05675974 -0.04638959 -0.22364098 -0.17058597  0.18496025]
 [ 0.21227929 -0.04147715  0.29439169 -0.10014073 -0.01594098]
 [-0.02983923 -0.01225257 -0.24847319 -0.0328096  -0.06836362]]
Matrix Pair 86; W = [[ 0.20809702  0.0096095   0.07464226 -0.11370988 -0.02826576]
 [-0.15281139 -0.29209539 -0.05033112  0.19655679 -0.12969742]
 [ 0.02742858 -0.0445619  -0.13340165 -0.01088619 -0.00077154]
 [ 0.0112584   0.10731373  0.11972305 -0.03498752 -0.03014089]
 [-0.04317668 -0.09572039 -0.23100365 -0.18947423 -0.01256504]]
U = [[ 0.14150023  0.0918527   0.31688317  0.38440972 -0.05197185]
 [-0.33506536 -0.0879205   0.07512345  0.14502186  0.2245367 ]
 [ 0.04656407 -0.11460928 -0.20179491 -0.09282034  0.20350478]
 [ 0.23488174  0.03825295  0.2578881  -0.11435153 -0.07942722]
 [-0.08373083 -0.03084602 -0.28917161 -0.06163451 -0.07949361]]
Matrix Pair 87; W = [[ 1.78529909e-01  5.93254874e-02  1.14409199e-01 -1.27938144e-01
  -3.06614999e-02]
 [-1.75356355e-01 -3.03756921e-01 -7.57132597e-02  2.34440127e-01
  -9.99621433e-02]
 [ 4.98376113e-03 -2.49025279e-02 -6.52264364e-02  2.83608028e-02
  -4.11553515e-05]
 [-4.41565393e-02  1.19578024e-01  1.41421902e-01 -8.50724339e-02
  -6.77140798e-02]
 [-9.74549222e-02 -9.10677186e-02 -2.90537292e-01 -1.83454199e-01
   2.61144663e-02]]
U = [[ 0.20806171  0.15235407  0.27093296  0.40304264 -0.01807457]
 [-0.3545838  -0.09378215  0.00758765  0.13186002  0.15198169]
 [ 0.07016446 -0.08311674 -0.18429551 -0.11681569  0.25018373]
 [ 0.24270702  0.03433937  0.26125787 -0.11349399 -0.06293332]
 [-0.07217798  0.00654764 -0.22068775 -0.01965616 -0.00128185]]
Matrix Pair 88; W = [[ 0.18307103  0.07405414  0.11049167 -0.0813715   0.02234968]
 [-0.13903054 -0.36739725 -0.02381959  0.21551048 -0.13056888]
 [ 0.03223044 -0.04822664 -0.0892198   0.02306082 -0.0538089 ]
 [ 0.02099501  0.09199965  0.1191439  -0.10623349 -0.07770495]
 [-0.07697583 -0.1106041  -0.30017584 -0.18873469 -0.01160338]]
U = [[ 0.1383493   0.10341341  0.26997765  0.3557579  -0.04337435]
 [-0.28412791 -0.04899744  0.00436807  0.17681988  0.17865684]
 [ 0.06062894 -0.11184696 -0.16411516 -0.1231933   0.176393  ]
 [ 0.21896451 -0.03024637  0.22671396 -0.07700937 -0.07964907]
 [-0.05762647  0.02798336 -0.21965919 -0.00360716 -0.03061472]]
Matrix Pair 89; W = [[ 0.20458891  0.05258216  0.08654442 -0.0870207   0.04922744]
 [-0.1738207  -0.34184484 -0.04841757  0.18567624 -0.09560082]
 [-0.01506516 -0.06402843 -0.1541958   0.00767718 -0.02763766]
 [-0.00492303  0.03573517  0.15639361 -0.12158895 -0.06314226]
 [-0.1019506  -0.11784602 -0.21559446 -0.22418263  0.00144625]]
U = [[ 0.21471509  0.17021147  0.33690898  0.33180209 -0.04113373]
 [-0.32707379 -0.05335628  0.00437523  0.12847064  0.19856715]
 [ 0.07844695 -0.09355852 -0.16128207 -0.0966626   0.2339686 ]
 [ 0.24967461 -0.00277331  0.2555152  -0.14649434 -0.08867418]
 [-0.05593207  0.03177026 -0.24913018 -0.04329012 -0.06338617]]
Matrix Pair 90; W = [[ 0.1749972   0.07959483  0.02144065 -0.11841514  0.02309607]
 [-0.11862582 -0.37234331 -0.05871655  0.26334805 -0.11570465]
 [-0.03567516 -0.03258072 -0.12819193 -0.00094098 -0.00554883]
 [ 0.00714068  0.08738055  0.17872241 -0.11212392 -0.01403761]
 [-0.0427594  -0.07495754 -0.3116863  -0.18656428  0.01139531]]
U = [[ 0.19731301  0.1195175   0.34290479  0.34536374 -0.04146656]
 [-0.35588839 -0.02752379  0.09052326  0.12835699  0.23030684]
 [ 0.05787996 -0.06515694 -0.14061501 -0.08089307  0.21929388]
 [ 0.1733176   0.04466746  0.21321047 -0.15712787 -0.06851521]
 [-0.07632987 -0.00420598 -0.28483258 -0.03535022 -0.05027356]]
Matrix Pair 91; W = [[ 0.20693561 -0.01602618  0.06344284 -0.14244892  0.00234409]
 [-0.17027938 -0.30660419 -0.067233    0.18589523 -0.16042176]
 [-0.0222718  -0.05636829 -0.09429864  0.04938185 -0.06790159]
 [ 0.00373492  0.11315849  0.19656867 -0.12274116 -0.02748423]
 [-0.07398477 -0.14975979 -0.26525475 -0.22759818 -0.01320699]]
U = [[ 0.12719749  0.15270804  0.34392899  0.40615996  0.00944108]
 [-0.30810602 -0.07578901  0.0495593   0.12986455  0.23944755]
 [ 0.04228399 -0.07100602 -0.22030322 -0.16796881  0.16239062]
 [ 0.25156722  0.00874417  0.25912641 -0.08849634 -0.05029177]
 [-0.09410306  0.01728985 -0.23426137  0.0220124  -0.04193452]]
Matrix Pair 92; W = [[ 0.18588119 -0.00707846  0.10365921 -0.08320443  0.0193697 ]
 [-0.12799255 -0.28037855 -0.10244465  0.25617455 -0.12463035]
 [ 0.01113475 -0.07120873 -0.07600104  0.02614392 -0.02179009]
 [-0.01104517  0.09189212  0.17948679 -0.05756655 -0.04094236]
 [-0.05232882 -0.07603126 -0.30055853 -0.21687161  0.00713951]]
U = [[ 0.17958602  0.15503017  0.33182197  0.38984873 -0.05887368]
 [-0.27153714 -0.05218987  0.04590828  0.12245657  0.16472938]
 [ 0.03313958 -0.11188879 -0.15614043 -0.09561397  0.21025914]
 [ 0.24300245 -0.05147353  0.20239532 -0.15730315 -0.03493071]
 [-0.1068889   0.02729265 -0.21390267 -0.07382102 -0.01687709]]
Matrix Pair 93; W = [[ 0.15241829  0.03497809  0.06346077 -0.1150449   0.05112362]
 [-0.15782849 -0.35654421 -0.08007953  0.24964527 -0.15721194]
 [-0.00463604  0.00669077 -0.09775251  0.04024562 -0.05116753]
 [ 0.01962066  0.10686986  0.12943989 -0.12880448 -0.01705966]
 [-0.08205059 -0.14613471 -0.291607   -0.19371243  0.06027778]]
U = [[ 0.14729021  0.16702555  0.27810798  0.39591669  0.02724797]
 [-0.27959449 -0.07345654  0.02401442  0.1960548   0.18864413]
 [ 0.04864354 -0.11504492 -0.15647087 -0.14115327  0.17751919]
 [ 0.18227188 -0.02049227  0.26053516 -0.15872741 -0.06902272]
 [-0.04311371 -0.00863328 -0.24492939 -0.05189418 -0.00394578]]
Matrix Pair 94; W = [[ 0.21582788  0.07685165  0.11209544 -0.10218551 -0.00604547]
 [-0.18503563 -0.30664738 -0.01532572  0.19752487 -0.09159835]
 [-0.01615653 -0.02051804 -0.11794266  0.00095511 -0.07000451]
 [ 0.02939613  0.05714637  0.14313517 -0.10873022 -0.02123883]
 [-0.13563046 -0.15277713 -0.30224894 -0.17679886 -0.02709346]]
U = [[ 0.17666765  0.16028783  0.27470474  0.3649051  -0.0182344 ]
 [-0.35141443 -0.04357775  0.02065024  0.15280992  0.18681816]
 [ 0.07791419 -0.09465963 -0.16395171 -0.10001989  0.15554476]
 [ 0.19143451 -0.04624372  0.22970682 -0.10238856 -0.0985266 ]
 [-0.0569837   0.05423494 -0.27531313  0.01100372 -0.00668635]]
Matrix Pair 95; W = [[ 0.15594267  0.00524838  0.02269936 -0.1582966   0.05235762]
 [-0.13303622 -0.29928025 -0.08016304  0.1802652  -0.10454521]
 [ 0.0354536  -0.02413767 -0.07705644  0.05273657 -0.00458138]
 [-0.02382018  0.05146925  0.13950421 -0.10295981 -0.07343306]
 [-0.05518997 -0.0895615  -0.3066985  -0.16479654  0.03757001]]
U = [[ 0.1798688   0.16382854  0.27912279  0.40827214 -0.0235114 ]
 [-0.25873705 -0.07317716  0.01165937  0.13149149  0.22342437]
 [-0.00211444 -0.10515754 -0.22053644 -0.15774404  0.190873  ]
 [ 0.22173026 -0.04876373  0.20561256 -0.17154323 -0.02952309]
 [-0.05392239  0.03172643 -0.27885925 -0.00896984 -0.0754237 ]]
Matrix Pair 96; W = [[ 0.21891708  0.05616461  0.06581873 -0.1223792   0.02212565]
 [-0.09878414 -0.31958396  0.01331859  0.21681299 -0.07025866]
 [-0.07725668 -0.02152881 -0.12841825  0.06968512 -0.08217211]
 [ 0.02990211  0.08848164  0.22744594 -0.06861501 -0.12488347]
 [-0.03924284 -0.13213316 -0.20015432 -0.1612199  -0.05053838]]
U = [[ 0.15692073  0.06300623  0.28903895  0.36101734 -0.03407879]
 [-0.21473648 -0.05961497  0.06377244  0.09399098  0.20302697]
 [ 0.12556216 -0.01010527 -0.13972192 -0.08683711  0.1690517 ]
 [ 0.22115073 -0.09028854  0.25588546 -0.04407737 -0.18412497]
 [-0.03847052 -0.01019259 -0.24935734 -0.04429233 -0.04900418]]
Matrix Pair 97; W = [[ 0.24227335  0.01118285  0.1404397  -0.07080527 -0.00194138]
 [-0.16572916 -0.32337673 -0.0136595   0.22840719 -0.04852089]
 [-0.04386527 -0.03970043 -0.10216074  0.09860925 -0.02798754]
 [ 0.02547934  0.02789675  0.18309438 -0.0692439  -0.05031977]
 [-0.05632181 -0.09170054 -0.29754259 -0.16946531 -0.03052392]]
U = [[ 0.15238608  0.05643335  0.26025648  0.36376932  0.03047965]
 [-0.2713788   0.01393809  0.01944974  0.14054436  0.19064149]
 [ 0.11472679 -0.08879356 -0.20674809 -0.07565904  0.22813205]
 [ 0.23348591 -0.08146271  0.21424407 -0.03982975 -0.19697707]
 [-0.05268909 -0.09315015 -0.29979006 -0.09930428 -0.05292805]]
Matrix Pair 98; W = [[ 0.2170053  -0.02760455  0.12369634 -0.09648198  0.00828971]
 [-0.10920038 -0.31454376 -0.02679046  0.21057396 -0.06148997]
 [-0.06616447  0.01875654 -0.08318575  0.04990187 -0.05808654]
 [-0.02409324  0.12573975  0.20251036 -0.04404083 -0.13537957]
 [-0.04900035 -0.14446495 -0.21758959 -0.15607557 -0.07294659]]
U = [[ 0.17483332  0.06955259  0.27797183  0.35262984 -0.01999506]
 [-0.28218612 -0.03069361  0.00047512  0.12371063  0.21818412]
 [ 0.10387972  0.00047967 -0.20281284 -0.08597983  0.17807862]
 [ 0.25733942 -0.07574767  0.26401577 -0.09055271 -0.18162342]
 [-0.00331166 -0.06922119 -0.21769091 -0.12233778 -0.0270821 ]]
Matrix Pair 99; W = [[ 0.21689858  0.04536239  0.08697773 -0.1536211  -0.01060976]
 [-0.16910576 -0.33284792 -0.03245213  0.25214399 -0.04160458]
 [-0.05203534 -0.01299422 -0.05568611  0.03566172 -0.10473795]
 [ 0.00911776  0.11720071  0.24377891 -0.10412104 -0.07804463]
 [-0.06462376 -0.07511222 -0.22793037 -0.1355192  -0.05630604]]
U = [[ 0.15392038  0.03128775  0.2464748   0.31447413 -0.01776819]
 [-0.28370985 -0.02204392 -0.01672171  0.08194904  0.15377074]
 [ 0.05147238 -0.00968778 -0.13924807 -0.1301916   0.25821381]
 [ 0.20099144 -0.08565945  0.24152684 -0.05484032 -0.14112294]
 [-0.06899526 -0.0754217  -0.29033633 -0.08725378 -0.05754341]]
Matrix Pair 100; W = [[ 0.24275453  0.01737055  0.12526203 -0.0754441  -0.00375893]
 [-0.17658114 -0.33240374 -0.05601207  0.21952988 -0.03806799]
 [-0.03370932 -0.01620834 -0.0398634   0.10622277 -0.10394443]
 [ 0.01818208  0.03414926  0.18475906 -0.05767805 -0.10692591]
 [-0.06355948 -0.08708174 -0.23700142 -0.17732777 -0.06981457]]
U = [[ 0.14251397  0.09784689  0.27667495  0.29588295 -0.06423498]
 [-0.2042727  -0.02871689  0.05887051  0.12560563  0.17086713]
 [ 0.11502859  0.00069962 -0.17721013 -0.09794817  0.21865406]
 [ 0.23265653 -0.06271032  0.21016189 -0.04758341 -0.15448956]
 [-0.05730826 -0.08511344 -0.2414795  -0.08350335 -0.02958113]]
Matrix Pair 101; W = [[ 0.21872075  0.0399571   0.14114397 -0.08646573  0.04399109]
 [-0.08557766 -0.30862851  0.00901922  0.19811574 -0.1139653 ]
 [-0.00650889 -0.01442449 -0.05222354  0.10166945 -0.05883416]
 [ 0.070869    0.08905352  0.21237188 -0.02097083 -0.08045175]
 [-0.02921042 -0.13007985 -0.27656619 -0.15327303 -0.05191902]]
U = [[ 0.17250396  0.11116205  0.28669918  0.3386917   0.0193912 ]
 [-0.21536116 -0.02804433  0.02510954  0.07411463  0.16138449]
 [ 0.07790966 -0.07289452 -0.13285868 -0.10290044  0.20595451]
 [ 0.24161765 -0.0743038   0.18832808 -0.04509785 -0.15637146]
 [-0.00876563 -0.01246306 -0.30044444 -0.09328719 -0.07008421]]
Matrix Pair 102; W = [[ 0.19856504  0.04126879  0.08441232 -0.08362437  0.01820593]
 [-0.14426616 -0.31689293 -0.01713232  0.28254262 -0.05026561]
 [-0.0075069  -0.04797058 -0.06596198  0.08345868 -0.06399157]
 [ 0.04848044  0.06962537  0.15969405 -0.06194209 -0.12495659]
 [-0.09807406 -0.09840517 -0.2970294  -0.15195289 -0.00830754]]
U = [[ 0.15880294  0.09223751  0.26697551  0.35540029  0.02193438]
 [-0.21071135 -0.02197519  0.02868006  0.1644988   0.16714822]
 [ 0.08361701 -0.04811126 -0.17626526 -0.08091374  0.25142722]
 [ 0.24162474 -0.09442845  0.22250309 -0.0572086  -0.17456941]
 [-0.02325324 -0.03327263 -0.27079231 -0.10221415 -0.0140544 ]]
Matrix Pair 103; W = [[ 0.18180253  0.03642949  0.1402501  -0.1007768   0.0332074 ]
 [-0.11920049 -0.298168   -0.06618045  0.21399491 -0.06724509]
 [-0.04402558  0.01279665 -0.11555028  0.06873397 -0.09646646]
 [ 0.01509287  0.10874043  0.22523064 -0.06615326 -0.03723469]
 [-0.08365132 -0.09700109 -0.22148626 -0.1629492  -0.04073412]]
U = [[ 0.19764217  0.02562663  0.26786818  0.32828296 -0.01889597]
 [-0.22419763 -0.02418782  0.03708413  0.12087728  0.17636405]
 [ 0.08616267 -0.01732166 -0.1292936  -0.08642738  0.24450148]
 [ 0.26145278 -0.07560908  0.19802314 -0.08622805 -0.12195885]
 [-0.05693848 -0.07314833 -0.23554659 -0.0664662  -0.07148647]]
Matrix Pair 104; W = [[ 0.25256786  0.06525691  0.09899331 -0.12171717  0.00618015]
 [-0.08983395 -0.34538567 -0.01375022  0.20064678 -0.11293101]
 [-0.08329495 -0.03475307 -0.05657762  0.09417892 -0.04682121]
 [-0.01127414  0.07632247  0.24159333 -0.06789626 -0.10351548]
 [-0.12361517 -0.13844343 -0.20490616 -0.12787403  0.00980849]]
U = [[ 0.16108625  0.04687664  0.25618455  0.37542864 -0.01118651]
 [-0.20203869 -0.01300875 -0.0116046   0.07667716  0.12564104]
 [ 0.10950714 -0.0368559  -0.14424987 -0.16952493  0.25133725]
 [ 0.25470974 -0.05522208  0.23900032 -0.07718776 -0.13392858]
 [-0.03352347 -0.05699066 -0.29398174 -0.12832878 -0.08823635]]
Matrix Pair 105; W = [[ 0.2727836   0.00870095  0.08846735 -0.14254823 -0.00284684]
 [-0.17065073 -0.36770965 -0.06093715  0.25840186 -0.12049472]
 [-0.07056617 -0.05805911 -0.11662297  0.03251955 -0.09267454]
 [ 0.06246889  0.06284596  0.19783255 -0.10461557 -0.0857762 ]
 [-0.05034829 -0.12330528 -0.20291429 -0.21466194 -0.07051354]]
U = [[ 0.17415123  0.11053807  0.25696053  0.37118556 -0.05363831]
 [-0.20320948 -0.00497896 -0.02395551  0.11825211  0.16917478]
 [ 0.10886747 -0.04153796 -0.20595707 -0.10640578  0.23465617]
 [ 0.18035275 -0.10742964  0.25242691 -0.08030778 -0.14097513]
 [-0.01119781 -0.08179427 -0.27699606 -0.05440815  0.00055215]]
Matrix Pair 106; W = [[ 0.27352773  0.02151691  0.14060823 -0.10229894  0.0351259 ]
 [-0.1155694  -0.38200894 -0.06716087  0.27563872 -0.11035983]
 [-0.0709683  -0.0626299  -0.10863805  0.10503944 -0.0400133 ]
 [ 0.02898969  0.11698329  0.19154041 -0.01954273 -0.10402333]
 [-0.0348646  -0.10489893 -0.2162948  -0.16716311 -0.05518701]]
U = [[ 0.16269074  0.08303423  0.33980996  0.37110803 -0.03904921]
 [-0.26171447  0.03063073  0.0189908   0.09897659  0.15691668]
 [ 0.08526651 -0.07525304 -0.10859941 -0.13385172  0.19596769]
 [ 0.18392622 -0.09307302  0.21423922 -0.03323996 -0.14625902]
 [ 0.00235395 -0.08368363 -0.26248373 -0.06630702  0.00334469]]
Matrix Pair 107; W = [[ 0.22367458 -0.00538024  0.14267503 -0.06424407  0.03731885]
 [-0.0863218  -0.36414431 -0.05558517  0.28103375 -0.0767247 ]
 [-0.00833092  0.0251411  -0.10758706  0.11179306 -0.09078239]
 [ 0.04963236  0.03739715  0.23469508 -0.05793286 -0.06713126]
 [-0.12167504 -0.08394314 -0.29709272 -0.19344997 -0.05796857]]
U = [[ 0.146585    0.08242874  0.25337803  0.32660882 -0.05105953]
 [-0.22886048  0.02418914  0.01274512  0.13835135  0.14944347]
 [ 0.05128146 -0.07419114 -0.18937708 -0.14728239  0.17841413]
 [ 0.26075942 -0.10271572  0.2058397  -0.02195805 -0.1288696 ]
 [-0.034327   -0.09814807 -0.27030418 -0.12887047 -0.0302637 ]]
Matrix Pair 108; W = [[ 0.18349618 -0.00845284  0.09733936 -0.06027909  0.06354775]
 [-0.16835816 -0.37066241 -0.01280397  0.27895595 -0.04129368]
 [-0.04376912 -0.00288447 -0.03114917  0.06719642 -0.10165133]
 [-0.01716869  0.11994473  0.19493392 -0.04786013 -0.08618298]
 [-0.10864817 -0.09378994 -0.29021223 -0.1962305  -0.04372407]]
U = [[ 0.18895916  0.11216497  0.32934087  0.31451141 -0.02904654]
 [-0.29030059  0.00851971  0.01772112  0.16106377  0.16761756]
 [ 0.04041168 -0.01226134 -0.15511957 -0.15622896  0.19883955]
 [ 0.18953835 -0.06180325  0.24776846 -0.10499077 -0.10619926]
 [-0.07445469 -0.02337906 -0.22710235 -0.07148089 -0.08401953]]
Matrix Pair 109; W = [[ 0.20181008 -0.00408171  0.11912411 -0.07599472  0.02497799]
 [-0.08703183 -0.36164557 -0.05686458  0.22104211 -0.10992782]
 [-0.02351239  0.01363501 -0.11721999  0.09400904 -0.04461907]
 [-0.00062935  0.08621117  0.25485157 -0.08909567 -0.1067221 ]
 [-0.12408824 -0.07092607 -0.25706761 -0.21766807 -0.07055359]]
U = [[ 0.14177074  0.07400166  0.26526671  0.31167843 -0.00929788]
 [-0.29063674 -0.04988829  0.03244982  0.14325889  0.13995141]
 [ 0.04502554 -0.06207855 -0.14403338 -0.11869456  0.26420953]
 [ 0.26427788 -0.11096466  0.23581731 -0.09514237 -0.13892197]
 [ 0.00597349 -0.07289246 -0.24467755 -0.12935153 -0.06092089]]
Matrix Pair 110; W = [[ 0.18663334  0.06491473  0.0600667  -0.08843055  0.04092264]
 [-0.1142216  -0.37409014 -0.02666744  0.22766334 -0.10630826]
 [-0.08275562  0.03513757 -0.10432599  0.05690302 -0.0744101 ]
 [ 0.06367013  0.0890145   0.20459323 -0.06781736 -0.13011121]
 [-0.0687263  -0.13754698 -0.24817105 -0.13705423 -0.03236112]]
U = [[ 0.1589213   0.03544836  0.30662325  0.37608394 -0.05532535]
 [-0.21482349 -0.02880384 -0.01611654  0.16197719  0.14493104]
 [ 0.05537483 -0.02598745 -0.18633315 -0.16765669  0.17239268]
 [ 0.24717111 -0.10649463  0.24253561 -0.11226132 -0.17836139]
 [-0.01784821 -0.01028056 -0.2724407  -0.07576622 -0.04137275]]
Matrix Pair 111; W = [[ 0.21217319  0.01548705  0.14445514 -0.06305745  0.02311813]
 [-0.09013093 -0.34451401 -0.01056932  0.23359566 -0.05316527]
 [-0.00293729  0.02193632 -0.09351404  0.06315444 -0.08362963]
 [ 0.03824023  0.09301327  0.24475539 -0.07285467 -0.09438934]
 [-0.10525507 -0.09958642 -0.25780014 -0.1736402   0.02059095]]
U = [[ 0.17322613  0.08180787  0.25345521  0.3289591  -0.00348204]
 [-0.23497891 -0.01561162  0.04905461  0.12405907  0.19841929]
 [ 0.10001521 -0.01712867 -0.16276715 -0.11394822  0.23508758]
 [ 0.21038836 -0.09606746  0.23124613 -0.08950128 -0.17268996]
 [-0.04962793 -0.08483055 -0.27742601 -0.11952671 -0.06683456]]
Matrix Pair 112; W = [[ 0.29064633  0.1523158   0.15032297 -0.10854591  0.03530399]
 [-0.09477681 -0.36665112 -0.04310209  0.26174045 -0.07688852]
 [-0.1028497  -0.00440677 -0.10097238  0.05937343 -0.06043599]
 [ 0.02197045  0.1684936   0.15072208 -0.09793305  0.02449038]
 [-0.07584481 -0.11163905 -0.29697548 -0.19706809 -0.03254457]]
U = [[ 0.22287107  0.10863183  0.26091924  0.34106617 -0.06435998]
 [-0.29839845 -0.03793945  0.08465258  0.13591633  0.18197733]
 [ 0.07491002 -0.07236993 -0.13147613 -0.09663911  0.19079119]
 [ 0.22997869 -0.01084419  0.30231588 -0.12912845 -0.10775097]
 [-0.01462347 -0.01139135 -0.32757907 -0.01472489 -0.06717161]]
Matrix Pair 113; W = [[ 2.36927981e-01  1.53455494e-01  7.28009375e-02 -8.29796844e-02
   7.66440442e-02]
 [-9.63764928e-02 -3.93817765e-01 -6.58482206e-02  2.84631913e-01
  -1.24082783e-01]
 [-9.04566622e-02  2.48905523e-02 -1.46369070e-01  5.56409221e-02
  -6.36911429e-02]
 [ 3.37850081e-04  1.22395418e-01  1.22988805e-01 -9.24431128e-02
  -4.81255958e-02]
 [-7.26053569e-02 -1.30986079e-01 -3.07249034e-01 -1.98095654e-01
   1.26976601e-02]]
U = [[ 0.23583343  0.11419694  0.27228582  0.42091126  0.00774451]
 [-0.32303084 -0.03837106  0.09038899  0.15055075  0.22998544]
 [ 0.0873736  -0.0320136  -0.12735164 -0.15491231  0.21325471]
 [ 0.17199128 -0.01622687  0.29218208 -0.17086265 -0.10990412]
 [-0.05258943 -0.02048463 -0.35019069 -0.0269436  -0.04140544]]
Matrix Pair 114; W = [[ 0.24725325  0.13901862  0.09408262 -0.11607493  0.01629214]
 [-0.17708798 -0.39783776 -0.06265745  0.20291291 -0.13735853]
 [-0.09466397  0.01040591 -0.13508308  0.01875203 -0.12120538]
 [ 0.00165692  0.13131684  0.12877436 -0.13381489  0.02888397]
 [-0.15330229 -0.09768808 -0.31518027 -0.13426701 -0.03225886]]
U = [[ 0.20924613  0.11114361  0.33667138  0.32823318 -0.02148311]
 [-0.30910875 -0.04178791  0.02214049  0.14550899  0.24716406]
 [ 0.02050201 -0.07777674 -0.1589424  -0.16780444  0.22368583]
 [ 0.21976274 -0.0390131   0.21798512 -0.16906352 -0.07038661]
 [-0.05459022 -0.04238932 -0.35036034 -0.08939092 -0.06206625]]
Matrix Pair 115; W = [[ 0.25405568  0.14440767  0.12607455 -0.15048661  0.04292089]
 [-0.09743746 -0.33791152 -0.02241651  0.26881432 -0.12396476]
 [-0.08262968 -0.02300946 -0.09292132 -0.02215404 -0.11683058]
 [ 0.0076564   0.14331653  0.18432406 -0.10242071 -0.03155685]
 [-0.06831879 -0.10879715 -0.2949186  -0.16538074 -0.01174351]]
U = [[ 0.14906585  0.13927834  0.26205501  0.34010869 -0.0782326 ]
 [-0.32045495 -0.08219518  0.03236625  0.1374477   0.21925901]
 [ 0.01622595  0.01397571 -0.21442979 -0.08292842  0.17623264]
 [ 0.185835   -0.05861013  0.3032012  -0.11113621 -0.02692962]
 [-0.04105656 -0.05697554 -0.28489047 -0.03456307 -0.06064988]]
Matrix Pair 116; W = [[ 0.21933247  0.13926432  0.13484406 -0.0636386   0.03348898]
 [-0.15070788 -0.38580734 -0.07608392  0.28569837 -0.15449387]
 [-0.01692209  0.00253053 -0.13419469 -0.00271892 -0.06202746]
 [-0.01733735  0.13673079  0.19330447 -0.09347874  0.0044634 ]
 [-0.07614978 -0.16819882 -0.28296298 -0.15085753 -0.0025802 ]]
U = [[ 0.2461829   0.09574804  0.28098784  0.37624513 -0.00525128]
 [-0.27188856 -0.06852826  0.04503541  0.12957704  0.21594013]
 [ 0.08502184 -0.01648853 -0.14519814 -0.10715393  0.19077424]
 [ 0.2186077  -0.02167542  0.2325133  -0.14045157 -0.10951149]
 [-0.07641312 -0.06637787 -0.28057125 -0.08364335 -0.00716286]]
Matrix Pair 117; W = [[ 0.24579702  0.14299837  0.06604994 -0.14684918  0.03484185]
 [-0.15911297 -0.37910639 -0.06007653  0.23710216 -0.16677424]
 [-0.0480096  -0.00228592 -0.1287007   0.04631524 -0.12952177]
 [-0.02907316  0.11838244  0.13496005 -0.1233053   0.02755414]
 [-0.0672554  -0.16637892 -0.30990949 -0.20820907 -0.04275543]]
U = [[ 0.20993917  0.15349022  0.29568471  0.36245544 -0.01521174]
 [-0.24511218 -0.0508094   0.04246378  0.13008943  0.17440682]
 [ 0.03420222 -0.0495277  -0.12820614 -0.15802752  0.14624673]
 [ 0.23787659 -0.08943093  0.24580792 -0.1205069  -0.08156525]
 [-0.01573632  0.0050849  -0.29415692 -0.040592   -0.02374947]]
Matrix Pair 118; W = [[ 0.22070014  0.09837903  0.10409825 -0.13714062  0.00354193]
 [-0.17896212 -0.38304332 -0.1093438   0.22540486 -0.07598815]
 [-0.09465115 -0.05459404 -0.06867605  0.00668823 -0.07464973]
 [-0.01251671  0.17014398  0.13464534 -0.05660363 -0.05192267]
 [-0.1423762  -0.18905219 -0.30863759 -0.17626072 -0.02853535]]
U = [[ 0.17632867  0.07771667  0.32175889  0.41810256 -0.07753326]
 [-0.30045091 -0.06515965  0.05487609  0.12111556  0.2033267 ]
 [ 0.02540836 -0.00533147 -0.20067639 -0.14807752  0.15357238]
 [ 0.2457955  -0.00144864  0.28580898 -0.11543086 -0.11072563]
 [-0.00064506 -0.00770623 -0.25513874 -0.09645875 -0.07256648]]
Matrix Pair 119; W = [[ 0.21253006  0.0659992   0.06857066 -0.13901864  0.07670211]
 [-0.11377314 -0.3347715  -0.02353787  0.29132756 -0.14785565]
 [-0.04831687 -0.00509848 -0.06679711  0.02590074 -0.05657   ]
 [-0.00296164  0.08389882  0.11466894 -0.04799474 -0.00735299]
 [-0.13651307 -0.12091748 -0.2475319  -0.16101956  0.02343074]]
U = [[ 0.18717617  0.10789226  0.26737056  0.35784731 -0.03910385]
 [-0.25595999 -0.08869149  0.06623093  0.10128794  0.21336198]
 [ 0.03944181 -0.00712515 -0.1737215  -0.0985199   0.22503917]
 [ 0.15579596 -0.02080958  0.28158354 -0.18536368 -0.09979588]
 [-0.03531015 -0.05862363 -0.25734877 -0.08507373 -0.04998492]]
Matrix Pair 120; W = [[ 0.27638281  0.10309412  0.08567689 -0.10725042  0.02923553]
 [-0.10023417 -0.42277049 -0.06263157  0.21225394 -0.12510792]
 [-0.02688336  0.00120644 -0.10234022  0.04370287 -0.11320564]
 [-0.03987282  0.16783774  0.162867   -0.05601709 -0.05355414]
 [-0.10505134 -0.11246414 -0.27924242 -0.2111257  -0.02156425]]
U = [[ 0.19964419  0.08086954  0.31436299  0.42159995  0.00272939]
 [-0.25845279 -0.06859452  0.10687714  0.12650759  0.18348851]
 [ 0.0790984  -0.04308407 -0.19398683 -0.15827886  0.21418075]
 [ 0.24464275 -0.09180469  0.28573722 -0.15881265 -0.11053975]
 [-0.06999595 -0.06126716 -0.31567192 -0.04701511 -0.01379736]]
Matrix Pair 121; W = [[ 0.22783555  0.14145801  0.12702934 -0.1206606   0.05348795]
 [-0.13891787 -0.40819227 -0.03960211  0.26343666 -0.13194447]
 [-0.02695118 -0.00224859 -0.07104645 -0.00903705 -0.11814086]
 [-0.01138916  0.15710913  0.17281032 -0.05818784 -0.05584008]
 [-0.07733731 -0.16811526 -0.24550394 -0.21236229  0.04582493]]
U = [[ 2.09702536e-01  1.58253850e-01  2.97479313e-01  4.04759827e-01
  -6.88019416e-02]
 [-2.46142339e-01 -3.43821280e-02  5.81398576e-02  1.47854122e-01
   2.39192765e-01]
 [ 6.97023870e-02 -3.19905713e-04 -1.57838513e-01 -1.39937243e-01
   2.24467934e-01]
 [ 1.76777739e-01 -3.99843033e-02  2.64028076e-01 -1.68765051e-01
  -1.02118138e-01]
 [-6.86339203e-02  2.36388875e-02 -2.86791155e-01 -1.01213858e-01
  -3.25318140e-02]]
Matrix Pair 122; W = [[ 0.21915801  0.06942212  0.13843896 -0.0961111   0.00251522]
 [-0.10098253 -0.40805888 -0.02446393  0.2014573  -0.14629268]
 [-0.05056969 -0.0262997  -0.10721933 -0.02573201 -0.09982134]
 [-0.04654155  0.08214171  0.15446269 -0.05836438  0.01505826]
 [-0.11651807 -0.18224594 -0.28454382 -0.16995429  0.04337274]]
U = [[ 0.20430402  0.10394908  0.28907295  0.40485504 -0.07783124]
 [-0.23026258 -0.06311269  0.09644707  0.07334947  0.19518523]
 [ 0.03007665  0.01433981 -0.16836505 -0.15687308  0.20380333]
 [ 0.17799055 -0.02344954  0.26527326 -0.18179554 -0.02256521]
 [-0.05837753  0.00220381 -0.31296737 -0.05318447 -0.02350316]]
Matrix Pair 123; W = [[ 0.21036304  0.0794193   0.14804472 -0.09738335  0.02272985]
 [-0.16694519 -0.39467817 -0.06838848  0.20429683 -0.10316541]
 [-0.0172072  -0.03781031 -0.16211596  0.02699461 -0.14010991]
 [ 0.03894887  0.09668392  0.19763413 -0.08215783  0.03255105]
 [-0.08740992 -0.1650571  -0.2698592  -0.18122393  0.01853242]]
U = [[ 0.20831401  0.12053726  0.25540628  0.3600966  -0.04201317]
 [-0.23853261 -0.06885437  0.09281119  0.09072107  0.18228425]
 [ 0.09353971 -0.00767699 -0.22044016 -0.11456691  0.20766449]
 [ 0.18950668 -0.02311824  0.27966892 -0.12423855 -0.03568437]
 [ 0.00216925 -0.03910636 -0.26324342 -0.09700012 -0.06301616]]
Matrix Pair 124; W = [[ 2.46149249e-01  1.13119390e-01  9.70868207e-02 -6.88973876e-02
  -1.27626435e-02]
 [-1.73710437e-01 -4.23618066e-01 -1.02192144e-01  2.69109364e-01
  -1.42618959e-01]
 [-4.69302635e-02 -2.35478430e-02 -1.38584417e-01  7.04627951e-02
  -7.87733647e-02]
 [ 1.33137813e-02  1.37864381e-01  1.47191809e-01 -8.39560094e-02
  -5.43478718e-02]
 [-1.23020659e-01 -1.83901724e-01 -2.88925214e-01 -1.99626188e-01
  -3.57795689e-04]]
U = [[ 0.23670422  0.16259093  0.30221848  0.36829216 -0.02395816]
 [-0.2556574  -0.07593597  0.11254273  0.15727288  0.18073063]
 [ 0.09842741 -0.02769577 -0.22141854 -0.07210416  0.20654517]
 [ 0.24256049 -0.01979824  0.30386905 -0.16254725 -0.02943784]
 [-0.08245865 -0.00173414 -0.28680022 -0.03291013 -0.07391092]]
Matrix Pair 125; W = [[ 0.29160099  0.14967443  0.13515892 -0.14191559  0.05168082]
 [-0.10398342 -0.33742202 -0.0769708   0.21208177 -0.14742028]
 [-0.01590071 -0.02099112 -0.11055892 -0.02770027 -0.05650129]
 [ 0.02742684  0.12879884  0.1468705  -0.09460174  0.01475012]
 [-0.06222029 -0.14742735 -0.29516914 -0.13177925 -0.00907325]]
U = [[ 0.17015156  0.14952694  0.28025019  0.36938351 -0.02189807]
 [-0.23405978 -0.11112099  0.10715286  0.06974737  0.24810894]
 [ 0.06710351 -0.01704186 -0.19587888 -0.10100581  0.21362476]
 [ 0.16972964 -0.08011777  0.28273584 -0.1778063  -0.05634998]
 [-0.04367583 -0.03511025 -0.35201204 -0.04517348 -0.07553689]]
Matrix Pair 126; W = [[ 0.28151486  0.14203691  0.13735046 -0.07304684 -0.01047097]
 [-0.18249774 -0.40697212 -0.11600545  0.28570111 -0.08115106]
 [-0.10349427  0.03488754 -0.12006223 -0.0196518  -0.09120819]
 [-0.00895946  0.12285208  0.1582089  -0.07722345 -0.01239981]
 [-0.09507698 -0.13372233 -0.30768128 -0.15171547 -0.00623283]]
U = [[ 0.23838338  0.17210248  0.26556317  0.33741373 -0.03119566]
 [-0.27150431 -0.11743403  0.0319935   0.13989015  0.16982173]
 [ 0.06092744 -0.0677251  -0.17703249 -0.09034236  0.23588072]
 [ 0.1862754  -0.02601794  0.25827276 -0.08699742 -0.09913767]
 [-0.04383324 -0.01653784 -0.31186907 -0.01126874 -0.04912959]]
Matrix Pair 127; W = [[ 0.26086923  0.11115163  0.15418151 -0.0889309   0.02368462]
 [-0.17863937 -0.34284751 -0.06218093  0.22201929 -0.15196886]
 [-0.10679083  0.02802353 -0.16437144 -0.01144181 -0.131625  ]
 [ 0.00162504  0.14134641  0.17004355 -0.11215688  0.02854663]
 [-0.09797717 -0.10472534 -0.23754553 -0.13089785  0.04611675]]
U = [[ 0.17643973  0.09463944  0.28954425  0.33611474 -0.07468105]
 [-0.30028228 -0.0719711   0.08274592  0.1082068   0.21541638]
 [ 0.02694422 -0.08161665 -0.21700633 -0.12126058  0.18085368]
 [ 0.2386668  -0.0558008   0.24213051 -0.15827397 -0.06871796]
 [-0.07496902 -0.05361845 -0.33228916 -0.02386113 -0.04817144]]
