Epoch: 90Matrix Pair 0; W = [[-0.06412023  0.06703968  0.08383635  0.10123361 -0.11399393]
 [ 0.20659728 -0.23370495 -0.01778832 -0.12243529  0.24433938]
 [-0.0976666   0.1088047  -0.06366922  0.01121695  0.17876923]
 [ 0.0737523  -0.02066105  0.09640577 -0.01745254  0.02904617]
 [-0.21396516 -0.13305649  0.00701365  0.18904689 -0.06759195]]
U = [[-0.01502518 -0.10538943  0.14831401 -0.06244435  0.25911102]
 [-0.16701601  0.12519243  0.13702046  0.19042726 -0.05315319]
 [ 0.30718361 -0.062545    0.13916423  0.12990535  0.16923162]
 [ 0.08164063  0.21754931  0.04692875 -0.08625339  0.06598818]
 [-0.25139535  0.21814039  0.34981687  0.22409792 -0.05726503]]
Matrix Pair 1; W = [[-0.02493758  0.09214928  0.14175607  0.12241676 -0.08751834]
 [ 0.11226116 -0.2053261  -0.04143523 -0.05302948  0.31394049]
 [-0.08931725  0.07392262 -0.08592979 -0.03085267  0.26460707]
 [ 0.04681805 -0.0375829   0.0611395   0.05844135 -0.01829512]
 [-0.18362444 -0.12728564 -0.01305591  0.17629106 -0.0441879 ]]
U = [[-0.00617561 -0.10654245  0.15802534 -0.06046257  0.24772647]
 [-0.20782366  0.07774992  0.0906274   0.14635542 -0.00225529]
 [ 0.30525497 -0.06720614  0.15824269  0.17445289  0.14299257]
 [ 0.07281436  0.21153674  0.02975031 -0.02319287  0.06813266]
 [-0.19594171  0.20599614  0.3176419   0.21309229 -0.01423398]]
Matrix Pair 2; W = [[-1.70922457e-02  5.46145841e-02  1.28583534e-01  1.20210045e-01
  -8.36898440e-02]
 [ 2.07739156e-01 -2.74803397e-01 -3.95754941e-02 -1.03441926e-01
   3.08272222e-01]
 [-1.30313805e-01  1.19644037e-01 -1.04544264e-01  4.56425200e-02
   2.09742299e-01]
 [ 7.79189616e-02 -9.46830866e-02  9.38651780e-02  4.91713203e-02
   3.42982256e-02]
 [-2.21020003e-01 -1.00561463e-01  9.74030689e-05  1.24639135e-01
  -9.83636256e-03]]
U = [[-0.00105288 -0.16414359  0.12885266 -0.09479572  0.22299936]
 [-0.20204014  0.06059069  0.14849032  0.1077454  -0.02963424]
 [ 0.26636352 -0.08218006  0.12254211  0.20157811  0.17750557]
 [ 0.05173709  0.21021133  0.07176215 -0.02502058  0.01390465]
 [-0.28232836  0.19333687  0.31582234  0.21697415 -0.03128275]]
Matrix Pair 3; W = [[-0.05471671  0.05756214  0.15475758  0.05749328 -0.14051812]
 [ 0.17256348 -0.18857681 -0.02224306 -0.12413175  0.31123344]
 [-0.06491531  0.09769288 -0.11176614 -0.02178919  0.24526528]
 [ 0.03659771 -0.08328026  0.08944066 -0.02071731  0.00605277]
 [-0.17965164 -0.09952203  0.0646157   0.19336307 -0.02625315]]
U = [[ 0.05642689 -0.17199508  0.11417999 -0.09731378  0.26857313]
 [-0.17757306  0.10157506  0.12322377  0.1445956  -0.0697601 ]
 [ 0.29853027 -0.00782292  0.09886925  0.1943944   0.14002079]
 [ 0.0892482   0.15730943  0.01489472 -0.0506992   0.00477711]
 [-0.23877004  0.18089703  0.30334695  0.15908085 -0.05756439]]
Matrix Pair 4; W = [[-0.08135782  0.08836106  0.14904883  0.06374808 -0.12557106]
 [ 0.09517931 -0.22969293 -0.06676178 -0.02126339  0.10525581]
 [-0.11550993  0.10293276 -0.15579695  0.0260273   0.26493001]
 [-0.01350585 -0.07714402 -0.00554989  0.01156764 -0.09708803]
 [-0.11852334 -0.16955603  0.03340672  0.21113868 -0.02542567]]
U = [[ 0.08570536 -0.14799545  0.12300676 -0.08896731  0.24331271]
 [-0.15675637  0.09084116  0.1857552   0.09594498 -0.0590615 ]
 [ 0.26308814  0.02264018  0.0752118   0.15076504  0.14970437]
 [ 0.10075506  0.17095237  0.0366169  -0.02658818  0.06980153]
 [-0.29085286  0.17228963  0.32587513  0.2089519   0.04405889]]
Matrix Pair 5; W = [[-0.1192021   0.04343398  0.14963137  0.08200544 -0.10047526]
 [ 0.13370767 -0.20240533 -0.03738625 -0.00892613  0.17612029]
 [-0.06784769  0.08445491 -0.12159441  0.01651399  0.20994712]
 [ 0.00977316 -0.12224265  0.05740583 -0.00756493 -0.02396884]
 [-0.18021934 -0.1237836   0.01725977  0.11731151 -0.0010078 ]]
U = [[ 0.13259953 -0.19274097  0.1676454  -0.00510169  0.30933556]
 [-0.19681982  0.09042886  0.13705255  0.12654083 -0.02857777]
 [ 0.27252632  0.03149566  0.14014848  0.18634943  0.16913392]
 [ 0.11144397  0.15130894  0.11766991 -0.06457568  0.02756024]
 [-0.30307353  0.20896804  0.33274784  0.18123198  0.05120837]]
Matrix Pair 6; W = [[-0.03117351  0.1111911   0.1404532   0.06545705 -0.1270911 ]
 [ 0.11468809 -0.19407604 -0.08785554 -0.02481083  0.16269193]
 [-0.05596335  0.0334842  -0.11131457  0.01825206  0.19531193]
 [-0.04625771 -0.12534334 -0.02238568 -0.01407046 -0.02891517]
 [-0.12109506 -0.13284386  0.03168591  0.15665908  0.03416846]]
U = [[ 0.07040814 -0.13366724  0.11818152 -0.00053914  0.30478325]
 [-0.1965562   0.04813999  0.16218443  0.17630314 -0.00870496]
 [ 0.28545848 -0.00193486  0.04371055  0.18910354  0.23125014]
 [ 0.11893994  0.1750498   0.11340909 -0.02869506  0.09759532]
 [-0.34662307  0.19443584  0.35776766  0.16158834  0.0449837 ]]
Matrix Pair 7; W = [[-0.09535537  0.0476998   0.13389872  0.02206381 -0.17202497]
 [ 0.1421198  -0.19586039 -0.12664569 -0.00714776  0.17615661]
 [-0.11387602  0.09863709 -0.14881369  0.05669116  0.26530638]
 [-0.07730918 -0.10275793  0.02997809  0.01298242 -0.09957946]
 [-0.11419713 -0.18759947  0.04319413  0.18247761  0.01369173]]
U = [[ 0.07772728 -0.1346322   0.13016383 -0.03536162  0.31531133]
 [-0.1619226   0.10361732  0.12177653  0.09481272 -0.06384618]
 [ 0.30281014  0.0237895   0.09091215  0.2265136   0.18865891]
 [ 0.10258609  0.19379645  0.05290894 -0.0723846   0.02759184]
 [-0.28846746  0.20389962  0.29499198  0.20762143  0.04833471]]
Matrix Pair 8; W = [[-0.0651528   0.00924673  0.1647337   0.03268762 -0.1317486 ]
 [ 0.17117796 -0.27304919 -0.13178845 -0.11717964  0.18108739]
 [-0.11892372 -0.01462522 -0.08907086 -0.00933308  0.194426  ]
 [ 0.09949075 -0.12339288  0.02549358  0.00780529  0.03320696]
 [-0.16008618 -0.13556724  0.02412589  0.16429568 -0.02614701]]
U = [[ 0.05757709 -0.08582426  0.07770695 -0.13050262  0.30613034]
 [-0.10839584  0.07696143  0.17418062  0.16961721 -0.00513565]
 [ 0.25632204  0.00647544  0.09621692  0.19374153  0.18169859]
 [ 0.06710219  0.17454735  0.11477859  0.06417548  0.00792301]
 [-0.23666478  0.22608117  0.3074039   0.13456316  0.01741996]]
Matrix Pair 9; W = [[-0.05814397 -0.00713653  0.11581286  0.04646646 -0.07202239]
 [ 0.19022721 -0.27653315 -0.13002479 -0.12377903  0.1675304 ]
 [-0.14968708  0.02640617 -0.12087162 -0.04227822  0.21368973]
 [ 0.080435   -0.04543653  0.05027771  0.06140766 -0.02656675]
 [-0.13130679 -0.13201641  0.03902824  0.13513431 -0.00660403]]
U = [[ 0.04955832 -0.16243528  0.08712987 -0.07890655  0.3050078 ]
 [-0.11714102  0.03880764  0.14122774  0.1856012  -0.00462724]
 [ 0.2517956  -0.0231175   0.12382342  0.18161466  0.13767021]
 [ 0.04298111  0.15154657  0.02914416  0.07851494  0.00984079]
 [-0.22383885  0.2211463   0.30651323  0.16314818  0.04491928]]
Matrix Pair 10; W = [[-0.06666596  0.00406292  0.12430174  0.05686948 -0.05590767]
 [ 0.13580707 -0.23318473 -0.09561585 -0.16103983  0.17034444]
 [-0.10021076  0.04583658 -0.12831458 -0.00524354  0.27405662]
 [ 0.01847196 -0.09448637  0.05587308  0.06986311  0.03345265]
 [-0.12986126 -0.19589738  0.02976229  0.17411891 -0.05963341]]
U = [[ 7.52564738e-02 -9.00119555e-02  8.81122300e-02 -7.58419225e-02
   2.70220983e-01]
 [-1.05029094e-01  5.83342994e-02  1.39995807e-01  2.13024730e-01
  -7.51519905e-02]
 [ 2.73317074e-01 -3.03181263e-05  4.13236707e-02  1.92124579e-01
   1.51169162e-01]
 [ 5.68377473e-02  1.52770228e-01  1.05282844e-01  7.14210157e-02
   4.88342542e-02]
 [-2.22617842e-01  2.16815550e-01  3.64742741e-01  1.27237523e-01
   3.30170252e-03]]
Matrix Pair 11; W = [[-0.04476936  0.03710468  0.0878241   0.03749754 -0.07624137]
 [ 0.12147441 -0.23128021 -0.13098178 -0.14931159  0.19190231]
 [-0.07740948 -0.00735683 -0.15322745 -0.02734571  0.28627545]
 [ 0.09387928 -0.0865053  -0.02665598  0.05275006 -0.01760277]
 [-0.17438355 -0.11416663  0.07121082  0.15489132  0.01784086]]
U = [[-0.0009633  -0.1410538   0.07526349 -0.11113717  0.30830853]
 [-0.13126529  0.03779261  0.16329497  0.21020795 -0.0458425 ]
 [ 0.2619556  -0.00789068  0.10151715  0.14723276  0.1557517 ]
 [ 0.06465464  0.20934498  0.08630026  0.06518204 -0.0143448 ]
 [-0.25139968  0.28201386  0.30102297  0.13843448 -0.01903339]]
Matrix Pair 12; W = [[-0.04654302  0.0464729   0.13300914  0.12381609 -0.1084788 ]
 [ 0.14401993 -0.11346275 -0.00909004 -0.10905014  0.22726359]
 [-0.09856446  0.05407889 -0.11438129  0.01468837  0.19509209]
 [ 0.05992661 -0.10773453  0.12403477 -0.02457622  0.02391488]
 [-0.11320295 -0.16276239  0.0490591   0.12817225 -0.07935137]]
U = [[ 0.02125176 -0.1296624   0.14867406 -0.06369589  0.22336772]
 [-0.09938228  0.12914619  0.13471085  0.10339908 -0.0009256 ]
 [ 0.33823422  0.002247    0.10446434  0.06632782  0.19274244]
 [ 0.08235356  0.15369938  0.051231   -0.00683059  0.02633529]
 [-0.28590032  0.12996865  0.28115734  0.19910685 -0.02264328]]
Matrix Pair 13; W = [[-0.07965017  0.12367368  0.08936868  0.14118488 -0.10328089]
 [ 0.17459727 -0.15379616 -0.04244002 -0.04635858  0.20130768]
 [-0.09358181  0.06983164 -0.13398761  0.01519786  0.1613231 ]
 [ 0.05849253 -0.10492744  0.13281478 -0.01996932  0.05865   ]
 [-0.18367383 -0.24305996  0.04646452  0.10187402 -0.00969623]]
U = [[-0.01884923 -0.16326638  0.11731337 -0.06751491  0.2288102 ]
 [-0.12158622  0.09581095  0.20171567  0.09687761  0.01753615]
 [ 0.2825883  -0.01825268  0.07548904  0.10745021  0.26066793]
 [ 0.08117795  0.20221218  0.102188   -0.02007479  0.04193635]
 [-0.20688183  0.09378603  0.29938672  0.19589019 -0.02091503]]
Matrix Pair 14; W = [[-0.01619606  0.06646072  0.15632356  0.13847141 -0.0995404 ]
 [ 0.16237433 -0.16956448 -0.01226213 -0.0718893   0.24183241]
 [-0.12156754  0.07478381 -0.14522329  0.03589552  0.17055323]
 [ 0.0455682  -0.07543735  0.15760442 -0.00233876 -0.03376308]
 [-0.14291593 -0.17695342  0.04262891  0.08124828 -0.06564217]]
U = [[ 5.18263295e-03 -1.73422193e-01  1.57874223e-01 -4.63125428e-02
   2.49903207e-01]
 [-1.38583830e-01  7.93944943e-02  1.74497795e-01  6.00216752e-02
   8.37104083e-03]
 [ 3.56210030e-01 -6.26105091e-02  7.75146071e-02  1.57841804e-01
   1.96108579e-01]
 [ 6.13108885e-02  1.71908273e-01  9.89224320e-02 -1.38156706e-04
   2.22940853e-02]
 [-2.01805121e-01  1.48078566e-01  3.14823529e-01  1.33233815e-01
  -4.73635695e-02]]
Matrix Pair 15; W = [[-0.09850162  0.11881326  0.13125488  0.10106546 -0.12578579]
 [ 0.16158473 -0.1978295  -0.08707925 -0.03563327  0.19493258]
 [-0.07637865  0.07234728 -0.13949278  0.02322808  0.16725921]
 [ 0.05385567 -0.1104624   0.09725824 -0.01921465 -0.02685878]
 [-0.10812621 -0.17836155  0.08183989  0.10952062 -0.09505577]]
U = [[ 0.00406284 -0.15181047  0.09474173 -0.04016941  0.22301375]
 [-0.14085522  0.08632463  0.18823894  0.1098514   0.01102699]
 [ 0.37728055 -0.0267342   0.09362226  0.13753412  0.19814679]
 [ 0.09113083  0.14114817  0.04415021 -0.01686378  0.02499954]
 [-0.21596367  0.09601586  0.28159589  0.17826514 -0.01638239]]
Matrix Pair 16; W = [[-0.03557323  0.0322862   0.09852267  0.01756722 -0.08712979]
 [ 0.20860713 -0.25893554 -0.06130452 -0.03776297  0.16929582]
 [-0.05692766  0.02035202 -0.10439052  0.01918213  0.2844516 ]
 [ 0.03844214 -0.0804513   0.09534166  0.02848145 -0.01510883]
 [-0.13093033 -0.12805561 -0.01174418  0.20590397 -0.06123247]]
U = [[-0.00991119 -0.14640405  0.11185884 -0.09814322  0.30886414]
 [-0.18780456  0.13295784  0.11256627  0.11478891 -0.0604681 ]
 [ 0.28449868 -0.09260165  0.07902488  0.11294604  0.19979302]
 [ 0.07768938  0.23826045  0.15428065 -0.00332734  0.09129482]
 [-0.28315624  0.14391623  0.3037296   0.09042812 -0.01447828]]
Matrix Pair 17; W = [[-0.11258554  0.06762104  0.19571299  0.10547449 -0.14577449]
 [ 0.13471154 -0.20324018 -0.03861011 -0.12003249  0.22609012]
 [-0.0827197   0.08369677 -0.16915344  0.02805879  0.30607933]
 [ 0.00178051 -0.08684611  0.01191153 -0.02840489  0.07676754]
 [-0.19963324 -0.18371666  0.01652086  0.13427727 -0.0940076 ]]
U = [[ 0.00448125 -0.12794345  0.03588761 -0.11773656  0.31747795]
 [-0.1095582   0.1057284   0.13661387  0.05568753 -0.01238511]
 [ 0.25279246 -0.09502129  0.14198173  0.11309704  0.15570752]
 [ 0.02872721  0.19741548  0.13224816  0.0783987   0.03726288]
 [-0.29883446  0.22181727  0.3598968   0.12418443 -0.03076891]]
Matrix Pair 18; W = [[-0.11522414  0.09981531  0.1070464   0.08353058 -0.05771284]
 [ 0.20691007 -0.24300385 -0.07134191 -0.03867131  0.26022865]
 [-0.05210015  0.04921039 -0.17112438  0.04635265  0.23560472]
 [ 0.05751039 -0.15381743  0.02429844  0.03054068  0.03113421]
 [-0.15940749 -0.21452603  0.00364461  0.16075148 -0.06992494]]
U = [[ 0.02988358 -0.11573031  0.12747677 -0.16595955  0.27526051]
 [-0.18704872  0.06686202  0.10488561  0.11735981 -0.06644603]
 [ 0.29236244 -0.0971502   0.1120219   0.16179525  0.18397532]
 [ 0.04555905  0.21909602  0.12403873  0.06019184  0.03161957]
 [-0.27178846  0.14929343  0.32044572  0.09449202  0.04013996]]
Matrix Pair 19; W = [[-0.0562305   0.08266182  0.12666766  0.09001765 -0.09400845]
 [ 0.14389575 -0.24970849 -0.01189944 -0.1147758   0.20634382]
 [-0.06615783  0.08230841 -0.13630099  0.0289596   0.22297229]
 [ 0.0208859  -0.06852835  0.06705858 -0.04713321  0.0697959 ]
 [-0.14176518 -0.15328    -0.02945941  0.13585027 -0.06857364]]
U = [[ 0.02249219 -0.07892901  0.08863255 -0.11111492  0.26327679]
 [-0.13523037  0.13577669  0.11531242  0.10999475 -0.04402334]
 [ 0.28912889 -0.06376906  0.1304038   0.16744521  0.16713788]
 [ 0.08472057  0.16753635  0.09657756 -0.00923404  0.08804071]
 [-0.26581786  0.14705941  0.2795109   0.16347227  0.01241075]]
Matrix Pair 20; W = [[-0.00867815  0.12441685  0.08236542  0.0653661  -0.17294906]
 [ 0.21614534 -0.21586318 -0.06799438 -0.09363036  0.21923351]
 [-0.15735562  0.05245034 -0.07434658  0.01148465  0.29629403]
 [ 0.02871049 -0.07588873  0.00551373  0.06056913 -0.06681662]
 [-0.13243678 -0.1342021  -0.0206959   0.12373869 -0.10758984]]
U = [[ 0.05860245 -0.15454264  0.1266344  -0.11476568  0.19902895]
 [-0.12390352  0.06049028  0.19922785  0.10335726 -0.02424114]
 [ 0.28136393  0.03563067  0.06981406  0.19809708  0.16725698]
 [ 0.07627955  0.07944247  0.05834691 -0.00775261 -0.03916391]
 [-0.24465932  0.20941568  0.37909658  0.07803774 -0.08975911]]
Matrix Pair 21; W = [[-0.07047719  0.1052822   0.10975991  0.08464251 -0.16108054]
 [ 0.20564368 -0.20115826 -0.07461392 -0.12721071  0.21312016]
 [-0.15735882  0.01452487 -0.06230502 -0.02204443  0.24500493]
 [ 0.04104816 -0.08870211  0.01585772 -0.03010256 -0.06960798]
 [-0.12659205 -0.09118737  0.01815524  0.1312501  -0.0448132 ]]
U = [[ 0.01221828 -0.20287324  0.09081434 -0.07221396  0.20453143]
 [-0.19892132  0.07308543  0.21617342  0.05337551 -0.07939352]
 [ 0.2674082  -0.01477026  0.11595914  0.22580692  0.16789481]
 [ 0.0227278   0.14744079  0.04631767  0.03935116 -0.00198772]
 [-0.28267468  0.22329329  0.42742671  0.14226779 -0.04715797]]
Matrix Pair 22; W = [[-0.09917328  0.09800722  0.10288855  0.09537784 -0.17074823]
 [ 0.19508337 -0.19039132 -0.13744728 -0.08493642  0.2319061 ]
 [-0.18738491  0.06819446 -0.14787421  0.03266172  0.32912606]
 [-0.00780447 -0.10175291  0.01522228  0.04224538 -0.05398648]
 [-0.16387419 -0.08798623 -0.01796912  0.18363491 -0.07418769]]
U = [[ 0.03807534 -0.20668679  0.08182046 -0.10502183  0.21444077]
 [-0.15938196  0.09904955  0.14300733  0.08427553  0.00210077]
 [ 0.21847039  0.05030455  0.09593403  0.20555199  0.19249697]
 [ 0.08542169  0.07551863  0.01497645  0.00239616  0.01533271]
 [-0.23898654  0.25853621  0.33769508  0.09123634 -0.00840133]]
Matrix Pair 23; W = [[-0.0065616   0.10605172  0.16965064  0.04134559 -0.20438738]
 [ 0.13230605 -0.25925579 -0.06335468 -0.16542258  0.2270331 ]
 [-0.1592614   0.06851144 -0.09300335 -0.02092924  0.25864041]
 [ 0.06475059 -0.09779142  0.06149918  0.0537836   0.02248934]
 [-0.10910968 -0.13269555 -0.00204837  0.11877728 -0.07265551]]
U = [[ 0.00157509 -0.21330674  0.13235835 -0.12920578  0.29222675]
 [-0.20681219  0.07986747  0.15182845  0.05567109 -0.03500472]
 [ 0.24465954 -0.01041979  0.13968035  0.21191498  0.17220139]
 [ 0.0618933   0.11635965  0.09982653  0.00486397 -0.05369844]
 [-0.21179595  0.2606339   0.40804481  0.13949965 -0.01431658]]
Matrix Pair 24; W = [[-0.03604784  0.05027169  0.09502876  0.02366044 -0.10570994]
 [ 0.2316979  -0.15254021 -0.09913226 -0.07605567  0.21119924]
 [-0.11377987  0.05045963 -0.17089084  0.07623831  0.31366361]
 [-0.02592939 -0.11047167 -0.02582206 -0.03428222  0.04558872]
 [-0.18472185 -0.16427199  0.03255305  0.10524002  0.02578688]]
U = [[ 0.05958161 -0.14728276  0.08956058 -0.16676667  0.22574243]
 [-0.11635782  0.14284469  0.10843091  0.13327065 -0.02124032]
 [ 0.29005835 -0.03817678  0.11445582  0.23574128  0.22517359]
 [ 0.08438436  0.24017849  0.13791201  0.00170568  0.097629  ]
 [-0.28433403  0.18745111  0.38504883  0.14512339  0.08178258]]
Matrix Pair 25; W = [[-0.05820126  0.12514341  0.09607879  0.09558421 -0.11461186]
 [ 0.22972974 -0.1563673  -0.07588964 -0.11325127  0.1764989 ]
 [-0.08604592  0.02405256 -0.14342588  0.0231782   0.28941165]
 [ 0.06138788 -0.08071531 -0.02783844 -0.01069567  0.00193256]
 [-0.17935486 -0.17405709 -0.0208195   0.1214187   0.01576721]]
U = [[ 0.03051486 -0.10856842  0.17354353 -0.11942709  0.2172574 ]
 [-0.15568807  0.11151859  0.14785539  0.14288266 -0.00796059]
 [ 0.32339449 -0.03244522  0.10833707  0.22919054  0.27036019]
 [ 0.00582607  0.23665047  0.14997426  0.00222331  0.04173701]
 [-0.2680624   0.27189137  0.32577962  0.21115736  0.01287695]]
Matrix Pair 26; W = [[-0.07087141  0.10143752  0.16690515  0.08978278 -0.14318038]
 [ 0.22208244 -0.16419006 -0.09436765 -0.06665026  0.16507295]
 [-0.10669488  0.04268479 -0.11423931  0.04134035  0.24221419]
 [ 0.01769533 -0.05103463  0.02347295 -0.01629675  0.01204928]
 [-0.16247139 -0.16338256  0.03544108  0.11000708  0.00160306]]
U = [[ 0.06014834 -0.14599012  0.13124093 -0.09391584  0.23905441]
 [-0.18453554  0.14560549  0.11556654  0.16238848  0.02843109]
 [ 0.23900922 -0.00426585  0.07590629  0.24318372  0.2382044 ]
 [ 0.05122233  0.20655322  0.12879436 -0.02522708  0.05601225]
 [-0.26498189  0.19812998  0.33563789  0.2075517   0.02836093]]
Matrix Pair 27; W = [[-0.06552396  0.10660181  0.07583803  0.03357376 -0.15094975]
 [ 0.19259642 -0.16964197 -0.11328027 -0.09368775  0.21303203]
 [-0.09467925  0.01458137 -0.13816953  0.05332553  0.26886821]
 [ 0.02115194 -0.0788053   0.01247321  0.00339659 -0.00718791]
 [-0.15293853 -0.14407875  0.00709311  0.12301388  0.00602597]]
U = [[ 0.09632692 -0.19553591  0.07623826 -0.14718178  0.24147743]
 [-0.18606866  0.08616309  0.15164347  0.17695812  0.01774707]
 [ 0.27158836 -0.03424686  0.06024777  0.16538109  0.27625314]
 [ 0.01623005  0.21312333  0.07755109 -0.08474885  0.06818015]
 [-0.26161195  0.22274414  0.35000866  0.2067285   0.05281525]]
Matrix Pair 28; W = [[-0.08774909  0.05640852  0.09245418  0.065186   -0.09295239]
 [ 0.18241988 -0.19305601 -0.06343886 -0.02980103  0.26191005]
 [-0.09044469  0.1368968  -0.19725601  0.00392267  0.23999015]
 [ 0.03435788 -0.09291442  0.071608   -0.03571988  0.00810929]
 [-0.14080822 -0.11443371 -0.02549843  0.16867026 -0.02440533]]
U = [[ 0.05867119 -0.11854363  0.10718564 -0.13195242  0.37073662]
 [-0.17051567  0.10332037  0.14703973  0.16441912 -0.04277418]
 [ 0.30340638 -0.02425721  0.0395412   0.20329047  0.18486576]
 [ 0.08180892  0.21999307  0.05046572  0.01123027  0.033356  ]
 [-0.26298267  0.23569529  0.36748163  0.11342469 -0.02308178]]
Matrix Pair 29; W = [[-0.093222    0.07942563  0.08825717  0.13810989 -0.11189131]
 [ 0.18750658 -0.17532083 -0.03024622 -0.11112537  0.23382335]
 [-0.06843595  0.06576915 -0.13351433 -0.02472976  0.2086748 ]
 [ 0.02655361 -0.13257208  0.09963559  0.04410234  0.02948224]
 [-0.10733525 -0.08262181 -0.00614764  0.14098435 -0.05864217]]
U = [[ 0.09880983 -0.1839924   0.1033551  -0.06390528  0.27559262]
 [-0.12490074  0.1084188   0.12021651  0.1087325  -0.03440212]
 [ 0.3455862  -0.04954207  0.10103203  0.18694439  0.17273345]
 [ 0.04096149  0.17410623  0.07428514  0.01580816  0.08891579]
 [-0.2538956   0.17229529  0.29644792  0.16905533  0.02802079]]
Matrix Pair 30; W = [[-0.13661821  0.05844839  0.11845723  0.09090437 -0.11203075]
 [ 0.18595997 -0.25418961 -0.02762365 -0.07709444  0.22083869]
 [-0.12320243  0.12061475 -0.19170226 -0.00947621  0.20732333]
 [-0.03710013 -0.07478958  0.06650577  0.01278562  0.04026812]
 [-0.10271571 -0.16256135  0.03340419  0.09767644 -0.06093095]]
U = [[ 0.03959536 -0.20286685  0.14458869 -0.09129019  0.29796626]
 [-0.16960143  0.14902272  0.14702506  0.09110264 -0.02953304]
 [ 0.30152926 -0.03504369  0.13435914  0.13561056  0.11263136]
 [ 0.04416021  0.25900112  0.06855713 -0.00276538  0.04269788]
 [-0.3157045   0.1812392   0.37033164  0.1179079   0.04865691]]
Matrix Pair 31; W = [[-0.05294707  0.08713339  0.15695932  0.15705227 -0.14467812]
 [ 0.14939184 -0.25994797 -0.02068486 -0.10483384  0.23002029]
 [-0.14182374  0.11337371 -0.14726685 -0.01304083  0.29217113]
 [-0.0347346  -0.08019499  0.06326491 -0.01514683 -0.02591806]
 [-0.08758224 -0.13324581 -0.02192147  0.13128382 -0.01224322]]
U = [[ 0.0656458  -0.13388574  0.10861008 -0.11346469  0.36171512]
 [-0.14608757  0.15988892  0.19068316  0.10351722 -0.11759925]
 [ 0.37121818  0.0133283   0.09721152  0.22113594  0.14878523]
 [ 0.0979605   0.21249214  0.08483325 -0.02842254  0.00531089]
 [-0.23811808  0.16715935  0.36896741  0.14559687 -0.00270812]]
Matrix Pair 32; W = [[-0.05836493  0.12994811  0.14408011  0.0998167  -0.07174407]
 [ 0.15457373 -0.1614359  -0.11479654 -0.12084306  0.13643676]
 [-0.0859782   0.06539775 -0.16452019  0.05942221  0.30385411]
 [-0.06522589 -0.07671072  0.02491317  0.02423151 -0.05483749]
 [-0.14769958 -0.16730538 -0.05600463  0.15097598 -0.02705363]]
U = [[ 0.05675958 -0.16472148  0.21553712 -0.16280692  0.26520921]
 [-0.23480877  0.04138273  0.15984461  0.13671394  0.03559868]
 [ 0.21886543 -0.05462185  0.11352002  0.22884389  0.14416173]
 [ 0.05071233  0.18940086  0.11566762  0.06228247  0.02428098]
 [-0.27661502  0.19500603  0.35390692  0.07923631 -0.00242702]]
Matrix Pair 33; W = [[-0.06239124  0.1401269   0.15499413  0.05748197 -0.06684374]
 [ 0.07390002 -0.18556437 -0.11310461 -0.09796937  0.15616296]
 [-0.11673355  0.02776562 -0.16578485  0.00929451  0.25996947]
 [-0.02582533 -0.05375164 -0.01857032  0.05645944 -0.00150689]
 [-0.16043292 -0.19336119  0.029538    0.15846357 -0.08388484]]
U = [[ 0.12379854 -0.1423358   0.20051641 -0.17266588  0.31854247]
 [-0.16316162  0.09588253  0.10786414  0.19079937  0.03130074]
 [ 0.20641628  0.03749418  0.14715847  0.16325196  0.16052666]
 [ 0.05438778  0.18486036  0.10169129  0.04593923  0.03556841]
 [-0.22721019  0.24524208  0.33064067  0.07274398 -0.03726078]]
Matrix Pair 34; W = [[-0.0175621   0.06654355  0.1467366   0.10508085 -0.04772918]
 [ 0.14060734 -0.1488416  -0.14746193 -0.0575886   0.14668096]
 [-0.07711677  0.06282763 -0.14489165  0.04822611  0.29363009]
 [ 0.01759408 -0.09130819  0.06704148  0.03423957 -0.03117797]
 [-0.18983383 -0.11322295 -0.02848263  0.20778067 -0.0268156 ]]
U = [[ 0.06587636 -0.13921319  0.15308106 -0.17159011  0.2988965 ]
 [-0.17059467  0.07814412  0.15930784  0.14748259 -0.03355619]
 [ 0.26612781 -0.06033866  0.06682161  0.14925359  0.17714168]
 [ 0.01024908  0.14212478  0.09226254  0.0828483  -0.02374814]
 [-0.2180999   0.27968064  0.30469655  0.09426858  0.00649659]]
Matrix Pair 35; W = [[-0.09202877  0.0762544   0.12709126  0.10835176 -0.09812322]
 [ 0.11143198 -0.15344991 -0.16487827 -0.11268779  0.11078007]
 [-0.13261258  0.00284969 -0.09982438  0.07323433  0.3010931 ]
 [-0.05124039 -0.06321811  0.04065094  0.05708879  0.0236341 ]
 [-0.17234422 -0.12045989 -0.05813249  0.22661104 -0.09779273]]
U = [[ 0.04390925 -0.16928419  0.18544111 -0.12816122  0.30171921]
 [-0.21164031  0.08806058  0.16553582  0.13514299  0.01487384]
 [ 0.26035471  0.0181747   0.14853335  0.18168746  0.14682352]
 [ 0.01212994  0.09916851  0.02681415  0.0206377  -0.01904023]
 [-0.22409241  0.18861541  0.38261514  0.0973304  -0.01676204]]
Matrix Pair 36; W = [[-0.01155648  0.06158342  0.12850796  0.03426218 -0.08962736]
 [ 0.15293038 -0.17083439 -0.16411672 -0.06685306  0.14846774]
 [-0.12694735 -0.08287236 -0.10195075  0.04940227  0.25707609]
 [-0.02966077 -0.08059345 -0.05969995  0.00208026  0.01050368]
 [-0.20234612 -0.10186705 -0.0103867   0.13374447  0.0069803 ]]
U = [[ 0.00565165 -0.16812835  0.16572001 -0.14263441  0.31570329]
 [-0.20230242  0.06442162  0.15875913  0.12372286 -0.04230294]
 [ 0.2293038  -0.05602494  0.12519267  0.16619953  0.1661404 ]
 [ 0.0774178   0.22780673  0.11865399 -0.02959852 -0.01190371]
 [-0.27851282  0.22874724  0.36235182  0.15532902  0.08636946]]
Matrix Pair 37; W = [[-0.06095469  0.10289522  0.15291836  0.10292741 -0.08916179]
 [ 0.15555681 -0.23618505 -0.07694585 -0.07872835  0.17549756]
 [-0.07026664 -0.05244689 -0.12839204  0.0655772   0.26448041]
 [ 0.05386943 -0.10403253 -0.06710928  0.09378597 -0.06277291]
 [-0.18043633 -0.15249975  0.0523893   0.13726324 -0.03865448]]
U = [[ 0.03300532 -0.14310341  0.1282312  -0.08185423  0.26002117]
 [-0.16824502 -0.00104929  0.19410342  0.15467286  0.00726072]
 [ 0.22674811 -0.04502493  0.10501418  0.18854187  0.10393619]
 [ 0.10672215  0.23293781  0.12010868 -0.00538632  0.04002471]
 [-0.23109257  0.25295049  0.38095243  0.19870381  0.04350868]]
Matrix Pair 38; W = [[-0.06770876  0.11546695  0.08680733  0.02586737 -0.05135578]
 [ 0.10562405 -0.2628277  -0.10062059 -0.06903331  0.11189204]
 [-0.06497121 -0.02702494 -0.09913295  0.00883256  0.25797481]
 [ 0.04687844 -0.08639981 -0.03700402  0.01532148 -0.05027477]
 [-0.14622599 -0.13473418 -0.02391633  0.08943668 -0.06161493]]
U = [[ 0.03790771 -0.12521735  0.16995688 -0.14356632  0.25190589]
 [-0.13380584  0.06565362  0.179759    0.11327159 -0.01659129]
 [ 0.26736066 -0.03254578  0.17756815  0.20662163  0.13910626]
 [ 0.12419468  0.26812195  0.04329949 -0.05865661  0.02470155]
 [-0.27174948  0.27323649  0.33683036  0.14403723  0.06757618]]
Matrix Pair 39; W = [[-0.08951319  0.08715129  0.0772054   0.10055401 -0.09707526]
 [ 0.07577978 -0.20768518 -0.16172336 -0.0249677   0.16174718]
 [-0.06873191 -0.03097088 -0.05586034  0.05270153  0.19102797]
 [-0.02112665 -0.04307492 -0.03506379  0.02419145 -0.03615262]
 [-0.22397027 -0.09215438 -0.03912819  0.07746657 -0.0087863 ]]
U = [[ 0.04569009 -0.12695241  0.11883891 -0.10575196  0.29951786]
 [-0.12643018  0.07277559  0.2124524   0.19167189 -0.05140395]
 [ 0.3255063  -0.06646986  0.10889432  0.19393599  0.1510373 ]
 [ 0.05540341  0.17728495  0.06110985  0.00524752  0.02626283]
 [-0.25659752  0.26841067  0.39122138  0.19980188  0.08349687]]
Matrix Pair 40; W = [[-0.03411137 -0.00716564  0.14115684  0.10144751 -0.18176594]
 [ 0.06127332 -0.21217038 -0.04137692 -0.08107767  0.11964045]
 [-0.0804128  -0.05195963 -0.13768943  0.10380069  0.23804643]
 [ 0.04608714 -0.11362085 -0.01544213 -0.02406734  0.03511782]
 [-0.12696501 -0.20057228  0.0507783   0.19517902 -0.04966446]]
U = [[ 0.03455755 -0.17192395  0.2168319  -0.12039151  0.2662163 ]
 [-0.14329096  0.10427622  0.20044019  0.1511262   0.04473222]
 [ 0.28527216 -0.09076258  0.07173272  0.1782564   0.14413875]
 [ 0.05610373  0.16250686  0.11516767  0.05183018 -0.01092895]
 [-0.27009946  0.17729041  0.33313402  0.14451753 -0.03738272]]
Matrix Pair 41; W = [[-0.08424561 -0.0442764   0.1625686   0.10291079 -0.08449732]
 [ 0.13465293 -0.1808181  -0.11178648 -0.12060821  0.12890464]
 [-0.0707101  -0.04875039 -0.11328927  0.08837269  0.24810852]
 [ 0.02076254 -0.06995923 -0.037403    0.0322359   0.03022462]
 [-0.19063813 -0.2530096  -0.01484169  0.16421453 -0.02793358]]
U = [[ 0.00443001 -0.13259161  0.16801008 -0.1855877   0.24429361]
 [-0.1997625   0.05383364  0.15050943  0.09850847 -0.00759247]
 [ 0.27868684 -0.05901011  0.13748703  0.1493745   0.19914488]
 [ 0.05369881  0.08623795  0.04871051  0.10086161  0.03610715]
 [-0.25091204  0.23595683  0.29412389  0.04858957 -0.02508443]]
Matrix Pair 42; W = [[-0.05389216 -0.00460877  0.09927319  0.08636926 -0.14329882]
 [ 0.13373011 -0.2317429  -0.09139701 -0.07095198  0.10292603]
 [-0.06601265 -0.02647663 -0.17211193  0.06055927  0.2797174 ]
 [-0.01485899 -0.12880594 -0.02014627  0.01435678 -0.00181928]
 [-0.18886163 -0.2088553   0.02112506  0.19364624 -0.03147505]]
U = [[ 0.064329   -0.18513554  0.21482688 -0.16670299  0.27799487]
 [-0.16008993  0.01883579  0.15685444  0.15416827  0.03521871]
 [ 0.28848624 -0.06620701  0.10390769  0.17612947  0.20434175]
 [ 0.07881469  0.10517495  0.03801675  0.11144792  0.00495656]
 [-0.24219251  0.2078053   0.32206216  0.13045579 -0.04211402]]
Matrix Pair 43; W = [[-0.08839427 -0.00973228  0.1437317   0.08762678 -0.15759716]
 [ 0.10263439 -0.26962642 -0.03689064 -0.14991454  0.10542317]
 [-0.11350679 -0.01509929 -0.11076772  0.04307855  0.21874517]
 [ 0.04211436 -0.12071621  0.00258048 -0.01937342 -0.01400088]
 [-0.16751203 -0.18794891  0.07019959  0.16635304 -0.023509  ]]
U = [[-0.00604014 -0.19734424  0.15054627 -0.13629764  0.24538096]
 [-0.12173412  0.0563132   0.20269667  0.14129199  0.04266356]
 [ 0.26857382 -0.00262276  0.0699722   0.17086158  0.19250393]
 [ 0.08372163  0.13936014  0.12236804  0.07580972  0.03646203]
 [-0.2275102   0.20236131  0.29365515  0.09690234 -0.01731999]]
Matrix Pair 44; W = [[-0.02916376  0.07454582  0.07079788  0.10534525 -0.15812361]
 [ 0.1824249  -0.21176647 -0.06559144 -0.01543693  0.22258475]
 [-0.06481944  0.13565939 -0.07160572  0.00833949  0.20297512]
 [-0.01673378 -0.07242094  0.01519854  0.00283181 -0.05541595]
 [-0.17406347 -0.06573396  0.01149953  0.07312925 -0.01624356]]
U = [[ 0.11672601 -0.14074372  0.13366932 -0.06852723  0.29551448]
 [-0.20174824  0.13514961  0.2053745   0.22144359  0.03690523]
 [ 0.27996808 -0.01737681  0.17719409  0.16697686  0.09139502]
 [ 0.02123614  0.23550759  0.09846476 -0.03473439 -0.01794027]
 [-0.26575497  0.16720206  0.36530532  0.14452631  0.00366778]]
Matrix Pair 45; W = [[-0.02569885  0.04386358  0.1546528   0.11599098 -0.11675805]
 [ 0.1455919  -0.25058917 -0.05619993 -0.08067895  0.18964951]
 [-0.0564792   0.06278138 -0.13778995 -0.05658295  0.17632805]
 [ 0.06309812 -0.0597145   0.03930965  0.00677918  0.01403152]
 [-0.15833052 -0.12034259  0.02080856  0.08760664 -0.04534675]]
U = [[ 0.0387599  -0.16904048  0.10066943  0.02698811  0.29779544]
 [-0.24271492  0.09956909  0.14513493  0.14569352 -0.01451981]
 [ 0.27301825  0.05675191  0.1275163   0.16295606  0.13181533]
 [-0.0089649   0.17954432  0.06631689  0.04974632  0.04462923]
 [-0.31493931  0.1580278   0.37918466  0.17992407  0.00944081]]
Matrix Pair 46; W = [[ 0.0371723   0.04674116  0.07477714  0.06749871 -0.10083512]
 [ 0.2392565  -0.20623977 -0.08953086 -0.03290404  0.16315635]
 [-0.0671071   0.13322715 -0.13414098  0.01750193  0.21869903]
 [-0.01965721 -0.1489263   0.02311581  0.04049237 -0.05667682]
 [-0.20686363 -0.12038679 -0.0085565   0.11729469  0.00181159]]
U = [[ 0.05536115 -0.11146231  0.08012333 -0.01827606  0.2364068 ]
 [-0.24913767  0.13484162  0.14044258  0.22476259 -0.01354385]
 [ 0.28555111  0.04432588  0.10825788  0.123749    0.13170264]
 [ 0.00870602  0.27093222  0.06775652  0.04529744  0.02279642]
 [-0.23780069  0.19273773  0.374045    0.13799605  0.03177309]]
Matrix Pair 47; W = [[ 0.02233003  0.09838027  0.14681051  0.06040035 -0.10995956]
 [ 0.21355708 -0.21991815 -0.10204646 -0.03279112  0.17591826]
 [-0.06607455  0.1178334  -0.0665239   0.01221686  0.13864011]
 [ 0.06746958 -0.06567691  0.0327569   0.04515364 -0.07026465]
 [-0.21001946 -0.08045004  0.03725509  0.15925992 -0.02303418]]
U = [[ 0.06308362 -0.08982652  0.06640495  0.00235632  0.24002021]
 [-0.18145998  0.11351983  0.16435283  0.14877411  0.0442313 ]
 [ 0.26347508  0.02763428  0.14338605  0.17365706  0.11811421]
 [-0.00952547  0.26192876  0.10658097  0.04615441  0.0336489 ]
 [-0.24425588  0.16281956  0.3734635   0.21611696  0.02533027]]
Matrix Pair 48; W = [[-0.07024518  0.07495423  0.06198336  0.11956201 -0.06727684]
 [ 0.10923834 -0.21378507 -0.03617089 -0.14762592  0.12639378]
 [-0.12284747  0.10823656 -0.12787254 -0.02472349  0.28543376]
 [-0.04692443 -0.1553894   0.06071989  0.03798512  0.06986021]
 [-0.25327051 -0.13805673 -0.04159473  0.08236281 -0.01516902]]
U = [[-0.00406348 -0.14221886  0.07763039 -0.16357747  0.29475983]
 [-0.17566334  0.06885731  0.20824679  0.11363251 -0.03408307]
 [ 0.26918948 -0.04616887  0.10416934  0.13129057  0.16637318]
 [ 0.06823529  0.20833019  0.14242954  0.06798579  0.02562286]
 [-0.24249523  0.19537098  0.33562369  0.13982938  0.05536926]]
Matrix Pair 49; W = [[-0.09599689  0.02239391  0.06074349  0.06887342 -0.10120512]
 [ 0.10749184 -0.2166921  -0.04687208 -0.10835516  0.12328127]
 [-0.13167523  0.05966327 -0.12428155  0.02357319  0.21540312]
 [-0.0379657  -0.15865977 -0.00267498 -0.03656653 -0.00694038]
 [-0.19566459 -0.20405843 -0.00913041  0.124109   -0.01957139]]
U = [[-0.00040733 -0.15109306  0.08628072 -0.17263392  0.3103022 ]
 [-0.17831499  0.10466713  0.14907139  0.15397536 -0.03143959]
 [ 0.2844821  -0.02850676  0.11956881  0.19395915  0.18847414]
 [ 0.05177478  0.13719202  0.12411986  0.00763651 -0.02686843]
 [-0.2157542   0.24909094  0.33001544  0.14375774 -0.02665217]]
Matrix Pair 50; W = [[-0.08334251 -0.00346071  0.12903768  0.09507391 -0.07758994]
 [ 0.10632406 -0.19251583 -0.05664681 -0.15814144  0.13299839]
 [-0.12149813  0.07319409 -0.09296261  0.03464972  0.22129142]
 [-0.0078548  -0.1669214   0.04019671 -0.02720289  0.06992953]
 [-0.20312722 -0.17919537 -0.01597626  0.1216349  -0.05409131]]
U = [[-0.03325759 -0.16250534  0.11698191 -0.10960482  0.31576211]
 [-0.22584312  0.05781965  0.18603912  0.17461971 -0.03602269]
 [ 0.29365875 -0.09913925  0.12132098  0.13516794  0.18466611]
 [ 0.10215511  0.22716975  0.12181784  0.00335976 -0.02948147]
 [-0.24122609  0.26010057  0.36241495  0.10742868  0.04574632]]
Matrix Pair 51; W = [[-0.03438439  0.00905256  0.06464594  0.03767441 -0.03854288]
 [ 0.04802142 -0.18119158 -0.05487158 -0.13654935  0.17866884]
 [-0.14975496  0.04672796 -0.10277253  0.04838075  0.27292065]
 [ 0.0140343  -0.10293678  0.04224227 -0.01345075 -0.01972646]
 [-0.19212977 -0.14152148 -0.00424186  0.11968492 -0.00623878]]
U = [[-0.01791148 -0.11668523  0.13199445 -0.1677984   0.26493025]
 [-0.16942844  0.02410176  0.21525566  0.13127257 -0.02749607]
 [ 0.227643   -0.03024656  0.14230451  0.18965977  0.19679448]
 [ 0.12950637  0.13839317  0.10402088  0.07827727  0.02359473]
 [-0.22426802  0.25774825  0.38978639  0.14140352 -0.00535422]]
Matrix Pair 52; W = [[-0.04601042  0.12258599  0.21987718  0.03447332 -0.16725202]
 [ 0.12394281 -0.20658698 -0.15410436 -0.14367814  0.13086201]
 [-0.12515713  0.04908057 -0.08080141 -0.01160017  0.26245544]
 [-0.00559391 -0.02769294  0.03203779  0.0335379   0.05113659]
 [-0.13532777 -0.15846325  0.08831146  0.13561534 -0.06087518]]
U = [[ 0.05341955 -0.10240776  0.10969376 -0.13665918  0.19716593]
 [-0.17323426  0.09036659  0.09741428  0.13344913 -0.00330297]
 [ 0.24548399  0.04868981  0.05501491  0.11681463  0.12700058]
 [ 0.13812154  0.10846119  0.07444827  0.04379045  0.0222146 ]
 [-0.34561354  0.13390008  0.38379437  0.15323665 -0.00273523]]
Matrix Pair 53; W = [[-0.02177383  0.11243489  0.21318231  0.06107081 -0.12498633]
 [ 0.17063483 -0.19402254 -0.10080988 -0.10006667  0.133278  ]
 [-0.1165166   0.07926507 -0.16956347 -0.01092107  0.29516697]
 [-0.00282697 -0.06639306  0.04680657  0.06166363  0.02021712]
 [-0.14051302 -0.20889278  0.01268348  0.13507608 -0.02914664]]
U = [[ 0.08342437 -0.13776038  0.13246875 -0.14984509  0.19497546]
 [-0.17993188  0.0488687   0.13019478  0.17009313  0.02433838]
 [ 0.29683389 -0.02786777  0.13473053  0.12722688  0.20710316]
 [ 0.06236803  0.17185023  0.09587274  0.01239346  0.00432672]
 [-0.35831993  0.21593932  0.40125976  0.22135908 -0.00138331]]
Matrix Pair 54; W = [[-0.05517983  0.08437504  0.2121301   0.03237026 -0.10482031]
 [ 0.1477944  -0.25615235 -0.16151316 -0.13105338  0.15759799]
 [-0.0763728   0.10857137 -0.17206333  0.0307462   0.22298444]
 [ 0.02780101 -0.06040208  0.0463521   0.03182725  0.00123374]
 [-0.16031576 -0.17488926  0.06818174  0.12124263  0.00341679]]
U = [[ 0.07296112 -0.10428322  0.1104367  -0.13304013  0.26538018]
 [-0.17555648  0.03117845  0.08583991  0.1567536  -0.03734632]
 [ 0.31072695  0.01434282  0.09869492  0.14071302  0.13536272]
 [ 0.13128039  0.14356881  0.09425507 -0.02580994  0.02781065]
 [-0.28407474  0.15299179  0.34713564  0.24133971  0.07755295]]
Matrix Pair 55; W = [[ 0.01411707  0.1176675   0.20253329  0.03925565 -0.12022004]
 [ 0.1138579  -0.21823371 -0.09598992 -0.08772269  0.12230107]
 [-0.09909511  0.11818048 -0.1526347  -0.01955195  0.294364  ]
 [ 0.03519139 -0.06862825  0.02867332  0.07890581 -0.02336683]
 [-0.19664518 -0.15379722  0.06918909  0.17039032 -0.02724674]]
U = [[ 0.05915345 -0.13179858  0.06266322 -0.16478059  0.25082195]
 [-0.16878878  0.10243668  0.151559    0.17008067 -0.0445816 ]
 [ 0.30315258  0.05314255  0.09659948  0.09361529  0.19601558]
 [ 0.09657827  0.12287674  0.08736062  0.03971554  0.04645224]
 [-0.34555035  0.13791756  0.37193241  0.16770461  0.00826819]]
Matrix Pair 56; W = [[-0.0075518   0.09572813  0.10328285  0.08295764 -0.16268206]
 [ 0.17448172 -0.23755184 -0.11886849 -0.11166827  0.19057532]
 [-0.10150541 -0.02856705 -0.10932552 -0.03630426  0.22147053]
 [-0.04013544 -0.0986734   0.05071147 -0.01423457 -0.03926684]
 [-0.18607689 -0.06277043 -0.00374033  0.11267431 -0.00841175]]
U = [[ 0.01832007 -0.12061876  0.12783563 -0.09668617  0.25847959]
 [-0.14206477  0.09043732  0.24560699  0.16525655 -0.00047004]
 [ 0.28453365 -0.03361004  0.13977739  0.20052074  0.16374489]
 [ 0.11054398  0.17418388  0.12392954 -0.03372483  0.06588546]
 [-0.30361472  0.2487522   0.29673161  0.18385702 -0.04936395]]
Matrix Pair 57; W = [[ 0.00644069  0.03559636  0.15532901  0.04609846 -0.18630924]
 [ 0.2225203  -0.17116834 -0.1376295  -0.08666348  0.21175003]
 [-0.09873013  0.01657605 -0.11107553 -0.04420671  0.22088862]
 [ 0.0068146  -0.08436161  0.0482572   0.00418105  0.02901814]
 [-0.20942921 -0.13520302  0.01922269  0.10318269 -0.07105487]]
U = [[ 0.03320224 -0.13153844  0.10020176 -0.13152451  0.27193893]
 [-0.16829996  0.10082112  0.17874263  0.11443668 -0.06975088]
 [ 0.24055854 -0.03695293  0.09753928  0.19504619  0.18298601]
 [ 0.0758845   0.15079844  0.08865418 -0.05185719  0.03127544]
 [-0.24981566  0.26078892  0.32358765  0.19951277 -0.01769876]]
Matrix Pair 58; W = [[ 6.26781103e-03  7.74660812e-02  9.80784797e-02  1.23936634e-01
  -2.00449737e-01]
 [ 1.94071885e-01 -2.54925063e-01 -1.52675233e-01 -7.50805476e-02
   2.04260503e-01]
 [-1.21002934e-01 -4.05280634e-02 -5.69920972e-02 -1.75808762e-02
   2.23133982e-01]
 [ 1.46082810e-02 -7.84241195e-02 -1.76207809e-04 -7.89643109e-03
   2.04319193e-02]
 [-1.81306997e-01 -4.84020468e-02  6.93242990e-02  1.00024452e-01
  -5.55047426e-02]]
U = [[ 0.04583227 -0.11576735  0.06627618 -0.09473482  0.24656683]
 [-0.10587691  0.03901502  0.16068728  0.15520703 -0.00216154]
 [ 0.29967262 -0.01297644  0.14727886  0.19361516  0.16150785]
 [ 0.13952208  0.15486416  0.14001284 -0.01856024  0.01166441]
 [-0.30658961  0.20432692  0.26281042  0.12504158  0.00659943]]
Matrix Pair 59; W = [[-0.01852021  0.078817    0.10981951  0.06450099 -0.19132146]
 [ 0.14703397 -0.19632137 -0.10625835 -0.03313686  0.15436398]
 [-0.12938563 -0.03520908 -0.09138368 -0.03449102  0.24878285]
 [-0.00255798 -0.04799408  0.01560161 -0.00431667 -0.02121714]
 [-0.20586643 -0.04495185  0.05286742  0.15557893  0.0203626 ]]
U = [[ 0.06773185 -0.160403    0.10576708 -0.15436469  0.27888063]
 [-0.10094721  0.04121784  0.19771873  0.16374308 -0.06459777]
 [ 0.23377858  0.03615591  0.14371892  0.1752742   0.20157288]
 [ 0.11165857  0.18054844  0.11830503  0.02283702  0.07208269]
 [-0.30439245  0.20163406  0.30240044  0.11843386  0.03467426]]
Matrix Pair 60; W = [[ 0.0032445   0.14076832  0.10732603  0.05775442 -0.09929755]
 [ 0.16363237 -0.26792364 -0.14855938 -0.10234965  0.17601149]
 [-0.08685087  0.12604115 -0.10556763  0.08132686  0.18072106]
 [ 0.02951203 -0.11758497 -0.00437779 -0.0086124  -0.02641658]
 [-0.25890486 -0.19955205 -0.01484927  0.14640831 -0.04939014]]
U = [[ 0.14765536 -0.18464969  0.07313027 -0.04834303  0.19918034]
 [-0.20886157  0.00066828  0.14034943  0.16617333  0.05813846]
 [ 0.27939555  0.00885849  0.11353665  0.16959915  0.24181815]
 [ 0.03091061  0.21178035  0.07999324 -0.04171851  0.0785372 ]
 [-0.27359918  0.13218652  0.40150869  0.17882272  0.02623778]]
Matrix Pair 61; W = [[ 0.02777996  0.13487907  0.13329379  0.05220019 -0.11489582]
 [ 0.12076849 -0.31587796 -0.16205581 -0.13705582  0.21497084]
 [-0.03664942  0.06056133 -0.14641701  0.04840791  0.23547353]
 [ 0.04390324 -0.07017578  0.01344308 -0.01633174  0.0280158 ]
 [-0.26673223 -0.11023041  0.03341796  0.14090683 -0.0345672 ]]
U = [[ 0.16216757 -0.15415413  0.0741299  -0.06573144  0.18495362]
 [-0.22767429  0.04628747  0.19539555  0.14844991 -0.01000158]
 [ 0.26594582  0.0036965   0.14356806  0.14676834  0.15983772]
 [ 0.09583159  0.18640068  0.10557494 -0.10458505 -0.00902374]
 [-0.24232667  0.15015146  0.39332367  0.19382268  0.04777516]]
Matrix Pair 62; W = [[-0.02515233  0.10244973  0.13253301  0.0095156  -0.07333017]
 [ 0.16796869 -0.22444052 -0.16912381 -0.09719724  0.22650134]
 [-0.13381103  0.09930124 -0.07295814 -0.00795876  0.23559709]
 [ 0.01802506 -0.06140843  0.00786203 -0.01835479  0.00882272]
 [-0.26742732 -0.17335616 -0.00208867  0.08991268 -0.05708213]]
U = [[ 0.10667311 -0.15200337  0.08141199 -0.08947554  0.17504353]
 [-0.22610931  0.02568277  0.20390001  0.19057082  0.03909991]
 [ 0.30300628 -0.00662126  0.09784685  0.15583594  0.20694838]
 [ 0.02401834  0.15803423  0.1190678  -0.05036892  0.03211143]
 [-0.30502322  0.14691264  0.40021112  0.16029656  0.04218982]]
Matrix Pair 63; W = [[ 0.01248086  0.09908004  0.10110638  0.04724722 -0.05288037]
 [ 0.12337657 -0.30271993 -0.18232227 -0.10389384  0.19442902]
 [-0.0522403   0.12960778 -0.08853957  0.03224854  0.23236796]
 [-0.00720691 -0.07172042  0.04348768 -0.07343409  0.04422682]
 [-0.24017053 -0.16435919  0.0470932   0.14731363 -0.10940619]]
U = [[ 0.0984988  -0.17421876  0.0897611  -0.06613403  0.20301524]
 [-0.17382482  0.09312484  0.18957453  0.16634708  0.06455939]
 [ 0.27462535  0.04251722  0.13228298  0.17446188  0.18161368]
 [ 0.04382111  0.20649458  0.09951672 -0.06044701  0.06671486]
 [-0.26545987  0.12639868  0.31968591  0.23645296  0.09225263]]
