Epoch: 66Matrix Pair 0; W = [[-0.03248373  0.11804306  0.20369411  0.00765368 -0.05907373]
 [ 0.18204678 -0.28475796 -0.19502653 -0.14480813  0.23844027]
 [-0.03334501  0.05703646 -0.05799676 -0.02110989  0.19295997]
 [-0.02377849 -0.1369797   0.01673264 -0.00430692  0.04442211]
 [-0.20544162 -0.17623069  0.02006089  0.15572126  0.00236081]]
U = [[ 0.0631926  -0.08616132  0.18798023 -0.11002216  0.16227246]
 [-0.16972262  0.06217313  0.14405681  0.19856829  0.03757402]
 [ 0.25737935  0.09809771  0.08860272  0.08745274  0.13575521]
 [ 0.07612881  0.17466687  0.08005674  0.00103402  0.09035133]
 [-0.23339899  0.13560412  0.29213521  0.13117343  0.04101985]]
Matrix Pair 1; W = [[-0.07429938  0.14853789  0.19670796  0.05658236 -0.11928128]
 [ 0.117002   -0.25019612 -0.17304266 -0.14740704  0.28078232]
 [-0.07682211  0.1004759  -0.13490638  0.03309205  0.19547969]
 [-0.01075919 -0.05668578 -0.00272587  0.04650467  0.0301615 ]
 [-0.17043887 -0.16014442 -0.02534352  0.13167426 -0.00846605]]
U = [[ 0.03860816 -0.1619971   0.14224005 -0.12298555  0.21885257]
 [-0.14658425  0.13820618  0.08773082  0.16023372  0.00885889]
 [ 0.24561222  0.03346653  0.14029957  0.14844949  0.06705381]
 [ 0.07059627  0.23142673  0.07066747  0.0617829   0.10663217]
 [-0.20270504  0.17230494  0.30348799  0.14250084 -0.03685233]]
Matrix Pair 2; W = [[-0.0816268   0.07049473  0.17120357 -0.00043159 -0.12439273]
 [ 0.09154671 -0.27740548 -0.11790104 -0.12383503  0.21436536]
 [-0.10981077  0.12651039 -0.11841463  0.05839396  0.205368  ]
 [ 0.01294819 -0.13427679  0.01421422  0.00886965  0.02742145]
 [-0.11607721 -0.23063782 -0.03339995  0.0670235  -0.02413104]]
U = [[ 0.0706067  -0.15065359  0.1232876  -0.07907981  0.14081266]
 [-0.13161175  0.10868575  0.07040922  0.18341364 -0.04235091]
 [ 0.27188799  0.04583684  0.12058251  0.14885522  0.06568973]
 [ 0.04997272  0.19578523  0.08926244  0.08587369  0.08379094]
 [-0.22708753  0.1853582   0.29008639  0.13139353  0.00335449]]
Matrix Pair 3; W = [[-0.07924646  0.07248328  0.22670932  0.05788827 -0.08549916]
 [ 0.13121555 -0.2803327  -0.11067756 -0.19118566  0.20353904]
 [-0.09625651  0.1102717  -0.09470424 -0.02018705  0.25024276]
 [-0.02633464 -0.13032602  0.02820987  0.02687134  0.00824008]
 [-0.11723161 -0.15778333  0.03755326  0.09080254 -0.0014685 ]]
U = [[ 0.06053193 -0.11572751  0.16763096 -0.12065297  0.17368853]
 [-0.16376242  0.0824254   0.09212847  0.10612895  0.02169354]
 [ 0.26243604  0.05985667  0.11120544  0.13392568  0.0704215 ]
 [ 0.06509385  0.18553097  0.08406153  0.05626926  0.1232508 ]
 [-0.2127696   0.16349557  0.2965979   0.18804222 -0.01542908]]
Matrix Pair 4; W = [[-0.11305835  0.0837555   0.18237502  0.09680913 -0.09383687]
 [ 0.04350038 -0.22185242 -0.08958727 -0.10004481  0.28930723]
 [-0.11628264  0.05145907 -0.10855751 -0.00743799  0.18392508]
 [ 0.04557123 -0.0737345  -0.06775803 -0.00551817  0.06072018]
 [-0.13770448 -0.12114121 -0.03567832  0.04356874 -0.02470775]]
U = [[ 0.05935612 -0.06747696  0.14268761 -0.03711367  0.29219295]
 [-0.18278425  0.13539408  0.14232777  0.14993743 -0.00684688]
 [ 0.33228221  0.00306517  0.14450794  0.18991308  0.092444  ]
 [ 0.03875142  0.20150461 -0.0282258   0.09663804  0.12285385]
 [-0.23254011  0.09140485  0.34568758  0.14942516 -0.00438023]]
Matrix Pair 5; W = [[-0.12670012  0.07805355  0.25159314  0.09033083 -0.10297575]
 [ 0.07946316 -0.23302379 -0.05943407 -0.12635704  0.21280809]
 [-0.02522005  0.01627262 -0.0846046  -0.06789819  0.20602208]
 [ 0.02514688 -0.05029714 -0.08285643 -0.0320608   0.03155973]
 [-0.113757   -0.13991031  0.02773582  0.04036783 -0.05451671]]
U = [[ 0.07224443 -0.14700529  0.09844867 -0.04399894  0.25763432]
 [-0.16391115  0.06775095  0.08568257  0.16294529 -0.07242074]
 [ 0.27539048 -0.01004346  0.1606968   0.21678301  0.15714458]
 [ 0.1198574   0.24656439 -0.02211486  0.002969    0.07653108]
 [-0.26385984  0.1698406   0.35545681  0.15193624 -0.05596188]]
Matrix Pair 6; W = [[-0.07059799  0.04288095  0.24807068  0.06702035 -0.11412049]
 [ 0.04779438 -0.15413455 -0.05386741 -0.09764477  0.27336918]
 [-0.10415177  0.0336622  -0.1224385  -0.04359029  0.17736833]
 [ 0.04353861 -0.02702314 -0.04835074  0.02007257  0.02944269]
 [-0.16910828 -0.11943234  0.03215699  0.09794774 -0.0280948 ]]
U = [[ 0.06284417 -0.07271972  0.08599296 -0.02329763  0.23859354]
 [-0.16022482  0.12352487  0.17674569  0.20268377 -0.07989531]
 [ 0.26352318  0.04113279  0.06389364  0.17797711  0.12735969]
 [ 0.12417314  0.26977372 -0.03338805  0.0616867   0.13230687]
 [-0.18428907  0.11923691  0.27061984  0.15868261 -0.0336001 ]]
Matrix Pair 7; W = [[-0.12769211  0.06362509  0.1743418   0.00503275 -0.1089509 ]
 [ 0.07868551 -0.21294391 -0.10146795 -0.13681031  0.28303142]
 [-0.09756946  0.05305337 -0.07062368 -0.01359486  0.26668025]
 [ 0.04813875 -0.00409695 -0.04969655 -0.02532287 -0.01245002]
 [-0.15333972 -0.07392766 -0.00561836  0.10891731 -0.03428761]]
U = [[ 0.07701075 -0.06019619  0.11627049  0.01067572  0.23951283]
 [-0.19506147  0.12038886  0.17164371  0.21150946 -0.05960185]
 [ 0.32016293  0.03222913  0.06719968  0.21507759  0.08345513]
 [ 0.09794083  0.17651876 -0.03159782  0.02573762  0.10767212]
 [-0.25269174  0.11546184  0.34112279  0.18126009 -0.00786905]]
Matrix Pair 8; W = [[-0.09590785  0.05462493  0.16991479  0.06252077 -0.14238744]
 [ 0.15769091 -0.24407781 -0.11821536 -0.06273582  0.16185412]
 [-0.1221814   0.11305076 -0.04162453 -0.04481402  0.24361732]
 [ 0.04303151 -0.04554701  0.01338151  0.04922328  0.08557291]
 [-0.09512304 -0.1470619   0.11104376  0.13455009 -0.03820905]]
U = [[ 0.04886165 -0.20530903  0.07582095 -0.09503884  0.27030922]
 [-0.22368413  0.09119933  0.06030923  0.13361574 -0.02148624]
 [ 0.26744612 -0.0237042   0.11920599  0.1074707   0.095813  ]
 [ 0.07838977  0.15747098  0.04249255 -0.0185025   0.12012386]
 [-0.24517586  0.24139432  0.37816904  0.20040281 -0.00356174]]
Matrix Pair 9; W = [[-0.12118248  0.10467114  0.19067953  0.04304428 -0.12654451]
 [ 0.19273674 -0.26402911 -0.13395728 -0.10247946  0.18016998]
 [-0.13335775  0.0890827  -0.09620881 -0.00373771  0.1992151 ]
 [-0.04598452 -0.05447027  0.00702483  0.08068399  0.03919974]
 [-0.16011414 -0.08534799  0.09322305  0.17242281 -0.01048109]]
U = [[ 0.01509618 -0.12737367  0.11151607 -0.10824524  0.24958202]
 [-0.16922203  0.10631186  0.06411495  0.14750517 -0.02472778]
 [ 0.23229258 -0.02832917  0.05594208  0.09145316  0.14419393]
 [ 0.01035118  0.20439584  0.06793182 -0.01694446  0.10605045]
 [-0.19464179  0.2605478   0.34213128  0.23802464 -0.01947871]]
Matrix Pair 10; W = [[-0.07715439  0.08224158  0.15737013  0.1144829  -0.19302742]
 [ 0.12994682 -0.22977428 -0.07967571 -0.09080976  0.24458885]
 [-0.07879653  0.10341687 -0.01213604 -0.0063322   0.24642134]
 [ 0.0409223  -0.0363483  -0.00948447  0.03450789  0.1003888 ]
 [-0.07204106 -0.08089594  0.07973869  0.14150977 -0.02316003]]
U = [[-0.00399495 -0.13393216  0.13488743 -0.13743356  0.31940206]
 [-0.18509257  0.09693647  0.10172891  0.15563242  0.01113353]
 [ 0.27969118 -0.01967167  0.13512392  0.07634075  0.17086474]
 [ 0.07417585  0.16646622  0.02458491 -0.01967826  0.06690898]
 [-0.23449746  0.22525294  0.39265108  0.23262195  0.02943724]]
Matrix Pair 11; W = [[-0.12537865  0.12207641  0.22904905  0.07133038 -0.11519511]
 [ 0.1016114  -0.24698032 -0.07538515 -0.05179199  0.22088319]
 [-0.1212465   0.09307352 -0.03883216  0.04973208  0.16250731]
 [ 0.05051186 -0.01306315  0.02151667  0.0485332   0.02923215]
 [-0.14526889 -0.10993916  0.11644509  0.17442035 -0.0842212 ]]
U = [[ 0.05852193 -0.18411954  0.15610696 -0.09990045  0.29999172]
 [-0.19699194  0.07762937  0.08118348  0.21799446  0.01837312]
 [ 0.25827267 -0.04805716  0.13220965  0.07545286  0.18276147]
 [ 0.02703766  0.17565394  0.04425197  0.05000868  0.07256694]
 [-0.25783259  0.23282224  0.34270089  0.18442834 -0.03556426]]
Matrix Pair 12; W = [[-0.11978889  0.09630346  0.12867299  0.12337348 -0.06845499]
 [ 0.09632684 -0.19535396 -0.1251766  -0.08768471  0.24576168]
 [-0.02051793  0.08567856 -0.06774908  0.02941026  0.19350189]
 [ 0.02441338 -0.02436494 -0.0195156   0.01797795  0.0740299 ]
 [-0.08247904 -0.11466207  0.06468703  0.15325362 -0.01010401]]
U = [[ 0.04208809 -0.08227651  0.21053714 -0.06955202  0.21066963]
 [-0.24296724  0.05585223  0.17841237  0.16036586  0.03272058]
 [ 0.28371329 -0.00676495  0.15642624  0.10930702  0.13125855]
 [ 0.14937187  0.23375525  0.04773191  0.04886391  0.10558953]
 [-0.27508462  0.12277187  0.30222743  0.18240272 -0.07437284]]
Matrix Pair 13; W = [[-4.19498506e-02  9.28865996e-02  2.01982480e-01  9.90584454e-02
  -6.67676451e-02]
 [ 1.12951253e-01 -2.44658983e-01 -7.40218976e-02 -4.74290225e-02
   1.74662555e-01]
 [-1.94366968e-02  4.41421970e-02 -8.85682848e-02 -5.26647642e-02
   1.87904674e-01]
 [ 8.78602099e-05 -2.29624560e-02 -7.58542988e-03 -1.26109798e-02
   5.91306212e-02]
 [-1.42880280e-01 -1.33253127e-01  4.68445633e-02  1.29427683e-01
  -9.58134371e-03]]
U = [[ 0.02897235 -0.16617897  0.16568441 -0.11142867  0.30248989]
 [-0.20195058  0.0648124   0.20282643  0.15418916  0.0041803 ]
 [ 0.22604345  0.00430994  0.17936402  0.08736146  0.14246821]
 [ 0.11191553  0.19448115  0.04739882  0.04645263  0.09118105]
 [-0.23586768  0.18978309  0.30911842  0.24631635 -0.07113181]]
Matrix Pair 14; W = [[-0.03228279  0.08661173  0.14753059  0.09853045 -0.0950344 ]
 [ 0.13644623 -0.21082538 -0.06604111 -0.0693573   0.26811043]
 [ 0.00442206  0.01001519 -0.10462904  0.02176074  0.19677687]
 [ 0.05932399 -0.09500687 -0.00794008  0.0051894   0.03272611]
 [-0.11031858 -0.14903276  0.10452528  0.10879419  0.01550911]]
U = [[ 0.09576094 -0.1652378   0.16764433 -0.05106648  0.30553926]
 [-0.19284847  0.04998917  0.1642367   0.16442803 -0.01437714]
 [ 0.29507299 -0.01254638  0.14374057  0.15830435  0.11076533]
 [ 0.09318976  0.2100628  -0.01971895  0.03541523  0.07709892]
 [-0.31313793  0.17255346  0.29490903  0.16307186 -0.07665967]]
Matrix Pair 15; W = [[-0.03078439  0.06421711  0.12095567  0.111495   -0.11034176]
 [ 0.17250935 -0.19339362 -0.12871127 -0.12390042  0.21640495]
 [-0.02594963  0.0246499  -0.09668421 -0.01666054  0.18261428]
 [ 0.02227457 -0.09975469 -0.02312997  0.04491946  0.05654231]
 [-0.1603632  -0.13780828  0.05536727  0.05581683 -0.04631248]]
U = [[ 0.09949224 -0.12078423  0.21169961 -0.06336179  0.21549069]
 [-0.15139903  0.00190602  0.15603669  0.14137478 -0.01449964]
 [ 0.2488684  -0.01976507  0.10104     0.16407106  0.10985111]
 [ 0.10220702  0.21977804  0.03278582  0.07177031  0.10804666]
 [-0.28349952  0.15091893  0.37348658  0.20636397 -0.0660931 ]]
Matrix Pair 16; W = [[-0.01245143  0.08494069  0.12570641  0.0597211  -0.10571101]
 [ 0.05728153 -0.17672892 -0.04438888 -0.11716121  0.1592155 ]
 [-0.13783878  0.03820278 -0.15048347 -0.02735475  0.2076578 ]
 [-0.00581946 -0.01930172 -0.04913227  0.06368436  0.05893736]
 [-0.04799022 -0.20243919  0.06267254  0.0988586  -0.11132935]]
U = [[ 0.01089949 -0.15137268  0.09810694 -0.07410754  0.27964154]
 [-0.10302061  0.17429853  0.06117861  0.19334078 -0.07193723]
 [ 0.28179481  0.04311488  0.08096723  0.1081016   0.10684291]
 [ 0.08807116  0.19744788  0.02292278 -0.00960346  0.08786403]
 [-0.19937758  0.15575772  0.34257087  0.17650648 -0.00217714]]
Matrix Pair 17; W = [[-0.08883741  0.0981677   0.18226998  0.11390898 -0.17388657]
 [ 0.11349429 -0.22503144 -0.05037071 -0.07376483  0.21572883]
 [-0.0653079  -0.01873542 -0.1754895   0.02041966  0.15293609]
 [-0.0552067  -0.07646625 -0.02402867  0.0814962   0.07167769]
 [-0.04939644 -0.16257234  0.0900078   0.06665376 -0.13098348]]
U = [[ 0.022583   -0.1347099   0.04881475 -0.05149262  0.23894869]
 [-0.16743474  0.12048859  0.06186048  0.20712286 -0.00524573]
 [ 0.29621765  0.02646564  0.10862504  0.18576506  0.12188368]
 [ 0.15415251  0.26444167  0.02102895  0.01229753  0.10468947]
 [-0.2116191   0.19548894  0.28428736  0.11047622 -0.01463683]]
Matrix Pair 18; W = [[-0.09205702  0.13931797  0.15979223  0.06575537 -0.16357808]
 [ 0.09177707 -0.26526752 -0.13308405 -0.10756874  0.24091458]
 [-0.14622014  0.05838549 -0.16194086 -0.02400558  0.18201176]
 [-0.04050422 -0.09918684 -0.05621895  0.04078668  0.02980924]
 [-0.05232468 -0.20771249  0.07713316  0.12075721 -0.12930325]]
U = [[ 0.06423508 -0.1175236   0.09607049 -0.13154325  0.2624772 ]
 [-0.08265891  0.16067081  0.13527872  0.16244454 -0.03293424]
 [ 0.3057112   0.0814243   0.1148747   0.14947697  0.08519591]
 [ 0.13368301  0.23754553  0.01462836  0.0426096   0.14205416]
 [-0.20806668  0.24129913  0.28467086  0.15151639  0.03123669]]
Matrix Pair 19; W = [[-0.08297033  0.11200978  0.12347175  0.09583619 -0.15672994]
 [ 0.08090852 -0.25443096 -0.06122926 -0.17150269  0.19757178]
 [-0.05659502  0.0350819  -0.1110534  -0.03438035  0.23512517]
 [-0.06186765 -0.0442093  -0.01111134  0.00707504  0.0766745 ]
 [-0.08743858 -0.1674963   0.07351602  0.05103053 -0.12709248]]
U = [[ 0.03221099 -0.10832899  0.03650534 -0.09267779  0.25531123]
 [-0.1350072   0.08004099  0.15487211  0.11701269 -0.05625756]
 [ 0.29333933  0.08118168  0.11655476  0.10859283  0.07615022]
 [ 0.14250447  0.26488771 -0.05269839  0.04822377  0.15283163]
 [-0.23579328  0.16717407  0.30822273  0.12242395  0.03976913]]
Matrix Pair 20; W = [[-0.06221727  0.10921145  0.20464571  0.12103244 -0.13665245]
 [ 0.17017241 -0.20957657 -0.06501267 -0.10328258  0.26655501]
 [-0.04593957  0.02664714 -0.07544294  0.04852471  0.20530848]
 [-0.02238246 -0.02191945 -0.02848993 -0.02839601  0.08183856]
 [-0.09671925 -0.10036863  0.02620791  0.06117121 -0.07642175]]
U = [[ 0.04244679 -0.1282647   0.16955087 -0.02236609  0.30635217]
 [-0.1009972   0.08249825  0.15432385  0.1183213  -0.00194177]
 [ 0.30917976  0.03350839  0.15835049  0.12422864  0.10632173]
 [ 0.17760523  0.20738764  0.03731532  0.00354476  0.08703975]
 [-0.23027536  0.20845424  0.38381895  0.17898851  0.05677593]]
Matrix Pair 21; W = [[-0.0718529   0.11694668  0.24270587  0.1297434  -0.15192201]
 [ 0.14533314 -0.20751995 -0.05269602 -0.07192379  0.25575869]
 [-0.07349002  0.02809744 -0.0662613   0.04744933  0.25180671]
 [-0.0491615  -0.03699339 -0.02289332  0.04047546 -0.00189901]
 [-0.06670559 -0.13096277  0.05142287  0.1016987  -0.12411599]]
U = [[ 0.00931364 -0.06906907  0.12555729 -0.03439955  0.27266412]
 [-0.18419388  0.10998466  0.19067731  0.15803719  0.03099201]
 [ 0.3057921  -0.04937278  0.15383587  0.21127253  0.09540061]
 [ 0.08083918  0.26334916  0.10196989  0.07001742  0.02001697]
 [-0.2663786   0.21709226  0.37195242  0.17914008  0.04933096]]
Matrix Pair 22; W = [[-0.08167592  0.07444538  0.20232741  0.04811167 -0.14852814]
 [ 0.1272304  -0.2712533  -0.085022   -0.12025975  0.21293347]
 [-0.04393508  0.04411978 -0.13186448  0.01087538  0.23578821]
 [-0.06812539 -0.03482488  0.00983115  0.01630172  0.06681985]
 [-0.11862313 -0.12858744 -0.00757359  0.11621921 -0.12308672]]
U = [[ 0.05376039 -0.09676322  0.09983771 -0.03661425  0.27104951]
 [-0.15293309  0.07606898  0.15397574  0.11257821  0.0408639 ]
 [ 0.33668622 -0.00325309  0.12200924  0.13531782  0.10297355]
 [ 0.08056877  0.25299952  0.10832292  0.02005641  0.04090384]
 [-0.27792398  0.19636755  0.41120475  0.1687934  -0.02061417]]
Matrix Pair 23; W = [[-0.13386841  0.14786694  0.21713657  0.09350414 -0.1403219 ]
 [ 0.18389568 -0.21253272  0.0005625  -0.11908079  0.23351726]
 [-0.1085526  -0.02078905 -0.05549386 -0.00373236  0.24160625]
 [ 0.00510025 -0.06809184  0.03984852  0.04246617  0.01603793]
 [-0.12291562 -0.12516001  0.02740244  0.15144404 -0.07309485]]
U = [[ 0.01426492 -0.13532536  0.16695511 -0.07368366  0.2853101 ]
 [-0.18667451  0.14722488  0.10859105  0.11503131 -0.00179051]
 [ 0.28137711  0.02492753  0.196173    0.16939836  0.13710361]
 [ 0.10502556  0.29069723  0.05216015  0.01740869  0.0846638 ]
 [-0.26130408  0.15824396  0.36782578  0.17631289  0.01546651]]
Matrix Pair 24; W = [[-0.10476808  0.08205186  0.20201204  0.10951615 -0.10169189]
 [ 0.17700375 -0.27417345 -0.03888266 -0.07889966  0.28981066]
 [-0.07446699  0.02343662 -0.06288385  0.03642683  0.1838632 ]
 [-0.07023552 -0.07917887 -0.05007514 -0.04849265  0.00947667]
 [-0.17834308 -0.15219577 -0.02635409  0.12059443 -0.11240963]]
U = [[ 0.06789836 -0.07761692  0.10389741 -0.1202068   0.27093542]
 [-0.14253537  0.11918911  0.09407954  0.17721989  0.05324228]
 [ 0.24526298  0.05108522  0.03264991  0.08096402  0.13038912]
 [ 0.07497392  0.22380084  0.00218719  0.07065993  0.16395187]
 [-0.25890429  0.21324715  0.25418529  0.1702454   0.00763701]]
Matrix Pair 25; W = [[-0.0663213   0.03676709  0.21446018  0.15735567 -0.10912731]
 [ 0.15774187 -0.23284803 -0.04492891 -0.15934892  0.28994219]
 [-0.0662255   0.05584819 -0.13048461  0.08022792  0.1916502 ]
 [-0.04880696 -0.11763446 -0.02459323 -0.06334203  0.07628165]
 [-0.12319963 -0.11994959 -0.06977397  0.15134897 -0.108314  ]]
U = [[ 0.08191679 -0.05376396  0.06394716 -0.05918251  0.2632811 ]
 [-0.20504062  0.11732445  0.10691778  0.18434294  0.0427297 ]
 [ 0.25202128  0.04617815  0.07988311  0.08345051  0.06218454]
 [ 0.1163893   0.24061603  0.06788817  0.04095309  0.11018377]
 [-0.27013644  0.23433391  0.32571721  0.1816969   0.05562749]]
Matrix Pair 26; W = [[-0.0787838   0.04213333  0.14762555  0.15331578 -0.11265019]
 [ 0.11244402 -0.18488487 -0.09489618 -0.1261841   0.22199369]
 [-0.09152618  0.10346793 -0.14005298  0.0571052   0.13893442]
 [-0.06100914 -0.04668151 -0.05645008 -0.04583193 -0.01390259]
 [-0.09292677 -0.16948826 -0.07230642  0.10605095 -0.05761586]]
U = [[ 0.0087011  -0.1390159   0.09021173 -0.1158273   0.24424057]
 [-0.12958574  0.1131521   0.15477611  0.22885592  0.0388853 ]
 [ 0.28501619  0.07722977  0.11392558  0.07928681  0.09428529]
 [ 0.12491621  0.31066312  0.0471647   0.09724425  0.06886157]
 [-0.27147897  0.16783393  0.3216338   0.19886556  0.03900439]]
Matrix Pair 27; W = [[-0.05209032  0.0677013   0.19981825  0.07222724 -0.09988788]
 [ 0.15373945 -0.22434162 -0.06515713 -0.15337603  0.2979562 ]
 [-0.08534261  0.02023896 -0.11235266  0.07611209  0.18545575]
 [-0.06448108 -0.0494257  -0.0313707  -0.02752953  0.05497887]
 [-0.16881224 -0.12597332 -0.0227048   0.06263864 -0.04756953]]
U = [[ 0.07871574 -0.08836378  0.03499779 -0.11379929  0.23772611]
 [-0.19841417  0.11040354  0.15117488  0.19077199 -0.03076553]
 [ 0.25388154  0.05810571  0.08067244  0.09248393  0.11781248]
 [ 0.07709177  0.21836408  0.06132256  0.11149008  0.15294453]
 [-0.28041731  0.21007381  0.27382186  0.21836977  0.06840582]]
Matrix Pair 28; W = [[-0.10281923  0.10288197  0.1324688   0.05505169 -0.17972547]
 [ 0.103471   -0.24741422 -0.17031736 -0.15269985  0.21038974]
 [-0.03368622  0.05271642 -0.04679691  0.00029021  0.1953232 ]
 [ 0.02829306 -0.09323283 -0.04309342 -0.03750892  0.01123347]
 [-0.15321498 -0.19990217  0.03375211  0.06872021 -0.03570571]]
U = [[ 0.05386249 -0.18690862  0.13293382 -0.06597297  0.24333081]
 [-0.11025631  0.08480531  0.17024656  0.13038586 -0.00742267]
 [ 0.32491812  0.01029871  0.11441664  0.19341371  0.11534505]
 [ 0.1368802   0.2462898   0.06874329  0.05346009  0.17183779]
 [-0.25088151  0.19937725  0.34557466  0.206212   -0.00640107]]
Matrix Pair 29; W = [[-0.07514861  0.12007639  0.19606822  0.05335817 -0.18898207]
 [ 0.16805783 -0.31308869 -0.13566996 -0.10681547  0.24455793]
 [-0.04164185  0.05189413 -0.09657122  0.03031585  0.21072888]
 [-0.04463159 -0.04769952  0.00693669 -0.00276022  0.01320867]
 [-0.12527058 -0.17328632  0.01310164  0.10469278 -0.00536116]]
U = [[ 0.05701046 -0.13990974  0.14372294 -0.10530668  0.27433644]
 [-0.15815031  0.08081883  0.22247214  0.0827387   0.05219008]
 [ 0.3218877  -0.05214521  0.07462637  0.23403396  0.17681941]
 [ 0.13738346  0.2119832   0.0478862   0.06350772  0.13075331]
 [-0.21976367  0.18834047  0.35987119  0.18510763 -0.06770416]]
Matrix Pair 30; W = [[-0.05897417  0.09774061  0.20145648  0.09049003 -0.12126975]
 [ 0.10957014 -0.30377849 -0.09830736 -0.09622985  0.28181382]
 [-0.03609824  0.07013116 -0.08730266  0.00796972  0.21600997]
 [-0.00894637 -0.017172   -0.08778073 -0.04575603  0.03426309]
 [-0.07921501 -0.1893976   0.00430691  0.13292147 -0.00148154]]
U = [[ 0.06457872 -0.15864069  0.19178995 -0.10794564  0.28253773]
 [-0.10954376  0.07582139  0.19715296  0.12389812  0.04556729]
 [ 0.35034976 -0.01562745  0.09519204  0.15217763  0.18663189]
 [ 0.07309763  0.28748424  0.00167268  0.02990438  0.14192735]
 [-0.20073016  0.24464756  0.34106104  0.23616856  0.00170941]]
Matrix Pair 31; W = [[-0.12689316  0.05698811  0.19401425  0.0802737  -0.14700254]
 [ 0.10454956 -0.29568694 -0.09203105 -0.14831103  0.20901807]
 [-0.09094062  0.06676065 -0.08117235 -0.05672175  0.2045297 ]
 [ 0.02047499 -0.01760109 -0.08844604  0.03303261  0.03619829]
 [-0.12480383 -0.17044328  0.02541261  0.03929608 -0.04410722]]
U = [[ 0.08365612 -0.10335725  0.17139229 -0.03580571  0.20412369]
 [-0.14768116  0.08392468  0.18580497  0.08355999  0.0016361 ]
 [ 0.33795591 -0.05124332  0.06386676  0.20675377  0.11120368]
 [ 0.12841903  0.25802316  0.07365163  0.08169498  0.07517907]
 [-0.23200467  0.24604245  0.34246058  0.16699516 -0.00418748]]
Matrix Pair 32; W = [[-0.00897128  0.11192505  0.20946029  0.08367205 -0.0754878 ]
 [ 0.06377557 -0.19028141 -0.101334   -0.07866381  0.27873438]
 [-0.10697155  0.03184219 -0.13671279 -0.07175372  0.15605653]
 [ 0.00331065 -0.04814264 -0.00539467  0.00196318  0.07315248]
 [-0.14469906 -0.12093044  0.03101855  0.1400732   0.01864741]]
U = [[ 0.07371077 -0.10492255  0.19757558 -0.09886664  0.29117909]
 [-0.14901834  0.11434195  0.13417538  0.10394068  0.07913221]
 [ 0.2849247  -0.00381696  0.23214295  0.1564367   0.07692317]
 [ 0.07772718  0.26259057  0.03878924  0.13402686  0.13517032]
 [-0.24963537  0.20439386  0.30131329  0.18629349  0.03504768]]
Matrix Pair 33; W = [[-0.07623073  0.15636676  0.16598673  0.10022431 -0.14266051]
 [ 0.06722405 -0.20812992 -0.07835096 -0.0939491   0.21765256]
 [-0.1197406  -0.03265093 -0.07253214 -0.07701175  0.18551311]
 [ 0.05433897 -0.09249171 -0.00695176 -0.04965909  0.02630787]
 [-0.14512992 -0.12888839 -0.00351586  0.09304937 -0.01096496]]
U = [[ 0.0012821  -0.09312286  0.15291978 -0.09383467  0.27574695]
 [-0.15085313  0.12863344  0.1295842   0.15151514 -0.00222761]
 [ 0.25204657  0.07943517  0.15513275  0.15362184  0.16059867]
 [ 0.08471805  0.24127951  0.04692072  0.04417266  0.10545079]
 [-0.27509729  0.17379149  0.33660373  0.25606833  0.06613335]]
Matrix Pair 34; W = [[-0.07094999  0.08220077  0.20769142  0.10819775 -0.11560814]
 [ 0.08509781 -0.25430799 -0.11114107 -0.07041918  0.23276947]
 [-0.0981379  -0.0031869  -0.12762294 -0.05689829  0.18295907]
 [ 0.05109536 -0.02246935 -0.04535137 -0.00081731  0.08186193]
 [-0.15130858 -0.14645793  0.01684366  0.11566836 -0.03151675]]
U = [[ 0.01264617 -0.13548774  0.12445359 -0.10298878  0.23880428]
 [-0.13224017  0.13832506  0.0704385   0.12566486  0.00716289]
 [ 0.32189463  0.03968632  0.21718372  0.20522823  0.11847697]
 [ 0.09864441  0.24668765  0.05877035  0.0411596   0.07923276]
 [-0.26506451  0.18170094  0.3504393   0.2089892   0.05552059]]
Matrix Pair 35; W = [[-0.02404345  0.098888    0.22880777  0.06590637 -0.15594741]
 [ 0.0353931  -0.2521     -0.09970901 -0.13687704  0.25573373]
 [-0.05331145  0.04685508 -0.08080059 -0.04320861  0.17134786]
 [ 0.02056517 -0.05791871 -0.04199075 -0.05095537  0.03735339]
 [-0.16025135 -0.17347141  0.03009674  0.07780956 -0.07103474]]
U = [[ 0.02591837 -0.13651162  0.14437886 -0.03372412  0.23741143]
 [-0.12389016  0.11354904  0.14536561  0.14782644  0.02300457]
 [ 0.25490489  0.05473411  0.15073663  0.20805809  0.14543796]
 [ 0.13018683  0.17199616  0.04272426  0.1159736   0.11912924]
 [-0.22464527  0.20034504  0.36065282  0.1945079  -0.02323995]]
Matrix Pair 36; W = [[-0.03004944  0.01652538  0.22779079  0.05702661 -0.1099142 ]
 [ 0.06082909 -0.1936999  -0.12586881 -0.13322412  0.19731574]
 [-0.12384627  0.05690541 -0.13157159  0.02178388  0.14389264]
 [ 0.05570088 -0.07359262 -0.01801483 -0.00078269  0.05829348]
 [-0.13815534 -0.23011505  0.07912092  0.11778886 -0.00458326]]
U = [[ 0.01242567 -0.1483091   0.0842622  -0.06218878  0.2379092 ]
 [-0.16042252  0.07981562  0.13297872  0.20654171  0.01159674]
 [ 0.31753094  0.0295452   0.08599368  0.12018342  0.12921571]
 [ 0.0943125   0.1851312   0.01922123  0.03742373  0.13959945]
 [-0.23126065  0.2383423   0.33130735  0.15534204  0.00534825]]
Matrix Pair 37; W = [[-7.65079429e-02  5.15318626e-02  1.83136236e-01  8.72789082e-02
  -1.23023248e-01]
 [ 6.10325645e-02 -2.39630883e-01 -8.16446777e-02 -8.32396298e-02
   2.21918738e-01]
 [-6.16530688e-02  4.82359599e-03 -1.53592418e-01 -9.02709546e-03
   1.58283963e-01]
 [-2.97852297e-02 -9.00112956e-02 -5.28207568e-03  8.33469710e-03
   1.56524601e-02]
 [-8.87253396e-02 -2.50411976e-01  1.96057326e-04  9.36961192e-02
  -2.48114702e-02]]
U = [[ 0.03233586 -0.10317028  0.12098236 -0.10061085  0.24328775]
 [-0.15931171  0.13394748  0.15497479  0.12410297 -0.06127954]
 [ 0.26029618  0.06383091  0.04446706  0.16552955  0.15930402]
 [ 0.07935847  0.18000353  0.02955976  0.05540314  0.13336697]
 [-0.19992262  0.21321074  0.30563867  0.13114413  0.00760161]]
Matrix Pair 38; W = [[-0.01526796  0.06884775  0.25878925  0.0790576  -0.15603702]
 [ 0.05270151 -0.1995842  -0.1023721  -0.11195956  0.13490213]
 [-0.05462907 -0.00406629 -0.07408229 -0.06170908  0.14390557]
 [-0.03420252 -0.05546084 -0.03556683  0.04886022  0.06561843]
 [-0.12309277 -0.24138739  0.03909177  0.16082256  0.00880472]]
U = [[ 0.00662452 -0.17380972  0.06124325 -0.11756314  0.267006  ]
 [-0.19214422  0.09723652  0.15605643  0.16372264 -0.03112881]
 [ 0.2494287   0.04396832  0.04401713  0.16511139  0.11950633]
 [ 0.03667777  0.17376178  0.03951927  0.05172863  0.0757036 ]
 [-0.2917239   0.2725571   0.26802033  0.20134034  0.01707002]]
Matrix Pair 39; W = [[-0.01379881 -0.00180005  0.20860716  0.08010082 -0.16128369]
 [ 0.05723902 -0.27569007 -0.10865186 -0.06812457  0.14531652]
 [-0.12271596  0.01858847 -0.15007331 -0.05307187  0.2158547 ]
 [ 0.00622166 -0.08886386 -0.04813471 -0.0316156   0.08102797]
 [-0.13649877 -0.25579265  0.07645296  0.17204846 -0.03022571]]
U = [[ 0.06527091 -0.10812705  0.1012152  -0.05932131  0.2428432 ]
 [-0.16694454  0.0766405   0.14181095  0.13535141 -0.05214592]
 [ 0.27870143  0.00550195  0.04001962  0.1271157   0.11580004]
 [ 0.02585409  0.21104233  0.0057958  -0.01952655  0.074723  ]
 [-0.20208541  0.21420638  0.28038895  0.21733005  0.00873765]]
Matrix Pair 40; W = [[-0.16387978  0.08840458  0.15897157  0.10817188 -0.17659148]
 [ 0.11331703 -0.25157302 -0.13971308 -0.2133152   0.25312479]
 [-0.11904111  0.01659102 -0.15454061  0.02736171  0.19855324]
 [ 0.07079996 -0.07913315  0.04244141  0.06152549  0.05257275]
 [-0.07476744 -0.1790733   0.08200658  0.10747526 -0.08119654]]
U = [[ 0.06726189 -0.09034575  0.11063603 -0.1088784   0.28641469]
 [-0.19172658  0.11909699  0.16058467  0.14962129  0.00061769]
 [ 0.31444696  0.00250551  0.08654239  0.12363277  0.10862992]
 [ 0.04894418  0.26949951  0.05963966  0.0399342   0.11701094]
 [-0.28592588  0.22341871  0.34601648  0.1167296   0.00831647]]
Matrix Pair 41; W = [[-0.16379193  0.08373743  0.12231984  0.1094912  -0.1743077 ]
 [ 0.18362497 -0.1916462  -0.12771511 -0.17059859  0.21460801]
 [-0.14416965  0.02746906 -0.0799036  -0.01783383  0.23375487]
 [ 0.01147435 -0.01347093 -0.01996578  0.00464342  0.01725414]
 [-0.12283935 -0.16522336  0.02617556  0.14444508 -0.03318202]]
U = [[ 0.08932395 -0.07113197  0.07837209 -0.12106365  0.20969882]
 [-0.16098822  0.15228364  0.18398893  0.15642879 -0.00493037]
 [ 0.27951267  0.05777737  0.13261832  0.16398549  0.09956997]
 [ 0.08910639  0.24903862  0.00598063  0.01784207  0.06708239]
 [-0.24740628  0.21982725  0.32357607  0.15866016 -0.00439533]]
Matrix Pair 42; W = [[-0.14430991  0.08000493  0.15860023  0.0921944  -0.13623188]
 [ 0.14145893 -0.26780265 -0.06089935 -0.14698151  0.17417521]
 [-0.12162251  0.06381026 -0.14348095  0.02815796  0.15489797]
 [-0.01350689  0.00687084  0.05162101  0.02790086  0.05476559]
 [-0.13229518 -0.21299562  0.0902787   0.06646809 -0.02806399]]
U = [[ 0.06889572 -0.15199391  0.0577789  -0.08866873  0.25217201]
 [-0.16945493  0.15513563  0.18719993  0.19410554 -0.04014246]
 [ 0.24090864  0.02109774  0.06018773  0.18484421  0.04603188]
 [ 0.10713991  0.17623646  0.00974622  0.07861748  0.09929907]
 [-0.26025316  0.1992624   0.34530181  0.08278785  0.04877017]]
Matrix Pair 43; W = [[-0.10456758  0.1344663   0.20366339  0.12955672 -0.16455188]
 [ 0.12570496 -0.1832852  -0.14215708 -0.19844896  0.26024478]
 [-0.10472352  0.09075447 -0.1419564   0.00977822  0.20210826]
 [ 0.02918277 -0.07339882  0.04829674 -0.00363151  0.02371258]
 [-0.11508969 -0.22839949  0.01508766  0.08015414 -0.05946079]]
U = [[ 0.06868031 -0.1312585   0.09166161 -0.11587167  0.22094075]
 [-0.14138198  0.11383681  0.09355685  0.15228836  0.01561636]
 [ 0.29483836  0.04641595  0.04544433  0.17049639  0.0625052 ]
 [ 0.08180763  0.22585727  0.04641481 -0.01150097  0.08444851]
 [-0.24217538  0.16402312  0.33769763  0.09222738 -0.03231793]]
Matrix Pair 44; W = [[-0.08291582  0.06168189  0.1667724   0.06290442 -0.11528163]
 [ 0.10995855 -0.253002   -0.14154802 -0.07064374  0.17824255]
 [-0.07626344  0.11751208 -0.07527783  0.03500588  0.19314429]
 [-0.04519996  0.0155234  -0.0372397  -0.03020581  0.05207635]
 [-0.11906225 -0.11433776  0.08732038  0.17936901 -0.01128909]]
U = [[ 0.01395704 -0.06461491  0.11396507 -0.08158092  0.25462975]
 [-0.20710075  0.02339447  0.1664889   0.17074124 -0.06291634]
 [ 0.25336138  0.0075389   0.09890742  0.10116894  0.17184189]
 [ 0.00738231  0.2097371   0.05902774  0.11674293  0.06169654]
 [-0.25117544  0.15787465  0.30120239  0.17670358  0.03439836]]
Matrix Pair 45; W = [[-0.06620404  0.04307911  0.1776828   0.05243189 -0.13198577]
 [ 0.11977491 -0.22782562 -0.08435497 -0.10974375  0.12538667]
 [-0.07038345  0.05196655 -0.12540926 -0.00992551  0.16132101]
 [-0.0388638  -0.01094945 -0.04863729  0.04808471  0.0839675 ]
 [-0.12235795 -0.1228491   0.02517964  0.15582642  0.03255018]]
U = [[ 0.01203983 -0.10790118  0.12113469 -0.07064913  0.2933631 ]
 [-0.23057614  0.08009944  0.13762333  0.19916765 -0.04573477]
 [ 0.33757174  0.04810374  0.06795636  0.11233263  0.16929854]
 [ 0.07729896  0.22900892 -0.00472993  0.11033716  0.05206349]
 [-0.20151646  0.13106719  0.28849166  0.13019171 -0.01514111]]
Matrix Pair 46; W = [[-0.07197552  0.09203065  0.14516587  0.07201662 -0.0869034 ]
 [ 0.10751857 -0.23810936 -0.12944121 -0.11536528  0.21130551]
 [-0.08294785  0.09570772 -0.11251616  0.02084633  0.15484136]
 [ 0.01405163 -0.01446322 -0.12021187  0.0314762   0.07886543]
 [-0.09029645 -0.18269328 -0.00777018  0.09691737 -0.02667063]]
U = [[-0.01068154 -0.1039814   0.12674769 -0.07772776  0.26230928]
 [-0.1978783   0.06060889  0.09642075  0.18330697 -0.00113794]
 [ 0.33419133  0.00456814  0.10523218  0.11478076  0.15033871]
 [ 0.06186015  0.16334249 -0.01387364  0.07529342  0.10448431]
 [-0.29186045  0.1541986   0.30480959  0.2222804  -0.02258775]]
Matrix Pair 47; W = [[-0.01079721  0.04214557  0.12581957  0.08310605 -0.07813854]
 [ 0.15242937 -0.21644354 -0.05809653 -0.09282443  0.16418313]
 [-0.09793965  0.07387992 -0.10946567 -0.01055634  0.18548832]
 [-0.0119356  -0.07201681 -0.07857611 -0.03327739  0.05071426]
 [-0.07569152 -0.15917731  0.04916592  0.15017835  0.03617509]]
U = [[ 0.01843985 -0.09355271  0.1217528  -0.05708555  0.21464697]
 [-0.24038916  0.05728374  0.11800291  0.21136112 -0.03706115]
 [ 0.3360167   0.05598605  0.08220449  0.14736566  0.1206807 ]
 [ 0.08223732  0.2090583  -0.02449193  0.09023384  0.03805269]
 [-0.29289706  0.18156492  0.29421411  0.13661674  0.00172507]]
Matrix Pair 48; W = [[-0.16069994  0.0739577   0.18344852  0.10490316 -0.17547927]
 [ 0.13662535 -0.21843295 -0.10461768 -0.0999129   0.32814894]
 [-0.05392377  0.0227438  -0.11951325 -0.06130698  0.16314644]
 [-0.0438012  -0.01274532 -0.06643545 -0.02797485 -0.00180845]
 [-0.12424397 -0.23445657 -0.00104737  0.0996962  -0.061849  ]]
U = [[ 0.06503117 -0.11101676  0.11812666 -0.03783744  0.20872865]
 [-0.11020151  0.07735087  0.17775322  0.17037325  0.01715918]
 [ 0.26631961  0.08246964  0.18995489  0.15057406  0.05053372]
 [ 0.0921295   0.23562068  0.11789226 -0.0022906   0.07703431]
 [-0.24805865  0.2108838   0.33537914  0.14365696 -0.07427901]]
Matrix Pair 49; W = [[-0.1497423   0.10405121  0.19306145  0.11877767 -0.10176947]
 [ 0.11590476 -0.22482029 -0.09586291 -0.06617147  0.23218256]
 [-0.05526595  0.04341925 -0.0806777  -0.0690029   0.23919092]
 [ 0.00913591 -0.05114338 -0.0822941  -0.02618784 -0.01393894]
 [-0.14876694 -0.20143858  0.08025135  0.14262937 -0.06650158]]
U = [[ 0.02418919 -0.12454307  0.14002093 -0.00404691  0.19772077]
 [-0.13704761  0.02677845  0.12993231  0.22651653 -0.032048  ]
 [ 0.27199584  0.00266831  0.15354698  0.0959483   0.12366764]
 [ 0.05253127  0.18908788  0.10233161  0.06977652  0.05591938]
 [-0.31161964  0.22895061  0.28048019  0.13386025 -0.07013255]]
Matrix Pair 50; W = [[-8.70244684e-02  6.70787449e-02  1.65919075e-01  1.72656211e-01
  -1.95174973e-01]
 [ 1.13438277e-01 -2.37700935e-01 -8.61847978e-02 -1.09731679e-01
   2.53224572e-01]
 [-9.16513617e-02 -9.94045741e-03 -1.00818615e-01  1.71139184e-02
   2.15498723e-01]
 [ 1.91713081e-04 -1.78130427e-02  1.72552944e-02  5.26306198e-02
   4.40945556e-02]
 [-1.52284555e-01 -1.73011943e-01  2.73649893e-03  1.45524779e-01
  -4.07850938e-02]]
U = [[ 0.03417029 -0.10103531  0.13993436 -0.04270089  0.21365809]
 [-0.19502758  0.07566269  0.18853365  0.17563372 -0.04371251]
 [ 0.23754554  0.08914065  0.16281637  0.1268556   0.10123216]
 [ 0.07038093  0.18683741  0.04092952  0.02001751  0.01029484]
 [-0.25126166  0.19485407  0.32255211  0.18182835 -0.03340018]]
Matrix Pair 51; W = [[-0.10049242  0.07584367  0.25993853  0.12433694 -0.11804258]
 [ 0.10536802 -0.28709501 -0.05522129 -0.07912216  0.31330364]
 [-0.05675275 -0.02600436 -0.09588074 -0.07714202  0.21366209]
 [ 0.00956952 -0.01017901 -0.02068186  0.02861278 -0.0111111 ]
 [-0.07892968 -0.1986987   0.0377229   0.14776513  0.01448358]]
U = [[ 0.08764953 -0.10294137  0.14761447 -0.05769874  0.21912532]
 [-0.11859436  0.05128382  0.15379557  0.24015115  0.0227415 ]
 [ 0.27015547  0.02107937  0.16900314  0.13647999  0.0712517 ]
 [ 0.05653513  0.24786623  0.11602234  0.02090495  0.03412308]
 [-0.30516148  0.22283844  0.27675752  0.13104052 -0.0466853 ]]
Matrix Pair 52; W = [[-0.07564111  0.08812278  0.28149434  0.14285331 -0.11284816]
 [ 0.10974835 -0.21168954 -0.04287962 -0.1007952   0.14783404]
 [-0.03510812  0.05647648 -0.13867594 -0.02352303  0.18505858]
 [-0.06928956 -0.11630906  0.01465818  0.02944683  0.0052577 ]
 [-0.14105017 -0.20559551 -0.03296626  0.12745643  0.00912332]]
U = [[ 0.10981628 -0.09632859  0.11545776 -0.02396658  0.31939087]
 [-0.13380822  0.10623928  0.0770376   0.13550333 -0.02857592]
 [ 0.35407614  0.0427625   0.16027134  0.14765993  0.10543841]
 [ 0.11364767  0.15545259  0.03957818  0.05418493  0.11783166]
 [-0.27366585  0.22722774  0.2767857   0.20424853 -0.05041653]]
Matrix Pair 53; W = [[-0.1111474   0.09316707  0.22780182  0.0922911  -0.11674985]
 [ 0.13950354 -0.25316736 -0.04778214 -0.09578104  0.22515877]
 [-0.06838709 -0.00907401 -0.06089991 -0.03138993  0.15130083]
 [-0.07290548 -0.09760255 -0.05374572 -0.02135836  0.03446408]
 [-0.12092872 -0.19423761  0.05339436  0.14342595 -0.06902908]]
U = [[ 0.11813617 -0.05454591  0.15141536 -0.03206469  0.23532769]
 [-0.17377645  0.1252419   0.13989737  0.11200881 -0.06122377]
 [ 0.28812042  0.1016271   0.16742379  0.15180254  0.16471426]
 [ 0.06472544  0.14138192  0.11162674  0.01504444  0.09957275]
 [-0.26685193  0.27190207  0.33405969  0.21386586 -0.07931559]]
Matrix Pair 54; W = [[-0.11318003  0.01980538  0.20443711  0.04616204 -0.17936176]
 [ 0.06095752 -0.27315299 -0.08829471 -0.15750139  0.2304493 ]
 [-0.03360842  0.03129634 -0.12661162 -0.05707958  0.16754262]
 [-0.02239718 -0.13400537 -0.0565637  -0.03221818  0.07721024]
 [-0.08986789 -0.16783628  0.04685625  0.12205029 -0.026684  ]]
U = [[ 0.10311783 -0.05341283  0.1099425  -0.05217352  0.24474466]
 [-0.15257467  0.13977963  0.15674454  0.15335033  0.01125312]
 [ 0.33109887  0.01875346  0.14387801  0.1102359   0.16007178]
 [ 0.14013041  0.22810139  0.09212492 -0.03988239  0.03536514]
 [-0.20491756  0.19321203  0.25415153  0.21958975 -0.03336755]]
Matrix Pair 55; W = [[-0.04699622  0.03080587  0.28548664  0.07175019 -0.11172066]
 [ 0.09550026 -0.2641829  -0.03215067 -0.1092647   0.15112324]
 [-0.05162708 -0.02044088 -0.11052111 -0.07771453  0.17565967]
 [-0.00143452 -0.08979474  0.0047762  -0.02172601  0.00531131]
 [-0.13763553 -0.18058244  0.04989556  0.08787171  0.01599383]]
U = [[ 0.10965902 -0.09422904  0.19317207 -0.09683294  0.27807994]
 [-0.17342472  0.15280716  0.09148398  0.12520721 -0.04223515]
 [ 0.37041158  0.07672358  0.14409308  0.14535111  0.15665786]
 [ 0.1144474   0.19548899  0.04199489 -0.01291568  0.05901435]
 [-0.25482825  0.25072605  0.28866254  0.14567168 -0.07520196]]
Matrix Pair 56; W = [[-0.01338279  0.12646307  0.13951872  0.07331366 -0.1300421 ]
 [ 0.10552667 -0.2826219  -0.03260051 -0.12948281  0.22257918]
 [-0.12578     0.04119578 -0.11709022 -0.02127849  0.19745076]
 [ 0.06409824 -0.13626132 -0.05095416  0.00271562  0.04444785]
 [-0.10234253 -0.17289801  0.01574343  0.14077765 -0.04317197]]
U = [[ 0.02820387 -0.13659906  0.21604101 -0.11994894  0.25139806]
 [-0.1202269   0.11787479  0.09888676  0.12474702 -0.01504052]
 [ 0.25163784  0.06176011  0.18880936  0.21219458  0.11961504]
 [ 0.08109731  0.19547737  0.07018737  0.02146186  0.13219621]
 [-0.28341034  0.1231511   0.38288002  0.19511016  0.04768146]]
Matrix Pair 57; W = [[-0.01357199  0.11817242  0.17000257  0.06032597 -0.13501642]
 [ 0.12960516 -0.25446293 -0.09114191 -0.11367803  0.26834937]
 [-0.12048143  0.03061039 -0.12586004 -0.03423515  0.20829536]
 [-0.01783519 -0.1424703  -0.03839002  0.03860964  0.04060019]
 [-0.06154433 -0.15052933  0.01618166  0.07463887 -0.00710365]]
U = [[ 0.08113871 -0.11677248  0.17465679 -0.07398451  0.26244351]
 [-0.15304018  0.10034273  0.07556742  0.16066595 -0.01945515]
 [ 0.28813632  0.01897853  0.14976065  0.16914344  0.21355371]
 [ 0.15482678  0.18927207  0.04454877  0.00565152  0.07612948]
 [-0.28756153  0.18118475  0.32843851  0.22683028  0.02926955]]
Matrix Pair 58; W = [[-7.22615513e-02  8.93732910e-02  1.77938880e-01  9.53800509e-02
  -1.53492833e-01]
 [ 1.36877543e-01 -2.51859142e-01 -1.09464330e-01 -1.80596236e-01
   2.21749048e-01]
 [-5.46905018e-02  5.87899274e-02 -4.70377424e-02  8.65375714e-04
   2.16804636e-01]
 [ 2.55785602e-02 -1.62403353e-01 -2.49204078e-02 -8.69059431e-03
   1.08258542e-02]
 [-4.98017269e-02 -1.23014413e-01  2.03737869e-02  5.37749520e-02
  -1.97873919e-04]]
U = [[ 0.03360823 -0.0888854   0.23136015 -0.08404841  0.25759784]
 [-0.12532445  0.09094095  0.11355205  0.12691489 -0.01214924]
 [ 0.31542152  0.08483791  0.16376544  0.13830179  0.14528911]
 [ 0.13789251  0.15236522  0.01173399  0.01173938  0.10101407]
 [-0.2959661   0.18006184  0.32194471  0.1641552   0.04048847]]
Matrix Pair 59; W = [[-0.05913503  0.12954872  0.16213974  0.07119382 -0.1296532 ]
 [ 0.07743535 -0.2096271  -0.05393143 -0.15861605  0.25486662]
 [-0.1230351  -0.01342125 -0.09724972 -0.03309042  0.2209062 ]
 [ 0.04083103 -0.08506758 -0.06530657  0.06767462  0.02021613]
 [-0.09250264 -0.10550687 -0.02574639  0.13008619 -0.04952227]]
U = [[ 0.00403383 -0.09137136  0.24147991 -0.13024478  0.23441546]
 [-0.12796494  0.14631706  0.06195864  0.10341168  0.02048429]
 [ 0.28933003  0.01869339  0.12146845  0.21428409  0.17994154]
 [ 0.13055632  0.19997279  0.07885557  0.03569732  0.06765332]
 [-0.22504291  0.15647928  0.38725093  0.14780402  0.02081356]]
Matrix Pair 60; W = [[-0.02706623  0.05551419  0.15109735  0.08797142 -0.13625214]
 [ 0.06549786 -0.26919474 -0.07933545 -0.07737609  0.21031186]
 [-0.09496394  0.03314938 -0.09232865  0.05872776  0.20507719]
 [-0.03782012 -0.07227734 -0.02750189 -0.01111858 -0.00366923]
 [-0.14311986 -0.13824107  0.05276792  0.14480521 -0.07553546]]
U = [[ 0.02898385 -0.18067819  0.1024058  -0.10572765  0.22161806]
 [-0.10960107  0.08817139  0.1578247   0.07059085  0.05007125]
 [ 0.24906844 -0.00772568  0.16982782  0.07171351  0.15423323]
 [ 0.1311977   0.16615395  0.08476236  0.01532027  0.06444598]
 [-0.1943068   0.16891621  0.37991832  0.16681367  0.04659281]]
Matrix Pair 61; W = [[-0.04457344  0.08077905  0.20491926  0.07381061 -0.14294536]
 [ 0.03556722 -0.2338876  -0.10118646 -0.10593478  0.19581555]
 [-0.06491716 -0.01048079 -0.14347718 -0.00589086  0.24842226]
 [-0.09466024 -0.06453923 -0.0528511   0.0208149   0.08975404]
 [-0.10596154 -0.09423847  0.05714121  0.14617714 -0.03830823]]
U = [[ 0.05067369 -0.17248026  0.15923458 -0.09409656  0.23631706]
 [-0.19485846  0.09989096  0.16634344  0.08357095 -0.00037865]
 [ 0.22208491  0.04191262  0.15612877  0.12614568  0.10950555]
 [ 0.17125361  0.14097081 -0.00295724  0.04784727  0.09380628]
 [-0.19794719  0.17337219  0.34974764  0.19154003  0.0745163 ]]
Matrix Pair 62; W = [[-0.10903052  0.07678707  0.14701967  0.06545071 -0.09729475]
 [ 0.0965207  -0.26094634 -0.08824123 -0.09397444  0.23215836]
 [-0.10189807 -0.01050021 -0.08197659  0.06711763  0.17826864]
 [-0.11425487 -0.14288459 -0.01871435  0.01478026  0.00316259]
 [-0.1566886  -0.15944854  0.03628641  0.12574601 -0.04943786]]
U = [[ 0.08883734 -0.13231965  0.17661675 -0.04273677  0.20785652]
 [-0.17527524  0.11255966  0.20363499  0.15843     0.05427054]
 [ 0.22913638  0.05099308  0.14194744  0.13861173  0.11080964]
 [ 0.17016955  0.13557717  0.05021865  0.07298866  0.12228448]
 [-0.21802211  0.19990937  0.32739756  0.21619058  0.00402074]]
Matrix Pair 63; W = [[-0.09300233  0.12667257  0.19701041  0.12820278 -0.14432551]
 [ 0.08757424 -0.22219022 -0.10743958 -0.06383644  0.19854654]
 [-0.14760724  0.01073079 -0.16265931  0.01075387  0.27546095]
 [-0.02391306 -0.11378609 -0.02794073  0.01785749  0.04375675]
 [-0.13346855 -0.14876005 -0.00597621  0.0913248  -0.11212052]]
U = [[ 0.01329823 -0.13624857  0.08330842 -0.10195316  0.2440527 ]
 [-0.20696394  0.15011351  0.22664515  0.07194767 -0.03604295]
 [ 0.28859611 -0.01375341  0.13604496  0.0940239   0.08481822]
 [ 0.13307854  0.16239584 -0.00241122 -0.00344838  0.12326338]
 [-0.24887281  0.23152258  0.39458623  0.209242    0.00621616]]
