Epoch: 42Matrix Pair 0; W = [[-0.04609314  0.00396082  0.20635443  0.08086289 -0.09882202]
 [ 0.07585682 -0.19849107 -0.12370322 -0.17632372  0.25011238]
 [-0.03568056  0.11935049 -0.10674777 -0.0119413   0.22972491]
 [-0.0459063  -0.09286304 -0.0310961  -0.03973301  0.09661698]
 [-0.16242451 -0.09790964  0.05307295  0.08941053 -0.03238104]]
U = [[ 0.09893285 -0.15541221  0.14605243 -0.06535106  0.24344265]
 [-0.13853994  0.11712275  0.12624998  0.14520447  0.02477279]
 [ 0.16148826  0.03439625  0.12385241  0.1478467   0.12113198]
 [ 0.13125912  0.1504264   0.04415376  0.03601251  0.12425945]
 [-0.14834494  0.16899557  0.28178708  0.18492599 -0.08570364]]
Matrix Pair 1; W = [[-0.05733643  0.0425658   0.19478317  0.04879046 -0.13651914]
 [ 0.0980976  -0.17796696 -0.09075108 -0.14397636  0.27795985]
 [-0.01884772  0.02300759 -0.03211237 -0.02977731  0.16995647]
 [-0.00594955 -0.03716118  0.01635032  0.02375123  0.07688389]
 [-0.11983865 -0.16644327  0.08318282  0.08141066 -0.03408311]]
U = [[ 1.03982119e-01 -1.62699468e-01  2.28493592e-01 -1.05900222e-01
   2.27967214e-01]
 [-1.62381566e-01  9.64770903e-02  1.59451023e-01  9.35291715e-02
  -1.18852270e-03]
 [ 2.47354405e-01  8.59444666e-03  1.66495343e-01  8.88693858e-02
   5.85943627e-02]
 [ 8.83010695e-02  1.83976617e-01  6.44092955e-02  3.99387069e-05
   1.37575273e-01]
 [-1.33817744e-01  1.07091975e-01  2.55383545e-01  1.57030120e-01
  -8.73820336e-02]]
Matrix Pair 2; W = [[-0.10660013  0.00473036  0.20857663  0.05397298 -0.13682608]
 [ 0.09743201 -0.18374271 -0.15836383 -0.19048535  0.24309512]
 [-0.06944533  0.07010323 -0.10329744 -0.03900832  0.18731435]
 [-0.07086093 -0.07912729  0.01387406 -0.03279605  0.12432175]
 [-0.07121512 -0.11231181  0.11914057  0.07511569 -0.00079098]]
U = [[ 0.06482669 -0.11833413  0.20451606 -0.04595674  0.20278373]
 [-0.11460106  0.11548548  0.16488327  0.18964265  0.06511954]
 [ 0.2501352   0.01417927  0.13439183  0.1297875   0.06696863]
 [ 0.11568274  0.22317314  0.04251302 -0.00556586  0.08460792]
 [-0.12111266  0.15755647  0.2961459   0.1855901  -0.11268259]]
Matrix Pair 3; W = [[-0.11027506  0.03970521  0.13045748  0.02281216 -0.0809065 ]
 [ 0.11857305 -0.18421199 -0.07666056 -0.10288371  0.19201819]
 [-0.03835953  0.05886985 -0.05136976 -0.03059276  0.18615911]
 [-0.04173554 -0.01232445 -0.04814413 -0.0116482   0.08322673]
 [-0.09588722 -0.18225159  0.10796874  0.09897732 -0.10039951]]
U = [[ 0.08944193 -0.11831448  0.19508193 -0.0611772   0.24036172]
 [-0.11680926  0.12587982  0.19673394  0.16404999  0.0470237 ]
 [ 0.22081584  0.04603685  0.13648377  0.14789846  0.13516421]
 [ 0.15414458  0.20390913  0.05676558  0.01824367  0.05377931]
 [-0.14888561  0.14184631  0.31528496  0.21704    -0.09358893]]
Matrix Pair 4; W = [[-0.11257049  0.07024939  0.18646659  0.09583069 -0.15764508]
 [ 0.13099472 -0.24688436 -0.08178905 -0.15612977  0.26222183]
 [-0.0177597   0.04816766 -0.06458782 -0.08216107  0.21406211]
 [-0.06750637 -0.04277439 -0.02652344 -0.0891402  -0.03744289]
 [-0.16631178 -0.08083971  0.0067175   0.07056359 -0.10235836]]
U = [[ 0.02249529 -0.06775403  0.20022226 -0.11097141  0.26289468]
 [-0.13741169  0.08027312  0.14934772  0.1863755  -0.02521946]
 [ 0.28161001  0.00293284  0.16031704  0.12766347  0.13926608]
 [ 0.18908261  0.10814266  0.0266378   0.05119023  0.07604834]
 [-0.24725657  0.17221042  0.24682723  0.23289191 -0.13096266]]
Matrix Pair 5; W = [[-0.0714084   0.04860504  0.24006514  0.07836153 -0.20319742]
 [ 0.1568461  -0.16498562 -0.13499467 -0.09706066  0.23758853]
 [ 0.01372412  0.05137137 -0.01460058 -0.0888822   0.30743254]
 [-0.16102175 -0.084088    0.0067909  -0.00598658 -0.00476479]
 [-0.11804834 -0.15563416  0.01190289  0.05496173 -0.09042025]]
U = [[ 0.04632173 -0.06147521  0.12558188 -0.06207422  0.23624907]
 [-0.10569009  0.05364809  0.19840778  0.16230067 -0.03414046]
 [ 0.23766897  0.05763526  0.19088234  0.11589694  0.14117458]
 [ 0.17705004  0.10757166  0.02950222  0.02655649  0.0779702 ]
 [-0.19467507  0.0930582   0.32326162  0.23829769 -0.12019195]]
Matrix Pair 6; W = [[-0.14308566  0.05249369  0.1988922   0.05651847 -0.14184848]
 [ 0.14003681 -0.254258   -0.05953111 -0.06544543  0.22576656]
 [-0.00771672  0.09016319 -0.00182813 -0.06722158  0.29497252]
 [-0.08754699 -0.07196255  0.03616546 -0.00104434  0.03903869]
 [-0.17150925 -0.09070808  0.05945298  0.06483414 -0.01653082]]
U = [[ 0.08864973 -0.10748667  0.17951423 -0.0637616   0.18420646]
 [-0.12973427  0.02576543  0.11644623  0.14559123  0.02959308]
 [ 0.26762235  0.06121202  0.18998615  0.11255744  0.20053771]
 [ 0.1517499   0.18280606 -0.01792836  0.02353623  0.12118606]
 [-0.21472004  0.07536694  0.3380167   0.25951926 -0.10084473]]
Matrix Pair 7; W = [[-0.07844253  0.10957596  0.16319998  0.05315054 -0.18409217]
 [ 0.1202512  -0.20079663 -0.06123202 -0.11677189  0.1920992 ]
 [-0.02612335  0.00070084 -0.05019354 -0.07249666  0.29631358]
 [-0.10481281 -0.00920756  0.04884881 -0.02438352  0.035622  ]
 [-0.14880535 -0.12554797  0.04484611  0.10893199 -0.02203953]]
U = [[ 0.02671372 -0.14139398  0.15384635 -0.0716935   0.24212587]
 [-0.18366675  0.08128669  0.15338499  0.17168784 -0.01280742]
 [ 0.21060564 -0.02053739  0.17706023  0.05597444  0.20460132]
 [ 0.11288031  0.14942694  0.06738779  0.04332236  0.05378877]
 [-0.2172109   0.15158097  0.30545846  0.22797084 -0.13873307]]
Matrix Pair 8; W = [[-0.06255934  0.05081822  0.17770203  0.05418448 -0.08068301]
 [ 0.09405201 -0.21049806 -0.16780026 -0.15817485  0.09959708]
 [-0.01546937  0.10074126 -0.13577042 -0.02392066  0.22595057]
 [-0.0333273  -0.13969853 -0.00502982  0.03982748  0.01153005]
 [-0.14745808 -0.1360726   0.00444322  0.06286624 -0.02430913]]
U = [[ 0.06446368 -0.09500921  0.16835322 -0.04592948  0.22856606]
 [-0.09991489  0.10980035  0.13476748  0.20542074 -0.03408578]
 [ 0.18528325  0.11406748  0.12261986  0.08963234  0.1553031 ]
 [ 0.13920766  0.19229641 -0.00808135  0.02466132  0.10732489]
 [-0.15027516  0.14343615  0.3170892   0.15066146 -0.01168526]]
Matrix Pair 9; W = [[-0.13916912 -0.03156171  0.18498566  0.03977567 -0.10740828]
 [ 0.07351852 -0.21792679 -0.15437402 -0.11411451  0.18926072]
 [-0.03803533  0.02227925 -0.12098674 -0.00780666  0.18341692]
 [-0.02636718 -0.08393594 -0.03247492 -0.02084868  0.09245989]
 [-0.09781457 -0.09620399  0.00442362  0.0874809   0.00362114]]
U = [[ 0.11258375 -0.0983687   0.2355358  -0.05363805  0.26408111]
 [-0.17075536  0.13458104  0.11218483  0.19729101 -0.02889267]
 [ 0.19063894  0.09375599  0.15251085  0.1057991   0.196352  ]
 [ 0.19930318  0.18325397 -0.00133862  0.00203423  0.05895163]
 [-0.09942024  0.14227347  0.32584936  0.19626582 -0.06744821]]
Matrix Pair 10; W = [[-0.12506464 -0.00773307  0.20940845  0.04557793 -0.12604461]
 [ 0.15568751 -0.26410307 -0.18853834 -0.09844977  0.10465304]
 [-0.01497516  0.03456915 -0.07893947 -0.01649836  0.23818692]
 [-0.08274501 -0.07008556 -0.06402561  0.05024     0.03886294]
 [-0.15790264 -0.09897566 -0.02285122  0.02477545 -0.07316878]]
U = [[ 0.06746369 -0.11152714  0.2046053  -0.12102416  0.22929845]
 [-0.18071331  0.06450905  0.14721678  0.21800033 -0.03093076]
 [ 0.22729237  0.06738363  0.15039241  0.03424857  0.13434054]
 [ 0.10994087  0.16779418  0.08503771 -0.01318188  0.06408218]
 [-0.09631193  0.16754212  0.34099315  0.13535512  0.02136567]]
Matrix Pair 11; W = [[-0.0664519  -0.00047696  0.20360766  0.04708711 -0.10684565]
 [ 0.11971595 -0.226607   -0.16966814 -0.13303659  0.19615171]
 [-0.04199785  0.07591916 -0.07487434  0.00298448  0.22204916]
 [-0.02023217 -0.15934937 -0.02853024  0.04938383  0.08481632]
 [-0.13641098 -0.15649593  0.03815022  0.07967878 -0.01080036]]
U = [[ 0.0455197  -0.03312809  0.19653646 -0.11546063  0.30782868]
 [-0.14937348  0.10118745  0.12885561  0.20425782  0.00187462]
 [ 0.22135414  0.10308208  0.08921497  0.0821657   0.17674459]
 [ 0.18284342  0.19191996  0.06929627  0.02305241  0.15633005]
 [-0.12404422  0.18782784  0.28084192  0.12777036  0.01754901]]
Matrix Pair 12; W = [[-0.01361182  0.03583492  0.22536909  0.08031473 -0.09058749]
 [ 0.09571189 -0.24701762 -0.17922652 -0.13547872  0.16510932]
 [-0.02449701  0.03847574 -0.03805555 -0.05351156  0.17197739]
 [-0.04897911 -0.14196299  0.04126789 -0.02694572  0.09901639]
 [-0.12411377 -0.11144583  0.09063689  0.09464168 -0.07886271]]
U = [[ 0.05480984 -0.12305616  0.18944492 -0.0597724   0.2273467 ]
 [-0.11855003  0.09750621  0.1715766   0.2041346   0.1034939 ]
 [ 0.20171058  0.08314953  0.16091564  0.06476295  0.13453611]
 [ 0.08252613  0.15225889  0.00306083 -0.01159117  0.07776587]
 [-0.16702486  0.17255483  0.33088467  0.17703855 -0.02580362]]
Matrix Pair 13; W = [[-0.02845437  0.03324058  0.20578399  0.13075461 -0.08788768]
 [ 0.0866092  -0.21894255 -0.14635106 -0.08126877  0.17840404]
 [-0.08824637  0.06301257 -0.09495586 -0.02175341  0.21303216]
 [-0.0295755  -0.10382232  0.0158344   0.01164057  0.0532433 ]
 [-0.12817242 -0.15433293 -0.00671203  0.06813365 -0.02048221]]
U = [[ 0.03030026 -0.15713355  0.10716385 -0.12448468  0.23001263]
 [-0.15913362  0.10768266  0.11627931  0.15670223  0.10624237]
 [ 0.24908488  0.06836522  0.19685735  0.0972027   0.09666643]
 [ 0.16479095  0.21516456  0.04703086  0.06759938  0.07168403]
 [-0.13267049  0.1050434   0.33540267  0.19703511 -0.10551797]]
Matrix Pair 14; W = [[-0.02329355  0.05447792  0.19808985  0.11745358 -0.11388185]
 [ 0.14714419 -0.23264327 -0.10307258 -0.10030281  0.19676577]
 [-0.10841694  0.09318629 -0.05407205 -0.06997378  0.24943518]
 [-0.00629484 -0.15350856  0.02697621 -0.00708435  0.06837656]
 [-0.16126219 -0.10804758  0.02859645  0.06632754 -0.09073109]]
U = [[ 0.10041444 -0.11136577  0.0975264  -0.11824009  0.25641715]
 [-0.09194478  0.10452098  0.09664293  0.17324218  0.07161718]
 [ 0.18323928 -0.00523316  0.15259768  0.07911714  0.15905357]
 [ 0.13010112  0.18853897  0.0439853  -0.02436366  0.08147901]
 [-0.19448745  0.10967719  0.2857543   0.23904081 -0.02010628]]
Matrix Pair 15; W = [[-0.01431794  0.01832321  0.16700164  0.07552433 -0.05712435]
 [ 0.14525635 -0.25712477 -0.17268436 -0.12504089  0.24761188]
 [-0.06682928  0.00067594 -0.05863343 -0.02306196  0.2317648 ]
 [ 0.01500585 -0.17184602  0.01120162  0.04023094  0.10240177]
 [-0.18491718 -0.12682076  0.02912034  0.04949085 -0.01414349]]
U = [[ 0.11014744 -0.14593794  0.16105071 -0.1163691   0.20510142]
 [-0.09997094  0.09254538  0.15272994  0.20442876  0.05374702]
 [ 0.18209647  0.08520378  0.24146355  0.14965277  0.1412796 ]
 [ 0.07668807  0.16705598  0.03056394  0.0712198   0.14221988]
 [-0.1719034   0.13425876  0.27161992  0.19495299 -0.07752643]]
Matrix Pair 16; W = [[-0.0676811  -0.06470904  0.17301693  0.11807713 -0.15845835]
 [ 0.17430788 -0.21978531 -0.09865425 -0.16255778  0.20432151]
 [-0.05083129  0.07785033 -0.05194885  0.04575545  0.26121872]
 [ 0.07063344 -0.06024557  0.0136925   0.06029026  0.01812265]
 [-0.1504347  -0.14363548  0.0283891   0.02688031 -0.07244545]]
U = [[ 0.05292668 -0.08130628  0.08346055 -0.12240402  0.23371613]
 [-0.13459763  0.13711907  0.19212299  0.20671524  0.06746137]
 [ 0.17984363  0.05204824  0.16641885  0.10364807  0.05515128]
 [ 0.16985364  0.13896063  0.0829415   0.03132786  0.07852325]
 [-0.2195895   0.21692567  0.24631915  0.16262891 -0.11121725]]
Matrix Pair 17; W = [[-0.07328798 -0.01188711  0.14939409  0.10253372 -0.15732692]
 [ 0.18078077 -0.21391233 -0.06106201 -0.09171772  0.26764409]
 [-0.02864843  0.05264053 -0.11408431 -0.00969273  0.18761158]
 [ 0.05127017 -0.0110798  -0.01975563 -0.03418779  0.03316347]
 [-0.10055073 -0.09396096 -0.00710828  0.04958636 -0.10513212]]
U = [[ 0.06520747 -0.07329188  0.09101057 -0.08628002  0.15224301]
 [-0.15874991  0.07813527  0.15098001  0.17712968  0.11773905]
 [ 0.17934652  0.07512729  0.12612454  0.14187951  0.10187317]
 [ 0.13876866  0.15265257  0.07704172  0.0775234   0.06458858]
 [-0.23351753  0.20219911  0.26285368  0.15681368 -0.05007042]]
Matrix Pair 18; W = [[-0.06715552 -0.0684148   0.14462464  0.12370345 -0.16160344]
 [ 0.15647139 -0.26948854 -0.06770027 -0.11690955  0.25817511]
 [-0.00061276  0.07106365 -0.10862456 -0.04249875  0.18511883]
 [ 0.02933355 -0.04550936  0.0030246   0.02977098  0.08980571]
 [-0.05900974 -0.12975609  0.06239221  0.04305189 -0.07764118]]
U = [[ 0.05218252 -0.15460387  0.08736028 -0.0538498   0.15148538]
 [-0.13717681  0.05960392  0.16050407  0.19019849  0.06234559]
 [ 0.21007612  0.0605467   0.21570744  0.14047177  0.07904146]
 [ 0.14787772  0.12940029  0.09823538  0.03920439  0.07223332]
 [-0.2677877   0.15616518  0.30483621  0.08356068 -0.10375891]]
Matrix Pair 19; W = [[-0.07555127 -0.02129784  0.16002124  0.03665245 -0.16060236]
 [ 0.14119103 -0.23505718 -0.0729671  -0.13911282  0.2547274 ]
 [-0.02481772  0.02911768 -0.0645042  -0.03824477  0.24696273]
 [ 0.06703097 -0.03561328  0.01327025 -0.01390339  0.06783777]
 [-0.14490124 -0.13484291  0.06892779  0.07056824 -0.03416856]]
U = [[ 0.0288152  -0.15364734  0.10711543 -0.07833339  0.20543498]
 [-0.12338499  0.09215914  0.19603532  0.17139331  0.0849422 ]
 [ 0.24839275  0.10133084  0.14688566  0.17083508  0.05226319]
 [ 0.18964741  0.20182456  0.04983792  0.0873808   0.03434819]
 [-0.23524559  0.23370188  0.29747741  0.08709611 -0.07765634]]
Matrix Pair 20; W = [[-0.04818362  0.16314334  0.14094808 -0.01480297 -0.1062283 ]
 [ 0.10743615 -0.21084628 -0.14876871 -0.12742363  0.29106519]
 [-0.05266559  0.07634098 -0.09291943 -0.01515635  0.21545737]
 [-0.01113225 -0.10266813 -0.03764026 -0.06251952  0.12089891]
 [-0.1358513  -0.09841773 -0.01094422  0.10277126 -0.01508455]]
U = [[ 0.10659893 -0.14498834  0.1615056  -0.1643241   0.23506541]
 [-0.15633745  0.13453991  0.08905113  0.17030806  0.05335653]
 [ 0.24306507 -0.02578567  0.1258488   0.15853921  0.11320008]
 [ 0.16874971  0.21292976  0.01316243  0.04414203  0.16615657]
 [-0.27441175  0.21998856  0.35907502  0.14868261 -0.06787309]]
Matrix Pair 21; W = [[-0.05089841  0.12014152  0.17496566  0.04111206 -0.170243  ]
 [ 0.12838822 -0.23676947 -0.13152536 -0.12746243  0.23043308]
 [-0.07156803  0.05477648 -0.08852225 -0.06934949  0.20339502]
 [-0.02514935 -0.13657651  0.00589829 -0.02992345  0.12900632]
 [-0.1781025  -0.091211   -0.00619354  0.07412755 -0.02908399]]
U = [[ 0.12919652 -0.07049475  0.13937111 -0.18786774  0.155552  ]
 [-0.15387197  0.14778956  0.14566086  0.19987254  0.07314698]
 [ 0.27140795 -0.00150157  0.16267721  0.13054276  0.11509129]
 [ 0.17024335  0.236921    0.10138565  0.04672539  0.10708687]
 [-0.26927052  0.17482274  0.4020032   0.1408676  -0.06261444]]
Matrix Pair 22; W = [[-0.0669406   0.14842807  0.1340266   0.00413896 -0.10498187]
 [ 0.05038816 -0.25016021 -0.14975826 -0.05931597  0.25674158]
 [-0.04659534  0.00542681 -0.11957354 -0.08437995  0.24493041]
 [ 0.04088616 -0.08777304  0.00647702 -0.00198795  0.08267881]
 [-0.1899289  -0.0879688   0.0312761   0.07608059 -0.04341582]]
U = [[ 0.04376719 -0.12319782  0.22905769 -0.10613953  0.20002613]
 [-0.18555157  0.13548038  0.14414126  0.17451202  0.03404256]
 [ 0.29199514 -0.0089813   0.1850053   0.12366268  0.06973778]
 [ 0.11640306  0.18894352  0.06003324 -0.00606169  0.13910902]
 [-0.28288878  0.20296187  0.35395407  0.11460242 -0.0419637 ]]
Matrix Pair 23; W = [[-0.09034967  0.17171401  0.16385837  0.04402747 -0.10057151]
 [ 0.0930078  -0.21883506 -0.08207588 -0.14898175  0.29335419]
 [-0.07976701 -0.00219929 -0.151996   -0.08069416  0.24378393]
 [-0.02149705 -0.14476036 -0.02644303 -0.06038488  0.07256421]
 [-0.14226161 -0.0696883   0.03180527  0.08945458 -0.00429945]]
U = [[ 0.13068096 -0.05332932  0.22258364 -0.13555062  0.21786702]
 [-0.10358617  0.13366979  0.12336026  0.16076528  0.07085324]
 [ 0.217098   -0.0216255   0.13301815  0.21495565  0.09732905]
 [ 0.11657453  0.14883629  0.09436221  0.04116071  0.16272016]
 [-0.22959349  0.16623314  0.34875808  0.11699841 -0.02872814]]
Matrix Pair 24; W = [[-0.0138619   0.03812305  0.1879238   0.05679514 -0.17473588]
 [ 0.07253359 -0.27906502 -0.10994794 -0.1098297   0.26659346]
 [ 0.00482138  0.11576443 -0.00564385 -0.0585643   0.24139386]
 [-0.03457519 -0.10328253  0.00434976  0.00733264  0.05392806]
 [-0.15968705 -0.19058325  0.14022552  0.0862114  -0.12538437]]
U = [[ 0.05643248 -0.10959264  0.16632047 -0.09932434  0.19872432]
 [-0.19534199  0.14589671  0.14286199  0.17230927 -0.00701884]
 [ 0.19593943  0.06062064  0.08675237  0.07885026  0.11761712]
 [ 0.1020083   0.24570306  0.04125132 -0.01031827  0.15191802]
 [-0.28260399  0.18396338  0.30183836  0.17499669 -0.10361782]]
Matrix Pair 25; W = [[-0.07033251  0.11657175  0.18031214  0.12279881 -0.17686963]
 [ 0.02951664 -0.26548018 -0.06579188 -0.04294108  0.27005569]
 [-0.03970102  0.13312602 -0.01006748 -0.10797373  0.17764344]
 [-0.06099246 -0.12838754 -0.03226325  0.0551176   0.09021652]
 [-0.17846766 -0.14237835  0.11244176  0.01921834 -0.06378909]]
U = [[ 0.09269864 -0.12561142  0.16343238 -0.07523657  0.23383373]
 [-0.18388216  0.18606618  0.14813439  0.12317992  0.01103208]
 [ 0.21165998  0.05338749  0.0961357   0.0861712   0.10192569]
 [ 0.11744364  0.17815397  0.02462131  0.01438645  0.18938806]
 [-0.27518915  0.12721129  0.30215024  0.19042654 -0.05252544]]
Matrix Pair 26; W = [[ 1.24085624e-04  1.10917794e-01  1.66222047e-01  4.13490846e-02
  -1.82344154e-01]
 [ 3.74529567e-02 -2.67742062e-01 -1.45692187e-01 -3.58925338e-02
   2.71044348e-01]
 [ 3.99840856e-03  1.38656337e-01 -4.81264965e-02 -7.54066517e-02
   2.12191569e-01]
 [-2.85419917e-02 -1.64619956e-01  2.19785928e-02  3.60408253e-02
   3.00482052e-02]
 [-1.44036861e-01 -1.26254520e-01  1.30938429e-01  6.56290777e-02
  -9.73925229e-02]]
U = [[ 0.01373312 -0.09882677  0.14501891 -0.0436556   0.23815352]
 [-0.13536836  0.13835612  0.14604605  0.11055099  0.06493785]
 [ 0.25684348 -0.02124764  0.16378378  0.05468744  0.16431415]
 [ 0.12252928  0.18212016 -0.03969674  0.01940639  0.15772241]
 [-0.27924385  0.1333278   0.33983131  0.14895523 -0.12114655]]
Matrix Pair 27; W = [[-0.05210967  0.11605947  0.22157866  0.10960585 -0.14413594]
 [ 0.0931423  -0.26879818 -0.05458906 -0.05737154  0.26116038]
 [-0.03981358  0.11415482 -0.08100577 -0.0991902   0.23554222]
 [-0.07476021 -0.09946554 -0.0601681  -0.01940919  0.08224481]
 [-0.20464428 -0.10847383  0.08707061  0.10294263 -0.11866719]]
U = [[ 0.0420432  -0.1102095   0.18076366 -0.07871233  0.15858352]
 [-0.1868516   0.17428806  0.15275669  0.15436831  0.04315787]
 [ 0.26144661  0.06772594  0.15905047  0.10215762  0.15332708]
 [ 0.15283879  0.25910203  0.00522383  0.03918534  0.12636908]
 [-0.22120168  0.12721761  0.24910047  0.16664393 -0.07588043]]
Matrix Pair 28; W = [[-0.10396295 -0.03189641  0.1956314   0.06897141 -0.16429816]
 [ 0.14398944 -0.19533264 -0.1583961  -0.16146798  0.15658268]
 [-0.0196203   0.03651323 -0.05044893 -0.02219768  0.21040701]
 [-0.02667471 -0.01103215 -0.0761719  -0.0864821  -0.00948772]
 [-0.10204278 -0.18587123 -0.01576106  0.07107123 -0.0872593 ]]
U = [[ 0.14491314 -0.17051824  0.158875   -0.01553967  0.17417526]
 [-0.09998711  0.10617749  0.18344099  0.16693741  0.05264067]
 [ 0.23428337  0.11762502  0.19650929  0.11260707  0.07457085]
 [ 0.04660453  0.19108991  0.05582997  0.02270224  0.04483514]
 [-0.24337661  0.18037798  0.331497    0.17807544 -0.0083357 ]]
Matrix Pair 29; W = [[-0.15236888  0.05567253  0.18698145  0.00838635 -0.11695551]
 [ 0.16163751 -0.17720155 -0.08144768 -0.17604829  0.20113915]
 [-0.05239062 -0.02045427 -0.04147417 -0.00973035  0.27169262]
 [-0.11142908 -0.0119566  -0.08304435 -0.08469172 -0.00795602]
 [-0.14553791 -0.19494867  0.06478121  0.08532765 -0.06669903]]
U = [[ 0.08396034 -0.10104145  0.21804307 -0.07065344  0.25208055]
 [-0.09130068  0.1316692   0.20532841  0.17704134  0.02074006]
 [ 0.2314873   0.0658359   0.16005706  0.14357324  0.15259323]
 [ 0.04514561  0.20027532  0.11461368  0.0264733   0.11349664]
 [-0.28165665  0.14792115  0.31631791  0.22956607 -0.08779089]]
Matrix Pair 30; W = [[-1.41717956e-01 -9.01012031e-03  1.51125261e-01  7.51299585e-02
  -1.58468583e-01]
 [ 1.67478176e-01 -2.24580067e-01 -8.86549735e-02 -2.35236952e-01
   2.24988044e-01]
 [-1.14268587e-02  1.53781646e-02 -1.24439854e-01  5.45420481e-02
   2.48509251e-01]
 [-1.22289209e-01  6.52625195e-02 -2.98654501e-02 -9.26978390e-05
  -3.94355866e-02]
 [-8.18905596e-02 -1.74460066e-01 -7.32993198e-03  9.51218102e-02
  -7.95000360e-02]]
U = [[ 0.13127512 -0.14188206  0.22919773 -0.02693233  0.20109806]
 [-0.11179337  0.1147378   0.21522868  0.19017332  0.03739467]
 [ 0.2240809   0.11836195  0.22023403  0.14646003  0.14746698]
 [ 0.053508    0.17455286  0.07653672  0.07398772  0.07066316]
 [-0.21608084  0.21450667  0.24471823  0.2167786  -0.06121292]]
Matrix Pair 31; W = [[-0.09660472  0.03571501  0.1914616   0.05535553 -0.16206551]
 [ 0.18426041 -0.19232603 -0.16636418 -0.19537565  0.18881691]
 [ 0.02637708  0.02134793 -0.13426511  0.05836354  0.26019093]
 [-0.08775221 -0.0081763  -0.02863756 -0.03852618 -0.04770452]
 [-0.11181882 -0.15408927  0.05231306  0.02932087 -0.0296741 ]]
U = [[ 0.14814479 -0.10157116  0.23300666 -0.08585675  0.25899789]
 [-0.13077229  0.16876294  0.15774384  0.16326944  0.06573749]
 [ 0.24241202  0.12842566  0.25661166  0.13564148  0.1480113 ]
 [ 0.02478787  0.24995498  0.10889955  0.03605788  0.1337661 ]
 [-0.26987696  0.13610783  0.27106062  0.2201314  -0.03610309]]
Matrix Pair 32; W = [[-0.06128719  0.12562235  0.22660857  0.16861147 -0.11721586]
 [ 0.03876358 -0.22200203 -0.09919415 -0.04663285  0.21114707]
 [-0.01687675  0.02436386 -0.0376857  -0.00377616  0.1644316 ]
 [ 0.00336947 -0.05886079  0.00909067 -0.00881884  0.06042211]
 [-0.1845509  -0.13582311 -0.01006451  0.06455149 -0.06535631]]
U = [[ 0.11916016 -0.04317429  0.13731541 -0.06628316  0.22706161]
 [-0.20308478  0.1162974   0.08223197  0.22422742 -0.00772578]
 [ 0.21042506  0.05285152  0.09000234  0.16716515  0.22193842]
 [ 0.08791056  0.23255999  0.09065862  0.06010979  0.10048299]
 [-0.16273324  0.1704802   0.34445268  0.17337352 -0.0553226 ]]
Matrix Pair 33; W = [[-0.06526362  0.03058855  0.24503371  0.09831079 -0.06613048]
 [ 0.05289002 -0.22784935 -0.11303283 -0.12939243  0.23224434]
 [-0.02203612 -0.0284498  -0.12207544 -0.02735629  0.19162121]
 [-0.04068624 -0.07643061  0.03507822  0.00635932  0.05941077]
 [-0.13131054 -0.09776001  0.00786122  0.03522704 -0.02963418]]
U = [[ 0.1258027  -0.10973391  0.11175553 -0.04483701  0.20680162]
 [-0.23923723  0.07182227  0.13572432  0.19596356  0.02813886]
 [ 0.18947022  0.10755148  0.05197445  0.13618006  0.16282697]
 [ 0.12397774  0.2213904   0.17503652  0.02212418  0.09835243]
 [-0.24776047  0.1558891   0.28093578  0.21307719 -0.06917941]]
Matrix Pair 34; W = [[-0.04432572  0.11447082  0.23622128  0.16643023 -0.09913632]
 [ 0.1045169  -0.20004432 -0.16477392 -0.06073304  0.26319712]
 [-0.05536687 -0.02220873 -0.08425367 -0.06971445  0.21882022]
 [-0.01841662 -0.03559764  0.06586462  0.00874771  0.04053568]
 [-0.16611793 -0.12053279  0.00312061  0.05062892 -0.07579627]]
U = [[ 0.11344646 -0.11371477  0.18520062 -0.06171336  0.21555262]
 [-0.17100112  0.06445202  0.14259305  0.22758172  0.06059703]
 [ 0.16476682  0.08652958  0.07389195  0.17595097  0.18131052]
 [ 0.12295486  0.27443793  0.16493595  0.04153301  0.11533485]
 [-0.21784565  0.13235444  0.31936078  0.13887567 -0.09554966]]
Matrix Pair 35; W = [[-0.037988    0.03513761  0.23978989  0.15881404 -0.14255531]
 [ 0.04048022 -0.20459822 -0.08176598 -0.06930371  0.18443022]
 [-0.06283226  0.00979304 -0.05523712 -0.01942592  0.24475188]
 [-0.02987659 -0.10470341 -0.00770797  0.05639551  0.11340732]
 [-0.17593304 -0.13152222  0.06029785  0.0812461  -0.10468306]]
U = [[ 0.1254288  -0.0595768   0.13869761 -0.05558117  0.23236773]
 [-0.14260231  0.05505582  0.1550844   0.1920398   0.07291988]
 [ 0.19874297  0.07461371  0.11516933  0.15049446  0.22599309]
 [ 0.0932734   0.30014122  0.08832272  0.02317044  0.08065042]
 [-0.15997698  0.12228124  0.29640814  0.19885845 -0.07768415]]
Matrix Pair 36; W = [[-0.17337288  0.05803509  0.21289898  0.09883584 -0.12059668]
 [ 0.11814529 -0.22935534 -0.08357167 -0.12557805  0.20734793]
 [-0.0883257   0.0040469  -0.0707605  -0.020783    0.18505228]
 [-0.01675557 -0.10298807 -0.03983566  0.03267027  0.04381173]
 [-0.0977236  -0.06057197  0.08970785  0.06786058 -0.01454694]]
U = [[ 0.05421433 -0.15513974  0.1903172  -0.06713315  0.21006299]
 [-0.14086578  0.03354546  0.17256511  0.19851811  0.06696352]
 [ 0.29011802  0.07826714  0.21291255  0.07916235  0.14898251]
 [ 0.1458478   0.13131001  0.05512399  0.02891844  0.15267112]
 [-0.23387306  0.19420529  0.33220114  0.1343291  -0.06145621]]
Matrix Pair 37; W = [[-0.11306532  0.01323831  0.20413447  0.04786596 -0.13186486]
 [ 0.11357207 -0.28470735 -0.12559538 -0.14805146  0.17742091]
 [-0.01506786 -0.00561635 -0.12694813 -0.00573706  0.21113066]
 [ 0.00768721 -0.10148988 -0.04839656  0.02364213  0.03931357]
 [-0.07289735 -0.03516709  0.03027737  0.12214891 -0.04676148]]
U = [[ 0.13769556 -0.15199913  0.21989635 -0.05729721  0.23494825]
 [-0.18727178  0.09934823  0.21716231  0.19911472  0.10817592]
 [ 0.23958116  0.10052387  0.23813845  0.11186748  0.17035158]
 [ 0.19474359  0.17301599  0.04425852  0.01897886  0.16222124]
 [-0.15519445  0.12622318  0.27641239  0.08297878 -0.02465748]]
Matrix Pair 38; W = [[-0.12473879 -0.00832002  0.18245925  0.10792117 -0.11579589]
 [ 0.15662662 -0.26149951 -0.08180206 -0.08363715  0.14722246]
 [-0.00695213  0.04070424 -0.10987527  0.01273376  0.24306404]
 [-0.02383441 -0.13783436 -0.04263442  0.01733326  0.04669419]
 [-0.10679975 -0.04227755  0.02939266  0.12646228  0.04490555]]
U = [[ 0.107942   -0.07615656  0.18589699 -0.03254236  0.20187574]
 [-0.16838544  0.10847213  0.17628713  0.21492704  0.12398266]
 [ 0.28924209  0.06483309  0.16610003  0.05120621  0.18454018]
 [ 0.11319813  0.15204431  0.06959822 -0.03144902  0.16614941]
 [-0.15833284  0.17250992  0.26117971  0.15410778  0.00089925]]
Matrix Pair 39; W = [[-0.13301195  0.01862421  0.2110068   0.13635535 -0.1267542 ]
 [ 0.07826826 -0.24650281 -0.11673571 -0.05352749  0.16332158]
 [-0.04899238 -0.00789174 -0.1545856  -0.00239079  0.18812725]
 [-0.07350122 -0.07929949 -0.005267    0.0776306   0.04831462]
 [-0.12570099 -0.06440705 -0.00222657  0.05887656 -0.04810168]]
U = [[ 0.11539667 -0.07216996  0.25891264 -0.09627893  0.19094279]
 [-0.14546086  0.05718532  0.22949186  0.23166095  0.07264814]
 [ 0.30099277  0.03982366  0.20424584  0.07448956  0.11320366]
 [ 0.10917638  0.17898646  0.05178387 -0.05196786  0.17049521]
 [-0.1935919   0.12104568  0.30636686  0.11487904 -0.03105387]]
Matrix Pair 40; W = [[-0.06008071  0.03777304  0.11971851  0.06306351 -0.10004159]
 [ 0.09780183 -0.21887205 -0.15942724 -0.03933447  0.17612951]
 [-0.10922521  0.11134254 -0.11762445 -0.01879256  0.2096525 ]
 [-0.07196497 -0.0980275   0.05190223  0.09073461  0.03817357]
 [-0.16632118 -0.05788226  0.01302448  0.03574019 -0.02494387]]
U = [[ 0.13851687 -0.08744094  0.17985807 -0.08214998  0.26792812]
 [-0.19491049  0.02624066  0.23315092  0.16656292  0.04982937]
 [ 0.26925572 -0.02944904  0.1160793   0.09946331  0.16183271]
 [ 0.13616768  0.17065874  0.06314008 -0.00913299  0.11361942]
 [-0.19707465  0.13879426  0.25604495  0.16609011 -0.05358898]]
Matrix Pair 41; W = [[-0.02011409  0.11978159  0.13346686  0.10640348 -0.13020862]
 [ 0.02123358 -0.14585873 -0.08124524 -0.07483833  0.15699678]
 [-0.10615648  0.09000214 -0.12610913  0.00323093  0.19003073]
 [-0.03177963 -0.0972786  -0.01470707  0.03775126  0.05246342]
 [-0.12826905 -0.06604566  0.05300352  0.06951744 -0.02711485]]
U = [[ 0.07864898 -0.09556369  0.18453407 -0.10507645  0.20363835]
 [-0.21492927  0.0236775   0.1532324   0.21118397  0.06458946]
 [ 0.18621154 -0.00481952  0.13968378  0.15031357  0.13676591]
 [ 0.14383411  0.20102802  0.02540461 -0.01641222  0.03782769]
 [-0.10768068  0.15723546  0.2751186   0.17097542 -0.03742753]]
Matrix Pair 42; W = [[-0.04675248  0.10587576  0.09351205  0.12736214 -0.12451808]
 [ 0.0288593  -0.15770872 -0.15231441 -0.09379004  0.20042574]
 [-0.10959077  0.08771098 -0.10851639 -0.00613901  0.1712587 ]
 [-0.06431415 -0.12005005  0.05346864  0.10109873  0.07938447]
 [-0.13155004 -0.12394211  0.03017758  0.00645318 -0.0422002 ]]
U = [[ 0.07561326 -0.06143916  0.18230992 -0.1275184   0.2424787 ]
 [-0.15730055  0.00502826  0.18448856  0.16768484  0.02095678]
 [ 0.22439822  0.00227065  0.06747731  0.10606531  0.15442448]
 [ 0.17567322  0.1771079   0.04924286 -0.00481559  0.12691474]
 [-0.18221276  0.14915513  0.27320357  0.16080196  0.0122871 ]]
Matrix Pair 43; W = [[-0.0635373   0.07202051  0.17755598  0.04634232 -0.07154043]
 [ 0.05174571 -0.16136344 -0.16226743 -0.1106527   0.19374732]
 [-0.0496277   0.06008719 -0.10387209  0.00394228  0.20951561]
 [-0.10940838 -0.0795726   0.05518403  0.05852666  0.04726833]
 [-0.16275014 -0.07430458  0.06200822  0.06987742 -0.00680971]]
U = [[ 0.09911714 -0.09650602  0.13077544 -0.15383805  0.2534194 ]
 [-0.19000341  0.05719246  0.19780274  0.20681116  0.04006264]
 [ 0.23813794 -0.00520882  0.15888254  0.07315432  0.08568143]
 [ 0.11192851  0.19645346  0.09842238 -0.0514456   0.10524504]
 [-0.18136205  0.17949123  0.23109429  0.08533104 -0.04734399]]
Matrix Pair 44; W = [[-2.62722789e-02  1.09149195e-01  2.11294926e-01  1.04149421e-01
  -1.18644814e-01]
 [ 8.60685325e-02 -2.73269663e-01 -1.31367883e-01 -1.57231517e-01
   2.16061706e-01]
 [-3.01489575e-02  1.12644391e-01 -8.49184798e-02  1.10832775e-05
   1.95140222e-01]
 [ 1.16584115e-02 -2.16835933e-02 -3.72514478e-02 -3.79079802e-03
   4.76455672e-02]
 [-1.04684373e-01 -6.45196619e-02  7.94716194e-03  1.39727626e-02
  -1.08071821e-01]]
U = [[ 0.15498478 -0.06560259  0.14141242 -0.14767089  0.15185814]
 [-0.11303525  0.10065021  0.17541683  0.19342686  0.02636568]
 [ 0.17188954  0.04638096  0.08587234  0.16475267  0.11310067]
 [ 0.17649015  0.15781751  0.0773449   0.0234506   0.20404519]
 [-0.19214714  0.1559289   0.32970366  0.17747587 -0.00490632]]
Matrix Pair 45; W = [[-0.0773346   0.0344666   0.23069512  0.07962981 -0.10113055]
 [ 0.13331856 -0.23368269 -0.09326622 -0.17733441  0.23881   ]
 [-0.05705408  0.09525716 -0.03949543 -0.02373032  0.19009418]
 [ 0.03857955 -0.11365582 -0.0399194   0.06648651  0.02106579]
 [-0.12818602 -0.06930158 -0.01348494  0.08383979 -0.08050355]]
U = [[ 0.08594345 -0.0983242   0.13096914 -0.15662089  0.14622531]
 [-0.15357556  0.12005145  0.18347635  0.20524763  0.01975051]
 [ 0.18599615  0.0825465   0.10066782  0.12162021  0.10248151]
 [ 0.15955781  0.14795543 -0.01838217  0.03501423  0.19658198]
 [-0.24459295  0.20717627  0.27454401  0.17932391 -0.01547185]]
Matrix Pair 46; W = [[-0.08448267  0.07186035  0.1367493   0.09211233 -0.11044154]
 [ 0.11365453 -0.25976959 -0.18746785 -0.1463623   0.18731378]
 [-0.00730809  0.10813125 -0.0739408  -0.05669335  0.22956846]
 [ 0.01343976 -0.02876401  0.03399735 -0.02336978  0.09158046]
 [-0.09217855 -0.08866497 -0.02571483  0.09938101 -0.11000892]]
U = [[ 0.15501361 -0.12860672  0.186279   -0.11341944  0.16190722]
 [-0.12349053  0.1610844   0.18966624  0.1747238   0.00346911]
 [ 0.19725184  0.00360512  0.14098313  0.15625044  0.07962518]
 [ 0.14236642  0.18331373 -0.00706001 -0.00505774  0.20747335]
 [-0.26125017  0.15987159  0.29523815  0.2043951   0.00698697]]
Matrix Pair 47; W = [[-0.08135928  0.07539505  0.14416457  0.07146357 -0.09175018]
 [ 0.11689485 -0.21224556 -0.17476062 -0.11073403  0.22059228]
 [-0.02188743  0.05151463 -0.04427519  0.02012787  0.15499177]
 [-0.04702816 -0.07602277 -0.00431726  0.02971722  0.07604217]
 [-0.1703944  -0.13966265  0.06163993  0.08914648 -0.10738632]]
U = [[ 0.13816977 -0.11352526  0.18174629 -0.13510783  0.2223106 ]
 [-0.14060545  0.07218035  0.18912417  0.24827146  0.05617295]
 [ 0.19053105  0.05447049  0.17619532  0.12918955  0.09822525]
 [ 0.16210078  0.18512837  0.02082743  0.0080335   0.17729266]
 [-0.24695582  0.15798257  0.30328238  0.17826829  0.00053013]]
Matrix Pair 48; W = [[-0.02048051  0.05021852  0.1866186   0.06886125 -0.13490675]
 [ 0.06663265 -0.21711623 -0.1225727  -0.14267857  0.18436768]
 [ 0.03161669  0.0734924   0.01620823  0.02230638  0.20789814]
 [ 0.0083853  -0.1106925   0.07617443  0.07152395  0.06626672]
 [-0.10632946 -0.08862009  0.02215676  0.12375732 -0.03169853]]
U = [[ 0.1080362  -0.09057654  0.09603482 -0.10045934  0.11697509]
 [-0.19475654  0.16742667  0.10246757  0.13164816  0.02356246]
 [ 0.25164097  0.06797854  0.16630913  0.1443784   0.11427934]
 [ 0.07121216  0.198558    0.06841707  0.01400411  0.17212215]
 [-0.13156626  0.23330269  0.27111351  0.21907247 -0.05641973]]
Matrix Pair 49; W = [[ 0.03796123  0.03520431  0.13148472  0.03709213 -0.04181123]
 [ 0.04252787 -0.22204537 -0.11141822 -0.15730302  0.14708057]
 [ 0.02105701  0.00671155  0.01462345 -0.01130375  0.22260604]
 [-0.00999091 -0.11099566  0.06339617  0.07423041  0.05928256]
 [-0.11805501 -0.07378465  0.08618735  0.11538065 -0.08607136]]
U = [[ 0.10835637 -0.13121305  0.10983467 -0.10375336  0.16904122]
 [-0.17885432  0.14537999  0.10861917  0.16020127  0.05217532]
 [ 0.22300353  0.05662301  0.13651719  0.16211259  0.09178342]
 [ 0.12369579  0.16274622  0.12177732  0.00039895  0.1723861 ]
 [-0.20001536  0.21445025  0.28384883  0.23120259 -0.03023053]]
Matrix Pair 50; W = [[ 0.0257143  -0.00143577  0.18769287  0.0846187  -0.07944843]
 [ 0.09966804 -0.29969569 -0.11462694 -0.1892495   0.13717973]
 [-0.01542686  0.03789327 -0.06945461 -0.01099061  0.22931138]
 [-0.01203421 -0.1091851   0.04671853  0.09169324  0.05047082]
 [-0.0841002  -0.05984137  0.07385962  0.07939008 -0.09816034]]
U = [[ 0.07034787 -0.13121064  0.1186144  -0.07992312  0.15748979]
 [-0.14938979  0.12288918  0.14268828  0.1822177   0.0725079 ]
 [ 0.20751387  0.09601103  0.17254213  0.09146372  0.10524304]
 [ 0.0937292   0.22587197  0.06331785 -0.01519624  0.11012339]
 [-0.16402711  0.14166788  0.28000148  0.22888791 -0.03586932]]
Matrix Pair 51; W = [[ 0.02486869  0.01118295  0.18636229  0.05968836 -0.05382019]
 [ 0.09660058 -0.27541642 -0.07602749 -0.151874    0.18049012]
 [ 0.00153794 -0.00385293 -0.00446396 -0.01778121  0.17281067]
 [ 0.00514632 -0.08241437  0.01556007  0.05592489  0.0846813 ]
 [-0.08918234 -0.12958384  0.00932659  0.13626123 -0.0800956 ]]
U = [[ 0.11507365 -0.11602152  0.15628819 -0.12855409  0.17419389]
 [-0.17654407  0.1665829   0.12911806  0.14559174  0.07777836]
 [ 0.19138142  0.1056373   0.10983497  0.092788    0.09454615]
 [ 0.06388563  0.17617636  0.10822411  0.07146188  0.15624757]
 [-0.13414289  0.16302277  0.24412064  0.15984777 -0.03533149]]
Matrix Pair 52; W = [[-0.08735706  0.08719756  0.14738546  0.09096834 -0.1330389 ]
 [ 0.14135859 -0.25598724 -0.10263152 -0.18254961  0.26740707]
 [-0.08932871  0.07318588 -0.05629996  0.0298017   0.27593129]
 [-0.07593626 -0.09584478 -0.02873622 -0.01383415  0.0570695 ]
 [-0.14197051 -0.11939233 -0.03831555  0.10928486  0.03971183]]
U = [[ 1.19811920e-01 -6.53150953e-02  1.83145928e-01 -1.43820345e-01
   2.15969466e-01]
 [-2.03224267e-01  6.63030682e-02  2.14573692e-01  1.77531842e-01
   7.73591683e-03]
 [ 2.44337053e-01  1.27073656e-01  1.84325524e-01  2.09870427e-01
   8.38108681e-02]
 [ 5.06270566e-02  1.87720107e-01 -2.50212503e-04  7.65615000e-03
   1.07220932e-01]
 [-2.42010171e-01  1.72279079e-01  2.95870952e-01  1.71976659e-01
  -3.83691570e-02]]
Matrix Pair 53; W = [[-0.09751371  0.05604039  0.13258154  0.06506895 -0.16950406]
 [ 0.09772214 -0.21871366 -0.10947042 -0.20523634  0.19899206]
 [-0.04901752  0.02417586 -0.09716359  0.0509239   0.27900259]
 [-0.10898349 -0.08632589 -0.05334287 -0.03022239  0.0477842 ]
 [-0.05059246 -0.12074507 -0.03061236  0.06638968 -0.00964849]]
U = [[ 0.08889369 -0.05350765  0.17342883 -0.13796309  0.19875604]
 [-0.16674871  0.08107248  0.19446244  0.20731313  0.05897233]
 [ 0.2949731   0.12853432  0.13857194  0.19920562  0.06745333]
 [ 0.11493561  0.26113127  0.0166469   0.04013715  0.11623387]
 [-0.22473447  0.19005856  0.35683461  0.12891024 -0.03954163]]
Matrix Pair 54; W = [[-0.05975427  0.02076389  0.16909457  0.13018319 -0.14307631]
 [ 0.14835521 -0.2520833  -0.10483389 -0.17909005  0.23829292]
 [-0.10418762  0.08122681 -0.07146749  0.04891941  0.26519023]
 [-0.04459824 -0.0847485  -0.03351335  0.02079048  0.08987265]
 [-0.06593617 -0.09958167 -0.02192033  0.07426069  0.03043128]]
U = [[ 0.05991791 -0.07903005  0.15251524 -0.115152    0.2290194 ]
 [-0.15026979  0.07951179  0.21638161  0.15488562  0.04113244]
 [ 0.26977022  0.13426846  0.2219024   0.21025428  0.1231606 ]
 [ 0.09173812  0.24852617  0.03999994  0.06116784  0.12505906]
 [-0.24021606  0.11734566  0.29483631  0.18440472 -0.02973927]]
Matrix Pair 55; W = [[-0.09769251  0.02654778  0.1991252   0.10546159 -0.15422427]
 [ 0.16056648 -0.19357984 -0.0969796  -0.17502876  0.28004677]
 [-0.06370446  0.04389118 -0.01020767  0.04634298  0.19432765]
 [-0.04840242 -0.06719428 -0.08183511  0.03573069  0.06240092]
 [-0.08795716 -0.1028115   0.036792    0.09723098  0.03556621]]
U = [[ 0.06932835 -0.08385747  0.17961209 -0.14005913  0.22526989]
 [-0.18336362  0.07313588  0.16416487  0.19181429  0.05976276]
 [ 0.29460871  0.05920032  0.18209585  0.12472576  0.15194053]
 [ 0.12482388  0.24695955 -0.00280213  0.03079543  0.05995955]
 [-0.19256992  0.12189714  0.30439382  0.16388431 -0.00533582]]
Matrix Pair 56; W = [[-0.07305714  0.04894318  0.11274377  0.0639059  -0.08528785]
 [ 0.10255028 -0.2320559  -0.02559489 -0.0721214   0.21734732]
 [-0.03528724  0.09809742 -0.0661485  -0.09944815  0.25135295]
 [ 0.07148682 -0.08546947  0.05468151 -0.00707517  0.03836623]
 [-0.17033219 -0.17922949  0.05029303  0.08050766 -0.07114719]]
U = [[ 0.08666202 -0.09957951  0.12651844 -0.07052409  0.19585375]
 [-0.17678818  0.137886    0.15404162  0.19169854  0.06271253]
 [ 0.22264361  0.09538823  0.17189654  0.1874869   0.0570539 ]
 [ 0.09526233  0.21525922  0.00189326  0.00294683  0.1175915 ]
 [-0.20580273  0.20767485  0.25773992  0.13598747  0.02242693]]
Matrix Pair 57; W = [[-0.06848199  0.05105594  0.19884978  0.0481606  -0.05618229]
 [ 0.02382685 -0.24159674 -0.08897039 -0.10595682  0.13929074]
 [ 0.02120069  0.05003563  0.03191019 -0.01322579  0.25086978]
 [-0.00788169 -0.02808464 -0.00186101  0.0016233   0.02226564]
 [-0.17984095 -0.18698747  0.02150713  0.09714827 -0.05784953]]
U = [[ 0.09994432 -0.08624832  0.17695035 -0.08123796  0.17264958]
 [-0.14046608  0.16953141  0.17810821  0.14325582  0.00052351]
 [ 0.17792055  0.05511719  0.22671658  0.1848131   0.10484396]
 [ 0.11026424  0.16629528  0.08232767 -0.06194773  0.06036562]
 [-0.16250378  0.22287931  0.29981589  0.14959908 -0.00781928]]
Matrix Pair 58; W = [[-0.03625956  0.02296101  0.19111407  0.01165512 -0.04745457]
 [ 0.03891376 -0.3118006  -0.09071334 -0.13212473  0.20607648]
 [-0.06023118  0.00738121 -0.03499473 -0.02345481  0.1886259 ]
 [ 0.07617328 -0.11043282 -0.00361985 -0.0005039   0.06589912]
 [-0.12005138 -0.1256481   0.06677181  0.07775448 -0.01311671]]
U = [[ 0.10746266 -0.04298237  0.15421278 -0.00224426  0.16408195]
 [-0.11549471  0.16043936  0.13405823  0.17464565  0.06776042]
 [ 0.20366861  0.06383774  0.19991237  0.16816607  0.12934272]
 [ 0.10587968  0.19250766  0.02470158 -0.05390035  0.11618815]
 [-0.17895108  0.20886399  0.33137308  0.14096715  0.03455679]]
Matrix Pair 59; W = [[-0.08927473  0.04979416  0.18736985  0.07435419 -0.03318995]
 [ 0.05701126 -0.23973119 -0.0060715  -0.15854703  0.13264709]
 [-0.05523554  0.06580483 -0.04142609 -0.08469233  0.24409182]
 [ 0.00091756 -0.05212436 -0.00881751  0.02559154  0.0263265 ]
 [-0.10019446 -0.12314678  0.01322145  0.0750021  -0.09584843]]
U = [[ 0.07198494 -0.10256872  0.1608356  -0.04911871  0.17591748]
 [-0.18187758  0.09625956  0.19860937  0.17914823  0.03073327]
 [ 0.21652936  0.05940726  0.19869744  0.15595153  0.05650661]
 [ 0.08341118  0.24903036  0.00460971 -0.03602896  0.14583457]
 [-0.15519366  0.21813289  0.30292378  0.17277986 -0.03609367]]
Matrix Pair 60; W = [[-0.17357079  0.0695499   0.15822446 -0.01108834 -0.12755906]
 [ 0.13533604 -0.24989731 -0.06910032 -0.15091698  0.23500559]
 [-0.06266593  0.07595364 -0.22316898 -0.03154088  0.1468358 ]
 [ 0.10446418 -0.13477664 -0.11611637 -0.0487953   0.07381662]
 [-0.12378171 -0.05214846  0.05872047  0.12541768  0.0113357 ]]
U = [[ 0.14349527 -0.06209835  0.22416409 -0.07304256  0.18866809]
 [-0.20919519  0.12642807  0.11429831  0.23848325  0.12751023]
 [ 0.25193646  0.01858914  0.17203112  0.07391078  0.00897926]
 [ 0.1459172   0.22035102 -0.00071352 -0.03690226  0.2110765 ]
 [-0.21280018  0.13781605  0.38079213  0.13513362 -0.0283703 ]]
Matrix Pair 61; W = [[-0.10937128  0.07746396  0.09264525 -0.00267492 -0.15182982]
 [ 0.17364401 -0.18441475 -0.03439553 -0.13779367  0.18062898]
 [-0.1193483   0.05850939 -0.14789854 -0.09309971  0.18653828]
 [ 0.01784406 -0.14034692 -0.10786957 -0.01420424  0.07192818]
 [-0.15095331 -0.13754482  0.09386071  0.10516597 -0.03432304]]
U = [[ 0.08079824 -0.09548685  0.23184687 -0.12391242  0.1982902 ]
 [-0.19361701  0.0910889   0.15867728  0.16900148  0.07378731]
 [ 0.24146478 -0.00360976  0.1701965   0.07083062  0.0101987 ]
 [ 0.19592584  0.15436647  0.01728607 -0.01649782  0.14775781]
 [-0.19536986  0.20560512  0.32992167  0.18668984  0.00538725]]
Matrix Pair 62; W = [[-0.09952027  0.07386498  0.13631395  0.01046463 -0.16458171]
 [ 0.12097594 -0.24668644 -0.08800315 -0.09615942  0.18653459]
 [-0.04325866  0.01749576 -0.13739234 -0.10198802  0.21587583]
 [ 0.03363507 -0.08124947 -0.08778033 -0.01313551  0.12050503]
 [-0.21507582 -0.12506331  0.01935689  0.10083075 -0.04771753]]
U = [[ 0.11058893 -0.109525    0.20304093 -0.09784435  0.23552119]
 [-0.18768387  0.10639696  0.13355998  0.15360446  0.07803924]
 [ 0.18831985  0.02979604  0.12676157  0.13476254 -0.01408607]
 [ 0.14059228  0.23494742  0.06131918  0.0228878   0.20108628]
 [-0.13427901  0.21624726  0.37253518  0.18426995 -0.01724207]]
Matrix Pair 63; W = [[-0.11611524  0.08208117  0.13021387 -0.06064383 -0.1935038 ]
 [ 0.16654028 -0.18896602 -0.02443105 -0.10826829  0.18474189]
 [-0.09696423  0.0922508  -0.20770996 -0.06012829  0.13732166]
 [ 0.05803029 -0.04881714 -0.10933566 -0.02327175  0.134633  ]
 [-0.21814554 -0.08733105 -0.00062523  0.08584734 -0.02768715]]
U = [[ 0.06008918 -0.1118736   0.24632274 -0.09838272  0.1786395 ]
 [-0.24906895  0.11442484  0.12636808  0.23131236  0.09819603]
 [ 0.22876353  0.03087308  0.08342668  0.06594219  0.03827813]
 [ 0.14321036  0.16219028  0.03914205  0.00117333  0.16424917]
 [-0.15490851  0.17816643  0.38276524  0.18312907 -0.03762645]]
