Epoch: 84Matrix Pair 0; W = [[-0.01153514  0.12525894  0.17653304  0.06143987 -0.05165332]
 [ 0.14318094 -0.22631249 -0.11583552 -0.06682286  0.22002542]
 [-0.13401711 -0.00991985 -0.05820008 -0.02729029  0.22184815]
 [-0.00149838 -0.09804159  0.05462923  0.07642325 -0.0578634 ]
 [-0.18748221 -0.16409433 -0.01259703  0.09660415  0.04576258]]
U = [[ 0.08981491 -0.16712548  0.10839214 -0.06629274  0.22661827]
 [-0.09762346  0.11923481  0.15056797  0.20136733 -0.07316593]
 [ 0.31217865 -0.01806573  0.16263758  0.21936954  0.21295136]
 [ 0.02816736  0.14384908  0.02239511  0.00517565  0.06950901]
 [-0.29281956  0.24246679  0.39065799  0.14997456 -0.04605386]]
Matrix Pair 1; W = [[-0.03361181  0.1440282   0.14559103  0.12049518 -0.09362902]
 [ 0.09000339 -0.27679047 -0.12200441 -0.06704779  0.16685314]
 [-0.08326449 -0.01785985 -0.02953251  0.03827356  0.25586689]
 [ 0.0464928  -0.09642792  0.01989181  0.01462099 -0.06901543]
 [-0.15440244 -0.22738821  0.05445048  0.13897198  0.01909112]]
U = [[ 0.06483867 -0.16527601  0.08754894 -0.12750935  0.27941255]
 [-0.11013609  0.03359363  0.15079993  0.13533556 -0.04733277]
 [ 0.27858324  0.04209502  0.1405752   0.18070821  0.21570558]
 [ 0.00905603  0.21907727 -0.00602626  0.05329     0.01695178]
 [-0.27867901  0.17061009  0.39176955  0.19292621  0.00135346]]
Matrix Pair 2; W = [[-0.08790807  0.06738312  0.20310201  0.08788553 -0.0632503 ]
 [ 0.1779869  -0.20161996 -0.09310108 -0.12187348  0.21036231]
 [-0.04144541 -0.02181707 -0.08455061  0.04508028  0.19852188]
 [ 0.04055188 -0.03922175  0.0871678   0.00784281 -0.01828458]
 [-0.12218104 -0.23460592  0.00822182  0.11479946 -0.01011815]]
U = [[ 0.09954184 -0.17015103  0.10567066 -0.15765061  0.28294949]
 [-0.10097845  0.04828568  0.1023471   0.12271779 -0.07328495]
 [ 0.22229469  0.0498683   0.08719236  0.16403307  0.17135859]
 [ 0.02441562  0.18152983 -0.00995945  0.06467261  0.03329711]
 [-0.28554993  0.16181798  0.38428855  0.22465816 -0.01956651]]
Matrix Pair 3; W = [[-0.04290548  0.07469262  0.19465893  0.1328816  -0.1004493 ]
 [ 0.16871086 -0.20480124 -0.04894544 -0.06581061  0.18870239]
 [-0.07097967 -0.00217883 -0.05746357  0.05946243  0.28491236]
 [ 0.04889139 -0.11836971  0.07470073  0.09769765 -0.02067873]
 [-0.18087704 -0.25806214  0.05235962  0.13112568 -0.00096229]]
U = [[ 0.03633937 -0.16618255  0.09166414 -0.11543807  0.32169313]
 [-0.15442384  0.0350794   0.1693358   0.11247085 -0.05114854]
 [ 0.24377001 -0.02198411  0.11379035  0.22398932  0.21496116]
 [ 0.01054194  0.14063637  0.0231418   0.0397303   0.00398674]
 [-0.26998838  0.2375386   0.34553732  0.16440498 -0.0503885 ]]
Matrix Pair 4; W = [[-0.06202781  0.04384621  0.18878711  0.09931033 -0.07635094]
 [ 0.16083043 -0.21140445 -0.11226281 -0.08667413  0.12680284]
 [-0.12296307  0.04622915 -0.07841779 -0.02454456  0.28115803]
 [-0.06916151 -0.01535993  0.03956013 -0.00974543 -0.02657572]
 [-0.25563595 -0.10658246 -0.03823861  0.10600079 -0.03784059]]
U = [[ 0.09028334 -0.15352196  0.09429052 -0.03580068  0.2916652 ]
 [-0.13252313  0.10882809  0.19006446  0.03092257 -0.0372859 ]
 [ 0.35647586 -0.01629396  0.05633611  0.12204365  0.11379976]
 [ 0.04438632  0.10216311  0.06689919  0.01431447 -0.00383655]
 [-0.3271361   0.15692438  0.3331826   0.17723466 -0.04491026]]
Matrix Pair 5; W = [[-0.05851937  0.0494757   0.14668987  0.13139092 -0.06270647]
 [ 0.1442268  -0.25552972 -0.06980582 -0.10233294  0.17014682]
 [-0.07996472  0.08576904 -0.05552943 -0.03964382  0.29055904]
 [-0.00210446 -0.04932684  0.07929003 -0.05076884  0.0106741 ]
 [-0.200692   -0.15338635 -0.00036976  0.19757674 -0.08581635]]
U = [[ 0.06467064 -0.09717594  0.1126227  -0.03689065  0.21865404]
 [-0.17308486  0.03988089  0.12224429  0.06295866 -0.02203225]
 [ 0.36683991  0.02087561  0.12482385  0.0790681   0.1455893 ]
 [ 0.05263501  0.066363    0.06462109 -0.00644142  0.0090617 ]
 [-0.24002379  0.21101785  0.26073347  0.21736189  0.00489102]]
Matrix Pair 6; W = [[-0.03297877  0.10011268  0.14018233  0.15026874 -0.0721026 ]
 [ 0.09276289 -0.24181498 -0.02099399 -0.07193027  0.20085931]
 [-0.13320741  0.12204065 -0.08307719 -0.0231123   0.28319858]
 [-0.05601064 -0.01587318  0.03434792 -0.02375827  0.00660027]
 [-0.20691685 -0.19325062  0.01946952  0.14319192 -0.07636779]]
U = [[ 0.08633063 -0.14781639  0.08950596 -0.10747406  0.22205103]
 [-0.1850837   0.08255395  0.19217793  0.06090671  0.0266172 ]
 [ 0.32798808  0.02554353  0.11081699  0.10906012  0.10956706]
 [ 0.05940613  0.09663237  0.10935389  0.04402387  0.00929506]
 [-0.32357723  0.22810945  0.26616407  0.14349016 -0.04289782]]
Matrix Pair 7; W = [[-0.00557509  0.10397555  0.18955336  0.1650272  -0.02274482]
 [ 0.14505139 -0.1969599  -0.07659615 -0.09058446  0.1618349 ]
 [-0.03814525  0.07277711 -0.05213172 -0.05818745  0.22735149]
 [-0.01414433 -0.04929746  0.07972002 -0.01023824 -0.01695824]
 [-0.22272423 -0.17319456  0.03349859  0.18048768 -0.05345629]]
U = [[ 0.05962865 -0.17207231  0.08437133 -0.0530343   0.23193166]
 [-0.10097133  0.08022348  0.14601126  0.04822939 -0.04030764]
 [ 0.3095877  -0.02755289  0.08369228  0.12289127  0.09320623]
 [ 0.0283754   0.15773516  0.03493517  0.04617481  0.01486943]
 [-0.29943836  0.17692202  0.33302778  0.14632255 -0.0326175 ]]
Matrix Pair 8; W = [[-0.04743674  0.00124998  0.19423453  0.04100076 -0.14739201]
 [ 0.17332921 -0.16857968  0.00835337 -0.06250896  0.17686877]
 [-0.06326326 -0.0280541  -0.14400904  0.04416292  0.20111539]
 [ 0.01990761 -0.14569841  0.02925098 -0.00605132 -0.02314095]
 [-0.11995727 -0.27491847 -0.01014038  0.15989167 -0.06062587]]
U = [[ 0.05624318 -0.10714075  0.17496617 -0.01281376  0.21366476]
 [-0.23185393  0.16246409  0.16850136  0.18331816  0.0397524 ]
 [ 0.31599056  0.01933075  0.06709169  0.1348582   0.17400016]
 [ 0.06635507  0.15543897  0.05829929  0.01537167  0.01917493]
 [-0.27585273  0.19629846  0.32887345  0.10784766 -0.00088657]]
Matrix Pair 9; W = [[-0.07110517  0.02052163  0.22543808  0.04863384 -0.11264922]
 [ 0.20710315 -0.16231545 -0.08667105 -0.04718355  0.20497072]
 [-0.09430854 -0.05487603 -0.07704174  0.05027194  0.25198564]
 [ 0.03139865 -0.0884998   0.02429064 -0.068056   -0.00572298]
 [-0.14181908 -0.24198636 -0.05843487  0.12787361  0.01580423]]
U = [[ 0.05764597 -0.13508413  0.14754292 -0.06150855  0.26374126]
 [-0.16040773  0.08112364  0.11288916  0.22457588 -0.01191999]
 [ 0.25587965  0.04814807  0.04843864  0.16072495  0.18967864]
 [ 0.04393397  0.22234147  0.02324742 -0.02379861  0.02614303]
 [-0.30566458  0.22298819  0.30274375  0.14671209 -0.04118471]]
Matrix Pair 10; W = [[-0.06407077 -0.00311209  0.16566756  0.08542953 -0.09271765]
 [ 0.13795398 -0.24986792 -0.03727553 -0.08937161  0.19068238]
 [-0.06275066 -0.03410996 -0.07581407  0.03475307  0.24706749]
 [ 0.05326586 -0.14128059  0.07089915 -0.01356698  0.02269939]
 [-0.16633723 -0.26063397  0.02574666  0.17543914 -0.00534469]]
U = [[ 0.09405968 -0.12642722  0.12605533 -0.05937627  0.28289737]
 [-0.18555785  0.14999537  0.13037732  0.24456245  0.05687773]
 [ 0.31007982  0.090999    0.03933403  0.13169459  0.13313449]
 [-0.01666957  0.20689886  0.03267127  0.0069253   0.05762554]
 [-0.32248694  0.18695744  0.31342107  0.19518804  0.02996531]]
Matrix Pair 11; W = [[-0.12715831 -0.01797382  0.21094971  0.10788754 -0.10294704]
 [ 0.15730182 -0.25109989  0.00257801 -0.06144813  0.17630296]
 [-0.01216655 -0.04028914 -0.08546849  0.05792175  0.17855862]
 [ 0.04299414 -0.08691406  0.04091434 -0.02917683 -0.02993896]
 [-0.11376618 -0.22738856  0.02872218  0.13640418  0.01273986]]
U = [[ 0.02448895 -0.18453225  0.13035586 -0.10647272  0.23833798]
 [-0.15260745  0.17586515  0.1507617   0.16745231  0.01679432]
 [ 0.33201726  0.03900104  0.1305817   0.14786417  0.15546783]
 [ 0.03890271  0.19297761  0.09448011  0.02720896  0.06993061]
 [-0.30239015  0.20418523  0.2874314   0.10973518 -0.03068976]]
Matrix Pair 12; W = [[-0.086703    0.04146968  0.0528668   0.08818486 -0.03404143]
 [ 0.10285646 -0.20225515 -0.08662123 -0.12472573  0.15916018]
 [-0.11466466 -0.00355429 -0.06523896  0.00955575  0.28435837]
 [-0.06657736 -0.13130956  0.12596693 -0.04660478  0.03745907]
 [-0.10649888 -0.09408842 -0.01955144  0.03744202 -0.07588314]]
U = [[ 0.04906691 -0.09601656  0.16072256 -0.10575574  0.1807604 ]
 [-0.13377029  0.07207853  0.1132351   0.2002162  -0.0300308 ]
 [ 0.29057647 -0.03325449  0.07423619  0.21377681  0.14074049]
 [ 0.12034889  0.24156154  0.01187272  0.03626026  0.09428863]
 [-0.26266603  0.15807501  0.42694374  0.12925331  0.10305307]]
Matrix Pair 13; W = [[-0.11262913  0.08479304  0.12696835  0.06428247 -0.10526168]
 [ 0.08018734 -0.2316894  -0.09252091 -0.07105818  0.2270213 ]
 [-0.07877332  0.06171237 -0.13769102  0.05162755  0.25728426]
 [-0.01056176 -0.11820382  0.08528256 -0.02415468 -0.03709931]
 [-0.09588491 -0.17751564 -0.01486482  0.07422832 -0.03667733]]
U = [[ 0.03292023 -0.18142218  0.14951143 -0.03693103  0.2082805 ]
 [-0.07409192  0.113331    0.05978906  0.16291142  0.02578287]
 [ 0.28203416 -0.03312191  0.08827043  0.14876602  0.12374634]
 [ 0.13873261  0.25817576  0.07296388  0.02118748  0.09536019]
 [-0.2686736   0.24945224  0.39880738  0.09245942  0.06570387]]
Matrix Pair 14; W = [[-0.01941737  0.10616343  0.1201262   0.03829347 -0.07540504]
 [ 0.04912591 -0.1842036  -0.10435678 -0.09379627  0.20957412]
 [-0.08234355  0.00587636 -0.11344125  0.01056073  0.24557929]
 [-0.03709511 -0.11361971  0.11454574  0.01635293  0.00088526]
 [-0.17301745 -0.11736054 -0.01484485  0.10463955 -0.00711296]]
U = [[ 5.81978070e-02 -1.71357529e-01  1.12308407e-01 -3.77756219e-02
   2.44345796e-01]
 [-1.25419514e-01  3.58445708e-02  1.01821950e-01  2.28477165e-01
  -1.57424758e-02]
 [ 2.81042647e-01 -5.41847194e-02  3.03856923e-02  2.23846155e-01
   1.03988860e-01]
 [ 1.50975793e-01  1.77283812e-01  4.00116560e-02  1.29494583e-02
   3.11856633e-04]
 [-2.40611548e-01  2.02827540e-01  3.81441100e-01  1.86013700e-01
   1.39687250e-01]]
Matrix Pair 15; W = [[-0.06951477  0.06425138  0.06488538  0.0489523  -0.0434047 ]
 [ 0.13328126 -0.25920082 -0.12446996 -0.06757398  0.16347374]
 [-0.05130332  0.04820275 -0.0606069   0.02881643  0.24909739]
 [-0.00430558 -0.04886869  0.03587319 -0.02599893  0.00268545]
 [-0.16091797 -0.15819329  0.04789005  0.11740255 -0.08135217]]
U = [[ 0.02903382 -0.12744784  0.15213369 -0.08143307  0.22867019]
 [-0.14710054  0.08038406  0.11761313  0.19323083 -0.01499716]
 [ 0.26891863 -0.09538866  0.02719393  0.21953107  0.1451123 ]
 [ 0.14470276  0.25240742  0.06586468  0.01981487  0.09029646]
 [-0.26505953  0.2340439   0.39160606  0.14182825  0.07845504]]
Matrix Pair 16; W = [[-0.09598601  0.14075771  0.12759892  0.10571693 -0.09635713]
 [ 0.13939114 -0.19644519 -0.10973233 -0.06417765  0.13613835]
 [-0.08726916  0.06580199 -0.11235472 -0.00923431  0.2751967 ]
 [-0.06288417 -0.04729029  0.08926482 -0.01478735 -0.00408645]
 [-0.17286222 -0.09873516  0.05266353  0.10569962 -0.03902556]]
U = [[ 0.06541815 -0.04899962  0.044444   -0.06299781  0.24290825]
 [-0.20713783  0.00240514  0.10992388  0.1132093   0.05095797]
 [ 0.34378812 -0.04282135  0.11228709  0.1032653   0.14183447]
 [ 0.07249074  0.14042284  0.04736578  0.00185427  0.01662312]
 [-0.22299414  0.24993497  0.29094335  0.1699273   0.0075576 ]]
Matrix Pair 17; W = [[-0.08569913  0.1348403   0.12754195  0.07326997 -0.13200009]
 [ 0.11444047 -0.18443037 -0.11747255 -0.03936897  0.14030297]
 [-0.07473221  0.03931799 -0.07755856  0.00538037  0.19747174]
 [-0.11776008 -0.10994133  0.05235773  0.01343479 -0.01958632]
 [-0.19575093 -0.09412464  0.05098905  0.06760274 -0.02035113]]
U = [[ 0.06708881 -0.08950088  0.0423433  -0.07643867  0.27894853]
 [-0.15987864  0.06919831  0.13386949  0.07125807 -0.00857391]
 [ 0.34918584 -0.02823206  0.14403698  0.1281868   0.08555417]
 [ 0.11060079  0.19631171  0.03177423  0.01455023  0.03163324]
 [-0.26979716  0.188478    0.26702084  0.14756253  0.07608661]]
Matrix Pair 18; W = [[-0.08633771  0.08549346  0.09476571  0.1107687  -0.07713202]
 [ 0.09036503 -0.22017181 -0.1265185  -0.11844442  0.14865322]
 [-0.02904657  0.03169129 -0.11637169 -0.0064067   0.24995875]
 [-0.03321502 -0.09970152  0.01478364  0.02155124  0.01177845]
 [-0.15882116 -0.08739252 -0.02455978  0.11375478 -0.01556414]]
U = [[-0.01171681 -0.07299678  0.07920105 -0.06706715  0.26563093]
 [-0.13761782  0.0417482   0.16700225  0.10367685 -0.02615499]
 [ 0.28963531  0.04204967  0.08271528  0.16163093  0.06741913]
 [ 0.12545286  0.15453351  0.1280805  -0.03995489  0.06312883]
 [-0.27424865  0.19925559  0.32511618  0.14031626  0.00569161]]
Matrix Pair 19; W = [[-0.01228979  0.09188935  0.15831372  0.11643903 -0.08257089]
 [ 0.08719975 -0.18541951 -0.08960262 -0.10575386  0.21249233]
 [-0.05333314  0.02667041 -0.07099559  0.04071026  0.21400378]
 [-0.06521621 -0.04986235  0.07830971 -0.01782189  0.0114482 ]
 [-0.22434778 -0.12675625  0.03359123  0.11781029 -0.00399801]]
U = [[ 0.02759267 -0.08037793  0.11201873 -0.13123592  0.28713101]
 [-0.1657935   0.00898412  0.13941685  0.14460907 -0.0034178 ]
 [ 0.3055141  -0.05495825  0.10510168  0.16198272  0.07690075]
 [ 0.11454476  0.15807709  0.05015125 -0.0022221  -0.00952988]
 [-0.22028438  0.21734114  0.29897408  0.15364118 -0.00286951]]
Matrix Pair 20; W = [[-0.09269687  0.04560108  0.17179038  0.04805336 -0.10683095]
 [ 0.11572243 -0.17599758 -0.06050604 -0.12791457  0.18447558]
 [-0.07251871  0.09305012 -0.14322102  0.06227338  0.28424666]
 [-0.00332146 -0.11515786 -0.00881679  0.0805092  -0.03559149]
 [-0.19996731 -0.16555631  0.06907582  0.07561122 -0.02821675]]
U = [[-0.05941124 -0.11612756  0.12342872 -0.11923978  0.25911505]
 [-0.13536477  0.0848416   0.14991161  0.14326785 -0.01491131]
 [ 0.26651259  0.04471258  0.16361259  0.17518056  0.10235389]
 [ 0.15892326  0.11648931  0.14278649  0.02825997  0.05020239]
 [-0.19804272  0.18251856  0.26652658  0.22774094  0.08753521]]
Matrix Pair 21; W = [[-0.06466179  0.05016528  0.18266032  0.04835174 -0.09495959]
 [ 0.13910932 -0.26063727 -0.07932211 -0.10230065  0.12444811]
 [ 0.00111765  0.00608319 -0.05956651  0.01486147  0.28298664]
 [-0.04256755 -0.14914596  0.02994579  0.01355217 -0.03955574]
 [-0.21817917 -0.1377228   0.04811693  0.11942935  0.00661259]]
U = [[ 0.02082516 -0.16170959  0.11624331 -0.09890366  0.28145849]
 [-0.11214488  0.14328799  0.14728618  0.14995133 -0.00674459]
 [ 0.27497847  0.11666221  0.106152    0.13186645  0.15031688]
 [ 0.17946047  0.10451669  0.06635061 -0.03126088  0.08691393]
 [-0.19023076  0.2041575   0.28117783  0.23573565 -0.00156276]]
Matrix Pair 22; W = [[-0.00601181  0.09383492  0.14629434  0.08055771 -0.0579199 ]
 [ 0.13680419 -0.24494198 -0.08975786 -0.12128299  0.15963513]
 [-0.03875823  0.06189794 -0.127973    0.01682068  0.2137274 ]
 [-0.00211645 -0.11087285  0.04016914  0.06564324 -0.02303864]
 [-0.17756305 -0.11005351  0.03579218  0.07721362 -0.05190392]]
U = [[-0.04807028 -0.10776478  0.13906753 -0.07303669  0.2410437 ]
 [-0.10173455  0.07384775  0.16171192  0.14296785  0.04046903]
 [ 0.28717159  0.03015599  0.12019797  0.18665319  0.16160458]
 [ 0.15543239  0.12231308  0.13645972  0.01301985  0.03188174]
 [-0.26702494  0.21421167  0.28169686  0.21268844  0.06172955]]
Matrix Pair 23; W = [[-0.00921998  0.11977426  0.12129667  0.03736031 -0.11073604]
 [ 0.11749169 -0.18402212 -0.11007645 -0.18055145  0.17280484]
 [-0.05543111  0.04725854 -0.11328978  0.07514509  0.27841302]
 [-0.0353497  -0.1016405   0.02297304  0.09018862 -0.02100614]
 [-0.13990088 -0.10863187  0.10399979  0.11135856 -0.04575122]]
U = [[-0.04260855 -0.1623265   0.14768082 -0.08979401  0.27906548]
 [-0.14925072  0.11730709  0.19989185  0.16604262  0.00807045]
 [ 0.34944908  0.09532759  0.12416863  0.16304885  0.12105353]
 [ 0.14769782  0.09287818  0.07866439  0.054523    0.03522894]
 [-0.21958421  0.18639047  0.3223612   0.19095049 -0.00808643]]
Matrix Pair 24; W = [[-0.09934614 -0.01103992  0.13557309  0.11680026 -0.11304707]
 [ 0.16666796 -0.19302756 -0.11339633 -0.12018587  0.17002991]
 [-0.08763521  0.03478576 -0.10098832  0.01973621  0.23268005]
 [ 0.03312084 -0.12350344  0.07048005  0.01429221 -0.01608995]
 [-0.1440941  -0.16196711  0.00567058  0.12035415 -0.08481639]]
U = [[ 0.00906266 -0.0884595   0.13258909 -0.07448068  0.22017489]
 [-0.10581813  0.12440289  0.10520593  0.12957048 -0.00333692]
 [ 0.33004294 -0.00238971  0.06905378  0.16226127  0.12831836]
 [ 0.13347377  0.18165193  0.03552007  0.06579016  0.08329392]
 [-0.23401208  0.22083983  0.35456541  0.16056303  0.12370316]]
Matrix Pair 25; W = [[-0.05144709  0.05612481  0.11914711  0.05205807 -0.04158612]
 [ 0.12154044 -0.19354603 -0.10264711 -0.1009261   0.15139387]
 [-0.06652798  0.09265456 -0.03241104 -0.0195075   0.26027676]
 [ 0.00272614 -0.10634357  0.03024769 -0.02741696 -0.05022772]
 [-0.14420945 -0.15221815  0.00892341  0.15636719 -0.02659517]]
U = [[-0.01306684 -0.13725193  0.10754634 -0.0604886   0.29841422]
 [-0.15603638  0.06978969  0.13847983  0.19716198 -0.0496555 ]
 [ 0.33136318 -0.01006647  0.05011565  0.10874702  0.13231828]
 [ 0.07329718  0.19252938  0.08150421  0.0093965   0.08779308]
 [-0.23842077  0.16275309  0.41088683  0.19967402  0.05887086]]
Matrix Pair 26; W = [[-0.1079785   0.05716319  0.12500721  0.11907621 -0.11136103]
 [ 0.175614   -0.16479592 -0.12950123 -0.08822141  0.19055321]
 [-0.05373137  0.07105849 -0.09883733  0.04383955  0.24908791]
 [ 0.00253013 -0.07887318  0.02765611  0.00144225 -0.04794099]
 [-0.1918959  -0.16926262 -0.04464643  0.14078783 -0.07396185]]
U = [[ 0.00072859 -0.04542264  0.08867575 -0.10294029  0.2600508 ]
 [-0.11488172  0.04005992  0.15941575  0.14776993  0.02838647]
 [ 0.33098545  0.02211671  0.12912324  0.12770903  0.2053789 ]
 [ 0.15325876  0.12784214  0.02892415  0.03610716  0.06123251]
 [-0.16505264  0.19394921  0.39032314  0.19936572  0.03156315]]
Matrix Pair 27; W = [[-0.0799211   0.06555659  0.11775506  0.07569083 -0.05480266]
 [ 0.0926614  -0.16619474 -0.14411263 -0.1192369   0.16779193]
 [-0.09600427  0.01100569 -0.08982978  0.00102054  0.25130499]
 [-0.05422038 -0.05857194  0.0272636   0.00651321  0.03206037]
 [-0.19288906 -0.13600207 -0.07074962  0.12700759 -0.0340659 ]]
U = [[-0.02128294 -0.09579604  0.12306818 -0.050556    0.20892427]
 [-0.15877445  0.1141632   0.08491899  0.15519582 -0.02602068]
 [ 0.34174782  0.02375261  0.07916577  0.17463512  0.19135655]
 [ 0.15667228  0.15625354  0.08249618  0.09471974  0.08816548]
 [-0.16522583  0.21812649  0.35639571  0.18125684  0.10275398]]
Matrix Pair 28; W = [[-0.03883617  0.05501734  0.17625747  0.05347187 -0.08006295]
 [ 0.16589606 -0.26343653 -0.06069343 -0.13900553  0.18012174]
 [-0.07681241  0.07050215 -0.04837178  0.0188391   0.15094777]
 [ 0.00449903 -0.12247585 -0.02453262 -0.05390383 -0.01575997]
 [-0.22305401 -0.18947128  0.01586765  0.05599982 -0.05951531]]
U = [[ 0.05719091 -0.07536805  0.16019988 -0.03978958  0.24570729]
 [-0.10648115  0.09542837  0.16005577  0.11294943 -0.05250939]
 [ 0.27772546  0.02682941  0.12728125  0.10691753  0.20003599]
 [ 0.11568026  0.10501853 -0.01281069 -0.00064314  0.06343063]
 [-0.27241724  0.20148158  0.28924979  0.25073003  0.09576171]]
Matrix Pair 29; W = [[-0.00711484  0.0933633   0.12286984  0.08634796 -0.06714279]
 [ 0.15810716 -0.21518657 -0.09177437 -0.08938163  0.18747627]
 [-0.07489282 -0.00666549 -0.07215495 -0.006501    0.15684185]
 [-0.01911667 -0.10941161  0.03934918  0.02427243  0.02575377]
 [-0.18561177 -0.18574122  0.05051462  0.05898721 -0.05273337]]
U = [[ 0.06316753 -0.07343029  0.162712   -0.0388748   0.2391995 ]
 [-0.14188925  0.03562397  0.17047581  0.15059553 -0.08158318]
 [ 0.28330506 -0.04673412  0.1697555   0.14678002  0.1815258 ]
 [ 0.11012556  0.1369468   0.00323038 -0.0003879   0.01381064]
 [-0.22637829  0.15788644  0.33917265  0.18118727  0.07118331]]
Matrix Pair 30; W = [[-0.02282431  0.07034704  0.19013105  0.08716289 -0.06580948]
 [ 0.16778818 -0.24749541 -0.02244428 -0.08941068  0.13966305]
 [-0.07138474  0.0279348  -0.05360818  0.04408889  0.21173147]
 [-0.03876426 -0.08254089  0.00946344 -0.03854976  0.02375346]
 [-0.18033182 -0.13594036  0.04978025  0.09739839 -0.03804112]]
U = [[ 0.03313839 -0.04640138  0.17797503 -0.03308658  0.24778644]
 [-0.16484899  0.10693707  0.16515258  0.14817606 -0.06610335]
 [ 0.30095159  0.00800224  0.15064445  0.14205721  0.21047359]
 [ 0.07176049  0.15448403  0.07392687  0.05446028  0.05983702]
 [-0.27098621  0.18754424  0.31776209  0.1839163   0.03342347]]
Matrix Pair 31; W = [[-0.05910147  0.11000669  0.15864457  0.12524706 -0.14212565]
 [ 0.10009875 -0.24760612 -0.050555   -0.11437379  0.12625432]
 [-0.05670966  0.04128781 -0.14169366 -0.02283341  0.21864657]
 [-0.05705472 -0.04795642 -0.04376981 -0.0122514   0.02560441]
 [-0.20914425 -0.12760012  0.03944754  0.11200162 -0.04303222]]
U = [[ 0.01956457 -0.09929699  0.09135206 -0.04366567  0.20029695]
 [-0.15719033  0.06444467  0.12627024  0.10172799 -0.06396951]
 [ 0.34836615  0.00308411  0.12999236  0.1370821   0.21224124]
 [ 0.05684788  0.11267033  0.05814059  0.0635832   0.04625863]
 [-0.28334056  0.24208093  0.30309476  0.17705381 -0.00265488]]
Matrix Pair 32; W = [[-0.07154544  0.07923734  0.07520121  0.07441555 -0.1416811 ]
 [ 0.07222822 -0.26224131 -0.07124164 -0.07543846  0.19275035]
 [-0.04650924  0.0717947  -0.14869023 -0.02521985  0.24807703]
 [-0.03590812 -0.04143695  0.04749582 -0.07054443 -0.0450102 ]
 [-0.19444224 -0.15120612  0.01077949  0.11847353  0.01458248]]
U = [[ 0.0387897  -0.18893532  0.08962739 -0.06005932  0.22603369]
 [-0.11407754  0.10692064  0.07091196  0.24214685 -0.03388169]
 [ 0.25831339 -0.04466324  0.10930652  0.13790914  0.14528176]
 [ 0.16346091  0.2163719   0.08263233  0.04313241 -0.00192563]
 [-0.22843339  0.18215546  0.35545851  0.15219112  0.04704859]]
Matrix Pair 33; W = [[-0.00065549  0.09492437  0.15358541  0.10606772 -0.08779752]
 [ 0.04001522 -0.25599755 -0.13019233 -0.08208784  0.16584079]
 [-0.01628774  0.07617636 -0.15127018 -0.02712618  0.18597684]
 [-0.00490013 -0.10974799  0.05121416 -0.02652583 -0.00586189]
 [-0.21491814 -0.22766668  0.01588953  0.10669083 -0.00133986]]
U = [[ 0.04927284 -0.13598274  0.0830507  -0.08172168  0.21519059]
 [-0.12864614  0.06946144  0.06329866  0.14985962  0.0008514 ]
 [ 0.27523147 -0.0387012   0.10119751  0.1817837   0.15465414]
 [ 0.16858591  0.24090766  0.08698148  0.0474764   0.05057626]
 [-0.23863193  0.20478701  0.37777719  0.20888177  0.09136884]]
Matrix Pair 34; W = [[-0.03320159  0.06009678  0.06754246  0.11900925 -0.12707672]
 [ 0.11681888 -0.24358762 -0.10223265 -0.12896926  0.20453323]
 [-0.05099442  0.06379998 -0.18337033  0.04865934  0.23442466]
 [-0.00791179 -0.08147791 -0.00134502 -0.02158787 -0.06276778]
 [-0.2535059  -0.21961633  0.04517886  0.10033132 -0.0779511 ]]
U = [[ 0.03885157 -0.12137341  0.16341258 -0.0596645   0.20157225]
 [-0.1230024   0.0817781   0.14832805  0.20706402 -0.01669483]
 [ 0.27247291  0.01366651  0.03932305  0.14554971  0.16762094]
 [ 0.08589888  0.2301164   0.0845748   0.04116986 -0.01853535]
 [-0.25175263  0.21736004  0.36604295  0.13848605  0.0500672 ]]
Matrix Pair 35; W = [[-0.06389356  0.05278024  0.15479076  0.11920824 -0.06223315]
 [ 0.12437986 -0.2015971  -0.07472615 -0.07392854  0.20340945]
 [-0.04644478 -0.00541925 -0.09860822  0.01554826  0.21704432]
 [-0.02079296 -0.07953527  0.03101913  0.01866225 -0.07756846]
 [-0.20094902 -0.22313708  0.05847227  0.09359098 -0.06663833]]
U = [[ 0.05548836 -0.18062201  0.13988037 -0.04563679  0.24612256]
 [-0.15358269  0.04262209  0.08625624  0.17896015  0.00503544]
 [ 0.29506313 -0.0395653   0.05360032  0.11706834  0.07926158]
 [ 0.15902349  0.18993916  0.11003059  0.00547679 -0.00323518]
 [-0.2728284   0.18405983  0.38240926  0.19531757  0.02774112]]
Matrix Pair 36; W = [[-0.11609201  0.0199149   0.22592663  0.11538787 -0.08062904]
 [ 0.14905237 -0.20431637 -0.10692959 -0.11482946  0.17899677]
 [-0.15126101  0.05406706 -0.1594632  -0.02084943  0.25294312]
 [-0.05888229 -0.03357731  0.08408793  0.02969723 -0.00848552]
 [-0.18085103 -0.20294529 -0.05151508  0.16868533 -0.03938181]]
U = [[ 0.00419685 -0.13508832  0.16336246 -0.0944418   0.25500644]
 [-0.17544055  0.13240847  0.09679345  0.14874218 -0.01911215]
 [ 0.30510396  0.01693365  0.10914724  0.130755    0.11275062]
 [ 0.06576292  0.15065709  0.02269707 -0.02297834  0.02268924]
 [-0.20418571  0.20588056  0.31867596  0.19095548  0.04857561]]
Matrix Pair 37; W = [[-0.074444    0.06370137  0.1887807   0.07457423 -0.12882505]
 [ 0.17006991 -0.25601158 -0.12303651 -0.08167978  0.26303621]
 [-0.103006    0.08577418 -0.12267166 -0.03340649  0.24448747]
 [-0.0460776  -0.05897286  0.07838978 -0.01893386 -0.02000746]
 [-0.1443093  -0.1949927  -0.01454018  0.11741875  0.00057192]]
U = [[ 0.04248677 -0.10369003  0.19537745 -0.08277601  0.21172887]
 [-0.16613778  0.08782805  0.08849318  0.20483796 -0.05276146]
 [ 0.32684223  0.04158543  0.09081421  0.18441352  0.07339913]
 [ 0.0760144   0.22465534  0.07268642  0.02268551  0.02542468]
 [-0.22410109  0.23944766  0.29357338  0.11424949 -0.00614864]]
Matrix Pair 38; W = [[-0.11389918  0.04613473  0.15750821  0.10277019 -0.15762338]
 [ 0.17236224 -0.17118495 -0.08877065 -0.13379792  0.27706418]
 [-0.15360927  0.07245325 -0.13903097 -0.02367763  0.26985041]
 [ 0.00821457 -0.05735376  0.07423534 -0.02450505  0.02622533]
 [-0.21568298 -0.19542438 -0.01807037  0.15236461 -0.00796988]]
U = [[ 0.0790564  -0.12097582  0.14041513 -0.09902367  0.18523569]
 [-0.10378186  0.17730989  0.1177443   0.18071029  0.00516567]
 [ 0.27590685  0.02876457  0.13906829  0.13114196  0.1051221 ]
 [ 0.08656477  0.13264686  0.08549362  0.00243264  0.03932892]
 [-0.22361886  0.1631954   0.34079747  0.18655745 -0.00039004]]
Matrix Pair 39; W = [[-1.08283980e-01  1.10873058e-02  1.67491586e-01  4.78388178e-02
  -7.11030093e-02]
 [ 1.50638784e-01 -2.02396983e-01 -9.32283138e-02 -1.48058057e-01
   2.65497880e-01]
 [-1.73471630e-01  4.88357597e-02 -1.05675464e-01 -1.88060611e-02
   2.53934854e-01]
 [ 2.43657692e-02 -8.10834114e-02  1.72089065e-04  3.57312959e-02
  -8.42984642e-03]
 [-1.43214951e-01 -1.76995439e-01 -2.43997708e-03  8.93807538e-02
  -4.71737904e-02]]
U = [[ 0.04399016 -0.16900301  0.16411932 -0.11720072  0.21851974]
 [-0.12944758  0.09363306  0.1152905   0.22188916 -0.03769117]
 [ 0.33131849 -0.03159665  0.18745047  0.20675459  0.06355449]
 [ 0.04981987  0.20622707  0.03072961  0.01735351  0.05183146]
 [-0.18925962  0.17049222  0.34314421  0.16817557  0.03438976]]
Matrix Pair 40; W = [[-0.03248722  0.1373647   0.19957209  0.08190499 -0.15265161]
 [ 0.15372809 -0.29123021 -0.10796317 -0.13920416  0.17731498]
 [-0.07075213  0.09446114 -0.11823468 -0.04051316  0.20301126]
 [-0.00310158 -0.11033404  0.00753226 -0.04327175  0.01199708]
 [-0.15142157 -0.13486066 -0.01923764  0.11758115  0.03675711]]
U = [[ 0.00672426 -0.14818227  0.11383078  0.03774924  0.21543624]
 [-0.12943304  0.06913904  0.10362421  0.14550803 -0.10014115]
 [ 0.33216966  0.0267011   0.08620566  0.11274626  0.09857949]
 [ 0.05923688  0.1161597   0.02026635 -0.03424317  0.08774381]
 [-0.24566375  0.20425868  0.36346532  0.17138594  0.04679924]]
Matrix Pair 41; W = [[-0.02620708  0.05779136  0.17267466  0.06180822 -0.06401099]
 [ 0.14651107 -0.26209097 -0.1054816  -0.18511905  0.24030357]
 [-0.15972706  0.08956037 -0.06073556 -0.01592712  0.27662079]
 [-0.02438467 -0.07681876  0.01395169  0.01004149 -0.01611183]
 [-0.12992692 -0.19885195 -0.02732827  0.0957141   0.02581367]]
U = [[ 0.01407803 -0.12200269  0.12857366 -0.00236622  0.1825008 ]
 [-0.21409676  0.02849764  0.09100952  0.13303503 -0.05817291]
 [ 0.32694002  0.00048546  0.0653797   0.0780499   0.08931862]
 [ 0.00880424  0.09538173  0.01938226  0.03491461  0.08235619]
 [-0.29246251  0.2026478   0.38699809  0.17458796  0.03625215]]
Matrix Pair 42; W = [[-0.02864412  0.13262238  0.21143552  0.08874134 -0.1457177 ]
 [ 0.22401261 -0.28512835 -0.10721763 -0.11756468  0.21996877]
 [-0.13018948  0.10051429 -0.10505541 -0.017222    0.23682052]
 [ 0.02339199 -0.15165711  0.065868    0.00105099  0.0606596 ]
 [-0.10862608 -0.15994708 -0.01984123  0.14076757 -0.02668019]]
U = [[ 0.06724454 -0.1273434   0.15981703  0.01522801  0.23918088]
 [-0.13854881  0.03207346  0.14518072  0.12129479 -0.05510485]
 [ 0.26032987 -0.01731608  0.04679824  0.07588951  0.0769858 ]
 [ 0.02532115  0.13004098  0.04537139 -0.0366799   0.06862374]
 [-0.25890993  0.16732107  0.39633086  0.13502175  0.04377136]]
Matrix Pair 43; W = [[-0.0365798   0.05044366  0.20341443  0.11858841 -0.11344872]
 [ 0.23345515 -0.28656993 -0.09216627 -0.16754216  0.23075186]
 [-0.132806    0.07834371 -0.10509296 -0.00369501  0.25935142]
 [-0.0419758  -0.09275866  0.04119637 -0.0409297   0.01776462]
 [-0.12058957 -0.14628671 -0.03572253  0.0870467  -0.04577298]]
U = [[ 0.0289375  -0.13646917  0.15797712  0.04825257  0.24055872]
 [-0.12157304  0.04227604  0.15316286  0.12420731 -0.04939963]
 [ 0.27243939  0.00382889  0.08637096  0.10320981  0.08380488]
 [ 0.00951832  0.17021479  0.01829067  0.06020026  0.01487379]
 [-0.27231818  0.19618161  0.36153635  0.14294837 -0.01477278]]
Matrix Pair 44; W = [[-0.08520039  0.02598409  0.15510672  0.07801404 -0.13652496]
 [ 0.06497255 -0.21680995 -0.10726667 -0.09727512  0.21386094]
 [-0.14274748  0.0511521  -0.12042041 -0.00624435  0.24610042]
 [-0.05354447 -0.05204468  0.062124    0.00602707  0.05793375]
 [-0.16108688 -0.16557098  0.01050285  0.14000327  0.01533154]]
U = [[-0.00757129 -0.11259201  0.16479684 -0.07513961  0.1875614 ]
 [-0.16032398  0.0443018   0.13468516  0.09960102  0.03355741]
 [ 0.30942127 -0.03330156  0.07767303  0.17935345  0.10320348]
 [ 0.06299846  0.15416968  0.09200085  0.071824    0.02219318]
 [-0.28345941  0.16558015  0.38052118  0.18281831 -0.00383754]]
Matrix Pair 45; W = [[-0.09554145  0.01549943  0.17334852  0.0242834  -0.0449622 ]
 [ 0.05147661 -0.26591187 -0.07152949 -0.15851001  0.17502386]
 [-0.16329134 -0.04050883 -0.15466328 -0.01986324  0.234839  ]
 [-0.00780626 -0.02321981  0.10625485  0.0056579   0.04508747]
 [-0.11372402 -0.18094462  0.05702028  0.09208106 -0.01015603]]
U = [[ 0.03630613 -0.16572065  0.15913701 -0.11044429  0.22278813]
 [-0.17809888  0.09380124  0.11174269  0.07273017  0.02183076]
 [ 0.27912515  0.05364349  0.0875729   0.17472411  0.07989031]
 [ 0.01744551  0.13192266  0.036418   -0.00999049  0.02227132]
 [-0.27080521  0.22614757  0.36758375  0.1011925   0.04330314]]
Matrix Pair 46; W = [[-0.05928521  0.01146997  0.13536658  0.10663026 -0.0458671 ]
 [ 0.06008944 -0.25475231 -0.10329173 -0.11335069  0.24178415]
 [-0.16847121  0.02740411 -0.15492615 -0.05056361  0.27985802]
 [-0.01603064 -0.04082812  0.03187684  0.02565153  0.02806639]
 [-0.15763568 -0.21912694 -0.00492539  0.14218212  0.03004785]]
U = [[ 0.03299478 -0.11462239  0.16638897 -0.07729752  0.1745685 ]
 [-0.17117297  0.09863026  0.08869992  0.08736452  0.03448328]
 [ 0.32071036 -0.01471408  0.14023689  0.10311246  0.0900063 ]
 [ 0.02289356  0.14901384  0.09847412  0.05467586 -0.0049267 ]
 [-0.2324035   0.15129372  0.33701342  0.19194321  0.03961562]]
Matrix Pair 47; W = [[-1.09275205e-01  3.30618587e-02  1.66072777e-01  5.38417571e-02
  -8.20792010e-02]
 [ 8.68806702e-02 -2.64096204e-01 -7.44706928e-02 -1.01728249e-01
   2.28394170e-01]
 [-1.00762474e-01 -4.18605521e-02 -8.72339801e-02  3.17404319e-02
   2.36962634e-01]
 [ 2.52913551e-02 -1.33633775e-04  4.91484733e-02  3.10586848e-02
   9.33264742e-02]
 [-1.66282228e-01 -2.04017424e-01  7.80295809e-03  1.08374203e-01
  -6.29513342e-02]]
U = [[ 0.02802894 -0.10090864  0.20110698 -0.11050743  0.24011082]
 [-0.1127025   0.04874616  0.10540206  0.07249842 -0.04133896]
 [ 0.2845545  -0.03466898  0.13396342  0.11045845  0.11191516]
 [ 0.07693657  0.13668344  0.07894648  0.0603012   0.0629946 ]
 [-0.25183913  0.17670692  0.37809079  0.18172194  0.04155012]]
Matrix Pair 48; W = [[-0.08266002  0.08358695  0.13387408  0.1861635  -0.07084691]
 [ 0.08518762 -0.23342343 -0.14911351 -0.1503893   0.16434   ]
 [-0.17112259  0.05896615 -0.07847099 -0.02488121  0.17259767]
 [ 0.05775236 -0.00580873  0.07099466  0.02552025  0.05452446]
 [-0.2412868  -0.14409883  0.00045319  0.18895128 -0.06443814]]
U = [[ 0.06189396 -0.17754677  0.13750408 -0.04156071  0.23580143]
 [-0.13615012 -0.00685127  0.18612433  0.23389999 -0.06665746]
 [ 0.29667655 -0.011049    0.10525111  0.20833348  0.10655808]
 [ 0.10639348  0.14750489  0.10019133  0.01478975  0.07651227]
 [-0.22081414  0.17952506  0.32759273  0.17442001  0.04807038]]
Matrix Pair 49; W = [[-0.10338341  0.11284849  0.13121628  0.19985521 -0.15883384]
 [ 0.16897689 -0.17165263 -0.1200779  -0.14423413  0.23822852]
 [-0.15330499  0.04135817 -0.06255098 -0.00907614  0.22321063]
 [ 0.08138284 -0.06030037 -0.00417673  0.04658587  0.0085875 ]
 [-0.25366526 -0.18731907 -0.09293807  0.20472899 -0.00327934]]
U = [[ 0.05973923 -0.09706032  0.14566697 -0.03479694  0.27921646]
 [-0.1548448   0.04204287  0.18891461  0.1627814  -0.01284467]
 [ 0.34018234 -0.00516627  0.15486117  0.13444877  0.09612302]
 [ 0.09567154  0.19087915  0.03690467  0.04167656  0.08156394]
 [-0.2680695   0.19755071  0.36519002  0.22333965  0.0479618 ]]
Matrix Pair 50; W = [[-0.08469442  0.04634215  0.17390538  0.12903249 -0.14885756]
 [ 0.15074688 -0.20228269 -0.07776636 -0.1324391   0.21484969]
 [-0.09870602  0.09926523 -0.06814104 -0.04365308  0.2360146 ]
 [ 0.0674608  -0.01694364  0.01956536 -0.02541216  0.04673792]
 [-0.19160703 -0.0994015  -0.04339791  0.15155072 -0.03021281]]
U = [[-0.00727831 -0.08436296  0.1087895  -0.06438713  0.26686482]
 [-0.15518162 -0.00479628  0.1328318   0.22942367 -0.01961229]
 [ 0.32261432  0.01343649  0.11313925  0.13234411  0.10024433]
 [ 0.09422348  0.18824384  0.02709599  0.04609546  0.10392399]
 [-0.21523437  0.19551137  0.36824943  0.15214248 -0.01466079]]
Matrix Pair 51; W = [[-0.07406258  0.09568521  0.11983007  0.17465518 -0.10274082]
 [ 0.12269344 -0.20797148 -0.08265938 -0.06801165  0.23507629]
 [-0.14730008  0.03309409 -0.0032914  -0.03107565  0.18600064]
 [ 0.00143941 -0.00622     0.06013541 -0.00917928  0.00611926]
 [-0.19536692 -0.16296353 -0.02014149  0.16047737 -0.09056612]]
U = [[ 0.08968285 -0.14282995  0.12185593 -0.06576664  0.2090729 ]
 [-0.12950534  0.07502061  0.17411667  0.19152621 -0.05749085]
 [ 0.26348465 -0.01973955  0.12279383  0.17199366  0.16138841]
 [ 0.08331012  0.13019678  0.0757535   0.00682983  0.12009101]
 [-0.19614522  0.15162991  0.35127207  0.21423134  0.02132545]]
Matrix Pair 52; W = [[-0.01269375  0.09575769  0.09972693  0.05259136 -0.10385175]
 [ 0.06802592 -0.18685666 -0.07675635 -0.09009335  0.17574724]
 [-0.1174127  -0.00237669  0.00704823  0.08705228  0.15991115]
 [ 0.02466319 -0.10175433  0.0676608  -0.05066639 -0.01815201]
 [-0.19839404 -0.1593246  -0.03146424  0.1409795  -0.00224252]]
U = [[ 0.08298701 -0.11679442  0.1245425  -0.02519179  0.1780456 ]
 [-0.14986574  0.09529981  0.20132279  0.16049625  0.00774362]
 [ 0.21235853  0.07937222  0.16024283  0.12840665  0.12419018]
 [ 0.04752788  0.138533    0.10847995  0.0484679   0.05022653]
 [-0.37401617  0.24942512  0.33112981  0.20143986  0.09688411]]
Matrix Pair 53; W = [[-0.05732979  0.08277779  0.04621259  0.0042788  -0.04697216]
 [ 0.06059627 -0.18363272 -0.1070082  -0.07904144  0.21951466]
 [-0.08299881  0.04083505 -0.02981196  0.05424041  0.18929367]
 [-0.05596387 -0.07069986  0.0142287  -0.0018711   0.03718888]
 [-0.21903738 -0.14358413 -0.0783247   0.19413609 -0.06424452]]
U = [[ 0.09446543 -0.09206023  0.12468825 -0.12321843  0.24021262]
 [-0.12369812  0.07812993  0.12420153  0.1681666  -0.0865209 ]
 [ 0.24366921  0.0194379   0.09986872  0.20985428  0.12514894]
 [ 0.05380431  0.22258242  0.02906464  0.02622316  0.02364529]
 [-0.29149154  0.18969347  0.29597974  0.1904512   0.08399286]]
Matrix Pair 54; W = [[-0.06863643  0.06289982  0.12235825  0.08313011 -0.09068375]
 [ 0.08210007 -0.23550031 -0.10278758 -0.08136487  0.23365123]
 [-0.11702365  0.06117034 -0.00386087  0.07568565  0.24575359]
 [-0.0389644  -0.07770397  0.10788581  0.03967631  0.04591049]
 [-0.23426704 -0.22734645 -0.05286892  0.15299312 -0.04240053]]
U = [[ 0.08509009 -0.12091403  0.12180461 -0.09617037  0.25372394]
 [-0.17160761  0.14813243  0.19189707  0.09817904 -0.06053602]
 [ 0.2958944   0.0580331   0.13268609  0.16311759  0.10001025]
 [ 0.07146644  0.17901897  0.05269722 -0.01381677  0.077709  ]
 [-0.35571201  0.20677942  0.35224697  0.15550376  0.0589921 ]]
Matrix Pair 55; W = [[-0.09527163  0.07965212  0.07261419  0.0777237  -0.11768051]
 [ 0.05335844 -0.18128974 -0.05195657 -0.16204947  0.2191776 ]
 [-0.11962626 -0.01375551 -0.00922281  0.03393424  0.21854846]
 [-0.00515294 -0.11545565  0.05760696 -0.03040627 -0.03001835]
 [-0.20853959 -0.19176127 -0.06028516  0.21904225 -0.0145011 ]]
U = [[ 0.01750008 -0.11463032  0.16697911 -0.06623898  0.25255955]
 [-0.19833136  0.11035044  0.136796    0.07128079 -0.06019292]
 [ 0.21411328  0.10011791  0.12802609  0.15313293  0.11902275]
 [ 0.01247335  0.19824841  0.11391228 -0.03707135  0.06927816]
 [-0.35688141  0.22549081  0.37997757  0.12110523  0.08244773]]
Matrix Pair 56; W = [[-0.11072283  0.03565337  0.05438686  0.0542615  -0.08606568]
 [ 0.17822857 -0.17174026 -0.09898371 -0.06924833  0.16537652]
 [-0.14068033  0.0663715  -0.13549201 -0.00313555  0.16547111]
 [-0.01270042 -0.05611821  0.06939082 -0.02443353 -0.03564137]
 [-0.18729436 -0.19749969  0.04501089  0.17159951 -0.08265342]]
U = [[ 0.07775557 -0.16780274  0.12355315 -0.15741139  0.26915672]
 [-0.17767209  0.15852138  0.15649279  0.18393744  0.02179099]
 [ 0.25905099  0.01921097  0.10080587  0.1512209   0.21395544]
 [ 0.01569394  0.20210147  0.05319792 -0.00906781  0.08719319]
 [-0.29100565  0.24456482  0.31601041  0.1706673  -0.04018826]]
Matrix Pair 57; W = [[-0.06469422 -0.00845915  0.08432765  0.07910245 -0.13456743]
 [ 0.17768055 -0.17500219 -0.06947805 -0.15198036  0.20094441]
 [-0.10768121  0.01560158 -0.16809161 -0.00513633  0.19023559]
 [ 0.045252   -0.04259515  0.01551344 -0.044699   -0.02546683]
 [-0.16331937 -0.13214063 -0.004094    0.11038197 -0.02914603]]
U = [[ 0.12605619 -0.11629509  0.13903145 -0.07395212  0.30376095]
 [-0.18733529  0.15312606  0.12821283  0.17146258  0.01545323]
 [ 0.27271431  0.0222449   0.04938504  0.1086731   0.15927466]
 [ 0.00716401  0.24064039  0.03292616 -0.00420134  0.01959215]
 [-0.33303121  0.17240297  0.38486192  0.1925098   0.00764831]]
Matrix Pair 58; W = [[-0.14949221 -0.05092644  0.1297145   0.0470655  -0.10705149]
 [ 0.14720066 -0.17087152 -0.10425587 -0.09500317  0.19593183]
 [-0.0442733   0.04727576 -0.14418202  0.01045511  0.2053233 ]
 [ 0.06338093 -0.07369214  0.0837635  -0.06409024  0.05113958]
 [-0.24701191 -0.18586161  0.0207729   0.17942862 -0.04557837]]
U = [[ 0.06542177 -0.14513386  0.1751013  -0.10642551  0.22676321]
 [-0.18123025  0.17942751  0.10973519  0.12220982  0.01075103]
 [ 0.21189925  0.05757987  0.05065852  0.14411808  0.13360287]
 [ 0.06598491  0.16218476  0.06763794  0.00349776  0.01666692]
 [-0.28978328  0.22092026  0.35117268  0.20177619  0.03208196]]
Matrix Pair 59; W = [[-0.06476091  0.03068108  0.14030438  0.04828981 -0.18106648]
 [ 0.14088848 -0.18167869 -0.05943043 -0.14634269  0.23438845]
 [-0.1328084   0.10128067 -0.20910489 -0.0066573   0.21017762]
 [ 0.06352077 -0.02647269  0.0321283  -0.0505585   0.00967664]
 [-0.22927313 -0.12511341 -0.00663128  0.13512948 -0.10539632]]
U = [[ 0.06112917 -0.18936392  0.18447119 -0.08803129  0.30175277]
 [-0.15413611  0.09179052  0.11799888  0.15874101 -0.00934859]
 [ 0.21382682 -0.00460298  0.07030703  0.1599889   0.23018645]
 [ 0.00178519  0.17781327  0.08426781 -0.02480235  0.02439056]
 [-0.31892914  0.17384771  0.35576624  0.11219939  0.02840359]]
Matrix Pair 60; W = [[-0.00614352  0.0522188   0.08905375  0.08236014 -0.03664299]
 [ 0.12187874 -0.18018334 -0.04244161 -0.0849538   0.29731105]
 [-0.06176276  0.0800547  -0.16050266  0.02465647  0.19063724]
 [-0.04525171 -0.04761581 -0.01485561 -0.06592029  0.04621883]
 [-0.21309161 -0.07990244 -0.06323524  0.08713006 -0.04324579]]
U = [[ 0.03572483 -0.10636772  0.21627162 -0.06929916  0.24201711]
 [-0.16519689  0.06914832  0.17433647  0.22643683  0.00755953]
 [ 0.23647843  0.02349112  0.15341852  0.06605105  0.13134604]
 [-0.04679092  0.17490923  0.11706     0.1097996   0.07663197]
 [-0.18598076  0.13688641  0.40967357  0.24114693 -0.03184041]]
Matrix Pair 61; W = [[-0.02740734  0.08047615  0.10640951  0.12119397 -0.10087735]
 [ 0.14154015 -0.24088374 -0.11573063 -0.09568947  0.22432105]
 [-0.1207972   0.09425362 -0.09528616  0.01371841  0.23003701]
 [-0.05332696 -0.1005119   0.00378069  0.02526276  0.09362318]
 [-0.1931142  -0.0640966   0.01335805  0.15494154  0.00858929]]
U = [[ 0.01971001 -0.11632381  0.15659485 -0.00371659  0.18990908]
 [-0.17723321  0.06792158  0.17531578  0.18393671 -0.03069602]
 [ 0.24091298  0.08161858  0.07617892  0.14076437  0.19433011]
 [ 0.01845965  0.15135526  0.03659284  0.09128133  0.09069064]
 [-0.2413963   0.16788616  0.39010986  0.16730101 -0.0361546 ]]
Matrix Pair 62; W = [[ 0.00667942  0.10528679  0.14296987  0.14086596 -0.03728721]
 [ 0.14059557 -0.2433216  -0.08222707 -0.15197428  0.27123089]
 [-0.05710857  0.05176923 -0.11124185  0.03511963  0.18180933]
 [ 0.008098   -0.1267743   0.01452767  0.01653521  0.04165344]
 [-0.16351898 -0.13084124 -0.07418613  0.10635969 -0.03148627]]
U = [[-0.05434576 -0.10447494  0.18818976 -0.09199983  0.25614803]
 [-0.19069852  0.16059476  0.1891573   0.16742567 -0.00253146]
 [ 0.27036639  0.00064239  0.16329805  0.10451871  0.14169434]
 [-0.00512529  0.17027274  0.0556403   0.03607156  0.05255691]
 [-0.15778583  0.18531552  0.33893304  0.17125035 -0.02346789]]
Matrix Pair 63; W = [[-0.04319957  0.0631129   0.10897115  0.17647482 -0.04707107]
 [ 0.15053988 -0.19452622 -0.03825155 -0.08803316  0.22015207]
 [-0.06748     0.13509852 -0.08905739 -0.0344162   0.24872906]
 [-0.0270172  -0.10105458 -0.03075729 -0.04309651  0.06987712]
 [-0.1605873  -0.11626528 -0.01181146  0.13807404 -0.00455539]]
U = [[ 0.03820057 -0.16145587  0.17340875 -0.07066012  0.22357575]
 [-0.16766322  0.14992736  0.23256563  0.22131308  0.00643905]
 [ 0.3167518   0.09196211  0.11467434  0.14651865  0.09890273]
 [ 0.01836749  0.24184658  0.03239241  0.06652267  0.05125998]
 [-0.17744849  0.21416735  0.35414536  0.1702685   0.00932764]]
