Epoch: 54Matrix Pair 0; W = [[ 0.22382073 -0.00490457  0.18539033 -0.12359285  0.03621004]
 [-0.12070404 -0.35539042 -0.0638579   0.25375452 -0.1294921 ]
 [-0.04326317  0.00447202 -0.03399592  0.01758407 -0.05869365]
 [ 0.08014806  0.14205713  0.2224244  -0.02293678 -0.06154958]
 [-0.10884504 -0.11808308 -0.19553241 -0.18905306 -0.08723596]]
U = [[ 0.23277455  0.23710846  0.40008402  0.30771134  0.01147574]
 [-0.33840406 -0.08715822  0.0888038   0.19731986  0.16565072]
 [ 0.07058821 -0.11126687 -0.24429566 -0.10588519  0.16113298]
 [ 0.24541667 -0.0038236   0.17894983 -0.08919499 -0.14247646]
 [-0.0298812  -0.03823748 -0.23230641  0.01329708 -0.08353864]]
Matrix Pair 1; W = [[ 0.17819142  0.06472121  0.1232136  -0.07914783  0.09520278]
 [-0.06589595 -0.34187072 -0.04200125  0.30146036 -0.03401428]
 [-0.0632599  -0.05249148 -0.11181723  0.02978317 -0.06885839]
 [ 0.06177547  0.06352929  0.21112873 -0.08835    -0.00621414]
 [-0.10460147 -0.11544979 -0.25841899 -0.19118608 -0.06485867]]
U = [[ 0.18770668  0.14489223  0.40025864  0.35533787 -0.00576727]
 [-0.31182493 -0.13876849  0.05080056  0.19691419  0.16636276]
 [ 0.08264495 -0.09778277 -0.20211865 -0.10029862  0.14611397]
 [ 0.2467182  -0.01027991  0.17478857 -0.14114282 -0.05936195]
 [-0.08808111 -0.05886381 -0.29079701  0.0008087  -0.02059704]]
Matrix Pair 2; W = [[ 0.21800144  0.01879438  0.12561361 -0.03911045  0.09333505]
 [-0.07539402 -0.38991417  0.02054904  0.28020042 -0.04942871]
 [-0.0985402   0.01716018 -0.10268346  0.05692785 -0.0607677 ]
 [ 0.01665265  0.15009595  0.19208817 -0.00965453 -0.05079617]
 [-0.11164686 -0.10225916 -0.26006354 -0.11101989 -0.02103062]]
U = [[ 0.16963997  0.20762     0.31553564  0.39502795 -0.00568489]
 [-0.35737501 -0.13598923  0.05678058  0.15451545  0.08371129]
 [ 0.08896278 -0.0598587  -0.27470255 -0.08657692  0.11985513]
 [ 0.27416913  0.04218812  0.18491995 -0.05445317 -0.05316166]
 [-0.10462709 -0.02231552 -0.23747595 -0.04191763 -0.03812042]]
Matrix Pair 3; W = [[ 0.13504326  0.04022957  0.12890003 -0.09748068  0.08468338]
 [-0.11808109 -0.33620513 -0.05668165  0.28482476 -0.05443396]
 [-0.06213776 -0.03354299 -0.0598877   0.04558674 -0.07268424]
 [ 0.07158264  0.14738816  0.21968808 -0.09657256 -0.01593504]
 [-0.09158982 -0.10045229 -0.26600271 -0.18072714 -0.0824349 ]]
U = [[ 1.41196705e-01  1.96989253e-01  3.33311869e-01  3.35205692e-01
  -3.63727062e-04]
 [-4.00220664e-01 -1.24455947e-01  7.61330603e-02  1.61690943e-01
   1.52341410e-01]
 [ 1.43298822e-01 -8.61180590e-02 -1.79677901e-01 -5.26871107e-02
   1.97607744e-01]
 [ 2.43360380e-01  2.86672197e-02  2.13592929e-01 -9.05174756e-02
  -1.21458741e-01]
 [-6.10551332e-02 -3.68920955e-02 -2.34292541e-01 -1.62908887e-02
  -5.26338013e-02]]
Matrix Pair 4; W = [[ 0.13036577  0.02958954  0.20539275 -0.11665696  0.09561084]
 [-0.14584764 -0.36979569 -0.05908179  0.27546546 -0.03912684]
 [-0.10045285 -0.06052008 -0.06392301  0.05520426 -0.04770062]
 [ 0.08016412  0.0840322   0.15049435 -0.00648775 -0.03191261]
 [-0.07414402 -0.08302991 -0.22979962 -0.15270894 -0.0103885 ]]
U = [[ 0.17683093  0.17169744  0.35288619  0.34210776  0.01481453]
 [-0.3770039  -0.09137778  0.06104562  0.17222906  0.14768176]
 [ 0.14289327 -0.10401618 -0.23848563 -0.10260905  0.2054972 ]
 [ 0.31106128 -0.01209362  0.27179443 -0.08004087 -0.06242953]
 [-0.12232379  0.02121543 -0.29620474  0.01807961 -0.10300424]]
Matrix Pair 5; W = [[ 0.15993559  0.00620312  0.17755297 -0.05520373  0.02994845]
 [-0.10206405 -0.34487724  0.00191894  0.34166213 -0.07893531]
 [-0.02327349  0.03052092 -0.11985987  0.02672416 -0.03010461]
 [ 0.06067936  0.15939009  0.21489521 -0.01503567 -0.03147868]
 [-0.10651576 -0.06243176 -0.21000463 -0.17090321 -0.06454497]]
U = [[ 0.15628785  0.22261785  0.34734137  0.35252541 -0.01657524]
 [-0.34839338 -0.13817194  0.09685878  0.16193965  0.12413756]
 [ 0.06481222 -0.09275594 -0.27391839 -0.1279391   0.11516354]
 [ 0.30532114 -0.00469596  0.1934912  -0.13015306 -0.08739218]
 [-0.06866348 -0.05861371 -0.22157295 -0.05583644 -0.03127107]]
Matrix Pair 6; W = [[ 0.21881213  0.02033531  0.20576782 -0.11977343  0.05266371]
 [-0.14994204 -0.37672958  0.00411689  0.24780952 -0.0434643 ]
 [-0.02922173 -0.00694625 -0.09985179  0.07918539 -0.03697205]
 [ 0.06109443  0.07998591  0.22676599 -0.01393858 -0.05460061]
 [-0.13037098 -0.0974236  -0.18275836 -0.19362095 -0.07655306]]
U = [[ 0.15591034  0.23951041  0.33060384  0.34752051 -0.01155178]
 [-0.31284996 -0.0812768   0.11582789  0.15810146  0.10671811]
 [ 0.14469145 -0.09584607 -0.19294174 -0.07742912  0.13250458]
 [ 0.22180384  0.04611016  0.21937611 -0.13404733 -0.08803096]
 [-0.05097944  0.02791946 -0.28114774 -0.01161302 -0.05364891]]
Matrix Pair 7; W = [[ 0.1953581  -0.00954859  0.17112021 -0.06286833  0.03525188]
 [-0.12564639 -0.40133575 -0.06368724  0.2958477  -0.06072862]
 [-0.00409849 -0.00288182 -0.04816477  0.05670689 -0.09123328]
 [ 0.06522807  0.14875493  0.15831914 -0.02626541 -0.05036915]
 [-0.13421946 -0.04715211 -0.19780062 -0.11736714 -0.01636567]]
U = [[ 0.2219497   0.23898251  0.3703718   0.32191232 -0.03914581]
 [-0.35111839 -0.11995521  0.03782176  0.14636251  0.17165957]
 [ 0.10480943 -0.06166121 -0.2620675  -0.13108271  0.1438496 ]
 [ 0.25336297  0.02122313  0.19401896 -0.10296149 -0.10293028]
 [-0.06927869 -0.05974473 -0.24054051 -0.0483371  -0.08785476]]
Matrix Pair 8; W = [[ 0.22080584 -0.01445046  0.11954066 -0.13249933  0.02950665]
 [-0.11266082 -0.40123772 -0.04206056  0.24434971 -0.07108472]
 [-0.0609017  -0.06581534 -0.11416228  0.09688866 -0.00576423]
 [ 0.04924243  0.1465832   0.19429224 -0.0276169  -0.06690916]
 [-0.06894407 -0.08406265 -0.24599166 -0.16004111 -0.04882666]]
U = [[ 0.15055625  0.15727946  0.34747477  0.36812619  0.00928429]
 [-0.33142016 -0.10065127  0.03781827  0.1441444   0.17512781]
 [ 0.14279018 -0.06876712 -0.19046127 -0.06415519  0.15664286]
 [ 0.23752463  0.00846299  0.18220505 -0.11302017 -0.09096274]
 [-0.11276443 -0.02804614 -0.20349135 -0.03422795 -0.03556087]]
Matrix Pair 9; W = [[ 0.22031286  0.00424682  0.18828277 -0.0778478   0.08104177]
 [-0.15382941 -0.3418398  -0.03955604  0.26475897 -0.07860618]
 [-0.02223416 -0.03178056 -0.03043233  0.06456097 -0.0151781 ]
 [ 0.06980902  0.11825545  0.16407384 -0.0342493  -0.0498064 ]
 [-0.16082031 -0.1171653  -0.26861122 -0.19854223 -0.0169547 ]]
U = [[ 0.14620498  0.22664435  0.34554905  0.38740055 -0.03878636]
 [-0.35963016 -0.06402575  0.10507627  0.1522521   0.10480203]
 [ 0.11911085 -0.11337801 -0.19277226 -0.0932501   0.17309625]
 [ 0.24076639  0.00705382  0.22843752 -0.11122843 -0.10533741]
 [-0.0639491  -0.01315993 -0.27716017 -0.03454674 -0.05024843]]
Matrix Pair 10; W = [[ 0.18377607 -0.00402674  0.16243397 -0.0584426   0.030872  ]
 [-0.1445398  -0.3289689  -0.02811892  0.26264491 -0.06354029]
 [-0.09115523 -0.04608353 -0.12205252  0.06640854 -0.0201096 ]
 [ 0.03655466  0.06644289  0.16215764 -0.05636011 -0.00950852]
 [-0.13921588 -0.05919496 -0.26719859 -0.14678611 -0.09070498]]
U = [[ 0.20898546  0.23972899  0.36116456  0.31277605 -0.06476858]
 [-0.33499173 -0.06622456  0.0462323   0.22113872  0.11641761]
 [ 0.10209018 -0.13286219 -0.20700905 -0.03990337  0.18492094]
 [ 0.26204837 -0.04347388  0.17570467 -0.08792774 -0.05165907]
 [-0.05566958 -0.02267777 -0.21053962 -0.00776966 -0.09291617]]
Matrix Pair 11; W = [[ 0.16876634 -0.00272176  0.13045134 -0.06689603  0.02728438]
 [-0.15480163 -0.40633081  0.02602501  0.29382761 -0.06178534]
 [-0.08370721 -0.05998772 -0.08504065  0.03848096 -0.08137906]
 [ 0.01658757  0.1246097   0.22179723 -0.08490514 -0.05261301]
 [-0.15683456 -0.13288446 -0.27876368 -0.10328682 -0.01994749]]
U = [[ 0.23106616  0.14887052  0.38075947  0.36644351  0.02090674]
 [-0.384816   -0.13986605  0.08067634  0.2105317   0.12838145]
 [ 0.11833919 -0.14558563 -0.19951115 -0.03817984  0.16666654]
 [ 0.2874371  -0.04234154  0.22102288 -0.11981223 -0.12461815]
 [-0.12326969 -0.01698304 -0.29810179  0.00811541 -0.02135944]]
Matrix Pair 12; W = [[ 0.22260167  0.01009163  0.13869606 -0.05982083  0.07879251]
 [-0.11269871 -0.3932216  -0.00274981  0.32308248 -0.10753716]
 [-0.07323452  0.00126427 -0.08631023  0.04443983 -0.04595225]
 [ 0.02753648  0.06418604  0.2170437  -0.09576556 -0.08931879]
 [-0.06983564 -0.12422667 -0.27787885 -0.18042957  0.00266632]]
U = [[ 0.18508305  0.18691791  0.36087632  0.32541807 -0.01826272]
 [-0.39887626 -0.11038764  0.05067764  0.21163017  0.15457752]
 [ 0.0983905  -0.14405262 -0.24434131 -0.04003949  0.20858593]
 [ 0.24027381  0.03353616  0.27092388 -0.13176815 -0.06068199]
 [-0.04590283 -0.0436935  -0.27221915 -0.07952778 -0.03898096]]
Matrix Pair 13; W = [[ 0.18060849  0.02745829  0.1258321  -0.06013403  0.0898309 ]
 [-0.06489214 -0.33019309 -0.06458509  0.30332919 -0.10990166]
 [-0.03089487 -0.0179991  -0.08982489  0.04266137 -0.01418148]
 [ 0.05381755  0.1531249   0.1657581  -0.06225857 -0.0158028 ]
 [-0.11982243 -0.10943131 -0.27500929 -0.12481543 -0.02736974]]
U = [[ 0.18279028  0.23937954  0.39058137  0.36947561 -0.06921085]
 [-0.32900983 -0.07823924  0.0607686   0.1596879   0.16468463]
 [ 0.05927639 -0.11240721 -0.18340628 -0.05655118  0.20915492]
 [ 0.25143008 -0.03476791  0.24757217 -0.06700855 -0.14041644]
 [-0.06209352 -0.04586481 -0.22747904  0.01877033 -0.08672044]]
Matrix Pair 14; W = [[ 0.13276445 -0.02437856  0.20829959 -0.05092417  0.0997066 ]
 [-0.14638763 -0.37845831 -0.03737522  0.2604864  -0.12711525]
 [-0.05253273 -0.05582504 -0.04645139  0.02203064 -0.06923824]
 [ 0.0073104   0.13713992  0.18266589 -0.10235139 -0.09072172]
 [-0.11190625 -0.05190823 -0.26692601 -0.17417946 -0.06328379]]
U = [[ 0.18191982  0.17234914  0.329881    0.35855701 -0.04815393]
 [-0.39423547 -0.05379018  0.13371421  0.19439355  0.16593502]
 [ 0.08206084 -0.09575947 -0.24098675 -0.0704518   0.19515115]
 [ 0.2981797  -0.04288576  0.18180267 -0.07131139 -0.11372188]
 [-0.09262927 -0.0489067  -0.25011263 -0.00929646 -0.09779858]]
Matrix Pair 15; W = [[ 0.16711947  0.02740983  0.17501616 -0.03986012  0.11393622]
 [-0.12577325 -0.34828838  0.02162086  0.26117449 -0.05377171]
 [-0.05900336 -0.04330204 -0.11279805  0.01117594 -0.00706625]
 [ 0.04299565  0.09791049  0.16921716 -0.07875538 -0.0593271 ]
 [-0.06916827 -0.0689117  -0.21688372 -0.16250876 -0.0546578 ]]
U = [[ 0.21326005  0.16899143  0.34940215  0.31370239 -0.03586349]
 [-0.35208374 -0.12260673  0.05952114  0.20154719  0.10077512]
 [ 0.12394471 -0.14443137 -0.19149841 -0.1303496   0.13186213]
 [ 0.27758259  0.024148    0.2198049  -0.10036107 -0.0519232 ]
 [-0.07594784 -0.03301609 -0.21656491 -0.07748418 -0.03218251]]
Matrix Pair 16; W = [[ 0.13787365  0.06959397  0.11647739 -0.05589114  0.08349703]
 [-0.1624558  -0.35095592 -0.01472473  0.18727207 -0.17917477]
 [-0.04103143 -0.05204698 -0.14382953  0.06421427  0.00830382]
 [-0.01239009  0.09008393  0.18195499 -0.15857599 -0.07739253]
 [-0.07065192 -0.10935104 -0.25506947 -0.20128949 -0.04183479]]
U = [[ 0.22582843  0.11167944  0.32768789  0.36278761 -0.03203643]
 [-0.39778244 -0.11742661  0.07088293  0.09872377  0.17458295]
 [ 0.03491647 -0.13061511 -0.20413392 -0.03116108  0.26780749]
 [ 0.21581485 -0.01760178  0.2281437  -0.14593611 -0.1460234 ]
 [-0.04143276  0.01155494 -0.26006037  0.0470353   0.02803466]]
Matrix Pair 17; W = [[ 0.22719576  0.09461301  0.05199175 -0.11216124  0.05217167]
 [-0.09596512 -0.36020674 -0.06094649  0.22949145 -0.11929741]
 [-0.03332973 -0.06675837 -0.2153219   0.06569465 -0.05980458]
 [ 0.0050625   0.09657986  0.13045657 -0.13702026 -0.12263827]
 [-0.08389119 -0.12079833 -0.26491898 -0.20862752 -0.10175025]]
U = [[ 0.19763377  0.13273932  0.33458906  0.32833564 -0.00097181]
 [-0.34056205 -0.11690413  0.07584212  0.09515733  0.1927895 ]
 [ 0.05202148 -0.04222011 -0.19276548 -0.02047517  0.17595471]
 [ 0.14499222 -0.0162084   0.19936374 -0.16667191 -0.10226612]
 [ 0.01420008 -0.00612442 -0.25415424  0.04759616 -0.00710152]]
Matrix Pair 18; W = [[ 0.19036691  0.07044415  0.04153125 -0.10304543  0.07906482]
 [-0.08131475 -0.30319379 -0.08587611  0.24646823 -0.20862794]
 [-0.07547004 -0.04729495 -0.15803252  0.03463485 -0.04314409]
 [ 0.02267373  0.14959949  0.18247895 -0.13559799 -0.07518402]
 [-0.0876999  -0.05175179 -0.25609626 -0.13336374 -0.08636738]]
U = [[ 0.16903307  0.17080981  0.31645007  0.34940848 -0.04977835]
 [-0.33391582 -0.12815738  0.05564692  0.07555081  0.14701001]
 [ 0.01401796 -0.10798514 -0.21729419 -0.03973583  0.2161604 ]
 [ 0.17960482 -0.02586716  0.27975003 -0.15595122 -0.0844424 ]
 [-0.06765627  0.01357648 -0.31466207 -0.0054004  -0.01557642]]
Matrix Pair 19; W = [[ 0.18900072  0.09330602  0.04240396 -0.04539545  0.10547201]
 [-0.10961997 -0.31123772 -0.02640352  0.20838025 -0.17321129]
 [ 0.0011276  -0.06495731 -0.22530739  0.00685965 -0.01231575]
 [ 0.04792885  0.15553821  0.19255399 -0.09244286 -0.10495184]
 [-0.05393573 -0.05269556 -0.26267836 -0.13116183 -0.09681977]]
U = [[ 0.19078755  0.17189536  0.3452986   0.38172348  0.00154048]
 [-0.33400159 -0.09359235 -0.00527653  0.11628182  0.12234871]
 [ 0.01176182 -0.05562584 -0.19181657 -0.02297062  0.2565799 ]
 [ 0.21351978 -0.0434819   0.2091422  -0.1377717  -0.1405172 ]
 [ 0.00815739  0.0168718  -0.25271336  0.00076196 -0.05947025]]
Matrix Pair 20; W = [[ 0.17081461  0.04685586  0.05783191 -0.06800128  0.06879465]
 [-0.12387181 -0.29306357 -0.02244011  0.18763089 -0.18323244]
 [-0.0691102  -0.04173909 -0.1652793   0.03097836 -0.04903321]
 [-0.02546193  0.12254118  0.14150441 -0.17091988 -0.11699687]
 [-0.12231353 -0.07700943 -0.18809622 -0.11735369 -0.11373522]]
U = [[ 0.15853291  0.17736393  0.30973044  0.29972562  0.0261656 ]
 [-0.30552421 -0.14552727  0.07648875  0.11908414  0.16376548]
 [ 0.07855338 -0.04107126 -0.21783291 -0.08699077  0.18982086]
 [ 0.18021164 -0.00496543  0.22105222 -0.1427581  -0.13233639]
 [-0.0778333   0.03836317 -0.34655298  0.01343265  0.01539472]]
Matrix Pair 21; W = [[ 0.15234663  0.02538122  0.04240442 -0.05312238  0.03762761]
 [-0.1283213  -0.31117983 -0.01921451  0.26767292 -0.12682142]
 [-0.01169641 -0.08188077 -0.18276696 -0.01136863  0.01795502]
 [ 0.01988051  0.09568428  0.20746419 -0.08318567 -0.1190824 ]
 [-0.08647309 -0.04486144 -0.21699855 -0.18773994 -0.10949863]]
U = [[ 0.20578043  0.19747491  0.31117968  0.39491456 -0.00558171]
 [-0.32372777 -0.05425337  0.07040166  0.13287139  0.20177359]
 [ 0.02151124 -0.10397346 -0.22427546 -0.00630339  0.24793627]
 [ 0.18186327  0.00705721  0.27545372 -0.12154823 -0.15142115]
 [-0.06512133  0.0639818  -0.2681808  -0.02314184 -0.0156556 ]]
Matrix Pair 22; W = [[ 2.04405795e-01  2.87174543e-02  5.20775012e-02 -1.17390056e-01
   1.30261051e-02]
 [-1.57299025e-01 -3.68508643e-01 -7.30837149e-02  1.84992628e-01
  -1.74617196e-01]
 [ 1.29154114e-02 -8.82261328e-02 -1.90487959e-01  4.31842638e-02
   1.04395596e-04]
 [ 6.57796794e-02  1.46935493e-01  1.20722317e-01 -1.02879049e-01
  -1.02792482e-01]
 [-5.45387693e-02 -5.54451879e-02 -2.42693408e-01 -1.57998450e-01
  -9.31873586e-02]]
U = [[ 0.19235042  0.13257186  0.2976987   0.34956548 -0.06245403]
 [-0.34677543 -0.12255048  0.07922759  0.10118874  0.20638823]
 [ 0.07603439 -0.08766139 -0.22846586 -0.06194944  0.19352667]
 [ 0.21121661 -0.00678875  0.2854346  -0.17966947 -0.16156547]
 [-0.03615569  0.05496081 -0.31628818 -0.02210732  0.02925198]]
Matrix Pair 23; W = [[ 0.14076024  0.00062461  0.11602713 -0.11782336  0.08066745]
 [-0.16589006 -0.29621985 -0.02075681  0.17863991 -0.14392671]
 [-0.04889399 -0.03503748 -0.20442452  0.04171494 -0.05938492]
 [ 0.06593549  0.1566765   0.17174876 -0.17471287 -0.05268871]
 [-0.13039663 -0.06704631 -0.21474046 -0.13260063 -0.09083925]]
U = [[ 0.23831844  0.15589414  0.38904562  0.3391884  -0.03153976]
 [-0.39609789 -0.12160906  0.07225245  0.08949846  0.1470523 ]
 [ 0.09207118 -0.04089649 -0.2131547  -0.05568274  0.18421883]
 [ 0.17839894 -0.04883129  0.19786317 -0.16748778 -0.11641261]
 [-0.002927   -0.00094789 -0.29528478  0.01264311 -0.05032836]]
Matrix Pair 24; W = [[ 0.22503802  0.00544797  0.05826898 -0.0287517   0.10010369]
 [-0.12465853 -0.34006104 -0.04933906  0.18631578 -0.19702611]
 [ 0.00357249 -0.04321684 -0.20341683  0.05557348 -0.05413655]
 [ 0.06717856  0.09135719  0.12563497 -0.12214107 -0.09188507]
 [-0.10019211 -0.10817485 -0.18812995 -0.20732737 -0.08457256]]
U = [[ 0.15782109  0.13397235  0.38974     0.34030023 -0.06749294]
 [-0.32118486 -0.04686346 -0.00323772  0.0656979   0.18018763]
 [ 0.08265929 -0.10045452 -0.16848454 -0.06788611  0.18520261]
 [ 0.22481102 -0.02038621  0.2015594  -0.1401913  -0.09477545]
 [-0.03804691  0.03292715 -0.25604791 -0.03913003  0.01078372]]
Matrix Pair 25; W = [[ 0.22612154  0.01767232  0.10690738 -0.05157664  0.04860887]
 [-0.13270114 -0.27987866 -0.01617652  0.17074851 -0.14875244]
 [-0.00740377 -0.0293994  -0.23215677 -0.00311162 -0.04353039]
 [ 0.01200302  0.1170958   0.19243351 -0.14740396 -0.09800681]
 [-0.05739918 -0.08019008 -0.2515741  -0.15649788 -0.05152136]]
U = [[ 0.25205154  0.13534279  0.36717324  0.34220075 -0.02770896]
 [-0.31945678 -0.05403445  0.00950905  0.1230684   0.18734923]
 [ 0.01362878 -0.10812477 -0.15626926 -0.07379609  0.21056071]
 [ 0.22669976  0.02159125  0.24372723 -0.16046431 -0.13406685]
 [ 0.00104218  0.05470546 -0.25381134  0.01519764  0.00447757]]
Matrix Pair 26; W = [[ 0.14452141  0.01132423  0.09769474 -0.09043786  0.02645475]
 [-0.09045984 -0.27076242 -0.02605146  0.18977155 -0.18170504]
 [-0.06784263 -0.09788501 -0.17545171  0.04576368  0.00879514]
 [-0.02056257  0.15079324  0.20949803 -0.09875384 -0.09505971]
 [-0.05462832 -0.06203403 -0.1926854  -0.14235607 -0.03214517]]
U = [[ 0.21778749  0.17618568  0.37294752  0.33731236 -0.0331584 ]
 [-0.31466578 -0.10390202 -0.00433617  0.10776287  0.12796796]
 [ 0.02809267 -0.05376033 -0.1603143  -0.04093454  0.24444221]
 [ 0.19893452  0.00904703  0.25594212 -0.13976492 -0.14946993]
 [-0.01575294  0.05252297 -0.3485622   0.03613311 -0.05695431]]
Matrix Pair 27; W = [[ 0.19883632  0.00575458  0.08562274 -0.07670349  0.05203464]
 [-0.10484859 -0.29859645 -0.0319319   0.20540949 -0.19953809]
 [-0.08223211 -0.05305845 -0.22487028 -0.00962302 -0.035594  ]
 [-0.01293596  0.14405457  0.14008824 -0.16603023 -0.08928918]
 [-0.09566107 -0.13123507 -0.19573254 -0.17680215 -0.0535465 ]]
U = [[ 0.25077412  0.12574151  0.32131913  0.37997303 -0.01230696]
 [-0.33388172 -0.09142283  0.00538795  0.10338596  0.15364326]
 [ 0.01112515 -0.10750173 -0.22664532 -0.05370979  0.23279791]
 [ 0.22078286  0.01803032  0.27259067 -0.17215104 -0.09581369]
 [-0.08021695  0.03855009 -0.27359634  0.04839734 -0.0526887 ]]
Matrix Pair 28; W = [[ 2.01660134e-01  9.05942151e-02  1.26481867e-01 -1.07821085e-01
   1.04747189e-01]
 [-9.06536825e-02 -3.53816599e-01 -9.36856251e-02  2.62581882e-01
  -1.27899426e-01]
 [-1.63349448e-04 -5.54548813e-02 -1.64996640e-01 -4.92855807e-03
  -3.96225754e-02]
 [ 4.09526243e-02  8.00788514e-02  1.32872511e-01 -1.60925729e-01
  -6.02470141e-02]
 [-4.07392872e-02 -8.49832356e-02 -2.19833970e-01 -1.54638006e-01
  -3.70118112e-02]]
U = [[ 0.23841126  0.19946235  0.35696681  0.37640674  0.01334769]
 [-0.33879607 -0.13924952 -0.00628785  0.07664606  0.12300089]
 [ 0.07197437 -0.06295819 -0.17037213 -0.03882507  0.22783854]
 [ 0.17821165  0.00726793  0.2194197  -0.17344762 -0.12076014]
 [-0.02925061  0.0240162  -0.33386863 -0.00377221  0.02208112]]
Matrix Pair 29; W = [[ 0.21231468  0.05756394  0.06605165 -0.03265817  0.02630858]
 [-0.16590139 -0.33570487 -0.0438451   0.22235719 -0.17052237]
 [-0.05070451 -0.04870671 -0.19684819  0.07457373 -0.00151655]
 [ 0.07308834  0.06918382  0.14747104 -0.15993358 -0.10556373]
 [-0.11765565 -0.04328613 -0.16738284 -0.19193332 -0.10017633]]
U = [[ 0.18124929  0.19693474  0.31044528  0.32926127 -0.06214305]
 [-0.38073631 -0.09129616  0.06225719  0.04578261  0.14044451]
 [ 0.08565594 -0.07651241 -0.21598385 -0.08273941  0.21185455]
 [ 0.18288091  0.01385877  0.19535251 -0.15962303 -0.0807372 ]
 [-0.05530065  0.03067001 -0.26708664 -0.00534511 -0.04803798]]
Matrix Pair 30; W = [[ 0.14248062  0.01189666  0.13457568 -0.12660311  0.04858073]
 [-0.13325508 -0.30818668 -0.04528567  0.17653708 -0.15061281]
 [-0.06069269 -0.06001548 -0.1356561   0.04265353 -0.02899962]
 [ 0.02450069  0.08830087  0.14801706 -0.16797636 -0.0878335 ]
 [-0.1065122  -0.04110541 -0.21935269 -0.12580944 -0.02510348]]
U = [[ 0.21665684  0.16800985  0.34263096  0.33116009  0.01718308]
 [-0.31017554 -0.06937096  0.01842298  0.08418283  0.18790217]
 [ 0.02482498 -0.07396409 -0.15191089 -0.0192039   0.22164692]
 [ 0.14970841 -0.01091852  0.26523535 -0.17977047 -0.14340684]
 [-0.01810186 -0.02155821 -0.25776219  0.05352714 -0.04894374]]
Matrix Pair 31; W = [[ 0.1547677   0.01680469  0.05800067 -0.04472646  0.03526886]
 [-0.1045917  -0.29377215 -0.08570519  0.21781405 -0.17366436]
 [-0.00162009 -0.07059503 -0.14441095  0.06761799 -0.0337959 ]
 [-0.02594195  0.13487622  0.1660812  -0.11990614 -0.13357894]
 [-0.0577576  -0.12530722 -0.20660278 -0.1288673  -0.08495208]]
U = [[ 1.56375919e-01  1.15533893e-01  3.47114797e-01  3.39711308e-01
   2.35413883e-04]
 [-3.13832071e-01 -7.33313422e-02  4.50028916e-02  1.38854094e-01
   1.45786759e-01]
 [ 3.53277974e-02 -4.75516076e-02 -2.25211118e-01 -8.73673649e-03
   1.86434299e-01]
 [ 1.85342784e-01 -3.12469702e-02  2.15415473e-01 -1.44468016e-01
  -1.09801625e-01]
 [-2.10667318e-02  2.29911589e-02 -3.07787540e-01  3.14029553e-02
  -7.83001467e-03]]
Matrix Pair 32; W = [[ 0.20554731  0.00963969  0.07958101 -0.0878818   0.02469934]
 [-0.14261684 -0.32388427 -0.04697178  0.25899915 -0.10776678]
 [-0.07551207 -0.00911246 -0.10593508  0.02834253 -0.07503902]
 [ 0.02495274  0.14088824  0.15539479 -0.08623606 -0.04689995]
 [-0.04811715 -0.18467885 -0.20173445 -0.13056641 -0.03472844]]
U = [[ 0.21001853  0.18197379  0.27195365  0.25155773  0.00239216]
 [-0.33033308 -0.09362441  0.08417575  0.09145966  0.11743574]
 [ 0.06937344 -0.05035744 -0.23242619 -0.15897623  0.18670334]
 [ 0.27178516 -0.06262037  0.23080365 -0.1031937  -0.05189284]
 [-0.08386098 -0.04745098 -0.33066625 -0.10871643  0.02450257]]
Matrix Pair 33; W = [[ 0.27514534  0.06744213  0.11223613 -0.10986746  0.01103848]
 [-0.12666991 -0.37374772 -0.08318003  0.24867266 -0.08967905]
 [-0.10246377  0.03615301 -0.05883109 -0.02853859 -0.06344531]
 [-0.00838805  0.16038875  0.12590337 -0.06030325 -0.10501507]
 [-0.05319448 -0.1602401  -0.19180262 -0.17173061 -0.02372275]]
U = [[ 0.17038045  0.17351267  0.22754296  0.23026627 -0.02878135]
 [-0.37117925 -0.07048505  0.05626041  0.09813378  0.16210162]
 [ 0.03598522 -0.0980022  -0.20774513 -0.10175637  0.2012479 ]
 [ 0.24864881 -0.09440269  0.24239942 -0.14317583 -0.11869994]
 [-0.06478758 -0.0623034  -0.25380731 -0.07814784  0.02797367]]
Matrix Pair 34; W = [[ 0.26470257  0.07025332  0.05714043 -0.07861765  0.06317864]
 [-0.20969899 -0.39520748  0.00368412  0.20357502 -0.10694892]
 [-0.08551905  0.03877638 -0.13924841 -0.06095235 -0.07317059]
 [ 0.01655945  0.11740527  0.1670949  -0.05941152 -0.10507277]
 [-0.11178448 -0.19465491 -0.19490795 -0.14828694 -0.02818424]]
U = [[ 0.11508829  0.18299941  0.31762036  0.26988455 -0.06239253]
 [-0.37282572 -0.04635188  0.05295117  0.12880108  0.14116911]
 [ 0.08934896 -0.04540586 -0.19846294 -0.12364332  0.16522249]
 [ 0.2455187  -0.06752616  0.22955698 -0.10880269 -0.08457109]
 [-0.04016032 -0.00326967 -0.32223829 -0.10327121 -0.0679072 ]]
Matrix Pair 35; W = [[ 0.22172356  0.00647501  0.07534963 -0.14289368  0.06855718]
 [-0.1894724  -0.37558212  0.00912761  0.20064922 -0.08809406]
 [-0.03845502 -0.02288463 -0.10113005 -0.05922945 -0.10013631]
 [-0.02693879  0.1174863   0.1779061  -0.09695861 -0.04452493]
 [-0.03910122 -0.18444974 -0.13220387 -0.15042576 -0.07239129]]
U = [[ 0.13235722  0.09533477  0.25849958  0.31608578 -0.0067135 ]
 [-0.30949675 -0.04851269  0.05519195  0.07584745  0.16347858]
 [ 0.06315043 -0.05973888 -0.19424576 -0.09986535  0.20418898]
 [ 0.18240432 -0.09027321  0.23379359 -0.10331953 -0.10610616]
 [-0.05235578 -0.08404956 -0.25358186 -0.03889576  0.01603961]]
Matrix Pair 36; W = [[ 0.20027646  0.09761875  0.10086268 -0.07760419  0.04429031]
 [-0.16538664 -0.39913204 -0.05240131  0.17866354 -0.10513829]
 [-0.02874882  0.06503687 -0.12563617 -0.05051237 -0.11862223]
 [-0.06370638  0.07167841  0.18250326 -0.13026131 -0.04605218]
 [-0.11327404 -0.14571595 -0.21738604 -0.2058441   0.01578692]]
U = [[ 0.13141316  0.16919266  0.29218422  0.30408227 -0.08308714]
 [-0.37926805 -0.09897376  0.09199637  0.11566894  0.20265186]
 [ 0.01971179 -0.11577363 -0.17956887 -0.08657     0.20814908]
 [ 0.25494006 -0.07706751  0.21150454 -0.10812444 -0.11622499]
 [-0.09858893 -0.06248851 -0.27250602 -0.08823561 -0.00360076]]
Matrix Pair 37; W = [[ 0.28259469  0.09607273  0.09529855 -0.07982556  0.00625099]
 [-0.1296727  -0.34093262 -0.03650776  0.18275591 -0.14810572]
 [-0.04809806  0.0488243  -0.10969532  0.01745511 -0.14687603]
 [-0.04716998  0.07690858  0.13944739 -0.08397214 -0.07649394]
 [-0.08925661 -0.1289894  -0.17095101 -0.1743092   0.01064046]]
U = [[ 0.16745121  0.13877925  0.22983502  0.28879889 -0.01529118]
 [-0.3644848  -0.07411347  0.07916444  0.1473581   0.12712832]
 [ 0.07877861 -0.04954692 -0.18998046 -0.17732576  0.22903857]
 [ 0.23292928 -0.07882267  0.23719    -0.06627432 -0.11512262]
 [-0.1001808  -0.03332257 -0.25627994 -0.08435117 -0.03622747]]
Matrix Pair 38; W = [[ 0.22828035  0.09260831  0.02922316 -0.14109298  0.05696529]
 [-0.19679601 -0.30988433 -0.02756021  0.24032459 -0.13361798]
 [-0.11169344 -0.00496475 -0.11514769  0.0352896  -0.07455424]
 [ 0.00365602  0.11677579  0.19514306 -0.12861731 -0.04502981]
 [-0.07940812 -0.14405994 -0.18529002 -0.15848218  0.01418833]]
U = [[ 0.19738477  0.10493913  0.25390342  0.31339623 -0.04383097]
 [-0.33009456 -0.09185083  0.12684979  0.08115982  0.14343381]
 [ 0.08921676 -0.10850706 -0.19910469 -0.12708811  0.19248959]
 [ 0.23097741 -0.04995175  0.20260571 -0.14393069 -0.05310062]
 [-0.07480209 -0.02414984 -0.31458785 -0.05851559 -0.0158024 ]]
Matrix Pair 39; W = [[ 0.22167772  0.07699862  0.11335721 -0.12398017 -0.0042539 ]
 [-0.18334891 -0.35972294 -0.06656336  0.22290492 -0.10975563]
 [-0.07415161  0.02805367 -0.09433104  0.00901044 -0.1438113 ]
 [ 0.02423912  0.14582136  0.19817559 -0.09733817 -0.02923936]
 [-0.05141338 -0.14161481 -0.14258442 -0.19198641 -0.0205119 ]]
U = [[ 0.16111016  0.18490103  0.30412063  0.25651778 -0.08262144]
 [-0.30020812 -0.0720533   0.04091506  0.15907379  0.17363792]
 [ 0.0046399  -0.08253935 -0.18730665 -0.1514107   0.21630305]
 [ 0.20415297 -0.07368116  0.16112614 -0.07306423 -0.08107462]
 [-0.02327843 -0.05504144 -0.26861546 -0.0221142  -0.06464757]]
Matrix Pair 40; W = [[ 0.2619724   0.09545387  0.09888052 -0.05729231  0.01884052]
 [-0.14546399 -0.30645395  0.01243806  0.18025313 -0.12138573]
 [-0.08107967  0.03028314 -0.09964734 -0.03457143 -0.08081133]
 [-0.05047412  0.10563709  0.11227515 -0.05501115 -0.03645852]
 [-0.07798069 -0.13236331 -0.21593554 -0.15749983  0.01573015]]
U = [[ 0.20204287  0.12462785  0.30525121  0.2470253   0.00278995]
 [-0.3674343  -0.08128132  0.12716115  0.07755525  0.20907618]
 [ 0.07027693 -0.09678013 -0.25720559 -0.11474597  0.211825  ]
 [ 0.19054897 -0.02131551  0.22663763 -0.06278309 -0.07371975]
 [-0.0523693  -0.00378016 -0.3159774  -0.04540047 -0.06482889]]
Matrix Pair 41; W = [[ 0.20003736  0.05398628  0.04467526 -0.10231505  0.03948501]
 [-0.15793865 -0.30896385 -0.06857392  0.22705984 -0.16730734]
 [-0.05764542  0.01709635 -0.10209474  0.01627898 -0.13606393]
 [-0.02493588  0.16218018  0.1399718  -0.14019112 -0.07597619]
 [-0.12823792 -0.1393668  -0.17468548 -0.22297421 -0.02182333]]
U = [[ 0.17040422  0.16923059  0.28289212  0.26202996 -0.04331529]
 [-0.30964278 -0.08731112  0.12525485  0.15389422  0.11218586]
 [ 0.00580046 -0.08048462 -0.21296592 -0.13312397  0.1995889 ]
 [ 0.26503078 -0.08869833  0.22643193 -0.14095486 -0.06415685]
 [-0.05723714 -0.03173865 -0.25397886 -0.10661633  0.02805048]]
Matrix Pair 42; W = [[ 0.28447589  0.08192955  0.02559876 -0.13236753  0.03507866]
 [-0.1765469  -0.33725214 -0.060624    0.24480562 -0.08924759]
 [-0.10916347  0.04455716 -0.09274297 -0.01158613 -0.13898585]
 [ 0.00695437  0.13758654  0.18979949 -0.05955362 -0.062482  ]
 [-0.09252663 -0.13844846 -0.16556732 -0.20117613 -0.05135677]]
U = [[ 0.11669082  0.12009903  0.28237025  0.24816642 -0.04151046]
 [-0.30854186 -0.04311611  0.05668274  0.14531711  0.20725009]
 [ 0.01190027 -0.05543247 -0.21943654 -0.10756535  0.21075395]
 [ 0.25865862 -0.04474241  0.25009639 -0.11159244 -0.09100895]
 [-0.05796512 -0.02352213 -0.30659878 -0.06590964 -0.04898508]]
Matrix Pair 43; W = [[ 0.25745661  0.0099055   0.02844826 -0.10582745  0.04558234]
 [-0.17449519 -0.30991341 -0.08446424  0.16656317 -0.11959744]
 [-0.08798164  0.01505736 -0.05735848 -0.05809551 -0.06404662]
 [ 0.01297728  0.09074074  0.18406071 -0.07351725 -0.04235835]
 [-0.08117159 -0.0990137  -0.1446199  -0.22360322 -0.0381044 ]]
U = [[ 0.18013262  0.16062411  0.31059491  0.27039794 -0.01245493]
 [-0.3130794  -0.05166139  0.10530332  0.14271919  0.16809166]
 [ 0.08512773 -0.1347075  -0.26370872 -0.14034185  0.16542207]
 [ 0.18959044 -0.0570005   0.18517217 -0.14865842 -0.10533565]
 [-0.10720613 -0.09682973 -0.3234563  -0.04380238  0.00195517]]
Matrix Pair 44; W = [[ 0.28827602  0.04851993  0.03636283 -0.10309527  0.05175929]
 [-0.13411663 -0.384669    0.01037145  0.23832469 -0.15269914]
 [-0.04548425  0.06576997 -0.06723355 -0.00274066 -0.0852195 ]
 [ 0.02677654  0.15038391  0.19217639 -0.14190472 -0.06864679]
 [-0.10979086 -0.1014111  -0.14302998 -0.1834281  -0.01508175]]
U = [[ 0.16764831  0.11557847  0.26565688  0.24466502 -0.05880711]
 [-0.38707067 -0.01146419  0.12197809  0.14642908  0.15795398]
 [ 0.03239578 -0.05157112 -0.2329806  -0.15697493  0.18970465]
 [ 0.2029208  -0.07469967  0.16139973 -0.05998644 -0.13196162]
 [-0.11131594 -0.06527683 -0.27760906 -0.07520332  0.02932055]]
Matrix Pair 45; W = [[ 0.19956292  0.0443622   0.11140756 -0.10136362 -0.00333718]
 [-0.15941538 -0.33826811 -0.04591835  0.18317848 -0.16668138]
 [-0.0147943   0.03826851 -0.07277663  0.02812884 -0.12939143]
 [-0.0622265   0.09812477  0.1850943  -0.13570392 -0.07115532]
 [-0.13745921 -0.09678181 -0.14162227 -0.19691934 -0.06324164]]
U = [[ 0.19335777  0.17728689  0.22371143  0.27615929 -0.00603577]
 [-0.29882989 -0.07463947  0.05365394  0.06465989  0.17564158]
 [-0.00491712 -0.11516366 -0.22182886 -0.1410421   0.23324395]
 [ 0.2448995  -0.06475416  0.19694235 -0.15423136 -0.0667587 ]
 [-0.06328971 -0.03324624 -0.30922453 -0.06065833 -0.0315741 ]]
Matrix Pair 46; W = [[ 0.20796928  0.04285754  0.11977764 -0.06709182  0.01797415]
 [-0.12413017 -0.33852478 -0.08212134  0.23400975 -0.07973003]
 [-0.05376732 -0.01670459 -0.08076522 -0.00403491 -0.14794344]
 [-0.02376348  0.138711    0.12377558 -0.0943253  -0.06023789]
 [-0.11633809 -0.19490481 -0.21623621 -0.21165972 -0.05939941]]
U = [[ 0.20148312  0.15294951  0.27794118  0.30856469 -0.02177672]
 [-0.31252593 -0.06107781  0.07330216  0.09755502  0.13224386]
 [ 0.05813566 -0.04190406 -0.23069769 -0.17198956  0.23259458]
 [ 0.2528048  -0.05283055  0.17153639 -0.09473321 -0.11037513]
 [-0.06092315 -0.08888974 -0.31604702 -0.07517296 -0.04080898]]
Matrix Pair 47; W = [[ 0.27878501  0.0077024   0.02633993 -0.09932443 -0.00931247]
 [-0.2030984  -0.38388997 -0.03049411  0.16864282 -0.16428399]
 [-0.04253946  0.03828249 -0.05235148  0.0192101  -0.1413452 ]
 [-0.03904101  0.09646601  0.18921204 -0.10729941 -0.02455878]
 [-0.06251075 -0.144974   -0.16786835 -0.21395818 -0.00634286]]
U = [[ 0.16648723  0.13034333  0.23301999  0.28989395 -0.06237236]
 [-0.33065741 -0.07164496  0.05212233  0.07144164  0.14044602]
 [ 0.03609078 -0.05798251 -0.19485038 -0.16427988  0.18118771]
 [ 0.19145038 -0.06669129  0.16037014 -0.12316948 -0.12644669]
 [-0.10751151 -0.07019071 -0.29174536 -0.05699014 -0.00700087]]
Matrix Pair 48; W = [[ 0.22725069  0.03230743  0.11791512 -0.12667532  0.06635058]
 [-0.15390955 -0.3585738  -0.03896281  0.264847   -0.05457375]
 [-0.02512761 -0.01563012 -0.08069884  0.02308786 -0.05314624]
 [-0.04043725  0.05657314  0.12622496 -0.09521515 -0.03778428]
 [-0.14417959 -0.09112287 -0.13203417 -0.25277871 -0.01746186]]
U = [[ 0.18248161  0.16706177  0.30530244  0.34073097 -0.06057691]
 [-0.30302711 -0.06261231  0.12313738  0.11475728  0.13190602]
 [ 0.05530535 -0.17796117 -0.23331179 -0.09321116  0.16064394]
 [ 0.23500219 -0.06902872  0.18174877 -0.14309932 -0.12021563]
 [-0.08235132  0.01171603 -0.31195142 -0.06424911 -0.10261208]]
Matrix Pair 49; W = [[ 0.23568611  0.09086455  0.16131105 -0.0770547   0.10520729]
 [-0.18423584 -0.34143919 -0.03568062  0.29452843 -0.12969684]
 [-0.0098334   0.00343995 -0.07209054  0.0283548  -0.08695087]
 [-0.02790885  0.06960248  0.13068899 -0.03688257 -0.07026697]
 [-0.09860263 -0.0885134  -0.14974286 -0.2468125  -0.03095732]]
U = [[ 0.1648048   0.12391479  0.27785127  0.33906199 -0.0763288 ]
 [-0.30186454 -0.03270474  0.14313072  0.13134917  0.14858826]
 [ 0.0597641  -0.16997563 -0.25242736 -0.10819729  0.21222691]
 [ 0.23666558 -0.02188905  0.22269373 -0.08321034 -0.12889249]
 [-0.15203849 -0.06826784 -0.30843574 -0.07548701 -0.05556609]]
Matrix Pair 50; W = [[ 0.21632288  0.05670997  0.13024783 -0.06193645  0.04597222]
 [-0.13066018 -0.29755023 -0.03267084  0.30636549 -0.10595419]
 [-0.03073636  0.05016643 -0.03362298 -0.02368937 -0.05346586]
 [-0.04048161  0.07906939  0.15485049 -0.10588067 -0.03629564]
 [-0.14177749 -0.07762439 -0.21200423 -0.25320694  0.03956563]]
U = [[ 0.23070199  0.09741265  0.27944146  0.32696456 -0.06622506]
 [-0.2874421  -0.0346907   0.18298505  0.1226677   0.16717754]
 [ 0.03873505 -0.13830549 -0.25693108 -0.05132452  0.13066244]
 [ 0.26997778  0.00307768  0.2706176  -0.1366194  -0.11818064]
 [-0.08867123  0.00770092 -0.27641988 -0.03066396 -0.09995868]]
Matrix Pair 51; W = [[ 0.27747932  0.07718644  0.06892905 -0.14914021  0.08481395]
 [-0.18683468 -0.36633324 -0.00403505  0.26554275 -0.07155684]
 [-0.04237309  0.04026095 -0.10026249 -0.01735028 -0.08733592]
 [-0.01247846  0.11128215  0.15136628 -0.02875318 -0.08283167]
 [-0.13543632 -0.10707609 -0.16987537 -0.16338118 -0.01190415]]
U = [[ 0.14145794  0.14233599  0.25622432  0.30740435 -0.0764842 ]
 [-0.36798843 -0.05928117  0.1114094   0.09624997  0.19231185]
 [ 0.06035509 -0.12416898 -0.26027792 -0.0159137   0.18529895]
 [ 0.27812699 -0.04259906  0.18201945 -0.17181632 -0.09361898]
 [-0.10583503 -0.04477817 -0.3227425  -0.06058067 -0.0788957 ]]
Matrix Pair 52; W = [[ 0.2225015   0.03296803  0.12381043 -0.13919655  0.12286253]
 [-0.16204532 -0.30013786 -0.03858598  0.26405934 -0.04191435]
 [-0.07478259  0.07062306 -0.02597487  0.02715055 -0.09587266]
 [-0.01557385  0.08742192  0.15920259 -0.04284848 -0.00802057]
 [-0.12201159 -0.07739897 -0.1682868  -0.17614467 -0.04897326]]
U = [[ 0.21694297  0.10166938  0.32354485  0.31594291 -0.09916764]
 [-0.35252184 -0.09080439  0.14779081  0.08112191  0.14479142]
 [ 0.04725686 -0.14714535 -0.23516284 -0.09555504  0.20921543]
 [ 0.25929427 -0.01692646  0.25444675 -0.07727575 -0.14939921]
 [-0.0772943  -0.06886178 -0.32521583 -0.05439854 -0.09340978]]
Matrix Pair 53; W = [[ 0.28998191  0.0025714   0.12454056 -0.07847875  0.06448355]
 [-0.16063205 -0.29605546 -0.01391781  0.31313128 -0.04258022]
 [-0.07043769  0.00968041 -0.05314925 -0.02990644 -0.08253788]
 [-0.00810929  0.0868007   0.2029069  -0.04341015 -0.09704024]
 [-0.1150851  -0.07851596 -0.22111444 -0.17327384  0.02802561]]
U = [[ 0.20006046  0.1262243   0.30388077  0.31154281 -0.060019  ]
 [-0.31232641 -0.11034527  0.11465281  0.10778275  0.15765092]
 [ 0.0225883  -0.12082263 -0.2120306  -0.09937105  0.14866244]
 [ 0.26047445 -0.00949231  0.20342465 -0.09896843 -0.10136276]
 [-0.13711105 -0.03134566 -0.31902278 -0.11758977 -0.09248167]]
Matrix Pair 54; W = [[ 0.21286909  0.07210592  0.1042224  -0.05876125  0.07707478]
 [-0.18074692 -0.31865714  0.01186909  0.25619258 -0.05508687]
 [-0.09099617  0.05019417 -0.03547562  0.04116239 -0.04436942]
 [-0.02230934  0.0900741   0.18937135 -0.05894568 -0.04405312]
 [-0.14292528 -0.09339453 -0.16706646 -0.19399901 -0.01080085]]
U = [[ 0.2309618   0.11052487  0.31168294  0.34986114 -0.10435192]
 [-0.29206612 -0.10199798  0.15856649  0.06165469  0.15431178]
 [ 0.04634974 -0.09956615 -0.20949504 -0.01497896  0.14886052]
 [ 0.2089279  -0.00083948  0.24031917 -0.13012533 -0.0857788 ]
 [-0.15320489  0.01856019 -0.27822493 -0.05883488 -0.07130521]]
Matrix Pair 55; W = [[ 0.28582442  0.01461241  0.08828185 -0.0739561   0.04168711]
 [-0.16304424 -0.32911816 -0.07797031  0.29583975 -0.10726213]
 [-0.00045392  0.05822418 -0.07011982  0.00371521 -0.04412134]
 [-0.02211602  0.13292507  0.18589199 -0.06511197 -0.02169146]
 [-0.13301739 -0.13948893 -0.14286226 -0.1808705  -0.02104661]]
U = [[ 0.13808652  0.14166184  0.24985607  0.28788253 -0.09474482]
 [-0.30528691 -0.0793864   0.13631513  0.08266836  0.20740295]
 [ 0.0539639  -0.14840265 -0.24717003 -0.10865814  0.17842074]
 [ 0.23822382 -0.07460288  0.22791905 -0.13572462 -0.14411299]
 [-0.10244428 -0.04962289 -0.26572621 -0.07585569 -0.11835143]]
Matrix Pair 56; W = [[ 0.21657752  0.08635941  0.16773887 -0.12684674  0.11874085]
 [-0.14750824 -0.36778022 -0.03477092  0.27818984 -0.05755813]
 [-0.02996376  0.01020496 -0.01921666  0.04653801 -0.13498222]
 [-0.0531526   0.13255462  0.16606881 -0.0329308  -0.08415123]
 [-0.13065067 -0.11628572 -0.14001474 -0.16894538  0.03687001]]
U = [[ 0.22627939  0.10145368  0.3168029   0.28430685 -0.08002985]
 [-0.33215969 -0.11133836  0.09792793  0.09797949  0.16674518]
 [ 0.0662763  -0.15263671 -0.19840061 -0.05056887  0.1255468 ]
 [ 0.28041525 -0.0784542   0.21922122 -0.10282887 -0.08946975]
 [-0.07755707 -0.06982198 -0.29030471 -0.09878931 -0.08425996]]
Matrix Pair 57; W = [[ 0.28067541  0.09499387  0.10067783 -0.08371357  0.07575286]
 [-0.20721438 -0.30151429 -0.07169395  0.23811237 -0.0791739 ]
 [-0.00152767  0.04569786 -0.04943434 -0.02310135 -0.05758786]
 [-0.07548499  0.14098289  0.14537745 -0.08303907 -0.06362323]
 [-0.07988733 -0.09784913 -0.18359167 -0.17724119 -0.03558305]]
U = [[ 0.19082189  0.18057453  0.26394502  0.31282625 -0.0491821 ]
 [-0.38497435 -0.06470512  0.1691183   0.14521797  0.21006342]
 [-0.01106522 -0.11101829 -0.2772514  -0.10430745  0.18892289]
 [ 0.26448773 -0.05701096  0.19124132 -0.11718831 -0.07792456]
 [-0.09805476 -0.01996462 -0.31830345 -0.09831325 -0.08059234]]
Matrix Pair 58; W = [[ 0.28891933  0.0414357   0.15500626 -0.10941685  0.12300071]
 [-0.17428493 -0.32853122 -0.0196838   0.25911397 -0.11659672]
 [-0.07898719 -0.0032     -0.10807387  0.04980227 -0.11071218]
 [-0.01596898  0.13422669  0.19376389 -0.10906617 -0.01060427]
 [-0.07790039 -0.07324187 -0.21221513 -0.19512619  0.0255247 ]]
U = [[ 0.20470028  0.18030412  0.33388453  0.30507568 -0.13166642]
 [-0.37950907 -0.04907672  0.09947498  0.06447187  0.1689071 ]
 [ 0.03081089 -0.14929894 -0.26569073 -0.09500685  0.18414338]
 [ 0.25853515 -0.01614982  0.23127996 -0.16714508 -0.11914945]
 [-0.09241142  0.00889559 -0.27500356 -0.09553714 -0.08440597]]
Matrix Pair 59; W = [[ 2.93974170e-01  8.97320348e-02  9.35787820e-02 -1.21082170e-01
   7.35070652e-02]
 [-1.51659373e-01 -3.52382339e-01 -3.98457406e-02  3.01539179e-01
  -4.20105406e-02]
 [-9.61106523e-02  5.59764590e-02 -3.61949982e-02  4.43905663e-02
  -9.76109016e-02]
 [-8.55277244e-03  7.07562689e-02  1.35627038e-01 -1.11916053e-01
  -3.47284265e-02]
 [-8.48752028e-02 -1.38436865e-01 -1.24461897e-01 -2.24783991e-01
   2.04026947e-04]]
U = [[ 0.18389175  0.09352147  0.29347956  0.36246878 -0.13085289]
 [-0.36531128 -0.10717826  0.17188004  0.13724261  0.19984607]
 [ 0.00727118 -0.17451127 -0.2807308  -0.06418128  0.19918358]
 [ 0.2683892  -0.06475962  0.25124186 -0.10628037 -0.13836095]
 [-0.14013159  0.00522037 -0.2843947  -0.03397996 -0.0735106 ]]
Matrix Pair 60; W = [[ 0.26842938  0.08378669  0.08950512 -0.13589169  0.12764945]
 [-0.15592095 -0.35937182 -0.02686417  0.30569577 -0.06439714]
 [-0.06754954 -0.01632451 -0.01002858  0.04337959 -0.07578989]
 [-0.07746678  0.11723694  0.12925226 -0.08980495 -0.08024467]
 [-0.15662502 -0.14742547 -0.15313429 -0.16498365  0.03173629]]
U = [[ 0.17607335  0.12236332  0.29652274  0.27623106 -0.07842419]
 [-0.29146722 -0.09790964  0.1298274   0.14150608  0.20279266]
 [-0.00158527 -0.09799549 -0.22339906 -0.10820392  0.18272482]
 [ 0.2855141  -0.02913926  0.22734855 -0.09520007 -0.09957919]
 [-0.15451161  0.00756954 -0.33128941 -0.07160714 -0.09789689]]
Matrix Pair 61; W = [[ 0.2708003   0.05017911  0.14601322 -0.06429744  0.07438427]
 [-0.1829742  -0.33444994 -0.00786153  0.28687968 -0.04796885]
 [-0.04701462  0.0394122  -0.06707128  0.00212865 -0.07592799]
 [-0.04697139  0.14186738  0.1167369  -0.04422349 -0.08662856]
 [-0.12350782 -0.1426467  -0.15592385 -0.22577235  0.04274514]]
U = [[ 0.23470935  0.10553668  0.32823995  0.29267796 -0.09290499]
 [-0.37831641 -0.10187374  0.12127305  0.15507232  0.20075325]
 [ 0.0441971  -0.15642793 -0.27652811 -0.07741602  0.17464195]
 [ 0.24010324 -0.05326991  0.20028708 -0.15288297 -0.1234095 ]
 [-0.08857395 -0.05133518 -0.34516276 -0.05497508 -0.04565815]]
Matrix Pair 62; W = [[ 0.22379696  0.01990398  0.12430782 -0.13199246  0.04598712]
 [-0.18425994 -0.35452449  0.0135844   0.28041961 -0.11560851]
 [-0.05597487  0.03861516 -0.02466504  0.04431436 -0.06101941]
 [-0.01954183  0.11114774  0.186455   -0.11851247 -0.09706063]
 [-0.10450005 -0.15355324 -0.20411273 -0.23639115  0.0082141 ]]
U = [[ 0.17977732  0.16301668  0.31694348  0.32835728 -0.08925098]
 [-0.36302185 -0.05943191  0.15927049  0.14181894  0.17489395]
 [-0.00203208 -0.16759125 -0.27160291 -0.02955509  0.17773441]
 [ 0.23266695 -0.05163256  0.23785162 -0.08355565 -0.10616917]
 [-0.12761532 -0.04924167 -0.27482764 -0.05076714 -0.03891526]]
Matrix Pair 63; W = [[ 0.24478348  0.09040609  0.15869622 -0.14380817  0.09716188]
 [-0.16150068 -0.35250455 -0.01086808  0.28680046 -0.08969359]
 [-0.06639475  0.05993136 -0.0175479   0.03838425 -0.03795033]
 [ 0.00338779  0.09589451  0.13285071 -0.02483591 -0.05153776]
 [-0.13210532 -0.09439889 -0.17865674 -0.21052026 -0.05057352]]
U = [[ 0.17696831  0.15110585  0.33439695  0.32956586 -0.03427597]
 [-0.33480181 -0.12198698  0.13732633  0.10984801  0.20807847]
 [-0.00124439 -0.10144687 -0.27440439 -0.10306014  0.20311875]
 [ 0.20593091 -0.05166027  0.2155332  -0.14963253 -0.07532947]
 [-0.07328438 -0.05073774 -0.29277198 -0.05598372 -0.07702755]]
Matrix Pair 64; W = [[ 0.21421809  0.11029237  0.1407411  -0.15699059  0.05866543]
 [-0.17910947 -0.26735747 -0.01771727  0.19970142 -0.16348994]
 [-0.03521367 -0.09147987 -0.16878326  0.01820298 -0.06556022]
 [ 0.00287918  0.03301717  0.19014421 -0.06010688 -0.01945973]
 [-0.07724905 -0.14384921 -0.28343763 -0.23275811 -0.07068336]]
U = [[ 0.18852996  0.11586843  0.37505613  0.36210136  0.02354115]
 [-0.3243013  -0.02362421 -0.01139011  0.12762793  0.16161575]
 [ 0.06661044 -0.06613263 -0.13986557 -0.03493183  0.2340733 ]
 [ 0.25888924 -0.02956443  0.22159762 -0.13896447 -0.16202203]
 [-0.04918451  0.00824545 -0.31303962 -0.05091316 -0.15407873]]
Matrix Pair 65; W = [[ 0.2269912   0.04431628  0.05671707 -0.15861009  0.08255268]
 [-0.13924187 -0.27125684  0.02380764  0.13779407 -0.16311575]
 [-0.11620175 -0.03676523 -0.16551816  0.03586405 -0.06001002]
 [-0.02537467  0.06013995  0.10778647 -0.04684617 -0.05952804]
 [-0.09550915 -0.0849481  -0.21094065 -0.2274843  -0.02352473]]
U = [[ 0.15041163  0.15195112  0.35377013  0.33071931 -0.06400173]
 [-0.25848416 -0.00421263  0.07369679  0.07876887  0.12063297]
 [ 0.11497072 -0.09647869 -0.14927532 -0.07337441  0.17440027]
 [ 0.18472346  0.03336951  0.16651657 -0.11099425 -0.20080951]
 [ 0.01644691 -0.06127849 -0.32294458 -0.08952682 -0.1141962 ]]
Matrix Pair 66; W = [[ 0.20427044  0.11846129  0.14538125 -0.07286226  0.05312276]
 [-0.17510945 -0.33258955  0.01571385  0.23011054 -0.18539779]
 [-0.04706441 -0.04305882 -0.11064079  0.03090183 -0.00856669]
 [ 0.02048689  0.06897432  0.10217803 -0.07686182 -0.07166244]
 [-0.06834609 -0.1268274  -0.24989501 -0.2404163   0.01662722]]
U = [[ 0.15696788  0.10621745  0.3713188   0.33483219 -0.03855801]
 [-0.26123188 -0.02821661  0.0313435   0.06556837  0.17523254]
 [ 0.10242561 -0.09153906 -0.16882458 -0.06498552  0.15235489]
 [ 0.24481177 -0.03705674  0.24734453 -0.12070566 -0.20968859]
 [-0.02791359 -0.00617592 -0.24136826 -0.03715569 -0.11493153]]
Matrix Pair 67; W = [[ 0.16107197  0.04608676  0.06033407 -0.07835813  0.05198818]
 [-0.14218417 -0.31879061  0.03055218  0.23430509 -0.09736225]
 [-0.07736597 -0.06693491 -0.08048071  0.01822712 -0.02650643]
 [-0.01475987  0.05494596  0.12383006 -0.11938409 -0.02916404]
 [-0.07262765 -0.07347087 -0.19007734 -0.19310198 -0.02594438]]
U = [[ 0.19169199  0.19119873  0.34653987  0.31776247 -0.04786546]
 [-0.22608848 -0.01617032  0.05235851  0.07770631  0.18000207]
 [ 0.12749534 -0.10585846 -0.21336187 -0.04664355  0.22876901]
 [ 0.17111013 -0.02856819  0.24671066 -0.11872274 -0.12069308]
 [-0.03253099 -0.04074281 -0.23211014 -0.0342716  -0.12387004]]
Matrix Pair 68; W = [[ 0.2444236   0.03459239  0.07756373 -0.12690291  0.00771577]
 [-0.12008943 -0.33723733 -0.0222701   0.19191091 -0.16793394]
 [-0.02419352 -0.00781873 -0.14672172  0.08641743 -0.04489269]
 [-0.00314149  0.05002168  0.18937278 -0.06757457 -0.08218073]
 [-0.0419707  -0.0921225  -0.20426791 -0.16472788 -0.02183289]]
U = [[ 0.1401313   0.17482812  0.39329977  0.32976457 -0.03834111]
 [-0.32130418 -0.07667988  0.00427451  0.09465795  0.1643021 ]
 [ 0.06525067 -0.13147368 -0.1362967  -0.07081552  0.18046556]
 [ 0.24650342 -0.02746127  0.16919865 -0.15984351 -0.14964564]
 [-0.04604731  0.01515478 -0.26367966 -0.0757594  -0.07978615]]
Matrix Pair 69; W = [[ 0.1846525   0.05886421  0.06105264 -0.15618073  0.06247811]
 [-0.16761156 -0.35464366 -0.02501435  0.16889889 -0.16433937]
 [-0.0515864  -0.08385386 -0.14500167  0.03049242 -0.0217965 ]
 [ 0.03052834  0.10883096  0.1813637  -0.05091405 -0.05817465]
 [-0.03748961 -0.09970138 -0.27866619 -0.24880296 -0.01136118]]
U = [[ 0.13965014  0.11059152  0.3890836   0.2812028  -0.02566839]
 [-0.27184696 -0.03067457  0.02745795  0.12851539  0.13209133]
 [ 0.11592191 -0.14905289 -0.19684446 -0.03176048  0.15628517]
 [ 0.2361667   0.00970421  0.21021663 -0.10364592 -0.13315801]
 [-0.06246556 -0.03023994 -0.25156273 -0.03068816 -0.0746862 ]]
Matrix Pair 70; W = [[ 0.23207773  0.09314183  0.08204963 -0.12856361  0.04455297]
 [-0.1956269  -0.28152169  0.00662161  0.15147935 -0.18524259]
 [-0.05737447 -0.00694073 -0.11562263  0.07106219 -0.01579914]
 [-0.00410738  0.11526156  0.15981342 -0.04010724 -0.03449323]
 [-0.04715814 -0.08889128 -0.21728051 -0.25161013  0.00877849]]
U = [[ 0.20346581  0.14908169  0.31328315  0.32645906  0.02267779]
 [-0.25474876  0.00035341  0.02786385  0.13790713  0.19323773]
 [ 0.11241152 -0.08882742 -0.15920145 -0.02694144  0.20175625]
 [ 0.23198692 -0.03116886  0.24502008 -0.0950239  -0.15885031]
 [-0.00088335 -0.05388147 -0.27496647 -0.04057864 -0.13999357]]
Matrix Pair 71; W = [[ 0.16615266  0.04964222  0.08574924 -0.07749332 -0.00183789]
 [-0.11660855 -0.32603045 -0.04435052  0.1396687  -0.11134391]
 [-0.11208618 -0.10326297 -0.07872806  0.03355039 -0.02033004]
 [ 0.01680391  0.02011122  0.13813842 -0.04471264 -0.00562126]
 [-0.1092303  -0.1108403  -0.23885083 -0.20802289 -0.0439201 ]]
U = [[ 0.22221344  0.17594814  0.32143972  0.36920774 -0.04472287]
 [-0.30439272 -0.06130313  0.05760571  0.08084058  0.14720879]
 [ 0.10856518 -0.09385528 -0.21775872 -0.09088679  0.20338062]
 [ 0.18567507  0.02572034  0.20626439 -0.13550608 -0.2097562 ]
 [-0.03436864 -0.04305844 -0.3063129  -0.05485164 -0.12138509]]
Matrix Pair 72; W = [[ 0.16508609  0.06056058  0.13345301 -0.09901264  0.00371495]
 [-0.12752664 -0.27101205 -0.03897103  0.1779167  -0.18108012]
 [-0.06173542 -0.08237855 -0.1577745   0.07639101 -0.03551093]
 [ 0.00650901  0.02304457  0.10677429 -0.13204278 -0.01464945]
 [-0.09491056 -0.08722027 -0.26676349 -0.18702116 -0.0628299 ]]
U = [[ 0.14746739  0.14124767  0.31635208  0.29354047  0.00475798]
 [-0.25857294 -0.03459389  0.05975732  0.12248218  0.11407627]
 [ 0.09137209 -0.08117454 -0.21927209 -0.0827416   0.23817457]
 [ 0.26413668 -0.01051965  0.19130076 -0.150191   -0.1570408 ]
 [ 0.00716147 -0.00996343 -0.32678961 -0.09835629 -0.0871439 ]]
Matrix Pair 73; W = [[ 0.18256068  0.04644636  0.0892605  -0.12063312 -0.00685494]
 [-0.18821937 -0.33717034  0.01695268  0.21153749 -0.18584015]
 [-0.09294731 -0.0222114  -0.09411045  0.04912585 -0.07417959]
 [-0.0476903   0.0448611   0.12226264 -0.04539471 -0.05763565]
 [-0.06366823 -0.09787673 -0.25871187 -0.20757765 -0.07215432]]
U = [[ 0.15918094  0.19088146  0.37536033  0.34868704 -0.03517186]
 [-0.22699764 -0.047861    0.00396623  0.05439716  0.13292324]
 [ 0.13609822 -0.0733684  -0.14317589 -0.08369765  0.1752156 ]
 [ 0.26586556 -0.03118445  0.19131864 -0.09852181 -0.19656719]
 [-0.07811267  0.01128985 -0.28128784 -0.01095916 -0.13940789]]
Matrix Pair 74; W = [[ 0.16175299  0.10527696  0.09907791 -0.07543802 -0.00146565]
 [-0.15021111 -0.35675816  0.04712358  0.13963307 -0.13604853]
 [-0.08396959 -0.04742119 -0.17094771  0.07450398 -0.01583674]
 [ 0.02101434  0.10432074  0.16599268 -0.07471051  0.00111557]
 [-0.10177583 -0.09157604 -0.28086033 -0.22344467 -0.05958772]]
U = [[ 0.16089692  0.19339838  0.33408068  0.3627893  -0.01397787]
 [-0.28369158 -0.02117303  0.06069506  0.14222574  0.09800601]
 [ 0.09647872 -0.0850241  -0.14440203 -0.01913397  0.16166803]
 [ 0.24894657 -0.02050462  0.15940555 -0.1573606  -0.178735  ]
 [-0.03339541 -0.03587126 -0.24534532 -0.03759148 -0.12127341]]
Matrix Pair 75; W = [[ 0.19564284  0.03720276  0.11415918 -0.16149073  0.01516468]
 [-0.17320896 -0.28475839 -0.00827424  0.15904925 -0.15471634]
 [-0.03319357 -0.01513103 -0.10405624  0.0266391  -0.01748831]
 [ 0.03234615  0.11506955  0.15105299 -0.06697439 -0.00469408]
 [-0.09954425 -0.11299824 -0.2184718  -0.21957912 -0.06434024]]
U = [[ 0.22694615  0.18328666  0.31720443  0.3674048  -0.06121315]
 [-0.32409035 -0.01340218  0.04108838  0.08097679  0.14324962]
 [ 0.12009032 -0.08475469 -0.1847535  -0.06621872  0.20025187]
 [ 0.17510687  0.04683192  0.21480885 -0.18053739 -0.16327517]
 [-0.06664486 -0.07023972 -0.3142054  -0.06060422 -0.07939571]]
Matrix Pair 76; W = [[ 0.21025424  0.06837636  0.14224833 -0.07939959  0.00615317]
 [-0.15160825 -0.3121208  -0.04220293  0.17809513 -0.12431801]
 [-0.10390311 -0.09124473 -0.14204247  0.092124   -0.0846235 ]
 [-0.01887364  0.10416449  0.18011091 -0.09808733 -0.00386222]
 [-0.06899595 -0.13084827 -0.26350234 -0.1965612   0.01038414]]
U = [[ 0.1319652   0.18253305  0.2985345   0.33017    -0.00538939]
 [-0.23417418 -0.07280472 -0.00631309  0.09840476  0.15314606]
 [ 0.11693025 -0.15422889 -0.21843005 -0.08423679  0.21529082]
 [ 0.17280813 -0.03931433  0.24466615 -0.15505447 -0.21967213]
 [-0.03620476 -0.04712176 -0.27065552 -0.04716224 -0.08588753]]
Matrix Pair 77; W = [[ 0.1861853   0.11987295  0.14888961 -0.07905333 -0.00655499]
 [-0.19913474 -0.31092396  0.02018758  0.18724925 -0.12267111]
 [-0.09206759 -0.02315041 -0.09259971  0.09982371 -0.00617217]
 [ 0.02020457  0.05089191  0.1153408  -0.04918212 -0.00162362]
 [-0.12613277 -0.13285085 -0.20625312 -0.2225062  -0.04336755]]
U = [[ 0.1516892   0.16206758  0.36166823  0.29409456 -0.03734043]
 [-0.27235172 -0.0308597   0.03799449  0.11212511  0.13877494]
 [ 0.06604851 -0.14624427 -0.17355933 -0.04885209  0.24132197]
 [ 0.26972188  0.03864019  0.15159634 -0.13486874 -0.17272113]
 [-0.0220228   0.0184358  -0.32545534 -0.03263741 -0.13274231]]
Matrix Pair 78; W = [[ 0.22500429  0.10674775  0.11515969 -0.07555735  0.03033004]
 [-0.17564103 -0.30419093 -0.04345235  0.22179496 -0.15789769]
 [-0.07977494 -0.06313858 -0.0987271   0.03834528  0.00538258]
 [-0.01122327  0.03053169  0.11995819 -0.05517615 -0.02519491]
 [-0.10324422 -0.12247161 -0.21503613 -0.21229122 -0.00177356]]
U = [[ 1.64460139e-01  1.48773481e-01  3.06029929e-01  3.51464644e-01
   1.71809991e-02]
 [-2.34059881e-01 -6.57097850e-02 -6.28969425e-05  4.94923400e-02
   1.50707352e-01]
 [ 8.42787366e-02 -1.35823734e-01 -1.89163086e-01 -1.09748163e-01
   1.59605599e-01]
 [ 2.30175324e-01  1.61162286e-02  2.50235748e-01 -1.47949307e-01
  -1.41076626e-01]
 [-7.30325811e-02 -5.73389777e-02 -3.11517980e-01 -4.71612833e-02
  -6.86353785e-02]]
Matrix Pair 79; W = [[ 0.21354286  0.07560687  0.08621806 -0.09187006  0.01735724]
 [-0.20450368 -0.3446098   0.00469691  0.1386851  -0.17351245]
 [-0.05021131 -0.01986535 -0.10036886  0.07440336 -0.03440993]
 [-0.00691828  0.03862414  0.1364075  -0.06239438 -0.03835493]
 [-0.09488628 -0.07071853 -0.245102   -0.19965739 -0.00310389]]
U = [[ 0.19770598  0.14223049  0.39128924  0.36144766 -0.03302562]
 [-0.31858985 -0.07326557  0.00404016  0.0945001   0.14875426]
 [ 0.08795581 -0.12791005 -0.22108893 -0.07807454  0.23372469]
 [ 0.22164663  0.0255548   0.24627403 -0.08687218 -0.19335049]
 [-0.05942452 -0.0453394  -0.26842748 -0.07840873 -0.12326627]]
Matrix Pair 80; W = [[ 0.15974736  0.0250619   0.09150884 -0.09595487  0.0131276 ]
 [-0.14799515 -0.29366567 -0.00062257  0.28777946 -0.12320526]
 [-0.05538813  0.01754602 -0.10845709  0.0982592  -0.03395839]
 [-0.01249058  0.03841588  0.18330579 -0.0093026  -0.10933717]
 [-0.08943148 -0.08417533 -0.22709146 -0.15732603 -0.02341474]]
U = [[ 0.11141266  0.0897505   0.3055775   0.25664471 -0.02136493]
 [-0.38475659 -0.09087294  0.0935754   0.05827853  0.23404701]
 [ 0.14207093 -0.07395481 -0.1736263  -0.13154593  0.22612841]
 [ 0.29826048 -0.09579481  0.27106249 -0.07993776 -0.11280444]
 [-0.12029377 -0.00442015 -0.24590554 -0.07033326 -0.0683349 ]]
Matrix Pair 81; W = [[ 0.14458802 -0.01674935  0.13711771 -0.1782862  -0.02573988]
 [-0.1278161  -0.2863428   0.01088317  0.29594699 -0.04125746]
 [ 0.00494776 -0.03117743 -0.08537227  0.08020064  0.00578828]
 [-0.02423692  0.03291609  0.15579047  0.02130969 -0.0303587 ]
 [-0.11453877 -0.15798442 -0.24436009 -0.19684123 -0.06069821]]
U = [[ 0.16588133  0.15599931  0.34032162  0.27460688 -0.07027568]
 [-0.35663739 -0.05013913  0.08279835  0.07460522  0.20440226]
 [ 0.06033632 -0.15855214 -0.20046297 -0.1606696   0.20623704]
 [ 0.25056517 -0.07115733  0.25462017 -0.06790086 -0.17207745]
 [-0.1507888  -0.00853291 -0.25321178 -0.01788422 -0.06441914]]
Matrix Pair 82; W = [[ 0.16079556 -0.01249564  0.12461528 -0.09436282  0.05988301]
 [-0.074888   -0.29680421  0.02131238  0.26801643 -0.13260223]
 [-0.01626222  0.03937517 -0.07257973  0.053885    0.00512213]
 [-0.03200369  0.11231227  0.12769412 -0.05645558 -0.06214989]
 [-0.05688455 -0.13507152 -0.28001418 -0.13883532  0.00428655]]
U = [[ 0.1338831   0.16381781  0.28614678  0.34670804 -0.03224419]
 [-0.36973874 -0.12311085  0.05840998  0.11296992  0.21358895]
 [ 0.14921579 -0.16947891 -0.18500941 -0.11745479  0.230823  ]
 [ 0.29155076 -0.03001097  0.26626179 -0.1135718  -0.0949542 ]
 [-0.15065303 -0.03187986 -0.27415471 -0.01172558 -0.01062576]]
Matrix Pair 83; W = [[ 0.16350311 -0.0150087   0.0924309  -0.16437322  0.06080029]
 [-0.09014732 -0.31360776  0.00831566  0.32175579 -0.03837018]
 [-0.05081883 -0.02126617 -0.14320885  0.09958977  0.00892092]
 [-0.03505386  0.06244697  0.1772916  -0.05355027 -0.06316773]
 [-0.12774588 -0.13142817 -0.23430743 -0.19062087 -0.00107858]]
U = [[ 0.14157279  0.08214659  0.24702976  0.26385312 -0.09398007]
 [-0.33198453 -0.08642737  0.08267754  0.05458588  0.16797069]
 [ 0.09529929 -0.07959921 -0.14309998 -0.09910063  0.15719407]
 [ 0.31143973 -0.04383026  0.26037164 -0.13096568 -0.10861344]
 [-0.09497893  0.00639543 -0.23875094 -0.01430445  0.01631282]]
Matrix Pair 84; W = [[ 0.15162837  0.00752698  0.13365434 -0.14322323  0.01507389]
 [-0.06607333 -0.33859961 -0.00969354  0.27403935 -0.08023557]
 [-0.010289   -0.00733664 -0.12913213  0.06433228 -0.03209256]
 [-0.04076585  0.08522966  0.14986946 -0.00857574 -0.03896104]
 [-0.07237418 -0.10249251 -0.20794553 -0.20241502 -0.03419928]]
U = [[ 0.12087337  0.11273649  0.33959664  0.30143063 -0.03952942]
 [-0.30162187 -0.10302116  0.11095178  0.10300458  0.18248001]
 [ 0.11729249 -0.12405117 -0.21275291 -0.10685484  0.2015677 ]
 [ 0.29161836 -0.07877483  0.28077296 -0.10038289 -0.12782053]
 [-0.09219318 -0.00094889 -0.26013664 -0.02085165 -0.01711108]]
Matrix Pair 85; W = [[ 0.22675439 -0.00343327  0.15323659 -0.12792014  0.01935958]
 [-0.07691455 -0.35119448 -0.04249369  0.33701587 -0.10283648]
 [ 0.00559923  0.02736007 -0.06430317  0.08213205  0.00658414]
 [-0.10052779  0.03988102  0.18408222 -0.04514278 -0.09313261]
 [-0.12570839 -0.13621452 -0.25340771 -0.19411933 -0.06918241]]
U = [[ 0.16714264  0.12102921  0.28283167  0.32955344 -0.06470749]
 [-0.38167388 -0.12137085  0.07176117  0.14467026  0.18086184]
 [ 0.08279193 -0.12544449 -0.14592103 -0.15526127  0.21658445]
 [ 0.2645767  -0.02944604  0.23487091 -0.11765782 -0.17281595]
 [-0.10252894 -0.0783767  -0.30014228 -0.09868157 -0.02238013]]
Matrix Pair 86; W = [[ 0.16310295  0.0043313   0.09796691 -0.14376626  0.06510865]
 [-0.08973379 -0.26354515 -0.0072355   0.2764975  -0.06355984]
 [-0.00597116 -0.0063604  -0.07625265  0.04426613 -0.05308121]
 [-0.03637868  0.10891693  0.12149889 -0.02094399 -0.10055326]
 [-0.10947685 -0.12538265 -0.23245413 -0.21734425 -0.00914323]]
U = [[ 0.20441672  0.0780758   0.27850452  0.32117619 -0.06418407]
 [-0.31514576 -0.08314275  0.10279131  0.07461626  0.22160496]
 [ 0.09419827 -0.14838251 -0.22155111 -0.11231436  0.23971305]
 [ 0.25373058 -0.10080853  0.21816734 -0.10757162 -0.0998267 ]
 [-0.1048623  -0.04473828 -0.29655682 -0.03717281  0.02051562]]
Matrix Pair 87; W = [[ 0.1515035   0.07639907  0.0677692  -0.12772049  0.00461382]
 [-0.11524081 -0.32171876 -0.02410803  0.30143521 -0.12480059]
 [-0.0199569   0.0316199  -0.08724069  0.06250062 -0.05763542]
 [-0.01536623  0.12027598  0.13303138  0.00382945 -0.10047522]
 [-0.1043517  -0.08262958 -0.27989952 -0.19209122 -0.02294864]]
U = [[ 0.12991389  0.10553372  0.27440323  0.29576627 -0.06160426]
 [-0.31162521 -0.05354119  0.13260902  0.07837406  0.16306274]
 [ 0.08483639 -0.13296709 -0.18587394 -0.1209575   0.19044679]
 [ 0.29808677 -0.01250486  0.2946963  -0.15423057 -0.09406758]
 [-0.09850935 -0.03536891 -0.30795112 -0.08863185 -0.01131947]]
Matrix Pair 88; W = [[ 0.21593074 -0.02104451  0.078973   -0.11877981 -0.01315915]
 [-0.08323554 -0.3198253  -0.0274036   0.26570704 -0.13383711]
 [-0.04261807  0.01000255 -0.10780055  0.03094738 -0.06228381]
 [-0.07938945  0.1260249   0.1620526  -0.05313555 -0.0880956 ]
 [-0.08098268 -0.09998386 -0.20640331 -0.15895721 -0.0693684 ]]
U = [[ 0.19610638  0.1590109   0.32792462  0.29676869 -0.10366273]
 [-0.35814942 -0.09373328  0.05456095  0.09543881  0.23845655]
 [ 0.08574715 -0.15503115 -0.2046657  -0.15648511  0.17628783]
 [ 0.29996044 -0.00539824  0.2585205  -0.1132161  -0.11709982]
 [-0.13333101 -0.00814588 -0.24451008 -0.05247092 -0.06454952]]
Matrix Pair 89; W = [[ 0.20170764 -0.00681328  0.07124185 -0.16804582  0.00901995]
 [-0.06703666 -0.31673129  0.00880342  0.35466147 -0.10041966]
 [-0.05133179 -0.00402143 -0.14548965  0.0136891  -0.08500557]
 [-0.07860734  0.11610768  0.19437286 -0.02204293 -0.0407293 ]
 [-0.06031644 -0.08373271 -0.27691568 -0.17880198 -0.02806569]]
U = [[ 0.1206771   0.12689691  0.24400457  0.25808628 -0.02250603]
 [-0.36117787 -0.12402754  0.07341692  0.06690498  0.19033269]
 [ 0.12534278 -0.09000104 -0.22355753 -0.15590353  0.22293291]
 [ 0.32214195 -0.06031686  0.21522694 -0.14770473 -0.16044616]
 [-0.10445305 -0.07547136 -0.23610127 -0.01757661 -0.03308265]]
Matrix Pair 90; W = [[ 0.21908499  0.06712815  0.12965101 -0.08199811  0.07150878]
 [-0.05193433 -0.26793117  0.00437967  0.26298708 -0.04668229]
 [ 0.00529229 -0.02456342 -0.12781383  0.05755024 -0.03185506]
 [-0.08501898  0.04197249  0.1741266   0.00529641 -0.08952411]
 [-0.04278543 -0.13270272 -0.24630352 -0.14025313 -0.0101999 ]]
U = [[ 0.11917459  0.14872286  0.33090226  0.28828244 -0.03547988]
 [-0.30403603 -0.10731488  0.0627877   0.08091582  0.21440187]
 [ 0.14793236 -0.1243076  -0.16364959 -0.09011864  0.18208773]
 [ 0.23521133 -0.01338462  0.27811903 -0.11220589 -0.09781117]
 [-0.14834157 -0.06385435 -0.26082165 -0.04828786 -0.01474026]]
Matrix Pair 91; W = [[ 0.21633208 -0.01361828  0.06792811 -0.10214855  0.05476693]
 [-0.08940937 -0.3125096   0.02383082  0.32422598 -0.11081703]
 [-0.08484925  0.00656768 -0.05455554  0.05932838 -0.01988657]
 [-0.03377898  0.07465294  0.17499715 -0.04146078 -0.04393052]
 [-0.04813593 -0.14255582 -0.2577313  -0.15075309 -0.01970601]]
U = [[ 0.12255603  0.15263534  0.3354781   0.25396249 -0.10230261]
 [-0.33261974 -0.14427121  0.12327304  0.11920791  0.21431858]
 [ 0.11458683 -0.09822729 -0.23771945 -0.16383599  0.16989489]
 [ 0.25597739 -0.00453507  0.29363391 -0.09043231 -0.09663626]
 [-0.10054804 -0.04436179 -0.2862668  -0.01035426  0.01648282]]
Matrix Pair 92; W = [[ 0.16958399 -0.01720455  0.15213876 -0.16971083  0.06498288]
 [-0.12874228 -0.33201026  0.02417187  0.3415453  -0.07200926]
 [-0.01767154  0.03504871 -0.10438142  0.02684186 -0.02661111]
 [-0.08192175  0.129833    0.12874507  0.00963689 -0.07321549]
 [-0.12157785 -0.12789251 -0.18745331 -0.20124709  0.00446796]]
U = [[ 0.1378066   0.07709595  0.34238828  0.32979033 -0.08574522]
 [-0.32768688 -0.04982614  0.10470028  0.10798446  0.20681488]
 [ 0.13292629 -0.14373455 -0.16593587 -0.12468266  0.19922674]
 [ 0.28160006 -0.01530195  0.25145045 -0.08163199 -0.08336196]
 [-0.150208   -0.06330561 -0.26156139 -0.03861234 -0.04347508]]
Matrix Pair 93; W = [[ 0.16017618 -0.01215142  0.13822958 -0.14338    -0.01409552]
 [-0.07247303 -0.31685473 -0.05579149  0.35370166 -0.11444825]
 [ 0.00719081 -0.01539153 -0.07254326  0.0624942  -0.0152324 ]
 [-0.0923732   0.12435814  0.10624969 -0.05317926 -0.10016791]
 [-0.07470824 -0.15410219 -0.27583183 -0.21238077 -0.00155617]]
U = [[ 0.19923029  0.16564021  0.26259959  0.26843885 -0.04825221]
 [-0.29646046 -0.13518993  0.13390443  0.05867534  0.23389441]
 [ 0.12399992 -0.13867093 -0.20169323 -0.1005519   0.18816029]
 [ 0.25106106 -0.01636572  0.24699682 -0.13667792 -0.11506808]
 [-0.15605934 -0.06237578 -0.24634759 -0.06719967 -0.04046119]]
Matrix Pair 94; W = [[ 0.16810452  0.00201731  0.11754361 -0.14921434  0.01699725]
 [-0.06334888 -0.29420161 -0.02055754  0.32419137 -0.1273664 ]
 [-0.08667965 -0.01673232 -0.12736617  0.07347191 -0.00370767]
 [-0.02199799  0.09075631  0.16795774 -0.06133435 -0.05988204]
 [-0.0865112  -0.09480621 -0.23299595 -0.18619177  0.00590137]]
U = [[ 0.1767869   0.11855501  0.28493734  0.33876772 -0.09609468]
 [-0.36797554 -0.05534854  0.04477195  0.06766302  0.16065987]
 [ 0.06153583 -0.09075716 -0.22398681 -0.14970581  0.20283602]
 [ 0.2313396  -0.06259746  0.27945288 -0.10819261 -0.14093857]
 [-0.15481494 -0.07004979 -0.27925697 -0.03722736 -0.03543872]]
Matrix Pair 95; W = [[ 0.15292219  0.01203083  0.11792788 -0.14031568 -0.00148663]
 [-0.13942238 -0.26553208  0.02050712  0.31945324 -0.12516848]
 [-0.05866849 -0.0118164  -0.10995828  0.08061117 -0.08821377]
 [-0.02310349  0.10156938  0.18949961 -0.0660388  -0.10382424]
 [-0.12760636 -0.119189   -0.23092641 -0.15537755 -0.05090183]]
U = [[ 0.13390321  0.10182671  0.29009364  0.25424525 -0.0784966 ]
 [-0.34461486 -0.07334616  0.1398637   0.07325577  0.18571882]
 [ 0.10233063 -0.09063538 -0.16330956 -0.07423291  0.20688664]
 [ 0.25971004 -0.04893977  0.24677107 -0.14934282 -0.14836452]
 [-0.06818163 -0.06414127 -0.3095739  -0.03664118 -0.01497872]]
Matrix Pair 96; W = [[ 1.68134167e-01  7.26301098e-02  1.93759739e-01 -3.19541623e-02
   2.04641283e-02]
 [-5.39826690e-02 -3.87188929e-01 -1.60376698e-02  2.07830355e-01
  -1.40906327e-01]
 [-6.84026874e-03  2.05182883e-03 -1.03681246e-01  7.33303497e-02
  -3.19434441e-04]
 [-1.05917048e-02  1.34293960e-01  2.03197262e-01 -1.01268348e-01
  -7.23757137e-02]
 [-1.23371079e-01 -1.35303698e-01 -1.92162711e-01 -1.22516562e-01
  -7.04682716e-02]]
U = [[ 0.17870599  0.18021941  0.35043761  0.33111892 -0.05244305]
 [-0.28402556 -0.03569541  0.08223051  0.13351087  0.11614371]
 [ 0.10147856 -0.06796985 -0.23465944 -0.13229773  0.22392274]
 [ 0.22038967  0.05326699  0.28528753 -0.07765334 -0.08618532]
 [-0.12933194 -0.04101336 -0.28273818 -0.0556167  -0.00602423]]
Matrix Pair 97; W = [[ 0.19599298 -0.00645882  0.14532959 -0.06840585  0.0531196 ]
 [-0.13304334 -0.39748626  0.01498186  0.25305749 -0.10487988]
 [-0.05404031  0.00744403 -0.11902702  0.09053884 -0.02703642]
 [ 0.02449826  0.12978221  0.21165199 -0.05758147 -0.09591308]
 [-0.14820709 -0.08641297 -0.18632403 -0.16311075 -0.0544618 ]]
U = [[ 0.16390895  0.20196466  0.29454582  0.37361275 -0.05508417]
 [-0.32217175 -0.0294577   0.0127715   0.12283279  0.10779554]
 [ 0.03476117 -0.11814757 -0.20126944 -0.06663653  0.16400656]
 [ 0.22330431  0.02880461  0.26624077 -0.06727506 -0.08595062]
 [-0.09166522  0.01177485 -0.20808235 -0.08962388  0.01166321]]
Matrix Pair 98; W = [[ 0.18783064  0.0674264   0.12476054 -0.10466886  0.0381565 ]
 [-0.12639675 -0.40522776  0.01343858  0.28356297 -0.18244304]
 [-0.00777187 -0.03719793 -0.12552571  0.09247598  0.05069736]
 [-0.00419757  0.06649331  0.18905157 -0.05266639 -0.07861796]
 [-0.09633685 -0.15892926 -0.23475724 -0.17557474 -0.07908808]]
U = [[ 0.12767639  0.19042335  0.35014165  0.3732637  -0.00869192]
 [-0.29037022 -0.04116311  0.00123571  0.13128918  0.10192513]
 [ 0.10040311 -0.0389112  -0.21748296 -0.09754836  0.17425946]
 [ 0.26358297  0.04935328  0.2876139  -0.10016906 -0.12633587]
 [-0.04426301  0.01299629 -0.25787242 -0.06863902 -0.02340518]]
Matrix Pair 99; W = [[ 0.1615711   0.06687994  0.18972488 -0.05344743  0.04344896]
 [-0.08067206 -0.3427559  -0.03928678  0.27977322 -0.16728266]
 [-0.00966912  0.01987422 -0.14893205  0.03773026 -0.04773069]
 [ 0.00260996  0.08310901  0.15188723 -0.14160676 -0.03546134]
 [-0.07477237 -0.09182358 -0.22477105 -0.12659538 -0.01369652]]
U = [[ 0.0935572   0.20014641  0.36962074  0.33754877 -0.08730795]
 [-0.3122536  -0.03175042  0.03131775  0.03433882  0.15880626]
 [ 0.06334476 -0.0477046  -0.26961338 -0.13136441  0.17261853]
 [ 0.25370841  0.04304229  0.25038222 -0.11114986 -0.04915344]
 [-0.04002082  0.01187376 -0.20765853 -0.05790504 -0.01476577]]
Matrix Pair 100; W = [[ 0.19356166  0.04993501  0.14226353 -0.05388784  0.00284477]
 [-0.07993937 -0.37903882 -0.05802521  0.2355633  -0.18137294]
 [ 0.00858971 -0.00205205 -0.11949608  0.0519886  -0.02786126]
 [-0.02939513  0.12047224  0.17173773 -0.06285911 -0.08914908]
 [-0.08851704 -0.13002274 -0.22095366 -0.19734919 -0.03433626]]
U = [[ 0.12715483  0.16260838  0.34968827  0.33074643 -0.02202045]
 [-0.28502944 -0.07515478  0.01907358  0.11267361  0.16729296]
 [ 0.04111569 -0.04022733 -0.21861595 -0.14740504  0.21229923]
 [ 0.28348736  0.0179804   0.22030618 -0.09043415 -0.0583501 ]
 [-0.11627309 -0.03979876 -0.25905212 -0.0524911  -0.04075022]]
Matrix Pair 101; W = [[ 2.33738600e-01  5.93792361e-02  1.59033029e-01 -6.17809396e-02
  -2.04519584e-02]
 [-1.38488131e-01 -3.94587628e-01 -3.12721898e-02  2.44187663e-01
  -1.23940529e-01]
 [-4.83190688e-03  3.90333669e-02 -1.22978457e-01  7.63142044e-02
  -3.56395932e-02]
 [-1.05465727e-02  5.92832389e-02  2.36959268e-01 -1.22369558e-01
  -8.11255134e-03]
 [-6.57540459e-02 -9.45177768e-02 -2.47116240e-01 -1.32169905e-01
  -2.10783753e-04]]
U = [[ 0.16353596  0.15493239  0.33084015  0.39296842 -0.05358056]
 [-0.31408746 -0.06383532  0.05121837  0.10642811  0.10063161]
 [ 0.05400517 -0.071785   -0.24113756 -0.08005102  0.18302372]
 [ 0.2275498   0.02884192  0.20282396 -0.08704799 -0.11950205]
 [-0.11589689 -0.01340446 -0.2849453  -0.04283505 -0.06351907]]
Matrix Pair 102; W = [[ 0.17424571  0.0240816   0.12993493 -0.08521941  0.00737749]
 [-0.05572074 -0.42156272 -0.00132238  0.21787589 -0.17983745]
 [-0.00303225 -0.02964129 -0.16512751  0.04853018 -0.0384978 ]
 [-0.022406    0.13611995  0.18900972 -0.11078123 -0.09435983]
 [-0.07071357 -0.11005654 -0.25052429 -0.16025154 -0.03077145]]
U = [[ 0.14149043  0.13876407  0.28411778  0.34160195 -0.0726594 ]
 [-0.35711736 -0.05444991  0.02503595  0.10953695  0.16029987]
 [ 0.09188135 -0.11377083 -0.21629785 -0.15528607  0.17015393]
 [ 0.21668125  0.04500002  0.24644129 -0.10756076 -0.13333512]
 [-0.04245442 -0.00530232 -0.27948278 -0.04835106 -0.04529771]]
Matrix Pair 103; W = [[ 0.18612712  0.05309943  0.15289453 -0.02538405 -0.02328777]
 [-0.13191757 -0.42140968 -0.04304462  0.24164426 -0.14453045]
 [-0.03814301  0.04589398 -0.11750288  0.09079117  0.00849759]
 [ 0.01257019  0.08583818  0.14933044 -0.05650751 -0.07136001]
 [-0.07397392 -0.14635647 -0.24471131 -0.17950021 -0.03802437]]
U = [[ 0.16162865  0.11784488  0.29659892  0.36027082 -0.07355356]
 [-0.35290513 -0.06254105  0.04992079  0.10329556  0.18898973]
 [ 0.11092941 -0.10462314 -0.19059679 -0.1189276   0.1698781 ]
 [ 0.29022997  0.07437168  0.28306255 -0.13646655 -0.10859624]
 [-0.09540056 -0.04858015 -0.26163458 -0.02598558 -0.03186135]]
Matrix Pair 104; W = [[ 1.73198951e-01  7.46421840e-03  1.48450620e-01 -3.11819781e-02
  -3.53438304e-04]
 [-7.30137957e-02 -3.77119654e-01  2.07560377e-02  2.93894991e-01
  -1.03143945e-01]
 [-3.64152312e-02  2.27143666e-02 -1.20820281e-01  7.76467449e-02
   3.53476293e-02]
 [ 3.54941301e-02  5.39868722e-02  1.99620358e-01 -7.07147321e-02
  -1.86872712e-02]
 [-1.30234696e-01 -1.67054767e-01 -2.43034450e-01 -1.14177019e-01
  -6.99042641e-05]]
U = [[ 0.14668202  0.14294377  0.34461319  0.387209   -0.01247312]
 [-0.38024962 -0.03566902  0.07111259  0.09805254  0.12517771]
 [ 0.04932865 -0.07769804 -0.22554962 -0.12698404  0.2113921 ]
 [ 0.2212098   0.05172778  0.24687369 -0.10432728 -0.06272774]
 [-0.05699816 -0.01202163 -0.29098064 -0.02592409  0.00401907]]
Matrix Pair 105; W = [[ 0.20079369 -0.01086309  0.10883254 -0.08095444  0.03099608]
 [-0.07024949 -0.37044553 -0.01915209  0.24590947 -0.09986442]
 [ 0.01598407  0.02548678 -0.09383216  0.09361823 -0.00995214]
 [ 0.00679399  0.11668063  0.2371244  -0.10046973 -0.04794112]
 [-0.14587806 -0.13200541 -0.19545967 -0.11834503 -0.03198311]]
U = [[ 0.14766496  0.18283788  0.32880644  0.32715611 -0.03009316]
 [-0.36086572 -0.06411353  0.08521792  0.08524363  0.14831066]
 [ 0.07217068 -0.12332146 -0.24891575 -0.14964919  0.20114244]
 [ 0.28951232  0.03782974  0.24846116 -0.07027007 -0.11956089]
 [-0.0959949  -0.02643323 -0.2376715  -0.03830527 -0.03222913]]
Matrix Pair 106; W = [[ 0.14548504  0.07270826  0.16949893 -0.0598677  -0.02921795]
 [-0.09625517 -0.32676391 -0.06313447  0.22241442 -0.11415064]
 [ 0.01592839  0.00988729 -0.11640585  0.05879854 -0.00264237]
 [-0.04650363  0.10317495  0.2056514  -0.0830571  -0.00966171]
 [-0.12341088 -0.13377143 -0.24270786 -0.16212106 -0.06258757]]
U = [[ 0.15234401  0.1461633   0.28759901  0.32430321 -0.01058994]
 [-0.31629702 -0.04684585  0.02939925  0.13117543  0.17905951]
 [ 0.03807253 -0.02987695 -0.21332271 -0.15577521  0.14668852]
 [ 0.27485204  0.02184695  0.21784977 -0.11651278 -0.08131995]
 [-0.0895764  -0.00039585 -0.22501895  0.00570693 -0.05301737]]
Matrix Pair 107; W = [[ 0.19565656  0.04492617  0.18471949 -0.12050439  0.05124734]
 [-0.14566968 -0.36795129 -0.04690637  0.24612053 -0.12447833]
 [-0.05818812 -0.04705007 -0.13356016  0.04474495 -0.0440835 ]
 [-0.0624177   0.10355172  0.20996425 -0.1426778  -0.01037625]
 [-0.09349925 -0.12342905 -0.19297428 -0.14346697 -0.0764194 ]]
U = [[ 0.13016214  0.16859743  0.30720666  0.30475389 -0.01751002]
 [-0.29195597 -0.07741931  0.07233624  0.03417936  0.14525281]
 [ 0.05976717 -0.08265912 -0.24686457 -0.15296069  0.23559776]
 [ 0.22869494 -0.00283867  0.27239841 -0.05262193 -0.1169786 ]
 [-0.11705194  0.0031164  -0.2101437  -0.06701182 -0.06365876]]
Matrix Pair 108; W = [[ 0.19022987  0.07902105  0.1568076  -0.0769705  -0.00853071]
 [-0.09609992 -0.4066115  -0.0575133   0.28478729 -0.1447703 ]
 [-0.00791185 -0.02469877 -0.09358426  0.06532374  0.04108022]
 [-0.0380446   0.06852422  0.1558599  -0.11359772 -0.05985529]
 [-0.07265377 -0.16684879 -0.16236709 -0.10592034 -0.05544121]]
U = [[ 0.132537    0.1972519   0.30629403  0.32894024  0.00942539]
 [-0.31259245 -0.10156848  0.07723522  0.05934273  0.11407599]
 [ 0.04147335 -0.07876678 -0.1922512  -0.07271395  0.23462687]
 [ 0.21147297  0.04448561  0.20527928 -0.05409711 -0.07060717]
 [-0.05606682 -0.04229019 -0.20317311  0.00125682 -0.05117241]]
Matrix Pair 109; W = [[ 2.01415991e-01  3.07242188e-04  1.05022139e-01 -3.83084341e-02
   4.14728362e-02]
 [-1.03740236e-01 -3.71340289e-01 -4.20801112e-03  2.35879946e-01
  -1.01650402e-01]
 [-2.88247518e-02  1.14675475e-03 -1.33965072e-01  7.53162205e-02
   4.76864507e-03]
 [-1.03997497e-02  7.97686719e-02  2.29293733e-01 -1.16952845e-01
  -7.25085157e-02]
 [-7.02960083e-02 -1.28292589e-01 -1.93901726e-01 -1.38430900e-01
  -5.74174346e-02]]
U = [[ 0.14583667  0.16642996  0.3670633   0.35266763 -0.087703  ]
 [-0.32943626 -0.05250653  0.05802288  0.06819782  0.15972701]
 [ 0.08703284 -0.07929353 -0.19427448 -0.14087206  0.18378726]
 [ 0.26940088  0.07000803  0.22392677 -0.13039513 -0.04087528]
 [-0.10410674 -0.03442781 -0.21519832 -0.05699003 -0.05018934]]
Matrix Pair 110; W = [[ 0.17781797  0.04662648  0.15731114 -0.08805838  0.00890742]
 [-0.06497577 -0.34751777 -0.01901588  0.29548038 -0.1689483 ]
 [-0.04419143 -0.0392971  -0.1283224   0.08638717  0.02598284]
 [-0.00454743  0.10094919  0.16240146 -0.14695085 -0.00734988]
 [-0.15163441 -0.1100692  -0.23084776 -0.12096873 -0.03479661]]
U = [[ 0.16771839  0.19320396  0.37444194  0.30638584 -0.06561784]
 [-0.35662127 -0.09924442  0.03024354  0.09701864  0.1545709 ]
 [ 0.05237869 -0.12240238 -0.26774098 -0.16303049  0.23857691]
 [ 0.22315368  0.0488318   0.27523147 -0.08656338 -0.04710071]
 [-0.05750069 -0.05800211 -0.28877825 -0.01985614 -0.06360455]]
Matrix Pair 111; W = [[ 0.16451572  0.014477    0.1582829  -0.07970993  0.0011538 ]
 [-0.13007581 -0.37733801 -0.01232466  0.27841011 -0.13077173]
 [-0.04243471  0.02689204 -0.10702936  0.09818242  0.02046345]
 [ 0.00430421  0.09216604  0.15747749 -0.08235397 -0.03283392]
 [-0.12213238 -0.09678815 -0.16816059 -0.12225842 -0.07123035]]
U = [[ 0.10237551  0.17030414  0.33995886  0.36888721 -0.00176423]
 [-0.30782175 -0.07060751 -0.00129295  0.05007821  0.17664505]
 [ 0.0774059  -0.11955015 -0.1888401  -0.11430611  0.15957134]
 [ 0.27660449  0.01776168  0.19529301 -0.05938986 -0.10970371]
 [-0.05796032 -0.00357398 -0.2678523  -0.01335535 -0.01124642]]
Matrix Pair 112; W = [[ 0.21787519  0.04713556  0.09953586 -0.15584527  0.07116667]
 [-0.08250068 -0.34592742  0.00938824  0.30798251 -0.07343736]
 [ 0.03691751  0.04649746 -0.10942516  0.08522106  0.02635334]
 [-0.02809498  0.16967031  0.17985984 -0.05634321 -0.08392219]
 [-0.19202509 -0.12050013 -0.25249634 -0.18432214  0.03609508]]
U = [[ 0.16272206  0.17814723  0.32820947  0.30556646 -0.08063236]
 [-0.28356799 -0.02332662  0.07700459  0.09729167  0.10226934]
 [ 0.11349282 -0.04259889 -0.19172004 -0.09125771  0.2078392 ]
 [ 0.23076653  0.00763002  0.23147265 -0.01555272 -0.10074736]
 [-0.09988835 -0.06417263 -0.27184956 -0.08337854  0.00916171]]
Matrix Pair 113; W = [[ 0.18991732 -0.01806112  0.08251562 -0.07613609  0.04045282]
 [-0.10754661 -0.37519531 -0.03760364  0.27453342 -0.08733444]
 [-0.04383319 -0.01033878 -0.1070546   0.13104401 -0.04847716]
 [-0.07987901  0.15302067  0.16962502 -0.0750807  -0.01699071]
 [-0.14256036 -0.12163605 -0.23176474 -0.18538081  0.00206771]]
U = [[ 0.1923614   0.15940793  0.2526563   0.33954541 -0.07620927]
 [-0.25668612 -0.07935777  0.06591734  0.08958215  0.12330419]
 [ 0.05932318 -0.06708921 -0.22787301 -0.10878109  0.22247791]
 [ 0.23278428  0.03349063  0.2479832  -0.05069857 -0.16773115]
 [-0.05981531  0.00507931 -0.277752   -0.01435478 -0.07156437]]
Matrix Pair 114; W = [[ 0.20791013  0.06238955  0.117257   -0.16188558  0.03450181]
 [-0.07440221 -0.40456395 -0.04241353  0.29066907 -0.14077081]
 [-0.01191418  0.04141141 -0.11703615  0.1163459   0.01886225]
 [-0.07911341  0.14065585  0.13735451 -0.14402303 -0.07721709]
 [-0.15067963 -0.16128401 -0.27159244 -0.10597364 -0.04264671]]
U = [[ 0.19701053  0.13417088  0.23507265  0.38424703  0.0005046 ]
 [-0.2647914  -0.01820781  0.10964274  0.13773188  0.13001645]
 [ 0.11365242 -0.06417646 -0.18470634 -0.08640487  0.16611119]
 [ 0.19462081  0.0401731   0.26755483 -0.07332189 -0.08215892]
 [-0.05085893 -0.05716465 -0.28477593 -0.08019897  0.00191151]]
Matrix Pair 115; W = [[ 0.19560085  0.00588311  0.1567572  -0.09800216  0.04865403]
 [-0.12786894 -0.34332525 -0.05633119  0.3256787  -0.10915784]
 [ 0.00690182  0.03170369 -0.15032369  0.13395152 -0.02733348]
 [-0.01650005  0.15369267  0.1581715  -0.1283651  -0.01082131]
 [-0.11597124 -0.19969432 -0.27049091 -0.15585111 -0.03647017]]
U = [[ 0.18248114  0.19351155  0.23542822  0.33755092 -0.01429383]
 [-0.28399702 -0.10392019  0.07702081  0.11028842  0.17707761]
 [ 0.11771727 -0.00823684 -0.20797502 -0.1024741   0.22814833]
 [ 0.19470235 -0.02391644  0.24968048 -0.0695621  -0.09561436]
 [-0.075458   -0.01670926 -0.23393797 -0.103654   -0.04755601]]
Matrix Pair 116; W = [[ 0.18275274  0.07140568  0.06168569 -0.17018481  0.05156286]
 [-0.07210949 -0.34557457 -0.06675101  0.29432715 -0.09903085]
 [-0.05906992  0.04922052 -0.07456458  0.12945716 -0.0505625 ]
 [-0.07813175  0.15035069  0.18365703 -0.06230324 -0.07232628]
 [-0.1073816  -0.17149022 -0.20603054 -0.13874734 -0.02175214]]
U = [[ 0.18569241  0.18202077  0.28148333  0.39165429 -0.0202438 ]
 [-0.26538318 -0.07541859  0.09004394  0.09931252  0.1641357 ]
 [ 0.12627766 -0.04333267 -0.18738357 -0.06642494  0.14490819]
 [ 0.23057284  0.01978     0.22761153 -0.04750624 -0.14732166]
 [-0.10045295 -0.06150002 -0.26728212 -0.10182712 -0.07889718]]
Matrix Pair 117; W = [[ 0.16917916  0.03290016  0.1005833  -0.07548332  0.03680876]
 [-0.09008829 -0.42231686 -0.00680466  0.32212797 -0.10179859]
 [-0.00164056  0.04256301 -0.11509056  0.06288631 -0.03095575]
 [-0.05722842  0.12904052  0.15137917 -0.09224475 -0.01307048]
 [-0.18955476 -0.14912541 -0.26540562 -0.13160398 -0.02849842]]
U = [[ 0.14927602  0.12011573  0.31616916  0.31914992 -0.05217893]
 [-0.30515373 -0.02148922  0.12888379  0.10482414  0.15733837]
 [ 0.07695253 -0.07215508 -0.18792991 -0.0853305   0.14925017]
 [ 0.17814031  0.00791887  0.26686425  0.00044623 -0.14761486]
 [-0.06355915 -0.01214917 -0.30655629 -0.05207353 -0.02989858]]
Matrix Pair 118; W = [[ 0.16086203 -0.00490411  0.08137373 -0.09694742  0.07032071]
 [-0.07148187 -0.4268702  -0.05097054  0.30892088 -0.06200089]
 [-0.03212385  0.04361509 -0.06720424  0.04991957 -0.05709107]
 [-0.06420033  0.12172939  0.14256057 -0.11825141 -0.03494037]
 [-0.12263322 -0.12397898 -0.27905111 -0.1512771  -0.0243685 ]]
U = [[ 0.15557189  0.2058212   0.28821347  0.31298369 -0.06073408]
 [-0.31331027 -0.01789245  0.07851214  0.11030921  0.13505046]
 [ 0.06694033  0.01946423 -0.17022275 -0.06918569  0.19835898]
 [ 0.19652002  0.03186466  0.28132358 -0.02380348 -0.09213078]
 [-0.10071754 -0.06006089 -0.31870716 -0.09302223  0.00521015]]
Matrix Pair 119; W = [[ 0.20028931  0.01668895  0.11328282 -0.15850914  0.03917282]
 [-0.04320537 -0.39128423 -0.0073775   0.28993103 -0.09816094]
 [-0.01097213  0.03862649 -0.06464769  0.13744261  0.026693  ]
 [-0.02142929  0.13633293  0.17995028 -0.11119537 -0.05730993]
 [-0.10149098 -0.12341179 -0.21612661 -0.14478852 -0.03234195]]
U = [[ 0.17662848  0.19344132  0.31221773  0.3169841  -0.05559108]
 [-0.33220461 -0.0647863   0.07126387  0.10782958  0.17854553]
 [ 0.13462934  0.01180877 -0.21828706 -0.09981555  0.14146406]
 [ 0.18747401  0.01472672  0.23737609 -0.05671364 -0.10098725]
 [-0.02982253 -0.07972881 -0.25369458 -0.01619519 -0.03385888]]
Matrix Pair 120; W = [[ 0.20238934  0.01060423  0.08668188 -0.15832211  0.08788028]
 [-0.0523027  -0.34996212 -0.01386678  0.29141137 -0.14265371]
 [-0.00961213  0.02402423 -0.11598392  0.12132688 -0.00438991]
 [-0.01138809  0.10062884  0.17080302 -0.08280942 -0.0915853 ]
 [-0.15751617 -0.13237504 -0.27558614 -0.13656716 -0.04167496]]
U = [[ 0.13710249  0.2027016   0.23625515  0.37846996 -0.05064435]
 [-0.27240358 -0.04634588  0.09024544  0.12125733  0.10992603]
 [ 0.13579944  0.02050716 -0.23435117 -0.13942227  0.19191326]
 [ 0.23407852  0.00494432  0.22588194 -0.07831454 -0.16219087]
 [-0.07298306  0.00673195 -0.30052099 -0.09328323 -0.02659575]]
Matrix Pair 121; W = [[ 0.2384209   0.00283569  0.07978    -0.12886127  0.09387805]
 [-0.1027643  -0.41755391 -0.05843793  0.25471247 -0.06701265]
 [ 0.03009089 -0.01799211 -0.14585531  0.10381213 -0.05419533]
 [-0.08713603  0.11030396  0.1922645  -0.15382474 -0.04215118]
 [-0.16756416 -0.15972377 -0.20105832 -0.11821733  0.03159634]]
U = [[ 0.18333459  0.18250798  0.24784994  0.33734248  0.01195899]
 [-0.25178834 -0.01109543  0.10730621  0.15984842  0.19649117]
 [ 0.05764197  0.0155611  -0.19907806 -0.06962138  0.17234888]
 [ 0.21121682  0.04920948  0.28722708 -0.03376802 -0.13260953]
 [-0.10390105 -0.01612553 -0.30315445 -0.08239753 -0.0809379 ]]
Matrix Pair 122; W = [[ 0.2291665   0.06185912  0.08699786 -0.14207071  0.10147669]
 [-0.12290452 -0.39227631 -0.05957461  0.25140365 -0.06348318]
 [-0.04848687  0.01491923 -0.06556514  0.06659821  0.02197245]
 [-0.0035533   0.13463517  0.13808661 -0.11349442 -0.03802842]
 [-0.10376755 -0.16423628 -0.23478575 -0.12836814  0.01787101]]
U = [[ 0.10870642  0.17413887  0.24883382  0.342333    0.00219579]
 [-0.26346314 -0.10297907  0.10590116  0.17631457  0.16586006]
 [ 0.06008476  0.00418992 -0.23391561 -0.13305978  0.16950051]
 [ 0.2338725  -0.03415656  0.29423677 -0.01026268 -0.0923919 ]
 [-0.09285678 -0.03321912 -0.31411299 -0.07057634 -0.04584511]]
Matrix Pair 123; W = [[ 2.27338346e-01  6.88538748e-02  1.20933484e-01 -7.31746130e-02
   1.01384739e-01]
 [-6.39382684e-02 -3.64564191e-01 -6.03249835e-03  2.45835555e-01
  -7.84326830e-02]
 [-3.79803399e-02 -5.51331287e-03 -1.00097183e-01  1.23242981e-01
   2.19707986e-02]
 [-2.86590534e-04  8.18117068e-02  1.44298268e-01 -7.83067434e-02
  -9.53097247e-02]
 [-1.09307653e-01 -2.01858274e-01 -2.64586244e-01 -1.46618798e-01
  -5.54938941e-02]]
U = [[ 0.1674214   0.2085778   0.23348183  0.30199012 -0.03655262]
 [-0.25619989 -0.08498585  0.10028811  0.12654665  0.18607844]
 [ 0.07369493 -0.01429035 -0.23243653 -0.0696083   0.19494622]
 [ 0.17202081  0.02639269  0.27665597 -0.04301725 -0.11731947]
 [-0.05714587  0.00353764 -0.23174725 -0.0678037   0.00784143]]
Matrix Pair 124; W = [[ 0.15479356  0.05232161  0.11417588 -0.08433702  0.09680879]
 [-0.03456376 -0.37975037 -0.0311277   0.31952201 -0.08331041]
 [ 0.01953004  0.01820604 -0.15697933  0.05217715 -0.04759421]
 [-0.08322363  0.14488607  0.1713802  -0.10040396 -0.1008904 ]
 [-0.16018974 -0.15279248 -0.24055718 -0.16138587 -0.04470203]]
U = [[ 0.17508183  0.20860365  0.24344629  0.34102116 -0.08056151]
 [-0.24957236 -0.04460119  0.13307453  0.080017    0.16611789]
 [ 0.07900565 -0.03870224 -0.17028784 -0.09554281  0.16103825]
 [ 0.24501805 -0.00560259  0.23753428 -0.07852147 -0.11220071]
 [-0.02316532 -0.06781405 -0.29199408 -0.05068732 -0.07179795]]
Matrix Pair 125; W = [[ 0.17355614  0.02086953  0.08533796 -0.16465962  0.06110213]
 [-0.06970182 -0.35011311  0.01823871  0.28767573 -0.12574356]
 [ 0.01783827  0.06628531 -0.10590628  0.12562566 -0.01196953]
 [-0.04292557  0.11575856  0.13415325 -0.10019211 -0.08553687]
 [-0.15498635 -0.17744327 -0.23362996 -0.12040862 -0.0500188 ]]
U = [[ 0.16867788  0.12832333  0.29441006  0.32662997 -0.07345309]
 [-0.27309553 -0.06834903  0.1070245   0.14470097  0.18218938]
 [ 0.09967107 -0.03743682 -0.19133363 -0.12330748  0.14012324]
 [ 0.20054448 -0.00901852  0.28771401 -0.01826171 -0.16211458]
 [-0.03806299 -0.06434403 -0.24864791 -0.06725714 -0.00545896]]
Matrix Pair 126; W = [[ 0.21304788  0.07748351  0.15706788 -0.13977232  0.09928718]
 [-0.08005945 -0.42147558 -0.05262601  0.30598701 -0.07393814]
 [-0.06274401  0.0482304  -0.1077319   0.13468143 -0.04247882]
 [-0.07088847  0.11200247  0.10575444 -0.08983471 -0.04724945]
 [-0.14547139 -0.1769878  -0.27843633 -0.12424006 -0.04768232]]
U = [[ 0.17082308  0.12613373  0.28364244  0.33238433  0.01433565]
 [-0.26130359 -0.04141688  0.06879821  0.16972732  0.13098374]
 [ 0.05472891 -0.02708824 -0.18328054 -0.07759349  0.21246232]
 [ 0.26711667  0.03691332  0.23041765 -0.05577424 -0.12438772]
 [-0.09657459 -0.03092153 -0.25985076 -0.08954746 -0.02147911]]
Matrix Pair 127; W = [[ 0.15249731  0.04052888  0.10259504 -0.13600879  0.05426014]
 [-0.04296315 -0.43424962 -0.00408109  0.33016655 -0.12856303]
 [ 0.00154165  0.02221793 -0.13829657  0.05431531  0.02716853]
 [-0.06854081  0.09277388  0.1389863  -0.10121856 -0.09046236]
 [-0.16884303 -0.1255009  -0.21153934 -0.18751519  0.02078893]]
U = [[ 0.14935101  0.19690519  0.25450147  0.39479333 -0.07900327]
 [-0.276699   -0.02698037  0.06711672  0.15529813  0.19330161]
 [ 0.08577977 -0.07413389 -0.17605628 -0.07726263  0.18704215]
 [ 0.21456569  0.030331    0.26703222 -0.00114194 -0.11148571]
 [-0.07957586 -0.0795658  -0.28456809 -0.08060395 -0.00188665]]
