Epoch: 53Matrix Pair 0; W = [[-0.1090249   0.0469571   0.19990645  0.17402533 -0.09846926]
 [ 0.07815652 -0.26956362 -0.09364788 -0.07345501  0.17024661]
 [-0.09500567  0.03820328 -0.1047397   0.00188313  0.15788708]
 [-0.04254711 -0.03174903  0.00328976 -0.01356254  0.04215034]
 [-0.0918104  -0.13687019  0.04361301  0.06074339 -0.02422069]]
U = [[ 0.06407296 -0.07333147  0.132568   -0.09845765  0.25850015]
 [-0.12844719  0.11252533  0.13798256  0.2245947  -0.02858644]
 [ 0.27886868  0.04549064  0.12630933  0.16547262  0.09639924]
 [ 0.06344158  0.16201566  0.06159908 -0.00986429  0.19689229]
 [-0.31377039  0.22661721  0.32240366  0.20545702  0.06785377]]
Matrix Pair 1; W = [[-0.06743793  0.06848206  0.17454926  0.20259993 -0.17623205]
 [ 0.10090927 -0.21918999 -0.06671747 -0.11769039  0.21730185]
 [-0.05706702  0.05067346 -0.13343213 -0.06747014  0.23975938]
 [-0.0508701  -0.1054383  -0.06341809  0.00660843  0.08372631]
 [-0.09870343 -0.09887285  0.02147831  0.01081355  0.01181108]]
U = [[ 0.00711148 -0.00154072  0.19989991 -0.08288027  0.27082509]
 [-0.16370238  0.10719166  0.16167355  0.26185512 -0.02699687]
 [ 0.26099612  0.08640588  0.17831837  0.13704457  0.15742654]
 [ 0.13054066  0.2536284   0.0104111   0.02024163  0.20952949]
 [-0.31425491  0.18409472  0.29960317  0.17061245 -0.00950054]]
Matrix Pair 2; W = [[-0.11980254  0.04030434  0.19831207  0.21349489 -0.16667031]
 [ 0.0187025  -0.23071017 -0.0960254  -0.13342626  0.14250619]
 [-0.07532799  0.03357537 -0.11511575 -0.00147567  0.16978612]
 [-0.01659704 -0.06509144  0.01087353  0.07365827  0.05688684]
 [-0.06465173 -0.14074733  0.00500136  0.05500239 -0.03367028]]
U = [[ 0.03777007 -0.01667402  0.16259912 -0.10199992  0.22578806]
 [-0.15735312  0.09181086  0.12714498  0.25792728  0.02900809]
 [ 0.28027734  0.06110772  0.209972    0.13074636  0.15474662]
 [ 0.11204114  0.22590581  0.03160199  0.04209203  0.151894  ]
 [-0.2803694   0.24680508  0.34145288  0.14699402 -0.00787733]]
Matrix Pair 3; W = [[-0.06113327  0.05706618  0.2076522   0.1653449  -0.10420049]
 [ 0.05972549 -0.22632106 -0.08990064 -0.07313165  0.1524149 ]
 [-0.08439815  0.0800797  -0.09865053  0.00516225  0.25193413]
 [-0.08379059 -0.06634933  0.01599212  0.05676154  0.02283794]
 [-0.09854133 -0.11798502 -0.0088634   0.08629201 -0.05024994]]
U = [[ 0.01023501 -0.09766027  0.14570948 -0.10207586  0.21407574]
 [-0.130112    0.04577223  0.13736846  0.25870315 -0.03138879]
 [ 0.29707152 -0.00089948  0.12603913  0.13056312  0.06814352]
 [ 0.11022292  0.19245796  0.06021012 -0.01011712  0.15716593]
 [-0.25666576  0.195182    0.26769867  0.19621176 -0.02157711]]
Matrix Pair 4; W = [[-0.12564071  0.04308498  0.21361209  0.03355505 -0.15982755]
 [ 0.0604894  -0.22945929 -0.04682946 -0.14425991  0.22080793]
 [-0.14340449 -0.01322782 -0.07344004  0.04356456  0.17307452]
 [ 0.03005932 -0.10037044  0.01801773  0.01871381 -0.0136045 ]
 [-0.08745264 -0.15324175  0.02053704  0.07174916  0.0107551 ]]
U = [[ 0.08502987 -0.05964477  0.23074434 -0.02042426  0.31775141]
 [-0.18344874  0.1294219   0.11253038  0.13578143  0.00876598]
 [ 0.25549605  0.07435254  0.1743755   0.16914487  0.17940381]
 [ 0.05007375  0.27594682 -0.05718489  0.02301083  0.01865143]
 [-0.14106783  0.17634063  0.34320761  0.23253954 -0.00062114]]
Matrix Pair 5; W = [[-0.09648365  0.10582141  0.16801319  0.0677069  -0.12170726]
 [ 0.14052291 -0.22411437 -0.078037   -0.14117538  0.24658108]
 [-0.1289731   0.02357793 -0.07938852  0.01113127  0.21092838]
 [ 0.02013681 -0.10243459  0.00631561  0.0837238  -0.0104126 ]
 [-0.12056003 -0.06343312  0.06190543  0.09594259 -0.00168356]]
U = [[ 0.16640156 -0.06869233  0.22589676 -0.07328263  0.24867379]
 [-0.23839234  0.09265589  0.11813295  0.15611627 -0.00139593]
 [ 0.21687911  0.03565327  0.19831884  0.13336202  0.15808112]
 [-0.02435782  0.22427819 -0.04680423  0.0661155   0.03107407]
 [-0.13291622  0.19864479  0.29518898  0.17018829  0.03607439]]
Matrix Pair 6; W = [[-0.12650174  0.08200867  0.22869102  0.10231236 -0.14798976]
 [ 0.14920172 -0.25167444 -0.07732438 -0.12167327  0.22629083]
 [-0.10138925  0.06490836 -0.0893955   0.069457    0.16899575]
 [ 0.01884724 -0.07461819 -0.06194501  0.0685173   0.0180654 ]
 [-0.09209505 -0.1507525   0.06891804  0.02576827  0.00552955]]
U = [[ 0.16715438 -0.04886947  0.21865501 -0.06593872  0.26409047]
 [-0.22731844  0.10199972  0.18201787  0.17308276  0.03154344]
 [ 0.30252875  0.06623193  0.19134638  0.18023725  0.11476083]
 [-0.02281401  0.21232232 -0.06462477  0.05911092  0.06932555]
 [-0.16368457  0.18211087  0.3494117   0.17712907  0.02994956]]
Matrix Pair 7; W = [[-0.07037844  0.1278192   0.1729764   0.0791526  -0.11372786]
 [ 0.10123435 -0.23364587 -0.05410724 -0.14182438  0.25870616]
 [-0.10280633  0.06024597 -0.02452064  0.0418952   0.17281023]
 [ 0.00828565 -0.04849726 -0.00903848  0.10010605  0.0174862 ]
 [-0.15012162 -0.1515357   0.08817017  0.03342871  0.02270027]]
U = [[ 0.12613074 -0.05768202  0.29469058 -0.06654092  0.24852255]
 [-0.1658817   0.09439614  0.13839737  0.15974559  0.07051701]
 [ 0.31002257  0.10675922  0.20584685  0.19355956  0.14779017]
 [ 0.01006297  0.25534695 -0.01981418  0.03599494  0.02834149]
 [-0.1801437   0.21410594  0.33466897  0.19903501  0.01219133]]
Matrix Pair 8; W = [[-0.01347769  0.12490975  0.19001003  0.14888707 -0.11550872]
 [ 0.10170374 -0.22212145 -0.10499055 -0.1886869   0.17586304]
 [-0.16085356  0.04065245 -0.06045916 -0.04974299  0.19657164]
 [ 0.02598778 -0.10226235 -0.04337595 -0.04107387  0.07368392]
 [-0.18676324 -0.08286068  0.00418172  0.11287905  0.01096822]]
U = [[ 0.06156681 -0.11189451  0.18000836 -0.09759848  0.24683841]
 [-0.20984547  0.17947768  0.13877213  0.07921709  0.00836207]
 [ 0.24650746  0.04635314  0.08829372  0.14039925  0.08868029]
 [ 0.05375609  0.25600666  0.03977761  0.0498649   0.12981052]
 [-0.14403566  0.17559415  0.33905457  0.18986173  0.09067336]]
Matrix Pair 9; W = [[-0.03925306  0.06567885  0.22943147  0.11089837 -0.06454002]
 [ 0.11673265 -0.14099057 -0.1272024  -0.16418603  0.16846723]
 [-0.09358997  0.04921408 -0.1238068   0.00742193  0.2587232 ]
 [ 0.04437657 -0.09262885 -0.07131415  0.02002258  0.03081599]
 [-0.11964846 -0.17232084  0.01063838  0.11709618 -0.0588861 ]]
U = [[ 0.06152861 -0.14133629  0.21822821 -0.17161715  0.21503623]
 [-0.16941485  0.09640568  0.15128378  0.08807951  0.01606723]
 [ 0.22939144 -0.01314728  0.0841405   0.12585718  0.11667655]
 [ 0.03418501  0.19938679  0.01067011  0.06929701  0.1903387 ]
 [-0.23588148  0.12112153  0.34092801  0.2017329   0.03723833]]
Matrix Pair 10; W = [[-0.00366786  0.11338953  0.22568197  0.13922836 -0.13240645]
 [ 0.09754671 -0.18700587 -0.12062179 -0.18881548  0.22104835]
 [-0.08074277  0.05439068 -0.07153392 -0.0370052   0.22615642]
 [-0.03309066 -0.06359727  0.00633364 -0.05469055  0.08795538]
 [-0.18715903 -0.14622616 -0.01339378  0.09850627 -0.06870822]]
U = [[ 0.05360667 -0.11501599  0.18131615 -0.15899854  0.26367647]
 [-0.22792839  0.10511501  0.16536061  0.14283925  0.03147612]
 [ 0.22228561  0.06390217  0.12383831  0.1163132   0.08053394]
 [ 0.05227799  0.27009861  0.0491398   0.06470636  0.18084779]
 [-0.14181438  0.12268842  0.36778233  0.12986454  0.10355288]]
Matrix Pair 11; W = [[-0.09032558  0.04254166  0.18689287  0.15969051 -0.1014974 ]
 [ 0.07511848 -0.14929753 -0.13429899 -0.14732339  0.17747095]
 [-0.08742917 -0.02083232 -0.11115921 -0.00382229  0.21752213]
 [ 0.03611835 -0.07232571 -0.05171346 -0.07432816  0.05381128]
 [-0.1020744  -0.13893944 -0.05366727  0.08917249 -0.06916597]]
U = [[ 0.0983766  -0.11843932  0.19164759 -0.11953996  0.2616109 ]
 [-0.23493316  0.15322047  0.16232805  0.14415793  0.01680324]
 [ 0.29500209  0.04612275  0.096294    0.14582164  0.14835528]
 [ 0.06890881  0.22137944  0.08478969  0.08500669  0.13051125]
 [-0.23058075  0.17252205  0.37774925  0.17644547  0.07138199]]
Matrix Pair 12; W = [[-0.07626328  0.09607616  0.23671647  0.13483698 -0.02617146]
 [-0.005945   -0.1959457  -0.053554   -0.11797653  0.15336734]
 [-0.05703577  0.05054484 -0.08226324 -0.04152663  0.17258449]
 [ 0.00398365 -0.10768114  0.03343605 -0.02175376  0.02445078]
 [-0.13916557 -0.24112197  0.00136798  0.15119188 -0.04094924]]
U = [[ 0.08786742 -0.07727518  0.13532174 -0.08997776  0.23780445]
 [-0.13768469  0.13149207  0.11045977  0.10749555  0.0581932 ]
 [ 0.28203258  0.09852857  0.15068859  0.09370438  0.12413272]
 [ 0.11660125  0.19747447  0.09687547  0.00220101  0.08343364]
 [-0.21633019  0.21384941  0.2892068   0.21256789 -0.01732724]]
Matrix Pair 13; W = [[-0.07826147  0.0489638   0.26350201  0.08309814 -0.07586684]
 [ 0.01310592 -0.21271301 -0.06492499 -0.12508076  0.14540879]
 [-0.12548704  0.07895172 -0.02892395 -0.07665387  0.25598172]
 [-0.08284271 -0.09418979 -0.01320466  0.02956375  0.03046017]
 [-0.14350531 -0.17343537 -0.03000246  0.11141721 -0.00520013]]
U = [[ 5.40575119e-02 -7.91466003e-02  1.29986190e-01 -1.33397882e-01
   2.17733889e-01]
 [-1.88470452e-01  5.62416842e-02  9.63604835e-02  1.18668923e-01
   1.44845035e-04]
 [ 2.80785384e-01  5.01519173e-02  1.22596020e-01  9.27184820e-02
   1.64479603e-01]
 [ 8.14857716e-02  1.25947528e-01  1.06459973e-01  4.72400682e-02
   1.03377120e-01]
 [-2.15500052e-01  1.83729090e-01  3.60615627e-01  1.52631040e-01
   2.11353233e-02]]
Matrix Pair 14; W = [[-0.11757104  0.05586888  0.19887998  0.15670791 -0.07135525]
 [ 0.0851422  -0.1901301  -0.10201858 -0.12288362  0.12283378]
 [-0.05366774  0.07873461 -0.02655695 -0.07915352  0.17861796]
 [-0.03657294 -0.11543674  0.01816787 -0.02966667  0.00729537]
 [-0.18713691 -0.15620224  0.00299362  0.14434631 -0.06676628]]
U = [[ 0.04343458 -0.09006175  0.16561921 -0.07874353  0.30498579]
 [-0.13334784  0.11986713  0.133815    0.14098192  0.02735418]
 [ 0.26116047  0.05087893  0.11275056  0.17005164  0.10788964]
 [ 0.13070718  0.20688457  0.04719634 -0.00316706  0.15475852]
 [-0.23169777  0.17722462  0.33523783  0.19975519  0.00641487]]
Matrix Pair 15; W = [[-0.06784236  0.06399713  0.18378202  0.14484946 -0.05083703]
 [-0.00072231 -0.2122204  -0.08268039 -0.10007374  0.10465829]
 [-0.04257931  0.02004747 -0.06426677  0.0081286   0.2176725 ]
 [-0.03400263 -0.09753797 -0.03774641 -0.01858562  0.03823599]
 [-0.13752601 -0.20638835 -0.02108771  0.10124887 -0.00391011]]
U = [[ 0.04553401 -0.12072591  0.13146682 -0.11084842  0.2256324 ]
 [-0.12753698  0.05578128  0.16844962  0.17505003  0.03680927]
 [ 0.2746463   0.06710374  0.13942394  0.16481823  0.1211475 ]
 [ 0.12760162  0.18968558  0.10596505 -0.02459462  0.09802423]
 [-0.2280433   0.15135519  0.28698639  0.1241137   0.05940837]]
Matrix Pair 16; W = [[-0.03190606  0.09329193  0.1145663   0.10084536 -0.10089018]
 [ 0.07281799 -0.19180382 -0.03069842 -0.11075632  0.15572694]
 [-0.02821269  0.09367963 -0.14735894  0.08306445  0.24059562]
 [-0.02247472 -0.16636047 -0.03020648  0.00709334  0.08245316]
 [-0.19660438 -0.10601972  0.00059062  0.02154633 -0.02694039]]
U = [[ 0.08562294 -0.10279337  0.19457089  0.00770496  0.27339231]
 [-0.25340597  0.09664954  0.06813907  0.20357275 -0.05386514]
 [ 0.26444262  0.0335393   0.11941104  0.07926017  0.16731912]
 [ 0.05608932  0.24309128 -0.01379018  0.04286734  0.1622992 ]
 [-0.18153265  0.13615294  0.2189626   0.18200958 -0.01869806]]
Matrix Pair 17; W = [[-0.12512409  0.13888918  0.15926288  0.12118364 -0.15120045]
 [ 0.08861469 -0.22689667 -0.03504796 -0.15341807  0.13361762]
 [-0.04433018  0.11945987 -0.12076472  0.08358796  0.18622538]
 [-0.09618565 -0.09434721 -0.04210466  0.03021151  0.11319209]
 [-0.16762148 -0.07366207  0.0074589  -0.03865272 -0.01002043]]
U = [[ 0.11739905 -0.08707701  0.24338304 -0.07447037  0.2201208 ]
 [-0.23881453  0.10002268  0.08524893  0.1784837  -0.02020184]
 [ 0.31050259  0.07353796  0.17486498  0.16080802  0.22575898]
 [ 0.07703858  0.18686081 -0.01277798  0.03594465  0.09440486]
 [-0.16894535  0.16207491  0.26076121  0.18947244 -0.04420939]]
Matrix Pair 18; W = [[-0.03708912  0.11756599  0.13192906  0.11027385 -0.07746497]
 [ 0.06675209 -0.25931935 -0.04133754 -0.17601773  0.14424437]
 [ 0.01640963  0.14155028 -0.08236891  0.0969581   0.25092768]
 [-0.08051012 -0.12640521 -0.09701082  0.0744137   0.04124262]
 [-0.18434544 -0.08923076  0.03200281  0.04897864 -0.06134528]]
U = [[ 0.07420522 -0.07144592  0.21902089 -0.02521541  0.19975356]
 [-0.2210812   0.0998892   0.05579343  0.22663614 -0.00045151]
 [ 0.34471139  0.02295535  0.1644441   0.11888584  0.19503323]
 [ 0.13287526  0.2070591   0.0053729   0.00903145  0.09485514]
 [-0.17289418  0.15781238  0.21499311  0.1375562  -0.00938744]]
Matrix Pair 19; W = [[-0.11660105  0.08017592  0.13086634  0.05416127 -0.08844522]
 [ 0.03440439 -0.21368551 -0.11040175 -0.17628867  0.13849443]
 [-0.06830598  0.12094731 -0.12432636  0.12435549  0.20280568]
 [-0.04222957 -0.07896501 -0.08766682  0.03573781  0.044629  ]
 [-0.19752817 -0.03014609  0.03026401  0.0383468  -0.04948901]]
U = [[ 0.12380817 -0.11243676  0.1862671  -0.0049833   0.26164668]
 [-0.16413487  0.14901146  0.06830528  0.18213666  0.01542094]
 [ 0.3077432   0.02289324  0.12448189  0.10643374  0.20891527]
 [ 0.12351883  0.25512229  0.01516778 -0.01334551  0.08254856]
 [-0.18109811  0.17386133  0.27385693  0.12588257 -0.06912856]]
Matrix Pair 20; W = [[-0.02438723  0.02897864  0.16370425  0.09607458 -0.16686809]
 [ 0.13850281 -0.26034541 -0.1522354  -0.15144545  0.27188286]
 [-0.07055188 -0.01054144 -0.07135811 -0.02129324  0.22203929]
 [-0.02378235 -0.11901091 -0.03968178 -0.04367412  0.06398681]
 [-0.18359493 -0.16823754  0.06943006  0.0955722  -0.02094555]]
U = [[ 0.10595288 -0.14565122  0.22584157 -0.09312005  0.22537166]
 [-0.12902168  0.13393728  0.18466874  0.10502159  0.02143871]
 [ 0.26816378  0.00538626  0.11054445  0.17953212  0.13637572]
 [ 0.06872644  0.21705386 -0.00419598  0.05873862 -0.02142484]
 [-0.24625131  0.15257303  0.30523999  0.1811976   0.05106469]]
Matrix Pair 21; W = [[-0.06173831  0.06691889  0.17243511  0.08585758 -0.13164594]
 [ 0.08809306 -0.30952963 -0.09858675 -0.14794999  0.21863647]
 [-0.02016626  0.05824218 -0.06506711  0.05159599  0.19348954]
 [-0.04315986 -0.08448014 -0.00235675 -0.02856096  0.02958485]
 [-0.18829948 -0.13652704  0.06042588  0.06113855 -0.01543323]]
U = [[ 0.0938929  -0.14493683  0.22862675 -0.06581693  0.24900741]
 [-0.21265152  0.06514725  0.1211591   0.14425263 -0.00634658]
 [ 0.2255474   0.06990599  0.10584348  0.20151254  0.12756182]
 [ 0.06634008  0.20914959 -0.06855069  0.10632166  0.01171026]
 [-0.20846139  0.22533787  0.33853984  0.1713382   0.03869037]]
Matrix Pair 22; W = [[-0.04783594  0.06085759  0.16215884  0.03672243 -0.18451116]
 [ 0.08278908 -0.24294457 -0.15451986 -0.10471499  0.22959485]
 [-0.07418778  0.00371584 -0.09473914  0.0522513   0.15925885]
 [-0.00631448 -0.1247436   0.02525951  0.03563205  0.07877546]
 [-0.14030179 -0.08570549  0.12513578  0.10796798 -0.04338939]]
U = [[ 0.0714057  -0.16789161  0.20816093 -0.06440388  0.25799855]
 [-0.14390817  0.07266142  0.15961461  0.11029103 -0.03091764]
 [ 0.2443768   0.05669093  0.15582267  0.19785004  0.11231421]
 [ 0.06312798  0.26230602 -0.03859104  0.08415417  0.01144339]
 [-0.23595649  0.15278702  0.24333884  0.11811684  0.04295467]]
Matrix Pair 23; W = [[-0.07512352  0.02270093  0.1362521   0.05194268 -0.18642129]
 [ 0.07283914 -0.30046616 -0.10514854 -0.11476865  0.23921616]
 [-0.03773488  0.04348127 -0.08965592  0.05669909  0.20554849]
 [-0.02226787 -0.08918676 -0.0571127  -0.02973969  0.0841709 ]
 [-0.13179053 -0.09559445  0.02977658  0.06321027  0.01349211]]
U = [[ 0.08480411 -0.16369492  0.20012672 -0.12821627  0.23576034]
 [-0.20581373  0.10521282  0.12482351  0.12081952  0.05222434]
 [ 0.19698179  0.02117455  0.10237003  0.15048553  0.11223482]
 [ 0.08740302  0.24391478 -0.04314795  0.09587107  0.02655917]
 [-0.23504469  0.22917949  0.24850303  0.18740206  0.05613149]]
Matrix Pair 24; W = [[-0.11701829  0.06700859  0.11524394  0.14573326 -0.14972962]
 [ 0.09517564 -0.16671239 -0.10212237 -0.15740011  0.21964328]
 [-0.04246747  0.04281382 -0.07075795 -0.03504032  0.25682155]
 [-0.09317567 -0.11834261 -0.00704018 -0.01675462 -0.0331314 ]
 [-0.16108138 -0.18901336  0.06691706  0.08472179 -0.03704492]]
U = [[ 0.13981848 -0.03643275  0.10053528 -0.02141248  0.23361041]
 [-0.15512773  0.1026323   0.18093156  0.18332963 -0.00641272]
 [ 0.32467851  0.08028116  0.17504787  0.18380152  0.11220469]
 [ 0.03890018  0.18570173 -0.00051551  0.02484496  0.18226197]
 [-0.1905226   0.23062547  0.26447404  0.16742211 -0.04642711]]
Matrix Pair 25; W = [[-0.05555488  0.08224615  0.19621547  0.18371426 -0.15450237]
 [ 0.09380198 -0.18629121 -0.06960931 -0.10484403  0.24485224]
 [-0.03473348  0.05929746 -0.05072887 -0.04820071  0.24883038]
 [-0.08698275 -0.126023   -0.01804418  0.02577976 -0.0108664 ]
 [-0.17627273 -0.1630735   0.03193937  0.03739033 -0.08381399]]
U = [[ 0.0772812  -0.01538847  0.1523045  -0.00469674  0.24087096]
 [-0.18840575  0.1205035   0.18132491  0.14931963 -0.00895873]
 [ 0.29279399  0.08144867  0.21799835  0.08807462  0.10781881]
 [ 0.06396324  0.22304982  0.00423095 -0.02518628  0.17071039]
 [-0.15726929  0.18022744  0.25724339  0.21565108 -0.06851247]]
Matrix Pair 26; W = [[-9.21988344e-02  1.05477644e-01  1.90202799e-01  1.70406080e-01
  -9.86122313e-02]
 [ 1.02824529e-01 -1.56877340e-01 -1.26767455e-01 -1.35761465e-01
   1.97974345e-01]
 [-9.41078731e-02  1.09032040e-01 -8.33721148e-02 -6.02874317e-02
   3.12141987e-01]
 [-3.18174803e-02 -1.25048731e-01 -1.87925324e-03  5.86025488e-02
   1.08184641e-04]
 [-1.07587805e-01 -1.38817262e-01  6.27295686e-02  8.44135056e-02
  -6.76721517e-02]]
U = [[ 0.13396516 -0.01037829  0.14148812 -0.0304363   0.22957702]
 [-0.21175323  0.0575264   0.08892843  0.13466089 -0.03546584]
 [ 0.29393988  0.02160595  0.18522232  0.18442552  0.14571086]
 [ 0.05615621  0.18386711  0.00144628 -0.02994746  0.0986336 ]
 [-0.16823166  0.17763226  0.25945062  0.18410791 -0.08628316]]
Matrix Pair 27; W = [[-0.07066129  0.11289012  0.16333069  0.14963719 -0.08815768]
 [ 0.08436779 -0.17401316 -0.06333342 -0.09008613  0.24033377]
 [-0.05237217  0.0649808  -0.07281297  0.0258815   0.27012996]
 [-0.05725276 -0.06134963  0.03060478  0.04219059  0.00664808]
 [-0.17327878 -0.15525941  0.03474666  0.04249196 -0.02858837]]
U = [[ 0.04788265  0.02663297  0.18339085 -0.09136061  0.2674074 ]
 [-0.19345895  0.0945481   0.13316914  0.20220749 -0.02081679]
 [ 0.32855173 -0.01342141  0.21088725  0.15233339  0.09918118]
 [ 0.10436089  0.16516889  0.02887406 -0.00547535  0.0954838 ]
 [-0.12919466  0.14519501  0.24954138  0.17195222 -0.08429809]]
Matrix Pair 28; W = [[-0.11689932  0.06665889  0.21516583  0.12973776 -0.12404012]
 [-0.02510015 -0.21857052 -0.09655558 -0.13769711  0.1231599 ]
 [-0.06878511  0.01607373 -0.0964064   0.01234489  0.20143863]
 [-0.0138131  -0.07621736 -0.00402958 -0.01812523  0.06014018]
 [-0.17590912 -0.19408054 -0.03114479  0.12447437  0.01870972]]
U = [[ 0.02896969 -0.1584155   0.21849384 -0.13643592  0.27769575]
 [-0.15069174  0.18430048  0.18279845  0.19102248  0.01054438]
 [ 0.23023124  0.00344552  0.15005811  0.10680793  0.11941876]
 [ 0.07547195  0.23144803  0.11352227  0.03039675  0.10253783]
 [-0.18744783  0.22149544  0.3395063   0.180892    0.08158028]]
Matrix Pair 29; W = [[-0.080585    0.06100774  0.194436    0.14508306 -0.05551125]
 [ 0.04826679 -0.21997831 -0.07601946 -0.10440911  0.17289364]
 [-0.0542257   0.00253681 -0.14808914  0.03313401  0.21103621]
 [ 0.02539181 -0.0658607  -0.01197013 -0.00220101  0.09296094]
 [-0.17129257 -0.13411359  0.01107928  0.10056573  0.03127187]]
U = [[ 0.05024018 -0.14466539  0.20640189 -0.14428512  0.24201177]
 [-0.18727763  0.17002634  0.17378756  0.2071718   0.0367477 ]
 [ 0.25926506  0.04415888  0.11591607  0.1039665   0.0527432 ]
 [ 0.10591312  0.22262895  0.10024805  0.00041413  0.08176921]
 [-0.26350785  0.21259964  0.35688876  0.14205034  0.00070418]]
Matrix Pair 30; W = [[-0.09368452  0.08275432  0.20769821  0.13136522 -0.08951924]
 [ 0.00364412 -0.21758377 -0.06388121 -0.0851297   0.21923908]
 [-0.1278484   0.083481   -0.07032532  0.03037383  0.16802361]
 [-0.01885111 -0.11015543 -0.03553098  0.02415544  0.03679475]
 [-0.20766159 -0.1913315   0.0363187   0.11513128 -0.03045678]]
U = [[ 0.10641388 -0.08889578  0.19461261 -0.13952618  0.25511505]
 [-0.20408826  0.1496006   0.17296352  0.16291055  0.07282655]
 [ 0.28630807  0.02690268  0.12009808  0.13678344  0.06602118]
 [ 0.12715218  0.26948495  0.06517037  0.04619817  0.12621083]
 [-0.23292788  0.23399838  0.31112606  0.1807173   0.02578016]]
Matrix Pair 31; W = [[-0.13105874  0.07424809  0.18707648  0.08141798 -0.11413906]
 [ 0.05893239 -0.23737511 -0.13195927 -0.15291396  0.15369125]
 [-0.07739051  0.08403228 -0.13501045 -0.01320728  0.14836931]
 [-0.04997601 -0.06426667  0.05921659 -0.00486493  0.07639482]
 [-0.19174227 -0.16432341 -0.04258183  0.16051482  0.02756195]]
U = [[ 0.0355391  -0.13120662  0.24126194 -0.07261616  0.2527616 ]
 [-0.16463059  0.11935398  0.16625985  0.17785475  0.03705733]
 [ 0.24915635  0.06280898  0.15579995  0.11377068  0.10126548]
 [ 0.1336436   0.22595388  0.12510914 -0.0126941   0.13694533]
 [-0.21714609  0.20317775  0.32135606  0.18531494  0.08108869]]
Matrix Pair 32; W = [[-0.00115599  0.00728132  0.17548862  0.10889966 -0.2186101 ]
 [ 0.0620819  -0.27729963 -0.10269261 -0.18768331  0.191223  ]
 [-0.10694644  0.07998427 -0.06155734 -0.03409806  0.18809637]
 [-0.04732842 -0.04336997 -0.08024071 -0.03657281  0.10082667]
 [-0.13941412 -0.15187239  0.01791137  0.063527    0.02455788]]
U = [[ 0.04863674 -0.02829162  0.1058214  -0.01486633  0.21687489]
 [-0.15998603  0.11152414  0.17091344  0.15258649  0.01245288]
 [ 0.26435102  0.0860928   0.13510644  0.09808225  0.09212469]
 [ 0.12740972  0.16273391  0.09325903 -0.00544836  0.03407002]
 [-0.20011391  0.15348767  0.2783774   0.17200812  0.03640518]]
Matrix Pair 33; W = [[ 0.00822575  0.01108488  0.15217231  0.04869145 -0.20918707]
 [ 0.08464053 -0.24292706 -0.10613069 -0.09678953  0.2016836 ]
 [-0.10249565  0.07693642 -0.06695475 -0.04994667  0.21593965]
 [-0.04734447 -0.08132394 -0.02658342 -0.00743855  0.09842727]
 [-0.12101711 -0.09744966  0.02916772  0.06138196 -0.02506998]]
U = [[ 0.09705225 -0.06335305  0.13773472 -0.05714021  0.15448002]
 [-0.17305653  0.11269498  0.15102296  0.17401595 -0.03023945]
 [ 0.26606685  0.03992352  0.1278398   0.07697148  0.09404925]
 [ 0.04914347  0.23404505  0.04093371 -0.0381541   0.05208523]
 [-0.18257795  0.18907893  0.32795924  0.2130338   0.03024503]]
Matrix Pair 34; W = [[-0.01820941  0.02609287  0.10778099  0.1279642  -0.16150566]
 [ 0.03987146 -0.30247003 -0.12577338 -0.10970254  0.20501822]
 [-0.1129475   0.09206955 -0.01196877 -0.00290637  0.19233206]
 [-0.05105923 -0.08006716 -0.04035898 -0.03163378  0.00684604]
 [-0.14875139 -0.07611662  0.0750407   0.06999329 -0.04427711]]
U = [[ 0.12078487 -0.03659073  0.15917919 -0.06698496  0.20527968]
 [-0.15668321  0.0883933   0.17392509  0.17802476  0.00135048]
 [ 0.21015059  0.02992167  0.12691689  0.06443331  0.13122939]
 [ 0.05977108  0.22771878  0.05774808 -0.0367556   0.11198451]
 [-0.12666872  0.23435363  0.26052401  0.20139343  0.05942023]]
Matrix Pair 35; W = [[-0.00578999  0.06189482  0.15272364  0.10664012 -0.20276084]
 [ 0.09162891 -0.26392366 -0.10397111 -0.1605649   0.20519766]
 [-0.15167894  0.06264244 -0.06087079 -0.00876818  0.17848187]
 [-0.0692775  -0.04152621 -0.11654883  0.05086919  0.07010152]
 [-0.17914976 -0.07573772  0.07545119 -0.00232591  0.01916363]]
U = [[ 0.06943056 -0.08894303  0.17822781 -0.0802838   0.17160716]
 [-0.101969    0.12269757  0.16232101  0.18429857  0.05119106]
 [ 0.29580786  0.07668914  0.17666758  0.07188427  0.10608372]
 [ 0.11984449  0.22456813  0.08218166 -0.01770507  0.10796714]
 [-0.16993011  0.23910463  0.29966111  0.20019571  0.03138224]]
Matrix Pair 36; W = [[-0.14730195  0.11972617  0.19738979  0.04143454 -0.07523226]
 [ 0.04465435 -0.33809988 -0.10962399 -0.19026718  0.19630383]
 [-0.15542499  0.00400728 -0.15964371  0.00318166  0.27841128]
 [-0.04385341 -0.08509835 -0.07720978 -0.03189048  0.03239659]
 [-0.14681723 -0.03888555  0.08903975 -0.00396341 -0.01425572]]
U = [[ 0.14694246 -0.10346768  0.25487936 -0.04508034  0.21024667]
 [-0.15822208  0.16362813  0.12057125  0.15124705  0.01719207]
 [ 0.27243132  0.02339579  0.21218151  0.12448522  0.11512366]
 [ 0.05688549  0.26471292  0.05948558 -0.03175592  0.07831436]
 [-0.20908182  0.1299202   0.28336983  0.13332211  0.01769673]]
Matrix Pair 37; W = [[-0.14756921  0.10566629  0.11950307  0.07619035 -0.13430089]
 [ 0.08550414 -0.30282989 -0.073017   -0.16708754  0.2879927 ]
 [-0.10791177  0.0319402  -0.10610386  0.01038813  0.28392292]
 [-0.0223942  -0.09668701 -0.08551005 -0.05639221  0.09337816]
 [-0.10470719 -0.03234954  0.00698272  0.01968789  0.01085021]]
U = [[ 0.21358646 -0.03603891  0.2191888  -0.06296422  0.17353298]
 [-0.1995393   0.1027909   0.13205842  0.14980058  0.02091062]
 [ 0.29619255  0.09257339  0.13203005  0.04198333  0.0666297 ]
 [ 0.03799903  0.22961072 -0.01754988 -0.00174888  0.10284746]
 [-0.16444363  0.17089213  0.29601847  0.17295058  0.04174316]]
Matrix Pair 38; W = [[-0.1062291   0.13589763  0.15515536  0.09025596 -0.12408043]
 [ 0.08668091 -0.28367626 -0.02420806 -0.15724735  0.19964253]
 [-0.12173867  0.01216376 -0.17238918 -0.02947648  0.28548469]
 [ 0.00246757 -0.07789485 -0.12572882  0.00742047  0.03088784]
 [-0.10885996 -0.09726588  0.04018824 -0.00488097  0.03783677]]
U = [[ 0.20157014 -0.06922904  0.24112903 -0.10586141  0.18510617]
 [-0.20525018  0.1368876   0.19627361  0.08638456  0.06573786]
 [ 0.29654633  0.08949799  0.16679433  0.04662935  0.11990879]
 [ 0.0562533   0.18900548  0.00103752  0.03100592  0.11544008]
 [-0.21848404  0.16967708  0.25905313  0.16208524 -0.01867986]]
Matrix Pair 39; W = [[-0.13965331  0.05174678  0.11904866  0.11433272 -0.10997468]
 [ 0.11037573 -0.26536272 -0.07305927 -0.15107552  0.20935834]
 [-0.15513862  0.06013251 -0.098906   -0.06035119  0.22629197]
 [ 0.01917653 -0.09395296 -0.06617715 -0.06432343  0.05499028]
 [-0.15483782 -0.10928302  0.06339266  0.04161222 -0.02207187]]
U = [[ 0.19862398 -0.0831851   0.23246595 -0.03135219  0.26037556]
 [-0.15006962  0.11222437  0.17150782  0.07892823  0.08948196]
 [ 0.26108592  0.06165729  0.1462812   0.0809825   0.06526584]
 [ 0.04744291  0.21387294  0.03426497  0.03593187  0.06887818]
 [-0.13802342  0.22423346  0.2296385   0.18091805  0.04060689]]
Matrix Pair 40; W = [[-0.10431878  0.04200947  0.18678241  0.14903523 -0.15876002]
 [ 0.12375227 -0.21823514 -0.09865744 -0.13309893  0.18763139]
 [-0.16787036  0.027053   -0.09980255 -0.01765331  0.1517517 ]
 [-0.0655111  -0.0354548  -0.04035587  0.03008447  0.11072747]
 [-0.10194241 -0.07761482 -0.0013265   0.11294101  0.00578101]]
U = [[ 0.07189139 -0.06360618  0.14657091 -0.06329436  0.24026905]
 [-0.14105112  0.13211718  0.18590693  0.16417082  0.09507834]
 [ 0.31195009  0.04808033  0.0568038   0.13273639  0.21104683]
 [ 0.00937031  0.23851677  0.03471396  0.01491094  0.13574668]
 [-0.13519833  0.18918643  0.3278276   0.1591131  -0.00058618]]
Matrix Pair 41; W = [[-0.13804857  0.0305053   0.23371536  0.07180952 -0.07780813]
 [ 0.14517622 -0.25775706 -0.12327121 -0.1577702   0.24784011]
 [-0.10468532 -0.02557475 -0.16070017 -0.04548714  0.13435643]
 [-0.03239776 -0.12619045 -0.05815484 -0.02311601  0.10013726]
 [-0.15705968 -0.090604    0.02569799  0.07681701 -0.00082735]]
U = [[ 0.07758394 -0.10348976  0.21308276 -0.03488101  0.18365697]
 [-0.1765995   0.14917998  0.20671671  0.19462599  0.08767551]
 [ 0.25850061  0.01619171  0.14101482  0.0952563   0.14585042]
 [ 0.04098592  0.23551286  0.05132971  0.01190179  0.166768  ]
 [-0.13470393  0.21476858  0.33647059  0.1814323  -0.00681743]]
Matrix Pair 42; W = [[-0.08375319  0.05453463  0.23022635  0.11216012 -0.14579226]
 [ 0.07377324 -0.25713495 -0.07565469 -0.14431607  0.19774912]
 [-0.15690179  0.04430015 -0.1419805   0.01325837  0.22145673]
 [-0.01105671 -0.06502889  0.00133908  0.00893421  0.0193927 ]
 [-0.18165417 -0.0454165   0.06867172  0.05559059  0.03249153]]
U = [[ 0.10029183 -0.06929505  0.13118242 -0.04692419  0.23794063]
 [-0.1269567   0.0755585   0.1678148   0.14847874  0.0690436 ]
 [ 0.31027506  0.10966001  0.08734563  0.11908468  0.14706691]
 [ 0.05737033  0.17744155  0.09337212  0.04682393  0.117914  ]
 [-0.21050191  0.13050299  0.38574791  0.19288027 -0.03724485]]
Matrix Pair 43; W = [[-0.12660472  0.06225288  0.21882511  0.14752752 -0.15474613]
 [ 0.07275715 -0.25018781 -0.15453815 -0.1695087   0.24569523]
 [-0.09389313 -0.00499441 -0.14341479 -0.00952733  0.15444342]
 [-0.0011179  -0.06913831  0.01078741 -0.01817604  0.06188508]
 [-0.10239194 -0.06111735  0.05384777  0.08869712  0.02173934]]
U = [[ 0.03209785 -0.11580304  0.13834204 -0.03578953  0.19739168]
 [-0.19836303  0.12199374  0.20302255  0.19627835  0.09565662]
 [ 0.26645637  0.06641429  0.07688561  0.0647172   0.17815053]
 [ 0.02685768  0.19165405  0.10907002  0.08509506  0.12095553]
 [-0.1741652   0.20450694  0.33607855  0.1540589  -0.07397033]]
Matrix Pair 44; W = [[-0.07027178  0.12334678  0.133749    0.17486169 -0.14444388]
 [ 0.07801218 -0.22924924 -0.07785438 -0.20280632  0.18751371]
 [-0.06130103  0.01057384 -0.06577867  0.03347575  0.25175547]
 [-0.09367824 -0.09824491  0.00640059 -0.03399318  0.1041258 ]
 [-0.08273914 -0.17951548  0.03089359  0.02604662  0.01166717]]
U = [[ 0.12609266 -0.13760302  0.11618593 -0.03593837  0.26678991]
 [-0.09887169  0.1200927   0.08716817  0.16444269  0.00108898]
 [ 0.28846179  0.06121427  0.12726869  0.10811165  0.14400737]
 [ 0.10102686  0.23641438  0.0205406   0.04469775  0.1066744 ]
 [-0.21395162  0.16560102  0.30621281  0.26883805 -0.09318149]]
Matrix Pair 45; W = [[-5.11972304e-02  1.49101400e-01  1.24506619e-01  1.33365723e-01
  -1.83877830e-01]
 [ 8.69275331e-02 -2.25671599e-01 -6.06853827e-02 -1.98785841e-01
   2.30795918e-01]
 [-3.65480430e-02  2.88304387e-02 -1.30045065e-02 -5.39911119e-05
   2.59188674e-01]
 [-7.27297410e-02 -6.45506823e-02 -6.44606319e-02  5.63462750e-03
   5.99271997e-02]
 [-9.92194554e-02 -1.31356649e-01  1.12171414e-01  6.11068625e-02
  -2.55887815e-03]]
U = [[ 0.08105284 -0.15413699  0.18924619 -0.06453319  0.24881798]
 [-0.07502567  0.10620893  0.08724959  0.11843679 -0.01054562]
 [ 0.26977543  0.04614334  0.08717234  0.16302538  0.13796342]
 [ 0.14422458  0.29837301  0.07137351 -0.00371055  0.1393579 ]
 [-0.27214817  0.24677766  0.36053089  0.22072181 -0.04480149]]
Matrix Pair 46; W = [[-0.04866907  0.12963153  0.16513116  0.08691857 -0.15361908]
 [ 0.0322583  -0.2531182  -0.1270073  -0.19790071  0.15332044]
 [-0.0607357   0.05560624 -0.08600799  0.04561851  0.18750278]
 [-0.12542226 -0.05286508 -0.04781136 -0.02412298  0.0303895 ]
 [-0.107694   -0.12144713  0.04431206  0.07897814 -0.07995872]]
U = [[ 0.06920869 -0.08936021  0.18384917 -0.03182975  0.25515952]
 [-0.12800756  0.09822728  0.11343326  0.15200555  0.00354349]
 [ 0.26040231  0.05814914  0.12601458  0.13073487  0.12927596]
 [ 0.12707172  0.29424235  0.08415641  0.02744364  0.10781329]
 [-0.26793323  0.25724717  0.37273966  0.25155572 -0.06878944]]
Matrix Pair 47; W = [[ 0.01697837  0.08515986  0.14245016  0.1367665  -0.13533998]
 [ 0.09853179 -0.26229902 -0.14365014 -0.2120719   0.16886103]
 [-0.08602076 -0.01519581 -0.02302965  0.06589133  0.20789824]
 [-0.1284935  -0.11461772 -0.06262819  0.03199329  0.02580876]
 [-0.1164576  -0.15343374  0.08400995  0.1017248  -0.07860629]]
U = [[ 0.04773014 -0.16305811  0.13645555 -0.07134149  0.27899814]
 [-0.12316546  0.10585929  0.07339746  0.12452556  0.04792557]
 [ 0.32078193  0.07277731  0.06550607  0.14269257  0.13750716]
 [ 0.08621133  0.2488356   0.01484774  0.03619768  0.09305292]
 [-0.26242405  0.25849781  0.33462606  0.18319991 -0.091611  ]]
Matrix Pair 48; W = [[-0.09242642  0.07519224  0.18873461  0.08590869 -0.06453979]
 [ 0.07683845 -0.26072422 -0.14896846 -0.14287935  0.22774608]
 [-0.10788463  0.06456754 -0.07426353 -0.03051051  0.18895711]
 [ 0.01352688 -0.03398116 -0.11618761 -0.06785948  0.05958673]
 [-0.12670188 -0.0564716   0.0626778   0.08967921  0.00212532]]
U = [[ 0.036958   -0.16360839  0.24494721 -0.08380555  0.20599262]
 [-0.17536689  0.06480148  0.11744148  0.13413809  0.0772872 ]
 [ 0.20266675  0.05876651  0.10591893  0.13711742  0.06123203]
 [ 0.00980944  0.23360271 -0.00193911  0.09342032  0.15689008]
 [-0.21408911  0.20850144  0.28597876  0.12655254 -0.00831684]]
Matrix Pair 49; W = [[-0.08857471  0.03722121  0.16846083  0.10618462 -0.07383643]
 [ 0.07611399 -0.22409779 -0.12926316 -0.14766257  0.17942353]
 [-0.06785768  0.0381994  -0.10090789 -0.02242513  0.24376932]
 [ 0.0043776  -0.05129709 -0.06995598 -0.00963434  0.04949608]
 [-0.14382834 -0.0919035   0.06937836  0.07853224 -0.08190421]]
U = [[ 0.06141917 -0.12774496  0.15363473 -0.09993488  0.28401002]
 [-0.10301865  0.0516856   0.11361565  0.09675272 -0.01069507]
 [ 0.24137694  0.01031149  0.10157014  0.06791115  0.10044778]
 [ 0.05213981  0.19456506 -0.00995269  0.11400525  0.12537362]
 [-0.21069493  0.14594383  0.34487216  0.16134536 -0.00377258]]
Matrix Pair 50; W = [[-0.09356714  0.07899101  0.24351184  0.11362339 -0.13614028]
 [ 0.08107833 -0.2283142  -0.12107463 -0.14306862  0.20255139]
 [-0.10261392  0.032287   -0.08824524 -0.0337392   0.26092357]
 [-0.00729798 -0.03180119 -0.13442755 -0.09860239  0.07326626]
 [-0.1350928  -0.0779794  -0.0235311   0.08864642 -0.06222813]]
U = [[ 0.08658394 -0.13307444  0.2408003  -0.12086291  0.26577396]
 [-0.16776912  0.08282789  0.1994815   0.12441032 -0.00737969]
 [ 0.26636774  0.03684751  0.10384363  0.10483053  0.11187413]
 [ 0.02026067  0.20926489 -0.03664695  0.04689159  0.15534231]
 [-0.2255899   0.19694557  0.35428514  0.147928    0.05388662]]
Matrix Pair 51; W = [[-0.09212515  0.00242555  0.18656764  0.12002342 -0.09668075]
 [ 0.1246417  -0.2833939  -0.15117127 -0.15012757  0.14759223]
 [-0.03868122  0.06375435 -0.08842617 -0.0118414   0.25634638]
 [-0.06087707 -0.05755281 -0.04665572 -0.06753141  0.09841034]
 [-0.12476206 -0.09112404  0.00326517  0.13442421 -0.06740603]]
U = [[ 0.09772619 -0.11620653  0.20675966 -0.07836122  0.23429307]
 [-0.19599748  0.1271286   0.16744345  0.06362282  0.00355756]
 [ 0.22979262  0.0695223   0.12283811  0.06498165  0.04604429]
 [ 0.07880657  0.22780585  0.00732392  0.1235606   0.10448642]
 [-0.23531357  0.15437649  0.28240617  0.17840895  0.06130247]]
Matrix Pair 52; W = [[-0.07237258 -0.03735896  0.12411227  0.04496221 -0.09851645]
 [ 0.09872279 -0.25454532 -0.10819761 -0.19163363  0.26336979]
 [-0.04284891  0.00050239 -0.1266318  -0.02017268  0.2666204 ]
 [-0.01206074 -0.09698051 -0.05783099  0.05420161  0.05982227]
 [-0.23556147 -0.093151    0.05114389 -0.01261632 -0.03074227]]
U = [[ 0.0821698  -0.05725037  0.14705312 -0.14053826  0.18480399]
 [-0.14827319  0.09949408  0.10532322  0.15084454 -0.03801318]
 [ 0.26584927 -0.01483098  0.13457655  0.18503553  0.09310926]
 [ 0.13646403  0.23388954  0.0828852   0.03427965  0.12508365]
 [-0.24849227  0.18053248  0.30198845  0.15834098 -0.01242529]]
Matrix Pair 53; W = [[-0.07032694  0.00678078  0.1495736   0.04834295 -0.17822916]
 [ 0.04602634 -0.28891951 -0.10733575 -0.19418668  0.25699497]
 [-0.12571113  0.00256573 -0.09699553  0.03317846  0.24064819]
 [ 0.0048164  -0.04843358 -0.07050854  0.02496807  0.00749976]
 [-0.17111503 -0.18879324  0.06751852  0.04776071 -0.0678081 ]]
U = [[ 0.12870276 -0.06953093  0.19533347 -0.11103255  0.20162334]
 [-0.13063276  0.14828625  0.1202205   0.12290143 -0.00946325]
 [ 0.28884425  0.04765532  0.12350406  0.12534831  0.09535289]
 [ 0.07409495  0.24096136  0.09006569  0.02730736  0.09733261]
 [-0.1785081   0.21119229  0.37222554  0.21931067  0.07612534]]
Matrix Pair 54; W = [[-0.05995185  0.0205405   0.14230184 -0.00456701 -0.15652324]
 [ 0.11186954 -0.26718893 -0.05853658 -0.1204233   0.30720627]
 [-0.04778059  0.02859738 -0.1459821  -0.00568005  0.2360664 ]
 [-0.09251706 -0.06178188 -0.08852917  0.02206549  0.0314534 ]
 [-0.20559684 -0.17650883  0.05583586  0.03926329 -0.06563653]]
U = [[ 0.09345583 -0.03906132  0.16310336 -0.06685301  0.2332707 ]
 [-0.15541726  0.19034113  0.09526027  0.10103818  0.02095612]
 [ 0.25271754  0.07058722  0.0878131   0.18332403  0.16629891]
 [ 0.07225732  0.21780997  0.03404429  0.06221441  0.13837275]
 [-0.19022136  0.15567307  0.35165171  0.15191199  0.04294222]]
Matrix Pair 55; W = [[-0.05222748  0.02254355  0.1729394   0.06864821 -0.1433621 ]
 [ 0.02778928 -0.27698066 -0.120728   -0.16140862  0.22829909]
 [-0.04752162  0.03166254 -0.10823919 -0.00645634  0.21337428]
 [-0.0053279  -0.02813807 -0.0961806  -0.01260785  0.04551664]
 [-0.17444776 -0.09247059  0.06044783  0.03844475 -0.02239902]]
U = [[ 0.09307823 -0.07456038  0.20458764 -0.06708642  0.22148556]
 [-0.16854062  0.11006993  0.11270793  0.08251248 -0.02234503]
 [ 0.25039878  0.02965931  0.10082214  0.10026448  0.09771924]
 [ 0.13008576  0.27736265  0.04290717  0.0385494   0.13588319]
 [-0.25189154  0.14710963  0.33721609  0.19667248  0.05022966]]
Matrix Pair 56; W = [[-4.67486076e-02  9.41465258e-02  1.93589455e-01  7.17914570e-02
  -1.45153248e-01]
 [ 1.11665530e-01 -3.06422175e-01 -4.72861372e-02 -7.20618528e-02
   1.87440685e-01]
 [-1.19646253e-01  3.84629555e-02 -7.21872258e-02  1.83003911e-02
   1.43991599e-01]
 [-1.18622887e-02  1.41490071e-04  2.66390201e-03  4.04628413e-02
   8.27570255e-02]
 [-9.43714369e-02 -1.63034629e-01  5.27301411e-02  1.56324320e-01
  -4.94673005e-02]]
U = [[ 0.03604613 -0.13284996  0.21479745 -0.04123746  0.24581705]
 [-0.24186348  0.11834125  0.198402    0.19170957 -0.01144826]
 [ 0.25673669  0.00739779  0.11889622  0.09051599  0.07081984]
 [ 0.02073117  0.186024    0.0389859   0.11439948  0.06505193]
 [-0.25570611  0.17207908  0.30796282  0.23847455  0.009068  ]]
Matrix Pair 57; W = [[-0.02337231  0.12698705  0.18145203  0.00345145 -0.19255077]
 [ 0.14443005 -0.24058399 -0.08418597 -0.09885785  0.12832759]
 [-0.05867883  0.08698388 -0.09870269  0.01326494  0.11259008]
 [-0.01745542 -0.05784993  0.01453098 -0.03991313  0.1283355 ]
 [-0.14631152 -0.12239845  0.05805614  0.17004077 -0.04247006]]
U = [[ 0.05783956 -0.07490808  0.15071035 -0.04279598  0.25293414]
 [-0.19362847  0.0843542   0.12501038  0.12819306 -0.0090134 ]
 [ 0.29134242  0.02703796  0.14138328  0.17037824  0.05671067]
 [ 0.03243162  0.15277055  0.05658918  0.03061831  0.05541881]
 [-0.25727694  0.18305764  0.30121613  0.23114823  0.05911797]]
Matrix Pair 58; W = [[-0.05207451  0.11151842  0.24661252  0.02464369 -0.16976199]
 [ 0.11197039 -0.24354316 -0.11900687 -0.13086775  0.13824322]
 [-0.07936567  0.02873559 -0.08819889  0.0376962   0.16445107]
 [ 0.04169471 -0.03638604  0.00260486  0.02231382  0.06084201]
 [-0.09848656 -0.09954626  0.07578753  0.13600334 -0.01782329]]
U = [[ 0.03569695 -0.11422519  0.16635781 -0.10968784  0.28103182]
 [-0.21606493  0.09608963  0.176586    0.12708494  0.01589447]
 [ 0.26228765  0.0756605   0.16807741  0.10788693  0.1050587 ]
 [ 0.07447853  0.21838599  0.0702398   0.10822536  0.03251929]
 [-0.18992683  0.141235    0.38281877  0.23061125 -0.01310926]]
Matrix Pair 59; W = [[-0.03994196  0.07748651  0.25614653  0.07792642 -0.09397996]
 [ 0.12900099 -0.29357162 -0.10990216 -0.16053356  0.17088728]
 [-0.10381901  0.09847627 -0.09086501  0.02000799  0.157304  ]
 [ 0.02520394 -0.05526224 -0.06424932 -0.00559041  0.06541524]
 [-0.12140551 -0.15101733  0.07824411  0.17429149 -0.06788457]]
U = [[ 0.02238746 -0.06736086  0.12145325 -0.12546544  0.24932774]
 [-0.18325023  0.06447481  0.12391203  0.21048415  0.00206006]
 [ 0.29153291  0.05368617  0.19029404  0.12405075  0.13713696]
 [ 0.04891105  0.16686146  0.05291125  0.06628213  0.07831531]
 [-0.20677714  0.18641947  0.3131419   0.24050668  0.06310689]]
Matrix Pair 60; W = [[-0.06249459  0.04002171  0.15218597  0.09608882 -0.12747493]
 [ 0.11063775 -0.24473044 -0.11179393 -0.09321925  0.18497114]
 [-0.11211013  0.01140577 -0.14026577  0.06261172  0.19222923]
 [-0.06386159 -0.13299449 -0.10665456  0.04357128 -0.00693335]
 [-0.17724613 -0.09787291  0.0543709   0.0759796   0.03453578]]
U = [[ 0.18620868 -0.10428963  0.1970288  -0.09401082  0.21569807]
 [-0.06742855  0.10588489  0.18261129  0.0892363  -0.01971915]
 [ 0.24952528  0.03931094  0.16328997  0.16710959  0.11159155]
 [ 0.06636935  0.19199264  0.07198264 -0.01919108  0.05596012]
 [-0.21586973  0.15212552  0.31036213  0.20212333 -0.05709872]]
Matrix Pair 61; W = [[-0.11124816  0.05640001  0.10103288  0.08630085 -0.10253111]
 [ 0.11020912 -0.29968214 -0.11250744 -0.16685786  0.16843527]
 [-0.07019536  0.00535881 -0.0764603   0.00958953  0.18370657]
 [-0.07965003 -0.0639929  -0.06346845  0.06173919  0.02384784]
 [-0.19320091 -0.00148866  0.05020273  0.09981414  0.04182846]]
U = [[ 0.12459997 -0.13865544  0.21716217 -0.05534027  0.24703078]
 [-0.09837524  0.09833625  0.19824248  0.11627387 -0.02046797]
 [ 0.22535831  0.06038027  0.16697981  0.18489594  0.17626913]
 [ 0.05858497  0.26248675  0.05426247 -0.04829814  0.11288606]
 [-0.23796859  0.13604524  0.27188449  0.14656133  0.02592458]]
Matrix Pair 62; W = [[-0.05978418  0.05604357  0.08593565  0.07214842 -0.13518698]
 [ 0.03660222 -0.22861312 -0.12203833 -0.11516911  0.16718472]
 [-0.08444343  0.06064691 -0.12507965  0.01389327  0.24246152]
 [-0.0076087  -0.14369404 -0.08382713 -0.01663386 -0.05478918]
 [-0.16073248 -0.00840159  0.05299551  0.08453521 -0.00110294]]
U = [[ 0.1545387  -0.18070541  0.21670112 -0.13308195  0.21135284]
 [-0.08253035  0.16066897  0.12502865  0.13471814  0.0085651 ]
 [ 0.21209233  0.10594983  0.12023188  0.10211011  0.12993584]
 [ 0.13732193  0.18086259  0.02856439 -0.01585906  0.0846345 ]
 [-0.18752798  0.18111587  0.2864435   0.14889571 -0.02112505]]
Matrix Pair 63; W = [[-1.00854555e-01  8.66475120e-02  9.88104397e-02  4.55963430e-02
  -7.47053855e-02]
 [ 4.35409223e-02 -2.94774463e-01 -9.40092455e-02 -1.19393140e-01
   1.56850485e-01]
 [-7.94109935e-02  1.92305881e-04 -4.85650808e-02  4.24196671e-02
   2.42105361e-01]
 [-2.74586170e-02 -6.30463678e-02 -1.14648618e-01  3.54557720e-02
  -5.89215737e-02]
 [-1.94966536e-01 -4.23662915e-02  2.88210521e-02  5.93192775e-02
   2.99406458e-02]]
U = [[ 0.10987819 -0.11535766  0.19126998 -0.124927    0.24831929]
 [-0.09632864  0.16495527  0.20545999  0.1380036  -0.00445443]
 [ 0.26849909  0.05381618  0.16283159  0.13554965  0.09178541]
 [ 0.11843294  0.26707252  0.05792592  0.02721115  0.0569226 ]
 [-0.23945704  0.16252559  0.27079868  0.16750985 -0.03477948]]
