Epoch: 13Matrix Pair 0; W = [[ 0.28864594 -0.01160167  0.03741082 -0.11566511 -0.03154181]
 [-0.21536947 -0.37004993 -0.03633066  0.24852919 -0.07216829]
 [-0.11337641  0.05860955 -0.20050867  0.08694414 -0.0426271 ]
 [ 0.15322043  0.11817287  0.07803576 -0.03857829 -0.05278533]
 [-0.15905246 -0.1185337  -0.28927253 -0.18697773 -0.07395568]]
U = [[ 0.12940471  0.16993494  0.26029281  0.20539792 -0.0296045 ]
 [-0.21826899 -0.15913246 -0.02300105  0.20182622  0.29964399]
 [ 0.18928755  0.04094591 -0.16589261 -0.19307302  0.17078989]
 [ 0.13995465  0.05152078  0.33799252 -0.0724453  -0.09638053]
 [-0.04673513 -0.13970312 -0.12681908 -0.08726021 -0.0046415 ]]
Matrix Pair 1; W = [[ 0.27489328 -0.04614289  0.03144971 -0.09979463 -0.01886569]
 [-0.2599649  -0.37179294 -0.09284542  0.24975841 -0.13610713]
 [-0.06629743  0.01016658 -0.16148203  0.09043717 -0.08185441]
 [ 0.15462109  0.08285568  0.11509835 -0.02295697 -0.02887715]
 [-0.17204053 -0.06689759 -0.23236365 -0.17353517 -0.02119482]]
U = [[ 0.22509893  0.21777564  0.27756291  0.22667935 -0.02252795]
 [-0.1741519  -0.1204968  -0.02206098  0.18272783  0.24695777]
 [ 0.21263945 -0.03826098 -0.18722977 -0.17839223  0.1329421 ]
 [ 0.1080008  -0.03287418  0.2829366  -0.03356879 -0.1059742 ]
 [-0.05351966 -0.09591574 -0.14536127 -0.04373354 -0.00391547]]
Matrix Pair 2; W = [[ 0.25351094 -0.05765937  0.10407773 -0.09799208 -0.00394016]
 [-0.24131957 -0.35103491 -0.10000846  0.20769668 -0.06568136]
 [-0.05032656  0.06073773 -0.2420268   0.07599565 -0.08773439]
 [ 0.14987665  0.12997421  0.12394757 -0.05906143 -0.0235457 ]
 [-0.17342312 -0.04731042 -0.29111976 -0.19261569 -0.03330824]]
U = [[ 0.16360994  0.15007786  0.22336108  0.20095097  0.03117426]
 [-0.23263681 -0.16419347 -0.04858526  0.23298014  0.28436848]
 [ 0.16715422  0.02466279 -0.24426263 -0.16123543  0.15793631]
 [ 0.16178605  0.01387043  0.30874498 -0.06673365 -0.15864082]
 [-0.07431848 -0.11221046 -0.16294773 -0.06868586  0.00990829]]
Matrix Pair 3; W = [[ 0.34299172 -0.01855172  0.10577935 -0.06707207  0.00122513]
 [-0.19505118 -0.3985935  -0.05341212  0.18456169 -0.13539698]
 [-0.1206644   0.01809924 -0.21085924  0.10496591 -0.11117549]
 [ 0.19809808  0.12828818  0.08069402 -0.06264636  0.02876458]
 [-0.21236777 -0.03322405 -0.24262084 -0.12123057 -0.02976464]]
U = [[ 0.15316303  0.24377293  0.2470022   0.19248561 -0.0346282 ]
 [-0.22901271 -0.08220981  0.03431902  0.18598855  0.27479684]
 [ 0.17531531  0.05209538 -0.19924597 -0.22834856  0.09239711]
 [ 0.15917203 -0.0068423   0.27138941 -0.11121788 -0.15376417]
 [-0.03354775 -0.11394644 -0.14028777 -0.02209997  0.01613974]]
Matrix Pair 4; W = [[ 0.3119347  -0.09895602  0.12444519 -0.08901008 -0.03889981]
 [-0.23427335 -0.4002371  -0.08584565  0.21738567 -0.08092693]
 [-0.06006291 -0.02378611 -0.20076097  0.16394776 -0.11542825]
 [ 0.10925431  0.09602657  0.14170115 -0.04818754 -0.04765322]
 [-0.14117463 -0.10485676 -0.31114906 -0.12442904 -0.07007629]]
U = [[ 0.14483972  0.17898791  0.26148134  0.25236047  0.00524516]
 [-0.22464855 -0.08783119  0.01380481  0.17898429  0.30061092]
 [ 0.15235336 -0.01239445 -0.1650921  -0.22831513  0.13622451]
 [ 0.17365768 -0.01571403  0.28940851 -0.03511474 -0.16473919]
 [-0.04427474 -0.13715035 -0.12448121 -0.05831386  0.00950684]]
Matrix Pair 5; W = [[ 0.30494987 -0.03897027  0.02951973 -0.14097306  0.0379363 ]
 [-0.22681351 -0.36730251 -0.04274654  0.22367699 -0.10620378]
 [-0.06850663  0.05661131 -0.19652516  0.15174145 -0.10953392]
 [ 0.12085541  0.13449487  0.05201924 -0.04998368 -0.02071465]
 [-0.20627426 -0.10508509 -0.22652361 -0.11863888 -0.04824429]]
U = [[ 0.22419975  0.22005844  0.23573027  0.20183538 -0.00593923]
 [-0.16793862 -0.11342927  0.01287695  0.23789861  0.27006246]
 [ 0.15779422 -0.0169247  -0.23214565 -0.17511312  0.12654425]
 [ 0.1160629   0.04376367  0.32013904 -0.12336334 -0.17272495]
 [-0.11002742 -0.10802144 -0.15520014 -0.05533142  0.03369378]]
Matrix Pair 6; W = [[ 0.32245825 -0.03534053  0.04132613 -0.07872378  0.03361046]
 [-0.25465724 -0.38375516 -0.04457817  0.24822684 -0.08964465]
 [-0.10451095  0.056445   -0.23729386  0.14625086 -0.04544121]
 [ 0.11451284  0.14577598  0.0613098  -0.00872208 -0.00706597]
 [-0.15270058 -0.0332816  -0.30977222 -0.14149817 -0.04886567]]
U = [[ 0.15569604  0.2073981   0.28961136  0.19741193 -0.04020268]
 [-0.20966127 -0.08396554 -0.04398552  0.22196551  0.26876619]
 [ 0.13984876 -0.00695122 -0.20354181 -0.24513155  0.16171998]
 [ 0.13607403 -0.03146565  0.3233143  -0.04197904 -0.15577883]
 [-0.0521788  -0.07256298 -0.16527212 -0.03420282 -0.00727893]]
Matrix Pair 7; W = [[ 0.33591617 -0.08633458  0.09922071 -0.09124447 -0.02108221]
 [-0.21465955 -0.36314766 -0.02353795  0.23934343 -0.08892006]
 [-0.04706316 -0.00343148 -0.15113752  0.1534843  -0.11946361]
 [ 0.20114856  0.07502156  0.11322658 -0.05681968  0.00594691]
 [-0.14751887 -0.04209804 -0.28374284 -0.14091414 -0.04359874]]
U = [[ 0.14781519  0.23398302  0.25462255  0.23798257  0.01231058]
 [-0.21701488 -0.10625247 -0.0437161   0.23363062  0.26832136]
 [ 0.17841272  0.00930406 -0.21029482 -0.18460342  0.16997745]
 [ 0.13726408 -0.02111919  0.34592868 -0.07623772 -0.12254963]
 [-0.11228404 -0.13310055 -0.17803866 -0.09314829  0.04331625]]
Matrix Pair 8; W = [[ 0.30340357 -0.1031427   0.06868634 -0.1105475  -0.03337335]
 [-0.26056117 -0.37513914 -0.01114325  0.21514323 -0.12343751]
 [-0.07497682  0.01804995 -0.17554452  0.11528281 -0.08948242]
 [ 0.18172886  0.10610029  0.05456187 -0.05078428 -0.05474739]
 [-0.18903376 -0.10227709 -0.24026006 -0.20420425 -0.04044157]]
U = [[ 0.16223335  0.23879206  0.28797668  0.25480997 -0.04883123]
 [-0.15768931 -0.17532943 -0.0036988   0.21332264  0.28313851]
 [ 0.15682497 -0.0383415  -0.17873835 -0.24844294  0.08718604]
 [ 0.12610806  0.04947087  0.33164429 -0.08892121 -0.11317681]
 [-0.05726093 -0.08155266 -0.18170027 -0.04222469 -0.04524184]]
Matrix Pair 9; W = [[ 0.26096664 -0.10325166  0.07801244 -0.08829457 -0.00191019]
 [-0.22948739 -0.37789669 -0.06418728  0.2127335  -0.07460864]
 [-0.06576427 -0.00058432 -0.173436    0.14400389 -0.12113841]
 [ 0.14428164  0.0807288   0.08333864 -0.02341396  0.03637261]
 [-0.1475418  -0.09471774 -0.28532797 -0.21123655 -0.03674185]]
U = [[ 0.20382951  0.1666958   0.29856965  0.23681506 -0.03279415]
 [-0.21536959 -0.11825789  0.03493792  0.22272453  0.29840641]
 [ 0.19233476 -0.01787932 -0.19502045 -0.23235863  0.11544821]
 [ 0.09855771 -0.02800893  0.29923877 -0.04096749 -0.17351306]
 [-0.04427397 -0.10783464 -0.13466358 -0.00557369 -0.02900268]]
Matrix Pair 10; W = [[ 0.28394048 -0.05237966  0.07966007 -0.07756276  0.00050008]
 [-0.1988222  -0.43376277 -0.07758484  0.21156591 -0.13066588]
 [-0.07371932  0.04274924 -0.20791463  0.16464388 -0.04771248]
 [ 0.13053944  0.060296    0.06988485 -0.01673768 -0.04397108]
 [-0.12936388 -0.02660306 -0.24791894 -0.15890107 -0.02810854]]
U = [[ 0.2124792   0.19779599  0.23716384  0.2616898   0.03797994]
 [-0.20717521 -0.16130982  0.01837517  0.24011653  0.23002257]
 [ 0.16545606 -0.02572614 -0.20854026 -0.16099002  0.14359226]
 [ 0.0993245  -0.03130994  0.32486818 -0.10769227 -0.15973201]
 [-0.02742823 -0.08458073 -0.19600423 -0.01202414  0.02672866]]
Matrix Pair 11; W = [[ 0.25341367 -0.02414335  0.05385502 -0.0622527  -0.03070431]
 [-0.24778923 -0.38493418 -0.03952643  0.19762515 -0.13622359]
 [-0.12320739 -0.00361161 -0.15743938  0.08234164 -0.0450164 ]
 [ 0.16007504  0.07275579  0.05271359 -0.05644843  0.01046895]
 [-0.16656797 -0.06005966 -0.25242166 -0.15018877 -0.04188622]]
U = [[ 0.22130468  0.19921899  0.30347234  0.19040346  0.00830695]
 [-0.22376044 -0.16773937 -0.03416187  0.20114665  0.29268069]
 [ 0.20970931  0.04887733 -0.16188102 -0.22228959  0.16066797]
 [ 0.10845762  0.01860202  0.35268223 -0.12293525 -0.09325755]
 [-0.05900823 -0.12699424 -0.13913464 -0.02702263  0.01276661]]
Matrix Pair 12; W = [[ 2.67697818e-01 -9.79481170e-02  8.64144818e-02 -6.35923848e-02
  -2.70580858e-02]
 [-2.32995283e-01 -4.32560295e-01 -4.57556334e-02  2.12882686e-01
  -1.05621023e-01]
 [-9.02887506e-02  4.52444556e-03 -1.50872910e-01  1.03715735e-01
  -5.65759746e-02]
 [ 1.64138619e-01  1.05257482e-01  1.00355433e-01 -6.07003135e-02
  -8.64032325e-03]
 [-1.17618676e-01 -8.25577229e-02 -2.51925567e-01 -1.80838011e-01
   2.70483237e-04]]
U = [[ 0.13688465  0.20789181  0.22909278  0.18636481 -0.03769152]
 [-0.20130101 -0.13100496 -0.03921299  0.19051443  0.26884478]
 [ 0.18803597  0.00214233 -0.18052927 -0.19960886  0.1355749 ]
 [ 0.09961929  0.03145196  0.32588027 -0.03599865 -0.10401068]
 [-0.08892725 -0.08242519 -0.19131858 -0.04171526 -0.035946  ]]
Matrix Pair 13; W = [[ 0.30449501 -0.01144831  0.08742271 -0.08943565  0.0474379 ]
 [-0.22978157 -0.35369766 -0.01900407  0.27830798 -0.10917442]
 [-0.07273874  0.05250434 -0.22411646  0.1637487  -0.09653108]
 [ 0.1027874   0.14483164  0.05659753  0.01539359 -0.02228731]
 [-0.1911733  -0.12112418 -0.27104779 -0.13252566 -0.03750732]]
U = [[ 0.1378574   0.17706689  0.28299343  0.19774493 -0.0396863 ]
 [-0.2267621  -0.08461171 -0.05383191  0.17289642  0.22069776]
 [ 0.22429187  0.0587732  -0.1816322  -0.17990587  0.15542136]
 [ 0.17452201  0.03607312  0.26169981 -0.07140571 -0.14160493]
 [-0.10730657 -0.0740157  -0.17846625 -0.08175622  0.01228002]]
Matrix Pair 14; W = [[ 0.34501165 -0.09307389  0.09341564 -0.09012059 -0.03352669]
 [-0.20622158 -0.4431124  -0.0808346   0.1948892  -0.06933459]
 [-0.08646811  0.03392456 -0.21677055  0.14132285 -0.04781915]
 [ 0.17353404  0.08655887  0.05582845 -0.03976731 -0.02703351]
 [-0.16895638 -0.03589033 -0.23686188 -0.18936727 -0.08243393]]
U = [[ 0.18985194  0.24515671  0.26280538  0.2304561   0.00422917]
 [-0.1810532  -0.11830889 -0.04807168  0.21547237  0.23799639]
 [ 0.20657529 -0.03406839 -0.2260133  -0.20096691  0.08194976]
 [ 0.18734913  0.01007822  0.26899749 -0.1018482  -0.15216278]
 [-0.06229    -0.13228747 -0.20362115 -0.07092029 -0.03114271]]
Matrix Pair 15; W = [[ 0.33291162 -0.03243463  0.04811008 -0.06263335  0.00510208]
 [-0.18045264 -0.3945442  -0.09925276  0.21532515 -0.06612409]
 [-0.05796676  0.01416289 -0.23716126  0.15037036 -0.11653237]
 [ 0.1131103   0.10814435  0.07942322 -0.05367354  0.01580027]
 [-0.15233471 -0.04306695 -0.2919697  -0.14339907 -0.01184967]]
U = [[ 0.15317887  0.18838564  0.28801815  0.24609405 -0.01599826]
 [-0.19280771 -0.08966831  0.02549007  0.19694213  0.22762079]
 [ 0.16546569  0.05632993 -0.22748845 -0.25247193  0.1079185 ]
 [ 0.17409074  0.02258299  0.35093826 -0.07292618 -0.102405  ]
 [-0.03526171 -0.07750913 -0.12430411 -0.04075384  0.04948215]]
Matrix Pair 16; W = [[ 0.22372262  0.03718563  0.04492709 -0.11314729 -0.02048825]
 [-0.17771117 -0.47943438 -0.01425987  0.25697098 -0.17281801]
 [-0.13124643  0.00648411 -0.19219399  0.14040182 -0.05058868]
 [ 0.13942197  0.11225482  0.03025566 -0.08011053 -0.07486341]
 [-0.15386362 -0.05450424 -0.29181401 -0.12269378 -0.02555266]]
U = [[ 0.18249495  0.20177044  0.25961651  0.22804696  0.01112242]
 [-0.29261825 -0.12919458 -0.04911735  0.2103083   0.29155187]
 [ 0.20099607  0.01046254 -0.21242244 -0.19389274  0.08613084]
 [ 0.19051918 -0.03090232  0.18695937 -0.14811802 -0.14822751]
 [-0.05787085 -0.17471958 -0.20172152 -0.0560482   0.00632884]]
Matrix Pair 17; W = [[ 0.24866496  0.02414733  0.07796584 -0.16058461 -0.06857183]
 [-0.1576108  -0.48989419 -0.03617764  0.30010138 -0.0918144 ]
 [-0.09762093 -0.07090456 -0.10640702  0.09083244 -0.05609197]
 [ 0.16153754  0.12259927 -0.00328707 -0.07956482  0.01373691]
 [-0.09534967 -0.06965357 -0.34543888 -0.15720697 -0.04772693]]
U = [[ 0.18710032  0.23088079  0.26803248  0.23002584 -0.00619607]
 [-0.26690646 -0.16152766 -0.0649953   0.24986491  0.28479923]
 [ 0.17694422 -0.01179851 -0.25146547 -0.18808357  0.08607121]
 [ 0.19147936 -0.03866413  0.24106292 -0.14283074 -0.19304508]
 [-0.05108135 -0.20002553 -0.2118656  -0.10819255 -0.00981199]]
Matrix Pair 18; W = [[ 0.22701218  0.03601117  0.07715755 -0.14989976 -0.05644383]
 [-0.10574735 -0.45020499 -0.00473717  0.29432883 -0.1497117 ]
 [-0.15139945 -0.06585079 -0.19754396  0.16347637 -0.11624201]
 [ 0.09372278  0.0974884   0.04924007 -0.0609035   0.01000931]
 [-0.06813951 -0.07427338 -0.31246621 -0.14481859 -0.09669445]]
U = [[ 0.13528457  0.15026592  0.26192171  0.1907122   0.05341513]
 [-0.20507448 -0.17205634 -0.06526911  0.21604895  0.29898298]
 [ 0.16801349  0.03773624 -0.2078812  -0.17592987  0.08676057]
 [ 0.16467952 -0.03115699  0.26608021 -0.14350877 -0.15202114]
 [-0.12009758 -0.19882328 -0.23969939 -0.11768114  0.0310832 ]]
Matrix Pair 19; W = [[ 0.28119352  0.03391031  0.11299802 -0.09665949 -0.05884032]
 [-0.1483187  -0.45573339 -0.01891611  0.33874715 -0.15483038]
 [-0.10331327 -0.03898651 -0.13374169  0.12350153 -0.12627737]
 [ 0.17286312  0.13044983 -0.00664698 -0.05210961 -0.04419709]
 [-0.15111016 -0.07442463 -0.27796604 -0.15475683 -0.04018688]]
U = [[ 0.19077146  0.15940508  0.25557176  0.23001769  0.03595653]
 [-0.26028539 -0.19204988 -0.02798697  0.25855246  0.25497613]
 [ 0.23150627  0.02432978 -0.24270096 -0.17018252  0.10439856]
 [ 0.17954852 -0.07833328  0.2233247  -0.13597998 -0.14307374]
 [-0.09651829 -0.17823489 -0.22989415 -0.04714716  0.01658526]]
Matrix Pair 20; W = [[ 0.21484101  0.04150067  0.13265486 -0.1846927  -0.0396848 ]
 [-0.1939439  -0.49629121 -0.06147195  0.30400757 -0.14762926]
 [-0.091948   -0.00924304 -0.15975317  0.13139771 -0.08464071]
 [ 0.15606764  0.16779811  0.0564513  -0.09146199  0.01271973]
 [-0.07099959 -0.0695238  -0.34368898 -0.15219641 -0.0798252 ]]
U = [[ 0.12625141  0.20814623  0.24385482  0.19208708  0.0199578 ]
 [-0.26935672 -0.1692176  -0.00688149  0.20544515  0.28547893]
 [ 0.22612627  0.04075798 -0.20973053 -0.16915447  0.12111148]
 [ 0.18282718 -0.04331121  0.19742838 -0.16411292 -0.14787508]
 [-0.12772175 -0.15000717 -0.1952432  -0.07450419 -0.01087974]]
Matrix Pair 21; W = [[ 0.28519747  0.00595772  0.06205965 -0.16179217 -0.02689548]
 [-0.16843312 -0.4454845  -0.02887626  0.26498064 -0.10283244]
 [-0.07447424 -0.08037042 -0.18168133  0.09085019 -0.12602415]
 [ 0.09668953  0.13967225 -0.00244058 -0.0596346  -0.00330893]
 [-0.12012553 -0.00926018 -0.28441306 -0.15448012 -0.10849442]]
U = [[ 0.15918469  0.20542312  0.32246007  0.2061623   0.01211697]
 [-0.26186593 -0.11800507 -0.06146875  0.22174793  0.28335434]
 [ 0.14018379  0.03861165 -0.21317218 -0.157562    0.1366744 ]
 [ 0.2362751  -0.0456452   0.25575474 -0.11550479 -0.1332344 ]
 [-0.13114041 -0.17221819 -0.21087825 -0.08625026  0.02318056]]
Matrix Pair 22; W = [[ 0.23307165  0.04071002  0.11142936 -0.15141753 -0.08138557]
 [-0.20532851 -0.51680747 -0.04907443  0.29644506 -0.1027847 ]
 [-0.15335751 -0.02869302 -0.11410259  0.16975481 -0.08680172]
 [ 0.15958442  0.07892501  0.04540845 -0.06398173 -0.02477885]
 [-0.13365874 -0.0082633  -0.30879441 -0.10359083 -0.05680666]]
U = [[ 0.17725042  0.17448937  0.29613356  0.28075721  0.05281709]
 [-0.2361027  -0.12083772 -0.08333352  0.20606351  0.217656  ]
 [ 0.19774968  0.07925436 -0.22257536 -0.14040868  0.09137185]
 [ 0.1728411  -0.04695738  0.25772684 -0.17593875 -0.12045195]
 [-0.07185937 -0.14704054 -0.17473101 -0.03299923  0.01505088]]
Matrix Pair 23; W = [[ 0.22543055 -0.04095506  0.0514233  -0.14364277 -0.03806097]
 [-0.13759398 -0.46965013 -0.07166904  0.30340648 -0.1598866 ]
 [-0.11193775 -0.06935326 -0.18288811  0.16416306 -0.04718543]
 [ 0.16507712  0.12475556  0.07921517 -0.00464469 -0.0627346 ]
 [-0.07946225  0.01276402 -0.36324066 -0.10621725 -0.08857719]]
U = [[ 0.17828832  0.23051399  0.24975789  0.2062312   0.01970506]
 [-0.26771244 -0.19219887 -0.03775671  0.22711125  0.23056654]
 [ 0.20116653  0.06852453 -0.24813351 -0.13522125  0.13326001]
 [ 0.2111496  -0.00128949  0.18230644 -0.17377226 -0.12562643]
 [-0.13171922 -0.13330808 -0.17157909 -0.06154212 -0.02744798]]
Matrix Pair 24; W = [[ 0.24167131 -0.01849632  0.10424941 -0.15784094 -0.00424537]
 [-0.12055309 -0.4818116  -0.06237846  0.30750694 -0.13308101]
 [-0.11925988 -0.02255129 -0.16020994  0.1313352  -0.09621249]
 [ 0.10844389  0.0793629   0.02673921 -0.09428333 -0.05389918]
 [-0.07019801  0.00549846 -0.33214818 -0.16486566 -0.04121004]]
U = [[ 0.13739435  0.22254125  0.30747294  0.25553757  0.0434602 ]
 [-0.20025514 -0.15009557 -0.04856079  0.20213232  0.24172688]
 [ 0.14007405  0.01799961 -0.21554155 -0.1403162   0.11373788]
 [ 0.2302941  -0.05438176  0.23041543 -0.14662852 -0.17495961]
 [-0.07113261 -0.11435384 -0.17938488 -0.04528092 -0.0358227 ]]
Matrix Pair 25; W = [[ 0.21031324 -0.01941249  0.06452591 -0.09906095 -0.06798924]
 [-0.143817   -0.4846506  -0.01705659  0.32427436 -0.14287918]
 [-0.0863984  -0.00354843 -0.16432035  0.1101144  -0.12828522]
 [ 0.11756865  0.1037524   0.07955053 -0.09203691 -0.01299334]
 [-0.08549175 -0.02707775 -0.281705   -0.14445904 -0.10104941]]
U = [[ 0.1336189   0.1558133   0.25061189  0.25363665  0.00693177]
 [-0.28725472 -0.11028854 -0.02440565  0.24359601  0.27128065]
 [ 0.13715739  0.08258975 -0.18697119 -0.17293684  0.15935124]
 [ 0.2329576   0.0071635   0.20959594 -0.16936003 -0.11112935]
 [-0.06427745 -0.16627559 -0.24070674 -0.11285461  0.00539562]]
Matrix Pair 26; W = [[ 0.230816    0.00873763  0.11453068 -0.11577296 -0.02169361]
 [-0.19437888 -0.46017279 -0.07310895  0.30850262 -0.09072649]
 [-0.11610413  0.00490889 -0.1182424   0.14522234 -0.09090765]
 [ 0.15567789  0.10079733  0.00235982 -0.05711507  0.0075894 ]
 [-0.07686562  0.01346563 -0.31533351 -0.17070869 -0.08643331]]
U = [[ 0.1329423   0.2144913   0.23611501  0.20794816  0.028928  ]
 [-0.26095115 -0.16081544 -0.03109426  0.23363747  0.26938289]
 [ 0.18065152  0.06136098 -0.27536974 -0.17972775  0.1010407 ]
 [ 0.22880551 -0.02739497  0.27139726 -0.08954654 -0.1794454 ]
 [-0.13818956 -0.13500381 -0.16655152 -0.02371612  0.00966695]]
Matrix Pair 27; W = [[ 0.28041348  0.00084464  0.06974706 -0.09949068 -0.07354578]
 [-0.1627999  -0.47633941 -0.01843854  0.32630964 -0.09540136]
 [-0.09847462 -0.02225024 -0.17594101  0.12555323 -0.12757384]
 [ 0.11457602  0.1351556   0.02325519 -0.0679887   0.00629746]
 [-0.1342589  -0.0569165  -0.31762854 -0.14677782 -0.0970852 ]]
U = [[ 0.15061325  0.2050226   0.27149933  0.24887548  0.04240471]
 [-0.25426456 -0.10783528 -0.04011392  0.22762292  0.22710954]
 [ 0.2150036   0.00415474 -0.23653019 -0.18755888  0.11729892]
 [ 0.16618319 -0.0644649   0.22274278 -0.16194985 -0.10292708]
 [-0.1200932  -0.20261356 -0.20969663 -0.08723703 -0.00116582]]
Matrix Pair 28; W = [[ 0.21588057  0.04528918  0.13881765 -0.18574471 -0.03561377]
 [-0.14356539 -0.47913488 -0.00799485  0.31170538 -0.14246115]
 [-0.1043242  -0.00088554 -0.12838091  0.14954903 -0.05321642]
 [ 0.09321338  0.08409026  0.01958774 -0.03889128  0.00331448]
 [-0.15150898 -0.07336017 -0.28451338 -0.17065704 -0.09987327]]
U = [[ 0.1851549   0.22337342  0.26734281  0.19394155  0.01888433]
 [-0.26392154 -0.10964863 -0.03794059  0.25822754  0.25553629]
 [ 0.17418675  0.02033975 -0.20807213 -0.19732675  0.17010011]
 [ 0.2552219  -0.00906878  0.18747931 -0.1250058  -0.18249123]
 [-0.11816094 -0.15800651 -0.19253551 -0.05841713 -0.03030898]]
Matrix Pair 29; W = [[ 0.25774788 -0.04034192  0.04790047 -0.18641277 -0.08757859]
 [-0.17034869 -0.45654303 -0.00144196  0.31917464 -0.12701672]
 [-0.16706474 -0.00171065 -0.1787465   0.14819961 -0.12302728]
 [ 0.18723451  0.09927491  0.07639428 -0.05681794 -0.02618728]
 [-0.09238507 -0.05409872 -0.35715635 -0.12587178 -0.02508862]]
U = [[ 0.16642549  0.19871202  0.24694367  0.19268748 -0.01633867]
 [-0.2637085  -0.16683651 -0.08062854  0.22812156  0.20723268]
 [ 0.19124698  0.03127381 -0.21579638 -0.19163368  0.12237233]
 [ 0.1652723  -0.04512134  0.18750922 -0.17043706 -0.18682317]
 [-0.13376325 -0.18990488 -0.25068482 -0.07245352  0.03062205]]
Matrix Pair 30; W = [[ 0.21321111 -0.01250253  0.12405511 -0.13416142 -0.06229673]
 [-0.20037131 -0.47565293 -0.09418818  0.31353271 -0.14285971]
 [-0.1697726  -0.01255257 -0.12753324  0.08177176 -0.10802835]
 [ 0.12972793  0.15185149  0.01196875 -0.08291031  0.00738147]
 [-0.12747342 -0.00411543 -0.34606605 -0.1749341  -0.05962616]]
U = [[ 0.17902449  0.21442876  0.31237002  0.28076058  0.02258009]
 [-0.22973352 -0.11214286 -0.00842413  0.21761286  0.25816961]
 [ 0.15333673 -0.01199254 -0.22887978 -0.15682473  0.11294122]
 [ 0.22942346  0.00666823  0.23110114 -0.11128632 -0.18265751]
 [-0.04859298 -0.20127515 -0.18473721 -0.06754053 -0.02384865]]
Matrix Pair 31; W = [[ 0.29247301  0.02724634  0.09192825 -0.13349652 -0.03085701]
 [-0.12702586 -0.50679449 -0.09284907  0.31436009 -0.14207894]
 [-0.11846196 -0.08600747 -0.12683618  0.08909527 -0.13839369]
 [ 0.16384421  0.12212344  0.01377375 -0.00484975 -0.07707959]
 [-0.15247916 -0.05540438 -0.34118239 -0.12150261 -0.10441009]]
U = [[ 0.14270472  0.19181925  0.28424811  0.25369064  0.00921771]
 [-0.21474503 -0.16729145 -0.01134817  0.20625062  0.22571719]
 [ 0.18204511  0.05457961 -0.2082515  -0.21556396  0.16644404]
 [ 0.19452207 -0.0738203   0.20582677 -0.09623302 -0.11416571]
 [-0.11383836 -0.14193803 -0.18682486 -0.08498489 -0.03029507]]
Matrix Pair 32; W = [[ 0.28024782  0.03488835  0.11041411 -0.06450953 -0.10315981]
 [-0.13126938 -0.48160973 -0.03294037  0.27359296 -0.10193262]
 [-0.1185162  -0.00080745 -0.20066778  0.04714345 -0.05363795]
 [ 0.13903031  0.02806132  0.102292   -0.05577946 -0.07429304]
 [-0.15678022  0.03102393 -0.2894076  -0.18321065 -0.03712851]]
U = [[ 0.1419381   0.25509071  0.28655369  0.24874921 -0.13144745]
 [-0.27322045 -0.18394088 -0.03701229  0.17343938  0.23680398]
 [ 0.2117804  -0.00644505 -0.19305516 -0.1298307   0.21175105]
 [ 0.13816052  0.007111    0.29822446 -0.07241128 -0.06305857]
 [-0.04520901 -0.07816695 -0.19232483 -0.06890645  0.01524385]]
Matrix Pair 33; W = [[ 0.30544229  0.05054993  0.11695164 -0.03465087 -0.09546921]
 [-0.20721387 -0.4092463  -0.03772446  0.25955114 -0.02943976]
 [-0.08862003 -0.05023582 -0.13606786  0.02291843 -0.09707998]
 [ 0.12756917  0.06088851  0.11397459 -0.08672678 -0.03212095]
 [-0.18885899 -0.03950602 -0.34449519 -0.20011105 -0.03149264]]
U = [[ 0.15706667  0.22745592  0.26640104  0.25401623 -0.13222575]
 [-0.18539564 -0.19342436 -0.05831955  0.12316064  0.1813019 ]
 [ 0.23710754  0.08731054 -0.19918229 -0.16917162  0.17783003]
 [ 0.15130272 -0.07187519  0.32999058 -0.14221366 -0.07974535]
 [-0.09794659 -0.09901169 -0.15437846 -0.07616627  0.03980346]]
Matrix Pair 34; W = [[ 0.3085892   0.01748795  0.11978788 -0.11047192 -0.09666188]
 [-0.16934589 -0.40854457 -0.04456421  0.25047011 -0.10198398]
 [-0.13952787 -0.0056642  -0.22297693  0.03408991 -0.08372617]
 [ 0.14783165  0.08375861  0.12253441 -0.08726018 -0.12154351]
 [-0.18541184 -0.0220548  -0.36041525 -0.17861104 -0.0696471 ]]
U = [[ 0.20579794  0.22753703  0.29336667  0.23970165 -0.09434898]
 [-0.22418495 -0.14694495 -0.02822402  0.15652342  0.25727759]
 [ 0.22578635  0.03368526 -0.18214221 -0.21477476  0.23778468]
 [ 0.16246183 -0.06208059  0.36247466 -0.14182555 -0.10682653]
 [-0.07260657 -0.09056249 -0.11870928 -0.07219811 -0.01099441]]
Matrix Pair 35; W = [[ 0.32250792 -0.01214913  0.09985673 -0.1190874  -0.11628077]
 [-0.1419552  -0.47362632 -0.05485258  0.23545807 -0.04648795]
 [-0.09691597  0.03495918 -0.1954529   0.10418439 -0.09066547]
 [ 0.09412865  0.04769927  0.08130614 -0.07379469 -0.06079558]
 [-0.19959822  0.03309808 -0.32482575 -0.13896796 -0.07457742]]
U = [[ 0.17205827  0.18993591  0.25885586  0.2145158  -0.07147226]
 [-0.2179538  -0.20014524  0.0162363   0.18038836  0.17501582]
 [ 0.19943922  0.01187002 -0.12910393 -0.20903729  0.22739133]
 [ 0.19738634 -0.07688887  0.28702589 -0.13813736 -0.14340794]
 [-0.10318337 -0.15001216 -0.2044433  -0.00869614 -0.01796671]]
Matrix Pair 36; W = [[ 0.24143008 -0.00762955  0.08041341 -0.07219715 -0.08242565]
 [-0.20177173 -0.45288792 -0.04396302  0.26617495 -0.07497169]
 [-0.08006033 -0.04849019 -0.20903145  0.07399532 -0.0957277 ]
 [ 0.10309421  0.00340242  0.11385304 -0.03178438 -0.10397531]
 [-0.19246028  0.03729389 -0.286614   -0.14045494 -0.01995019]]
U = [[ 0.20894138  0.26374915  0.26893039  0.19295007 -0.07526226]
 [-0.21693736 -0.11285587 -0.01188387  0.20011404  0.21630073]
 [ 0.16282515 -0.00403817 -0.17360758 -0.18573949  0.18574219]
 [ 0.19182002 -0.00533816  0.32183454 -0.15594204 -0.07370374]
 [-0.08413132 -0.12614001 -0.14926955 -0.0513207   0.0391405 ]]
Matrix Pair 37; W = [[ 0.29078808 -0.0026062   0.13400582 -0.0723237  -0.09902108]
 [-0.17935342 -0.42246839 -0.09985818  0.2714335  -0.02622504]
 [-0.10563228  0.00333758 -0.21420027  0.07963343 -0.05696474]
 [ 0.1541175   0.04823776  0.12621518 -0.06417876 -0.08494983]
 [-0.21995891 -0.05812621 -0.31312229 -0.19890363 -0.09634012]]
U = [[ 0.1929233   0.20971667  0.23480071  0.26205167 -0.12188941]
 [-0.27685377 -0.17943933 -0.01101929  0.12704606  0.21529884]
 [ 0.2176344   0.06986578 -0.19648607 -0.22067746  0.22803208]
 [ 0.15687748 -0.01360849  0.37434124 -0.15417877 -0.09909624]
 [-0.09668284 -0.13891421 -0.1370465  -0.06537884  0.03733919]]
Matrix Pair 38; W = [[ 0.25701761  0.03862397  0.08621582 -0.08084653 -0.08905583]
 [-0.16773741 -0.4255547  -0.01433357  0.29911176 -0.03854265]
 [-0.14019358 -0.0296986  -0.19026869  0.0858768  -0.04771047]
 [ 0.099807    0.04821927  0.07080927 -0.06757771 -0.0690679 ]
 [-0.18686877  0.02813419 -0.36448235 -0.17807346 -0.00668812]]
U = [[ 0.16628457  0.20080196  0.25301324  0.21170326 -0.05016665]
 [-0.26080074 -0.18209671 -0.01242399  0.11067657  0.26952399]
 [ 0.20587845  0.02908461 -0.15510031 -0.17772447  0.17197608]
 [ 0.16375169  0.00436109  0.29644739 -0.13002941 -0.12818711]
 [-0.10079272 -0.08498472 -0.17103119 -0.0471633  -0.01620261]]
Matrix Pair 39; W = [[ 0.32010492 -0.02592453  0.10080058 -0.06895294 -0.12061435]
 [-0.11901618 -0.49043866 -0.09063794  0.23793204 -0.04703043]
 [-0.12270202  0.02521582 -0.13562275  0.0707867  -0.04264021]
 [ 0.14462854  0.01696927  0.1463157  -0.05629724 -0.11997141]
 [-0.2100624  -0.01668682 -0.35611661 -0.15676515 -0.08571265]]
U = [[ 0.14500872  0.20595044  0.23851426  0.17953548 -0.08510622]
 [-0.26637463 -0.15881825 -0.03367044  0.12612932  0.18909987]
 [ 0.24443192  0.06266422 -0.16646688 -0.16137966  0.19553163]
 [ 0.1646485  -0.03301674  0.31252984 -0.12883551 -0.12259767]
 [-0.07809275 -0.16765926 -0.18241644 -0.01314846 -0.00546305]]
Matrix Pair 40; W = [[ 0.24453391 -0.00650793  0.05806734 -0.05230855 -0.12572124]
 [-0.1858699  -0.4212029  -0.04679383  0.25062539 -0.08980742]
 [-0.09934065  0.01235501 -0.19546295  0.04944873 -0.09130178]
 [ 0.09440584  0.06147979  0.07102219 -0.06179588 -0.09315133]
 [-0.19461697  0.02459695 -0.3569897  -0.20974305 -0.01602967]]
U = [[ 0.14637966  0.22489616  0.25824121  0.2494714  -0.1366467 ]
 [-0.27360875 -0.18027512 -0.01880834  0.19423812  0.25009133]
 [ 0.2076864   0.0006062  -0.17615709 -0.14641488  0.22618961]
 [ 0.18038013 -0.07541683  0.37252842 -0.15926464 -0.09838035]
 [-0.11419604 -0.12529675 -0.19098757 -0.05177368 -0.00473138]]
Matrix Pair 41; W = [[ 0.23051424  0.00257482  0.1081029  -0.04039827 -0.12616259]
 [-0.14652431 -0.43679706 -0.09890503  0.23466402 -0.07978501]
 [-0.09672289  0.02051556 -0.16003862  0.06230775 -0.11911488]
 [ 0.12578363  0.09277582  0.13960079 -0.05343616 -0.07889634]
 [-0.1581964  -0.05030021 -0.31590366 -0.21985373 -0.00255447]]
U = [[ 0.13570093  0.27941762  0.26797889  0.17817392 -0.12738876]
 [-0.26157973 -0.12362233  0.00720669  0.20543227  0.19774554]
 [ 0.20534759 -0.00383295 -0.15223999 -0.20603902  0.1751682 ]
 [ 0.15107384 -0.01154626  0.27708824 -0.11396852 -0.15875172]
 [-0.05795859 -0.15321247 -0.13956232 -0.0255847  -0.0144223 ]]
Matrix Pair 42; W = [[ 0.26023508 -0.04322849  0.12611483 -0.0520755  -0.11051035]
 [-0.18647352 -0.49582386 -0.08711024  0.22969017 -0.11396719]
 [-0.05767841 -0.05093668 -0.16170399  0.10249149 -0.12143614]
 [ 0.13898373  0.04667649  0.09746843 -0.04340966 -0.10575916]
 [-0.17097376 -0.01361474 -0.33628783 -0.16712842 -0.03369063]]
U = [[ 0.14615837  0.26878372  0.29622261  0.18844999 -0.07938326]
 [-0.22601456 -0.10932472 -0.00177834  0.11517562  0.26015399]
 [ 0.22877996  0.06018251 -0.17518938 -0.1583987   0.16723001]
 [ 0.20434762 -0.05944828  0.35918233 -0.07843935 -0.15575103]
 [-0.11449151 -0.07484444 -0.13789279 -0.05380272  0.02946798]]
Matrix Pair 43; W = [[ 0.24875832 -0.00331863  0.04558025 -0.05671405 -0.04666081]
 [-0.15415595 -0.45355411 -0.02670705  0.24919111 -0.02927291]
 [-0.10032176  0.01014126 -0.17911954  0.04513468 -0.04992646]
 [ 0.1013728   0.07194981  0.11900562  0.00210714 -0.08397124]
 [-0.1460522   0.02911348 -0.33830112 -0.13478661 -0.01309918]]
U = [[ 0.1823069   0.26191539  0.26447363  0.21947078 -0.09864749]
 [-0.25029121 -0.14918236 -0.05337199  0.16329295  0.22803662]
 [ 0.17233829  0.05105602 -0.20350315 -0.17059205  0.24506231]
 [ 0.12430749 -0.00701593  0.32637094 -0.16189836 -0.06173154]
 [-0.03352503 -0.15916578 -0.21242469 -0.08591379 -0.02430961]]
Matrix Pair 44; W = [[ 0.30450784  0.03831629  0.09981521 -0.1093408  -0.10395963]
 [-0.17499182 -0.46882164 -0.02663653  0.30819115 -0.10958407]
 [-0.07278173  0.02245941 -0.2081701   0.02534651 -0.1168609 ]
 [ 0.12558684  0.04035934  0.08254756 -0.03602458 -0.05904609]
 [-0.18367319 -0.01323907 -0.27137537 -0.13044393 -0.02504021]]
U = [[ 0.18526055  0.21616049  0.28004469  0.23898156 -0.07901133]
 [-0.23220371 -0.11667364 -0.03688301  0.14674414  0.23174652]
 [ 0.2492504   0.05652514 -0.17501955 -0.21931684  0.24221484]
 [ 0.15890256 -0.08361409  0.30772026 -0.07908285 -0.09548078]
 [-0.05061112 -0.09113672 -0.2105514  -0.08564166 -0.0477449 ]]
Matrix Pair 45; W = [[ 0.31801734  0.01646141  0.04393681 -0.07824477 -0.04774982]
 [-0.15749592 -0.45535993 -0.07218691  0.25303989 -0.12008238]
 [-0.05846007  0.0231987  -0.15276924  0.01992588 -0.05380975]
 [ 0.12627131  0.03888234  0.09203083 -0.03420312 -0.07678616]
 [-0.13644048  0.03543203 -0.29481034 -0.19987243 -0.04786973]]
U = [[ 0.19130068  0.26091672  0.27542231  0.23364948 -0.13389667]
 [-0.27186856 -0.14734934 -0.04220618  0.19116082  0.21992721]
 [ 0.23540048  0.06256531 -0.13071883 -0.16325565  0.16388205]
 [ 0.20760343 -0.05720432  0.29712853 -0.15416768 -0.15891037]
 [-0.04167406 -0.16667646 -0.12773004 -0.02598343 -0.03288945]]
Matrix Pair 46; W = [[ 0.25729454 -0.04430142  0.08811737 -0.05274163 -0.11694888]
 [-0.1430253  -0.44384799 -0.08907586  0.24840844 -0.10366632]
 [-0.09311465  0.008502   -0.21126197  0.10212952 -0.12489098]
 [ 0.12436716  0.0518737   0.134641   -0.06634664 -0.10183818]
 [-0.17757272 -0.02624591 -0.314019   -0.13116713 -0.06736843]]
U = [[ 0.13871536  0.27914672  0.22975334  0.23147384 -0.10230431]
 [-0.20307173 -0.18451922  0.00984625  0.12605786  0.2124064 ]
 [ 0.19733946  0.05272751 -0.12594343 -0.21928659  0.17491017]
 [ 0.16823055 -0.08488733  0.35670447 -0.0773275  -0.08115001]
 [-0.1136785  -0.08867502 -0.16810258  0.00240404  0.04185461]]
Matrix Pair 47; W = [[ 0.31110246 -0.03271898  0.09759914 -0.03557313 -0.06813703]
 [-0.15065792 -0.41566954 -0.02023735  0.27115566 -0.09317519]
 [-0.10781596 -0.04273182 -0.20990654  0.09155026 -0.0591234 ]
 [ 0.11090697  0.07917251  0.15284041 -0.04332282 -0.09707064]
 [-0.1502231   0.01622741 -0.33421908 -0.13385166 -0.08016693]]
U = [[ 0.16865784  0.27652374  0.26576523  0.24677376 -0.06651845]
 [-0.25609058 -0.16057005 -0.04629477  0.14361372  0.18899641]
 [ 0.21113605  0.00541732 -0.12634809 -0.13387483  0.23732338]
 [ 0.14073395 -0.07526492  0.29353246 -0.08377728 -0.09527856]
 [-0.10418765 -0.11106491 -0.15506816 -0.09091452 -0.02220136]]
Matrix Pair 48; W = [[ 0.27513109  0.0298553   0.12328761 -0.10772186  0.05246036]
 [-0.14548535 -0.44835799 -0.00776279  0.2516737  -0.12081834]
 [-0.06066634  0.06437834 -0.21401408  0.09195332 -0.07786571]
 [ 0.09776015  0.1382529   0.07240618  0.02317846 -0.04988456]
 [-0.24134171 -0.08714837 -0.29808756 -0.17830807  0.02921463]]
U = [[ 0.13389147  0.15946936  0.26598266  0.31443623  0.05091143]
 [-0.18145625 -0.15544518 -0.07933839  0.24371453  0.22452561]
 [ 0.1672589   0.06169802 -0.29278076 -0.1259688   0.0990516 ]
 [ 0.21572833 -0.02635113  0.22055813 -0.16666698 -0.15198643]
 [-0.10514218 -0.1759991  -0.21586729 -0.01638648 -0.04390382]]
Matrix Pair 49; W = [[ 3.00045248e-01  4.33253004e-03  7.35888473e-02 -1.20687051e-01
   3.77219206e-02]
 [-1.65620409e-01 -3.85796238e-01 -4.45009678e-02  2.65685952e-01
  -1.19534793e-01]
 [-3.26355694e-02 -1.74501937e-04 -1.22739066e-01  8.22705715e-02
  -1.08004692e-01]
 [ 1.25458629e-01  7.65621423e-02  4.80501921e-02 -1.83705389e-02
   1.31741740e-02]
 [-1.60329950e-01 -5.43597823e-02 -3.19863780e-01 -1.18328072e-01
  -5.22855252e-03]]
U = [[ 0.15300922  0.21242946  0.30884273  0.31643432  0.03161289]
 [-0.18212828 -0.19504793 -0.10865674  0.23855679  0.19073059]
 [ 0.16353937  0.08151786 -0.238281   -0.12505882  0.11871472]
 [ 0.16231032  0.00363028  0.23329288 -0.12191638 -0.18223234]
 [-0.08826808 -0.11341748 -0.23091823 -0.02307915 -0.06194224]]
Matrix Pair 50; W = [[ 0.29260719  0.00075168  0.12873689 -0.14510232  0.03934668]
 [-0.15683415 -0.37189153 -0.0922453   0.25914024 -0.10377669]
 [-0.11091436 -0.02852716 -0.16226973  0.12252534 -0.06977614]
 [ 0.11171067  0.14668512  0.09929165  0.03420217 -0.01733752]
 [-0.18258049 -0.09189644 -0.32972105 -0.15312339 -0.01672829]]
U = [[ 0.19027722  0.2261954   0.26519558  0.32118621  0.07878099]
 [-0.20165429 -0.22531566 -0.1082504   0.22809032  0.26292238]
 [ 0.17078421  0.04791083 -0.22549796 -0.19790954  0.15378461]
 [ 0.16647653 -0.01464683  0.2200482  -0.08653983 -0.18705758]
 [-0.04054745 -0.16887275 -0.20969389 -0.05918604  0.01924627]]
Matrix Pair 51; W = [[ 0.30666245  0.01488869  0.10434069 -0.11185899  0.06835175]
 [-0.20623321 -0.41557361 -0.10330756  0.28719433 -0.05004253]
 [-0.03769883  0.02715596 -0.20338682  0.10714472 -0.04639942]
 [ 0.06158396  0.15093614  0.08803604  0.04981728 -0.02651963]
 [-0.23993845 -0.08153267 -0.37340841 -0.18793702 -0.02920485]]
U = [[ 0.16407653  0.171471    0.27147542  0.27564638  0.03420618]
 [-0.26454885 -0.15701995 -0.08725646  0.26499779  0.20305871]
 [ 0.16738     0.01068523 -0.24360173 -0.18507349  0.08358492]
 [ 0.18526361 -0.02664773  0.24488567 -0.15382894 -0.12094194]
 [-0.09452039 -0.16057271 -0.23794233 -0.05092926  0.01945338]]
Matrix Pair 52; W = [[ 0.31407431  0.03246875  0.15259094 -0.10628338  0.0685073 ]
 [-0.1294648  -0.37000818 -0.02893154  0.28146055 -0.12253187]
 [-0.04745803 -0.0290198  -0.21022584  0.10930011 -0.05062523]
 [ 0.09905617  0.15442036  0.08266523  0.03867728  0.0352164 ]
 [-0.24453839 -0.06699153 -0.32769455 -0.16127545  0.02030916]]
U = [[ 0.19264804  0.22289086  0.35093953  0.31696921  0.09131129]
 [-0.23784823 -0.17775565 -0.11648047  0.27009983  0.24603389]
 [ 0.23283908  0.07987826 -0.27932523 -0.15507966  0.11636522]
 [ 0.19109044  0.0279258   0.21807846 -0.16017697 -0.15322155]
 [-0.01730406 -0.1392644  -0.20841331 -0.0822083  -0.0204788 ]]
Matrix Pair 53; W = [[ 0.3134041   0.00546087  0.14634825 -0.06637764  0.05475495]
 [-0.17948619 -0.42837646 -0.10151298  0.22151767 -0.05366122]
 [-0.12047312  0.0342755  -0.20370182  0.08767832 -0.11795094]
 [ 0.07256013  0.10128678  0.0984064   0.03704415 -0.05413063]
 [-0.17426906 -0.05540454 -0.3169675  -0.13985893  0.00709739]]
U = [[ 0.12647298  0.19975141  0.34741542  0.25547953  0.04774841]
 [-0.23746361 -0.15242919 -0.12482166  0.21512697  0.18915171]
 [ 0.14815725  0.08296395 -0.26538508 -0.16535028  0.09677009]
 [ 0.22915491 -0.03906191  0.3082329  -0.13604514 -0.13705149]
 [-0.04347921 -0.10209865 -0.23546768 -0.06590672  0.00610626]]
Matrix Pair 54; W = [[ 0.27386758 -0.03002734  0.12939793 -0.11789569  0.07479219]
 [-0.16599355 -0.45304277 -0.01516929  0.23810832 -0.05923338]
 [-0.07640953 -0.01133414 -0.19960672  0.08573636 -0.07010064]
 [ 0.07440171  0.1135191   0.0758436   0.00965105 -0.01289875]
 [-0.17359375 -0.06128212 -0.30088667 -0.15605053 -0.02777495]]
U = [[ 0.20893087  0.18604589  0.29278964  0.24641387  0.0911805 ]
 [-0.24780968 -0.22241332 -0.13956643  0.22014405  0.20403454]
 [ 0.24226164 -0.01057917 -0.25798101 -0.16578587  0.07702955]
 [ 0.2059289   0.01276278  0.26304095 -0.13797451 -0.1507803 ]
 [-0.02191281 -0.1249086  -0.19452059 -0.10242141  0.02943982]]
Matrix Pair 55; W = [[ 0.32382985 -0.06484924  0.15348474 -0.05456178  0.05963138]
 [-0.125402   -0.39993292 -0.08013795  0.3006969  -0.11419005]
 [-0.0644531   0.05441299 -0.15515191  0.02838083 -0.08887935]
 [ 0.13193688  0.11667499  0.12600561 -0.00219196 -0.03743489]
 [-0.23496286 -0.0270022  -0.30301851 -0.12114019  0.02030481]]
U = [[ 0.16218907  0.20830196  0.33740336  0.29043144  0.07506659]
 [-0.2584724  -0.19688106 -0.04692659  0.20499422  0.24809413]
 [ 0.19535048  0.03062218 -0.254906   -0.12948036  0.13976722]
 [ 0.19563841 -0.03348671  0.2965826  -0.14952666 -0.16800204]
 [-0.05280553 -0.16585727 -0.21369857 -0.03857403 -0.00226646]]
Matrix Pair 56; W = [[ 0.31877296  0.00830774  0.12088475 -0.08076776  0.01135498]
 [-0.19649146 -0.35696693 -0.00889742  0.26671472 -0.10829794]
 [-0.08539537  0.02238543 -0.12844524  0.11619739 -0.09106802]
 [ 0.07784062  0.12951263  0.03174348 -0.00864884  0.01133665]
 [-0.22016584 -0.05890346 -0.31039724 -0.10645712  0.01211028]]
U = [[ 0.17996098  0.18857746  0.33455221  0.26015735  0.07050166]
 [-0.20837339 -0.18362436 -0.1234568   0.22146403  0.22601935]
 [ 0.19317008  0.08294187 -0.29329337 -0.15046875  0.1331316 ]
 [ 0.14891375  0.01054371  0.30400891 -0.14810673 -0.20161672]
 [-0.09171391 -0.19275162 -0.18039158 -0.10120068  0.01319375]]
Matrix Pair 57; W = [[ 0.31301236  0.01636747  0.16011572 -0.08102892  0.01048251]
 [-0.14429715 -0.40162576 -0.0594013   0.2076546  -0.04853071]
 [-0.03981514 -0.02445607 -0.14094125  0.04444035 -0.07922342]
 [ 0.09901095  0.1013292   0.10907477  0.05248664 -0.03221131]
 [-0.16436609 -0.10344914 -0.30728509 -0.19203837 -0.06682818]]
U = [[ 0.12675374  0.22772523  0.31295353  0.23894349 -0.00727413]
 [-0.21840247 -0.22874051 -0.08090769  0.20601755  0.26186307]
 [ 0.1720696   0.04782932 -0.22164366 -0.21964338  0.08967123]
 [ 0.23092009 -0.00801525  0.28594446 -0.15173517 -0.17991159]
 [-0.04635265 -0.1467897  -0.18446105 -0.06243995 -0.00057678]]
Matrix Pair 58; W = [[ 0.28286214 -0.01373005  0.15639022 -0.10714955  0.07298594]
 [-0.1416228  -0.36293532 -0.03741924  0.20450444 -0.11363623]
 [-0.09929947  0.00633089 -0.12105207  0.06502977 -0.03594727]
 [ 0.12332194  0.16680774  0.07981177 -0.02269546 -0.02321627]
 [-0.16466038 -0.0509453  -0.37451236 -0.15194025  0.02461813]]
U = [[ 0.12841216  0.18475799  0.31755905  0.2383894   0.00819256]
 [-0.18395053 -0.214065   -0.13227176  0.27459288  0.18918778]
 [ 0.16191243 -0.00036562 -0.24419983 -0.12408199  0.09185786]
 [ 0.17674406  0.02286085  0.29849627 -0.16636709 -0.18319248]
 [-0.04621307 -0.19749925 -0.15251023 -0.08847942 -0.01692896]]
Matrix Pair 59; W = [[ 0.33926015 -0.028862    0.1389874  -0.11957719  0.02334322]
 [-0.11531387 -0.41938704 -0.07435759  0.24940407 -0.13043458]
 [-0.11268519 -0.02151269 -0.18994829  0.10296842 -0.05669714]
 [ 0.07937954  0.09121954  0.10939182 -0.039513    0.00949543]
 [-0.1505209  -0.10661584 -0.32596578 -0.10119664 -0.0400492 ]]
U = [[ 0.19915582  0.18335773  0.30048939  0.31245142  0.08675013]
 [-0.17968475 -0.15784095 -0.1396724   0.2656999   0.22252561]
 [ 0.20395681  0.07303509 -0.26220673 -0.21013581  0.13292166]
 [ 0.20426386 -0.0485037   0.31279755 -0.08376246 -0.21650427]
 [-0.08824734 -0.1783294  -0.188841   -0.08657398 -0.06122304]]
Matrix Pair 60; W = [[ 0.2780172   0.02973463  0.15625572 -0.08871512  0.00604164]
 [-0.18569967 -0.43047569 -0.06920804  0.2325443  -0.05494536]
 [-0.06071794 -0.02662408 -0.18002842  0.06961677 -0.11441854]
 [ 0.14172385  0.09481181  0.03777422  0.03724585 -0.01842202]
 [-0.24013622 -0.11552292 -0.38513084 -0.17966281  0.01192455]]
U = [[ 0.12873895  0.22041295  0.29919957  0.25071457  0.05156567]
 [-0.18301268 -0.21953383 -0.04759665  0.19434704  0.19749709]
 [ 0.14951864 -0.00319635 -0.25989854 -0.15472468  0.1495329 ]
 [ 0.19609322 -0.01237995  0.23776954 -0.09219208 -0.19907928]
 [-0.09252227 -0.12197346 -0.23841836 -0.05766268 -0.02563306]]
Matrix Pair 61; W = [[ 0.34197313 -0.06159728  0.13274232 -0.12607726  0.06034438]
 [-0.12471173 -0.35542341 -0.06036372  0.2471105  -0.09303342]
 [-0.1056986   0.02801742 -0.20846526  0.11249105 -0.11510798]
 [ 0.05223515  0.1615409   0.11648707  0.03771197  0.03471217]
 [-0.16461834 -0.11115296 -0.37156112 -0.16908585  0.00910501]]
U = [[ 0.14737062  0.17707227  0.33569074  0.31271071  0.00561339]
 [-0.23469697 -0.22945555 -0.09853048  0.18823728  0.22799771]
 [ 0.20612857  0.041043   -0.25206359 -0.12849066  0.08472828]
 [ 0.14312117 -0.04169242  0.24104085 -0.09135269 -0.12306366]
 [-0.07674688 -0.14544015 -0.24305244 -0.0411339  -0.04247686]]
Matrix Pair 62; W = [[ 0.33499462 -0.03877497  0.14724573 -0.14556407  0.02556738]
 [-0.13156595 -0.44368583 -0.02311595  0.2524868  -0.09625657]
 [-0.12426287  0.04250966 -0.16084187  0.08637288 -0.02146453]
 [ 0.10271129  0.14643998  0.07287559 -0.02804215  0.02426048]
 [-0.19015295 -0.10750247 -0.37473024 -0.14021646 -0.0158466 ]]
U = [[ 0.13286801  0.16931028  0.34237138  0.26807079  0.07279244]
 [-0.21713888 -0.17865875 -0.07720946  0.23349726  0.27315587]
 [ 0.21645836  0.00055549 -0.21482455 -0.13761296  0.07583553]
 [ 0.19467241  0.02336654  0.27930899 -0.17869463 -0.14566799]
 [-0.0549089  -0.11379635 -0.21671551 -0.01202912 -0.04923371]]
Matrix Pair 63; W = [[ 0.30081741 -0.00098647  0.08184083 -0.11916303  0.01373558]
 [-0.15833425 -0.38103167 -0.10055257  0.26879895 -0.05348468]
 [-0.12615783  0.05300886 -0.20585932  0.04052235 -0.05209907]
 [ 0.14867612  0.11694465  0.11138711  0.0077481  -0.03675449]
 [-0.15803809 -0.03972182 -0.33178475 -0.18862894  0.00620927]]
U = [[ 0.12554836  0.16751582  0.33700704  0.27044915  0.01231364]
 [-0.23292924 -0.22929948 -0.11006004  0.24380517  0.19747822]
 [ 0.23502807  0.03216226 -0.21871155 -0.18840935  0.13938101]
 [ 0.23771606 -0.01203716  0.23807182 -0.16210032 -0.20046215]
 [-0.10255879 -0.14774175 -0.21582484 -0.09189274  0.00849346]]
Matrix Pair 64; W = [[ 0.3116242  -0.02344259  0.06975064 -0.14489016 -0.05506219]
 [-0.1914477  -0.44042501 -0.04554039  0.33138918 -0.11796249]
 [-0.16416959 -0.04204525 -0.22635912  0.05363404 -0.16963687]
 [ 0.10928196  0.0560077   0.05172712 -0.02107962 -0.03167694]
 [-0.1726846   0.11271255 -0.22285088 -0.10080065  0.05228871]]
U = [[ 0.23348177  0.25174844  0.32153237  0.18878765 -0.09793771]
 [-0.26880294 -0.10030003  0.00937928  0.24547571  0.25932903]
 [ 0.18636561 -0.02659118 -0.19041828 -0.18186352  0.1587613 ]
 [ 0.13223324 -0.05233733  0.32432748 -0.12233401 -0.06605633]
 [-0.15910269 -0.07738629 -0.17118072 -0.00188051  0.01261148]]
Matrix Pair 65; W = [[ 0.26706224  0.02672205  0.07415014 -0.16931141 -0.00858328]
 [-0.24628929 -0.47031453 -0.13422049  0.27227647 -0.15253943]
 [-0.1868646   0.00650564 -0.22101351  0.03253623 -0.1810668 ]
 [ 0.03833442  0.04417063  0.08791203 -0.00419679 -0.00214105]
 [-0.1703155   0.13849909 -0.28388457 -0.09194264  0.02731343]]
U = [[ 0.23556977  0.31348253  0.30113259  0.19609424 -0.05534019]
 [-0.28125562 -0.15739837 -0.0037998   0.26531782  0.20685672]
 [ 0.18155416  0.04058676 -0.21912929 -0.26408549  0.23051569]
 [ 0.15140309 -0.04725986  0.27440782 -0.07554209 -0.07980048]
 [-0.11479552 -0.09402593 -0.21484078  0.01314443  0.02558705]]
Matrix Pair 66; W = [[ 0.25639485  0.03303267  0.09851602 -0.14935808 -0.04884192]
 [-0.27003548 -0.42072846 -0.09712837  0.27091226 -0.15262972]
 [-0.17210915  0.0415791  -0.22862398  0.0080024  -0.14954862]
 [ 0.10951971  0.06759645  0.03399285 -0.01800827 -0.06072726]
 [-0.13768424  0.09106007 -0.27054233 -0.11116831  0.05593779]]
U = [[ 0.23305925  0.31117534  0.2920736   0.24631687 -0.08450657]
 [-0.28310017 -0.17798737 -0.00260702  0.20657361  0.26947748]
 [ 0.13396358  0.05356956 -0.18892151 -0.21013668  0.14404847]
 [ 0.07022859  0.01273921  0.36918395 -0.11405792 -0.09643532]
 [-0.07282343 -0.06445103 -0.20967385  0.01296381  0.0566236 ]]
Matrix Pair 67; W = [[ 0.26466453 -0.02416062  0.02745514 -0.10860739 -0.07866576]
 [-0.26154176 -0.41666035 -0.10346744  0.33011724 -0.09163511]
 [-0.2126359  -0.05185226 -0.20029249  0.05902371 -0.1036921 ]
 [ 0.0667788   0.08947223  0.07351865 -0.05187749 -0.04246701]
 [-0.11796931  0.13481162 -0.28276902 -0.1378793   0.00506205]]
U = [[ 0.19450875  0.21924456  0.34723518  0.18224266 -0.02804418]
 [-0.240468   -0.16318311 -0.03744809  0.20877999  0.26270709]
 [ 0.13397245  0.02045991 -0.1732943  -0.19964931  0.17307437]
 [ 0.10802849  0.00885049  0.37092688 -0.0980242  -0.05898954]
 [-0.1063754  -0.06224352 -0.20819606  0.06117813  0.00589994]]
Matrix Pair 68; W = [[ 3.39524568e-01 -4.24869479e-02  1.09945637e-01 -1.11839158e-01
  -4.43125589e-02]
 [-2.79901082e-01 -4.09828252e-01 -1.13345339e-01  3.27002505e-01
  -1.48384843e-01]
 [-2.15026838e-01 -5.04136563e-02 -2.51662542e-01 -2.04343950e-04
  -1.75554353e-01]
 [ 1.17277968e-01  9.54036552e-02  6.17669345e-02 -2.55268444e-02
  -7.39187995e-02]
 [-1.07722553e-01  6.56484572e-02 -2.90679167e-01 -1.86814964e-01
   7.08508644e-02]]
U = [[ 0.16155197  0.28067626  0.30235936  0.23151096 -0.09673905]
 [-0.31823538 -0.1658046   0.02293124  0.20832778  0.18882882]
 [ 0.19677743 -0.0005551  -0.17887759 -0.24322674  0.20667509]
 [ 0.07619885  0.00829947  0.29160332 -0.03472691 -0.100301  ]
 [-0.12125198 -0.03060889 -0.25045773  0.0087656   0.07455329]]
Matrix Pair 69; W = [[ 0.25619372  0.02234008  0.01015395 -0.12305659 -0.03686364]
 [-0.21931627 -0.4059954  -0.06735465  0.27946638 -0.10338362]
 [-0.15601428  0.02280729 -0.22412396  0.04604301 -0.11706148]
 [ 0.09219649  0.12157749  0.00713569  0.00114451 -0.04779854]
 [-0.17909511  0.14146748 -0.24689864 -0.18131561  0.04216284]]
U = [[ 0.16961156  0.22989788  0.34092005  0.16923366 -0.09818024]
 [-0.26897566 -0.17118738 -0.07043055  0.18597877  0.28416626]
 [ 0.21632447 -0.01402435 -0.18976884 -0.25872468  0.22575543]
 [ 0.06725661 -0.0023937   0.33876544 -0.12094622 -0.11368345]
 [-0.12743458 -0.05524243 -0.22502029 -0.01873695  0.04301327]]
Matrix Pair 70; W = [[ 0.2447088   0.01031154  0.04017517 -0.16886366 -0.07147267]
 [-0.28792406 -0.44235375 -0.08759698  0.27795422 -0.08921276]
 [-0.18867633  0.0413878  -0.26864213  0.00064339 -0.09523826]
 [ 0.06040785  0.05430192  0.10359003 -0.00244175 -0.08204512]
 [-0.13209732  0.12456099 -0.24066528 -0.1740769   0.01091529]]
U = [[ 0.22479798  0.30650782  0.26213235  0.1998424  -0.09446202]
 [-0.2970614  -0.13874695  0.01167557  0.26583264  0.28476064]
 [ 0.16148442 -0.00555346 -0.23451254 -0.21540718  0.1668162 ]
 [ 0.12616283 -0.05556388  0.33396001 -0.09926974 -0.08764821]
 [-0.14349475 -0.04719588 -0.24994317 -0.01803115  0.04619649]]
Matrix Pair 71; W = [[ 0.31423344 -0.01204991  0.06847901 -0.16196274 -0.09053566]
 [-0.19758244 -0.44959662 -0.05242595  0.25705916 -0.08884685]
 [-0.19423279  0.00295233 -0.22639086  0.05136293 -0.15038261]
 [ 0.07247187  0.05797854  0.05184451 -0.00302647 -0.02517743]
 [-0.14895207  0.11511798 -0.29485362 -0.17216953  0.01173489]]
U = [[ 0.19568862  0.30484707  0.33996699  0.17421344 -0.03217885]
 [-0.31465257 -0.09856362  0.00291136  0.18029305  0.26874957]
 [ 0.13892182  0.03173289 -0.17591122 -0.24698207  0.15853614]
 [ 0.08573526 -0.04386705  0.36617918 -0.0711208  -0.10466128]
 [-0.13129742 -0.02952558 -0.23361057  0.01414347 -0.00390098]]
Matrix Pair 72; W = [[ 0.27328335 -0.01791472  0.04470999 -0.10965221 -0.07368851]
 [-0.25032179 -0.39282224 -0.10734186  0.28974607 -0.08415546]
 [-0.22417431  0.03526548 -0.19161937  0.02541703 -0.10375328]
 [ 0.04694703  0.13584589  0.01315722 -0.08942673 -0.04745579]
 [-0.16621091  0.08633982 -0.219217   -0.12258112  0.06035564]]
U = [[ 0.22816873  0.22029969  0.27087801  0.23867117 -0.03321313]
 [-0.24589244 -0.15158631  0.01092859  0.17812758  0.19096736]
 [ 0.14982722  0.00400736 -0.23317526 -0.24262673  0.17748565]
 [ 0.07217038 -0.04419064  0.30802587 -0.06097542 -0.06824699]
 [-0.06907044 -0.04497515 -0.17325832 -0.0233374   0.05294607]]
Matrix Pair 73; W = [[ 0.27547255 -0.03014366  0.06263522 -0.11151718 -0.0240652 ]
 [-0.27396515 -0.42235438 -0.07812991  0.31212088 -0.11418353]
 [-0.13715134  0.01713084 -0.18050446  0.05297526 -0.16371302]
 [ 0.06202807  0.04660423  0.03731067 -0.02707486 -0.00693968]
 [-0.10854753  0.05579567 -0.31413864 -0.14450169  0.0274268 ]]
U = [[ 0.21363004  0.31343478  0.28237962  0.26757364 -0.04043249]
 [-0.28719456 -0.16030695 -0.06316113  0.27353446  0.20500922]
 [ 0.18660973 -0.03358981 -0.20822516 -0.26076416  0.19988815]
 [ 0.1047196  -0.02646172  0.35947202 -0.11329901 -0.10554087]
 [-0.0693074  -0.0331026  -0.2007727   0.01090672  0.02521955]]
Matrix Pair 74; W = [[ 0.32075011  0.00375182  0.09661294 -0.08549344 -0.09309413]
 [-0.21768854 -0.41808834 -0.06926419  0.33109576 -0.08307541]
 [-0.15426272 -0.03018073 -0.23015463  0.0455615  -0.1261239 ]
 [ 0.06642864  0.06853406  0.03676703 -0.00735371 -0.06192898]
 [-0.15374317  0.11225812 -0.27068028 -0.12829736  0.09886657]]
U = [[ 0.18169825  0.24024027  0.31125309  0.24730127 -0.06360092]
 [-0.26402089 -0.17314786 -0.02317158  0.20361717  0.213864  ]
 [ 0.12955522  0.01136873 -0.16099779 -0.1737334   0.20423054]
 [ 0.06195171 -0.06905371  0.32583665 -0.06678536 -0.11438164]
 [-0.06977767 -0.07518049 -0.19478006  0.0462313   0.01299891]]
Matrix Pair 75; W = [[ 0.32578263  0.00731317  0.06431666 -0.09816773 -0.01864484]
 [-0.24761501 -0.48683044 -0.04701122  0.34003916 -0.14419801]
 [-0.21715186 -0.03101173 -0.2151334  -0.00747613 -0.11606374]
 [ 0.04488807  0.04707137  0.02282972 -0.05945154 -0.00333681]
 [-0.20017335  0.05140021 -0.25484582 -0.18253353  0.05648812]]
U = [[ 0.2243721   0.26341723  0.32972044  0.19176502 -0.0945058 ]
 [-0.31693767 -0.10750282 -0.01893204  0.19399401  0.20109256]
 [ 0.22505821 -0.00791497 -0.17112721 -0.21731154  0.1467846 ]
 [ 0.06913088 -0.06794307  0.29760316 -0.12102185 -0.11897117]
 [-0.16122377 -0.07181287 -0.25478377  0.05072532  0.08346041]]
Matrix Pair 76; W = [[ 0.30031096 -0.0080202   0.10415236 -0.12491965  0.00538952]
 [-0.24212915 -0.4102073  -0.05334893  0.3163914  -0.15390903]
 [-0.15672675 -0.04116197 -0.21910013 -0.02365051 -0.12458552]
 [ 0.09601343  0.09160038  0.04773203 -0.07059114 -0.04037267]
 [-0.12084028  0.11402066 -0.30222471 -0.11243813  0.03906455]]
U = [[ 0.15412962  0.22310094  0.27211629  0.20482086 -0.08125705]
 [-0.30872798 -0.13609493 -0.0071074   0.17825441  0.19231796]
 [ 0.15691688  0.02018069 -0.1648086  -0.24062954  0.15666361]
 [ 0.11196654 -0.02866964  0.29910838 -0.089689   -0.04489666]
 [-0.14188621 -0.07047001 -0.22844235 -0.01218754  0.05921777]]
Matrix Pair 77; W = [[ 0.26556029  0.02601951  0.0664013  -0.13498099  0.00301035]
 [-0.22667236 -0.43662142 -0.07837008  0.31594244 -0.10199741]
 [-0.14295836 -0.03274986 -0.21150246  0.05726363 -0.11605844]
 [ 0.10408609  0.13463651  0.05626445 -0.04733086  0.00194585]
 [-0.11231531  0.052295   -0.29081077 -0.18527138  0.04532713]]
U = [[ 0.20823334  0.30986033  0.34415423  0.16975669 -0.02048185]
 [-0.2689902  -0.09313112 -0.01031871  0.22056796  0.2664323 ]
 [ 0.22074335  0.00550146 -0.18395706 -0.27085282  0.17884807]
 [ 0.12490708 -0.07465773  0.31504398 -0.08252344 -0.10374622]
 [-0.12893196 -0.1080598  -0.23652426  0.02683082  0.02474058]]
Matrix Pair 78; W = [[ 0.31004894  0.02897276  0.09581528 -0.09612449 -0.03425769]
 [-0.26693828 -0.4787051  -0.09856004  0.29829603 -0.16669126]
 [-0.21995933  0.00739836 -0.26046186  0.03457122 -0.09599467]
 [ 0.05973167  0.10778883  0.0960437  -0.07738656 -0.05514421]
 [-0.15093193  0.11545273 -0.22211367 -0.12359737  0.06484736]]
U = [[ 0.19426318  0.25647453  0.29157836  0.1889476  -0.09152259]
 [-0.27714015 -0.13802586 -0.01052619  0.19756105  0.2292582 ]
 [ 0.20386364  0.02818342 -0.16133223 -0.25353492  0.16661311]
 [ 0.09022125 -0.0148868   0.33440804 -0.11952032 -0.11536684]
 [-0.08248888 -0.09566132 -0.17154101  0.05513101  0.04753937]]
Matrix Pair 79; W = [[ 0.27798407 -0.02343435  0.02410617 -0.11559511 -0.02385329]
 [-0.22975234 -0.40537363 -0.05860291  0.28623322 -0.11152517]
 [-0.23365776  0.00067287 -0.23511912  0.04513348 -0.10396785]
 [ 0.05735572  0.10430521  0.02720363 -0.05234764 -0.06419633]
 [-0.1174906   0.1182527  -0.23339789 -0.17616457  0.07869435]]
U = [[ 0.15011783  0.2192234   0.26083044  0.17897281 -0.04430219]
 [-0.3173965  -0.08820093 -0.01128161  0.23682185  0.18824125]
 [ 0.22488501 -0.04423285 -0.18216576 -0.23864036  0.17316755]
 [ 0.12140116 -0.05866965  0.29680766 -0.11828999 -0.0540648 ]
 [-0.14425045 -0.0603484  -0.19323921  0.02477238  0.04937072]]
Matrix Pair 80; W = [[ 0.24145494 -0.03044508  0.04150043 -0.11420451 -0.03057251]
 [-0.20251006 -0.38885507 -0.05292457  0.22637342 -0.14567675]
 [-0.14454121  0.00184357 -0.23545614  0.07894239 -0.03008797]
 [ 0.11260238  0.11420249  0.11168494 -0.03249477 -0.08230732]
 [-0.15408737 -0.03924475 -0.25117385 -0.13852689 -0.06090827]]
U = [[ 0.15787741  0.16286273  0.30682862  0.306486   -0.03503351]
 [-0.23969374 -0.15816073  0.03508128  0.2318632   0.26726071]
 [ 0.10141132  0.03154675 -0.14251575 -0.18522868  0.1662028 ]
 [ 0.06644259 -0.0591188   0.37069558 -0.05302925 -0.08302954]
 [-0.12726898 -0.09574441 -0.20464183  0.01353902  0.06635644]]
Matrix Pair 81; W = [[ 0.26741911  0.03645342  0.0687611  -0.10243827  0.02294122]
 [-0.11618622 -0.43978221 -0.06387717  0.23783069 -0.15977794]
 [-0.08863149  0.04054011 -0.22040775  0.14556495 -0.0573275 ]
 [ 0.14156994  0.04441375  0.10487678 -0.02724861 -0.06090894]
 [-0.20398358 -0.06740966 -0.30564139 -0.10169296 -0.06685693]]
U = [[ 0.15625603  0.19610093  0.32704268  0.30075423 -0.06934792]
 [-0.15695382 -0.14101502 -0.01498004  0.19131434  0.26224112]
 [ 0.12911933  0.07673723 -0.12605847 -0.21823532  0.1529789 ]
 [ 0.08381558 -0.03307163  0.35668766 -0.037954   -0.0870428 ]
 [-0.05200285 -0.07475185 -0.19815129  0.06564519 -0.01724062]]
Matrix Pair 82; W = [[ 0.30520193 -0.03888123  0.01511799 -0.12806374 -0.00787626]
 [-0.17583398 -0.36004191 -0.11726034  0.22983472 -0.12534337]
 [-0.07714233  0.02665974 -0.26680067  0.09407803  0.01838174]
 [ 0.12268353  0.09183059  0.08330335 -0.04538297 -0.05241971]
 [-0.19554506 -0.07648101 -0.32458623 -0.07998884 -0.04807622]]
U = [[ 0.22758734  0.11753791  0.31652924  0.26381037 -0.03971176]
 [-0.18814667 -0.193016    0.02156993  0.20112354  0.25579684]
 [ 0.15278631  0.04822016 -0.16573876 -0.16151505  0.1568324 ]
 [ 0.13071311 -0.06705142  0.37257441 -0.13412956 -0.04296417]
 [-0.09423973 -0.08933298 -0.21439564  0.01340607  0.03069604]]
Matrix Pair 83; W = [[ 0.25260122 -0.00916705 -0.00707246 -0.11376211  0.00795458]
 [-0.20067956 -0.42307185 -0.103376    0.21847014 -0.1289007 ]
 [-0.1408999  -0.02712854 -0.24200607  0.07010126  0.00386198]
 [ 0.09602378  0.10529272  0.09842728 -0.01922109 -0.01583729]
 [-0.19854493 -0.01873775 -0.33097812 -0.08285963 -0.07878987]]
U = [[ 0.22225106  0.18777209  0.23195407  0.23804462 -0.03902818]
 [-0.19954271 -0.13160449  0.06460689  0.25511014  0.24912289]
 [ 0.09723881  0.03169578 -0.17450301 -0.22872705  0.10066499]
 [ 0.12595498 -0.00350428  0.31263383 -0.10325807 -0.02693476]
 [-0.07267581 -0.12823175 -0.24312385 -0.02731887  0.00623104]]
Matrix Pair 84; W = [[ 0.26095783 -0.00199025  0.06401498 -0.06100392  0.02315076]
 [-0.14388176 -0.36206452 -0.11929659  0.23591236 -0.07899103]
 [-0.11403451 -0.01965995 -0.23831475  0.1429146  -0.00313791]
 [ 0.07637534  0.05579039  0.13851104 -0.0517268  -0.04875265]
 [-0.15369548 -0.01404077 -0.28150758 -0.16431365 -0.01975281]]
U = [[ 0.15359663  0.11713841  0.26974156  0.25416984 -0.06667909]
 [-0.23326364 -0.20776679  0.05267967  0.18229725  0.24834711]
 [ 0.11115405  0.01845417 -0.19386611 -0.2001214   0.12009925]
 [ 0.11748946 -0.04249791  0.38023458 -0.12420376 -0.02301304]
 [-0.09128496 -0.07715035 -0.24458547  0.05280729  0.06506482]]
Matrix Pair 85; W = [[ 0.31040525 -0.04310112  0.07097151 -0.0977521   0.01983994]
 [-0.18614992 -0.42324886 -0.11760784  0.25305859 -0.16904264]
 [-0.14015108  0.01953443 -0.20606606  0.10648284 -0.07534769]
 [ 0.10640389  0.12491295  0.12588022 -0.08555655 -0.08436071]
 [-0.18799613 -0.06095741 -0.31453043 -0.10114339 -0.07792162]]
U = [[ 0.21844757  0.12136041  0.29051977  0.22261626 -0.01312518]
 [-0.24895891 -0.17819793 -0.01954041  0.19100585  0.22089226]
 [ 0.17867912  0.04988397 -0.14017647 -0.13961684  0.17530346]
 [ 0.08033133 -0.08364191  0.3105074  -0.0759658  -0.0471181 ]
 [-0.1016101  -0.1426896  -0.22561167 -0.00282112  0.03156901]]
Matrix Pair 86; W = [[ 0.25318264  0.0312917   0.04797818 -0.0776417  -0.07457671]
 [-0.21265022 -0.42484754 -0.09820429  0.24103912 -0.13392024]
 [-0.08677413  0.03636632 -0.17646276  0.10976461 -0.00325094]
 [ 0.14082135  0.0592953   0.12829165 -0.10311223 -0.08128009]
 [-0.24082568 -0.08301841 -0.25460872 -0.11811919 -0.1056721 ]]
U = [[ 0.22930826  0.16473862  0.26486703  0.28623733 -0.0276623 ]
 [-0.15457142 -0.20792275  0.00658659  0.16786084  0.19327621]
 [ 0.09314765  0.09729948 -0.1967409  -0.1658261   0.15570527]
 [ 0.08790222 -0.06986979  0.33620062 -0.06315319 -0.05548567]
 [-0.07447966 -0.11944395 -0.22182854 -0.01285091 -0.01380296]]
Matrix Pair 87; W = [[ 0.24550698  0.01243564 -0.01160029 -0.07907097  0.01777903]
 [-0.19797785 -0.42711718 -0.0486033   0.25811444 -0.07648533]
 [-0.10838448  0.00567485 -0.24751357  0.1444731  -0.07437825]
 [ 0.12150154  0.12261863  0.10758742 -0.05647433 -0.048998  ]
 [-0.23226562 -0.05671161 -0.29246959 -0.13085177 -0.05152982]]
U = [[ 0.20215897  0.12275913  0.31076581  0.27985461 -0.0139429 ]
 [-0.21274051 -0.20434121  0.06491717  0.19437707  0.26227422]
 [ 0.16340211  0.07480878 -0.12419009 -0.18459999  0.0864729 ]
 [ 0.09305257 -0.00146298  0.38951903 -0.11368457 -0.0946743 ]
 [-0.10379992 -0.16340375 -0.2358842   0.06840138 -0.01549631]]
Matrix Pair 88; W = [[ 0.31567223 -0.04476419  0.04318459 -0.1001114  -0.03973064]
 [-0.11840903 -0.38218831 -0.07998635  0.22354928 -0.12901089]
 [-0.13455438 -0.00887191 -0.25982469  0.1346506   0.00245449]
 [ 0.12810961  0.13715256  0.16149471 -0.032081   -0.0531643 ]
 [-0.22094429 -0.07021496 -0.28069762 -0.0976052  -0.06344905]]
U = [[ 0.18094488  0.12421304  0.29011487  0.273724   -0.06881584]
 [-0.19778069 -0.19588702  0.0485793   0.16121096  0.27349806]
 [ 0.15993238  0.00482846 -0.18155895 -0.21642714  0.17707095]
 [ 0.14370024 -0.0773482   0.34387858 -0.06049146 -0.00590343]
 [-0.06957366 -0.09089235 -0.22555414  0.03323643  0.03949011]]
Matrix Pair 89; W = [[ 0.30383107 -0.04859102  0.00076401 -0.12366357 -0.02503561]
 [-0.13323116 -0.38673278 -0.02304758  0.25903034 -0.13696801]
 [-0.14921891  0.03481253 -0.24055837  0.10491908 -0.00305555]
 [ 0.15506993  0.04144946  0.08573065 -0.09289635 -0.04027128]
 [-0.23285437 -0.06909578 -0.31698036 -0.10220164 -0.04144168]]
U = [[ 0.1991782   0.12628299  0.23939395  0.27794061 -0.03123025]
 [-0.18253912 -0.19307384  0.02899042  0.16051649  0.19497519]
 [ 0.10056457  0.05396677 -0.15085426 -0.18171616  0.11579819]
 [ 0.14365708 -0.08020449  0.32907952 -0.09542453 -0.04467282]
 [-0.07571852 -0.10219859 -0.18920971 -0.02605329 -0.01506367]]
Matrix Pair 90; W = [[ 0.23441164 -0.00600247  0.06099972 -0.12914768 -0.03666127]
 [-0.21564957 -0.42403577 -0.11180528  0.21744174 -0.11231802]
 [-0.12257333 -0.00418581 -0.21532758  0.07617331 -0.00799158]
 [ 0.12090048  0.04777278  0.15989769 -0.01916741 -0.07084762]
 [-0.1589006  -0.09594074 -0.2886926  -0.11136216 -0.09080395]]
U = [[ 0.22268377  0.17809292  0.23484554  0.28226157  0.01720438]
 [-0.24885659 -0.1275051   0.07331767  0.16417604  0.26620082]
 [ 0.16105316  0.00520914 -0.17819379 -0.14590247  0.16090838]
 [ 0.16527221 -0.06623753  0.30889799 -0.11664364 -0.09708827]
 [-0.1054426  -0.16420201 -0.23077539  0.03043514 -0.03270843]]
Matrix Pair 91; W = [[ 0.25236818 -0.00799447  0.07428394 -0.09973456 -0.04870388]
 [-0.13360805 -0.37014492 -0.06125046  0.26261709 -0.08839612]
 [-0.1087531   0.02296764 -0.25169     0.13594803 -0.06355647]
 [ 0.13605349  0.11655167  0.08240386 -0.08546461 -0.06909075]
 [-0.18542924 -0.09499362 -0.26387624 -0.15910858 -0.06661671]]
U = [[ 0.18007112  0.11338959  0.25087174  0.274673   -0.07625952]
 [-0.2536142  -0.12647197  0.05565865  0.19733972  0.24759632]
 [ 0.16628762  0.06306804 -0.13633962 -0.21997186  0.13793779]
 [ 0.09383429 -0.05440196  0.32982534 -0.10346547 -0.03769424]
 [-0.07332728 -0.13874111 -0.18634977  0.02541378 -0.02835688]]
Matrix Pair 92; W = [[ 2.53352816e-01 -2.41482543e-02  3.24861668e-02 -6.71000878e-02
   1.85555884e-03]
 [-1.25413403e-01 -3.87003880e-01 -8.76520848e-02  2.76400577e-01
  -1.23547812e-01]
 [-1.36209555e-01 -4.38349920e-02 -2.35315343e-01  9.50653798e-02
  -7.20434516e-02]
 [ 1.23905999e-01  9.78545054e-02  8.29514539e-02 -4.92556567e-02
   8.77936557e-05]
 [-2.13134070e-01 -7.66995920e-02 -2.56185309e-01 -1.42132994e-01
  -4.73344095e-02]]
U = [[ 0.1534168   0.19414647  0.26446737  0.23025648 -0.02362231]
 [-0.19503617 -0.19148036 -0.02332498  0.19156496  0.2047069 ]
 [ 0.09480688 -0.00217723 -0.14785026 -0.16257915  0.11914695]
 [ 0.10670631 -0.03399236  0.30844127 -0.04500232 -0.06032954]
 [-0.08615934 -0.12845602 -0.23559612  0.05645661 -0.02273689]]
Matrix Pair 93; W = [[ 0.27000022  0.01103331  0.01857479 -0.14808181 -0.04536439]
 [-0.19292448 -0.35405351 -0.06227606  0.20659897 -0.14443617]
 [-0.08673178 -0.03966176 -0.18397196  0.07688069 -0.03500241]
 [ 0.07769116  0.05420372  0.08142126 -0.01078231  0.0055982 ]
 [-0.16395337 -0.0836576  -0.28586557 -0.15357772 -0.0875221 ]]
U = [[ 0.21401937  0.13302393  0.29336027  0.30689127 -0.03680988]
 [-0.15446862 -0.13222746 -0.02251236  0.22193174  0.25239972]
 [ 0.19081269  0.02293206 -0.14664642 -0.17597594  0.08734826]
 [ 0.12309004 -0.08461351  0.29988634 -0.1099558  -0.07583219]
 [-0.08804966 -0.10855546 -0.18113551  0.05881953  0.06260972]]
Matrix Pair 94; W = [[ 0.29641781 -0.05086196  0.05302505 -0.06193288 -0.00775548]
 [-0.15002017 -0.39092773 -0.10785214  0.27953042 -0.12275239]
 [-0.06960409  0.03721817 -0.22945191  0.08781424 -0.06432261]
 [ 0.12189109  0.06304868  0.10441836 -0.07159037 -0.03724511]
 [-0.15342412 -0.10451531 -0.27626422 -0.11690241 -0.04852766]]
U = [[ 0.2147267   0.14042569  0.29390649  0.27997138  0.01243338]
 [-0.16575559 -0.12646686  0.01175409  0.23177884  0.26981109]
 [ 0.10907848  0.01309062 -0.14216962 -0.23018575  0.17624923]
 [ 0.13259061 -0.02517646  0.34645616 -0.09665119 -0.07016771]
 [-0.1166126  -0.10731251 -0.22560693 -0.00125446  0.00671293]]
Matrix Pair 95; W = [[ 0.27334479  0.01332745  0.00877889 -0.10503212  0.00284387]
 [-0.1220996  -0.36134347 -0.08121987  0.26431561 -0.14653707]
 [-0.07826434 -0.0178529  -0.19360226  0.1374456  -0.02716711]
 [ 0.13485483  0.0698192   0.14372818 -0.07388015 -0.00978809]
 [-0.2377735  -0.05229057 -0.2962251  -0.08191005 -0.03023854]]
U = [[ 0.22898893  0.20542174  0.32630881  0.26049    -0.01814352]
 [-0.19914878 -0.14204842 -0.01845781  0.21950114  0.21935976]
 [ 0.1736804   0.00510351 -0.1826244  -0.22458834  0.10646732]
 [ 0.08242515 -0.07045395  0.31822832 -0.12369395 -0.03172088]
 [-0.05100727 -0.13246815 -0.1863606  -0.02818954  0.01985576]]
Matrix Pair 96; W = [[ 3.27100698e-01  2.78725084e-04  1.56031219e-02 -1.79738403e-01
  -9.06551847e-03]
 [-1.27550196e-01 -3.62763425e-01 -1.51236973e-02  2.81360913e-01
  -2.27295158e-02]
 [-1.22108844e-01 -3.40163566e-02 -1.55323790e-01  5.77063150e-02
  -5.98276183e-02]
 [ 6.26468194e-02  5.43816334e-02  7.75283749e-02 -4.09216100e-02
  -2.98122477e-02]
 [-2.09451368e-01 -5.15010639e-02 -2.67390308e-01 -1.82773625e-01
  -1.09324918e-02]]
U = [[ 0.21477915  0.20053036  0.26764956  0.24412029  0.01593593]
 [-0.14424943 -0.13356989 -0.02053477  0.1383027   0.22482692]
 [ 0.17140918 -0.00699276 -0.27382942 -0.19893665  0.23018513]
 [ 0.16365333  0.00381406  0.3365064  -0.07195968 -0.11133762]
 [-0.07176104 -0.1571016  -0.26737864 -0.05258893 -0.04686592]]
Matrix Pair 97; W = [[ 0.32126751  0.05538501  0.08112171 -0.19950663 -0.03653603]
 [-0.19057147 -0.38339158 -0.09081781  0.26070498 -0.11390206]
 [-0.08625616 -0.04054157 -0.13488058  0.10266649 -0.11894562]
 [ 0.07974604  0.10843244  0.15146967  0.03391256 -0.05252613]
 [-0.13202859 -0.05680612 -0.31598976 -0.18261683  0.04060608]]
U = [[ 0.20960778  0.26828009  0.3287706   0.22532564  0.03033005]
 [-0.13530673 -0.20214291 -0.0771187   0.21826942  0.27558173]
 [ 0.17743739  0.06416854 -0.26844921 -0.17800827  0.22142116]
 [ 0.20696117  0.01061363  0.25686671 -0.16085398 -0.1843986 ]
 [-0.09014174 -0.11065772 -0.20468697 -0.07655873  0.02414318]]
Matrix Pair 98; W = [[ 0.34011196  0.01700123  0.02437692 -0.19210443 -0.03869745]
 [-0.12562097 -0.42500976 -0.01416257  0.24027628 -0.07290467]
 [-0.04566167 -0.05603503 -0.1457367   0.08785115 -0.07568822]
 [ 0.13621122  0.09043066  0.0912709  -0.03115697 -0.0216473 ]
 [-0.21323895 -0.11558674 -0.34484936 -0.16539233 -0.05474245]]
U = [[ 0.15529439  0.21648634  0.35515781  0.20055606 -0.04531039]
 [-0.207424   -0.18906463  0.00289369  0.14169308  0.24381599]
 [ 0.13442719 -0.03246777 -0.2755249  -0.19457388  0.15202317]
 [ 0.12857776 -0.00416696  0.30022742 -0.0935871  -0.14417539]
 [-0.01747729 -0.13097259 -0.24316764 -0.1183083  -0.01168133]]
Matrix Pair 99; W = [[ 0.29863957  0.0344188   0.07874944 -0.18508331 -0.06479514]
 [-0.15136139 -0.35468031 -0.06193803  0.19914747 -0.08985101]
 [-0.11758791 -0.04336168 -0.1335345   0.072539   -0.12075537]
 [ 0.09181417  0.07187657  0.14749852  0.02558119 -0.08111351]
 [-0.18637969 -0.08666663 -0.33825873 -0.12728958  0.0260977 ]]
U = [[ 0.20575203  0.21771703  0.36265309  0.19553354 -0.01946259]
 [-0.20645327 -0.1800493  -0.03580639  0.23407908  0.26582716]
 [ 0.14496069 -0.00452928 -0.20838648 -0.1911989   0.21722361]
 [ 0.18598391 -0.0161015   0.27320856 -0.06222132 -0.16923529]
 [-0.10442821 -0.13803707 -0.27113739 -0.09369964  0.02292715]]
Matrix Pair 100; W = [[ 0.34426259  0.0554527   0.04885725 -0.11085913 -0.07396463]
 [-0.15105195 -0.39715829 -0.04403915  0.2183758  -0.08740722]
 [-0.0934957  -0.06652618 -0.19793761  0.11012528 -0.08104252]
 [ 0.13327023  0.06665794  0.15447521 -0.0513356  -0.06145578]
 [-0.13821344 -0.11204105 -0.28287061 -0.1194253   0.04195085]]
U = [[ 0.17316556  0.18028398  0.27923961  0.28293666 -0.04453226]
 [-0.20561165 -0.19435559 -0.00042347  0.15450753  0.31598379]
 [ 0.15381364 -0.02953015 -0.24954094 -0.18705418  0.22754865]
 [ 0.18847429 -0.04182778  0.28444124 -0.10295472 -0.14631369]
 [-0.05332208 -0.14288381 -0.23639554 -0.05172532 -0.00815543]]
Matrix Pair 101; W = [[ 2.81551758e-01  4.67203899e-02  1.39024558e-02 -1.76132224e-01
  -7.05211569e-02]
 [-2.12451354e-01 -3.77541897e-01 -1.09770504e-01  2.03602632e-01
  -1.09294958e-01]
 [-5.20111178e-02 -8.66828131e-02 -1.74651486e-01  5.98241320e-02
  -4.76935994e-02]
 [ 8.48070854e-02  7.44370017e-02  1.19101923e-01 -3.41067110e-02
  -3.43215169e-03]
 [-1.81109424e-01 -8.06911256e-02 -3.26053617e-01 -1.63387269e-01
  -3.37996183e-04]]
U = [[ 0.17352129  0.26095551  0.3541931   0.27578104  0.01338954]
 [-0.22644506 -0.12209116 -0.06196057  0.19888376  0.2199343 ]
 [ 0.15229984  0.03040808 -0.22191633 -0.20393547  0.22609293]
 [ 0.20454087  0.02028936  0.30908957 -0.07530781 -0.17048114]
 [-0.06846766 -0.12702097 -0.24376083 -0.0694493  -0.01771764]]
Matrix Pair 102; W = [[ 0.26851691  0.01594617  0.02437656 -0.11417222 -0.0375398 ]
 [-0.18561555 -0.38353885 -0.07090929  0.21632827 -0.04970134]
 [-0.04982416 -0.10330335 -0.15717828  0.05034984 -0.05766372]
 [ 0.09426826  0.06858861  0.10952258  0.00745716  0.00394308]
 [-0.1340164  -0.0776214  -0.34717389 -0.1072375  -0.03884934]]
U = [[ 0.24905451  0.22784371  0.31749896  0.25024319  0.04083474]
 [-0.14721102 -0.15073357 -0.02169494  0.1618426   0.26752284]
 [ 0.18802164 -0.02398096 -0.23618115 -0.20131852  0.1880794 ]
 [ 0.16252326  0.03541458  0.29464349 -0.07993169 -0.17192948]
 [-0.05642834 -0.10919468 -0.26197539 -0.07883333 -0.03825379]]
Matrix Pair 103; W = [[ 0.29105676  0.02708135 -0.00548748 -0.18272539 -0.0437996 ]
 [-0.13968439 -0.43090396 -0.04927253  0.19751858 -0.02599654]
 [-0.08301467 -0.1013608  -0.1879812   0.11358777 -0.03640056]
 [ 0.09212296  0.10919079  0.08967867 -0.05276261 -0.04102101]
 [-0.17228256 -0.05340645 -0.29061256 -0.11543152 -0.04276889]]
U = [[ 0.18484722  0.24166469  0.27545663  0.26769485 -0.00505467]
 [-0.14047316 -0.16028433 -0.05624453  0.15258328  0.26022297]
 [ 0.16841777  0.03633641 -0.28231657 -0.16715578  0.20032146]
 [ 0.12545457 -0.00530072  0.30702911 -0.07041385 -0.1186763 ]
 [-0.04762693 -0.1150417  -0.23875498 -0.12294955 -0.05985872]]
Matrix Pair 104; W = [[ 0.33100765 -0.02535068 -0.00548287 -0.20723243 -0.00449704]
 [-0.19561722 -0.41590998 -0.0966616   0.23424072 -0.06464181]
 [-0.05424987 -0.068317   -0.20737364  0.10363232 -0.0464628 ]
 [ 0.06989375  0.11414441  0.06553023 -0.02399223 -0.02621771]
 [-0.20744345 -0.13822427 -0.36386228 -0.12966078  0.00314896]]
U = [[ 0.2154467   0.23088055  0.30351296  0.27757549 -0.0022224 ]
 [-0.14276815 -0.19211716  0.00940289  0.21538843  0.30471436]
 [ 0.12923509 -0.00878328 -0.22517267 -0.18947071  0.15588928]
 [ 0.18388174  0.03982961  0.24797012 -0.14952169 -0.13327047]
 [-0.0508414  -0.0832663  -0.21379578 -0.02947907 -0.05906102]]
Matrix Pair 105; W = [[ 2.79722318e-01  1.59093388e-04  7.72780583e-02 -1.70190437e-01
  -1.46549050e-03]
 [-1.90011418e-01 -4.34211366e-01 -1.03190958e-01  1.97536192e-01
  -1.10855264e-01]
 [-1.44513975e-01 -8.89993603e-02 -2.04993254e-01  8.87557753e-02
  -3.37331589e-02]
 [ 6.38145198e-02  6.94921364e-02  1.43065767e-01  3.84016914e-02
  -3.28638414e-02]
 [-2.17937124e-01 -7.86849990e-02 -3.35983288e-01 -1.12459066e-01
  -5.14620442e-03]]
U = [[ 0.229982    0.20950183  0.35134411  0.20084982  0.00877345]
 [-0.19623977 -0.11739551 -0.07282011  0.22943516  0.26653907]
 [ 0.20928134  0.01630576 -0.20011206 -0.13373987  0.22652585]
 [ 0.14252438 -0.0066181   0.25433021 -0.10904675 -0.12463987]
 [-0.03669585 -0.10405885 -0.25924939 -0.06714261 -0.00741629]]
Matrix Pair 106; W = [[ 0.34085983 -0.01629778  0.06625768 -0.19782289 -0.04751533]
 [-0.13597131 -0.38690234 -0.0501405   0.22285515 -0.04635772]
 [-0.14399131 -0.10431781 -0.12894231  0.0900817  -0.06122132]
 [ 0.11888833  0.07567097  0.10981834  0.02734736 -0.06424662]
 [-0.14116152 -0.08761307 -0.30203556 -0.1765631   0.00576651]]
U = [[ 0.20085657  0.22573493  0.32491429  0.27621261  0.01063639]
 [-0.13634056 -0.14720194 -0.01860855  0.22956092  0.28537845]
 [ 0.11406392  0.03420714 -0.23608906 -0.18318582  0.24269197]
 [ 0.19044763 -0.03710813  0.28211473 -0.10454425 -0.12399134]
 [-0.05085199 -0.07942124 -0.22153863 -0.06372937  0.00138185]]
Matrix Pair 107; W = [[ 0.30520266 -0.02833836  0.03339876 -0.18226119 -0.03028578]
 [-0.14989944 -0.3639561  -0.03421932  0.27486518 -0.03340141]
 [-0.08143138 -0.07864668 -0.21436297  0.07655825 -0.11050383]
 [ 0.1519318   0.08476636  0.09097231  0.01958392 -0.04197216]
 [-0.19881863 -0.12088012 -0.30332499 -0.14718474 -0.04316824]]
U = [[ 0.20366929  0.22339039  0.32313443  0.27961302 -0.02199266]
 [-0.16530525 -0.17602364  0.0191833   0.13989922  0.31381143]
 [ 0.20269634  0.0342931  -0.2151679  -0.14156265  0.210463  ]
 [ 0.14864306  0.05180116  0.34470746 -0.09961927 -0.11463019]
 [-0.07352988 -0.15254233 -0.23830222 -0.02489541 -0.04268975]]
Matrix Pair 108; W = [[ 0.31442163  0.04636039 -0.00998383 -0.12117981 -0.08391276]
 [-0.14441289 -0.38927096 -0.08561489  0.24253551 -0.0484896 ]
 [-0.05349854 -0.06965906 -0.16691363  0.04084845 -0.03301184]
 [ 0.11658858  0.05149249  0.1545186  -0.03256805 -0.0274891 ]
 [-0.19591867 -0.10672607 -0.270431   -0.10501148 -0.00833966]]
U = [[ 0.2022548   0.20741106  0.34262607  0.27804217 -0.03191575]
 [-0.1437397  -0.19907747 -0.0493101   0.17533145  0.24506105]
 [ 0.1899669   0.05240425 -0.26730437 -0.20836964  0.21149402]
 [ 0.12448512  0.02472864  0.28335413 -0.08608651 -0.14780473]
 [-0.05335863 -0.142464   -0.20036937 -0.11910404 -0.05775298]]
Matrix Pair 109; W = [[ 0.3447811   0.04166536  0.02227732 -0.14724429 -0.08230752]
 [-0.16619609 -0.35357665 -0.10938799  0.22853408 -0.03295494]
 [-0.09851208 -0.04350303 -0.21961407  0.05898237 -0.06753606]
 [ 0.08876281  0.08817498  0.15889395 -0.04615823 -0.02949734]
 [-0.17581007 -0.13659989 -0.31669493 -0.11957896  0.02961573]]
U = [[ 0.20006047  0.2554698   0.32097     0.23336227  0.00234268]
 [-0.15700293 -0.14301282 -0.01182245  0.14679003  0.23575299]
 [ 0.18093751  0.03392074 -0.25324656 -0.11690429  0.16166869]
 [ 0.2033088  -0.04092852  0.31589328 -0.06777336 -0.18821336]
 [-0.0542204  -0.15844915 -0.22111037 -0.10140896 -0.01053203]]
Matrix Pair 110; W = [[ 0.30857611  0.00895729 -0.00080237 -0.12011772 -0.06877262]
 [-0.1189067  -0.37785359 -0.0889415   0.23232007 -0.04494267]
 [-0.11796964 -0.12251967 -0.14167214  0.12380117 -0.08837527]
 [ 0.09453704  0.09449626  0.13737133  0.00420262 -0.05254253]
 [-0.18485452 -0.11519417 -0.27745337 -0.14473222  0.02507245]]
U = [[ 0.24859893  0.26280463  0.30178921  0.26553191  0.00657812]
 [-0.14688323 -0.1548298  -0.04182723  0.23005843  0.3101625 ]
 [ 0.20651039  0.04814414 -0.25213486 -0.17904997  0.21341644]
 [ 0.11902197  0.04762214  0.33391229 -0.12126795 -0.15538422]
 [-0.01708727 -0.0767019  -0.21334078 -0.02537466 -0.03076546]]
Matrix Pair 111; W = [[ 0.26680617 -0.00395826  0.01700935 -0.14168909 -0.06428129]
 [-0.11869206 -0.40109922 -0.02945107  0.22163489 -0.07229512]
 [-0.09066316 -0.10766814 -0.15552663  0.06156956 -0.06468402]
 [ 0.07550632  0.09023779  0.08960747  0.01587795 -0.03183652]
 [-0.1624374  -0.11505266 -0.36546988 -0.13284268 -0.03408909]]
U = [[ 0.23699907  0.25658308  0.32004472  0.23774542  0.01011215]
 [-0.14693853 -0.18771725 -0.04812831  0.15426653  0.23849129]
 [ 0.13877384 -0.03393945 -0.27806665 -0.18290282  0.18451105]
 [ 0.14853226  0.02224916  0.31007419 -0.10270332 -0.14348276]
 [-0.02376361 -0.15094094 -0.21205049 -0.02758876  0.00649842]]
Matrix Pair 112; W = [[ 0.24510468  0.02023453  0.03152891 -0.12492437 -0.02142494]
 [-0.14090095 -0.40461649 -0.09848834  0.22162244 -0.13312842]
 [-0.07644471 -0.05529169 -0.19828117  0.12927716 -0.09633747]
 [ 0.06361777 -0.00649376  0.03003062 -0.11594118 -0.01772171]
 [-0.18030375 -0.03087862 -0.34329831 -0.10749648 -0.0601223 ]]
U = [[ 0.22627502  0.18530177  0.31444707  0.20965051 -0.03194223]
 [-0.25230057 -0.20787665 -0.04474447  0.2620269   0.2401545 ]
 [ 0.1495817   0.01803941 -0.17753418 -0.16625072  0.15113176]
 [ 0.10860103 -0.01655069  0.32841141 -0.08399836 -0.16243031]
 [-0.03098305 -0.16021035 -0.15113793 -0.01909037 -0.01378641]]
Matrix Pair 113; W = [[ 0.26403293  0.03729283  0.04204896 -0.07665216 -0.07740733]
 [-0.16666411 -0.35675183 -0.1091262   0.24920237 -0.13738815]
 [-0.15532511 -0.00521407 -0.20864566  0.04770551 -0.06238342]
 [ 0.06663416 -0.0050944   0.05012306 -0.03074737 -0.02639976]
 [-0.1004234  -0.03092    -0.34892636 -0.14662454 -0.03993054]]
U = [[ 0.21579778  0.25057572  0.31440651  0.26418653 -0.10987805]
 [-0.24163348 -0.21043328 -0.07421307  0.19083046  0.20349591]
 [ 0.18217482  0.06561934 -0.23145797 -0.19061477  0.1123086 ]
 [ 0.13749095 -0.01865272  0.34495662 -0.13134572 -0.12990242]
 [-0.08248057 -0.16231268 -0.21878766  0.0244978   0.02140251]]
Matrix Pair 114; W = [[ 0.29417671 -0.01673278  0.05861228 -0.11141324 -0.02708735]
 [-0.18655567 -0.3549935  -0.09352099  0.21540485 -0.08050689]
 [-0.12393598 -0.04348804 -0.17408862  0.07395635 -0.08186932]
 [ 0.11876728  0.0277984   0.08469543 -0.11029289 -0.06910106]
 [-0.16311314 -0.06753752 -0.32348528 -0.13927622  0.01687915]]
U = [[ 0.17421136  0.17361711  0.30171025  0.25157184 -0.05884237]
 [-0.2223937  -0.19509624 -0.05963233  0.24857484  0.20028705]
 [ 0.19883745  0.08628129 -0.22695186 -0.1505991   0.11735065]
 [ 0.0734416  -0.09791573  0.36436698 -0.12095261 -0.14246722]
 [-0.07817656 -0.12062975 -0.15120257  0.01468894  0.01777822]]
Matrix Pair 115; W = [[ 0.27787784  0.03836743  0.04690241 -0.11805877 -0.07895365]
 [-0.19190849 -0.34444127 -0.04401128  0.28532054 -0.10322992]
 [-0.09349805 -0.09546946 -0.14123988  0.07785122 -0.05779372]
 [ 0.12505599  0.00477699  0.07794554 -0.03620495 -0.01492812]
 [-0.16499966 -0.06822849 -0.34621775 -0.10222892 -0.02603915]]
U = [[ 0.17626056  0.16175628  0.3044415   0.20950694 -0.03059711]
 [-0.20619232 -0.23130369 -0.07571698  0.21567141  0.18585789]
 [ 0.20626068  0.05112928 -0.2137561  -0.17258056  0.18841125]
 [ 0.08366518 -0.04300234  0.29117215 -0.08992218 -0.10573769]
 [-0.02737922 -0.14438088 -0.18962359  0.00104531 -0.06463422]]
Matrix Pair 116; W = [[ 0.23589643 -0.02217595  0.05152081 -0.17134115 -0.00967668]
 [-0.14198705 -0.35676398 -0.06114727  0.26060744 -0.11390785]
 [-0.07359397 -0.08903126 -0.14812859  0.10748505 -0.10281243]
 [ 0.12791049 -0.02289552  0.09540288 -0.0649389  -0.00966124]
 [-0.10213237 -0.06387568 -0.31584944 -0.12365482  0.0107257 ]]
U = [[ 0.18925113  0.21493121  0.26285705  0.23362521 -0.0519625 ]
 [-0.18408053 -0.14741365 -0.00246454  0.2107907   0.22673755]
 [ 0.14186972  0.08436088 -0.17521368 -0.18543752  0.16608662]
 [ 0.13771882 -0.09391025  0.29720244 -0.16825587 -0.13174393]
 [-0.06805346 -0.1111624  -0.17962826  0.04885504 -0.05775513]]
Matrix Pair 117; W = [[ 0.23285627  0.04352375  0.07615145 -0.08702744 -0.00749202]
 [-0.20229223 -0.35380733 -0.1009039   0.19631455 -0.10926513]
 [-0.06888472 -0.04718547 -0.23227905  0.04735668 -0.09483141]
 [ 0.12257812  0.03012958  0.10617063 -0.05493791 -0.06206653]
 [-0.15352966 -0.00565575 -0.32031099 -0.1070802  -0.01103468]]
U = [[ 0.19931086  0.19401535  0.29005718  0.2685117  -0.09805442]
 [-0.23370241 -0.2314624  -0.07370206  0.27037604  0.15888048]
 [ 0.17900432  0.00849236 -0.25753845 -0.18793528  0.19895234]
 [ 0.0716969  -0.06432556  0.30462007 -0.09365167 -0.12901394]
 [-0.08724177 -0.07491123 -0.17868017 -0.00294971 -0.03682451]]
Matrix Pair 118; W = [[ 0.22819764  0.02824374  0.0302111  -0.16901879 -0.07182819]
 [-0.15849804 -0.35607742 -0.06096919  0.21050023 -0.13570277]
 [-0.07425542 -0.04222355 -0.17473141  0.06941997 -0.03944198]
 [ 0.05536606  0.00473093  0.07703253 -0.12437885 -0.03116142]
 [-0.13993621  0.01462692 -0.29778975 -0.10299428  0.01455544]]
U = [[ 0.1546435   0.25194709  0.30298095  0.25017361 -0.01598468]
 [-0.23782464 -0.14883084 -0.00921092  0.25373163  0.17377371]
 [ 0.19872822  0.09702427 -0.22727526 -0.16465703  0.16107294]
 [ 0.14768238 -0.05806049  0.34820665 -0.12397136 -0.14868378]
 [-0.08327369 -0.15791037 -0.2067174   0.05310969 -0.04847626]]
Matrix Pair 119; W = [[ 0.27449732  0.02891615  0.10345957 -0.13778498 -0.04840735]
 [-0.15875702 -0.39490203 -0.10411202  0.19130758 -0.05076413]
 [-0.07607814 -0.00688222 -0.22374245  0.09231554 -0.09155542]
 [ 0.10486135 -0.01326644  0.08069576 -0.10366683 -0.04760377]
 [-0.17323949 -0.03762742 -0.31065379 -0.12166825 -0.02323433]]
U = [[ 0.22559426  0.21267082  0.30605203  0.21028111 -0.0872343 ]
 [-0.1798453  -0.18940416 -0.01881376  0.27856591  0.23604855]
 [ 0.14748712  0.07130012 -0.2587428  -0.22632987  0.10331708]
 [ 0.15329615 -0.02501983  0.37143894 -0.14186921 -0.1570516 ]
 [-0.02606696 -0.09634991 -0.1914853   0.06077375 -0.06673236]]
Matrix Pair 120; W = [[ 0.28739111  0.0342157   0.04631461 -0.08601144 -0.05797632]
 [-0.22384846 -0.34109858 -0.11905359  0.22155591 -0.08514298]
 [-0.08211813 -0.04243921 -0.23017672  0.09818674 -0.08439076]
 [ 0.07907064  0.06586492  0.06779766 -0.10620851 -0.04512806]
 [-0.14303255 -0.04696458 -0.30828704 -0.08383423  0.01571822]]
U = [[ 0.20641506  0.21662308  0.30306877  0.19176567 -0.01432958]
 [-0.22875282 -0.151018   -0.08745098  0.2289708   0.14834015]
 [ 0.14759646  0.08597504 -0.25218265 -0.22284477  0.10563533]
 [ 0.13930728 -0.03813346  0.36595307 -0.10412352 -0.17775039]
 [-0.019628   -0.13823782 -0.19900398  0.02686976  0.02988023]]
Matrix Pair 121; W = [[ 0.31591603 -0.00201351  0.0604164  -0.11831309 -0.01784432]
 [-0.19930027 -0.38503238 -0.057917    0.2484646  -0.07600392]
 [-0.08114567 -0.02948095 -0.23459888  0.07903776 -0.13266203]
 [ 0.05662571 -0.02290558  0.03010425 -0.10992045 -0.06047218]
 [-0.18457368  0.011793   -0.28949335 -0.0883412  -0.04728297]]
U = [[ 0.22857146  0.19268889  0.25608959  0.19435241 -0.01609691]
 [-0.18462153 -0.19702557 -0.056834    0.22049093  0.22882539]
 [ 0.14550094  0.06742818 -0.23522181 -0.21439372  0.17987561]
 [ 0.07598106 -0.094238    0.37276142 -0.10735767 -0.16639619]
 [-0.10041762 -0.13377369 -0.18300033  0.01806644 -0.04097977]]
Matrix Pair 122; W = [[ 0.29588282  0.00681953  0.10003021 -0.08450891 -0.07210049]
 [-0.21304478 -0.37149239 -0.03476333  0.21271674 -0.07194991]
 [-0.0611985  -0.02447903 -0.16883376  0.12442217 -0.0489247 ]
 [ 0.08234214  0.06259963  0.10895901 -0.0280407  -0.04366284]
 [-0.15202128 -0.05889627 -0.30021125 -0.07595454 -0.01338624]]
U = [[ 0.1694972   0.18932087  0.24800623  0.28343729 -0.03949839]
 [-0.19371993 -0.14382167 -0.0652695   0.20693343  0.24087603]
 [ 0.23241817  0.07674383 -0.16920009 -0.14181078  0.11658752]
 [ 0.10595407 -0.08726978  0.29628416 -0.09593561 -0.12271991]
 [-0.02085847 -0.12740572 -0.16713414 -0.00604239 -0.03887095]]
Matrix Pair 123; W = [[ 0.26305162  0.03835925  0.09744972 -0.11526237 -0.05040819]
 [-0.14708745 -0.3764721  -0.10680972  0.25775938 -0.14081424]
 [-0.09038841 -0.03658962 -0.21747207  0.11455735 -0.06355618]
 [ 0.09906064  0.05692835  0.08824517 -0.03241432 -0.02680333]
 [-0.16179966  0.00094816 -0.27820934 -0.09492952  0.02528754]]
U = [[ 0.21049852  0.23098367  0.27587938  0.28669236 -0.05658369]
 [-0.25907774 -0.19458601 -0.00652486  0.20791929  0.22426129]
 [ 0.20027974  0.061012   -0.25689014 -0.17581753  0.11290513]
 [ 0.08315255 -0.00787542  0.3034176  -0.16231276 -0.12201119]
 [-0.09107929 -0.10326052 -0.19827914 -0.01271081  0.0277437 ]]
Matrix Pair 124; W = [[ 0.28714246  0.039361    0.08676488 -0.13670395 -0.0131956 ]
 [-0.23226624 -0.40062035 -0.12344007  0.19425017 -0.14304741]
 [-0.06280707 -0.01777321 -0.14806121  0.06168832 -0.07875372]
 [ 0.04695655  0.0099572   0.0440278  -0.02552183 -0.09234519]
 [-0.16778146 -0.05455933 -0.37179673 -0.12895742  0.0234384 ]]
U = [[ 0.14208043  0.21900298  0.32720336  0.2515962  -0.06439492]
 [-0.25925086 -0.23655946 -0.00833747  0.19323566  0.19336631]
 [ 0.14606324  0.01355767 -0.25013488 -0.14405313  0.14421084]
 [ 0.12079784 -0.04054333  0.32763825 -0.16560295 -0.14618198]
 [-0.03987628 -0.07818753 -0.15407444 -0.01654114 -0.00732186]]
Matrix Pair 125; W = [[ 0.2958344   0.01962284  0.08291065 -0.11018685 -0.03038978]
 [-0.16859101 -0.40635133 -0.12461862  0.24103705 -0.07725239]
 [-0.12295784 -0.04686099 -0.17722279  0.12424337 -0.05586479]
 [ 0.06355107  0.01664225  0.04935141 -0.08464325 -0.00957839]
 [-0.16747335 -0.01794594 -0.30250788 -0.0938697  -0.05413616]]
U = [[ 0.15103244  0.23863096  0.28795525  0.26511709 -0.10133007]
 [-0.20669525 -0.21290303 -0.05453087  0.22819048  0.23135097]
 [ 0.21485013  0.09451515 -0.24407989 -0.18035332  0.20282185]
 [ 0.08097623 -0.0495792   0.28503422 -0.18062951 -0.15802657]
 [-0.08952358 -0.07199953 -0.18555923  0.06358957 -0.00090547]]
Matrix Pair 126; W = [[ 0.22594218  0.04381299  0.04272173 -0.1444612  -0.0321662 ]
 [-0.23101628 -0.38121365 -0.11497303  0.27779394 -0.05893974]
 [-0.13609274 -0.00071839 -0.22730989  0.10678103 -0.08945755]
 [ 0.04628128  0.02717199  0.09601419 -0.1094911  -0.00434617]
 [-0.15822189 -0.06280905 -0.29611673 -0.13509742 -0.03765054]]
U = [[ 1.85954854e-01  2.25533401e-01  2.75227932e-01  2.28710992e-01
  -6.55573067e-02]
 [-2.12171962e-01 -1.66509175e-01 -6.45296684e-02  2.39778552e-01
   1.87335524e-01]
 [ 2.28249248e-01  3.99726089e-02 -1.76278388e-01 -1.78003656e-01
   1.08570828e-01]
 [ 9.08501936e-02 -5.51828627e-02  3.18598800e-01 -1.10648757e-01
  -1.51868886e-01]
 [-6.61444899e-03 -1.49186772e-01 -1.95690149e-01  1.74870606e-02
  -3.10996059e-04]]
Matrix Pair 127; W = [[ 0.25492452  0.05877944  0.0157904  -0.11359975 -0.03178523]
 [-0.22154838 -0.37532273 -0.05128756  0.26033007 -0.09990715]
 [-0.11146093 -0.01232438 -0.19272675  0.04626111 -0.1310506 ]
 [ 0.07934305 -0.02378717  0.09048276 -0.11873389 -0.08598865]
 [-0.11489756 -0.00048895 -0.28378583 -0.08287049 -0.02220964]]
U = [[ 0.17543052  0.24528802  0.33002471  0.19730893 -0.0285937 ]
 [-0.17458562 -0.14583704 -0.00960638  0.20138802  0.18128225]
 [ 0.21133537  0.08498422 -0.22573066 -0.1613125   0.1116444 ]
 [ 0.13330891 -0.02913771  0.29909362 -0.09802346 -0.15979311]
 [-0.02956431 -0.10900758 -0.19692312 -0.00603459 -0.04145733]]
