Epoch: 20Matrix Pair 0; W = [[ 0.27255333  0.0740618   0.10245982 -0.12287229  0.01351282]
 [-0.19930294 -0.43265266 -0.03921319  0.21742028 -0.11727659]
 [-0.1121093   0.01562821 -0.11743241  0.04035743 -0.10597379]
 [ 0.17491564  0.07386199  0.12296723  0.0047103  -0.07307662]
 [-0.21741232 -0.1622023  -0.19196262 -0.13737021 -0.04733163]]
U = [[ 0.24158627  0.2368209   0.28130222  0.29016274 -0.0850981 ]
 [-0.26548996 -0.21428752  0.06913914  0.2201336   0.31116965]
 [ 0.13973003  0.03679259 -0.26034116 -0.2203356   0.09458102]
 [ 0.16750421 -0.0208181   0.30402314 -0.11166926 -0.10484006]
 [-0.13248514 -0.07817249 -0.22636837 -0.06036237 -0.12944693]]
Matrix Pair 1; W = [[ 0.32969103 -0.00539439  0.01432297 -0.12752742  0.00998194]
 [-0.17565001 -0.39500742 -0.06783128  0.24231255 -0.08531853]
 [-0.08725057 -0.0691665  -0.14519134  0.07374243 -0.06052191]
 [ 0.1208183   0.09904573  0.0990945  -0.08236972 -0.08413467]
 [-0.22104073 -0.09742795 -0.24363865 -0.1198305   0.01493364]]
U = [[ 0.22636301  0.19979523  0.31025473  0.34921798 -0.01983946]
 [-0.19918441 -0.15329958  0.08329969  0.18833078  0.37325559]
 [ 0.23135376  0.11136843 -0.25917545 -0.18216596  0.11058804]
 [ 0.18194527  0.00082361  0.24102281 -0.10489062 -0.14939057]
 [-0.12443225 -0.05767202 -0.21781216 -0.05874402 -0.05601158]]
Matrix Pair 2; W = [[ 0.25780627  0.00439043  0.05896466 -0.05281648 -0.01950597]
 [-0.26505273 -0.3841308  -0.00527101  0.16786036 -0.16935646]
 [-0.13928338 -0.04093749 -0.15942072  0.04750322 -0.1093854 ]
 [ 0.16526418  0.05881137  0.12680348 -0.04985751 -0.09368758]
 [-0.19658511 -0.17008217 -0.22807078 -0.07435128 -0.06057778]]
U = [[ 0.17226612  0.18738556  0.32653323  0.31535021 -0.04402146]
 [-0.1838837  -0.13188733  0.06242699  0.24509146  0.29381619]
 [ 0.18864272  0.06466388 -0.24082303 -0.16562102  0.07953139]
 [ 0.14572449 -0.0424371   0.22639526 -0.07113818 -0.14217319]
 [-0.12676601 -0.11257305 -0.25638974 -0.04747618 -0.10794233]]
Matrix Pair 3; W = [[ 0.28598801  0.03824343  0.06617665 -0.1281284  -0.01781476]
 [-0.18671756 -0.41359668 -0.04472524  0.22181088 -0.17010909]
 [-0.05843954 -0.00359735 -0.12534897  0.08639893 -0.0615087 ]
 [ 0.17448454  0.04361965  0.06392073 -0.00628043 -0.06923604]
 [-0.1861456  -0.10495221 -0.21890194 -0.09579274 -0.00414146]]
U = [[ 0.1736446   0.18730166  0.32085227  0.34442376 -0.11139431]
 [-0.18429981 -0.19327347  0.03753874  0.19661939  0.37372306]
 [ 0.21540926  0.12405244 -0.21026647 -0.21181185  0.08753603]
 [ 0.21311483 -0.00601723  0.32046532 -0.11825095 -0.12710171]
 [-0.1095388  -0.06892521 -0.24368151 -0.09301606 -0.1272021 ]]
Matrix Pair 4; W = [[ 0.3210875   0.03670138  0.01373842 -0.10288435 -0.05341942]
 [-0.26053726 -0.40859812 -0.01064173  0.24679976 -0.14448794]
 [-0.09803895 -0.00728588 -0.19080985  0.0810454  -0.09226435]
 [ 0.1851711   0.04069333  0.12450677  0.00622871 -0.07271299]
 [-0.15345761 -0.1058606  -0.26850298 -0.15325732 -0.01607102]]
U = [[ 0.18432229  0.24488203  0.27674654  0.34636054 -0.03008318]
 [-0.22294023 -0.20817285  0.05438141  0.25244314  0.2881426 ]
 [ 0.21376575  0.11814871 -0.19792725 -0.19459368  0.0611878 ]
 [ 0.19906576 -0.01366599  0.2841411  -0.09746089 -0.16985398]
 [-0.08012934 -0.0376676  -0.19054893 -0.04270095 -0.09375103]]
Matrix Pair 5; W = [[ 0.30049294  0.04046451  0.03620499 -0.03874314  0.04060077]
 [-0.26735964 -0.36608654 -0.0367693   0.22748076 -0.1671635 ]
 [-0.14682001 -0.06493787 -0.12252631  0.06748049 -0.04369152]
 [ 0.12035289  0.05282477  0.09561741  0.00181955 -0.11364668]
 [-0.22164482 -0.15741665 -0.24018189 -0.11972458  0.01428225]]
U = [[ 0.25187848  0.1843311   0.32523443  0.30849202 -0.03431115]
 [-0.18100291 -0.15804587  0.06176974  0.22150171  0.32183227]
 [ 0.20154587  0.08158487 -0.23919002 -0.15346091  0.0536336 ]
 [ 0.20796963 -0.05328926  0.28517374 -0.03054468 -0.11729638]
 [-0.06252698 -0.13381314 -0.19135791 -0.12135381 -0.1376349 ]]
Matrix Pair 6; W = [[ 0.33958579  0.069324    0.05920312 -0.08098004 -0.05066749]
 [-0.24269583 -0.41123704 -0.05084798  0.16165388 -0.13787866]
 [-0.06420312 -0.0682894  -0.16819077  0.10031759 -0.06811493]
 [ 0.12239732  0.06074401  0.13012667 -0.02246622 -0.05165833]
 [-0.21314037 -0.08612257 -0.1978591  -0.13072203 -0.02786491]]
U = [[ 0.20407754  0.23996253  0.27557309  0.29539386 -0.06913342]
 [-0.26885909 -0.16612055  0.03609536  0.25385569  0.29091287]
 [ 0.18788209  0.13010556 -0.26689245 -0.16386767  0.09075818]
 [ 0.13175682 -0.02919717  0.30757974 -0.08557062 -0.10602814]
 [-0.09547211 -0.06358744 -0.25941674 -0.128825   -0.05537264]]
Matrix Pair 7; W = [[ 0.3133439   0.0556625   0.04319429 -0.087908    0.00397161]
 [-0.24663933 -0.43621428 -0.06640807  0.24369176 -0.09294418]
 [-0.07077084 -0.07004853 -0.11456181  0.06117672 -0.04605701]
 [ 0.18819239  0.06487287  0.10215607 -0.07376749 -0.13251269]
 [-0.22351672 -0.13191073 -0.2367506  -0.08974556 -0.00306106]]
U = [[ 0.23987163  0.2203573   0.32125638  0.31510954 -0.10890848]
 [-0.20058833 -0.17120064  0.00273601  0.20191215  0.31158795]
 [ 0.14187392  0.12743156 -0.22744031 -0.23779428  0.14327585]
 [ 0.16121531 -0.06780354  0.24726766 -0.07144081 -0.1381658 ]
 [-0.10408951 -0.05679907 -0.18662797 -0.10384692 -0.05643599]]
Matrix Pair 8; W = [[ 3.26071041e-01  3.48321908e-02  7.16281123e-02 -4.21669955e-02
   1.64274303e-02]
 [-2.31870496e-01 -4.03967695e-01 -7.48890531e-02  2.00643890e-01
  -1.78290478e-01]
 [-1.41423547e-01  1.17021573e-02 -1.42220484e-01  3.20091252e-02
  -6.27345510e-02]
 [ 1.35194833e-01  1.30375231e-01  1.25466101e-01 -5.23739614e-05
  -5.06012242e-02]
 [-1.51542886e-01 -8.63222290e-02 -2.37804234e-01 -1.61447778e-01
   5.47931996e-03]]
U = [[ 0.18159236  0.180131    0.26322697  0.3288267  -0.10592825]
 [-0.23513069 -0.15747741  0.06822426  0.27238398  0.32882458]
 [ 0.1698912   0.08670512 -0.2514173  -0.14627601  0.13724243]
 [ 0.21295572 -0.05016812  0.23555542 -0.09622119 -0.09517685]
 [-0.04538959 -0.05982729 -0.21472587 -0.06472224 -0.12566391]]
Matrix Pair 9; W = [[ 0.3484701   0.08016494  0.07511931 -0.03321964 -0.03753746]
 [-0.23979457 -0.36109438 -0.00886393  0.17970426 -0.14634147]
 [-0.13618226 -0.03991531 -0.18935774  0.02860944 -0.06427786]
 [ 0.11801707  0.12796567  0.10000965 -0.05628831 -0.0551446 ]
 [-0.15141951 -0.07663572 -0.20629542 -0.15565154  0.0100097 ]]
U = [[ 0.253204    0.18185979  0.35013286  0.33000875 -0.085277  ]
 [-0.21840771 -0.1499262   0.0786723   0.18057655  0.36172553]
 [ 0.16738441  0.07138673 -0.24594933 -0.2217498   0.14353954]
 [ 0.12186061 -0.01778279  0.28173408 -0.12120448 -0.07936905]
 [-0.12464073 -0.05416121 -0.198384   -0.1042984  -0.09974232]]
Matrix Pair 10; W = [[ 0.29960835  0.01379077  0.09538349 -0.10123966 -0.00799869]
 [-0.23304883 -0.44861101 -0.07705464  0.20407681 -0.10637423]
 [-0.15251112 -0.06181587 -0.18048586  0.08862829 -0.07629068]
 [ 0.19121892  0.11536389  0.12989315 -0.03286456 -0.1118546 ]
 [-0.23316743 -0.13891629 -0.20795879 -0.16670501 -0.04255633]]
U = [[ 0.26711577  0.15896839  0.32073093  0.32553705 -0.03482059]
 [-0.17690034 -0.20179391  0.05380218  0.23681898  0.37189814]
 [ 0.20673903  0.12056623 -0.22736319 -0.16728806  0.08048139]
 [ 0.14355756 -0.04977692  0.29341542 -0.05566855 -0.07203538]
 [-0.073509   -0.05144999 -0.25930369 -0.05689857 -0.10757363]]
Matrix Pair 11; W = [[ 0.29533948 -0.01647644  0.08276499 -0.12856063  0.00943259]
 [-0.19833952 -0.45447343 -0.08275095  0.18941485 -0.14576143]
 [-0.10988518 -0.04542445 -0.13080981  0.05391903 -0.12132208]
 [ 0.19607999  0.09759856  0.15242402 -0.04154251 -0.05345035]
 [-0.15775601 -0.08292137 -0.25801487 -0.07076816 -0.03637621]]
U = [[ 0.22613163  0.21004898  0.35221136  0.34172099 -0.09523333]
 [-0.1936342  -0.1447891   0.00353847  0.19195349  0.30265181]
 [ 0.21105678  0.08993494 -0.19044443 -0.15098571  0.07532924]
 [ 0.11552947 -0.06073166  0.27002736 -0.10503224 -0.07824003]
 [-0.10706211 -0.04734045 -0.25731015 -0.06580954 -0.12195786]]
Matrix Pair 12; W = [[ 0.33834921  0.07844328  0.10185227 -0.10898059  0.03158729]
 [-0.25911284 -0.4241073  -0.01861842  0.1571622  -0.17902471]
 [-0.10326786 -0.01976993 -0.18770679  0.07508404 -0.09552195]
 [ 0.15796567  0.08798086  0.14867762  0.003211   -0.10840131]
 [-0.20994123 -0.08266182 -0.19920088 -0.08365869 -0.00083439]]
U = [[ 0.24039779  0.17781672  0.31924243  0.32892401 -0.02459997]
 [-0.2544418  -0.15849507 -0.00932819  0.18147186  0.29785629]
 [ 0.19703494  0.1182987  -0.26873556 -0.16393507  0.06141911]
 [ 0.19506783 -0.02543888  0.26603582 -0.08343104 -0.12344077]
 [-0.0893976  -0.10071457 -0.21616227 -0.13423641 -0.04573147]]
Matrix Pair 13; W = [[ 0.32678871 -0.00603001  0.03492149 -0.05954869 -0.00210576]
 [-0.26356341 -0.3880978  -0.0712987   0.2106974  -0.10442974]
 [-0.12532819 -0.0081234  -0.19088503  0.097526   -0.11472012]
 [ 0.11997685  0.11060963  0.08168697 -0.02096447 -0.09138224]
 [-0.21096476 -0.14230709 -0.20736738 -0.1663266  -0.01689619]]
U = [[ 0.19043664  0.17049625  0.2809821   0.34010664 -0.1079286 ]
 [-0.20407996 -0.19916701  0.06642793  0.25377429  0.35021461]
 [ 0.17841578  0.12322891 -0.24247093 -0.20129403  0.09678183]
 [ 0.20170276 -0.08087861  0.24395125 -0.04769376 -0.10439362]
 [-0.12757615 -0.114288   -0.23806148 -0.10585655 -0.08428326]]
Matrix Pair 14; W = [[ 0.27667524  0.0606964   0.07526349 -0.11666589 -0.02724936]
 [-0.17835974 -0.41116491 -0.00104245  0.18284483 -0.12678567]
 [-0.14931223 -0.05807186 -0.17825998  0.09009282 -0.11870759]
 [ 0.1569823   0.10821895  0.1264234  -0.0193933  -0.04566599]
 [-0.2334416  -0.11252151 -0.26974065 -0.13099248 -0.04153074]]
U = [[ 0.27047988  0.19654207  0.27100585  0.37543396 -0.08008374]
 [-0.272198   -0.13220714  0.08489168  0.26034064  0.34971257]
 [ 0.19163725  0.0923139  -0.20830141 -0.14136054  0.11422678]
 [ 0.13551675 -0.08077062  0.25607578 -0.11629193 -0.09939784]
 [-0.06314276 -0.13572183 -0.22982061 -0.0706678  -0.07161245]]
Matrix Pair 15; W = [[ 0.29575671  0.05881433  0.06934558 -0.12294537 -0.04119291]
 [-0.24198856 -0.43111976 -0.00777256  0.17712638 -0.11355623]
 [-0.05433947 -0.06183702 -0.137064    0.09467554 -0.07640014]
 [ 0.12696085  0.06151978  0.10646948 -0.09166412 -0.12189933]
 [-0.19201126 -0.15986275 -0.2095709  -0.10491502 -0.0303212 ]]
U = [[ 0.25087837  0.20207348  0.29409754  0.37517332 -0.03150516]
 [-0.2447114  -0.15363723 -0.00872104  0.22002357  0.32509257]
 [ 0.16685315  0.03581063 -0.24411587 -0.21965269  0.07502033]
 [ 0.19379993 -0.0870468   0.23057176 -0.05183552 -0.14986307]
 [-0.04043701 -0.04911261 -0.18705059 -0.05661158 -0.13642953]]
Matrix Pair 16; W = [[ 0.26453847  0.04119338  0.08747517 -0.13211881 -0.09332962]
 [-0.16991779 -0.41244172 -0.12023539  0.22334248 -0.16947727]
 [-0.02295356 -0.01273157 -0.12146593  0.07546697 -0.10285916]
 [ 0.10912696  0.09565684  0.03851295 -0.040679   -0.08176488]
 [-0.20183962 -0.10642864 -0.30784795 -0.15921648 -0.05777854]]
U = [[ 0.17728916  0.22822508  0.26729404  0.30884258 -0.06434311]
 [-0.21672391 -0.20770235  0.01940247  0.11955966  0.3185191 ]
 [ 0.18385251 -0.00797691 -0.18154863 -0.13265944  0.08309794]
 [ 0.21993352 -0.09387756  0.24360786 -0.19058979 -0.14172806]
 [-0.12238398 -0.09215002 -0.2907322  -0.01233885  0.03873988]]
Matrix Pair 17; W = [[ 0.28106388 -0.03245858  0.09618273 -0.08698223 -0.05790089]
 [-0.17590768 -0.44457504 -0.10853998  0.29172552 -0.089735  ]
 [-0.07423759 -0.01221209 -0.07036193  0.14970858 -0.13851226]
 [ 0.0618406   0.042734    0.03166837 -0.01944073 -0.00613402]
 [-0.19315601 -0.05074386 -0.30342316 -0.17747834 -0.05496955]]
U = [[ 0.17237049  0.21511054  0.24097932  0.2855164  -0.00299338]
 [-0.1718942  -0.20393386  0.01624465  0.13489643  0.24726721]
 [ 0.21476614 -0.01681527 -0.23234551 -0.11209678  0.08883171]
 [ 0.21604849 -0.06309694  0.23486097 -0.10696587 -0.14560858]
 [-0.11592464 -0.0807998  -0.23964492 -0.10166827 -0.04135236]]
Matrix Pair 18; W = [[ 0.28518479  0.02236779  0.11724242 -0.14263887 -0.10495657]
 [-0.17023955 -0.44742227 -0.10012402  0.26881669 -0.15137282]
 [-0.06590898 -0.06049644 -0.07874253  0.11873693 -0.12241298]
 [ 0.08732811  0.13582142  0.06534345  0.00945175 -0.01527027]
 [-0.22814069 -0.07389095 -0.25879867 -0.23804984 -0.01949977]]
U = [[ 0.19937908  0.20843971  0.3038636   0.28350859 -0.00186141]
 [-0.20349644 -0.15266765 -0.032511    0.15851701  0.30416613]
 [ 0.24257758  0.04252937 -0.15041139 -0.14312078  0.15919207]
 [ 0.21240241 -0.02869389  0.24999697 -0.18791606 -0.15350581]
 [-0.14543131 -0.15023981 -0.26349048 -0.07416416  0.0402086 ]]
Matrix Pair 19; W = [[ 2.49472113e-01 -3.60081345e-02  1.37682796e-01 -1.43394186e-01
  -9.17797519e-02]
 [-1.81620366e-01 -4.66839908e-01 -1.50018411e-01  3.07759703e-01
  -1.13014673e-01]
 [-5.32365894e-02 -6.79137388e-02 -1.24428752e-01  8.23336494e-02
  -1.07737870e-01]
 [ 1.50633772e-01  5.26424905e-02  9.06095268e-02 -3.89908842e-02
  -3.33183274e-04]
 [-2.35972338e-01 -3.22721351e-02 -2.92645339e-01 -1.80502488e-01
  -8.42964030e-02]]
U = [[ 0.24180303  0.16839163  0.24228595  0.28642752 -0.03219836]
 [-0.17795237 -0.18015535  0.00406182  0.10349188  0.27017599]
 [ 0.21753319  0.00040815 -0.17216364 -0.06798523  0.14251214]
 [ 0.18799251 -0.04193893  0.23726804 -0.11453122 -0.15551487]
 [-0.0862988  -0.14479997 -0.21926582 -0.01970519 -0.00714552]]
Matrix Pair 20; W = [[ 0.20843552  0.04794041  0.10624319 -0.13723327 -0.0726763 ]
 [-0.21411243 -0.42390774 -0.12901784  0.25408416 -0.15438234]
 [-0.08156886 -0.05076415 -0.07597451  0.07655188 -0.04787164]
 [ 0.11052525  0.11891855  0.06623273 -0.05418724 -0.0438477 ]
 [-0.21582084 -0.08633319 -0.30649053 -0.25066362  0.00192649]]
U = [[ 0.17132899  0.20278833  0.28631862  0.27665959 -0.00785078]
 [-0.21161528 -0.14961923 -0.06152677  0.10091874  0.32475473]
 [ 0.18129143  0.05369443 -0.16326573 -0.14986409  0.13500917]
 [ 0.22308517 -0.04787911  0.31599839 -0.16822658 -0.08696533]
 [-0.12713462 -0.09378576 -0.29284202 -0.08246856  0.04032198]]
Matrix Pair 21; W = [[ 0.25422265 -0.01961222  0.13525484 -0.12407725 -0.06485285]
 [-0.143977   -0.47705598 -0.08734092  0.23766636 -0.09865095]
 [-0.00729477 -0.07040599 -0.11249052  0.16673994 -0.04775018]
 [ 0.10283179  0.13074396  0.0907351   0.010952   -0.05111491]
 [-0.183908   -0.09029506 -0.25462222 -0.22879561 -0.00843914]]
U = [[ 0.17530068  0.2351904   0.30253782  0.31273444 -0.02197044]
 [-0.23754085 -0.18044549 -0.00289325  0.16070561  0.24532645]
 [ 0.20485112 -0.00367874 -0.1990168  -0.12511589  0.14429078]
 [ 0.17831406 -0.05836742  0.25337769 -0.13321192 -0.10340722]
 [-0.13348958 -0.09761837 -0.24288475 -0.07846516 -0.02198643]]
Matrix Pair 22; W = [[ 0.22351349 -0.00235973  0.09666701 -0.10046665 -0.02405274]
 [-0.1729844  -0.47098497 -0.12640012  0.24391432 -0.13093272]
 [-0.07464027 -0.05659488 -0.12356385  0.07869798 -0.04928339]
 [ 0.1072237   0.0714872   0.06886533  0.01599486 -0.03071201]
 [-0.22923518 -0.11608883 -0.31998641 -0.21234799 -0.05176788]]
U = [[ 0.18722429  0.1952638   0.30714897  0.27483876 -0.01144837]
 [-0.20286855 -0.19111815 -0.03208276  0.13440753  0.31560793]
 [ 0.18189488  0.05986971 -0.21482512 -0.08883245  0.11630889]
 [ 0.2412908  -0.07958704  0.25075661 -0.10575598 -0.06618215]
 [-0.08451186 -0.11372834 -0.22908438 -0.07353506 -0.00799642]]
Matrix Pair 23; W = [[ 0.2224057  -0.04288694  0.10453934 -0.08832804 -0.11713072]
 [-0.19231377 -0.46167113 -0.14042114  0.2371047  -0.18656914]
 [-0.03688245 -0.0329172  -0.13947768  0.08623027 -0.13349218]
 [ 0.12924234  0.08422831  0.033141   -0.04491442 -0.07100853]
 [-0.23753273 -0.04216786 -0.24929199 -0.17466202 -0.07206641]]
U = [[ 0.25904535  0.17043169  0.318867    0.24878274 -0.03556952]
 [-0.20681987 -0.17109548 -0.06442194  0.10083677  0.30423399]
 [ 0.18716794 -0.02118699 -0.1566821  -0.09900864  0.1285749 ]
 [ 0.21774617 -0.08083227  0.26279739 -0.20019209 -0.10875383]
 [-0.0822272  -0.1336768  -0.28331126 -0.05838276 -0.01321692]]
Matrix Pair 24; W = [[ 0.25040266  0.04753837  0.08729683 -0.09404108 -0.0814956 ]
 [-0.13462406 -0.47967631 -0.12397846  0.2786627  -0.16824506]
 [-0.07528034 -0.02526881 -0.15159513  0.16442207 -0.07307906]
 [ 0.13127871  0.0660218   0.09249385 -0.04379481 -0.0825468 ]
 [-0.21273417 -0.09454503 -0.27833293 -0.15531626 -0.08332314]]
U = [[ 0.21730031  0.16001852  0.31738207  0.33814413  0.00214023]
 [-0.18114697 -0.14658214 -0.0518839   0.09983234  0.2592742 ]
 [ 0.23920229  0.05791501 -0.14850865 -0.15127534  0.12120983]
 [ 0.21375418 -0.04388297  0.31259386 -0.19116567 -0.07541127]
 [-0.13592375 -0.1304549  -0.20601939 -0.07150518 -0.02801029]]
Matrix Pair 25; W = [[ 0.29838335  0.02382837  0.12189212 -0.1591319  -0.07988227]
 [-0.2005219  -0.4499391  -0.11128145  0.30657243 -0.11331153]
 [-0.06746463 -0.10673539 -0.12941838  0.09360906 -0.04789437]
 [ 0.06554852  0.13144286  0.06242825  0.01486958 -0.05376198]
 [-0.16026795 -0.10406356 -0.24006866 -0.19647249 -0.05208233]]
U = [[ 0.21839178  0.20569542  0.33582383  0.24402643 -0.03413506]
 [-0.226555   -0.19196833 -0.0265836   0.14914809  0.3198418 ]
 [ 0.20981309  0.05043155 -0.2228648  -0.10682752  0.07479089]
 [ 0.19052013 -0.03552966  0.25697482 -0.1586039  -0.08394329]
 [-0.12938684 -0.16353772 -0.24522447 -0.02702634  0.00184755]]
Matrix Pair 26; W = [[ 0.27394234  0.04327617  0.11799214 -0.08579964 -0.04358706]
 [-0.1860421  -0.45885864 -0.08775856  0.25062824 -0.10046938]
 [-0.02269022 -0.01038281 -0.13348726  0.1231727  -0.08981566]
 [ 0.08857108  0.04659943  0.04539529 -0.02746906 -0.07046618]
 [-0.22554091 -0.02589731 -0.25141307 -0.24011743 -0.02952426]]
U = [[ 0.22932092  0.21924649  0.33177474  0.33821313 -0.01085202]
 [-0.2051634  -0.12104009 -0.02834234  0.11204056  0.29322239]
 [ 0.2423003  -0.02016875 -0.23327067 -0.12217462  0.11397405]
 [ 0.26097183 -0.0667758   0.31784923 -0.14507755 -0.09783324]
 [-0.10283467 -0.09764107 -0.26462653 -0.07709603  0.03342487]]
Matrix Pair 27; W = [[ 0.20477612 -0.00727206  0.10129625 -0.07297893 -0.05544547]
 [-0.21623568 -0.4215501  -0.05745989  0.22814873 -0.15080021]
 [-0.05753733 -0.10702648 -0.09711068  0.11748204 -0.07045653]
 [ 0.12934876  0.11214338  0.02220355 -0.03678718 -0.08235326]
 [-0.15716374 -0.1181636  -0.26945071 -0.24397122 -0.04161175]]
U = [[ 0.24007171  0.19897009  0.32356774  0.32797935 -0.04234204]
 [-0.21812242 -0.14094986 -0.06377496  0.12679423  0.27736041]
 [ 0.16971055  0.00676973 -0.15077436 -0.14400151  0.15834013]
 [ 0.20762548 -0.10851972  0.2450768  -0.15067653 -0.09561156]
 [-0.15462183 -0.16474924 -0.25493926 -0.03172728  0.03298814]]
Matrix Pair 28; W = [[ 0.21450002 -0.01296499  0.09581998 -0.12174918 -0.06805512]
 [-0.16796229 -0.4358432  -0.14327996  0.29563651 -0.09675457]
 [-0.04827555 -0.00933059 -0.13328592  0.09423163 -0.10224215]
 [ 0.12610151  0.06745404  0.0638506  -0.02468853 -0.07643062]
 [-0.21057677 -0.07917937 -0.27658348 -0.23415542 -0.09209333]]
U = [[ 0.21444021  0.1757366   0.29326781  0.30355484 -0.03150762]
 [-0.15774659 -0.16153549  0.02910645  0.16452474  0.24453017]
 [ 0.15594377 -0.02491145 -0.18600281 -0.15043809  0.17020228]
 [ 0.21781128 -0.08229877  0.25763651 -0.12929302 -0.15351477]
 [-0.14281575 -0.15256817 -0.24104768 -0.01915075  0.00830779]]
Matrix Pair 29; W = [[ 0.24550977 -0.01835538  0.11968962 -0.08506851 -0.0951447 ]
 [-0.16064516 -0.42633951 -0.13016654  0.23099798 -0.13452646]
 [-0.0802131  -0.10469564 -0.15517365  0.09135063 -0.06135438]
 [ 0.10399102  0.08312585  0.07406928  0.03044222 -0.08170372]
 [-0.20660891 -0.10719082 -0.2666691  -0.24424054 -0.0124414 ]]
U = [[ 0.25716256  0.15676465  0.25600966  0.33851821 -0.08680004]
 [-0.19550903 -0.20538303  0.03160656  0.09063785  0.29109209]
 [ 0.18167098 -0.01876767 -0.21184232 -0.12743632  0.14865366]
 [ 0.24173168 -0.09125911  0.30122319 -0.10471263 -0.08853535]
 [-0.09463315 -0.07546071 -0.27631723 -0.05655278 -0.00717695]]
Matrix Pair 30; W = [[ 0.23267697 -0.01987418  0.10683017 -0.12964439 -0.06277856]
 [-0.20443049 -0.49056961 -0.06510735  0.28036963 -0.10199713]
 [-0.07872855 -0.05238291 -0.14795784  0.08006577 -0.05491981]
 [ 0.07446823  0.05960312  0.04125459 -0.01311304 -0.06680048]
 [-0.24058007 -0.09822774 -0.32190568 -0.22915089 -0.02450768]]
U = [[ 0.23918174  0.17628638  0.33543361  0.28075288 -0.01898798]
 [-0.19983503 -0.17443879  0.02699801  0.12736615  0.25358048]
 [ 0.24446244  0.05348912 -0.2028086  -0.13096287  0.14743171]
 [ 0.20302424 -0.08206031  0.23522828 -0.18199525 -0.15318055]
 [-0.12026366 -0.11257924 -0.22233824 -0.06649746 -0.02709858]]
Matrix Pair 31; W = [[ 0.24524838 -0.04503782  0.12174282 -0.12607327 -0.08381942]
 [-0.20126457 -0.46177405 -0.1354515   0.2734245  -0.16865075]
 [-0.06176525 -0.05100895 -0.06730311  0.08634087 -0.12541193]
 [ 0.14209715  0.05653878  0.08652303 -0.00501551 -0.00976635]
 [-0.20970601 -0.07613288 -0.25112423 -0.17645432 -0.04219968]]
U = [[ 0.18789011  0.21895479  0.25067801  0.24359368 -0.01236473]
 [-0.16308384 -0.16725034  0.02936164  0.16515352  0.3178773 ]
 [ 0.15803941  0.0016743  -0.18172092 -0.16037567  0.07525546]
 [ 0.22426111 -0.0642389   0.28119247 -0.13574006 -0.14116691]
 [-0.08499309 -0.09413416 -0.24196928 -0.0455632  -0.01084967]]
Matrix Pair 32; W = [[ 0.26514701 -0.03491127  0.0682458  -0.07978709 -0.04389357]
 [-0.19249424 -0.43948874 -0.12615714  0.25516135 -0.15312078]
 [-0.13399745 -0.05338437 -0.18727455  0.05831815 -0.03297545]
 [ 0.10273599  0.0879489   0.10481816  0.00672389  0.01914646]
 [-0.08990263 -0.03214036 -0.24775124 -0.16215468 -0.05102682]]
U = [[ 0.14731069  0.18451474  0.27325463  0.31764505 -0.02493131]
 [-0.23667178 -0.15821751  0.0308216   0.21918654  0.33717621]
 [ 0.11621853 -0.06206944 -0.1521355  -0.19477266  0.13070458]
 [ 0.16863098 -0.03008464  0.26609478 -0.1042028  -0.13614989]
 [-0.12930808 -0.04366983 -0.19742341 -0.02282917 -0.0768369 ]]
Matrix Pair 33; W = [[ 0.28879639 -0.04737534  0.05997329 -0.12709428 -0.03611457]
 [-0.22283666 -0.45722963 -0.07737966  0.18396115 -0.13158131]
 [-0.0564898   0.02245558 -0.10582879  0.0426519  -0.07807315]
 [ 0.08962131  0.07045487  0.09132598 -0.04015863 -0.058149  ]
 [-0.16335176 -0.09069565 -0.27398776 -0.12560338 -0.037362  ]]
U = [[ 0.14465829  0.1626194   0.31119244  0.39810859 -0.05535508]
 [-0.18313398 -0.23310701  0.05748646  0.16523373  0.32495291]
 [ 0.13369565  0.01177148 -0.24225836 -0.1925966   0.13566423]
 [ 0.19627898 -0.02212742  0.21889436 -0.11979153 -0.13606328]
 [-0.10900439 -0.09047615 -0.19207762 -0.03902546 -0.05864429]]
Matrix Pair 34; W = [[ 0.32323534 -0.01141192  0.05804513 -0.13251482 -0.09650303]
 [-0.19753234 -0.42543491 -0.10728865  0.21650828 -0.09031791]
 [-0.0405988  -0.06185899 -0.11599181  0.05050268 -0.09107599]
 [ 0.11261838  0.07906227  0.06682072 -0.01583791 -0.06506661]
 [-0.08668464 -0.08076343 -0.22874055 -0.11085049 -0.0026241 ]]
U = [[ 0.15665659  0.11593893  0.2714245   0.39730941 -0.04283784]
 [-0.23596909 -0.22007534  0.00078772  0.16652723  0.25986113]
 [ 0.09871146  0.02342092 -0.2048009  -0.21916714  0.19794196]
 [ 0.18340952 -0.05309038  0.25026758 -0.10443241 -0.16714039]
 [-0.12093552 -0.02825825 -0.27067036 -0.0464749  -0.08751613]]
Matrix Pair 35; W = [[ 0.29124383 -0.02790403  0.05528128 -0.15671469 -0.02311273]
 [-0.22486514 -0.35846464 -0.06497939  0.17414746 -0.1348914 ]
 [-0.07313846 -0.00837453 -0.101741    0.03456243 -0.04549715]
 [ 0.15721278  0.13371726  0.04286582 -0.04689234 -0.06544019]
 [-0.09076999 -0.0604576  -0.23627693 -0.11838408  0.02060507]]
U = [[ 0.1405936   0.13118776  0.29709043  0.37141465 -0.04396671]
 [-0.21693496 -0.17378918  0.06897     0.17658229  0.26334471]
 [ 0.13053199 -0.00812529 -0.1852734  -0.16149577  0.16825433]
 [ 0.12483445 -0.02294799  0.25738887 -0.04908664 -0.16622226]
 [-0.10689159 -0.08372071 -0.22668477 -0.04442675 -0.07315746]]
Matrix Pair 36; W = [[ 0.31565381  0.01800503  0.08237449 -0.0823515  -0.06868639]
 [-0.20563104 -0.37726184 -0.05801605  0.23793106 -0.12299946]
 [-0.056879   -0.0164992  -0.16418768  0.07687305 -0.04383454]
 [ 0.13393818  0.05820596  0.06308489  0.0020045  -0.05200154]
 [-0.10850931 -0.0618038  -0.30661303 -0.19266645  0.03700768]]
U = [[ 0.16291846  0.17752288  0.29685929  0.32697296 -0.03060069]
 [-0.18249555 -0.21982196 -0.02789732  0.21252068  0.25914661]
 [ 0.15706508  0.01227191 -0.1836037  -0.23313072  0.10896433]
 [ 0.12693326 -0.06920415  0.30785553 -0.13260462 -0.20111984]
 [-0.03840615 -0.01798192 -0.25892404 -0.02963512 -0.07478897]]
Matrix Pair 37; W = [[ 0.34989548 -0.04662596  0.11612527 -0.07115724 -0.04825937]
 [-0.19913881 -0.43217805 -0.05174216  0.23207667 -0.16095549]
 [-0.09532372  0.01820166 -0.18787811  0.08589481 -0.08262513]
 [ 0.11517671  0.06873435  0.10163705 -0.02549705  0.02282978]
 [-0.10352331 -0.11769205 -0.32265556 -0.14893903 -0.0372906 ]]
U = [[ 0.15032456  0.18912759  0.31546196  0.36141315 -0.04948419]
 [-0.22087163 -0.23198236  0.04917643  0.19268225  0.27971103]
 [ 0.14339367 -0.05290757 -0.19448432 -0.23157495  0.12290676]
 [ 0.21738524  0.01441511  0.24308117 -0.09566702 -0.17196557]
 [-0.05875922 -0.01438906 -0.24130573 -0.03912346 -0.02836611]]
Matrix Pair 38; W = [[ 0.30877499 -0.03237626  0.09620157 -0.12140673 -0.07662885]
 [-0.1928872  -0.39404993 -0.13293171  0.18137773 -0.0927733 ]
 [-0.06188928  0.00293775 -0.11179942  0.07192238 -0.07501936]
 [ 0.16045081  0.11331495  0.03098975 -0.03968095 -0.05551118]
 [-0.16258593 -0.05992361 -0.30851583 -0.19332649  0.02067871]]
U = [[ 0.11174915  0.1797205   0.30837064  0.38626689 -0.11314132]
 [-0.25511426 -0.18315425  0.06011103  0.16096516  0.30772019]
 [ 0.17193156  0.01570305 -0.17705803 -0.14808571  0.10680842]
 [ 0.13107524 -0.0034195   0.26752031 -0.08347422 -0.17613782]
 [-0.10639965 -0.07208005 -0.22759874 -0.10132849 -0.02735179]]
Matrix Pair 39; W = [[ 0.33392313 -0.00745443  0.10870422 -0.16760247 -0.01437204]
 [-0.21051909 -0.37741944 -0.07252121  0.20487157 -0.14140766]
 [-0.11997233 -0.02269043 -0.15957444  0.08283135 -0.07827252]
 [ 0.15285915  0.13482539  0.07819458 -0.04795518  0.01057187]
 [-0.16707746 -0.10288255 -0.3099443  -0.18741802  0.04122096]]
U = [[ 0.11656574  0.20340462  0.28725262  0.3452869  -0.059169  ]
 [-0.26384763 -0.15573945  0.02884973  0.20111551  0.32939911]
 [ 0.16626126 -0.0697093  -0.19556371 -0.22064329  0.11208898]
 [ 0.1358132   0.00479564  0.29169545 -0.07418068 -0.12488286]
 [-0.09073344 -0.02077036 -0.1950778  -0.0480627  -0.03739866]]
Matrix Pair 40; W = [[ 0.33408811  0.02424174  0.09174347 -0.11925783 -0.10116555]
 [-0.17135595 -0.39597442 -0.10848455  0.20739184 -0.15452172]
 [-0.08381942  0.00830166 -0.1201979   0.04046461 -0.01199585]
 [ 0.14476897  0.05970422  0.01543519 -0.00899793 -0.06814392]
 [-0.12033478 -0.05832845 -0.25675582 -0.16456673 -0.0109604 ]]
U = [[ 0.18268791  0.19537352  0.23716656  0.36708869 -0.03534297]
 [-0.168786   -0.16502195 -0.0020946   0.22224892  0.31478997]
 [ 0.18803135 -0.02309899 -0.23845359 -0.13698327  0.19400591]
 [ 0.1528142   0.01576276  0.25818251 -0.09793874 -0.20890601]
 [-0.08677729 -0.05798877 -0.20752279 -0.09634591 -0.02523282]]
Matrix Pair 41; W = [[ 0.34965153 -0.00917874  0.04977076 -0.12365865 -0.08147075]
 [-0.18677198 -0.3863037  -0.06280255  0.18011171 -0.16499164]
 [-0.11023143  0.01052705 -0.18828764  0.09227685 -0.07622757]
 [ 0.11298123  0.07137755  0.07269153  0.01209363 -0.01050158]
 [-0.17554628 -0.11680683 -0.25048205 -0.1881301  -0.0050062 ]]
U = [[ 0.16504973  0.16085696  0.26036219  0.31649889 -0.11307067]
 [-0.21647084 -0.21637812  0.00416791  0.22741982  0.35077283]
 [ 0.0973841   0.01431081 -0.17153274 -0.18203295  0.15879646]
 [ 0.14704711 -0.02785452  0.26513196 -0.0536962  -0.14870542]
 [-0.09411078 -0.07286461 -0.19393252 -0.07765044 -0.07814884]]
Matrix Pair 42; W = [[ 0.27938094 -0.06504541  0.09668983 -0.11456652 -0.04974579]
 [-0.21229398 -0.40982152 -0.11719464  0.25310428 -0.11720956]
 [-0.08633265 -0.03707201 -0.15342074  0.04052731 -0.06536221]
 [ 0.09625688  0.12275723  0.00881908 -0.03157221  0.02341548]
 [-0.12005566 -0.08828799 -0.2956046  -0.1136862   0.02400208]]
U = [[ 0.10401808  0.10833745  0.31198899  0.31477238 -0.11325773]
 [-0.26002607 -0.19533386  0.03075383  0.19961153  0.30256476]
 [ 0.16781143 -0.02134131 -0.20236605 -0.14492792  0.18962136]
 [ 0.13117833 -0.02633862  0.28132855 -0.07729664 -0.17544479]
 [-0.12860302 -0.0316826  -0.25950672 -0.08823169 -0.01467396]]
Matrix Pair 43; W = [[ 0.35668156  0.01125091  0.03230566 -0.08972253 -0.04861009]
 [-0.20032472 -0.42580312 -0.08910693  0.23501469 -0.15333825]
 [-0.07089743 -0.0349527  -0.17910967  0.06026395 -0.09199118]
 [ 0.12718433  0.09971311  0.02830461 -0.04628706 -0.06959676]
 [-0.10087582 -0.12644471 -0.28818005 -0.17197791  0.01584865]]
U = [[ 0.09979052  0.16815426  0.28742019  0.3949263  -0.07479141]
 [-0.23274895 -0.23695495 -0.01560489  0.1526899   0.3089284 ]
 [ 0.10387152 -0.03226528 -0.16356422 -0.19790516  0.20303861]
 [ 0.18514557 -0.03363863  0.2665422  -0.07032315 -0.13270588]
 [-0.1180562  -0.06394177 -0.19430023 -0.04506817 -0.08504464]]
Matrix Pair 44; W = [[ 0.30450545 -0.02130634  0.08606402 -0.15801805 -0.06097009]
 [-0.16713405 -0.36366207 -0.0442518   0.24840363 -0.1478108 ]
 [-0.09442165 -0.06194358 -0.15447161  0.05449405 -0.07606583]
 [ 0.11199941  0.04919893  0.06315155 -0.02687401 -0.02817389]
 [-0.10394059 -0.09929068 -0.25252775 -0.15700792  0.00414889]]
U = [[ 0.16655329  0.19488209  0.22046265  0.30693811 -0.05546895]
 [-0.19235269 -0.16124583  0.06410626  0.21055054  0.27803089]
 [ 0.09345867 -0.03379864 -0.17481768 -0.19809723  0.2025935 ]
 [ 0.17368105 -0.06950958  0.27567239 -0.06785144 -0.13624181]
 [-0.11384772 -0.098876   -0.23051334 -0.11537327 -0.00912712]]
Matrix Pair 45; W = [[ 0.28248036 -0.03575277  0.09609637 -0.14057185 -0.0365352 ]
 [-0.22710534 -0.42030872 -0.12697081  0.20030714 -0.15289718]
 [-0.04302918  0.00713551 -0.16149401  0.0281747  -0.01686129]
 [ 0.1146304   0.09818558  0.05036177 -0.03536752 -0.00236314]
 [-0.15568311 -0.04899444 -0.30218831 -0.17595835 -0.02959572]]
U = [[ 0.12175534  0.17240552  0.23950147  0.34141628 -0.04673911]
 [-0.19746834 -0.22027163  0.06689656  0.21314713  0.28733137]
 [ 0.13790946 -0.02280858 -0.20684701 -0.1375516   0.18791716]
 [ 0.18888898 -0.00410765  0.25722342 -0.06765768 -0.16877588]
 [-0.03339512 -0.05001008 -0.23138201 -0.03393878 -0.00913691]]
Matrix Pair 46; W = [[ 0.27915921 -0.01791797  0.08695674 -0.14065858 -0.02183399]
 [-0.21006334 -0.43363559 -0.06041797  0.1654474  -0.08599071]
 [-0.04638779  0.00612112 -0.12116745  0.02614045 -0.1008881 ]
 [ 0.12476208  0.08407852  0.05307485  0.01804944 -0.03655137]
 [-0.13712533 -0.05006657 -0.24614174 -0.182743   -0.02167215]]
U = [[ 0.14308631  0.13367894  0.24466594  0.36660928 -0.0304243 ]
 [-0.22782275 -0.20458089  0.06217921  0.1964074   0.28038921]
 [ 0.14529962 -0.06952138 -0.22510776 -0.18613885  0.14954803]
 [ 0.14153272 -0.04176304  0.29846978 -0.05799571 -0.13757594]
 [-0.11039177 -0.07556785 -0.24681187 -0.05224502 -0.03747818]]
Matrix Pair 47; W = [[ 0.26122752 -0.00500678  0.0475166  -0.10255682 -0.07948242]
 [-0.23673759 -0.4450382  -0.08834651  0.20976832 -0.1253697 ]
 [-0.06192344  0.02267494 -0.1627277   0.09029717 -0.05846516]
 [ 0.11881756  0.04710529  0.10323054 -0.04934671  0.02051567]
 [-0.17122733 -0.08226418 -0.26149634 -0.16167954 -0.04562835]]
U = [[ 0.18150832  0.11141194  0.31355877  0.40131778 -0.09861237]
 [-0.25942311 -0.22522843  0.04098992  0.18486146  0.3142302 ]
 [ 0.10645389  0.02432475 -0.21850444 -0.20755448  0.11389704]
 [ 0.12439352  0.01653857  0.28953503 -0.10399101 -0.17390826]
 [-0.08474177 -0.10677601 -0.28699103 -0.02308145 -0.0726707 ]]
Matrix Pair 48; W = [[ 0.27370309  0.02651289  0.08004391 -0.10002882 -0.05505611]
 [-0.15964858 -0.40373921 -0.08921351  0.23864802 -0.07741961]
 [-0.08902309 -0.0278489  -0.16780289  0.03730392 -0.03068416]
 [ 0.14267663  0.03618762  0.08422147 -0.03791486 -0.06092913]
 [-0.19589684 -0.14079031 -0.26493499 -0.11197349 -0.01829695]]
U = [[ 0.1806377   0.16366837  0.27584093  0.28572276 -0.02257576]
 [-0.23626968 -0.12940562  0.08773906  0.19334878  0.31202196]
 [ 0.12526977  0.09740815 -0.19742958 -0.11782597  0.19275705]
 [ 0.15349992 -0.00410418  0.29468468 -0.05924325 -0.13946654]
 [-0.10841369 -0.14854732 -0.24307115 -0.04092999  0.01892395]]
Matrix Pair 49; W = [[ 0.25238524 -0.03837194  0.07300805 -0.12504059 -0.00233962]
 [-0.18222444 -0.35975242 -0.07445704  0.25709788 -0.08409531]
 [-0.0828326  -0.03405402 -0.23485397  0.06921093 -0.00375695]
 [ 0.07468049  0.03424868  0.09281075 -0.05181947  0.02317953]
 [-0.18581264 -0.14773201 -0.25982404 -0.17435528 -0.08051878]]
U = [[ 0.16139097  0.12600847  0.32607507  0.30651692 -0.07645905]
 [-0.26375772 -0.1587354   0.05939667  0.15630761  0.24846216]
 [ 0.15724347  0.07760495 -0.23985646 -0.13014277  0.1868344 ]
 [ 0.20154279 -0.00981668  0.25925645 -0.07521719 -0.1236824 ]
 [-0.09888808 -0.15138726 -0.25996248 -0.06948303 -0.04812754]]
Matrix Pair 50; W = [[ 0.22210086  0.017338    0.12690243 -0.11854954 -0.04233932]
 [-0.19345972 -0.3124653  -0.08085105  0.22187454 -0.16480406]
 [-0.08742933 -0.04162903 -0.17361396  0.09246238 -0.0576973 ]
 [ 0.14835925  0.08235586  0.08227123 -0.03597292  0.02123508]
 [-0.13849308 -0.06438164 -0.32601827 -0.19874962 -0.06401793]]
U = [[ 0.15979132  0.14248831  0.25894425  0.25908718 -0.05825238]
 [-0.27970184 -0.21843081  0.00103317  0.22341709  0.28747343]
 [ 0.14908053  0.03021492 -0.18069186 -0.10458773  0.16938867]
 [ 0.1546848  -0.08174732  0.27988742 -0.12200734 -0.18470444]
 [-0.09219777 -0.12294877 -0.2778023  -0.03367791 -0.05700492]]
Matrix Pair 51; W = [[ 3.00190718e-01 -1.28221961e-02  3.98721001e-02 -1.24705463e-01
  -3.09876891e-02]
 [-1.96815868e-01 -3.99432682e-01 -7.69130880e-02  2.13016805e-01
  -1.34410899e-01]
 [-1.21522151e-01 -1.20824979e-02 -1.95654971e-01  1.02095793e-01
  -7.74531467e-02]
 [ 1.43442426e-01  5.64001859e-02  5.17576370e-02 -4.80382388e-03
  -1.89460459e-02]
 [-2.02554371e-01 -6.94273781e-02 -3.25961968e-01 -1.44301136e-01
  -5.61787129e-05]]
U = [[ 0.10823997  0.14744462  0.28619211  0.30612759 -0.05094429]
 [-0.24836921 -0.19871332  0.07647776  0.18626312  0.31709484]
 [ 0.17994408  0.06003263 -0.16961292 -0.11348519  0.15865485]
 [ 0.16682322 -0.08134457  0.26876575 -0.10038174 -0.12424359]
 [-0.13874397 -0.07357409 -0.29150137 -0.07739179 -0.02491594]]
Matrix Pair 52; W = [[ 0.30842104 -0.05998108  0.06475419 -0.12355419 -0.06770649]
 [-0.20632819 -0.35375179 -0.04658203  0.21067149 -0.1292269 ]
 [-0.07560126  0.00903905 -0.18966816  0.04429583 -0.07551759]
 [ 0.10550678  0.12365431  0.10670619 -0.04784551  0.01551713]
 [-0.14377336 -0.09015004 -0.2910524  -0.10680606 -0.0131593 ]]
U = [[ 0.11048987  0.13188921  0.2531534   0.30426503 -0.00692533]
 [-0.21522471 -0.18724626  0.05101339  0.15741143  0.2665698 ]
 [ 0.18536567  0.0803633  -0.19985303 -0.18275757  0.20651111]
 [ 0.1575999  -0.01569036  0.30656516 -0.06450569 -0.14295439]
 [-0.15911222 -0.10100305 -0.25305056 -0.01425771 -0.01378967]]
Matrix Pair 53; W = [[ 0.22190728 -0.02231902  0.05163691 -0.10526224 -0.05664635]
 [-0.19255571 -0.38710082 -0.10093443  0.29233127 -0.08395391]
 [-0.09108478 -0.01654568 -0.19284857  0.03318668 -0.06966238]
 [ 0.14286595  0.07814082  0.07066228 -0.0358384  -0.04715214]
 [-0.12864849 -0.12843731 -0.24170478 -0.1247429  -0.00244702]]
U = [[ 0.16205298  0.17402796  0.32769393  0.32650511 -0.03051207]
 [-0.24541815 -0.20083322  0.00274168  0.20056539  0.28248033]
 [ 0.12202356  0.10382744 -0.17242246 -0.1904008   0.11943297]
 [ 0.20183359 -0.07645403  0.31106736 -0.11800714 -0.15691804]
 [-0.06974455 -0.1297776  -0.29708851 -0.06335373 -0.06367274]]
Matrix Pair 54; W = [[ 2.76293204e-01 -6.06463278e-02  1.18700947e-01 -1.01707682e-01
  -6.07101955e-02]
 [-1.85508814e-01 -3.64149505e-01 -1.03370053e-01  1.98078391e-01
  -1.06227958e-01]
 [-1.27222866e-01 -2.16788359e-02 -2.44981337e-01  7.31789226e-02
  -6.16140444e-02]
 [ 1.15056962e-01  7.67622735e-02  4.28956547e-02  2.41944159e-02
   2.80466668e-04]
 [-1.81980141e-01 -1.49902375e-01 -2.85282493e-01 -1.35874684e-01
   2.68956847e-03]]
U = [[ 0.16134817  0.14462382  0.30550881  0.33322636 -0.08974411]
 [-0.26894054 -0.16579138  0.07200581  0.21763809  0.28866275]
 [ 0.14539404  0.10093399 -0.19145514 -0.10940149  0.12197912]
 [ 0.16771994 -0.01140772  0.23552078 -0.12900633 -0.17151621]
 [-0.15158987 -0.13689994 -0.22218925 -0.01376553 -0.02523503]]
Matrix Pair 55; W = [[ 2.82315621e-01 -1.07231019e-02  7.38556500e-02 -7.68338178e-02
  -5.27395728e-03]
 [-1.78748757e-01 -3.07346220e-01 -1.01960659e-01  2.56657610e-01
  -8.07835798e-02]
 [-9.28136637e-02  1.10165978e-02 -2.14254268e-01  9.70671281e-02
   6.90643362e-06]
 [ 1.13904034e-01  4.83248712e-02  5.01367065e-02 -6.57327950e-02
  -2.26635843e-02]
 [-1.76675217e-01 -9.34669842e-02 -3.07056255e-01 -1.74311842e-01
  -7.24357481e-03]]
U = [[ 0.14259263  0.13877497  0.34179528  0.25082529 -0.06183128]
 [-0.27471304 -0.2007246   0.02560445  0.2187319   0.27685761]
 [ 0.13027287  0.11452311 -0.22475479 -0.13445538  0.17905745]
 [ 0.18580438 -0.00277165  0.30304197 -0.14154672 -0.19108889]
 [-0.1007802  -0.1020327  -0.21979609 -0.07657488 -0.04940933]]
Matrix Pair 56; W = [[ 0.23534935 -0.0410423   0.11968861 -0.09434047 -0.06744352]
 [-0.21010674 -0.38584174 -0.10983537  0.22709162 -0.06799283]
 [-0.06447346  0.01199209 -0.16625678  0.03097391 -0.05753836]
 [ 0.15128855  0.0834419   0.09812896 -0.02450291 -0.03772784]
 [-0.22396642 -0.11912729 -0.23820956 -0.1471485  -0.08068356]]
U = [[ 0.10801544  0.1701699   0.27812651  0.27229014 -0.04578839]
 [-0.27535135 -0.13136336  0.00730856  0.24401807  0.31617402]
 [ 0.18769909  0.10602591 -0.20428135 -0.13220946  0.18743264]
 [ 0.15634863 -0.07303985  0.32870852 -0.09193359 -0.19455825]
 [-0.07469789 -0.07461633 -0.28194455 -0.07450509  0.01278368]]
Matrix Pair 57; W = [[ 0.22554199 -0.06665374  0.11508608 -0.12682114 -0.01966082]
 [-0.15806265 -0.32103319 -0.07736065  0.28805724 -0.15433401]
 [-0.0975318  -0.02273859 -0.25486014  0.05754158 -0.07070178]
 [ 0.11443518  0.12223366  0.06362354  0.02519617  0.0311781 ]
 [-0.14508463 -0.06974191 -0.28160012 -0.16224407 -0.05407983]]
U = [[ 0.10430749  0.12180538  0.26700147  0.28581358 -0.0607262 ]
 [-0.21135771 -0.16400152  0.02647628  0.19922829  0.2494028 ]
 [ 0.15516241  0.10975455 -0.25516294 -0.09271137  0.21386078]
 [ 0.21752691  0.01460018  0.31715438 -0.07063958 -0.16498794]
 [-0.10790376 -0.15874334 -0.31377194 -0.02605479 -0.05011961]]
Matrix Pair 58; W = [[ 0.27501678 -0.01051386  0.12282145 -0.14047657 -0.04814825]
 [-0.15859712 -0.38066703 -0.07278707  0.23200467 -0.09838501]
 [-0.09049925 -0.04857525 -0.23205112  0.0416644  -0.0653681 ]
 [ 0.10235774  0.0398083   0.07790575 -0.02275833 -0.06584417]
 [-0.18858552 -0.15860214 -0.2381855  -0.18030807 -0.07810906]]
U = [[ 0.12744253  0.12004502  0.29539708  0.32963024 -0.10449602]
 [-0.29002806 -0.17803354  0.06353226  0.21844326  0.29359048]
 [ 0.09110336  0.06947763 -0.22382729 -0.1775201   0.14292832]
 [ 0.2289391  -0.0686189   0.31894059 -0.0896477  -0.1767492 ]
 [-0.08747409 -0.16684761 -0.28221508 -0.09764732  0.00610606]]
Matrix Pair 59; W = [[ 0.2469305  -0.00323376  0.08929223 -0.11333697 -0.05238602]
 [-0.20254923 -0.38633643 -0.0786938   0.25055133 -0.12838992]
 [-0.06141111  0.02360654 -0.21820033  0.09257055 -0.01267752]
 [ 0.11367919  0.04760268  0.02608208  0.01122316  0.00087642]
 [-0.14427484 -0.12757093 -0.28335217 -0.10948925 -0.0315633 ]]
U = [[ 0.17120013  0.12668455  0.29325534  0.32308254 -0.09536792]
 [-0.25159917 -0.15481895  0.07876696  0.22905443  0.22888368]
 [ 0.15590372  0.10267203 -0.22848492 -0.18823004  0.16956633]
 [ 0.2311976  -0.00670488  0.30589018 -0.09710923 -0.11348156]
 [-0.15064405 -0.1279778  -0.23357124 -0.09636027 -0.00214658]]
Matrix Pair 60; W = [[ 0.283784    0.02250832  0.04114099 -0.10734428 -0.08180099]
 [-0.22893795 -0.33611516 -0.06886377  0.23793443 -0.12852358]
 [-0.07325297 -0.04527501 -0.20857372  0.06524326 -0.01354234]
 [ 0.11880006  0.10116794  0.08040331  0.00620997  0.01232706]
 [-0.180657   -0.13902174 -0.25094771 -0.17696221 -0.02310028]]
U = [[ 0.08685214  0.18616117  0.28722709  0.2723141  -0.01708566]
 [-0.21893269 -0.12553483  0.06362145  0.17187084  0.22407067]
 [ 0.11225639  0.03034985 -0.16497005 -0.09763376  0.12355274]
 [ 0.17730445 -0.0315039   0.25297976 -0.11955484 -0.18110981]
 [-0.07572499 -0.11063404 -0.29657329 -0.05913885  0.00211741]]
Matrix Pair 61; W = [[ 0.21895339  0.00571471  0.08716394 -0.07615989 -0.05320082]
 [-0.19377151 -0.32872777 -0.05716546  0.19859145 -0.13807026]
 [-0.11928393  0.01852809 -0.16325633  0.08424635 -0.07801034]
 [ 0.12355042  0.0756132   0.10387933 -0.0536797  -0.06577148]
 [-0.18448309 -0.13413946 -0.32889602 -0.17405523 -0.06834031]]
U = [[ 0.0958574   0.20145571  0.28038771  0.24048548 -0.043363  ]
 [-0.23256765 -0.1985341   0.07577728  0.22038374  0.3096844 ]
 [ 0.17106726  0.02019925 -0.16610945 -0.14475388  0.16713281]
 [ 0.17694484 -0.06560028  0.30205957 -0.06715479 -0.18452248]
 [-0.1593859  -0.14090292 -0.24992088 -0.0131819  -0.00858697]]
Matrix Pair 62; W = [[ 0.27898417 -0.00825229  0.08808553 -0.10327785 -0.0216904 ]
 [-0.19589839 -0.35874389 -0.12125651  0.25246776 -0.11556448]
 [-0.1287645   0.01451031 -0.20005645  0.0629579  -0.00899265]
 [ 0.16207678  0.04880338  0.09426477  0.02823208 -0.03497444]
 [-0.21491217 -0.10722897 -0.25592117 -0.20592339 -0.07693827]]
U = [[ 0.13756797  0.1757969   0.2474343   0.31614679 -0.05866064]
 [-0.26723885 -0.12485137  0.00973267  0.16726413  0.32231511]
 [ 0.10077268  0.08209788 -0.25981828 -0.16481422  0.2143102 ]
 [ 0.22889138 -0.0791421   0.31449114 -0.07145237 -0.18290277]
 [-0.0837515  -0.11891471 -0.22749361 -0.0111459  -0.04304226]]
Matrix Pair 63; W = [[ 0.26136638 -0.06709269  0.0511392  -0.15528161 -0.04468535]
 [-0.20646385 -0.31204414 -0.09507008  0.23994389 -0.15677284]
 [-0.11411583 -0.06639074 -0.25635925  0.03919259 -0.03823099]
 [ 0.14998876  0.08788044  0.09829232 -0.0245836   0.00593915]
 [-0.15300454 -0.15907709 -0.27784722 -0.11990502 -0.03730619]]
U = [[ 0.13340001  0.14592121  0.25152633  0.33711244 -0.0305822 ]
 [-0.22880868 -0.12422802  0.0898386   0.19388924  0.26573433]
 [ 0.18885172  0.01805397 -0.23608465 -0.17061456  0.18087106]
 [ 0.15164435 -0.04023172  0.26904525 -0.13830334 -0.16617002]
 [-0.14423338 -0.12757841 -0.30984938 -0.00789843 -0.02750262]]
Matrix Pair 64; W = [[ 0.30523396  0.05487733  0.14516563 -0.01813493  0.0110222 ]
 [-0.15046052 -0.34753679 -0.08248039  0.22742215 -0.20051557]
 [-0.11739951  0.00546425 -0.17297286  0.15992889  0.00404896]
 [ 0.14523324  0.07156875  0.05474015 -0.03542483 -0.16055977]
 [-0.22804309 -0.06012336 -0.26718575 -0.15141713 -0.07437922]]
U = [[ 0.2018551   0.15014423  0.25223475  0.32366138 -0.04877536]
 [-0.20499804 -0.14396155  0.02626331  0.20828631  0.21674125]
 [ 0.17732053  0.08694771 -0.19559317 -0.20352138  0.13169673]
 [ 0.19499178 -0.07968206  0.24203062 -0.03154832 -0.07791665]
 [-0.15159519 -0.17335362 -0.26211525 -0.06877205  0.00727083]]
Matrix Pair 65; W = [[ 0.27569072  0.02335671  0.13761025 -0.02840662 -0.01407645]
 [-0.1469672  -0.37395706 -0.09265372  0.23326816 -0.15846452]
 [-0.08696646 -0.03963706 -0.16284159  0.10044304 -0.0795004 ]
 [ 0.14590553  0.12447786  0.08279457 -0.02936317 -0.0629407 ]
 [-0.1819488  -0.10101018 -0.32870043 -0.09356993 -0.04475343]]
U = [[ 0.22250935  0.2106441   0.26295803  0.29850385 -0.04815622]
 [-0.25587154 -0.13394468  0.00833154  0.20754121  0.22920235]
 [ 0.20620625  0.10981983 -0.24801353 -0.16620606  0.1480483 ]
 [ 0.20039079 -0.02696094  0.23378195 -0.03412113 -0.1241737 ]
 [-0.12548351 -0.16190701 -0.20133001 -0.0328215  -0.02424199]]
Matrix Pair 66; W = [[ 0.3099481   0.06581502  0.061489   -0.07555344 -0.05330617]
 [-0.19806526 -0.36311686 -0.06664205  0.22496207 -0.14507391]
 [-0.0962248  -0.01044759 -0.16724526  0.19575898 -0.01687198]
 [ 0.09072854  0.15063466  0.05044171 -0.04758923 -0.1379334 ]
 [-0.22519535 -0.1117563  -0.32874229 -0.12956504 -0.06171992]]
U = [[ 0.14156641  0.1425514   0.32183614  0.2837406   0.01875551]
 [-0.21883101 -0.1286019  -0.00289521  0.22138778  0.29154833]
 [ 0.20722404  0.10130742 -0.22518689 -0.13475512  0.07737187]
 [ 0.16237859 -0.04245487  0.22348866 -0.10617935 -0.06182846]
 [-0.09134225 -0.15054168 -0.26286383 -0.12435382 -0.06443796]]
Matrix Pair 67; W = [[ 0.2307095   0.02143786  0.14849351 -0.08441252  0.004951  ]
 [-0.19205863 -0.374438   -0.10473432  0.28481397 -0.18630337]
 [-0.1189238   0.00637573 -0.13384827  0.16175941 -0.01406265]
 [ 0.1554958   0.14317649  0.09997807 -0.09490164 -0.13267182]
 [-0.23009642 -0.05583721 -0.29718304 -0.14471407 -0.09127457]]
U = [[ 0.16914851  0.15879213  0.32174946  0.32427278  0.00133329]
 [-0.24847602 -0.12961697  0.03052859  0.17027872  0.27253274]
 [ 0.16764735  0.07724969 -0.23164886 -0.19026322  0.08652677]
 [ 0.15092815 -0.093559    0.23792971 -0.12838628 -0.06691787]
 [-0.1008192  -0.17851412 -0.23192733 -0.1277936  -0.00290176]]
Matrix Pair 68; W = [[ 0.24504292  0.02140088  0.11801753 -0.03807882 -0.07553995]
 [-0.12803049 -0.36695381 -0.08906081  0.23958572 -0.11861894]
 [-0.10233814 -0.03756448 -0.13521019  0.16030121 -0.02672238]
 [ 0.07200437  0.1503964   0.10847881 -0.05942834 -0.09686946]
 [-0.23855325 -0.03525272 -0.26803802 -0.14230856 -0.09871433]]
U = [[ 0.22493495  0.15783086  0.30507428  0.29937453 -0.0513846 ]
 [-0.25156704 -0.19234147  0.06541989  0.19329426  0.28902779]
 [ 0.16509968  0.08549148 -0.21810174 -0.17091541  0.14307729]
 [ 0.2009698  -0.05929902  0.22208864 -0.08937614 -0.10467611]
 [-0.104578   -0.12484393 -0.25684297 -0.08500982 -0.05737145]]
Matrix Pair 69; W = [[ 0.31886516 -0.00147912  0.05621797 -0.09406874 -0.07037489]
 [-0.19540502 -0.39467735 -0.07182571  0.27131656 -0.12226403]
 [-0.09032192  0.00659687 -0.15487281  0.18900708 -0.0055599 ]
 [ 0.08999266  0.15151903  0.09296608 -0.04850001 -0.12767552]
 [-0.18401985 -0.0899049  -0.25680967 -0.11855855 -0.06069127]]
U = [[ 0.2177686   0.14473571  0.25909071  0.28833165 -0.0210345 ]
 [-0.26591924 -0.15840219 -0.01624157  0.20802262  0.27886138]
 [ 0.14502607  0.06437103 -0.21900239 -0.19463141  0.06679504]
 [ 0.20348585 -0.06758668  0.25357381 -0.03496278 -0.13537244]
 [-0.10717469 -0.15843514 -0.23555493 -0.05352672 -0.04450149]]
Matrix Pair 70; W = [[ 0.24721108  0.04541065  0.12062425 -0.02766472 -0.06205469]
 [-0.17649416 -0.41827748 -0.0798964   0.19288847 -0.15366599]
 [-0.1139242   0.00375978 -0.14029849  0.14304157 -0.04964748]
 [ 0.08995174  0.08898525  0.12283759 -0.08446973 -0.12235157]
 [-0.2166535  -0.10327081 -0.33496403 -0.1524146  -0.05057274]]
U = [[ 0.18759865  0.18495054  0.27134135  0.29676992 -0.07437385]
 [-0.19250342 -0.19751859  0.0047475   0.18789764  0.30717129]
 [ 0.20418139  0.07731216 -0.18490946 -0.20802572  0.09305876]
 [ 0.19764497 -0.03868395  0.2527139  -0.08075524 -0.10278745]
 [-0.15353457 -0.17646881 -0.25488567 -0.08185463 -0.03406219]]
Matrix Pair 71; W = [[ 0.31732895 -0.02004086  0.0713379  -0.01550297 -0.02232461]
 [-0.11661208 -0.35188706 -0.11033362  0.28596782 -0.17985115]
 [-0.04247374  0.01079432 -0.15427087  0.1642293  -0.06377033]
 [ 0.11038505  0.07491851  0.05195318 -0.06757982 -0.0679881 ]
 [-0.23218805 -0.07135731 -0.31320269 -0.14308531 -0.02072814]]
U = [[ 0.1844134   0.22379346  0.3078124   0.25340897 -0.05895326]
 [-0.24292904 -0.13287147 -0.00781134  0.23684376  0.21584502]
 [ 0.14941426  0.06934071 -0.23689167 -0.2088562   0.06150336]
 [ 0.18773824 -0.01495591  0.2620989  -0.03127215 -0.15073594]
 [-0.13042724 -0.13793847 -0.25404474 -0.05778818 -0.03482378]]
Matrix Pair 72; W = [[ 0.30959583  0.01867675  0.13002811 -0.11227068 -0.01370463]
 [-0.11934136 -0.40704611 -0.0555885   0.28725594 -0.14226285]
 [-0.06641865  0.04343515 -0.16311042  0.10303962 -0.0891821 ]
 [ 0.16946571  0.14724952  0.09334929 -0.07234556 -0.14156017]
 [-0.21601926 -0.10807732 -0.27522796 -0.16435855 -0.09565351]]
U = [[ 0.14146739  0.1940086   0.34750458  0.29958805  0.0089527 ]
 [-0.20911083 -0.12802356  0.06666742  0.17645187  0.24246092]
 [ 0.1641332   0.0962352  -0.19858795 -0.16924627  0.13309032]
 [ 0.22194012 -0.07992416  0.22064093 -0.09049451 -0.08882869]
 [-0.1002727  -0.15102775 -0.23960537 -0.11658684 -0.04771568]]
Matrix Pair 73; W = [[ 0.26656851 -0.02342068  0.07967875 -0.06711465  0.00468627]
 [-0.19589919 -0.39967957 -0.10774288  0.20569195 -0.19883839]
 [-0.07723357  0.01517033 -0.113983    0.10343127 -0.08854534]
 [ 0.14683043  0.07085035  0.04898448 -0.07335193 -0.1378086 ]
 [-0.16329949 -0.09104741 -0.32539718 -0.1510136  -0.09964438]]
U = [[ 0.15479636  0.23383921  0.33736329  0.32508946  0.00223424]
 [-0.19094196 -0.19640121  0.03799607  0.17312685  0.23116245]
 [ 0.15231502  0.08330704 -0.16214779 -0.12463468  0.0948058 ]
 [ 0.19563921 -0.08824535  0.23590704 -0.06692311 -0.07744186]
 [-0.08959104 -0.15429818 -0.26450199 -0.03184587 -0.05083159]]
Matrix Pair 74; W = [[ 0.27385664  0.01764712  0.1322777  -0.06285167  0.01506645]
 [-0.15571975 -0.3515359  -0.12401831  0.22056286 -0.12355078]
 [-0.09990393 -0.01610553 -0.19061223  0.11454022 -0.02438097]
 [ 0.10489639  0.15816849  0.05257309 -0.03357514 -0.06604975]
 [-0.16393949 -0.11306513 -0.30409778 -0.16231672 -0.03160902]]
U = [[ 0.2197256   0.17535286  0.3161254   0.31137804  0.0178328 ]
 [-0.21416125 -0.19498509  0.02297109  0.18077785  0.28953479]
 [ 0.1631577   0.06654578 -0.19069766 -0.18991536  0.09352489]
 [ 0.14310017 -0.02656853  0.2066641  -0.05831025 -0.09831789]
 [-0.16431849 -0.11653316 -0.21630502 -0.10751664 -0.0337934 ]]
Matrix Pair 75; W = [[ 0.24808233  0.02876985  0.09807226 -0.09400702 -0.03440557]
 [-0.13204804 -0.37200034 -0.11395853  0.24562536 -0.17819149]
 [-0.09528502  0.03704131 -0.15118554  0.1489771   0.00441335]
 [ 0.15499542  0.12966489  0.10772682 -0.0757493  -0.09811518]
 [-0.20065649 -0.04601122 -0.29984063 -0.09604768 -0.01229863]]
U = [[ 0.18616697  0.20115427  0.34917994  0.31413585 -0.02600681]
 [-0.2127922  -0.14845671  0.01202257  0.19180408  0.23866697]
 [ 0.16889111  0.1132987  -0.25540898 -0.15981045  0.13885813]
 [ 0.21184211 -0.03781833  0.21668108 -0.12472319 -0.13602266]
 [-0.10400051 -0.19527582 -0.19131534 -0.12983665 -0.03722196]]
Matrix Pair 76; W = [[ 0.25752183 -0.03283012  0.10438542 -0.11127808  0.00576857]
 [-0.16482085 -0.35828913 -0.07880832  0.24932466 -0.13331425]
 [-0.13824506  0.0266083  -0.1255158   0.11062788 -0.07872873]
 [ 0.13033681  0.1626955   0.0785196  -0.10100821 -0.07244225]
 [-0.21417539 -0.08603606 -0.30294817 -0.16086146 -0.06959088]]
U = [[ 0.13916249  0.20774673  0.27948789  0.23412366 -0.03582625]
 [-0.17987138 -0.17444566  0.02815796  0.15455076  0.25873857]
 [ 0.19651502  0.08111323 -0.24684301 -0.13066737  0.07057713]
 [ 0.16081088 -0.0407119   0.20237046 -0.03461174 -0.12865288]
 [-0.16399514 -0.12939673 -0.20862307 -0.08960551 -0.05576017]]
Matrix Pair 77; W = [[ 0.22889773 -0.01050336  0.13540905 -0.09642188 -0.05445894]
 [-0.1134353  -0.36394932 -0.06219624  0.27805227 -0.16623779]
 [-0.06370962  0.04665517 -0.11973584  0.1275034  -0.00442058]
 [ 0.15042829  0.11066337  0.05641745 -0.05228906 -0.13959182]
 [-0.20457847 -0.04266905 -0.3009493  -0.11668372 -0.09017707]]
U = [[ 0.14717185  0.22948521  0.25452744  0.2688676   0.0097918 ]
 [-0.25551418 -0.13937968  0.06203126  0.19191805  0.22994581]
 [ 0.21605214  0.04513422 -0.23525051 -0.18917581  0.14645478]
 [ 0.18367571 -0.11015042  0.2656173  -0.06180981 -0.15945485]
 [-0.08011335 -0.15614021 -0.18731431 -0.12524094  0.01414839]]
Matrix Pair 78; W = [[ 0.31551088  0.0610654   0.10076761 -0.07248926  0.01046867]
 [-0.17193645 -0.40767861 -0.10246313  0.22222855 -0.21174313]
 [-0.05224144 -0.01544993 -0.17537901  0.14205244 -0.0644057 ]
 [ 0.14485165  0.09126445  0.11982408 -0.0363088  -0.13485273]
 [-0.24359785 -0.09674397 -0.3199244  -0.11762957 -0.0913594 ]]
U = [[ 0.20265403  0.21237724  0.3200564   0.30630661 -0.01236688]
 [-0.25006788 -0.19875276 -0.0281316   0.22367541  0.24473011]
 [ 0.2099421   0.08111432 -0.1875371  -0.15653939  0.07879345]
 [ 0.13645331 -0.04365125  0.27873133 -0.07872605 -0.14181303]
 [-0.14770916 -0.18300774 -0.25975446 -0.07985251  0.02371622]]
Matrix Pair 79; W = [[ 2.85050430e-01  5.49979491e-02  1.41139472e-01 -4.16034513e-02
  -3.35994138e-04]
 [-1.98963858e-01 -3.60672183e-01 -9.90311465e-02  2.11604403e-01
  -1.99028057e-01]
 [-1.34113356e-01 -1.40276938e-03 -1.90901396e-01  1.51476173e-01
  -5.81003354e-02]
 [ 1.51676951e-01  1.24110678e-01  5.77234918e-02 -3.41948344e-02
  -1.39032461e-01]
 [-2.08291513e-01 -5.23991332e-02 -2.83981701e-01 -1.33545506e-01
  -1.49345042e-02]]
U = [[ 0.19844278  0.21186879  0.33880041  0.24593289 -0.08032159]
 [-0.26185209 -0.19418783  0.03487331  0.18410522  0.24149061]
 [ 0.13112462  0.08260789 -0.22223841 -0.19578162  0.13747027]
 [ 0.20220013 -0.03805493  0.23564606 -0.04147612 -0.06468044]
 [-0.09896222 -0.1806292  -0.21674177 -0.06264924 -0.00702782]]
Matrix Pair 80; W = [[ 0.3564425   0.04105846  0.03747767 -0.09608963 -0.10755427]
 [-0.19899246 -0.41934312 -0.08881448  0.22106579 -0.13490894]
 [-0.13028698 -0.07430494 -0.17586473  0.08299531 -0.07455128]
 [ 0.08510968  0.08455723  0.0743229  -0.07257585 -0.09889902]
 [-0.14004135 -0.02848381 -0.31372794 -0.21102444 -0.05221777]]
U = [[ 0.14323105  0.14158648  0.32285397  0.3105386  -0.02253417]
 [-0.26040544 -0.19709345  0.0498828   0.17731236  0.24942962]
 [ 0.16780817  0.06757257 -0.22243449 -0.13670275  0.19503153]
 [ 0.15280659 -0.05019945  0.27994312 -0.12918377 -0.19495327]
 [-0.04020176 -0.13864085 -0.30731556 -0.04531379  0.0008587 ]]
Matrix Pair 81; W = [[ 0.38479925  0.0130195   0.10106012 -0.02750206 -0.1375753 ]
 [-0.15751904 -0.45688091 -0.13902534  0.26881136 -0.15280216]
 [-0.10909559 -0.03886642 -0.15175451  0.1003649  -0.00723664]
 [ 0.02514377  0.07361303  0.05626506 -0.07748227 -0.05510278]
 [-0.16028385 -0.02953037 -0.2891651  -0.21197599 -0.05718167]]
U = [[ 0.12165578  0.10002463  0.3063954   0.24898585  0.03559998]
 [-0.24051654 -0.11975417 -0.02832117  0.1417664   0.25805093]
 [ 0.18924673 -0.02983343 -0.21420146 -0.10977703  0.19715026]
 [ 0.13366531 -0.09104987  0.26288962 -0.11771807 -0.16207976]
 [-0.13048902 -0.10253448 -0.24725955 -0.06070876 -0.02625902]]
Matrix Pair 82; W = [[ 0.37444037 -0.00392058  0.10068358 -0.03501092 -0.12164286]
 [-0.19379016 -0.39226257 -0.07777625  0.24647192 -0.13460508]
 [-0.09388943 -0.09755221 -0.18183732  0.10464296 -0.02991521]
 [ 0.02163848  0.06657433  0.05417839 -0.03755947 -0.06898289]
 [-0.14927344 -0.0783878  -0.34771808 -0.19366489 -0.09330152]]
U = [[ 0.1517796   0.12344548  0.27771928  0.28212598  0.03259987]
 [-0.22466078 -0.14672567 -0.01814643  0.12261168  0.32494852]
 [ 0.21764925  0.06086636 -0.17264847 -0.20815495  0.12653764]
 [ 0.17983024 -0.07306013  0.25742606 -0.15744636 -0.12017892]
 [-0.10219343 -0.06955364 -0.31732047 -0.0793394   0.0394051 ]]
Matrix Pair 83; W = [[ 0.36334455  0.02708429  0.04442929 -0.11833297 -0.09881792]
 [-0.1807401  -0.36972557 -0.16303305  0.20596912 -0.125912  ]
 [-0.08582142 -0.01876767 -0.19989401  0.06469678 -0.05709945]
 [ 0.02676865  0.04851716  0.03627343 -0.06950879 -0.02256603]
 [-0.10445606 -0.03945142 -0.34577758 -0.14285345 -0.06731873]]
U = [[ 0.17542169  0.16353837  0.31963306  0.2287751   0.03308553]
 [-0.19161407 -0.10493582 -0.03213159  0.10792547  0.26743174]
 [ 0.12921649 -0.03183224 -0.1993941  -0.1372217   0.21247649]
 [ 0.20826582 -0.10842531  0.2116271  -0.07030439 -0.19433796]
 [-0.11818976 -0.10135634 -0.23325891 -0.02482268 -0.04077467]]
Matrix Pair 84; W = [[ 0.34251094 -0.01481364  0.08048249 -0.03355585 -0.08191877]
 [-0.20633359 -0.43025907 -0.09911357  0.24177085 -0.15835039]
 [-0.11369621 -0.06067468 -0.14486066  0.06456862 -0.03705284]
 [ 0.09005214  0.10139681  0.06301147 -0.06838346 -0.04574165]
 [-0.11010493 -0.00497779 -0.32894658 -0.17661612 -0.04751851]]
U = [[ 0.15942625  0.09573801  0.31936798  0.26949741  0.03092648]
 [-0.23799709 -0.1810569   0.01835593  0.20092807  0.30014038]
 [ 0.16701532  0.0657437  -0.21579733 -0.12062444  0.13641287]
 [ 0.15685487 -0.08891523  0.26560821 -0.07743327 -0.19545328]
 [-0.11802099 -0.14833134 -0.26137603 -0.06873439 -0.03079772]]
Matrix Pair 85; W = [[ 0.40236765  0.05760678  0.10285434 -0.0574254  -0.12602284]
 [-0.18734125 -0.44986569 -0.14205249  0.28897697 -0.13420785]
 [-0.1314323  -0.0240206  -0.17412323  0.10320438 -0.05012038]
 [ 0.08528721  0.12627284  0.07282799 -0.07976941 -0.05863109]
 [-0.1195696  -0.0065528  -0.29641521 -0.19265053 -0.09695853]]
U = [[ 0.20013478  0.14784505  0.32347037  0.30826071  0.02582099]
 [-0.2085197  -0.13805386 -0.02395524  0.12680708  0.32408306]
 [ 0.15150987  0.02541307 -0.20294969 -0.14654761  0.21778579]
 [ 0.17598792 -0.11092975  0.2813402  -0.10107678 -0.10755895]
 [-0.11027904 -0.0875213  -0.30003619 -0.05382854  0.02734959]]
Matrix Pair 86; W = [[ 0.38524656  0.0048927   0.07608788 -0.12118985 -0.11463926]
 [-0.21328531 -0.40947028 -0.12327764  0.21330363 -0.10101486]
 [-0.06662001 -0.01483547 -0.13216629  0.10744199 -0.0224341 ]
 [ 0.03340225  0.0873005   0.07687454 -0.11703129 -0.08406404]
 [-0.14292109 -0.05247766 -0.26914412 -0.22250527 -0.09625973]]
U = [[ 0.14272611  0.12231401  0.30382925  0.30687755 -0.03507032]
 [-0.16872531 -0.19746156 -0.00588083  0.18155832  0.32294948]
 [ 0.14341487 -0.01324287 -0.20239007 -0.17466292  0.14292189]
 [ 0.21100398 -0.08877067  0.26314244 -0.07533627 -0.16906151]
 [-0.11462158 -0.14344806 -0.25087039 -0.10750343 -0.03582258]]
Matrix Pair 87; W = [[ 0.35807721  0.00378593  0.07239704 -0.07901684 -0.07024472]
 [-0.16803001 -0.42798546 -0.16075181  0.27941989 -0.1482495 ]
 [-0.14222131 -0.09260476 -0.17442869  0.12491505 -0.07437343]
 [ 0.02296061  0.07440002  0.09694485 -0.06126191 -0.04914137]
 [-0.18032232 -0.01452376 -0.32731011 -0.21726744 -0.04299662]]
U = [[ 0.20672538  0.18875174  0.24971654  0.28624891 -0.04407146]
 [-0.18122058 -0.15631168  0.04485385  0.1111241   0.2281274 ]
 [ 0.20323485 -0.00705223 -0.23116379 -0.20376959  0.13830353]
 [ 0.19488981 -0.06620116  0.29267417 -0.06230993 -0.15132466]
 [-0.07769816 -0.11167576 -0.28201323 -0.04139232  0.02937026]]
Matrix Pair 88; W = [[ 0.3594092   0.04384007  0.06692663 -0.08115858 -0.13514077]
 [-0.15478486 -0.42477004 -0.09243934  0.2101116  -0.07662185]
 [-0.13975518 -0.02542316 -0.20696141  0.05457019 -0.05712033]
 [ 0.06215538  0.10195878  0.11151738 -0.04687751 -0.04340105]
 [-0.19875519 -0.01040609 -0.3138451  -0.14530563 -0.06501834]]
U = [[ 0.13478709  0.14756979  0.32842054  0.2885365  -0.04166184]
 [-0.24203623 -0.20059461 -0.04311838  0.13666499  0.32137303]
 [ 0.20488733  0.01554289 -0.21147987 -0.20493469  0.18848496]
 [ 0.19279908 -0.03190285  0.21413769 -0.10725095 -0.12333105]
 [-0.07110488 -0.06863448 -0.22707967 -0.02310261  0.01307053]]
Matrix Pair 89; W = [[ 0.3411272  -0.00945774  0.1031884  -0.02622043 -0.04008557]
 [-0.215905   -0.36957164 -0.10379145  0.28901569 -0.1656049 ]
 [-0.0567971  -0.08447559 -0.17498676  0.07485625 -0.08121367]
 [ 0.06145002  0.09319479  0.09959068 -0.09690351 -0.10882494]
 [-0.11292462  0.01664779 -0.33467905 -0.15798399 -0.07695203]]
U = [[ 0.12721564  0.0990456   0.276214    0.24865702  0.03525828]
 [-0.25793062 -0.16999162  0.04705844  0.16582891  0.32357624]
 [ 0.16598998  0.00089375 -0.24170993 -0.14380631  0.13473662]
 [ 0.14978196 -0.11247979  0.24994108 -0.0753473  -0.13337386]
 [-0.12379288 -0.14645931 -0.26842771 -0.11461309 -0.03191105]]
Matrix Pair 90; W = [[ 0.31634962  0.02805734  0.04125021 -0.08497564 -0.11222869]
 [-0.21548118 -0.42834043 -0.14992779  0.2699933  -0.16545403]
 [-0.0634126  -0.07311224 -0.12844841  0.08251075 -0.08672111]
 [ 0.02679981  0.13079909  0.11585129 -0.04574045 -0.08217549]
 [-0.17103492 -0.06327296 -0.33766194 -0.17696655 -0.04377214]]
U = [[ 0.16086645  0.10704647  0.28677496  0.26388345 -0.0370685 ]
 [-0.19837403 -0.15200905  0.04218631  0.11212033  0.31834389]
 [ 0.20235157  0.05939697 -0.23908311 -0.13557078  0.18493062]
 [ 0.19321152 -0.01468114  0.26932594 -0.11638972 -0.20452197]
 [-0.11929605 -0.08988498 -0.25225194 -0.0615955   0.02916112]]
Matrix Pair 91; W = [[ 0.31338008  0.07220609  0.0844198  -0.06649623 -0.10331609]
 [-0.1685362  -0.3895908  -0.08821834  0.25057358 -0.1140557 ]
 [-0.14149817 -0.05107242 -0.1667041   0.08355724 -0.00307408]
 [ 0.02916424  0.08425623  0.1172647  -0.11437888 -0.02824754]
 [-0.18724047 -0.05145028 -0.28664215 -0.17631517 -0.0659314 ]]
U = [[ 0.17701877  0.12540403  0.3077999   0.29685078 -0.04146618]
 [-0.17372745 -0.18627903  0.03919716  0.18236206  0.31105897]
 [ 0.12847923  0.05449566 -0.19526256 -0.18893975  0.14237784]
 [ 0.13650489 -0.0397727   0.25476882 -0.07838173 -0.19282628]
 [-0.08483053 -0.12476126 -0.27921051 -0.09204634  0.00283507]]
Matrix Pair 92; W = [[ 0.33747835  0.05562818  0.03341127 -0.11810546 -0.09059425]
 [-0.17913381 -0.43011609 -0.15164398  0.25295758 -0.07503581]
 [-0.11660016 -0.08900783 -0.20728974  0.1506478  -0.04598896]
 [ 0.09335293  0.13189826  0.06344634 -0.0957337  -0.08262774]
 [-0.17669868  0.00545291 -0.3510671  -0.21277869 -0.09718445]]
U = [[ 0.14990901  0.14405219  0.28005976  0.25752715  0.00616397]
 [-0.21998804 -0.17864166  0.04498432  0.18656483  0.27526674]
 [ 0.21058832  0.01425769 -0.23854417 -0.14046389  0.18353075]
 [ 0.20206282 -0.10952376  0.21084111 -0.15240359 -0.19330548]
 [-0.11238028 -0.13179159 -0.26049652 -0.04555273 -0.0298786 ]]
Matrix Pair 93; W = [[ 0.39842023  0.06863198  0.07586298 -0.05288772 -0.08860117]
 [-0.15254216 -0.4409378  -0.07821654  0.28747578 -0.16795316]
 [-0.14991597 -0.0519702  -0.15060166  0.08229296 -0.00525835]
 [ 0.08075489  0.11840096  0.12366625 -0.03782021 -0.0288439 ]
 [-0.19176752  0.01507617 -0.35381729 -0.14381996 -0.00777974]]
U = [[ 0.14836059  0.15797901  0.26349929  0.31518025  0.04112644]
 [-0.24978198 -0.15685423  0.01690926  0.18980021  0.31456178]
 [ 0.16955997  0.03139813 -0.21010806 -0.16685175  0.15924805]
 [ 0.12490731 -0.04720145  0.22131865 -0.1295506  -0.15905552]
 [-0.11879331 -0.07256767 -0.31868865 -0.06386097  0.03865716]]
Matrix Pair 94; W = [[ 0.40066442  0.0608323   0.04071782 -0.02463524 -0.10688044]
 [-0.12430091 -0.36499666 -0.08497919  0.28378651 -0.17048207]
 [-0.05992777 -0.1086726  -0.18103384  0.08332307  0.00602223]
 [ 0.09481627  0.10446369  0.0901893  -0.06997915 -0.01832635]
 [-0.10656926  0.00524282 -0.29919849 -0.15509617 -0.03174991]]
U = [[ 0.20190987  0.12952249  0.24761599  0.22866791  0.04127858]
 [-0.20899474 -0.18982744  0.0407361   0.16864862  0.3049208 ]
 [ 0.22647703  0.00089522 -0.20963062 -0.15375199  0.22230281]
 [ 0.20885796 -0.05074086  0.28940933 -0.10385876 -0.18466785]
 [-0.06617225 -0.11836682 -0.27337202 -0.07966214  0.03086368]]
Matrix Pair 95; W = [[ 0.3636977   0.04794873  0.1002809  -0.06434434 -0.13534069]
 [-0.14625926 -0.45099893 -0.10474874  0.28096541 -0.07995377]
 [-0.10486661 -0.02309497 -0.20197209  0.05357533 -0.0369763 ]
 [ 0.06330605  0.04612103  0.07439876 -0.12705677 -0.11247631]
 [-0.15677285 -0.0789806  -0.27621592 -0.16068309 -0.05787393]]
U = [[ 0.12892235  0.11454655  0.25961415  0.3040305  -0.05186614]
 [-0.20627491 -0.17736617  0.01590165  0.16065217  0.30125934]
 [ 0.16066203 -0.02389417 -0.18021378 -0.15603374  0.18264546]
 [ 0.18554776 -0.03494116  0.28606992 -0.09046561 -0.14493235]
 [-0.11788603 -0.13852892 -0.27779773 -0.08731109  0.01042364]]
Matrix Pair 96; W = [[ 0.296119    0.03998058  0.12662838 -0.16516516 -0.03187267]
 [-0.16268031 -0.43924191 -0.09868055  0.22607181 -0.22226349]
 [-0.12714725 -0.00862144 -0.18715601  0.15613089 -0.05959853]
 [ 0.06745267  0.116858    0.12774967 -0.06123962 -0.1255836 ]
 [-0.23889609 -0.09742528 -0.33021781 -0.20081309 -0.07178384]]
U = [[ 0.15821986  0.19121811  0.3304587   0.30138864 -0.08528177]
 [-0.25517287 -0.1389946  -0.01211476  0.14208834  0.21570798]
 [ 0.12623609  0.00400642 -0.12525551 -0.15975524  0.16991907]
 [ 0.19528658  0.01118478  0.24645001 -0.11368436 -0.09879719]
 [-0.04129589 -0.15127896 -0.29634228 -0.07713426  0.02392419]]
Matrix Pair 97; W = [[ 0.35321153  0.06006882  0.05232113 -0.11854586  0.01707487]
 [-0.11335205 -0.45980005 -0.11934432  0.23731322 -0.18774808]
 [-0.05294648  0.04925537 -0.23374721  0.14578185 -0.00912488]
 [ 0.12150017  0.16327723  0.11044325 -0.01867596 -0.05828669]
 [-0.17254852 -0.04758065 -0.28802574 -0.20064592 -0.06459521]]
U = [[ 0.18433821  0.17428608  0.26758441  0.30102122 -0.06696158]
 [-0.25583125 -0.20648739  0.06269725  0.15516826  0.19490623]
 [ 0.2170764  -0.03775246 -0.20152274 -0.10544839  0.08699415]
 [ 0.18458745 -0.07550201  0.19111191 -0.1404435  -0.11289483]
 [-0.0362109  -0.10552057 -0.24650799 -0.02171898 -0.0262582 ]]
Matrix Pair 98; W = [[ 0.33939483  0.05387098  0.08484054 -0.16459882 -0.03034557]
 [-0.15603098 -0.40081166 -0.12892213  0.25290078 -0.21040229]
 [-0.05453763  0.04605188 -0.25652199  0.13034081 -0.02990743]
 [ 0.12787041  0.17002287  0.07059043 -0.05946202 -0.09887199]
 [-0.17297105 -0.02365749 -0.27222013 -0.15506479 -0.04651937]]
U = [[ 0.19017797  0.20427299  0.35263288  0.29724731 -0.07360255]
 [-0.21461128 -0.20176868 -0.00337156  0.18037578  0.2484494 ]
 [ 0.12638491  0.00965462 -0.17877476 -0.16009865  0.13061542]
 [ 0.20760947 -0.04869512  0.22160716 -0.16498269 -0.13188701]
 [-0.06086929 -0.09148827 -0.25008796 -0.02528033 -0.00268737]]
Matrix Pair 99; W = [[ 0.34173447 -0.00753766  0.0554121  -0.10906873  0.00832254]
 [-0.13554538 -0.47556425 -0.08788261  0.20844288 -0.1539346 ]
 [-0.14618385 -0.03566336 -0.20207842  0.1205585  -0.01355927]
 [ 0.13619171  0.14394883  0.14252331 -0.05661194 -0.14110844]
 [-0.17084174 -0.02746455 -0.34722714 -0.19661504 -0.06710762]]
U = [[ 0.22177837  0.20358398  0.26769178  0.23521059 -0.03064062]
 [-0.17526528 -0.19511129  0.04228841  0.20026292  0.19007128]
 [ 0.21439402  0.04789809 -0.13972164 -0.13934047  0.09953713]
 [ 0.21726298 -0.06025103  0.22283045 -0.1088145  -0.17476825]
 [-0.02336031 -0.15963768 -0.28172091 -0.00600766 -0.03122516]]
Matrix Pair 100; W = [[ 0.34558351 -0.02347874  0.08541629 -0.14356018 -0.01149937]
 [-0.13095118 -0.46358752 -0.0790438   0.25693163 -0.19342049]
 [-0.07936989  0.03744857 -0.20434934  0.14985622 -0.07983682]
 [ 0.07127671  0.119729    0.06461264 -0.05955606 -0.10874225]
 [-0.16903319 -0.09991068 -0.33329295 -0.17565122 -0.07797739]]
U = [[ 0.17460171  0.208351    0.32369464  0.25658102 -0.06888133]
 [-0.20630871 -0.18702538 -0.00036477  0.16903838  0.20516922]
 [ 0.20152445  0.0014667  -0.17297984 -0.08973046  0.16431827]
 [ 0.17861688  0.00358068  0.26424755 -0.07152328 -0.17748334]
 [-0.05542053 -0.09512268 -0.27420681 -0.08565412 -0.03394016]]
Matrix Pair 101; W = [[ 0.25819139 -0.01235342  0.13548972 -0.18140624 -0.00924029]
 [-0.0979469  -0.43825162 -0.11989356  0.20184089 -0.19796846]
 [-0.13288935  0.04889651 -0.26477591  0.10011137 -0.10121058]
 [ 0.09533806  0.12968809  0.07810564 -0.05836633 -0.07853586]
 [-0.19454696 -0.10238053 -0.34572177 -0.14945289 -0.09768693]]
U = [[ 0.23380547  0.19636835  0.28740412  0.30075138 -0.01393545]
 [-0.24551124 -0.19369306  0.04988044  0.21286151  0.20451936]
 [ 0.173286    0.01525394 -0.20272996 -0.11567166  0.10825715]
 [ 0.25074322  0.00072835  0.21735353 -0.11968646 -0.13972689]
 [-0.01603691 -0.15351421 -0.29830572 -0.04536445 -0.03688574]]
Matrix Pair 102; W = [[ 0.30947247 -0.02289534  0.09782048 -0.15043912 -0.0372424 ]
 [-0.18555994 -0.39216303 -0.09545872  0.23401039 -0.13239329]
 [-0.11386154  0.03236196 -0.26007108  0.10698252 -0.00842027]
 [ 0.08821393  0.16104767  0.09915257 -0.09278892 -0.06982993]
 [-0.16838935 -0.05315784 -0.29542411 -0.16098642 -0.03461074]]
U = [[ 0.24602181  0.18487927  0.35392817  0.30816437 -0.09430029]
 [-0.17807912 -0.22476718 -0.02535631  0.15853939  0.20231342]
 [ 0.14591423  0.05509325 -0.18122611 -0.08246193  0.15492695]
 [ 0.23632718 -0.00241522  0.2525659  -0.08827386 -0.11040633]
 [-0.10618293 -0.11485069 -0.29361735 -0.0796709   0.04161374]]
Matrix Pair 103; W = [[ 0.30249683 -0.01410842  0.10474524 -0.09702571 -0.03464574]
 [-0.17487217 -0.40471848 -0.08328947  0.20116674 -0.21452677]
 [-0.10042998 -0.03150523 -0.26425538  0.14117841 -0.0556769 ]
 [ 0.04572541  0.14631857  0.05635335 -0.02778052 -0.10441612]
 [-0.18321544 -0.09235498 -0.29516754 -0.16688742 -0.03718504]]
U = [[ 0.24870396  0.18432532  0.29483487  0.30693509 -0.04385994]
 [-0.26173957 -0.21175509  0.06507361  0.17410281  0.1973768 ]
 [ 0.14633136  0.04591592 -0.17157652 -0.15437614  0.14042501]
 [ 0.17037985 -0.05236552  0.25494375 -0.1338791  -0.10169826]
 [-0.05031933 -0.1235904  -0.28383872 -0.04026836 -0.02959289]]
Matrix Pair 104; W = [[ 0.3506172  -0.01644854  0.0534352  -0.18058819 -0.01831008]
 [-0.1635231  -0.41929927 -0.13514834  0.25369601 -0.16390946]
 [-0.05742258 -0.00627851 -0.24231095  0.1393356  -0.01652162]
 [ 0.05632622  0.11651543  0.05494102 -0.04384081 -0.05982112]
 [-0.24619654 -0.03989106 -0.29899852 -0.20470315 -0.03684243]]
U = [[ 0.23329468  0.15873215  0.35001617  0.23832592 -0.02791752]
 [-0.1994996  -0.19021789 -0.00702313  0.19152346  0.23886978]
 [ 0.19226685 -0.00994365 -0.1370719  -0.14225814  0.1582089 ]
 [ 0.25506648 -0.04241752  0.23951471 -0.06866831 -0.16266311]
 [-0.01708578 -0.06980366 -0.30119367 -0.0782359  -0.02563515]]
Matrix Pair 105; W = [[ 0.3051552   0.03915616  0.1403759  -0.13553134 -0.05661756]
 [-0.15344648 -0.38368762 -0.14391208  0.22198602 -0.1313126 ]
 [-0.13617665 -0.01425685 -0.2560267   0.1262992  -0.08851253]
 [ 0.11221433  0.08804459  0.04426058 -0.01979493 -0.09480274]
 [-0.20519591 -0.02408117 -0.32302699 -0.15343606 -0.13178352]]
U = [[ 0.24357201  0.19894937  0.32632502  0.30227558 -0.01656459]
 [-0.19169202 -0.21119457  0.02351054  0.20653939  0.24258565]
 [ 0.13053186  0.02716219 -0.14057004 -0.12032988  0.1379148 ]
 [ 0.21199344 -0.04347836  0.27073177 -0.07137244 -0.15070371]
 [-0.08189393 -0.10291112 -0.20593309 -0.06243846  0.03095668]]
Matrix Pair 106; W = [[ 0.33649896  0.05568349  0.12258235 -0.16319416 -0.0633177 ]
 [-0.17182027 -0.45987854 -0.14019525  0.24622472 -0.13603526]
 [-0.1072139   0.03462531 -0.23803916  0.11397736 -0.08441607]
 [ 0.08173014  0.17554495  0.06721337 -0.03515563 -0.13169934]
 [-0.1846604  -0.02874652 -0.31616369 -0.15950855 -0.09755999]]
U = [[ 0.22954935  0.18780352  0.29636365  0.27905957 -0.08724153]
 [-0.21520326 -0.19112509  0.0062694   0.1559512   0.25926928]
 [ 0.18239161 -0.02978215 -0.20995363 -0.14996758  0.16531152]
 [ 0.23081496 -0.02433627  0.23087101 -0.11549373 -0.11546867]
 [-0.08015027 -0.15558433 -0.2601101  -0.06175214 -0.02499656]]
Matrix Pair 107; W = [[ 0.31986811  0.00963471  0.04380727 -0.16335701 -0.03243919]
 [-0.11104256 -0.45873284 -0.13347456  0.2049155  -0.12848134]
 [-0.07123215  0.04867211 -0.18530784  0.15536109 -0.06680193]
 [ 0.06426389  0.13026835  0.10564007 -0.06408191 -0.09169047]
 [-0.15826288 -0.12112921 -0.27357202 -0.19187989 -0.06108396]]
U = [[ 0.19159215  0.13468584  0.34598688  0.28775977 -0.02916996]
 [-0.26487927 -0.17900674  0.06656413  0.20836677  0.2520287 ]
 [ 0.18606745 -0.00765906 -0.21837462 -0.09209076  0.07913281]
 [ 0.21633405 -0.03502442  0.19172145 -0.06765718 -0.09248462]
 [-0.09429355 -0.14704709 -0.27222992 -0.03249507  0.0151583 ]]
Matrix Pair 108; W = [[ 0.32270247  0.04642545  0.13780382 -0.17585498 -0.0114341 ]
 [-0.18112986 -0.41742491 -0.11241518  0.20890971 -0.15909701]
 [-0.0627806  -0.02017312 -0.25360544  0.12289972 -0.00767591]
 [ 0.12116492  0.14808385  0.0562272  -0.07324943 -0.1340433 ]
 [-0.20632699 -0.04777539 -0.34458879 -0.15886442 -0.07479991]]
U = [[ 0.22296248  0.17461528  0.34230808  0.24548026 -0.00956508]
 [-0.1973577  -0.21255865  0.01405511  0.1728499   0.24827849]
 [ 0.16537462 -0.01322875 -0.18222472 -0.1642259   0.11388879]
 [ 0.23058651  0.0078599   0.23617563 -0.10363225 -0.10912732]
 [-0.01414225 -0.06516991 -0.20433633 -0.01604083 -0.03395841]]
Matrix Pair 109; W = [[ 0.30363728 -0.03461416  0.06277837 -0.1530743  -0.04547734]
 [-0.12550117 -0.43866967 -0.10302709  0.21504663 -0.14918518]
 [-0.07431205  0.00639111 -0.25828137  0.14752518 -0.03719768]
 [ 0.13264832  0.09436954  0.10598403 -0.0632718  -0.12206169]
 [-0.23007553 -0.11571097 -0.29967631 -0.16091666 -0.06703778]]
U = [[ 0.18394845  0.13452629  0.3584111   0.27602323 -0.04317552]
 [-0.25749515 -0.20043289  0.01205725  0.17360632  0.23954692]
 [ 0.13832973  0.04138315 -0.19955493 -0.09559282  0.13086062]
 [ 0.20576306 -0.08199721  0.27535511 -0.10504631 -0.0911087 ]
 [-0.05962999 -0.13366371 -0.25958731 -0.01062033 -0.03604463]]
Matrix Pair 110; W = [[ 0.29268119 -0.02130446  0.12253314 -0.09908353 -0.041005  ]
 [-0.09506162 -0.46521186 -0.16891911  0.28178972 -0.20279692]
 [-0.0612295   0.03752826 -0.25984531  0.11742798 -0.09089318]
 [ 0.04261884  0.08617427  0.0947709  -0.05936963 -0.05780952]
 [-0.16478422 -0.02595265 -0.28568149 -0.20240132 -0.09517507]]
U = [[ 0.19751052  0.20309302  0.31970834  0.29054476 -0.08128682]
 [-0.26221301 -0.19155025  0.06239791  0.21852375  0.2249954 ]
 [ 0.13420926  0.05488804 -0.16313321 -0.15730594  0.12377208]
 [ 0.1997502  -0.0463345   0.22979066 -0.14647661 -0.13654299]
 [-0.03810316 -0.09828052 -0.26073091 -0.02330312 -0.00923424]]
Matrix Pair 111; W = [[ 0.33922638 -0.03228034  0.1338546  -0.1735948   0.01893219]
 [-0.10499913 -0.41406967 -0.08174984  0.24056368 -0.13180166]
 [-0.1000146   0.0467666  -0.23198731  0.15866556 -0.09554782]
 [ 0.09888079  0.10856453  0.09642136 -0.08506432 -0.11649778]
 [-0.23523023 -0.08300052 -0.28620852 -0.12542685 -0.08425375]]
U = [[ 0.19990207  0.20783547  0.28156655  0.30919672 -0.08674032]
 [-0.25861822 -0.20955028  0.02056078  0.16989494  0.21761835]
 [ 0.22042108  0.04845238 -0.20762177 -0.13572952  0.0751727 ]
 [ 0.24126432 -0.00971341  0.22163368 -0.06761188 -0.13804656]
 [-0.02214573 -0.0937768  -0.21147238 -0.04693111 -0.04612599]]
Matrix Pair 112; W = [[ 0.27618528  0.01702036  0.08970871 -0.0840949   0.0291961 ]
 [-0.13850918 -0.38826985 -0.09565184  0.24132482 -0.15942577]
 [-0.07428069 -0.09896062 -0.17384573  0.14082152 -0.15259209]
 [ 0.13011272  0.14888787 -0.00467724 -0.08130669 -0.03420019]
 [-0.20229176 -0.1784274  -0.25901231 -0.20791314 -0.07071722]]
U = [[ 0.11427282  0.15642363  0.33406851  0.35040812 -0.0207887 ]
 [-0.16655344 -0.14401835  0.0720945   0.18777455  0.35387529]
 [ 0.13439169  0.03771506 -0.2121029  -0.21594321  0.09897706]
 [ 0.18404736  0.01572545  0.29382791 -0.01319699 -0.16360097]
 [-0.06837352 -0.11660043 -0.21600297  0.00143968 -0.10547013]]
Matrix Pair 113; W = [[ 0.29543413 -0.03859725  0.11899108 -0.09846559 -0.02235154]
 [-0.11870235 -0.42164554 -0.0231382   0.26344234 -0.15775719]
 [-0.16118658 -0.0611311  -0.2012244   0.13158747 -0.06909633]
 [ 0.0988165   0.07848909 -0.01894266 -0.09725072 -0.00129474]
 [-0.24143773 -0.09953009 -0.25055897 -0.21620406 -0.05386512]]
U = [[ 0.12620218  0.15833043  0.33037647  0.31717732  0.02113127]
 [-0.20702522 -0.13528713  0.02526047  0.16357338  0.35847816]
 [ 0.14877986  0.05924773 -0.14993106 -0.19348624  0.06536088]
 [ 0.19968223 -0.0323238   0.28691713 -0.05727995 -0.0993024 ]
 [-0.07155533 -0.06887661 -0.18579758 -0.02919048 -0.03855699]]
Matrix Pair 114; W = [[ 0.26481884  0.01829361  0.08853041 -0.08671995 -0.0099418 ]
 [-0.18013756 -0.46029418 -0.01464874  0.20493264 -0.12938678]
 [-0.1377015  -0.02821783 -0.1775176   0.1667738  -0.15380486]
 [ 0.15021673  0.14027244  0.05365359 -0.00599295 -0.07259302]
 [-0.2039975  -0.1145464  -0.20602339 -0.2193858  -0.06297741]]
U = [[ 0.16967366  0.14467259  0.24381241  0.29728533 -0.06453855]
 [-0.16850832 -0.158039    0.05712666  0.14201762  0.35560175]
 [ 0.11614655  0.05818378 -0.15989597 -0.14841892  0.05229342]
 [ 0.15325004 -0.01961474  0.28174348 -0.01629688 -0.16461134]
 [-0.09975338 -0.05343225 -0.25170172 -0.06957261 -0.0403251 ]]
Matrix Pair 115; W = [[ 0.28627148 -0.06351961  0.09156898 -0.14047044 -0.02299782]
 [-0.20797638 -0.38605029 -0.05892966  0.21953113 -0.10810612]
 [-0.07579463 -0.02552605 -0.13475063  0.16242758 -0.11504909]
 [ 0.0883546   0.12569987  0.02641933 -0.03694886 -0.07774953]
 [-0.18229269 -0.09892187 -0.20167079 -0.17330593 -0.07807543]]
U = [[ 0.16705955  0.12356404  0.32148092  0.27372854  0.00079788]
 [-0.15039625 -0.1733033   0.04523767  0.20507931  0.28379117]
 [ 0.16870559  0.02205156 -0.15142393 -0.13818627  0.06576182]
 [ 0.21356587 -0.03730789  0.30362681 -0.06120441 -0.1396747 ]
 [-0.15403981 -0.08967522 -0.24005638 -0.06826342 -0.06828198]]
Matrix Pair 116; W = [[ 0.26382746 -0.05985304  0.06578953 -0.06542507  0.002625  ]
 [-0.14718768 -0.44472064 -0.06660657  0.2778132  -0.13386641]
 [-0.15297406 -0.02107423 -0.13800109  0.12591512 -0.13696863]
 [ 0.05822384  0.11518635 -0.02936818 -0.05483541 -0.02901538]
 [-0.23863632 -0.1150778  -0.29677581 -0.2007273  -0.06583456]]
U = [[ 0.13381344  0.13050231  0.32378649  0.3158109  -0.04239597]
 [-0.19657046 -0.11932764  0.01385229  0.15178306  0.30920815]
 [ 0.09140464  0.00916109 -0.18479604 -0.13583839  0.08011174]
 [ 0.1429316   0.04152946  0.26168551 -0.04709078 -0.11876321]
 [-0.08639424 -0.12538742 -0.16682606 -0.04990993 -0.02771895]]
Matrix Pair 117; W = [[ 0.29163068  0.00642745  0.07281404 -0.07816166  0.00987862]
 [-0.15129896 -0.44723401 -0.04992822  0.19592668 -0.14340451]
 [-0.06958505 -0.01884289 -0.17392545  0.15923766 -0.15120571]
 [ 0.0850784   0.09193305  0.0576296  -0.09786287 -0.03968097]
 [-0.24457215 -0.10557902 -0.26217588 -0.2050527  -0.04016388]]
U = [[ 0.16133878  0.17632107  0.2456273   0.28807707  0.01517701]
 [-0.19124927 -0.12556295 -0.01913183  0.14744043  0.29052117]
 [ 0.12853012  0.08694422 -0.15464276 -0.19446825  0.0883557 ]
 [ 0.22781401 -0.01010298  0.26409557 -0.09599647 -0.14324603]
 [-0.11627548 -0.12350514 -0.16879307 -0.00274399 -0.08978855]]
Matrix Pair 118; W = [[ 0.28725237  0.0050045   0.06814082 -0.11179075  0.03701433]
 [-0.13681379 -0.40477613 -0.07878594  0.2446526  -0.18556861]
 [-0.06998087 -0.05039612 -0.13892759  0.13611062 -0.08431576]
 [ 0.06784098  0.08949459  0.04373287 -0.09531064 -0.03188887]
 [-0.16719019 -0.14657388 -0.26422952 -0.21469377 -0.02306971]]
U = [[ 0.17946624  0.19539004  0.28430649  0.33077135 -0.06819268]
 [-0.1697973  -0.12836973  0.01994241  0.18616618  0.3105056 ]
 [ 0.09906057  0.06199328 -0.17072941 -0.16751876  0.06652315]
 [ 0.21555625  0.01289709  0.30808719 -0.08302711 -0.08441786]
 [-0.12592655 -0.03839235 -0.19263616 -0.01814894 -0.0437651 ]]
Matrix Pair 119; W = [[ 0.34817619 -0.01780537  0.11706631 -0.09447161  0.00165683]
 [-0.12795006 -0.40822872 -0.10325563  0.23143849 -0.13569244]
 [-0.08925787 -0.09058826 -0.10539662  0.10326144 -0.15975167]
 [ 0.08075772  0.15882611  0.045412   -0.00540129 -0.06782656]
 [-0.20190991 -0.15596688 -0.28024218 -0.20028966 -0.0943431 ]]
U = [[ 0.16963965  0.16616936  0.28060791  0.34773028 -0.03898921]
 [-0.19599442 -0.08392187  0.01938763  0.12365627  0.29006823]
 [ 0.11964318  0.05772106 -0.20659747 -0.17059708  0.14134812]
 [ 0.21990177 -0.00837264  0.24396409 -0.05782091 -0.1082325 ]
 [-0.15525785 -0.06023649 -0.17901004 -0.08404721 -0.03634813]]
Matrix Pair 120; W = [[ 0.28950332 -0.06284235  0.11091349 -0.13053598  0.03164905]
 [-0.13990535 -0.44671613 -0.05588178  0.24025045 -0.15326747]
 [-0.09845041 -0.07619889 -0.11719088  0.12577764 -0.14754095]
 [ 0.10555717  0.08173867 -0.01714141 -0.06780098 -0.01574069]
 [-0.2284198  -0.15655823 -0.22111058 -0.14376765  0.00308365]]
U = [[ 0.18803557  0.10991959  0.28942319  0.34860529 -0.00718649]
 [-0.14942566 -0.14575539  0.01596493  0.1403056   0.31620268]
 [ 0.14239992  0.05774985 -0.16202353 -0.16138978  0.15207682]
 [ 0.22180382  0.03025361  0.28121268 -0.09859284 -0.15229598]
 [-0.14025988 -0.05576347 -0.20497222 -0.00510252 -0.03988725]]
Matrix Pair 121; W = [[ 0.26717593  0.02960389  0.05873176 -0.08590664 -0.01842123]
 [-0.21739469 -0.37864355 -0.01123698  0.23486341 -0.09301365]
 [-0.11182087 -0.06083946 -0.12298076  0.14813081 -0.08210523]
 [ 0.14687017  0.07351499  0.02766767 -0.02306692 -0.08016144]
 [-0.24332615 -0.16202134 -0.20512598 -0.19683513 -0.08842638]]
U = [[ 0.18299092  0.19771672  0.26691933  0.28703226 -0.02509652]
 [-0.20761378 -0.10940933  0.01036339  0.18477472  0.34185085]
 [ 0.17475107  0.07643585 -0.16629885 -0.21918739  0.11655424]
 [ 0.15226634 -0.04367317  0.30637963 -0.02700112 -0.07048105]
 [-0.11364724 -0.06011889 -0.18952493 -0.06240543 -0.04193711]]
Matrix Pair 122; W = [[ 0.27619618 -0.02769998  0.08477333 -0.13034118  0.02463957]
 [-0.20219062 -0.39195382 -0.04619204  0.20021846 -0.10521795]
 [-0.09622803 -0.11621788 -0.20195616  0.14881111 -0.11530173]
 [ 0.07654427  0.09952797  0.04752307 -0.00415462 -0.01955121]
 [-0.22269606 -0.14076064 -0.21142494 -0.13110008 -0.09436855]]
U = [[ 0.18694714  0.18901205  0.26955918  0.30385161 -0.05740294]
 [-0.20240079 -0.11379033  0.00927846  0.15399529  0.36240915]
 [ 0.17153367  0.03905875 -0.17815657 -0.14016724  0.08407434]
 [ 0.22397928  0.01723894  0.28040993 -0.00875856 -0.10083477]
 [-0.13528084 -0.03274448 -0.20332011 -0.03411034 -0.09287555]]
Matrix Pair 123; W = [[ 0.33511966 -0.04941755  0.11790983 -0.14579665 -0.0324933 ]
 [-0.19819613 -0.41495229 -0.10531399  0.19673805 -0.11409471]
 [-0.0699972  -0.06848385 -0.15232183  0.07482901 -0.10218062]
 [ 0.08182188  0.07906555 -0.00760289 -0.01172505 -0.09353897]
 [-0.25408767 -0.13103132 -0.29729943 -0.20738565 -0.00420496]]
U = [[ 0.17182215  0.16539344  0.2614662   0.35245502  0.01245757]
 [-0.17799023 -0.16731207 -0.01407033  0.18541441  0.26589476]
 [ 0.11264719  0.01568346 -0.16821436 -0.17449652  0.14605013]
 [ 0.18166335 -0.03398203  0.32080732 -0.05234572 -0.12321728]
 [-0.10118913 -0.05993292 -0.2347143  -0.04739934 -0.05499759]]
Matrix Pair 124; W = [[ 0.32785796 -0.01581804  0.09791189 -0.14417019  0.01696825]
 [-0.13352293 -0.39457262 -0.0390006   0.20121458 -0.10746735]
 [-0.12060765 -0.11362394 -0.17900501  0.16261461 -0.09581266]
 [ 0.12995005  0.11303926  0.05828374 -0.04584529 -0.03059732]
 [-0.25886509 -0.16750063 -0.22793803 -0.21503512 -0.0137203 ]]
U = [[ 0.15795665  0.18469123  0.32130914  0.27350635 -0.04075609]
 [-0.17988653 -0.07405288 -0.01503691  0.18231642  0.32390626]
 [ 0.09656111  0.03637746 -0.22505693 -0.16558489  0.10678327]
 [ 0.14499168  0.02434907  0.24070872 -0.08159144 -0.15923193]
 [-0.06617016 -0.09147975 -0.24915585 -0.02738289 -0.04763552]]
Matrix Pair 125; W = [[ 0.32530893 -0.06107068  0.07708515 -0.07085971 -0.03370852]
 [-0.12014095 -0.42101412 -0.02080917  0.27055556 -0.13469701]
 [-0.08061045 -0.09225387 -0.17145034  0.14539481 -0.11738773]
 [ 0.11098435  0.16369593 -0.01472781 -0.05113073 -0.08978645]
 [-0.25151336 -0.09164557 -0.20493308 -0.15461349 -0.03781816]]
U = [[ 0.17561252  0.20104963  0.26406453  0.29080572 -0.03620691]
 [-0.18899524 -0.16253758  0.04640142  0.1759356   0.3396739 ]
 [ 0.11442226 -0.00396299 -0.21664029 -0.22444549  0.13110679]
 [ 0.18490164 -0.03531799  0.31628156 -0.06302044 -0.0735089 ]
 [-0.12821221 -0.07401951 -0.24548841 -0.05451928 -0.08449369]]
Matrix Pair 126; W = [[ 0.29665126  0.01583484  0.13319211 -0.11425458  0.02903429]
 [-0.19285938 -0.41197215 -0.0315633   0.232756   -0.17413607]
 [-0.13957875 -0.06612424 -0.16593927  0.16101601 -0.15134867]
 [ 0.13355906  0.10198847 -0.02743605 -0.06144455 -0.05049769]
 [-0.24868235 -0.16637496 -0.2360329  -0.15418378 -0.06704485]]
U = [[ 0.11880067  0.18610702  0.31407528  0.33558878 -0.01281189]
 [-0.24045298 -0.15099057  0.05339504  0.13665634  0.32356232]
 [ 0.14236119  0.04183427 -0.24352967 -0.16432751  0.08470145]
 [ 0.2351349   0.01146582  0.30741444 -0.04266475 -0.08582113]
 [-0.10620499 -0.10627376 -0.16064184 -0.01140467 -0.06810211]]
Matrix Pair 127; W = [[ 0.30766088 -0.06271318  0.08169294 -0.07371034 -0.00444306]
 [-0.15336678 -0.39149097 -0.1047716   0.21981157 -0.09356253]
 [-0.08743456 -0.09349097 -0.13010133  0.13673127 -0.10510033]
 [ 0.08582141  0.15728443  0.05105573 -0.05740524 -0.07373976]
 [-0.18262312 -0.17530235 -0.27094083 -0.13384707 -0.05860203]]
U = [[ 0.15939793  0.19671241  0.28644782  0.3353982  -0.01974895]
 [-0.19751731 -0.07628629  0.04273252  0.13309038  0.27877902]
 [ 0.10285638  0.05117878 -0.22938703 -0.22361277  0.06029022]
 [ 0.22107763 -0.00904723  0.2786431  -0.09186631 -0.0753824 ]
 [-0.09195226 -0.05725078 -0.23236208 -0.02864218 -0.03477568]]
