Epoch: 76Matrix Pair 0; W = [[ 0.22513851 -0.07643448  0.10853815 -0.21545165  0.11787874]
 [-0.04381944 -0.37143751 -0.0981496   0.28222318 -0.10129411]
 [-0.12140947  0.06285538 -0.02476268  0.08276913  0.07681473]
 [-0.07119683  0.08799341  0.04079579 -0.07346679 -0.04642808]
 [-0.16688218 -0.15695819 -0.13964937 -0.07630737 -0.02359435]]
U = [[ 0.21963348  0.08704932  0.24393559  0.35018145 -0.0606792 ]
 [-0.32519376 -0.02075707  0.13030791  0.17020252  0.20293876]
 [ 0.03528367 -0.06203971 -0.27308179 -0.20195067  0.18223185]
 [ 0.29205644  0.00843873  0.3179312   0.01998368 -0.18647269]
 [-0.08434024 -0.08963261 -0.29523724 -0.00356925  0.03353497]]
Matrix Pair 1; W = [[ 0.22002877 -0.11217623  0.0917382  -0.24516991  0.09960991]
 [-0.07859204 -0.27995083 -0.13530747  0.20369183 -0.0399326 ]
 [-0.12692855  0.04110569 -0.11338618  0.11177893  0.01622708]
 [-0.06063816  0.1045431  -0.00876977 -0.06616085 -0.06613557]
 [-0.17685333 -0.07751697 -0.1282977  -0.11236769  0.03811743]]
U = [[ 0.19948924  0.06636264  0.20373737  0.35702808 -0.03175815]
 [-0.39148885 -0.11080319  0.07766354  0.11702574  0.18697524]
 [ 0.10388698 -0.02039075 -0.23281009 -0.22763178  0.10329707]
 [ 0.22844444 -0.01221001  0.27285017  0.02472199 -0.15745233]
 [-0.13944432 -0.02874543 -0.26501108  0.04551567 -0.00571727]]
Matrix Pair 2; W = [[ 0.30028216 -0.1273001   0.1022383  -0.18914823  0.16899413]
 [-0.06245874 -0.34586958 -0.06941588  0.23410409 -0.04942868]
 [-0.10639393  0.06669997 -0.03079484  0.16582824  0.02973112]
 [-0.05385394  0.07411454  0.03774052 -0.11887204 -0.03110488]
 [-0.17255623 -0.16227291 -0.15849194 -0.11427739  0.02190198]]
U = [[ 0.20591894  0.0460419   0.25088673  0.38090242 -0.00814388]
 [-0.35927586 -0.0452094   0.05987846  0.16304975  0.15064185]
 [ 0.1188218  -0.04493031 -0.22099226 -0.19584063  0.19444007]
 [ 0.23536693 -0.05076058  0.24911087  0.01537801 -0.24317586]
 [-0.15776304 -0.05912398 -0.24536041  0.00507167 -0.03691916]]
Matrix Pair 3; W = [[ 0.24269449 -0.07066052  0.0437069  -0.22027286  0.16425292]
 [-0.09555988 -0.31876859 -0.10218009  0.19146997 -0.04814005]
 [-0.08153985  0.03010204 -0.09532574  0.1153608   0.06041081]
 [-0.09627051  0.06447142 -0.02008825 -0.05313167 -0.09137725]
 [-0.13684808 -0.07414944 -0.19479118 -0.07368686  0.05177003]]
U = [[ 0.23770923  0.09336209  0.25338456  0.33309988 -0.02223838]
 [-0.30404427 -0.08600393  0.08532017  0.09336646  0.1629259 ]
 [ 0.08224222 -0.06547231 -0.28616975 -0.18198205  0.13310074]
 [ 0.32163936 -0.02883701  0.27158315 -0.04573464 -0.19468522]
 [-0.07955877 -0.01262266 -0.33335258 -0.00378793  0.03614428]]
Matrix Pair 4; W = [[ 0.30094967 -0.10141658  0.02643503 -0.23861587  0.1527562 ]
 [-0.05812794 -0.32725529 -0.15001233  0.20744083 -0.10344635]
 [-0.06188477  0.03756609 -0.10626652  0.10459607  0.00407969]
 [-0.04279784  0.12948711  0.00131478 -0.12607797 -0.03819369]
 [-0.19207867 -0.0747565  -0.13631499 -0.05880468 -0.00662651]]
U = [[ 0.19420616  0.10906223  0.25886331  0.29900907 -0.05977287]
 [-0.35737734 -0.02631349  0.10863995  0.16521598  0.20046468]
 [ 0.09391806 -0.00863101 -0.26206317 -0.23227515  0.15725542]
 [ 0.25415225 -0.06241517  0.30280754 -0.00845364 -0.21256826]
 [-0.17221357 -0.05865341 -0.2346116   0.04401223 -0.03739464]]
Matrix Pair 5; W = [[ 0.2440077  -0.06840815  0.0814901  -0.17089791  0.13860408]
 [-0.10205862 -0.31017496 -0.16087587  0.23593828 -0.10590719]
 [-0.06863376 -0.02397033 -0.06916387  0.13150292 -0.00442114]
 [-0.05497676  0.09551376  0.0010389  -0.04171397 -0.01833948]
 [-0.19115436 -0.11703879 -0.1291295  -0.14344233  0.04740035]]
U = [[ 0.16488956  0.03490466  0.22274079  0.33045099 -0.03108801]
 [-0.3776861  -0.11061851  0.07455379  0.13850092  0.16826372]
 [ 0.10149442 -0.06681766 -0.28706366 -0.18251236  0.18451336]
 [ 0.25850499 -0.03635999  0.2726654  -0.02090208 -0.1932729 ]
 [-0.1307469  -0.06017104 -0.33237281  0.02741987  0.01022674]]
Matrix Pair 6; W = [[ 0.29924842 -0.10204307  0.09697714 -0.23407686  0.15080178]
 [-0.09628682 -0.35312433 -0.13567105  0.23676021 -0.0614988 ]
 [-0.06114022 -0.02873601 -0.09791474  0.1444108   0.00288438]
 [-0.08245718  0.08708866  0.03467783 -0.0892099  -0.0123133 ]
 [-0.17526819 -0.08543157 -0.14326477 -0.13158401  0.04907621]]
U = [[ 0.22259343  0.03818998  0.23698085  0.37400816 -0.07703317]
 [-0.30820819 -0.03373855  0.14036474  0.15179758  0.14817324]
 [ 0.05511435 -0.03200474 -0.27363853 -0.18182815  0.11063164]
 [ 0.28409567 -0.05173942  0.22233176  0.01871403 -0.16142516]
 [-0.07727459 -0.08719003 -0.27734178  0.00671251  0.04383209]]
Matrix Pair 7; W = [[ 0.29301416 -0.10713769  0.02601017 -0.21177345  0.09430506]
 [-0.06779335 -0.35203968 -0.10785208  0.19129414 -0.13300427]
 [-0.09030353  0.04300961 -0.02619722  0.12677994  0.06559308]
 [-0.09082833  0.06230028  0.01245171 -0.11742124 -0.04773354]
 [-0.14030557 -0.13628156 -0.1447026  -0.10499517  0.01795138]]
U = [[ 0.15981693  0.12151875  0.23836124  0.28799128 -0.04534678]
 [-0.33842856 -0.07388992  0.10052995  0.08274955  0.17302434]
 [ 0.11072142 -0.04229971 -0.2758617  -0.17865878  0.13785144]
 [ 0.25020511  0.03162789  0.22949822 -0.00475119 -0.21250248]
 [-0.1415931  -0.06941916 -0.26261132  0.06657805  0.03271343]]
Matrix Pair 8; W = [[ 0.2819754  -0.0715738   0.06329981 -0.24255187  0.15604971]
 [-0.06995533 -0.35035333 -0.14938682  0.26567367 -0.03786413]
 [-0.08019122 -0.00064641 -0.02327338  0.08636908  0.01908051]
 [-0.09950368  0.11195165  0.00727213 -0.06606601 -0.07973557]
 [-0.13315637 -0.07393912 -0.18720879 -0.14585159  0.02854216]]
U = [[ 0.19868088  0.10563982  0.250695    0.2929071  -0.04215563]
 [-0.38898415 -0.0331386   0.11478015  0.13372541  0.20624507]
 [ 0.0721684  -0.08264262 -0.2642223  -0.20943962  0.15391498]
 [ 0.28804056 -0.00381271  0.24303113 -0.03623184 -0.23339075]
 [-0.11444494 -0.02242549 -0.23502381  0.00123552  0.04192501]]
Matrix Pair 9; W = [[ 0.25781962 -0.07465641  0.03315203 -0.23437346  0.1592203 ]
 [-0.02021885 -0.33917691 -0.12665645  0.20158649 -0.105398  ]
 [-0.0326255   0.0538549  -0.10975235  0.1307653   0.00073677]
 [-0.07799322  0.12341852  0.02183903 -0.13315709 -0.0946629 ]
 [-0.16369734 -0.14108493 -0.20218213 -0.1464553  -0.01163168]]
U = [[ 0.20135852  0.10906115  0.17021937  0.29933555 -0.00472398]
 [-0.32020395 -0.05219596  0.07146979  0.10110414  0.13885063]
 [ 0.08115538 -0.05450875 -0.2183474  -0.1945728   0.1340856 ]
 [ 0.32375664 -0.05856067  0.30552267 -0.02529939 -0.1664612 ]
 [-0.0865014  -0.05171122 -0.27037327 -0.02053628  0.03450331]]
Matrix Pair 10; W = [[ 0.2498476  -0.11266803  0.04343101 -0.17390222  0.17771441]
 [-0.10270153 -0.2826985  -0.09397522  0.2271404  -0.06693197]
 [-0.04735984 -0.02102158 -0.07033591  0.11225002  0.03412743]
 [-0.08329704  0.08116803  0.06812574 -0.12901773 -0.0480179 ]
 [-0.15473128 -0.09970132 -0.18040151 -0.07530922 -0.00432319]]
U = [[ 0.17292278  0.11585906  0.18457187  0.31729603 -0.0284421 ]
 [-0.35458549 -0.0923314   0.10730922  0.1523122   0.14202933]
 [ 0.08465921 -0.02808587 -0.22287051 -0.25657619  0.19794658]
 [ 0.28401846 -0.0062389   0.30101992  0.02177132 -0.21242076]
 [-0.15517    -0.05834069 -0.29600181  0.00820675 -0.04161721]]
Matrix Pair 11; W = [[ 0.27944722 -0.11279947  0.11176146 -0.24758371  0.14717136]
 [-0.08503295 -0.34522849 -0.07654573  0.20996752 -0.0907195 ]
 [-0.05659568 -0.00594252 -0.02806915  0.08301934  0.00494892]
 [-0.07256016  0.15213992  0.0569169  -0.11075955 -0.00628187]
 [-0.13869787 -0.12346478 -0.16081148 -0.06477637  0.03637865]]
U = [[ 0.21240122  0.0929433   0.26150184  0.30988079 -0.03304788]
 [-0.3870263  -0.10007355  0.09983268  0.09438262  0.14177034]
 [ 0.09061798 -0.10165264 -0.2787648  -0.19563035  0.18772746]
 [ 0.29391851  0.02462056  0.29430916 -0.02087428 -0.15917101]
 [-0.12413032 -0.07483215 -0.32081207  0.05412932  0.00637267]]
Matrix Pair 12; W = [[ 0.25505041 -0.05546201  0.04169608 -0.23485288  0.18456115]
 [-0.04949504 -0.34000913 -0.14676468  0.27947993 -0.11190981]
 [-0.05282336  0.04794821 -0.04866201  0.13798145  0.02833552]
 [-0.01902582  0.09286098 -0.0165227  -0.07284218 -0.0143078 ]
 [-0.1598079  -0.07419768 -0.19297766 -0.1451753  -0.02225412]]
U = [[ 0.20162071  0.07274335  0.19371533  0.32889788 -0.0223514 ]
 [-0.3522784  -0.02887139  0.12933205  0.07941548  0.18912529]
 [ 0.08561105 -0.08040276 -0.29340743 -0.15963994  0.14742643]
 [ 0.32089927 -0.01659358  0.31611388  0.02615341 -0.15888562]
 [-0.09312447 -0.04829832 -0.307425    0.00746192  0.03201614]]
Matrix Pair 13; W = [[ 0.28096503 -0.15091793  0.02052376 -0.24278405  0.15609624]
 [-0.09300818 -0.29672263 -0.12361081  0.25079412 -0.09826372]
 [-0.10855668  0.04132212 -0.05955523  0.13281472 -0.00844013]
 [-0.10414565  0.10856071 -0.02163157 -0.09429322 -0.09694012]
 [-0.1291627  -0.15905634 -0.14319961 -0.12824915 -0.01254053]]
U = [[ 0.15737258  0.12355483  0.24207725  0.3716321  -0.046173  ]
 [-0.31569739 -0.10313338  0.1196524   0.11148841  0.19179284]
 [ 0.1271139  -0.05187427 -0.20143888 -0.22693263  0.19778395]
 [ 0.28188059 -0.00372341  0.22107823 -0.04469114 -0.14550835]
 [-0.11480195  0.00504458 -0.26971822 -0.02484257  0.03737724]]
Matrix Pair 14; W = [[ 0.23717541 -0.10906406  0.10902585 -0.20488502  0.09807967]
 [-0.02983801 -0.35571598 -0.15631007  0.23048945 -0.10489484]
 [-0.09542238  0.05871293 -0.02498464  0.09217764  0.03920659]
 [-0.06890409  0.11874744  0.04192825 -0.11669363 -0.02505031]
 [-0.12160823 -0.08319837 -0.1159999  -0.07914553 -0.02586591]]
U = [[ 0.21497858  0.09479813  0.16279781  0.33657453 -0.03674351]
 [-0.30747816 -0.06404652  0.08743053  0.11769447  0.15346984]
 [ 0.08794348 -0.09844308 -0.23759175 -0.2341221   0.12335431]
 [ 0.25836317 -0.06293423  0.31299994 -0.04290838 -0.21629224]
 [-0.14613904 -0.07329583 -0.29100823  0.02977875  0.01646957]]
Matrix Pair 15; W = [[ 0.26296986 -0.0666552   0.05152677 -0.18762577  0.16103026]
 [-0.03286818 -0.35610733 -0.1524039   0.25964365 -0.0508662 ]
 [-0.10918755  0.06259626 -0.08837766  0.15538252  0.04437444]
 [-0.09119182  0.11336557 -0.01612909 -0.05156354 -0.04238513]
 [-0.17314953 -0.13336996 -0.13106309 -0.05847854  0.01882944]]
U = [[ 0.23218365  0.04660566  0.20216242  0.30127901 -0.0085787 ]
 [-0.35498203 -0.1108105   0.08413565  0.17057067  0.11092859]
 [ 0.08712808 -0.0253257  -0.2782745  -0.19682688  0.17838921]
 [ 0.22493884 -0.04355216  0.24740005 -0.04227219 -0.15231415]
 [-0.17081792 -0.06934145 -0.2515353   0.05673765 -0.00564875]]
Matrix Pair 16; W = [[ 0.23960361  0.040384    0.09727055 -0.23947479  0.12567649]
 [-0.06768907 -0.31156493 -0.12516749  0.2238563  -0.05249663]
 [-0.09823076  0.00621421 -0.03180785  0.08303253  0.0130847 ]
 [-0.01337487  0.0272316   0.12076815 -0.14290195 -0.03536783]
 [-0.19460652 -0.1300567  -0.19976367 -0.14093598  0.00104678]]
U = [[ 0.09446425  0.07470655  0.21347259  0.26475086 -0.02959617]
 [-0.31524391 -0.0556694  -0.0338787   0.10876293  0.15393644]
 [ 0.11580911 -0.05645747 -0.17032499 -0.05483647  0.08500755]
 [ 0.22322468 -0.10292563  0.20283837  0.04694283 -0.23474748]
 [-0.19841436  0.00526913 -0.27198733 -0.07400695 -0.05700736]]
Matrix Pair 17; W = [[ 0.23936449  0.03018122  0.0534781  -0.22285208  0.14318476]
 [-0.08311183 -0.29850559 -0.05097218  0.18179018 -0.06633805]
 [-0.07431696  0.05298312 -0.11278014  0.02755212  0.00238225]
 [-0.0069704   0.07894272  0.15722344 -0.17027225 -0.04535537]
 [-0.14033173 -0.0909872  -0.14830504 -0.10475604  0.02626343]]
U = [[ 0.07402251  0.10635572  0.19043069  0.2821752  -0.00613486]
 [-0.34145271 -0.03832013  0.00950642  0.08736466  0.1749312 ]
 [ 0.02057635 -0.13031857 -0.13854205 -0.11914641  0.13689817]
 [ 0.28632466 -0.09718662  0.17749664  0.03778697 -0.27822928]
 [-0.12467025  0.02590081 -0.22206054 -0.10667915  0.01142801]]
Matrix Pair 18; W = [[ 0.27576574  0.03496961  0.02168905 -0.25475358  0.13368387]
 [-0.04112191 -0.32534115 -0.1020491   0.1973317  -0.11169911]
 [-0.05194378  0.01152137 -0.07911874  0.04410279  0.03395449]
 [-0.02927472  0.08255694  0.09973688 -0.13105525 -0.04899662]
 [-0.15591363 -0.13940922 -0.1752123  -0.17547392  0.04976858]]
U = [[ 4.48394737e-02  3.75595648e-02  2.69231679e-01  3.36836299e-01
   6.46175831e-04]
 [-3.43788881e-01 -1.27179720e-01 -4.68191850e-02  1.18696400e-01
   1.78765605e-01]
 [ 3.22626721e-02 -9.50380814e-02 -1.21276329e-01 -9.47882157e-02
   1.17556526e-01]
 [ 2.31382697e-01 -2.80818374e-02  1.75159288e-01 -3.09184417e-04
  -2.70173279e-01]
 [-1.70340904e-01  2.34907846e-02 -2.83176208e-01 -1.18489897e-01
  -4.83845237e-02]]
Matrix Pair 19; W = [[ 0.27247571  0.03349067  0.11041401 -0.27700772  0.13872673]
 [-0.04357304 -0.30879448 -0.11774568  0.21661752 -0.10767308]
 [-0.1062214  -0.00306363 -0.11509848  0.08778702  0.04412005]
 [-0.03466377  0.02924093  0.1477797  -0.11530105 -0.02756444]
 [-0.18080259 -0.11059048 -0.18550122 -0.13673532  0.00669634]]
U = [[ 0.0657749   0.05283732  0.24097031  0.25845111 -0.00834843]
 [-0.30517239 -0.04319657 -0.05746527  0.02853318  0.17445457]
 [ 0.08832574 -0.04521501 -0.2104891  -0.07302184  0.13803421]
 [ 0.26722794 -0.03624827  0.16006913  0.08548328 -0.24964435]
 [-0.19363711  0.03998523 -0.21237651 -0.06843086  0.01851708]]
Matrix Pair 20; W = [[ 0.2417621   0.03531792  0.10319151 -0.19417667  0.07663922]
 [-0.07721817 -0.38614679 -0.10200117  0.23697993 -0.03118619]
 [-0.11255552  0.03512902 -0.117686    0.05804132 -0.02056382]
 [-0.04866486  0.06296059  0.17061282 -0.08477665 -0.0336239 ]
 [-0.19699199 -0.09810436 -0.10972929 -0.18984228  0.01888337]]
U = [[ 0.09985094  0.03314172  0.25778903  0.30710891 -0.07428218]
 [-0.39433846 -0.05992694  0.00824721  0.06223551  0.15427102]
 [ 0.10253621 -0.13092315 -0.12785634 -0.06512889  0.09223393]
 [ 0.25553915 -0.08264454  0.14529296  0.03203544 -0.25956613]
 [-0.112853   -0.00195475 -0.22095976 -0.10168388 -0.03020595]]
Matrix Pair 21; W = [[ 0.23433816  0.06377991  0.05132661 -0.20711123  0.09414965]
 [-0.11081759 -0.36512743 -0.11193133  0.2397587  -0.02149831]
 [-0.11355137  0.05153952 -0.11819596  0.10645747 -0.02358527]
 [-0.06119654  0.06137067  0.08617985 -0.13907237 -0.05098833]
 [-0.14841239 -0.15757732 -0.15414544 -0.18606848  0.05945043]]
U = [[ 0.09004383  0.03642358  0.1929791   0.2668984   0.00715233]
 [-0.34275711 -0.06837881 -0.05365786  0.07218394  0.12589749]
 [ 0.09723294 -0.06655351 -0.15684649 -0.13350479  0.08992547]
 [ 0.242073   -0.00467173  0.14100853  0.06645867 -0.27012094]
 [-0.14122775 -0.00977159 -0.29536022 -0.10976382 -0.04627314]]
Matrix Pair 22; W = [[ 0.2847064   0.00972434  0.10544208 -0.26275936  0.1207537 ]
 [-0.03866483 -0.2992582  -0.09846413  0.27247079 -0.03444511]
 [-0.07686409  0.04087466 -0.11575071  0.10196636  0.02475062]
 [-0.03632321  0.07007162  0.14397375 -0.15480052 -0.02278714]
 [-0.20459358 -0.14374082 -0.15356106 -0.10623903 -0.02093407]]
U = [[ 0.11139818  0.04854297  0.1801751   0.26939216 -0.02245412]
 [-0.35188644 -0.08578636 -0.03783275  0.07450054  0.10512036]
 [ 0.06231823 -0.12727237 -0.21899421 -0.09414279  0.18010981]
 [ 0.2376324  -0.06764054  0.18349325 -0.00207692 -0.27005265]
 [-0.11311552  0.02476659 -0.30046319 -0.07674227 -0.0508791 ]]
Matrix Pair 23; W = [[ 0.25287616  0.08000574  0.11318833 -0.22364811  0.06096094]
 [-0.10465479 -0.3610819  -0.0545477   0.22171947 -0.02011278]
 [-0.07773725  0.06289922 -0.08835704  0.05180292  0.04472885]
 [-0.03962676  0.04543243  0.10543048 -0.13231319 -0.09039039]
 [-0.17754421 -0.16568612 -0.19021206 -0.18430857 -0.0022126 ]]
U = [[ 0.08530395  0.07797758  0.22667455  0.2813235   0.02100746]
 [-0.29781328 -0.0524087   0.03328468  0.03554778  0.13534505]
 [ 0.11602309 -0.09405716 -0.14534311 -0.12744096  0.15419298]
 [ 0.24940562 -0.08195185  0.16960248  0.03219659 -0.25268478]
 [-0.11698778  0.03369876 -0.26095419 -0.07819701 -0.02004584]]
Matrix Pair 24; W = [[ 0.29379331  0.06461961  0.10721935 -0.19040864  0.13798702]
 [-0.05380807 -0.34872289 -0.06739837  0.18921728 -0.01484645]
 [-0.09952222  0.0267114  -0.08470011  0.06849578  0.00387365]
 [-0.01723759  0.04911685  0.11926764 -0.11599702 -0.06161444]
 [-0.12982136 -0.13790783 -0.1261128  -0.17847201 -0.01603903]]
U = [[ 0.10895446  0.03132756  0.24163618  0.33511481 -0.06499374]
 [-0.34047842 -0.10315361 -0.0556087   0.1054219   0.16707729]
 [ 0.10609194 -0.11283066 -0.20338075 -0.1343129   0.14584478]
 [ 0.26387851 -0.01531767  0.13498933  0.05617679 -0.24126373]
 [-0.15203872  0.03653728 -0.205476   -0.05441508  0.00654882]]
Matrix Pair 25; W = [[ 0.21702043  0.04141076  0.04708258 -0.24490087  0.09510143]
 [-0.03660825 -0.30810806 -0.10633577  0.26761212 -0.05846622]
 [-0.07434246  0.01029705 -0.04219076  0.09060351 -0.00168325]
 [-0.07717729  0.03780636  0.11096142 -0.11558508 -0.04418904]
 [-0.20095662 -0.14502566 -0.17149692 -0.11985226  0.0294921 ]]
U = [[ 0.13560333  0.07585281  0.27047571  0.30245322  0.02130677]
 [-0.39481896 -0.05875706  0.01219846  0.03718543  0.15556725]
 [ 0.10892105 -0.04657475 -0.17195132 -0.05969056  0.17074226]
 [ 0.31021213 -0.00826158  0.14119581  0.01846814 -0.30242962]
 [-0.14000409  0.02443416 -0.24921539 -0.11591976 -0.02733693]]
Matrix Pair 26; W = [[ 0.20416004  0.04220336  0.02661481 -0.24520882  0.14223967]
 [-0.08536474 -0.3850053  -0.09734832  0.19914198 -0.07038201]
 [-0.09934414  0.07033676 -0.0300101   0.07120089 -0.00509064]
 [-0.01331304  0.04064185  0.0902992  -0.1094008  -0.07988286]
 [-0.16947199 -0.17752348 -0.19623803 -0.16658874 -0.02000912]]
U = [[ 0.08233194  0.04005121  0.17869766  0.27469725  0.00775697]
 [-0.34854537 -0.12530962 -0.00161977  0.09332814  0.14754237]
 [ 0.08081774 -0.04649058 -0.1867548  -0.1206889   0.10779832]
 [ 0.24649293 -0.10253086  0.14690434  0.04139545 -0.2550308 ]
 [-0.18909593 -0.0084393  -0.22983203 -0.09815982 -0.05925112]]
Matrix Pair 27; W = [[ 0.26914208  0.00969973  0.11248737 -0.23212558  0.05166658]
 [-0.10386305 -0.30619664 -0.10742118  0.24708388 -0.10106432]
 [-0.09919797  0.00142193 -0.10124614  0.10895559  0.03530375]
 [-0.0827311   0.08099711  0.10455049 -0.10072386 -0.06319164]
 [-0.13521827 -0.16515072 -0.16621358 -0.10689535  0.02861425]]
U = [[ 0.03947366  0.04204334  0.2419758   0.31312222 -0.07073319]
 [-0.36949661 -0.12537326  0.01455368  0.04206697  0.13756257]
 [ 0.05632294 -0.11576782 -0.21349489 -0.08086577  0.16033659]
 [ 0.29704248 -0.08725954  0.13898981  0.04055036 -0.26703695]
 [-0.1124767   0.00743793 -0.27518824 -0.07316959 -0.01335227]]
Matrix Pair 28; W = [[ 0.28602447  0.06340874  0.10606044 -0.25417871  0.12065069]
 [-0.0368521  -0.32407948 -0.07788771  0.2444982  -0.08862071]
 [-0.09229149  0.01128068 -0.10662767  0.08492522  0.00577862]
 [-0.00821979  0.03742084  0.13089701 -0.09955202 -0.05351957]
 [-0.12722937 -0.14756835 -0.15263117 -0.11070378  0.03111492]]
U = [[ 0.08172214  0.09982856  0.23975701  0.30132099 -0.01978813]
 [-0.35656509 -0.07217232 -0.05320338  0.04894679  0.11902567]
 [ 0.08204564 -0.11379538 -0.19802858 -0.09041965  0.16986816]
 [ 0.2601398  -0.05590055  0.18025843 -0.00386177 -0.25232492]
 [-0.19772882 -0.0080364  -0.28091885 -0.08781612 -0.00917375]]
Matrix Pair 29; W = [[ 0.2100067   0.03220082  0.11709717 -0.25494515  0.08897778]
 [-0.11018832 -0.36179409 -0.10969822  0.23850565 -0.04833026]
 [-0.10570912  0.05278933 -0.09894962  0.09582491  0.04526854]
 [-0.0879651   0.07005985  0.11863547 -0.08549726 -0.00115274]
 [-0.20941694 -0.17644794 -0.19602483 -0.19280244  0.06474353]]
U = [[ 0.13143186  0.07854057  0.22475397  0.33708083  0.00732941]
 [-0.34743393 -0.08418188 -0.03619358  0.07234344  0.12745053]
 [ 0.02202115 -0.09199789 -0.18067612 -0.12484865  0.17366287]
 [ 0.30959165 -0.03463901  0.20594588  0.00759021 -0.26942244]
 [-0.19823411 -0.01716979 -0.25987908 -0.02655292  0.01570625]]
Matrix Pair 30; W = [[ 0.28305198  0.06601649  0.08103531 -0.20253529  0.04739162]
 [-0.03408391 -0.36253415 -0.12658412  0.25661203 -0.04730956]
 [-0.09539713  0.07888799 -0.08460805  0.01898741  0.03142123]
 [-0.0659053   0.05450712  0.15879492 -0.09079668 -0.08716644]
 [-0.14734991 -0.17249143 -0.12159147 -0.18363887 -0.0182988 ]]
U = [[ 0.12891299  0.08078166  0.1865032   0.31847429 -0.07328882]
 [-0.39467493 -0.10096903  0.0140094   0.06607117  0.10022242]
 [ 0.07266963 -0.12968763 -0.16980299 -0.13410386  0.127769  ]
 [ 0.25614112 -0.02461831  0.18759779  0.04613168 -0.24427526]
 [-0.16293027  0.05515852 -0.26924    -0.03596279 -0.00721851]]
Matrix Pair 31; W = [[ 0.29250958  0.07115291  0.0497825  -0.27572631  0.05177538]
 [-0.10044256 -0.37335187 -0.13789138  0.18775713 -0.07285372]
 [-0.08938256  0.03858468 -0.10248843  0.04686433  0.0579599 ]
 [-0.07829607  0.08842943  0.14418782 -0.11291044 -0.01703701]
 [-0.18936809 -0.16640031 -0.18296747 -0.16647064 -0.01107731]]
U = [[ 0.07347415  0.11582252  0.26492471  0.27360057 -0.07387001]
 [-0.38840337 -0.04216404 -0.02043981  0.02759335  0.09211581]
 [ 0.04042237 -0.10788243 -0.21406445 -0.09730071  0.1247579 ]
 [ 0.25446944 -0.04803486  0.16745056  0.06107116 -0.23453994]
 [-0.17764654  0.01171904 -0.2267882  -0.08357119 -0.01890315]]
Matrix Pair 32; W = [[ 0.21058145 -0.02564667  0.10406803 -0.16389047  0.20725029]
 [-0.0597502  -0.35762109 -0.09117867  0.23989781 -0.06454717]
 [-0.06108628  0.02199922 -0.08050089  0.05466931  0.03043558]
 [-0.13875994  0.15856321  0.06344416 -0.10085165 -0.07181545]
 [-0.10484107 -0.07811937 -0.11775005 -0.16322464  0.03127473]]
U = [[ 0.19843634  0.04551899  0.16427668  0.40327359  0.00875172]
 [-0.3385857  -0.04814925  0.09959832  0.08540984  0.16664355]
 [ 0.10350985 -0.11613932 -0.26704913 -0.13251963  0.09313619]
 [ 0.25595513 -0.03695378  0.2843258   0.01404013 -0.19608276]
 [-0.0942329  -0.00371607 -0.254198   -0.01939139 -0.02498106]]
Matrix Pair 33; W = [[ 0.27824354 -0.08382126  0.02873444 -0.14023825  0.17075358]
 [-0.01843254 -0.31034265 -0.12501668  0.26071379 -0.09787108]
 [-0.02957859  0.00539305 -0.07066061  0.06855057  0.03369609]
 [-0.08057263  0.10355361  0.06614563 -0.09907368 -0.12266566]
 [-0.16557197 -0.06917512 -0.18124163 -0.11343412  0.04416128]]
U = [[ 0.23631371  0.05982268  0.15457365  0.42760375  0.02911017]
 [-0.38837534 -0.11050568  0.08643915  0.1779803   0.15644634]
 [ 0.06854675 -0.02315111 -0.26549966 -0.12847163  0.17640183]
 [ 0.22964176 -0.01478472  0.29080386  0.05198712 -0.15622366]
 [-0.15229707  0.08802844 -0.30809985  0.01375331  0.05215552]]
Matrix Pair 34; W = [[ 0.24884375 -0.01064187  0.09764245 -0.12307173  0.17305214]
 [-0.0120872  -0.40140992 -0.11029691  0.29659099 -0.11181251]
 [-0.07266238 -0.00467038 -0.01903281  0.04475533  0.08407186]
 [-0.09989394  0.08250786  0.07786576 -0.11002485 -0.08462627]
 [-0.12548651 -0.06774057 -0.19299321 -0.17110618  0.08985785]]
U = [[ 0.22491092  0.04930983  0.18407635  0.3600748  -0.00407338]
 [-0.40402381 -0.1129302   0.09855107  0.13894563  0.17789105]
 [ 0.11082501 -0.02040808 -0.24591642 -0.14884553  0.15222133]
 [ 0.27509243 -0.02996982  0.31058804  0.02826597 -0.24481002]
 [-0.10731046  0.03069049 -0.25227964 -0.02923226 -0.01921283]]
Matrix Pair 35; W = [[ 0.29635392 -0.03360504  0.05987392 -0.12098355  0.20012144]
 [-0.00247734 -0.38694774 -0.13874835  0.29013546 -0.04080585]
 [-0.00410844  0.05468564 -0.05955174  0.07226801  0.02915859]
 [-0.13690072  0.11135742  0.03247614 -0.12158436 -0.10877039]
 [-0.09633533 -0.07272279 -0.18895002 -0.1968506   0.03562197]]
U = [[ 0.2421725   0.0229343   0.15283209  0.42619446 -0.04780665]
 [-0.37925449 -0.07846976  0.0950921   0.1523533   0.11517061]
 [ 0.09777067 -0.08041416 -0.24909229 -0.19738633  0.1422853 ]
 [ 0.30206212 -0.01028883  0.29372257  0.04609843 -0.21273579]
 [-0.1026682   0.01467925 -0.26038416 -0.01437496 -0.0417    ]]
Matrix Pair 36; W = [[ 0.2243646  -0.00157572  0.07101491 -0.12660457  0.14890621]
 [ 0.00905724 -0.34010215 -0.13754929  0.25888157 -0.05871111]
 [-0.03678065  0.01818649 -0.00871363  0.040429    0.09394213]
 [-0.1342611   0.15104917  0.09006253 -0.08120319 -0.06748267]
 [-0.12870577 -0.06649404 -0.15926838 -0.14306805  0.01579575]]
U = [[ 0.17602284  0.03922841  0.15673196  0.39608955 -0.04323563]
 [-0.4057949  -0.10726435  0.11306625  0.16857358  0.12120671]
 [ 0.12916488 -0.07027955 -0.22147546 -0.10355295  0.13930142]
 [ 0.27352739  0.04904569  0.27528187 -0.02454323 -0.17176092]
 [-0.16395391  0.04500898 -0.2860103   0.01663018  0.00898731]]
Matrix Pair 37; W = [[ 0.20882714 -0.02552776  0.08923043 -0.15848     0.20411022]
 [-0.03760025 -0.34335634 -0.13792853  0.2846794  -0.06890371]
 [-0.02765941  0.01210305 -0.08241653  0.05887077  0.03033546]
 [-0.13325408  0.08976376  0.06925815 -0.07135278 -0.1243045 ]
 [-0.18075722 -0.07781316 -0.15416225 -0.18790907  0.04150895]]
U = [[ 0.17521974  0.03077586  0.16462871  0.33965061  0.02636323]
 [-0.38476195 -0.09351708  0.13723198  0.14437231  0.16059058]
 [ 0.09446914 -0.0977493  -0.28532719 -0.18067396  0.11977491]
 [ 0.25663846 -0.01376448  0.35004199 -0.0157112  -0.18493714]
 [-0.15957078  0.03420342 -0.28598071 -0.00047002 -0.02898753]]
Matrix Pair 38; W = [[ 0.22632146 -0.0778482   0.10143946 -0.19438317  0.15002307]
 [-0.04158358 -0.34725139 -0.11728036  0.25184318 -0.08362511]
 [-0.05477909 -0.00791808 -0.03506124  0.0538859   0.0569305 ]
 [-0.1219029   0.11277982  0.0850852  -0.10348737 -0.12711402]
 [-0.13853871 -0.12057813 -0.18988097 -0.15772498  0.08116203]]
U = [[ 0.17333603  0.08926535  0.19732016  0.38020017  0.02318883]
 [-0.41117676 -0.04255862  0.11991563  0.11899811  0.12405187]
 [ 0.11398566 -0.05674591 -0.2510851  -0.14221185  0.13936836]
 [ 0.31440505  0.00668246  0.31400437  0.03250087 -0.18276971]
 [-0.13244066  0.07478908 -0.31988116  0.0356053   0.02379153]]
Matrix Pair 39; W = [[ 0.27278464 -0.09881931  0.03640498 -0.20209954  0.14301106]
 [ 0.00938648 -0.31999863 -0.14321239  0.24324404 -0.03864834]
 [-0.00836214  0.01261905 -0.07180635  0.05807703  0.01363373]
 [-0.10316428  0.14106759  0.01662689 -0.10617982 -0.11963107]
 [-0.1664279  -0.15383803 -0.16872565 -0.11123174  0.07592801]]
U = [[ 0.20796845  0.0158484   0.16640639  0.38852204 -0.02312863]
 [-0.3913646  -0.10154164  0.10399533  0.13226357  0.13597168]
 [ 0.05219251 -0.08577589 -0.26608771 -0.13957827  0.18059315]
 [ 0.25453108 -0.02141239  0.26443765  0.00806476 -0.15683729]
 [-0.09498958  0.08534946 -0.30986513  0.04271278  0.05424253]]
Matrix Pair 40; W = [[ 0.24417455 -0.05508007  0.09146841 -0.17736125  0.1615649 ]
 [-0.05042964 -0.31449781 -0.12228225  0.22611317 -0.102472  ]
 [-0.04164839  0.06163928 -0.06971951  0.0823971   0.06624799]
 [-0.12205131  0.12628552  0.0643567  -0.15996346 -0.04603502]
 [-0.17117722 -0.11929828 -0.20584296 -0.20555085  0.04203629]]
U = [[ 0.15204823  0.01428536  0.19500052  0.37978713 -0.02641318]
 [-0.32592557 -0.05356747  0.10343264  0.11034297  0.12095841]
 [ 0.08509847 -0.05411952 -0.3140938  -0.13201222  0.17567192]
 [ 0.31683308 -0.03642864  0.34081814 -0.00071195 -0.19306316]
 [-0.11408431 -0.0053912  -0.24430964 -0.00197181  0.00065134]]
Matrix Pair 41; W = [[ 0.24063513 -0.05209205  0.03804875 -0.19757683  0.19434142]
 [-0.00847748 -0.34261206 -0.09136993  0.2201225  -0.06975645]
 [-0.0099739   0.00155731 -0.03290205  0.04678623  0.09451241]
 [-0.0937691   0.13083244  0.02682365 -0.13878361 -0.07295543]
 [-0.14258246 -0.09461483 -0.13088227 -0.11766409  0.04241456]]
U = [[ 0.23789217  0.09267438  0.16408344  0.43163273  0.02719929]
 [-0.34086902 -0.05265224  0.08790145  0.18514719  0.14497727]
 [ 0.12066676 -0.10895721 -0.22229691 -0.17254709  0.11371455]
 [ 0.28931035  0.02314738  0.31597584  0.00918964 -0.16621443]
 [-0.11275293  0.05144794 -0.29213717  0.03607828  0.02902412]]
Matrix Pair 42; W = [[ 0.27795446 -0.05888868  0.08085639 -0.14043579  0.19528614]
 [-0.02604994 -0.30811479 -0.08350918  0.22123717 -0.10560555]
 [-0.07725696 -0.01796816 -0.05252969  0.07335273  0.03926436]
 [-0.10948755  0.12971568  0.05246014 -0.0730374  -0.12051041]
 [-0.15630763 -0.13359895 -0.18732261 -0.19434888  0.01548764]]
U = [[ 0.23945541  0.01844413  0.18231676  0.42991545 -0.00171603]
 [-0.3643519  -0.11048056  0.11845167  0.1701099   0.14013083]
 [ 0.07378424 -0.05773023 -0.22700467 -0.18692357  0.12257303]
 [ 0.23158568  0.044446    0.33469028 -0.00564954 -0.24517207]
 [-0.13966632  0.07021585 -0.28201166  0.00524501  0.0174003 ]]
Matrix Pair 43; W = [[ 0.29576575 -0.00771106  0.05343618 -0.20928696  0.14854539]
 [-0.04405716 -0.39680062 -0.13381543  0.22916198 -0.06263263]
 [-0.00593614 -0.00941606 -0.09333398  0.03854366  0.07526451]
 [-0.12970863  0.11730909  0.00398365 -0.12872531 -0.03284711]
 [-0.12359435 -0.10956406 -0.20237399 -0.14978579  0.06077275]]
U = [[ 0.24061518  0.0662382   0.21236074  0.40416855  0.00572264]
 [-0.41679225 -0.10209572  0.12981592  0.13513585  0.16551862]
 [ 0.08409093 -0.04536435 -0.25215564 -0.16753133  0.1313937 ]
 [ 0.30533167  0.00351684  0.29128133  0.04630766 -0.23132877]
 [-0.08504851 -0.00366854 -0.23123644 -0.05388948  0.02786621]]
Matrix Pair 44; W = [[ 0.21617006 -0.0924993   0.09974366 -0.15139285  0.2198368 ]
 [-0.0441696  -0.32535147 -0.0838977   0.26253172 -0.07453005]
 [-0.03088349  0.07257982 -0.07127161  0.05542261  0.04528743]
 [-0.15557775  0.14121397  0.02259218 -0.07477664 -0.0615605 ]
 [-0.13502872 -0.0828078  -0.14407822 -0.1606841   0.07448729]]
U = [[ 0.16548588  0.02350927  0.1526638   0.42578625 -0.05176117]
 [-0.41085575 -0.09822336  0.11199588  0.12636175  0.11563695]
 [ 0.09162502 -0.07766203 -0.2858068  -0.16794087  0.140084  ]
 [ 0.28437915  0.05151198  0.32769839 -0.01268727 -0.16203076]
 [-0.1306327   0.02547817 -0.2419798  -0.00062828  0.00126056]]
Matrix Pair 45; W = [[ 0.20873071 -0.02095548  0.11135614 -0.12396973  0.21880788]
 [-0.0777978  -0.3236618  -0.07933234  0.28475605 -0.06883388]
 [-0.05982646  0.02321211 -0.00670287  0.04348124  0.0294618 ]
 [-0.11298052  0.14183062  0.01582432 -0.14963943 -0.02804703]
 [-0.14207179 -0.06717183 -0.17437747 -0.14782741  0.10253088]]
U = [[ 0.23094009  0.06087479  0.1995353   0.39320778 -0.04758439]
 [-0.36480907 -0.05368421  0.05950923  0.08984211  0.12762254]
 [ 0.0680383  -0.10456988 -0.30019563 -0.11776151  0.17215043]
 [ 0.24072409 -0.02050701  0.33834386 -0.04114824 -0.24791365]
 [-0.1210146   0.03550296 -0.26706875  0.04322767 -0.01457872]]
Matrix Pair 46; W = [[ 0.24238404 -0.04873049  0.10417028 -0.13884766  0.17798696]
 [-0.07324847 -0.35574812 -0.13254714  0.22503577 -0.09853176]
 [ 0.00180941  0.05584432 -0.08352834  0.09855414  0.08573494]
 [-0.16500186  0.10973733  0.04390655 -0.12871432 -0.02727505]
 [-0.1271223  -0.11123814 -0.18609006 -0.11669136  0.10489545]]
U = [[ 0.20428385  0.0662645   0.2176132   0.38235336 -0.02671417]
 [-0.40160585 -0.11683553  0.10954916  0.18391925  0.16208279]
 [ 0.10476738 -0.06934223 -0.24256361 -0.12663691  0.15508154]
 [ 0.30035366  0.04953557  0.31603148 -0.02242285 -0.18973743]
 [-0.11462586  0.06847851 -0.22964671  0.04155049 -0.03724488]]
Matrix Pair 47; W = [[ 0.19782294 -0.03113953  0.09867841 -0.18094444  0.19656567]
 [-0.06418414 -0.34523879 -0.12329436  0.22565539 -0.07593225]
 [-0.03974221 -0.00109097 -0.07847571  0.1067158   0.08120094]
 [-0.1643659   0.10546509  0.01569403 -0.11690762 -0.1093759 ]
 [-0.12075664 -0.10952522 -0.17880801 -0.1091637   0.08485899]]
U = [[ 0.17830114  0.04250052  0.23315854  0.36801525  0.00839329]
 [-0.36646368 -0.11624794  0.06540611  0.15658865  0.12245331]
 [ 0.05191369 -0.06605519 -0.22001283 -0.18199207  0.10004566]
 [ 0.23739474  0.04607635  0.35149114 -0.03212725 -0.21033837]
 [-0.0767815   0.02126862 -0.26543487  0.00122362  0.01448539]]
Matrix Pair 48; W = [[ 0.23638256 -0.10280559  0.09304493 -0.12563199  0.22632726]
 [-0.10441614 -0.41738785 -0.16399162  0.30952892 -0.17308138]
 [-0.0891002   0.04586936 -0.06471155  0.17474901  0.00849995]
 [-0.0255257   0.10006928  0.05445952 -0.03454932 -0.06168067]
 [-0.21549071 -0.05591832 -0.1753045  -0.18152851  0.0890949 ]]
U = [[ 0.12654331 -0.00535334  0.16222428  0.3527758  -0.01016246]
 [-0.44824544 -0.04246328  0.10793615  0.14928621  0.16927595]
 [ 0.11667751 -0.04800278 -0.30889373 -0.19567444  0.10342675]
 [ 0.22722283  0.00151512  0.23503388  0.02570708 -0.16917118]
 [-0.10585914 -0.0119685  -0.35148165 -0.01182576 -0.00657451]]
Matrix Pair 49; W = [[ 0.24574853 -0.03040594  0.07519008 -0.18548753  0.23079646]
 [-0.12921627 -0.38770445 -0.13064219  0.3311441  -0.11950295]
 [-0.09853986  0.00065735 -0.0974197   0.19686697  0.02308765]
 [-0.00977533  0.08657607  0.03492212 -0.10592583 -0.04181776]
 [-0.14663805 -0.06748346 -0.21378031 -0.18574469  0.08554662]]
U = [[ 0.15328898  0.01070477  0.17297527  0.35140894 -0.00224504]
 [-0.41612551  0.00762969  0.0137199   0.16496429  0.13512764]
 [ 0.03214293 -0.02671086 -0.30668514 -0.21320761  0.06977518]
 [ 0.30831656 -0.02379494  0.23821676  0.01249122 -0.12194483]
 [-0.11949432  0.02449319 -0.29956547 -0.05356019 -0.0417897 ]]
Matrix Pair 50; W = [[ 0.28326969 -0.11822709  0.09459317 -0.12943736  0.21983447]
 [-0.10682876 -0.40332713 -0.17723298  0.34352147 -0.12571589]
 [-0.14327805  0.04812109 -0.10185615  0.13866824  0.03251338]
 [-0.06198501  0.05268316  0.05288642 -0.06960831 -0.10271926]
 [-0.17191723 -0.08974978 -0.17701133 -0.18062581  0.10070824]]
U = [[ 0.080019   -0.00494623  0.14417045  0.38649094 -0.01773857]
 [-0.39362231  0.01082602  0.03491657  0.13220089  0.1208505 ]
 [ 0.07582838 -0.04617571 -0.28889213 -0.15626522  0.14871969]
 [ 0.31071606  0.00994377  0.24627784  0.01363501 -0.1179335 ]
 [-0.18069633  0.07232655 -0.31937812 -0.02544    -0.0268978 ]]
Matrix Pair 51; W = [[ 0.25908674 -0.07131957  0.07766732 -0.1333252   0.23263399]
 [-0.10790759 -0.39963453 -0.16709801  0.29636008 -0.16332293]
 [-0.17219078  0.03414413 -0.07735027  0.12782743  0.0166215 ]
 [-0.08289804  0.0382468   0.02787415 -0.04591938 -0.03605808]
 [-0.18117537 -0.11443576 -0.18803468 -0.17791936  0.1242013 ]]
U = [[ 0.12127751  0.05075349  0.1709398   0.39234531 -0.01543841]
 [-0.43173381 -0.0433482   0.03616501  0.1588663   0.13990431]
 [ 0.07061288 -0.04557326 -0.33704319 -0.15128243  0.15183186]
 [ 0.23014809 -0.04653178  0.27358699  0.00805231 -0.14327495]
 [-0.11706355  0.04823985 -0.32348611  0.02333307 -0.00499076]]
Matrix Pair 52; W = [[ 0.28289775 -0.05468945  0.08145519 -0.15115444  0.25290498]
 [-0.09084896 -0.36446095 -0.21701131  0.28636442 -0.1721391 ]
 [-0.10537518  0.01349048 -0.13580356  0.16460597  0.00877145]
 [-0.01853712  0.05047306 -0.0059662  -0.08278143 -0.05568234]
 [-0.17636112 -0.11618303 -0.18547559 -0.17203379  0.06445523]]
U = [[ 0.13622732  0.02091402  0.17451338  0.38041336  0.01716396]
 [-0.38952179 -0.08386196  0.10742409  0.20222531  0.12674196]
 [ 0.03891102 -0.10276052 -0.31849672 -0.1642459   0.14353752]
 [ 0.27256569 -0.01690097  0.27685556 -0.00312041 -0.13953081]
 [-0.13933399  0.03185277 -0.3297055  -0.05329464  0.04197668]]
Matrix Pair 53; W = [[ 0.23636846 -0.02710884  0.08894503 -0.18664656  0.23847019]
 [-0.03796643 -0.37714906 -0.13996079  0.24822761 -0.1222346 ]
 [-0.17587995 -0.00956431 -0.13479242  0.10519296  0.02912772]
 [-0.01724002  0.13398039  0.00161719 -0.07505156 -0.02572687]
 [-0.17540009 -0.07626479 -0.14992482 -0.15385473  0.04513313]]
U = [[ 0.07013359  0.0478497   0.18486257  0.42445327 -0.00806718]
 [-0.37438594 -0.03744816  0.02023343  0.14570536  0.16688866]
 [ 0.04941964 -0.08937854 -0.27964163 -0.18969709  0.11554651]
 [ 0.27366826 -0.01689445  0.26966177 -0.01105046 -0.17403604]
 [-0.16710635 -0.00787674 -0.34532442  0.0342379  -0.03273793]]
Matrix Pair 54; W = [[ 0.2883893  -0.09545458  0.08504317 -0.12014834  0.16942455]
 [-0.06050041 -0.42345708 -0.20142301  0.32449662 -0.1196665 ]
 [-0.17357609 -0.01796426 -0.04459633  0.16059378  0.08477462]
 [-0.03465945  0.09825687 -0.0132711  -0.06447663 -0.0565551 ]
 [-0.15078949 -0.12177597 -0.19618226 -0.184357    0.10052829]]
U = [[ 0.12722618  0.07926435  0.1594868   0.35626347  0.02047471]
 [-0.43056199 -0.03574189  0.05894012  0.13044779  0.1241373 ]
 [ 0.03188265 -0.08976378 -0.34283707 -0.19845021  0.11536341]
 [ 0.3122812   0.02965702  0.22502182  0.0555899  -0.17584824]
 [-0.11268303  0.06428565 -0.29605198 -0.04114539 -0.04212734]]
Matrix Pair 55; W = [[ 0.29088183 -0.03663962  0.11794083 -0.11006478  0.25509845]
 [-0.06056702 -0.35379574 -0.21784714  0.34250462 -0.10015775]
 [-0.10293586  0.05870656 -0.12429002  0.1469889   0.02665778]
 [-0.08703977  0.08805786  0.02616924 -0.10523875 -0.11786105]
 [-0.13999944 -0.08982465 -0.18062468 -0.15740463  0.04248423]]
U = [[ 0.11516282  0.07013451  0.11295798  0.3498521   0.00652955]
 [-0.43515963 -0.02218208  0.06802887  0.12441845  0.08746608]
 [ 0.12365492 -0.01882477 -0.32626125 -0.2068078   0.10351785]
 [ 0.31420672 -0.00294522  0.27249584  0.06598677 -0.12455684]
 [-0.08671715  0.06903296 -0.26655583  0.03826586  0.01323326]]
Matrix Pair 56; W = [[ 0.32943106 -0.05253231  0.10766659 -0.16521841  0.17372183]
 [-0.09730368 -0.35745336 -0.19891876  0.27501685 -0.15624164]
 [-0.13598923  0.03614105 -0.07247671  0.20032212  0.03515612]
 [-0.06984521  0.05927912 -0.01740476 -0.12150159 -0.04209862]
 [-0.17000398 -0.04917475 -0.2118947  -0.12520244  0.05872521]]
U = [[ 0.1000113   0.0360369   0.17085105  0.38140622  0.05576354]
 [-0.39542718 -0.0563075   0.02362023  0.1699926   0.11318581]
 [ 0.08035914 -0.06775241 -0.34425832 -0.13287098  0.09009704]
 [ 0.23535111  0.00263565  0.237144    0.03484217 -0.20370607]
 [-0.17965278  0.01455963 -0.30458284 -0.05355681 -0.0145337 ]]
Matrix Pair 57; W = [[ 0.33173831 -0.04012495  0.06631603 -0.19938001  0.18741189]
 [-0.05711723 -0.41339833 -0.17406283  0.28958961 -0.16716491]
 [-0.13383305  0.0514372  -0.06496326  0.12987017  0.03549135]
 [-0.08584415  0.11576348  0.00582615 -0.11849154 -0.10145929]
 [-0.14773227 -0.09671697 -0.17850719 -0.089034    0.05122334]]
U = [[ 1.50038153e-01 -4.53132733e-05  1.97690313e-01  3.87497629e-01
  -6.08486222e-03]
 [-3.95414101e-01 -2.60286364e-02  8.67669318e-02  1.84076033e-01
   1.33364768e-01]
 [ 6.33953731e-02 -3.02200903e-02 -3.08778533e-01 -1.23083887e-01
   1.02790392e-01]
 [ 2.65122569e-01 -4.48977438e-02  2.14238652e-01  6.60979878e-02
  -2.07139081e-01]
 [-1.20884894e-01 -1.86747214e-02 -3.00448814e-01 -3.56380880e-03
  -4.29846918e-02]]
Matrix Pair 58; W = [[ 0.28129977 -0.1103178   0.07175935 -0.13097513  0.17202057]
 [-0.06477314 -0.34130755 -0.14290777  0.30331062 -0.10560151]
 [-0.09968246  0.04717865 -0.10143784  0.14499527  0.0899143 ]
 [-0.02350564  0.1151673   0.01050981 -0.05415814 -0.0551721 ]
 [-0.15094433 -0.06229158 -0.193304   -0.18680341  0.06176524]]
U = [[ 0.15874234  0.03408895  0.20736411  0.37838939  0.00682397]
 [-0.37454027 -0.05872395  0.02107174  0.13095489  0.09677639]
 [ 0.12307329 -0.06616307 -0.27604657 -0.18196485  0.16190962]
 [ 0.2363188  -0.00659447  0.18583336  0.02946088 -0.17925964]
 [-0.09382324  0.05554265 -0.31493311 -0.018844   -0.05333241]]
Matrix Pair 59; W = [[ 0.25755712 -0.02333653  0.08216006 -0.1881634   0.25016232]
 [-0.12905067 -0.39554071 -0.13189013  0.25648177 -0.18136887]
 [-0.15237827  0.00196538 -0.05564028  0.11836816  0.0159977 ]
 [-0.0298015   0.10488641 -0.01748943 -0.11923305 -0.05111904]
 [-0.1952514  -0.08502399 -0.21613485 -0.11496497  0.08746992]]
U = [[ 0.15664431  0.00210671  0.17049958  0.38439774 -0.02768935]
 [-0.37259104 -0.03233575  0.0311355   0.18120612  0.12328865]
 [ 0.07899906 -0.04157229 -0.25970073 -0.21110377  0.12438697]
 [ 0.27551942 -0.03257685  0.19234824 -0.02132028 -0.1548061 ]
 [-0.18176427  0.07257248 -0.34760295 -0.00848786  0.02852141]]
Matrix Pair 60; W = [[ 0.28923995 -0.0325865   0.09846214 -0.19912812  0.20683652]
 [-0.11301587 -0.38087656 -0.18913092  0.26195878 -0.16582238]
 [-0.17717778  0.01087556 -0.09854184  0.10474969  0.05098811]
 [-0.00462931  0.10977138  0.03588238 -0.04477945 -0.06781488]
 [-0.19390651 -0.05270224 -0.22854593 -0.11416871  0.12637738]]
U = [[ 0.11143784  0.03495943  0.17672354  0.34096209 -0.02888979]
 [-0.42683481 -0.01937513  0.0505042   0.12503131  0.09558164]
 [ 0.09197431 -0.07820919 -0.3475314  -0.15690889  0.09219404]
 [ 0.30919134 -0.01956653  0.25261823  0.06105356 -0.19571447]
 [-0.13705948  0.00810377 -0.31020127 -0.04200722 -0.04916937]]
Matrix Pair 61; W = [[ 0.29464349 -0.05348994  0.10829831 -0.18900114  0.20113986]
 [-0.04409343 -0.38726541 -0.2107223   0.32237502 -0.13780249]
 [-0.15239087  0.0414158  -0.04666245  0.12465548  0.07814159]
 [-0.09266765  0.08645757  0.02603236 -0.08631365 -0.09672328]
 [-0.15689178 -0.04437097 -0.17962275 -0.09525729  0.11703371]]
U = [[ 0.112241   -0.00106724  0.19686835  0.41192204 -0.01675074]
 [-0.42029691 -0.02332907  0.04497064  0.15795279  0.11290772]
 [ 0.03704327 -0.01530476 -0.30782753 -0.17773665  0.13264149]
 [ 0.27311839  0.02682766  0.22026153 -0.02456122 -0.17682919]
 [-0.15127733  0.05924849 -0.35134684  0.01257535  0.00417019]]
Matrix Pair 62; W = [[ 0.29907744 -0.07555088  0.1094061  -0.1877562   0.21951604]
 [-0.05303989 -0.37134963 -0.15124217  0.29570184 -0.15311919]
 [-0.14318085 -0.00241583 -0.05655104  0.16974387  0.09103741]
 [-0.04903358  0.03545837  0.0221387  -0.08924884 -0.09534078]
 [-0.18183079 -0.06779244 -0.19740951 -0.17527663  0.06470532]]
U = [[ 0.12273211  0.03554105  0.1493259   0.38972362 -0.01146102]
 [-0.42593947  0.00455064  0.07488328  0.20194563  0.10991429]
 [ 0.07614976 -0.09780603 -0.25272404 -0.19343157  0.1275459 ]
 [ 0.2362188  -0.00201605  0.2386574   0.05527017 -0.18984313]
 [-0.15195617 -0.00382148 -0.26555482 -0.00902845 -0.01266178]]
Matrix Pair 63; W = [[ 0.2520625  -0.0490988   0.02810825 -0.1292606   0.21972526]
 [-0.07697113 -0.33543411 -0.15556468  0.33297435 -0.12203206]
 [-0.14808734  0.00091277 -0.12323407  0.15286693  0.00734723]
 [-0.02105559  0.09523135  0.07599205 -0.08117196 -0.03571571]
 [-0.18535997 -0.11592921 -0.14021966 -0.12904381  0.08834139]]
U = [[ 0.07719062  0.07898567  0.14441509  0.35791687 -0.02745039]
 [-0.45480523 -0.07577141  0.04138695  0.12257826  0.17892991]
 [ 0.04401062 -0.03992049 -0.26942959 -0.14004522  0.11658671]
 [ 0.31559455 -0.00461399  0.18636768  0.03298843 -0.14303515]
 [-0.15964709  0.04320858 -0.35313913  0.00418095  0.0366963 ]]
Matrix Pair 64; W = [[ 0.21243782 -0.03993643  0.09610432 -0.16869509  0.13632741]
 [-0.06358125 -0.36105252 -0.12260631  0.25771637 -0.12793896]
 [-0.07003152  0.03690356 -0.03600288  0.11082219  0.03415694]
 [-0.03694664  0.13560792  0.02568145 -0.04210601 -0.0891374 ]
 [-0.15822231 -0.15713631 -0.18843867 -0.15551042  0.06472722]]
U = [[ 0.18908335  0.07534714  0.28130612  0.35972923 -0.00689624]
 [-0.37101194 -0.08411855  0.09194209  0.10440327  0.16242203]
 [ 0.0704877  -0.20885847 -0.26855266 -0.13932092  0.1793654 ]
 [ 0.29593386 -0.01647715  0.24501192  0.0796266  -0.21430315]
 [-0.08797175 -0.02613801 -0.29871349  0.08224796 -0.02768086]]
Matrix Pair 65; W = [[ 0.19366134 -0.05739339  0.10099071 -0.17176012  0.12456191]
 [-0.01213877 -0.41077432 -0.06676821  0.22613206 -0.11800545]
 [-0.09037897  0.00068739 -0.02614774  0.11938165 -0.01732255]
 [-0.05379187  0.14309753  0.09153275 -0.08326575 -0.10246377]
 [-0.0983874  -0.12547609 -0.26578056 -0.19230986  0.05921894]]
U = [[ 1.50072319e-01  2.78808118e-04  3.04279599e-01  3.23624937e-01
   6.35628260e-03]
 [-4.19624170e-01 -1.08648074e-01  3.01285627e-02  1.09871461e-01
   1.01465017e-01]
 [ 1.09112480e-01 -1.51137604e-01 -2.63586777e-01 -1.57240897e-01
   1.81090173e-01]
 [ 2.26626753e-01 -3.49465445e-02  3.15977267e-01  8.09713640e-03
  -2.16833054e-01]
 [-1.20678918e-01 -2.47069847e-02 -2.78381116e-01  6.97677850e-02
  -1.39596906e-02]]
Matrix Pair 66; W = [[ 0.28704739 -0.03992424  0.1634854  -0.15676771  0.13790462]
 [-0.06575974 -0.38699823 -0.09119024  0.17647326 -0.14710749]
 [-0.05282656  0.02080831 -0.05309616  0.11954837  0.03853307]
 [-0.09950957  0.14407746  0.02329244 -0.12412695 -0.04593801]
 [-0.14559094 -0.12803013 -0.18401991 -0.16759125 -0.01142856]]
U = [[ 0.19927165  0.03375839  0.26573849  0.33724446 -0.03898957]
 [-0.3779938  -0.08492594  0.0345415   0.07162514  0.13246616]
 [ 0.08911227 -0.18332893 -0.26509915 -0.20269915  0.12710835]
 [ 0.27896768  0.03269266  0.2960584   0.02726147 -0.20060037]
 [-0.13207676 -0.02407217 -0.29904859  0.0602772   0.02066678]]
Matrix Pair 67; W = [[ 0.2806823  -0.06844473  0.11767436 -0.15351498  0.17447807]
 [-0.05802473 -0.34874771 -0.11100894  0.1930639  -0.08253233]
 [-0.0708081   0.02632707 -0.09098207  0.15725346 -0.02281183]
 [-0.10827359  0.11050559  0.08757846 -0.03399449 -0.04662427]
 [-0.15019067 -0.10521165 -0.23672391 -0.1692526   0.00938715]]
U = [[ 0.14161261  0.01391773  0.23498727  0.37340015  0.03846082]
 [-0.38357376 -0.12225021  0.08496409  0.10721199  0.15947373]
 [ 0.05783372 -0.16983383 -0.25878018 -0.14799083  0.10354635]
 [ 0.26775417 -0.02618876  0.25401799 -0.00258302 -0.18879509]
 [-0.12900796 -0.04880959 -0.28892384  0.09090101 -0.05725828]]
Matrix Pair 68; W = [[ 0.27598171 -0.04479626  0.15559164 -0.16691907  0.10431056]
 [-0.04822188 -0.41819297 -0.10759367  0.25413364 -0.07208528]
 [-0.05337304  0.05418553 -0.03196689  0.18574961  0.0057702 ]
 [-0.02070919  0.06330118  0.08357371 -0.05514948 -0.12174528]
 [-0.08823928 -0.12805426 -0.24327395 -0.18021237  0.03966851]]
U = [[ 0.12986266  0.09146852  0.27866572  0.36588001 -0.01562412]
 [-0.33540956 -0.13415752  0.01287713  0.13991796  0.09629883]
 [ 0.06755416 -0.12626012 -0.27498154 -0.16009459  0.12117102]
 [ 0.22921874 -0.00569762  0.26756571 -0.01552615 -0.22614134]
 [-0.06700837 -0.03255923 -0.27266511  0.0035567  -0.05185323]]
Matrix Pair 69; W = [[ 0.25605863 -0.05361968  0.10135043 -0.22543287  0.17454968]
 [-0.07060376 -0.37882606 -0.08557925  0.26125593 -0.07054133]
 [-0.08123334 -0.00939445 -0.0531162   0.17133413 -0.00942003]
 [-0.01468826  0.14863767  0.07680052 -0.10077474 -0.05860619]
 [-0.12127672 -0.09594795 -0.18564742 -0.10190961  0.06421486]]
U = [[ 0.16289267  0.09239155  0.26838934  0.33127595 -0.00435341]
 [-0.40635587 -0.13753443  0.04954615  0.13364574  0.15858975]
 [ 0.06138963 -0.18023057 -0.29753371 -0.14941884  0.10423103]
 [ 0.29424883  0.04041328  0.24999794  0.01959597 -0.21173418]
 [-0.08713935 -0.10355011 -0.29621196  0.07701885  0.01449087]]
Matrix Pair 70; W = [[ 2.08020846e-01 -3.31822278e-02  1.18947065e-01 -1.45594163e-01
   1.59447548e-01]
 [-2.62506403e-02 -4.10915593e-01 -4.67707583e-02  2.33437156e-01
  -1.16301915e-01]
 [-2.83857619e-02  3.12633561e-03 -4.50936541e-02  1.83649311e-01
   4.97607280e-02]
 [-3.65311531e-02  6.89363065e-02 -1.28067147e-04 -8.65130575e-02
  -7.04796140e-02]
 [-1.70539679e-01 -1.57952916e-01 -2.46550025e-01 -1.48539579e-01
   5.09446672e-02]]
U = [[ 0.21238847  0.05890594  0.30730493  0.38346072  0.03287476]
 [-0.41266787 -0.10357828  0.02333257  0.13250466  0.15954221]
 [ 0.04935609 -0.1443492  -0.24179819 -0.21063877  0.10422202]
 [ 0.30390057 -0.00636239  0.24486503  0.04666372 -0.1851103 ]
 [-0.13931803 -0.09445908 -0.28211288  0.04929709 -0.00435799]]
Matrix Pair 71; W = [[ 0.2365679  -0.12344047  0.10983697 -0.20772373  0.15101045]
 [-0.02950767 -0.38793484 -0.14361745  0.17298541 -0.13973262]
 [-0.1115734   0.04223498 -0.0398258   0.14844251  0.03102228]
 [-0.03473234  0.08335236  0.02071554 -0.11363286 -0.08753931]
 [-0.15042412 -0.0948018  -0.25216224 -0.16535385 -0.0118867 ]]
U = [[ 0.18458099  0.01965285  0.30957665  0.33597449 -0.01044803]
 [-0.39418094 -0.08350944  0.02862502  0.08847908  0.10396079]
 [ 0.05706064 -0.21745644 -0.31235728 -0.19338323  0.13702576]
 [ 0.23195917  0.05034928  0.27084662  0.0795575  -0.15637087]
 [-0.13349056 -0.0464516  -0.28766857  0.04668223  0.01113451]]
Matrix Pair 72; W = [[ 0.26786318 -0.04931768  0.16321058 -0.17379726  0.1158423 ]
 [-0.0590506  -0.39397078 -0.13295583  0.24858004 -0.12810823]
 [-0.0697344  -0.00482814 -0.10926074  0.17127139  0.0523267 ]
 [-0.017137    0.07225439  0.03976231 -0.06572953 -0.04516194]
 [-0.14239456 -0.13546203 -0.2115287  -0.13022335  0.04090132]]
U = [[ 0.20428506  0.03755595  0.30744348  0.35025716  0.0496865 ]
 [-0.40124186 -0.1321035   0.06476642  0.10009028  0.10520958]
 [ 0.0172374  -0.16869061 -0.26266389 -0.21541047  0.12708158]
 [ 0.23969557  0.02085438  0.31654238  0.02725294 -0.20445488]
 [-0.13571439 -0.01364155 -0.24437107  0.01754594 -0.01833509]]
Matrix Pair 73; W = [[ 0.25810286 -0.11308435  0.08443564 -0.15836454  0.12182098]
 [-0.01657252 -0.37145556 -0.12696178  0.21351648 -0.12500658]
 [-0.1003983   0.01719289 -0.06691437  0.11149048 -0.00416638]
 [-0.11197831  0.11114863  0.04229388 -0.09000726 -0.13542922]
 [-0.1746732  -0.15030159 -0.22726109 -0.18218874  0.04951182]]
U = [[ 0.14560484  0.03545595  0.24213621  0.36561227  0.01884842]
 [-0.35156592 -0.0657777   0.06885436  0.09865721  0.09977843]
 [ 0.08456396 -0.16039764 -0.28020346 -0.15844211  0.1320147 ]
 [ 0.26707009  0.03555765  0.29513392  0.01063613 -0.21390833]
 [-0.08788083 -0.05231467 -0.21361081  0.01458315 -0.0218487 ]]
Matrix Pair 74; W = [[ 0.24400095 -0.05349624  0.14316315 -0.14463228  0.10288619]
 [-0.04564772 -0.39000378 -0.10105403  0.19948724 -0.08970912]
 [-0.10523686  0.01253572 -0.0300647   0.17657701 -0.02316969]
 [-0.10682289  0.12022107  0.00066876 -0.03842465 -0.11120405]
 [-0.12050175 -0.13753885 -0.20998401 -0.19112172  0.0755543 ]]
U = [[ 0.15697983  0.01615036  0.31287433  0.36529169  0.02977446]
 [-0.40356469 -0.10923689 -0.00165554  0.14206468  0.11680603]
 [ 0.0633291  -0.12632448 -0.2577864  -0.13425936  0.1325595 ]
 [ 0.31218726  0.00216114  0.25867632  0.04281972 -0.1442644 ]
 [-0.10067946 -0.05145331 -0.2216718   0.01794573 -0.00217081]]
Matrix Pair 75; W = [[ 0.27387519 -0.03791397  0.12900418 -0.21414     0.13253987]
 [ 0.00907381 -0.35992729 -0.1388578   0.18335257 -0.12109821]
 [-0.10029339  0.00437127 -0.03020593  0.13040829  0.0736074 ]
 [-0.03218938  0.0997952   0.08058422 -0.0697873  -0.05198665]
 [-0.12457456 -0.11721609 -0.24044175 -0.18889835  0.06573426]]
U = [[ 0.17439311  0.0404217   0.24961112  0.32709828 -0.01205816]
 [-0.40799292 -0.11479692  0.07193991  0.07487961  0.12947097]
 [ 0.0893432  -0.20265683 -0.2256045  -0.19200712  0.1670788 ]
 [ 0.30121496 -0.00768839  0.30996301 -0.01422647 -0.21865885]
 [-0.11419596 -0.01721379 -0.31142958  0.03390916 -0.04725036]]
Matrix Pair 76; W = [[ 0.20054689 -0.04287709  0.11464713 -0.18210749  0.1218769 ]
 [-0.05203054 -0.33897165 -0.1057116   0.23010512 -0.09300682]
 [-0.11971791  0.06011032 -0.07474221  0.12000129 -0.01468603]
 [-0.10940498  0.12254191  0.05390136 -0.05857214 -0.11111195]
 [-0.16221542 -0.10200705 -0.19219986 -0.16634479  0.0373057 ]]
U = [[ 1.89638028e-01  7.02450231e-02  2.49642242e-01  3.96661887e-01
  -1.22496216e-02]
 [-4.12064137e-01 -1.06916342e-01  3.57089966e-02  1.39759612e-01
   1.03172647e-01]
 [ 8.44185853e-02 -1.23870698e-01 -2.67507587e-01 -1.95617912e-01
   1.80622524e-01]
 [ 2.28085130e-01  3.93824545e-04  3.24123906e-01  2.63659730e-02
  -1.66131941e-01]
 [-1.52023049e-01 -8.23653550e-02 -3.00390512e-01  4.11299138e-02
  -1.69726792e-02]]
Matrix Pair 77; W = [[ 0.24697995 -0.10239404  0.13409262 -0.14720144  0.17817979]
 [ 0.01521447 -0.39349473 -0.1128529   0.19185847 -0.14175549]
 [-0.11589659 -0.00098691 -0.0323757   0.16724438  0.05485276]
 [-0.09661968  0.10707833  0.08435144 -0.05499522 -0.10594483]
 [-0.16930692 -0.0842493  -0.2139466  -0.14808997  0.02745031]]
U = [[ 0.20371569  0.04786074  0.26065882  0.33788847 -0.0346888 ]
 [-0.39069951 -0.14168721  0.03469934  0.13490747  0.12444096]
 [ 0.08989913 -0.15074529 -0.29855676 -0.22604296  0.18247175]
 [ 0.22714281  0.00906494  0.33016696  0.0632285  -0.22372252]
 [-0.13740939 -0.04452524 -0.3107754   0.01244273 -0.02980602]]
Matrix Pair 78; W = [[ 0.1951061  -0.03176481  0.0801692  -0.23303083  0.18509225]
 [-0.049585   -0.41372251 -0.09487055  0.17798837 -0.06653329]
 [-0.03511743  0.05432103 -0.07088495  0.1430839   0.0552182 ]
 [-0.08069413  0.0726653   0.05069341 -0.03195725 -0.13169561]
 [-0.17075178 -0.14711662 -0.18971669 -0.18716475 -0.00972523]]
U = [[ 0.11853868  0.08043976  0.30515517  0.30367754 -0.01539031]
 [-0.36741054 -0.14579497  0.0477993   0.1245448   0.14266155]
 [ 0.04972935 -0.19393107 -0.30580924 -0.17126711  0.12373392]
 [ 0.22854207  0.0468144   0.29614415  0.02051995 -0.21461343]
 [-0.12495177 -0.08910611 -0.28185505  0.08200128  0.01891127]]
Matrix Pair 79; W = [[ 0.25532437 -0.04495174  0.09803151 -0.20488564  0.13693152]
 [-0.04404673 -0.39049214 -0.09824821  0.22599041 -0.11423693]
 [-0.06883886  0.02522108 -0.11794395  0.19158715 -0.00713372]
 [-0.0349463   0.12020964  0.0055146  -0.10056809 -0.06260213]
 [-0.08943631 -0.14790974 -0.23809954 -0.14996568  0.07008335]]
U = [[ 0.19316803  0.05759044  0.30617507  0.33116465  0.03254725]
 [-0.40210932 -0.12857823 -0.00354848  0.15147196  0.09335335]
 [ 0.05832907 -0.17799003 -0.2322474  -0.15939422  0.183191  ]
 [ 0.30191042  0.00592029  0.3027563   0.02125768 -0.18440258]
 [-0.10607305 -0.09018193 -0.29993681 -0.00109768 -0.03021573]]
Matrix Pair 80; W = [[ 0.24305056 -0.04786524  0.06701195 -0.19676457  0.0695674 ]
 [-0.03173778 -0.37331076 -0.0473948   0.24608742 -0.13079479]
 [-0.16080935  0.06528617 -0.05172792  0.09137117  0.02360125]
 [-0.09200092  0.11337491  0.05191099 -0.09389571 -0.02071591]
 [-0.10747454 -0.17295813 -0.2315748  -0.11694317 -0.03967156]]
U = [[ 0.12401409  0.06160412  0.30197008  0.33590713 -0.02147074]
 [-0.31908066 -0.05286395  0.0528765   0.04455446  0.168072  ]
 [ 0.03725704 -0.12848583 -0.18521985 -0.12569073  0.11195787]
 [ 0.23424772 -0.01700172  0.20810834  0.04926511 -0.23470903]
 [-0.14784023  0.00105785 -0.28857045 -0.03477008 -0.05079068]]
Matrix Pair 81; W = [[ 0.31397813 -0.02969548  0.09588438 -0.21585718  0.09599678]
 [-0.09024841 -0.35504707 -0.1041325   0.18674789 -0.0814669 ]
 [-0.07647717  0.1244539  -0.02062873  0.04178573  0.02220911]
 [-0.06873598  0.11610909  0.14114315 -0.10913704 -0.01717986]
 [-0.19708991 -0.17183462 -0.21759919 -0.14952226  0.00059205]]
U = [[ 0.16521494  0.03728298  0.25373745  0.38097863 -0.08514371]
 [-0.37255252 -0.11128127  0.06959321  0.00507189  0.10680538]
 [ 0.08547001 -0.11181918 -0.237554   -0.10935841  0.11351534]
 [ 0.25999961 -0.00719119  0.2148341   0.0211123  -0.15195576]
 [-0.13034587  0.00866653 -0.25755875  0.02280396 -0.04440113]]
Matrix Pair 82; W = [[ 0.32307184 -0.08508179  0.05959836 -0.20069385  0.12870393]
 [-0.04567635 -0.38900574 -0.07422437  0.22867222 -0.09099514]
 [-0.12299022  0.05953101 -0.04067935  0.1248642   0.00619681]
 [-0.12403305  0.04476724  0.12161791 -0.15082291 -0.0396724 ]
 [-0.12131932 -0.13850781 -0.20395999 -0.13004619 -0.0600329 ]]
U = [[ 0.16489917  0.03630605  0.25669107  0.3134517  -0.0723684 ]
 [-0.36963815 -0.14814667  0.06328745  0.05212367  0.14717034]
 [ 0.08627774 -0.1090189  -0.18932525 -0.07839442  0.15883082]
 [ 0.29202246  0.01406937  0.27506233  0.05723207 -0.14875992]
 [-0.11409544  0.00241011 -0.25216216  0.02560404 -0.06940685]]
Matrix Pair 83; W = [[ 0.23428994 -0.07921166  0.09436738 -0.1700338   0.03637408]
 [-0.08788517 -0.30338639 -0.03704638  0.25508788 -0.06831173]
 [-0.08615756  0.07281721 -0.04865679  0.05844413  0.07984588]
 [-0.10621439  0.09752817  0.0625837  -0.15943015 -0.04237104]
 [-0.15597276 -0.1252199  -0.16899055 -0.09167151  0.01857271]]
U = [[ 0.17131993  0.07227461  0.3143048   0.36451716 -0.01632144]
 [-0.3708323  -0.10419713  0.0778944   0.02670881  0.17809098]
 [ 0.10522912 -0.13571385 -0.24117253 -0.16419796  0.09722002]
 [ 0.22543231 -0.00398898  0.21956802 -0.02535614 -0.2382229 ]
 [-0.20066202  0.01334326 -0.26833621  0.00782226 -0.03443757]]
Matrix Pair 84; W = [[ 0.25509828 -0.10633187  0.02131848 -0.23071147  0.10222425]
 [-0.09408764 -0.36993992 -0.07495508  0.20427154 -0.03770325]
 [-0.16150015  0.10896448 -0.00825193  0.08981867  0.08669001]
 [-0.08483593  0.10617329  0.12399283 -0.10625281 -0.03546471]
 [-0.15555804 -0.13871192 -0.1923888  -0.1198408  -0.02822744]]
U = [[ 1.56628287e-01  2.70125089e-04  2.62204930e-01  3.40263347e-01
  -4.91985667e-02]
 [-3.76341963e-01 -1.25957238e-01  4.26835552e-02  1.74982146e-02
   1.69382404e-01]
 [ 4.07472475e-02 -1.17518086e-01 -1.83838676e-01 -1.06448851e-01
   7.93830981e-02]
 [ 2.22553046e-01 -6.97752386e-02  2.50486643e-01  9.86141711e-03
  -1.54811000e-01]
 [-1.57989363e-01 -7.44760274e-02 -2.33589688e-01 -5.17540620e-02
  -2.95215812e-02]]
Matrix Pair 85; W = [[ 0.23813496 -0.04282625  0.07009774 -0.14377688  0.09693461]
 [-0.02640795 -0.31549442 -0.10074053  0.17568402 -0.12915816]
 [-0.10465463  0.05404032 -0.06040389  0.08745397  0.08727841]
 [-0.12241366  0.10824532  0.13017422 -0.1118522  -0.10711275]
 [-0.13781722 -0.11023171 -0.1456578  -0.17634371 -0.04813975]]
U = [[ 0.12199844  0.01670453  0.25286004  0.33343296 -0.01274252]
 [-0.40479042 -0.09630804  0.01469577  0.07899942  0.11364352]
 [ 0.06512576 -0.13898264 -0.23980958 -0.08096594  0.10889301]
 [ 0.26040344 -0.02890835  0.2247847   0.03674247 -0.23425994]
 [-0.17386041 -0.01007207 -0.27278653 -0.03518949 -0.05060484]]
Matrix Pair 86; W = [[ 0.24410796 -0.06815329  0.08005029 -0.18701216  0.0463064 ]
 [-0.09545407 -0.35418478 -0.04122641  0.23844842 -0.04912225]
 [-0.10156821  0.09139721 -0.05701178  0.13379746  0.06134414]
 [-0.07818232  0.08312104  0.11060056 -0.07143488 -0.02147326]
 [-0.13097394 -0.17750839 -0.22337434 -0.18514302 -0.02053338]]
U = [[ 0.14810534  0.0270476   0.29198176  0.34794968 -0.01629866]
 [-0.35865202 -0.12324322  0.07678576  0.03995291  0.08786601]
 [ 0.06614394 -0.15270464 -0.16975029 -0.09900587  0.11707704]
 [ 0.2315029  -0.08327272  0.25992374  0.04016071 -0.22163902]
 [-0.12435023  0.00059399 -0.25728783  0.01078504  0.00354973]]
Matrix Pair 87; W = [[ 2.76074623e-01 -1.31345573e-02  3.28368392e-02 -1.39250257e-01
   6.86214783e-02]
 [ 1.86950882e-04 -3.24630868e-01 -1.05936878e-01  2.73931568e-01
  -1.00526245e-01]
 [-1.55753319e-01  6.77399509e-02 -3.60366525e-02  1.08396653e-01
   4.44529456e-02]
 [-1.09420308e-01  2.11247160e-02  1.11413750e-01 -1.21064155e-01
  -1.13432884e-01]
 [-1.66995275e-01 -1.61129017e-01 -1.53311021e-01 -1.57047718e-01
  -5.45050531e-03]]
U = [[ 0.13875909  0.01004904  0.30059712  0.32782377 -0.0933967 ]
 [-0.40105387 -0.07471804  0.06781177  0.03042077  0.09420057]
 [ 0.09088861 -0.13117247 -0.19461243 -0.12209694  0.16596453]
 [ 0.29321451 -0.07233729  0.25263296 -0.01765244 -0.1867642 ]
 [-0.16410545 -0.00630706 -0.27791919  0.02193323 -0.09257613]]
Matrix Pair 88; W = [[ 0.25613476 -0.00842452  0.07147688 -0.1650109   0.10079465]
 [-0.01974231 -0.34587376 -0.03999839  0.25904441 -0.1058059 ]
 [-0.16030626  0.07854972 -0.05854847  0.05958648  0.01485025]
 [-0.09323117  0.08125107  0.12361367 -0.09411641 -0.06524671]
 [-0.10186611 -0.12490915 -0.2125996  -0.08756928 -0.02894997]]
U = [[ 0.12515786  0.05988343  0.26196814  0.33764729 -0.00562199]
 [-0.35775369 -0.09836985  0.07411943  0.00952459  0.14500237]
 [ 0.03397728 -0.06695155 -0.15874489 -0.11987663  0.07529247]
 [ 0.25367257 -0.00308077  0.20205532 -0.02662169 -0.15787871]
 [-0.20980456  0.00121339 -0.23336923  0.0173254  -0.06348593]]
Matrix Pair 89; W = [[ 0.30178286 -0.08865583  0.00398395 -0.14153898  0.06944011]
 [-0.00236004 -0.33186048 -0.03182561  0.20010846 -0.05334267]
 [-0.13713796  0.07410599 -0.01797646  0.05830566  0.02685195]
 [-0.12813247  0.08399909  0.0655146  -0.15916781 -0.0448801 ]
 [-0.13315453 -0.10603324 -0.16419948 -0.13973554  0.01676238]]
U = [[ 0.17151035  0.01120653  0.29817903  0.34189335 -0.04062853]
 [-0.34512798 -0.06100158  0.0791242   0.07069379  0.14328353]
 [ 0.03436576 -0.10343594 -0.2299181  -0.09756671  0.09809201]
 [ 0.25989001 -0.01655904  0.2497049   0.04784695 -0.20470762]
 [-0.18180774 -0.0662797  -0.22582167 -0.0166742  -0.04689036]]
Matrix Pair 90; W = [[ 0.29928787 -0.10055731  0.03051546 -0.23136175  0.06016406]
 [-0.0456905  -0.35754323 -0.1068983   0.20367879 -0.06358795]
 [-0.09925794  0.0753342   0.00724334  0.10709594  0.08148604]
 [-0.09413994  0.05225002  0.08743097 -0.16183219 -0.07247117]
 [-0.12960271 -0.12991862 -0.19050819 -0.16832605  0.01669876]]
U = [[ 1.87276680e-01  1.12441090e-04  2.44282171e-01  3.32823658e-01
  -4.34755117e-02]
 [-3.08735399e-01 -1.33811110e-01  9.96565205e-02  5.19197054e-02
   1.82535867e-01]
 [ 3.35381376e-02 -1.19334679e-01 -2.42642128e-01 -7.50134000e-02
   9.69644786e-02]
 [ 2.11552473e-01 -7.57678665e-02  2.04004325e-01  2.58732607e-02
  -1.49154420e-01]
 [-1.39595426e-01 -6.59563462e-02 -3.16500389e-01 -1.18444874e-02
  -7.40182667e-02]]
Matrix Pair 91; W = [[ 0.27355864 -0.06198265  0.02075109 -0.17573172  0.08551154]
 [-0.01923985 -0.33677063 -0.04918531  0.19931411 -0.04328028]
 [-0.1213088   0.07709854 -0.06435706  0.11054591  0.03774801]
 [-0.10178269  0.05370836  0.13282907 -0.07612979 -0.08428464]
 [-0.19639178 -0.15428375 -0.15679487 -0.090081   -0.05441589]]
U = [[ 0.14445886  0.06041229  0.30028     0.31747686 -0.06784866]
 [-0.31118635 -0.05360857  0.04466573  0.05324424  0.13235814]
 [ 0.06831999 -0.10052532 -0.17183979 -0.17281926  0.15006491]
 [ 0.27038378 -0.02781424  0.23613057  0.03437336 -0.14911638]
 [-0.20152492 -0.06308422 -0.22386599 -0.03318762 -0.0614022 ]]
Matrix Pair 92; W = [[ 0.31575622 -0.04327472  0.02177354 -0.23245424  0.12076302]
 [-0.08265103 -0.33556616 -0.12459335  0.27246474 -0.10390288]
 [-0.13646289  0.09418043 -0.01802327  0.06026422  0.09155191]
 [-0.09838119  0.10946382  0.09450623 -0.10596175 -0.10387278]
 [-0.17218723 -0.10132835 -0.20233163 -0.13704071 -0.04497593]]
U = [[ 0.11659383  0.04856745  0.2461465   0.36301638 -0.0517447 ]
 [-0.36967071 -0.06787032  0.040505    0.04051832  0.16641727]
 [ 0.03245992 -0.09996668 -0.18489202 -0.13559967  0.16580522]
 [ 0.23290709 -0.02196816  0.18709077  0.03468082 -0.21061304]
 [-0.15519097 -0.05652921 -0.23496878  0.02525354 -0.09146027]]
Matrix Pair 93; W = [[ 0.2311116  -0.07375679  0.04616471 -0.22264305  0.0681326 ]
 [-0.01261619 -0.35334055 -0.05361531  0.23145639 -0.05603968]
 [-0.06697115  0.05405339 -0.04396771  0.04940654  0.06541567]
 [-0.04537169  0.10743518  0.11427116 -0.14576972 -0.01931204]
 [-0.19054838 -0.1901529  -0.19219289 -0.09504852 -0.04588128]]
U = [[ 0.13237858  0.06392199  0.29321279  0.37453487 -0.04784588]
 [-0.3943494  -0.10767342  0.05675168  0.04062438  0.17109439]
 [ 0.08715368 -0.05953894 -0.16180982 -0.13142825  0.10995678]
 [ 0.22475325 -0.06588142  0.19117701  0.01924951 -0.18445694]
 [-0.1167469  -0.00289464 -0.29981901  0.00272918 -0.08096111]]
Matrix Pair 94; W = [[ 0.27660322 -0.06842208  0.0203744  -0.23075126  0.12463065]
 [-0.07337079 -0.36686228 -0.05727378  0.24920283 -0.04814588]
 [-0.07108708  0.02956855 -0.0478013   0.06839048  0.02226358]
 [-0.07549626  0.09813316  0.11039466 -0.14668215 -0.07969337]
 [-0.123626   -0.13868048 -0.22218048 -0.11451878 -0.05334207]]
U = [[ 0.10933944  0.07233627  0.24474182  0.34476266 -0.07437532]
 [-0.37550624 -0.08987149  0.0092774   0.03302013  0.10776012]
 [ 0.03729809 -0.10994417 -0.22214316 -0.13988779  0.13998522]
 [ 0.23925044 -0.01842534  0.19315613  0.05684438 -0.22741285]
 [-0.1505256   0.0137511  -0.29089261  0.00500423 -0.01899967]]
Matrix Pair 95; W = [[ 0.30653379 -0.01834711  0.0766754  -0.15506321  0.09353398]
 [-0.05920425 -0.35160589 -0.08966818  0.21790371 -0.03982762]
 [-0.10256355  0.12235133  0.00349041  0.1188353   0.03815106]
 [-0.08532394  0.03200952  0.09405649 -0.1127462  -0.03008919]
 [-0.10488021 -0.16518439 -0.18719704 -0.14476282 -0.04716463]]
U = [[ 0.11771275  0.03449713  0.315633    0.31710299 -0.05784207]
 [-0.32496122 -0.11763505  0.06321243  0.04122594  0.11900684]
 [ 0.06762688 -0.13790845 -0.22606457 -0.08286216  0.13113033]
 [ 0.2303369  -0.03292499  0.27206275 -0.0018255  -0.1953276 ]
 [-0.20362266 -0.00963292 -0.25588144  0.03272317 -0.08167149]]
Matrix Pair 96; W = [[ 0.30665713 -0.04872348  0.06547821 -0.14605794  0.1024555 ]
 [ 0.01247012 -0.43750231 -0.10456901  0.23347358 -0.06112728]
 [-0.0130945   0.02499439 -0.03891833  0.13013328  0.03113603]
 [-0.0301614   0.05570825  0.14863932  0.01031613 -0.06340959]
 [-0.22557902 -0.07665956 -0.19329759 -0.14000688  0.07604666]]
U = [[ 8.14229263e-02  1.61115079e-02  2.17108844e-01  3.50195780e-01
  -7.43905205e-02]
 [-3.95817067e-01 -3.54287080e-05  1.14415561e-01  6.22619224e-02
   1.01166213e-01]
 [ 6.23392663e-02 -7.36165330e-02 -2.84940527e-01 -2.07703089e-01
   1.42276875e-01]
 [ 2.21586586e-01  4.37868620e-02  3.04438433e-01 -1.29868431e-03
  -1.92560824e-01]
 [-1.35083823e-01 -3.92338127e-02 -3.42730858e-01 -3.29515605e-02
  -1.76117324e-02]]
Matrix Pair 97; W = [[ 0.28714458 -0.11865864  0.06889011 -0.14418882  0.18316017]
 [-0.0401986  -0.44379731 -0.12284221  0.20928915 -0.1285238 ]
 [-0.0127895  -0.01323327 -0.10200539  0.19267379  0.0515148 ]
 [-0.01502626  0.12018256  0.05555551 -0.05471828 -0.083418  ]
 [-0.21805936 -0.04973403 -0.23839991 -0.1816705   0.03996353]]
U = [[ 0.13244441  0.10102932  0.23917635  0.36760308 -0.02736373]
 [-0.39730146 -0.06251919  0.02931658  0.08037846  0.12048952]
 [ 0.08896352 -0.06815097 -0.25896719 -0.2155079   0.16282241]
 [ 0.25318544  0.00048789  0.22036552 -0.03383183 -0.19886202]
 [-0.11378815 -0.02157484 -0.34187301 -0.07145641 -0.01307399]]
Matrix Pair 98; W = [[ 0.27023582 -0.06043876  0.0565591  -0.17189116  0.10951056]
 [-0.03875035 -0.37837202 -0.12524981  0.27594982 -0.10658286]
 [-0.10807303 -0.01837998 -0.02906959  0.09901797  0.12346854]
 [-0.01224421  0.0978807   0.12342234  0.00372606 -0.00473185]
 [-0.19472529 -0.14529771 -0.22085377 -0.11888376  0.10906971]]
U = [[ 0.16937918  0.02190937  0.21136288  0.35003082 -0.07878755]
 [-0.384213   -0.02251702  0.05447808  0.05970554  0.18021002]
 [ 0.10105642 -0.14161299 -0.2628576  -0.14750652  0.16400869]
 [ 0.266482   -0.03030856  0.28522178  0.04342018 -0.21913751]
 [-0.111556    0.01082341 -0.29573345 -0.04021205  0.01011074]]
Matrix Pair 99; W = [[ 0.3006877  -0.05247851  0.08741519 -0.09613919  0.16582127]
 [-0.05542726 -0.3808534  -0.17188945  0.2947964  -0.05830055]
 [-0.02187949  0.01539834 -0.06238013  0.16906964  0.0530582 ]
 [-0.06137581  0.09692036  0.05464735 -0.05832009 -0.03090558]
 [-0.14323289 -0.07389458 -0.22768856 -0.16019102  0.03059628]]
U = [[ 0.12499978  0.02546597  0.21945006  0.37242935 -0.02624347]
 [-0.44954518 -0.00181857  0.07849926  0.08923848  0.17361353]
 [ 0.02414207 -0.0871061  -0.2750623  -0.19074252  0.20439855]
 [ 0.19979432 -0.04611135  0.28387112  0.02160756 -0.16591554]
 [-0.08337476 -0.03072133 -0.29698702  0.00527765  0.01863981]]
Matrix Pair 100; W = [[ 0.26838274 -0.10780524  0.08315757 -0.11207058  0.13552216]
 [-0.05798284 -0.40258145 -0.17045736  0.22846657 -0.13978574]
 [-0.06100647  0.03159363 -0.05521349  0.16035386  0.09078497]
 [-0.09465655  0.03614976  0.08304505 -0.00602885 -0.00820128]
 [-0.14502022 -0.07454837 -0.23592284 -0.12333156  0.11912831]]
U = [[ 0.11031752  0.0032594   0.18444961  0.42268044 -0.00665786]
 [-0.4409325  -0.02437086  0.0440872   0.10652264  0.11646945]
 [ 0.09728934 -0.15494163 -0.32270712 -0.12627674  0.15550292]
 [ 0.21344915  0.01387962  0.2210729   0.00550819 -0.16781061]
 [-0.16579358  0.03244108 -0.3095301  -0.07544805 -0.01463658]]
Matrix Pair 101; W = [[ 0.23646483 -0.13522462  0.03839776 -0.09353479  0.15260019]
 [-0.03270156 -0.38448428 -0.11577213  0.2490515  -0.09369193]
 [-0.04892588 -0.00653848 -0.04197513  0.1861561   0.03053854]
 [-0.03834257  0.05510945  0.0858015  -0.00607793 -0.07024528]
 [-0.1937     -0.05915052 -0.16201626 -0.16414174  0.0254525 ]]
U = [[ 0.13614215  0.02687737  0.26297206  0.44163637 -0.02394817]
 [-0.43245678 -0.06598063  0.09263939  0.04578854  0.1314292 ]
 [ 0.070182   -0.1125621  -0.27217757 -0.14563073  0.11095588]
 [ 0.27510384  0.04290709  0.25991148  0.00212631 -0.18233644]
 [-0.14286969  0.00562237 -0.32573294 -0.01486396  0.00184174]]
Matrix Pair 102; W = [[ 0.30667089 -0.12743671  0.10046218 -0.10045088  0.10705037]
 [-0.06629777 -0.42607022 -0.12956643  0.2161636  -0.06969708]
 [-0.02725475  0.01845812 -0.02727408  0.14165632  0.06663478]
 [-0.08340221  0.10417794  0.05326374 -0.03204567 -0.02581439]
 [-0.18013198 -0.08837944 -0.23249156 -0.17780849  0.12238631]]
U = [[ 0.09837044  0.01395205  0.22284015  0.40023007 -0.06985731]
 [-0.45295218 -0.00839903  0.10119459  0.11402757  0.11468744]
 [ 0.06815428 -0.11256467 -0.26087279 -0.13706269  0.20695501]
 [ 0.2760459   0.02753347  0.21261157 -0.00429977 -0.22354887]
 [-0.12718863  0.02490257 -0.29168625  0.00753971 -0.04727374]]
Matrix Pair 103; W = [[ 0.29948232 -0.12444994  0.08688328 -0.16112114  0.14052434]
 [-0.07275556 -0.4437338  -0.1657292   0.27361636 -0.10193107]
 [-0.04953227 -0.01404972 -0.04407584  0.15644934  0.04807639]
 [-0.02745863  0.06394878  0.14708842 -0.0296711  -0.06159621]
 [-0.16600381 -0.14252631 -0.21793655 -0.17429154  0.03775375]]
U = [[ 0.10266411  0.09675256  0.23513131  0.3880064  -0.01981465]
 [-0.44691597 -0.01721267  0.08259889  0.10417828  0.15649411]
 [ 0.09989655 -0.14569292 -0.26458702 -0.17449775  0.11194514]
 [ 0.21807344  0.02541443  0.24833783  0.01724826 -0.15957535]
 [-0.15683099 -0.00896346 -0.31354688 -0.05860084 -0.06181218]]
Matrix Pair 104; W = [[ 0.26790233 -0.11285959  0.08215324 -0.10745393  0.14121375]
 [ 0.01932189 -0.43698768 -0.11624028  0.27770167 -0.12566442]
 [-0.05668612  0.02783533 -0.10071755  0.19737775  0.03644188]
 [-0.04945555  0.06653946  0.14848671  0.00780647 -0.04402   ]
 [-0.18633821 -0.05186329 -0.24613088 -0.15023876  0.03560872]]
U = [[ 0.08980786  0.06164517  0.23694514  0.34857861 -0.05262046]
 [-0.41518654 -0.00267043  0.02296081  0.07402742  0.13815529]
 [ 0.06955208 -0.09003356 -0.31717756 -0.21246735  0.18457027]
 [ 0.27178921  0.00570857  0.29292366  0.0161172  -0.24144886]
 [-0.09507274  0.01525943 -0.30967549 -0.015044    0.03682797]]
Matrix Pair 105; W = [[ 0.23362736 -0.0513685   0.04912535 -0.11013292  0.16097966]
 [ 0.02368893 -0.37197713 -0.14499444  0.2743681  -0.07263825]
 [-0.07274949  0.01194308 -0.00388618  0.17944053  0.04343973]
 [-0.02599453  0.10512948  0.06130853  0.01022236 -0.07398659]
 [-0.20259761 -0.1309214  -0.19033814 -0.12836159  0.03696353]]
U = [[ 0.13271071  0.0202713   0.24668815  0.37421576 -0.02429598]
 [-0.38338764 -0.06507771  0.04112909  0.05186057  0.1742311 ]
 [ 0.08271274 -0.16016014 -0.30219613 -0.20377441  0.14722894]
 [ 0.27010924  0.01198506  0.27412303  0.0087413  -0.18158688]
 [-0.14151936  0.01658351 -0.31648673  0.00092279 -0.01615224]]
Matrix Pair 106; W = [[ 0.2523143  -0.04505991  0.03855517 -0.16704053  0.11995298]
 [-0.05354433 -0.43053373 -0.09437989  0.28383624 -0.13600469]
 [-0.03877672  0.01959427 -0.0150521   0.09909282  0.09198074]
 [-0.01556035  0.07830418  0.11386988 -0.06896048 -0.08937476]
 [-0.17499951 -0.06021299 -0.18296655 -0.11868736  0.09030611]]
U = [[ 0.16201559  0.08245642  0.24098567  0.40922017 -0.0619616 ]
 [-0.43504617  0.00110449  0.08450391  0.11791541  0.17687519]
 [ 0.09253415 -0.13258614 -0.29753137 -0.21807321  0.17340312]
 [ 0.24241472 -0.01361564  0.25885769 -0.01857414 -0.23110145]
 [-0.13288556 -0.01924607 -0.29615608 -0.04490607 -0.02322084]]
Matrix Pair 107; W = [[ 0.25203488 -0.04772981  0.07957483 -0.17824826  0.18495909]
 [-0.05166848 -0.42940682 -0.13297247  0.21254266 -0.08054293]
 [-0.03300803 -0.01621899 -0.03820265  0.14485937  0.03846355]
 [-0.04622573  0.1034036   0.0730025  -0.05905967 -0.07052602]
 [-0.22895269 -0.13516646 -0.24455768 -0.09502174  0.09349363]]
U = [[ 0.08703609  0.08404817  0.26098317  0.37354652 -0.03554309]
 [-0.37920075 -0.03918698  0.03474493  0.11510872  0.11791321]
 [ 0.07150682 -0.10721949 -0.32430793 -0.13388664  0.12065939]
 [ 0.21968884 -0.01694247  0.27859116 -0.01659946 -0.2504575 ]
 [-0.10769138  0.02359847 -0.25483848 -0.00050246  0.02112707]]
Matrix Pair 108; W = [[ 0.3143338  -0.08911362  0.03231272 -0.18384816  0.1826865 ]
 [ 0.00229022 -0.39046793 -0.09491588  0.20936438 -0.14501083]
 [-0.10534982  0.0360556  -0.06400754  0.18599563  0.11736488]
 [-0.08030506  0.0367895   0.08190896 -0.05416667 -0.00039787]
 [-0.1641669  -0.08236996 -0.22104629 -0.14975936  0.05992508]]
U = [[ 0.0830114   0.050705    0.21902478  0.38342675 -0.05234443]
 [-0.41824919 -0.01344608  0.03181837  0.12647951  0.16694772]
 [ 0.04612414 -0.08978902 -0.30657105 -0.21333509  0.13804176]
 [ 0.21822668  0.03391428  0.25355696  0.01450814 -0.21586506]
 [-0.08420409  0.00486684 -0.25495764 -0.05958178 -0.04240594]]
Matrix Pair 109; W = [[ 0.25668297 -0.09960332  0.09390848 -0.13867857  0.10414132]
 [ 0.01522046 -0.42290957 -0.09633337  0.22463109 -0.07212424]
 [-0.03480017  0.04732757 -0.04191478  0.11251764  0.06987543]
 [-0.05546707  0.0505365   0.10738136 -0.02838545 -0.05612415]
 [-0.17390329 -0.05329528 -0.1847797  -0.08871845  0.12160799]]
U = [[ 0.08398835  0.01736834  0.22137995  0.38549314 -0.04761489]
 [-0.37627044 -0.01090852  0.04015197  0.07185654  0.16149078]
 [ 0.00692369 -0.14913668 -0.29602714 -0.14847857  0.15003821]
 [ 0.26145309 -0.02538937  0.27852193 -0.03571427 -0.19404753]
 [-0.08284713 -0.01194235 -0.33394047 -0.0040579  -0.02032814]]
Matrix Pair 110; W = [[ 0.28824656 -0.10479682  0.11424339 -0.19161865  0.17129733]
 [-0.00866925 -0.44012547 -0.16785782  0.25332054 -0.14106931]
 [-0.08219512 -0.02163328 -0.00662099  0.12654422  0.12179837]
 [-0.06518665  0.08018869  0.14697878 -0.03278518 -0.02660277]
 [-0.1872776  -0.08995185 -0.19802183 -0.15390307  0.03644946]]
U = [[ 0.09211335  0.05528935  0.24606167  0.40263777 -0.05913297]
 [-0.4567895   0.00581949  0.11113272  0.07440772  0.18429034]
 [ 0.07068902 -0.09531049 -0.24173866 -0.22078141  0.12031847]
 [ 0.18920232 -0.00804219  0.24927237 -0.00431328 -0.23935003]
 [-0.15560638  0.04876265 -0.3460391  -0.07640171 -0.04673277]]
Matrix Pair 111; W = [[ 0.29242265 -0.1293755   0.10133975 -0.12267838  0.16597545]
 [-0.06243826 -0.38572592 -0.12131281  0.25374029 -0.13510622]
 [-0.08781081  0.01497128 -0.06985753  0.1810435   0.07046494]
 [-0.08835104  0.08634223  0.15181867 -0.04160284 -0.04240652]
 [-0.18627062 -0.13176353 -0.20911245 -0.09348347  0.03791868]]
U = [[ 0.17597734  0.07877114  0.20803708  0.3498169  -0.07154861]
 [-0.42356617 -0.0287586   0.02473456  0.09281597  0.18503438]
 [ 0.04081867 -0.10919964 -0.29328892 -0.20058484  0.17087898]
 [ 0.19614977 -0.00347626  0.2772996   0.00630487 -0.20516862]
 [-0.08093801 -0.00965419 -0.25479974  0.00179174 -0.0481742 ]]
Matrix Pair 112; W = [[ 0.35618492 -0.05911389  0.04153423 -0.19245761  0.19810411]
 [-0.06924398 -0.31459156 -0.07526657  0.25458092 -0.13136047]
 [-0.14123283  0.05801394 -0.06647072  0.09620661  0.06960969]
 [-0.10924805  0.11668388  0.08256426 -0.06907494 -0.03168112]
 [-0.15031884 -0.06063457 -0.22852242 -0.16603661  0.11257675]]
U = [[ 0.15035651  0.05466988  0.20920458  0.36547731 -0.01017082]
 [-0.37562784 -0.11402601  0.05862845  0.11173367  0.21325836]
 [ 0.08171019 -0.04612608 -0.20490674 -0.10636511  0.0919976 ]
 [ 0.25351665  0.00344215  0.24721567  0.01709045 -0.13456979]
 [-0.10453354 -0.033541   -0.30342133 -0.00727969 -0.0671091 ]]
Matrix Pair 113; W = [[ 0.29017274 -0.03004814  0.04813522 -0.19114963  0.13706601]
 [-0.07388211 -0.34662738 -0.090813    0.19542287 -0.10746418]
 [-0.0841052   0.01279644 -0.12480876  0.13623774  0.06709425]
 [-0.08393663  0.10048138  0.06651687 -0.10338371 -0.02162245]
 [-0.19558437 -0.11893081 -0.21622172 -0.12273035  0.05025128]]
U = [[ 0.16443064  0.07463815  0.25270627  0.39025522 -0.01259452]
 [-0.38192426 -0.12479476  0.01114328  0.18815046  0.18353249]
 [ 0.04103547 -0.09082015 -0.15552517 -0.08668569  0.02811331]
 [ 0.26077268  0.02665486  0.26397107  0.06269627 -0.20785989]
 [-0.15989488  0.01572677 -0.28868246  0.01418962 -0.05624724]]
Matrix Pair 114; W = [[ 0.32127488 -0.09300358  0.13653603 -0.18802217  0.16625195]
 [-0.10986158 -0.32862962 -0.14358732  0.25363371 -0.10788049]
 [-0.06946263  0.0716741  -0.1148781   0.1467351   0.01328342]
 [-0.07292485  0.04323996  0.02972686 -0.07935235 -0.0637199 ]
 [-0.15837596 -0.05611766 -0.17382891 -0.11309905  0.10580311]]
U = [[ 0.1190123   0.04452769  0.24874604  0.35756022  0.03937844]
 [-0.38455894 -0.11737551  0.08092344  0.17173406  0.16766296]
 [ 0.06943549 -0.07157281 -0.16352194 -0.18150107  0.04788185]
 [ 0.20750882 -0.02956677  0.20864046  0.06750686 -0.20074353]
 [-0.09155659 -0.05488785 -0.30062878 -0.04545523 -0.08464682]]
Matrix Pair 115; W = [[ 0.34473454 -0.0809048   0.09354926 -0.19181923  0.14038329]
 [-0.13512447 -0.3125964  -0.08078168  0.18946135 -0.05250661]
 [-0.13307788  0.09212648 -0.11250855  0.15897886 -0.0033526 ]
 [-0.06964278  0.04995414  0.08353141 -0.07319343 -0.06625866]
 [-0.16615688 -0.09778654 -0.24446222 -0.08320829  0.0568334 ]]
U = [[ 0.15961772  0.07457851  0.19478537  0.38431091  0.04221283]
 [-0.32242076 -0.06316896  0.06975295  0.16769145  0.24234633]
 [ 0.04993886 -0.04963826 -0.17016348 -0.17007469  0.08880916]
 [ 0.26143639 -0.01130017  0.26721635  0.04376613 -0.13464819]
 [-0.10350224  0.02436216 -0.22444287 -0.05878846 -0.07344059]]
Matrix Pair 116; W = [[ 0.36803779 -0.04458832  0.08783514 -0.15177955  0.2009881 ]
 [-0.12902128 -0.32148156 -0.1323653   0.22262161 -0.13491101]
 [-0.12738598  0.09043637 -0.0819587   0.12813011  0.01347087]
 [-0.05064482  0.07425123  0.03351202 -0.11211989 -0.07481051]
 [-0.15536751 -0.08724822 -0.24424201 -0.12959208  0.09789173]]
U = [[ 0.14920232  0.01916875  0.19079881  0.38498022 -0.047153  ]
 [-0.36104489 -0.11462724  0.08614477  0.13751583  0.19977304]
 [ 0.05016124 -0.08861944 -0.15420725 -0.08709363  0.11717945]
 [ 0.20457186 -0.02877757  0.2021678   0.01400414 -0.12854368]
 [-0.07680061 -0.00158569 -0.24992657 -0.00610944 -0.01384681]]
Matrix Pair 117; W = [[ 0.34187103 -0.00530332  0.07254148 -0.11244294  0.16344481]
 [-0.08475726 -0.37965258 -0.08162811  0.2377057  -0.08312377]
 [-0.06616766  0.0151188  -0.06097124  0.16808599  0.06835851]
 [-0.01025743  0.1093672   0.08629575 -0.04916877 -0.08277604]
 [-0.1878551  -0.03529416 -0.25367986 -0.17130886  0.1082116 ]]
U = [[ 0.1638423   0.10725512  0.27778484  0.3289835   0.01620897]
 [-0.35566177 -0.02655944  0.04667962  0.10893137  0.22329776]
 [ 0.08305588 -0.0622279  -0.24427855 -0.15988645  0.04336784]
 [ 0.29130794 -0.00298297  0.27572216  0.00705449 -0.12461919]
 [-0.09230898  0.00714231 -0.25317104  0.03465686 -0.02528241]]
Matrix Pair 118; W = [[ 0.3192094  -0.10055851  0.07805728 -0.161019    0.17385461]
 [-0.11733717 -0.33632054 -0.12336048  0.23006585 -0.06108196]
 [-0.06894641  0.10062051 -0.08776044  0.12302634  0.04087254]
 [-0.03459202  0.13280768  0.0986317  -0.12382808 -0.04272038]
 [-0.18837425 -0.05162672 -0.18936813 -0.15221777  0.08475641]]
U = [[ 0.08475416  0.02663863  0.27152285  0.38226036 -0.03436205]
 [-0.36610126 -0.09181488  0.07352972  0.11053752  0.1695631 ]
 [ 0.05853568 -0.11565289 -0.21547017 -0.12076805  0.03074921]
 [ 0.26073825  0.00905312  0.21505901  0.04337964 -0.15048523]
 [-0.12160642  0.0086344  -0.26925391 -0.00481618 -0.00866817]]
Matrix Pair 119; W = [[ 0.35833908 -0.00976267  0.07144343 -0.17419541  0.13599964]
 [-0.13341898 -0.39761695 -0.07352643  0.24518441 -0.08147285]
 [-0.09689132  0.09003462 -0.06909797  0.17308127  0.00305302]
 [-0.08431243  0.04120119  0.08146412 -0.05190462 -0.00753598]
 [-0.18601212 -0.05497929 -0.23752845 -0.15702292  0.04377085]]
U = [[ 0.14082805  0.09079044  0.273129    0.37302209 -0.04582607]
 [-0.36308729 -0.07661289  0.07832076  0.13275546  0.17360517]
 [ 0.06855626 -0.11257582 -0.22636464 -0.09095463  0.06798491]
 [ 0.22093263 -0.04703306  0.22810435  0.06128358 -0.20098946]
 [-0.16409419 -0.01434088 -0.24995976  0.00322301 -0.07901803]]
Matrix Pair 120; W = [[ 0.33304363 -0.01385514  0.09827534 -0.17221356  0.21240709]
 [-0.09419305 -0.34981459 -0.13098895  0.21629852 -0.08897067]
 [-0.12511157  0.02396661 -0.08126855  0.09083677  0.02878415]
 [-0.09123635  0.04210321  0.07151951 -0.13211463  0.00262584]
 [-0.19682708 -0.11689206 -0.2484233  -0.08070125  0.09395785]]
U = [[ 0.12139485  0.02762899  0.21243116  0.33859273 -0.04920974]
 [-0.3400542  -0.04366877  0.06702496  0.17477342  0.20362958]
 [ 0.02390713 -0.10899099 -0.21645492 -0.11312918  0.04671975]
 [ 0.2392265   0.02265792  0.2377674   0.00513289 -0.16307859]
 [-0.14921243 -0.03556596 -0.29982525 -0.05033021 -0.09029551]]
Matrix Pair 121; W = [[ 0.32374725 -0.03044246  0.07989834 -0.13905075  0.18200843]
 [-0.13494564 -0.3984399  -0.135597    0.25391025 -0.05070596]
 [-0.08390567  0.07722967 -0.03202694  0.14093144  0.05537937]
 [-0.09046714  0.07576244  0.03693488 -0.09937566 -0.00175052]
 [-0.1884721  -0.13107638 -0.24474964 -0.11205474  0.08266539]]
U = [[ 0.15695765  0.11405006  0.18461263  0.39468645 -0.03629799]
 [-0.38134044 -0.12110649  0.0623707   0.15924722  0.24504357]
 [ 0.04912655 -0.08278118 -0.19420081 -0.17031148  0.12141784]
 [ 0.26696872  0.01525943  0.23891424  0.05795116 -0.13105273]
 [-0.16710742 -0.05597314 -0.27359809 -0.02606641 -0.01432996]]
Matrix Pair 122; W = [[ 0.2966047  -0.03508953  0.08044575 -0.1867657   0.16129171]
 [-0.05789974 -0.35736306 -0.0940176   0.23824256 -0.08008557]
 [-0.1302649   0.05939039 -0.03980788  0.13700199  0.04257492]
 [-0.06111174  0.06489877  0.0452524  -0.06661854 -0.01661604]
 [-0.20064594 -0.12493277 -0.2250724  -0.11583476  0.06206296]]
U = [[ 0.07573535  0.04648683  0.2461012   0.37010484 -0.01191019]
 [-0.40036742 -0.06189731  0.08309561  0.18936314  0.2210031 ]
 [ 0.02316087 -0.07866865 -0.16923112 -0.14055709  0.04227875]
 [ 0.20857636 -0.05210504  0.26808781  0.01824347 -0.20372428]
 [-0.11831636  0.03215569 -0.2873143  -0.00305054 -0.06382901]]
Matrix Pair 123; W = [[ 0.27711197 -0.05444839  0.11308775 -0.1492672   0.21497704]
 [-0.13561401 -0.32277309 -0.10018858  0.22580294 -0.08796279]
 [-0.06358956  0.0911472  -0.09088633  0.09874057  0.04218929]
 [-0.07177827  0.09131339  0.04942295 -0.06320014 -0.00300824]
 [-0.19250985 -0.04164033 -0.22764827 -0.1499361   0.10063321]]
U = [[ 0.06802475  0.04638991  0.24596448  0.39715128 -0.03068933]
 [-0.37257372 -0.10803819  0.09909437  0.12928654  0.21706006]
 [ 0.05879455 -0.12621159 -0.16477229 -0.17976413  0.04344093]
 [ 0.1983468  -0.01146611  0.25204962  0.03038415 -0.13586232]
 [-0.11451818 -0.02733419 -0.22251455 -0.02375595 -0.08240941]]
Matrix Pair 124; W = [[ 0.3422834  -0.10225645  0.05494891 -0.19226023  0.18710166]
 [-0.08376107 -0.36517505 -0.09904461  0.25004271 -0.07380053]
 [-0.12821417  0.03911869 -0.03541374  0.10620958  0.05547663]
 [-0.02896644  0.06084418  0.0706741  -0.07222741  0.00839771]
 [-0.22385531 -0.12359349 -0.24845641 -0.07912393  0.04047271]]
U = [[ 0.12553201  0.06120087  0.22477951  0.33838856 -0.02111312]
 [-0.41566685 -0.11282934  0.10231297  0.10153983  0.23469727]
 [ 0.01704175 -0.09953052 -0.18230673 -0.1243143   0.08853522]
 [ 0.29177541  0.01829675  0.26896471  0.03336177 -0.12290928]
 [-0.16571968  0.01686023 -0.29148453 -0.05791122 -0.08253908]]
Matrix Pair 125; W = [[ 0.34458714 -0.02461064  0.0935181  -0.1454371   0.19147598]
 [-0.09805278 -0.37440358 -0.09136824  0.22562768 -0.05496545]
 [-0.07734227  0.03519773 -0.06142111  0.17874172  0.03147982]
 [-0.0987626   0.06505652  0.02040202 -0.05483885 -0.00193718]
 [-0.20621931 -0.05068408 -0.18989712 -0.16222402  0.07833099]]
U = [[ 0.15137204  0.10365163  0.27266686  0.30697866 -0.04777274]
 [-0.33994978 -0.08099988  0.05041517  0.116548    0.23018852]
 [ 0.05060122 -0.0909325  -0.18622621 -0.11209947  0.10389345]
 [ 0.28668424 -0.043464    0.21448842  0.07070586 -0.13483098]
 [-0.15546737  0.02548912 -0.21885607 -0.02792124 -0.03507113]]
Matrix Pair 126; W = [[ 0.32305717 -0.01944998  0.11583768 -0.19997661  0.1750911 ]
 [-0.13330795 -0.39972815 -0.08385476  0.21793783 -0.06455043]
 [-0.08460592  0.05075758 -0.06088883  0.15807264  0.06671557]
 [-0.02313473  0.03853667  0.01602532 -0.08479842 -0.00209556]
 [-0.14996813 -0.12263614 -0.19230797 -0.09877202  0.07360238]]
U = [[ 0.10064955  0.07057276  0.22459362  0.36704078 -0.05646911]
 [-0.3696997  -0.10553483  0.03446885  0.11570183  0.18865634]
 [ 0.01766811 -0.1289737  -0.16496446 -0.14331712  0.05830318]
 [ 0.21828242  0.02111057  0.23356993  0.07622967 -0.20746587]
 [-0.08844538  0.00471186 -0.2265216  -0.05826853 -0.00913795]]
Matrix Pair 127; W = [[ 0.30452566 -0.05472841  0.0579262  -0.10435672  0.12999892]
 [-0.08455939 -0.33277137 -0.11472209  0.17491501 -0.10573267]
 [-0.13058547  0.02512679 -0.06169936  0.10136383  0.00557145]
 [-0.04444094  0.04485135  0.01949756 -0.04151278 -0.07151945]
 [-0.15739799 -0.11007917 -0.23698185 -0.11474654  0.02136543]]
U = [[ 0.15592648  0.10110828  0.23434093  0.37794352  0.02801573]
 [-0.32587774 -0.06633996  0.08709433  0.1629015   0.2156066 ]
 [ 0.06521068 -0.13468048 -0.15190711 -0.12586996  0.04324182]
 [ 0.2101517   0.03953577  0.22277389  0.04870041 -0.18280068]
 [-0.15770755 -0.02652415 -0.26077771 -0.053513   -0.00270534]]
