Epoch: 56Matrix Pair 0; W = [[ 0.24191589  0.06036945  0.14181328 -0.10048456  0.0493167 ]
 [-0.03365548 -0.33648706 -0.05987787  0.32227474 -0.11631408]
 [-0.04321095  0.02555133 -0.05269906  0.11354278 -0.09806616]
 [-0.03241734  0.05740707  0.17079685 -0.03109862 -0.07822656]
 [-0.12655159 -0.11222639 -0.23926546 -0.16319094 -0.01451525]]
U = [[ 0.20293351  0.1435232   0.20915667  0.27711711 -0.03081917]
 [-0.35597245 -0.0219102   0.04392374  0.10665479  0.22045908]
 [ 0.10279792 -0.10947469 -0.24379915 -0.14829019  0.24945161]
 [ 0.32020639 -0.03482065  0.2286359  -0.14909932 -0.13092241]
 [-0.10717777 -0.0350585  -0.23654953 -0.07815386 -0.04841609]]
Matrix Pair 1; W = [[ 1.91742237e-01  3.34233239e-02  1.41735734e-01 -1.13074349e-01
   3.97522329e-02]
 [-3.14660276e-02 -3.33816760e-01  2.29832132e-03  3.16242709e-01
  -1.01525292e-01]
 [-4.04743675e-02  3.49357486e-03 -1.06515641e-01  3.89165523e-02
  -5.46731221e-02]
 [-8.70460180e-02  1.22856073e-01  1.45284928e-01 -2.38903962e-05
  -1.34683020e-01]
 [-1.33094501e-01 -6.67051053e-02 -2.30082588e-01 -1.82012158e-01
  -2.00332805e-02]]
U = [[ 0.17135584  0.13020081  0.28547119  0.30094114 -0.07254646]
 [-0.27790015 -0.11231327  0.02937934  0.08895364  0.2200675 ]
 [ 0.0842305  -0.13924811 -0.21002459 -0.08350094  0.23118568]
 [ 0.28497754 -0.05081     0.23840454 -0.15903248 -0.10752874]
 [-0.13684747 -0.04760535 -0.29582691 -0.07333862  0.00865201]]
Matrix Pair 2; W = [[ 0.17662026 -0.00881945  0.13367607 -0.17077768  0.02850054]
 [-0.11704791 -0.31708507  0.00754317  0.25515019 -0.07893768]
 [-0.0903456  -0.00713342 -0.02356316  0.06051065 -0.06517027]
 [-0.06538647  0.04997095  0.16000275 -0.05636665 -0.10586214]
 [-0.10800686 -0.0567797  -0.1970179  -0.18009579 -0.01354   ]]
U = [[ 0.12935782  0.11840032  0.21066633  0.28659839 -0.05363059]
 [-0.29623763 -0.04825419  0.01630761  0.08472584  0.18401694]
 [ 0.16852833 -0.09701737 -0.18405351 -0.18046381  0.21985228]
 [ 0.30604137 -0.01296955  0.21051291 -0.1455165  -0.17558556]
 [-0.09574509  0.0047597  -0.23267155 -0.11528121  0.00237079]]
Matrix Pair 3; W = [[ 0.21735077 -0.00291837  0.10473808 -0.12758401  0.06472198]
 [-0.0853349  -0.31305255 -0.07174116  0.25868403 -0.09712941]
 [-0.05641018 -0.02829008 -0.10020935  0.05527106 -0.08482326]
 [-0.07689979  0.0634024   0.20160466 -0.03265551 -0.13495242]
 [-0.07428274 -0.10889079 -0.26723231 -0.1989807  -0.02250272]]
U = [[ 0.16367528  0.15341807  0.22348429  0.2557952  -0.05283685]
 [-0.32110672 -0.06697467  0.05552679  0.16554851  0.19763434]
 [ 0.16145636 -0.10209733 -0.22784931 -0.11247567  0.22029249]
 [ 0.31598466 -0.02904514  0.2731972  -0.14329609 -0.16087537]
 [-0.16996579  0.01169978 -0.29755717 -0.12168543 -0.00424749]]
Matrix Pair 4; W = [[ 0.18413343  0.05340362  0.12737931 -0.14820078  0.0222373 ]
 [-0.09554103 -0.35043449 -0.05267459  0.25667337 -0.15229852]
 [-0.0394435   0.02512197 -0.09957093  0.04729146 -0.09544592]
 [-0.06618526  0.12616436  0.22300743 -0.03052931 -0.05468649]
 [-0.12258844 -0.09811508 -0.21309721 -0.23162704  0.05834948]]
U = [[ 2.20556127e-01  1.66222707e-01  2.63287379e-01  2.86512211e-01
  -9.94734116e-02]
 [-2.73649328e-01 -9.13997104e-02  3.81795995e-02  1.19074568e-01
   1.76437456e-01]
 [ 9.06732736e-02 -9.09940548e-02 -1.57075047e-01 -1.43399376e-01
   2.37490726e-01]
 [ 2.41383296e-01 -2.37830589e-04  1.99047635e-01 -9.98077995e-02
  -1.84881405e-01]
 [-9.66371083e-02  3.42929011e-02 -2.01838267e-01 -3.90345718e-02
  -1.98819649e-02]]
Matrix Pair 5; W = [[ 0.19845388  0.03625753  0.10162737 -0.14673243 -0.02906962]
 [-0.08554528 -0.36739301 -0.05781343  0.32468401 -0.16467476]
 [-0.03064678  0.01761152 -0.0849321   0.06558531 -0.04448137]
 [-0.03974589  0.09066364  0.14573669 -0.01701009 -0.1234107 ]
 [-0.13668629 -0.07625617 -0.23281755 -0.20418954  0.01513538]]
U = [[ 0.21035729  0.15989094  0.21593457  0.26140245 -0.03311835]
 [-0.33418144 -0.09867735  0.0801943   0.09412496  0.21760029]
 [ 0.10595748 -0.06043449 -0.18948338 -0.12851572  0.24709805]
 [ 0.2904002  -0.0439576   0.2000105  -0.08962936 -0.14666873]
 [-0.11904121  0.02215978 -0.22138638 -0.05581091 -0.05326947]]
Matrix Pair 6; W = [[ 0.26801604  0.01251444  0.13462175 -0.10788581 -0.02065449]
 [-0.08978898 -0.34962318  0.00485663  0.28502765 -0.13208279]
 [-0.07178955 -0.00801535 -0.02400638  0.09193288 -0.08453156]
 [-0.04421577  0.05496998  0.20884907 -0.0149243  -0.04139146]
 [-0.12166204 -0.12403369 -0.21603274 -0.22721803 -0.01610267]]
U = [[ 0.2134261   0.20985592  0.24972205  0.24473804 -0.07928522]
 [-0.36832592 -0.05762876  0.09899822  0.11864807  0.18181878]
 [ 0.10111131 -0.09896261 -0.16770443 -0.12016792  0.21156004]
 [ 0.29763945 -0.02755781  0.2810312  -0.16975236 -0.18762407]
 [-0.13243356 -0.04425755 -0.23906953 -0.09057409 -0.05561012]]
Matrix Pair 7; W = [[ 0.20913313  0.0629254   0.1429747  -0.08190501 -0.00560914]
 [-0.04596767 -0.36614417 -0.01055178  0.27380175 -0.12865668]
 [-0.06313881  0.04401707 -0.06247202  0.09747959 -0.08782475]
 [-0.07673714  0.12561834  0.18666948 -0.01004219 -0.07010637]
 [-0.12866608 -0.08861059 -0.19693879 -0.15429991  0.05473038]]
U = [[ 0.13619637  0.16035608  0.23821697  0.30904739 -0.08447045]
 [-0.3054994  -0.07821737  0.10615098  0.17175145  0.20933879]
 [ 0.14553423 -0.08973304 -0.21010352 -0.12366513  0.23160895]
 [ 0.29911799 -0.04042636  0.26751362 -0.17064061 -0.10065311]
 [-0.15782357  0.02105628 -0.28318368 -0.05243089 -0.01368905]]
Matrix Pair 8; W = [[ 2.25270883e-01 -5.03789994e-03  4.92552369e-02 -1.36046874e-01
   6.39715652e-02]
 [-3.35174684e-02 -3.10650788e-01 -6.83055962e-02  3.23196972e-01
  -8.24208683e-02]
 [-6.60549648e-02  4.57513777e-03 -7.15777868e-02  6.34676857e-02
  -6.74064616e-02]
 [-5.99844876e-02  3.83233819e-02  1.69961687e-01 -6.43933337e-02
  -1.09300891e-01]
 [-9.61466309e-02 -1.09988706e-01 -1.94202462e-01 -2.08668032e-01
  -3.19499301e-04]]
U = [[ 0.20212869  0.12423153  0.26259835  0.2930954  -0.00630271]
 [-0.28030912 -0.03983751  0.09032883  0.15412771  0.17628151]
 [ 0.13340042 -0.10262109 -0.24892918 -0.15165173  0.23525029]
 [ 0.29291546 -0.0696718   0.25112468 -0.1493083  -0.15042567]
 [-0.16946338 -0.00922121 -0.27590857 -0.10326368  0.00096491]]
Matrix Pair 9; W = [[ 0.19959918  0.07597141  0.07466545 -0.07859735 -0.02295803]
 [-0.06446933 -0.37230253 -0.01389584  0.31124714 -0.12225704]
 [-0.07140306 -0.0424842  -0.03528292  0.06293511 -0.08478577]
 [-0.07257247  0.06680517  0.15102093  0.00595788 -0.10016191]
 [-0.07203295 -0.05900904 -0.22551689 -0.23527258  0.04250238]]
U = [[ 0.1401591   0.17957386  0.2122747   0.30489438 -0.04565228]
 [-0.2722987  -0.09482053  0.00948937  0.10102621  0.20346751]
 [ 0.1734942  -0.07168993 -0.15233384 -0.13443339  0.19641742]
 [ 0.31487266  0.01970174  0.21859232 -0.14539804 -0.09435977]
 [-0.15661283 -0.05189586 -0.26274391 -0.12856    -0.02503897]]
Matrix Pair 10; W = [[ 0.1929738   0.05878105  0.11134824 -0.16862024 -0.00390351]
 [-0.09915948 -0.3206952  -0.00248873  0.29882252 -0.11890506]
 [-0.08536131  0.00913912 -0.07922474  0.10710694 -0.03667414]
 [-0.07147098  0.08838497  0.15423152  0.01324509 -0.0531926 ]
 [-0.11790584 -0.06992836 -0.19720618 -0.16814458 -0.01225051]]
U = [[ 0.13089963  0.199508    0.23977409  0.28544937 -0.00443437]
 [-0.30178621 -0.02405629  0.03182878  0.09734991  0.13543394]
 [ 0.10517826 -0.13019533 -0.247451   -0.10958477  0.20345031]
 [ 0.27657801  0.00404802  0.21803602 -0.09431735 -0.14677085]
 [-0.13284255 -0.0287463  -0.26322865 -0.11090043 -0.05507877]]
Matrix Pair 11; W = [[ 0.23301727  0.05779096  0.13527083 -0.12833699  0.00216531]
 [-0.02698104 -0.3811341  -0.03089712  0.32874745 -0.10373634]
 [ 0.00203656  0.00452802 -0.0835778   0.04732314 -0.06534354]
 [-0.04319044  0.07715379  0.16423271 -0.01888409 -0.04798056]
 [-0.12314546 -0.11510185 -0.24136083 -0.18559689  0.02521858]]
U = [[ 0.14466941  0.14168238  0.28812698  0.24595045 -0.02798113]
 [-0.31677451 -0.0221088   0.10663791  0.15194584  0.20799137]
 [ 0.11826217 -0.09314002 -0.19232772 -0.16286345  0.24198411]
 [ 0.24060813 -0.0003241   0.27493403 -0.15348742 -0.0908001 ]
 [-0.16524108 -0.00293849 -0.25237412 -0.06194515  0.00802057]]
Matrix Pair 12; W = [[ 1.86484619e-01  3.77294833e-02  1.01177826e-01 -9.42462623e-02
   4.96561677e-02]
 [-1.15134964e-01 -3.07533495e-01  4.67714265e-03  2.76975751e-01
  -9.25476702e-02]
 [-3.46924790e-02  2.34962377e-04 -7.78141118e-02  8.23667238e-02
  -2.51885821e-02]
 [-9.40908628e-02  8.65503568e-02  1.96629485e-01 -7.90302804e-02
  -4.38910246e-02]
 [-7.66315706e-02 -1.03176565e-01 -2.06191714e-01 -1.44360091e-01
  -5.62307570e-03]]
U = [[ 0.19883077  0.17434381  0.21069252  0.33347715 -0.02087144]
 [-0.33895786 -0.03996509  0.00853953  0.14863129  0.18767331]
 [ 0.17270913 -0.11977681 -0.16339552 -0.10128332  0.22998692]
 [ 0.29952018 -0.06724676  0.26853673 -0.12128524 -0.16496752]
 [-0.11498219  0.03001965 -0.28073088 -0.06564057 -0.05776392]]
Matrix Pair 13; W = [[ 0.17933186  0.0771347   0.12076417 -0.08463554  0.01528761]
 [-0.04777812 -0.38342272 -0.04870156  0.31075115 -0.10670311]
 [-0.06183975 -0.0503918  -0.02859969  0.02993144 -0.0971321 ]
 [-0.03739069  0.13214554  0.1639197  -0.05025247 -0.06857098]
 [-0.11775145 -0.127059   -0.24532219 -0.19260627  0.01385405]]
U = [[ 0.12957876  0.19596746  0.23793242  0.30443845 -0.00533284]
 [-0.34491206 -0.02502586  0.08917293  0.16369906  0.20446812]
 [ 0.10051614 -0.11345317 -0.23432945 -0.08573716  0.16991077]
 [ 0.31432979  0.01342099  0.23603543 -0.12432502 -0.09109163]
 [-0.17196645 -0.02087495 -0.25573497 -0.0956822  -0.02315674]]
Matrix Pair 14; W = [[ 0.21422445  0.02526037  0.12286734 -0.10564894 -0.0267001 ]
 [-0.06959437 -0.34610748 -0.06953456  0.31191583 -0.16486205]
 [-0.0053067   0.01513477 -0.08563759  0.05406534 -0.06362266]
 [-0.07862593  0.11569249  0.18008138 -0.06998104 -0.06570675]
 [-0.10925603 -0.08074243 -0.23316973 -0.16585185  0.03633303]]
U = [[ 0.15250935  0.16624235  0.19724296  0.28493603 -0.02314545]
 [-0.34122395 -0.03072474  0.07864987  0.11903081  0.18491458]
 [ 0.09854909 -0.05827352 -0.1872916  -0.08746564  0.17102231]
 [ 0.28370536 -0.05029655  0.25796744 -0.14739349 -0.09853407]
 [-0.1229613  -0.03033404 -0.28363346 -0.05995698 -0.0695533 ]]
Matrix Pair 15; W = [[ 0.20026771  0.04392603  0.08260514 -0.1685949  -0.01236284]
 [-0.11151117 -0.29910427 -0.00361844  0.27677314 -0.11974622]
 [-0.03462877 -0.01347505 -0.06155099  0.09210865 -0.0740256 ]
 [-0.02150941  0.05799252  0.17768869 -0.04395915 -0.05098282]
 [-0.09839373 -0.03515359 -0.23873624 -0.16144917  0.00898729]]
U = [[ 0.19425193  0.11862987  0.24966223  0.2923366  -0.05895972]
 [-0.27290129 -0.09253676  0.09440574  0.16692744  0.22759721]
 [ 0.1144112  -0.11018084 -0.20098861 -0.15478537  0.21719645]
 [ 0.26543983 -0.02013497  0.26011654 -0.13223829 -0.13833203]
 [-0.11228992  0.00129503 -0.20644305 -0.08865967 -0.01051765]]
Matrix Pair 16; W = [[ 0.26536643  0.03410285  0.06589682 -0.08991095  0.10699224]
 [-0.18424073 -0.32965266 -0.04382408  0.18148085 -0.16073622]
 [-0.09744736 -0.10067649 -0.13967115  0.04764276 -0.0280869 ]
 [ 0.01413365  0.13332469  0.25432495 -0.03189623 -0.06342235]
 [-0.04124805 -0.05618276 -0.18980855 -0.20952952 -0.06510398]]
U = [[ 0.18913037  0.16263839  0.26811539  0.40026571 -0.06593633]
 [-0.36134407 -0.12923451  0.08604419  0.06785924  0.15263971]
 [ 0.05694281 -0.11153412 -0.24795244 -0.02784336  0.16384147]
 [ 0.18893971  0.0269614   0.21416284 -0.11210072 -0.10821547]
 [-0.08009134 -0.03646822 -0.33348891 -0.01677015 -0.07212721]]
Matrix Pair 17; W = [[ 0.21608581 -0.01153883  0.12143544 -0.05182946  0.0649121 ]
 [-0.14834321 -0.30428251  0.00215411  0.1547288  -0.16472233]
 [-0.06520596 -0.03538027 -0.14488917  0.06288711 -0.04122881]
 [ 0.02309418  0.13607412  0.22333681 -0.08633372 -0.03229923]
 [-0.04530174 -0.05282314 -0.21384728 -0.18911693 -0.04866285]]
U = [[ 0.14853737  0.12955653  0.32339095  0.37591717 -0.0332548 ]
 [-0.32408368 -0.15732156  0.10112354  0.07772718  0.18351648]
 [ 0.07158396 -0.02830127 -0.20514582 -0.01782442  0.23297146]
 [ 0.24276281  0.03404482  0.21200201 -0.132921   -0.08708868]
 [-0.08902456  0.00900478 -0.2502979  -0.01042082 -0.08065523]]
Matrix Pair 18; W = [[ 0.21172336 -0.01069228  0.12024825 -0.13050355  0.09413044]
 [-0.18539282 -0.29252982 -0.04727422  0.14803782 -0.1606535 ]
 [-0.11026122 -0.11429902 -0.16771792  0.07875339 -0.01998268]
 [ 0.01272711  0.1243992   0.25629064 -0.09437024 -0.04307573]
 [-0.06498465 -0.10135466 -0.22136113 -0.21917892  0.02799344]]
U = [[ 0.164077    0.12594861  0.31353163  0.331852   -0.06141928]
 [-0.3185267  -0.13083158  0.0985991   0.02890777  0.19267956]
 [ 0.04665198 -0.04522407 -0.1684799  -0.0006885   0.2106995 ]
 [ 0.19473424 -0.01603247  0.26101869 -0.17551411 -0.18147904]
 [-0.00802045  0.04154052 -0.31460951  0.00445503 -0.07754816]]
Matrix Pair 19; W = [[ 0.24467251  0.06765557  0.09215514 -0.14080277  0.15118463]
 [-0.1706829  -0.34952922 -0.09691105  0.21983828 -0.15850986]
 [-0.06640864 -0.10475214 -0.10423443  0.04702152 -0.03509923]
 [-0.00867649  0.0656668   0.16411723 -0.0543363  -0.0653108 ]
 [-0.06688458 -0.08775945 -0.1900222  -0.18486354  0.01659433]]
U = [[ 0.22274616  0.14072693  0.35683962  0.33254984 -0.02105857]
 [-0.35945186 -0.0870668   0.04843516  0.00482863  0.12369701]
 [ 0.01632365 -0.11143599 -0.19501907 -0.08772546  0.21698181]
 [ 0.25089376 -0.04655421  0.30718706 -0.09037345 -0.09685225]
 [-0.05142143  0.05296883 -0.33648639 -0.00121329 -0.02065412]]
Matrix Pair 20; W = [[ 0.22502579 -0.01487018  0.07393393 -0.09232618  0.12949241]
 [-0.1567912  -0.28485855 -0.02736658  0.16100073 -0.12329179]
 [-0.07053266 -0.11959626 -0.12746656  0.06709397 -0.00223039]
 [-0.03163255  0.08600597  0.22215135 -0.06423823 -0.03389545]
 [-0.06290127 -0.12266801 -0.23740206 -0.18222749  0.00991392]]
U = [[ 0.16752289  0.17428483  0.29706832  0.33255932 -0.04069607]
 [-0.33753896 -0.09034021  0.06412175  0.05270332  0.13770051]
 [ 0.00674258 -0.09403599 -0.17846587 -0.06467755  0.19912007]
 [ 0.21112574  0.03113281  0.21659819 -0.14543927 -0.16388582]
 [-0.01364605 -0.00196727 -0.30995234 -0.01430292 -0.0820591 ]]
Matrix Pair 21; W = [[ 0.17351481  0.03232948  0.10061488 -0.04716197  0.10126088]
 [-0.17583254 -0.34273816 -0.08273186  0.2376547  -0.15988596]
 [-0.12868346 -0.07823377 -0.12792434  0.1006787  -0.06304748]
 [-0.02905135  0.10905439  0.25993004 -0.05850995 -0.06281245]
 [-0.12005849 -0.10102131 -0.27120864 -0.17332078  0.01569026]]
U = [[ 0.14334709  0.09704841  0.33911604  0.38764511  0.00189356]
 [-0.31620496 -0.11701966  0.10868368  0.08083666  0.12581522]
 [ 0.02282374 -0.0627517  -0.16836027 -0.07360226  0.25269346]
 [ 0.26953351 -0.00327108  0.23604549 -0.10398272 -0.17150734]
 [-0.03349413  0.03066399 -0.33097384 -0.0083511  -0.01346002]]
Matrix Pair 22; W = [[ 0.17928947 -0.01416755  0.1286767  -0.06569337  0.10694424]
 [-0.181519   -0.30315889 -0.06505723  0.15236399 -0.11531471]
 [-0.07278377 -0.06416731 -0.08347908  0.06390842 -0.0062671 ]
 [ 0.03603899  0.08653028  0.16713518 -0.09252356 -0.11220239]
 [-0.05717537 -0.10951618 -0.27715689 -0.16933535  0.00510617]]
U = [[ 0.13533014  0.10202305  0.29953328  0.34549667 -0.00847387]
 [-0.27284626 -0.15638195  0.07213882  0.08413152  0.18728471]
 [ 0.06282959 -0.06291999 -0.15952768 -0.03928675  0.23673075]
 [ 0.21063912  0.0302571   0.2660998  -0.14372896 -0.15327851]
 [-0.00472958  0.00543952 -0.27729872  0.00264789  0.01069327]]
Matrix Pair 23; W = [[ 0.21209101  0.04494792  0.06031466 -0.08488593  0.09689191]
 [-0.15311084 -0.3386678  -0.02325617  0.17511162 -0.1674109 ]
 [-0.13536496 -0.02794068 -0.0895264   0.06641961 -0.01500805]
 [-0.03015875  0.0861708   0.24511294 -0.03109196 -0.08218083]
 [-0.08842118 -0.07727247 -0.21290388 -0.17597351  0.01361161]]
U = [[ 0.20050337  0.12113559  0.31502383  0.37003085 -0.0714347 ]
 [-0.28640119 -0.08384623  0.03923307  0.04130339  0.1232701 ]
 [-0.00559769 -0.05696226 -0.20425254 -0.0211446   0.2075481 ]
 [ 0.2186849   0.00930841  0.26508175 -0.184116   -0.15620859]
 [-0.05372891  0.03039842 -0.32286049 -0.00583104 -0.03057134]]
Matrix Pair 24; W = [[ 0.19313102  0.06867616  0.08438711 -0.0793864   0.08781735]
 [-0.12579311 -0.2541608  -0.07226614  0.14456203 -0.12015568]
 [-0.1356437  -0.08106919 -0.17664345  0.13012221 -0.04160588]
 [-0.00625865  0.06758354  0.21152345 -0.10534323 -0.11251299]
 [-0.10817359 -0.09218667 -0.2310694  -0.16881217 -0.00767848]]
U = [[ 0.20694498  0.11103678  0.29450899  0.30683782  0.00210868]
 [-0.35545909 -0.15873439  0.08163066  0.08667404  0.19582991]
 [ 0.06915477 -0.10269311 -0.19429909 -0.02793781  0.19779637]
 [ 0.2327532  -0.04608822  0.22309056 -0.1666736  -0.15115934]
 [-0.03520177  0.0084953  -0.31672847  0.0064665  -0.04698078]]
Matrix Pair 25; W = [[ 0.25979571  0.03202275  0.10407614 -0.11848743  0.11221262]
 [-0.10523618 -0.28585718 -0.02122292  0.23352034 -0.18592026]
 [-0.10468191 -0.0442566  -0.13025134  0.10565544 -0.02112797]
 [ 0.02010817  0.07636344  0.20930868 -0.12320607 -0.07262331]
 [-0.07716581 -0.1041347  -0.23544514 -0.147377   -0.0102405 ]]
U = [[ 0.20384519  0.15238576  0.30844119  0.31100341 -0.02807536]
 [-0.28186892 -0.17532406  0.11730097  0.05076574  0.13536013]
 [-0.00632931 -0.08528851 -0.25084776 -0.01864387  0.25454036]
 [ 0.22973315 -0.04633373  0.21802051 -0.13684539 -0.14044576]
 [-0.0630048  -0.03735949 -0.27729729 -0.03680011 -0.00553332]]
Matrix Pair 26; W = [[ 0.26721151  0.02502282  0.10562664 -0.12905252  0.09991069]
 [-0.18473123 -0.31860233 -0.09069871  0.18224345 -0.10699185]
 [-0.09008461 -0.06042334 -0.12789018  0.04940821 -0.06619422]
 [-0.03063021  0.07813111  0.22823221 -0.06791006 -0.0331323 ]
 [-0.08961602 -0.04209158 -0.2082873  -0.17776579 -0.04037991]]
U = [[ 0.20972975  0.16513688  0.28794368  0.3150388   0.00957888]
 [-0.27867242 -0.10783498  0.07478372  0.06412942  0.14816755]
 [ 0.06317805 -0.11542552 -0.17344648 -0.00406718  0.22110107]
 [ 0.23964102  0.00778745  0.21321779 -0.14114202 -0.17481299]
 [-0.00944521 -0.03487365 -0.27799501  0.02363704  0.00755885]]
Matrix Pair 27; W = [[ 0.1941192   0.04798648  0.14464698 -0.13952028  0.13025533]
 [-0.17660534 -0.34428167 -0.01112968  0.21751629 -0.14303942]
 [-0.08454592 -0.04736189 -0.17845756  0.11386809 -0.00946639]
 [ 0.01716653  0.08187696  0.22024932 -0.08415026 -0.06969188]
 [-0.12895497 -0.09935958 -0.21364768 -0.17237829 -0.00409082]]
U = [[ 0.21958738  0.10681933  0.28833963  0.37496011 -0.08065495]
 [-0.29103011 -0.1035333   0.09148032  0.05543883  0.12841429]
 [ 0.06403591 -0.1116205  -0.24350579 -0.06900786  0.23009786]
 [ 0.23929     0.00055938  0.211735   -0.11919747 -0.1154251 ]
 [-0.06739286  0.01803753 -0.28767124 -0.05334724 -0.08334583]]
Matrix Pair 28; W = [[ 0.20720156  0.07290059  0.06586733 -0.049379    0.13023381]
 [-0.17292243 -0.27754101 -0.07840959  0.15944642 -0.10439849]
 [-0.15733383 -0.02224032 -0.15051098  0.04047309 -0.03958702]
 [ 0.04835498  0.13010182  0.19811819 -0.06814341 -0.0587084 ]
 [-0.12189363 -0.06720001 -0.24239478 -0.14602234 -0.02245949]]
U = [[ 0.17740629  0.18628009  0.26405529  0.38730071 -0.04068381]
 [-0.29937046 -0.08764812  0.08960814  0.07534471  0.21859698]
 [ 0.05761979 -0.11268392 -0.23266636 -0.07441969  0.17936443]
 [ 0.26262611 -0.01342366  0.28657985 -0.17860771 -0.15825878]
 [-0.02995014 -0.02189407 -0.23888395 -0.04721506 -0.0072472 ]]
Matrix Pair 29; W = [[ 0.19717882  0.04217602  0.08780852 -0.07590267  0.07573443]
 [-0.13394928 -0.28187368 -0.01517575  0.17055321 -0.12248298]
 [-0.110534   -0.06408711 -0.16247214  0.13177511 -0.00380363]
 [-0.01969923  0.11037076  0.18625015 -0.09523886 -0.03001299]
 [-0.04709015 -0.09085323 -0.19932761 -0.17795484  0.02853582]]
U = [[ 0.21246231  0.14453977  0.31424041  0.31048607  0.00163601]
 [-0.31115876 -0.14601306  0.1174984   0.10059106  0.13028877]
 [ 0.04083647 -0.12499668 -0.18875925 -0.02317961  0.17763987]
 [ 0.22128639  0.04902286  0.21506619 -0.12603666 -0.14161108]
 [-0.04866954  0.01653578 -0.33687258 -0.00713684 -0.00789896]]
Matrix Pair 30; W = [[ 0.18482678  0.06285035  0.07423715 -0.07678383  0.06752568]
 [-0.17684586 -0.26520429 -0.0785685   0.21346711 -0.17444875]
 [-0.11857907 -0.02260916 -0.16084684  0.10578776  0.01409786]
 [-0.02537981  0.11411282  0.21226474 -0.10926599 -0.04483985]
 [-0.11888167 -0.09974209 -0.24821221 -0.16306057 -0.05963711]]
U = [[ 0.21192465  0.11980185  0.31278619  0.3127983  -0.02258269]
 [-0.28486028 -0.09722516  0.06811832  0.09069563  0.19633736]
 [ 0.00625298 -0.02811552 -0.16027577  0.00279329  0.25744232]
 [ 0.20606484 -0.01237442  0.27052161 -0.1748704  -0.11699995]
 [-0.05607464 -0.04364167 -0.32482684 -0.02069946 -0.03441617]]
Matrix Pair 31; W = [[ 0.22018775  0.0549327   0.07002419 -0.11959642  0.09822613]
 [-0.14298923 -0.29713794 -0.01352521  0.15042762 -0.12130871]
 [-0.1352793  -0.06087018 -0.08967385  0.13098897 -0.05625657]
 [-0.01644404  0.09718696  0.2103318  -0.02772932 -0.04446085]
 [-0.05535257 -0.08031413 -0.24759885 -0.23670033 -0.03224068]]
U = [[ 0.1310187   0.16331156  0.31366202  0.37540259 -0.04284608]
 [-0.34966895 -0.12073636  0.1091326   0.06529496  0.1471492 ]
 [ 0.07109262 -0.08740728 -0.15933387 -0.09359784  0.24854375]
 [ 0.2624358   0.03860828  0.25865616 -0.10807293 -0.15302209]
 [-0.05452417  0.01954679 -0.27384472 -0.01138968 -0.046989  ]]
Matrix Pair 32; W = [[ 0.16040512 -0.02389306  0.14389404 -0.13943129  0.08998504]
 [-0.17654359 -0.37290953 -0.04039339  0.26067899 -0.00911318]
 [-0.02361157  0.02011592 -0.02240414  0.01847278  0.02468157]
 [-0.03216392  0.06127091  0.10511582 -0.02833108 -0.02494099]
 [-0.09950118 -0.17368382 -0.25245292 -0.15919474 -0.0490604 ]]
U = [[ 0.12720461  0.15552686  0.3384225   0.33210651 -0.0107299 ]
 [-0.28730951 -0.09030464  0.08446033  0.1169544   0.14894273]
 [ 0.04798452 -0.09317    -0.23846318 -0.13534898  0.14280101]
 [ 0.28572784 -0.00588136  0.2061174  -0.07749447 -0.11109333]
 [-0.13672797 -0.01971136 -0.33209288 -0.01191561  0.00098785]]
Matrix Pair 33; W = [[ 2.02308976e-01 -6.30502853e-03  1.18483730e-01 -1.53758132e-01
   9.47557071e-02]
 [-1.07966104e-01 -3.06940606e-01  2.01604377e-02  3.05560801e-01
  -1.31318902e-02]
 [-2.97820433e-02 -2.22277733e-03 -4.78748305e-02  7.07595554e-02
   1.66880508e-02]
 [-1.13210561e-04  6.11528594e-02  9.83280316e-02 -8.80872457e-02
  -4.82646544e-02]
 [-5.35658168e-02 -1.10877618e-01 -2.99460232e-01 -9.93466003e-02
  -4.44023060e-02]]
U = [[ 0.0993777   0.14929179  0.36100259  0.29677622  0.00042015]
 [-0.31111903 -0.07428767  0.08858508  0.08919879  0.19788365]
 [ 0.09301025 -0.06855984 -0.2351924  -0.15946988  0.11908397]
 [ 0.19347139 -0.0703763   0.28694438 -0.06560465 -0.17836606]
 [-0.1614975   0.02327855 -0.3701272  -0.02419541 -0.03250048]]
Matrix Pair 34; W = [[ 0.17188739 -0.00739782  0.14956228 -0.13344393  0.07609426]
 [-0.14645513 -0.34173808 -0.0180301   0.23232776 -0.04222781]
 [ 0.05687656  0.05607255 -0.01864243  0.07936521  0.01553094]
 [-0.01104578  0.11187736  0.10975076 -0.03083259  0.02670945]
 [-0.11336864 -0.15660572 -0.29962583 -0.08286858 -0.03060874]]
U = [[ 0.11716012  0.16920734  0.32651587  0.30139991  0.01713118]
 [-0.2740991  -0.06888592  0.11903652  0.09746755  0.14635955]
 [ 0.10008899 -0.03076705 -0.20157535 -0.12299818  0.16018378]
 [ 0.1992673  -0.06724282  0.21671801 -0.00192587 -0.15673344]
 [-0.14700756 -0.03265391 -0.30090384 -0.07310793 -0.00105814]]
Matrix Pair 35; W = [[ 0.209061    0.02664463  0.14274163 -0.11856485  0.07301465]
 [-0.11588844 -0.31387942 -0.04965526  0.31523679 -0.01498406]
 [ 0.04958893  0.03268262 -0.05552449  0.04701428  0.04321293]
 [ 0.03404309  0.1162739   0.11315609 -0.07192902  0.0209819 ]
 [-0.04857124 -0.16497212 -0.22037684 -0.11611297 -0.10538687]]
U = [[ 0.09416576  0.20328039  0.36646535  0.28658335 -0.02694326]
 [-0.29346688 -0.11113717  0.15040336  0.09750301  0.18696269]
 [ 0.06085234 -0.10077466 -0.23013096 -0.19138243  0.15264863]
 [ 0.25212501 -0.05359152  0.26213804 -0.05817461 -0.12334014]
 [-0.13472909  0.01492536 -0.29884319 -0.02344897 -0.07873021]]
Matrix Pair 36; W = [[ 0.16649625 -0.05884175  0.1103305  -0.18230639  0.04932463]
 [-0.09367428 -0.34064     0.02547394  0.29410452 -0.04876939]
 [ 0.03241854 -0.00159778 -0.11363869  0.0274198   0.04147826]
 [ 0.02039717  0.04828138  0.13809129 -0.07404106  0.0188421 ]
 [-0.11941073 -0.1125804  -0.23486649 -0.13662777 -0.04573563]]
U = [[ 0.11200158  0.16255063  0.33801843  0.23597633 -0.06139002]
 [-0.28996049 -0.1414646   0.12423837  0.13889957  0.14818793]
 [ 0.06347626 -0.07826535 -0.23932715 -0.12009974  0.16273073]
 [ 0.21983105 -0.05325872  0.25146424 -0.03380477 -0.12699464]
 [-0.15617847 -0.042076   -0.3008093  -0.00850788 -0.06879047]]
Matrix Pair 37; W = [[ 0.15525277  0.02110845  0.14502576 -0.18994358  0.09811448]
 [-0.09463247 -0.33105582 -0.00348836  0.32064042 -0.01975917]
 [ 0.04334861  0.01062289 -0.10851383  0.05466589  0.03151783]
 [ 0.02420372  0.12977336  0.16537085 -0.05930179  0.03093501]
 [-0.09662188 -0.11506315 -0.27849502 -0.16311882 -0.07315152]]
U = [[ 0.15915907  0.14353847  0.36391616  0.26968237 -0.05993101]
 [-0.29973662 -0.12291153  0.08419524  0.06388343  0.15316186]
 [ 0.04411846 -0.10588339 -0.27374964 -0.1001762   0.18639675]
 [ 0.25261525 -0.0498727   0.19085187 -0.05337918 -0.10120297]
 [-0.09090986  0.01281103 -0.33221436 -0.01598209 -0.07699762]]
Matrix Pair 38; W = [[ 0.12613039  0.03348907  0.11158525 -0.11769897  0.03344557]
 [-0.14005348 -0.35335093 -0.00241874  0.22725929 -0.07697035]
 [ 0.00129407  0.05684263 -0.0597911   0.02636706  0.02116409]
 [ 0.05482684  0.03648332  0.08537289 -0.11014568 -0.01849445]
 [-0.0459499  -0.17234965 -0.23909955 -0.10678438 -0.10697064]]
U = [[ 0.1404228   0.16499944  0.33643338  0.31935925 -0.01937937]
 [-0.30283721 -0.12182178  0.08235421  0.06737905  0.1999348 ]
 [ 0.03567856 -0.03449359 -0.2373408  -0.16198413  0.14259584]
 [ 0.28996313 -0.01724047  0.201106    0.00798553 -0.17638104]
 [-0.14010824  0.01492083 -0.34769326 -0.0804455  -0.08707478]]
Matrix Pair 39; W = [[ 0.20514824  0.00313033  0.12588123 -0.18050075  0.06546691]
 [-0.16716641 -0.37231719 -0.06317789  0.28951829 -0.01284446]
 [ 0.05745747  0.01861765 -0.07811467  0.07333973  0.05062516]
 [-0.02850538  0.03951393  0.15759419 -0.10856668 -0.02373583]
 [-0.0823003  -0.10619638 -0.25529134 -0.12604406 -0.08948924]]
U = [[ 0.13567874  0.12459991  0.35352328  0.25977571 -0.03024074]
 [-0.288175   -0.06113404  0.1550492   0.06463097  0.15159838]
 [ 0.05638525 -0.0194831  -0.27559322 -0.17318362  0.20036022]
 [ 0.26945728 -0.08221415  0.2413116  -0.06345086 -0.1306496 ]
 [-0.14017777 -0.0125817  -0.31623764 -0.03889117 -0.07672603]]
Matrix Pair 40; W = [[ 0.12188666 -0.03996348  0.15182391 -0.2108822   0.00149691]
 [-0.13836491 -0.32496301 -0.04883871  0.28213016  0.02131608]
 [ 0.0473115   0.0394066  -0.05016342  0.03434239  0.04703762]
 [ 0.04782048  0.11139599  0.14847438 -0.05215423  0.02621869]
 [-0.05410325 -0.17658319 -0.29990991 -0.07360593 -0.10261243]]
U = [[ 0.16195716  0.13742029  0.28107161  0.24087584 -0.00469422]
 [-0.25411976 -0.05246577  0.10583528  0.10492859  0.17106827]
 [ 0.11079424 -0.02766684 -0.18707987 -0.10233408  0.15983963]
 [ 0.25123037 -0.02326739  0.27451602 -0.04579855 -0.10388205]
 [-0.12123627  0.01810393 -0.34084456 -0.07607524 -0.00289195]]
Matrix Pair 41; W = [[ 0.15334159  0.01516714  0.13019525 -0.13003414  0.03175172]
 [-0.09284565 -0.29485949 -0.04996319  0.31496536 -0.04960428]
 [-0.01127159  0.03710194 -0.10758777  0.06934349  0.06698448]
 [ 0.02230398  0.03947363  0.14235685 -0.04017756 -0.05809654]
 [-0.08107303 -0.16394098 -0.23923203 -0.10184318 -0.10528601]]
U = [[ 0.14079789  0.19998151  0.32182233  0.28622241 -0.04952612]
 [-0.27640402 -0.07570493  0.12780499  0.08496877  0.17570027]
 [ 0.1223081  -0.09296362 -0.27462176 -0.1482258   0.12917249]
 [ 0.23463389 -0.02985385  0.28209452 -0.05508182 -0.17533978]
 [-0.12709731 -0.00522327 -0.36794315 -0.05212365 -0.0426316 ]]
Matrix Pair 42; W = [[ 0.17547791 -0.00220452  0.14837793 -0.18611364  0.07571586]
 [-0.11822873 -0.35346792 -0.04912616  0.24779548 -0.06583528]
 [ 0.02196909  0.0184722  -0.08905639  0.04816758  0.04722121]
 [ 0.06295184  0.09461262  0.1172128  -0.11041934 -0.04992325]
 [-0.06758085 -0.12118067 -0.2362596  -0.09694514 -0.01313381]]
U = [[ 0.09123992  0.19366566  0.28838716  0.30469803 -0.01392288]
 [-0.31176244 -0.10700753  0.14385258  0.13207089  0.21526462]
 [ 0.1099235  -0.0561506  -0.26674897 -0.13698276  0.19529094]
 [ 0.27500175 -0.06907408  0.28891286 -0.00889124 -0.1866781 ]
 [-0.10587843 -0.03916134 -0.36130111 -0.03407961 -0.03776621]]
Matrix Pair 43; W = [[ 0.20423511  0.02519822  0.13561678 -0.19255905  0.08348217]
 [-0.15353668 -0.28643869 -0.02024605  0.22248553 -0.02364328]
 [ 0.02491989 -0.00641783 -0.08898487  0.04274123  0.01923001]
 [ 0.04398758  0.03355795  0.08723951 -0.02957038 -0.03219082]
 [-0.09396599 -0.13285825 -0.29480076 -0.1328443  -0.06677704]]
U = [[ 0.15865522  0.19124083  0.29306517  0.31129081 -0.01526825]
 [-0.24914696 -0.13794172  0.07286715  0.09502841  0.23320856]
 [ 0.04060073 -0.03272093 -0.22599365 -0.1075318   0.17752622]
 [ 0.21804364 -0.05266662  0.23693749 -0.06699972 -0.17167146]
 [-0.174157   -0.00355298 -0.27139853 -0.08100739 -0.0322472 ]]
Matrix Pair 44; W = [[ 0.13812286 -0.04182142  0.09775107 -0.16552708  0.06979353]
 [-0.0896736  -0.33803116  0.00755517  0.22919112 -0.02430529]
 [ 0.05896159  0.00706652 -0.09455305  0.08681111  0.01528233]
 [ 0.00506579  0.09488071  0.14166486 -0.0639856  -0.00343667]
 [-0.03962262 -0.16852728 -0.22884488 -0.10875452 -0.07068022]]
U = [[ 0.08993941  0.1261507   0.33376059  0.30324591 -0.00248605]
 [-0.31084968 -0.06376835  0.08943274  0.04999162  0.23360308]
 [ 0.0471548  -0.024109   -0.2724116  -0.12706026  0.10870172]
 [ 0.28616086 -0.05364319  0.25343911 -0.01847423 -0.09219908]
 [-0.09469695  0.03427425 -0.35715632 -0.09235    -0.03288311]]
Matrix Pair 45; W = [[ 0.13088989  0.0182702   0.1407856  -0.16526397  0.05115391]
 [-0.08631676 -0.36601703 -0.0073299   0.27918238 -0.04081306]
 [ 0.04496229  0.03238832 -0.09428333  0.01686087  0.04782077]
 [ 0.01737981  0.11196256  0.1352009  -0.07669968  0.00579435]
 [-0.03061348 -0.12267356 -0.23927898 -0.14835662 -0.02394474]]
U = [[ 0.136166    0.17435353  0.36484618  0.27199718  0.02362271]
 [-0.26908366 -0.07153287  0.135468    0.06751398  0.1721069 ]
 [ 0.08322136 -0.08042949 -0.18513303 -0.12754992  0.15332693]
 [ 0.25091647 -0.01874545  0.22905877 -0.08483788 -0.18678159]
 [-0.14320856  0.03887016 -0.29786114 -0.06484724 -0.0197286 ]]
Matrix Pair 46; W = [[ 1.69202566e-01 -1.77698326e-02  1.45876151e-01 -1.14522295e-01
   2.56339113e-02]
 [-1.19693077e-01 -3.31598221e-01 -8.39304887e-03  3.17569789e-01
   6.58209496e-03]
 [-2.98288386e-04 -2.39341233e-02 -1.68539647e-02  1.36732665e-02
   2.81096906e-02]
 [-5.08418055e-03  6.96864826e-02  1.61890324e-01 -3.53833364e-02
  -2.56505030e-02]
 [-6.64729188e-02 -1.41174590e-01 -2.44987380e-01 -7.99659382e-02
  -7.21763434e-02]]
U = [[ 0.16557113  0.17206037  0.30510494  0.24392557 -0.01265771]
 [-0.32640765 -0.0640696   0.10871974  0.10709365  0.2153485 ]
 [ 0.12752281 -0.08541756 -0.26102958 -0.1248027   0.16372677]
 [ 0.21907792 -0.02990322  0.19355651 -0.0108057  -0.11567442]
 [-0.1703605   0.04642112 -0.29028269 -0.06654163 -0.03331582]]
Matrix Pair 47; W = [[ 0.11516699 -0.02429573  0.09954441 -0.14125731  0.05885492]
 [-0.15448435 -0.33158206  0.01143794  0.294445    0.01087822]
 [ 0.04568362 -0.01059038 -0.05994573  0.00639082  0.01441911]
 [-0.01476722  0.12676323  0.0769543  -0.07417534  0.01655679]
 [-0.11026775 -0.18841181 -0.29762569 -0.13631818 -0.11023246]]
U = [[ 0.07206069  0.12648447  0.29269718  0.26909611 -0.00369257]
 [-0.23289587 -0.08178561  0.08490131  0.07175374  0.2294378 ]
 [ 0.09917367 -0.01313698 -0.25474268 -0.13972389  0.10720645]
 [ 0.19747463 -0.09504859  0.20191591 -0.07198658 -0.16123026]
 [-0.13945066  0.02952443 -0.30670005 -0.05202257 -0.02464109]]
Matrix Pair 48; W = [[ 0.2338554  -0.00779492  0.15793674 -0.0678081   0.04231479]
 [-0.11672229 -0.37696966 -0.00089048  0.24402598 -0.0532803 ]
 [-0.04111546  0.11700717 -0.04517179  0.06363885 -0.04142034]
 [-0.11522612 -0.01687451  0.14640124 -0.0031659  -0.08513581]
 [-0.15813886 -0.1244199  -0.24626285 -0.15515903 -0.05461742]]
U = [[ 0.17604602  0.09225149  0.26955325  0.34564231 -0.02786667]
 [-0.38300912 -0.12690964  0.03410882  0.13039989  0.09583219]
 [ 0.13103218 -0.09034197 -0.18580162 -0.2203526   0.26862766]
 [ 0.27067244 -0.04464883  0.22985928 -0.05136148 -0.17649108]
 [-0.07161499  0.02664314 -0.26567089 -0.05198075 -0.07924441]]
Matrix Pair 49; W = [[ 0.22267268 -0.00840077  0.1536626  -0.07491451  0.03459752]
 [-0.16408182 -0.33137747  0.03062714  0.29286748 -0.05269703]
 [-0.05124428  0.03005541 -0.1103677   0.07221456 -0.02140782]
 [-0.14682661  0.04963971  0.15376975 -0.03818757 -0.05696803]
 [-0.1289014  -0.06332481 -0.21804393 -0.15211409 -0.05544736]]
U = [[ 0.22313164  0.12696419  0.26585155  0.26953091  0.0177058 ]
 [-0.42693989 -0.12720383  0.00745     0.15826792  0.13904368]
 [ 0.04462866 -0.0899662  -0.15810076 -0.17660528  0.21003812]
 [ 0.28632141 -0.11958505  0.22113401 -0.10129267 -0.15216979]
 [-0.1503583  -0.00414405 -0.25911693 -0.09334085 -0.10821712]]
Matrix Pair 50; W = [[ 0.24826417  0.06405713  0.16257706 -0.13611765  0.02255449]
 [-0.12326587 -0.36445346 -0.04906394  0.23885533 -0.07920702]
 [-0.0082086   0.10172339 -0.10084882  0.08603882 -0.01599354]
 [-0.13680362  0.01963415  0.12649474 -0.05787366 -0.09699693]
 [-0.09092826 -0.07261684 -0.26961881 -0.13129324 -0.08365798]]
U = [[ 0.2293575   0.11786935  0.22681146  0.31316139 -0.05819764]
 [-0.38692671 -0.15515869  0.01197011  0.1329046   0.131608  ]
 [ 0.13441055 -0.08531854 -0.19387523 -0.1996876   0.26701437]
 [ 0.22657213 -0.10256321  0.21680107 -0.05175414 -0.11630758]
 [-0.06090105 -0.0424788  -0.27482023 -0.12217298 -0.07967231]]
Matrix Pair 51; W = [[ 0.20392827  0.03554411  0.13367491 -0.09230788  0.05239927]
 [-0.13340083 -0.33432164 -0.06043104  0.29390162 -0.14450955]
 [-0.04140961  0.04300519 -0.08416307  0.04687317  0.00968693]
 [-0.10628321  0.02949648  0.16309063 -0.06621947 -0.06904269]
 [-0.11884269 -0.13045279 -0.21422479 -0.13310803 -0.03312954]]
U = [[ 0.15130352  0.1398828   0.2936162   0.32092363  0.02491369]
 [-0.35566419 -0.09818839  0.09309687  0.14522553  0.07257007]
 [ 0.11031466 -0.08879905 -0.16077006 -0.26018251  0.24297021]
 [ 0.20252835 -0.0810204   0.18241844 -0.06619171 -0.13859553]
 [-0.1151153  -0.06155269 -0.27238288 -0.04949498 -0.05015138]]
Matrix Pair 52; W = [[ 0.20818908  0.06742438  0.08987311 -0.11719717  0.04421118]
 [-0.10985237 -0.40484014 -0.01399395  0.24141819 -0.06463549]
 [-0.04691501  0.11734964 -0.09635636  0.05991139 -0.05756342]
 [-0.12814399 -0.01114881  0.21449596 -0.08218363 -0.12349732]
 [-0.11097468 -0.06191325 -0.18695031 -0.17556756 -0.05388345]]
U = [[ 0.18402712  0.12634717  0.26170665  0.32516716  0.02000324]
 [-0.38176449 -0.09471759  0.08742191  0.17483181  0.07670016]
 [ 0.04971873 -0.10323585 -0.19592981 -0.25299324  0.19514234]
 [ 0.20572489 -0.12525987  0.18170806 -0.10065422 -0.09921497]
 [-0.05168618  0.01918464 -0.28633063 -0.09256583 -0.04543521]]
Matrix Pair 53; W = [[ 0.27388221  0.06423972  0.15753441 -0.11797149 -0.01475951]
 [-0.1795766  -0.38635908 -0.0416103   0.22440746 -0.13027173]
 [ 0.04365592  0.10283501 -0.07964942  0.0310185  -0.00627174]
 [-0.09600085  0.00755258  0.18486405 -0.0137996  -0.04522624]
 [-0.08682837 -0.09700548 -0.22302357 -0.15942654 -0.09125085]]
U = [[ 0.16622773  0.1243129   0.29218585  0.33098859 -0.03342083]
 [-0.3487508  -0.16639161  0.02774202  0.15342834  0.12227142]
 [ 0.10701701 -0.13191298 -0.19266525 -0.19454925  0.26912011]
 [ 0.27898696 -0.10290219  0.2090962  -0.11985343 -0.14706483]
 [-0.06067592 -0.03904377 -0.29723963 -0.05123289 -0.03522811]]
Matrix Pair 54; W = [[ 0.27163597  0.01466288  0.1517705  -0.09311103  0.06297987]
 [-0.18101103 -0.37152532  0.01706818  0.28270886 -0.11971659]
 [ 0.03935135  0.10216341 -0.1150654   0.03748964  0.00239437]
 [-0.15157353  0.06415204  0.22379481 -0.09714132 -0.0803322 ]
 [-0.11607819 -0.06063855 -0.22884246 -0.20606028 -0.01952316]]
U = [[ 0.15067927  0.15165078  0.24406984  0.32977185  0.0385572 ]
 [-0.38082805 -0.15097124  0.07432493  0.20833912  0.08368578]
 [ 0.13488991 -0.16274259 -0.12612631 -0.17981203  0.22972027]
 [ 0.26751262 -0.09403239  0.23586579 -0.07353226 -0.15455285]
 [-0.12527127 -0.02665096 -0.25668513 -0.11723387 -0.02469893]]
Matrix Pair 55; W = [[ 0.24524134  0.01556329  0.09966951 -0.12657064  0.05043495]
 [-0.14005214 -0.36492971  0.00079536  0.28361231 -0.11859994]
 [ 0.02669948  0.03546545 -0.04208528  0.10011708 -0.07184612]
 [-0.06562351  0.03580352  0.16363355 -0.04211148 -0.05384707]
 [-0.06423851 -0.13299403 -0.25459041 -0.15520832 -0.0512097 ]]
U = [[ 0.23426415  0.17494711  0.30473529  0.26731553 -0.03605767]
 [-0.34951014 -0.11435728  0.00239689  0.21037684  0.08490705]
 [ 0.11014719 -0.14945938 -0.1675241  -0.2025222   0.24120881]
 [ 0.23582442 -0.10035007  0.16646904 -0.05926244 -0.14202011]
 [-0.12132532  0.02568212 -0.31420597 -0.0670504  -0.0947616 ]]
Matrix Pair 56; W = [[ 0.25709937  0.02853654  0.15400397 -0.05733068  0.04535685]
 [-0.1226438  -0.39677077 -0.00440925  0.30779073 -0.05508553]
 [ 0.03621654  0.05129626 -0.08251266  0.03260501 -0.05234904]
 [-0.13919449  0.06875124  0.194498   -0.08855297 -0.04599039]
 [-0.07215182 -0.10074121 -0.25520913 -0.18014616 -0.00198376]]
U = [[ 0.16712188  0.1070811   0.21019377  0.33896269  0.0214617 ]
 [-0.41424873 -0.09124449  0.072819    0.1191646   0.08843894]
 [ 0.06027589 -0.13549901 -0.16401246 -0.24346027  0.25605974]
 [ 0.20755792 -0.03507426  0.18366589 -0.03811697 -0.1668966 ]
 [-0.09958248 -0.03461185 -0.33303303 -0.10771777 -0.10921701]]
Matrix Pair 57; W = [[ 0.24327723  0.02005993  0.1461308  -0.08321711  0.00993366]
 [-0.16512053 -0.40093208 -0.02910036  0.25587169 -0.07418437]
 [-0.02102617  0.11225169 -0.10959283  0.02321379 -0.05584758]
 [-0.08334469  0.04032949  0.17395662 -0.05123796 -0.09654664]
 [-0.14606345 -0.05287463 -0.1952178  -0.14082873 -0.04824968]]
U = [[ 0.21118161  0.11398824  0.25775055  0.32854145 -0.05267721]
 [-0.40451775 -0.07817279  0.06811785  0.16227645  0.15122298]
 [ 0.07467465 -0.12046942 -0.15719581 -0.19638104  0.22497767]
 [ 0.27442016 -0.05546117  0.17218713 -0.05581505 -0.1788974 ]
 [-0.08455476 -0.07190483 -0.31347847 -0.14394085 -0.05558549]]
Matrix Pair 58; W = [[ 0.1955161   0.07264665  0.10769499 -0.05452236  0.00640099]
 [-0.10587254 -0.31835509  0.03365652  0.28358023 -0.07127122]
 [-0.03399217  0.0940003  -0.0795453   0.06136437 -0.01411837]
 [-0.07060098 -0.00073963  0.14934422 -0.09792858 -0.09500451]
 [-0.09304809 -0.04631565 -0.26781126 -0.1573805  -0.0424754 ]]
U = [[ 0.14021485  0.08592187  0.26855957  0.33044058  0.02040091]
 [-0.40118205 -0.0977882   0.00065973  0.19204656  0.09501962]
 [ 0.07056776 -0.14479754 -0.12867796 -0.18183657  0.21621022]
 [ 0.25194888 -0.07278929  0.19421171 -0.05474939 -0.13957963]
 [-0.09684818  0.00207399 -0.31823293 -0.06852587 -0.02440705]]
Matrix Pair 59; W = [[ 0.27152955 -0.00457266  0.1480734  -0.13957655 -0.02006771]
 [-0.10057489 -0.3416587   0.02910062  0.29060771 -0.14471671]
 [ 0.01539817  0.08094359 -0.08174552  0.05617478 -0.01631412]
 [-0.14719531  0.0253935   0.20386791 -0.03306906 -0.10039291]
 [-0.16091721 -0.06530889 -0.28251053 -0.15818082 -0.04655174]]
U = [[ 0.20689337  0.08515493  0.27403908  0.30113234  0.03431038]
 [-0.37879922 -0.14284361  0.02653517  0.1382068   0.07664745]
 [ 0.12031388 -0.15363992 -0.18569192 -0.21173284  0.19774547]
 [ 0.23515846 -0.12055845  0.19664025 -0.04321888 -0.13416431]
 [-0.13688674 -0.05681967 -0.31710982 -0.07640329 -0.03543692]]
Matrix Pair 60; W = [[ 0.19606898  0.02239785  0.09216554 -0.09016116  0.03553033]
 [-0.1188211  -0.38278648  0.00670899  0.22482382 -0.05442771]
 [-0.03048833  0.04600551 -0.07583718  0.03858286 -0.06774348]
 [-0.0653344   0.06710346  0.18824372 -0.03370804 -0.07930488]
 [-0.13515182 -0.06568432 -0.1986002  -0.15563388 -0.08116597]]
U = [[ 0.16410736  0.11973333  0.30409232  0.357856   -0.01184685]
 [-0.40665406 -0.09907125  0.05855564  0.14281636  0.14156796]
 [ 0.11884065 -0.09274276 -0.14006611 -0.18722731  0.2819639 ]
 [ 0.22179404 -0.08994916  0.19662609 -0.02785787 -0.15866913]
 [-0.05863723 -0.0519222  -0.33287998 -0.04895396 -0.10675097]]
Matrix Pair 61; W = [[ 0.20274836  0.0647401   0.09841586 -0.10614198  0.01093532]
 [-0.10895772 -0.39644867 -0.04967664  0.24188909 -0.05836963]
 [ 0.01004035  0.08648477 -0.02488322  0.11405135  0.00241124]
 [-0.0873752   0.06678109  0.18670693 -0.01371652 -0.06592051]
 [-0.1565919  -0.09505996 -0.20426749 -0.12631875 -0.06890135]]
U = [[ 0.19013795  0.152653    0.21280096  0.35639685  0.03138186]
 [-0.3462733  -0.14908564  0.01077583  0.18462276  0.09878537]
 [ 0.0791797  -0.08704391 -0.15979444 -0.20558309  0.22375757]
 [ 0.20795675 -0.11753668  0.18865208 -0.03581555 -0.11388876]
 [-0.11099054 -0.00817814 -0.29308322 -0.06781201 -0.08507844]]
Matrix Pair 62; W = [[ 0.20886741  0.07936666  0.09738794 -0.05841267 -0.01412725]
 [-0.15473961 -0.33946866 -0.0140276   0.27061836 -0.07566854]
 [-0.00133751  0.04331568 -0.05532162  0.06498573 -0.07373399]
 [-0.14392847  0.07570883  0.14181619 -0.05203801 -0.12719694]
 [-0.09529788 -0.0618759  -0.25565525 -0.18796487 -0.08338403]]
U = [[ 0.19944281  0.16874086  0.29541668  0.35973536  0.00279644]
 [-0.40733974 -0.09077926  0.01339395  0.20217733  0.12824958]
 [ 0.09316098 -0.15840431 -0.17245266 -0.22981497  0.27117273]
 [ 0.21208025 -0.05351539  0.24120826 -0.02927244 -0.11014577]
 [-0.10263834  0.00234971 -0.25805518 -0.11908661 -0.06716651]]
Matrix Pair 63; W = [[ 0.20711536  0.04438725  0.08942737 -0.13220961 -0.03031452]
 [-0.11343901 -0.36701881 -0.03887289  0.24578024 -0.07061085]
 [-0.00722131  0.10467536 -0.02858859  0.02722246 -0.06501067]
 [-0.15549888  0.00642183  0.14082084 -0.02411788 -0.07216645]
 [-0.14889842 -0.05576016 -0.26260998 -0.12835637 -0.04306865]]
U = [[ 0.16661427  0.17501034  0.28468985  0.28578452 -0.00549706]
 [-0.34693238 -0.08415966  0.03153077  0.20518629  0.11266704]
 [ 0.05758491 -0.07386547 -0.17014312 -0.23327928  0.19685701]
 [ 0.26721359 -0.09207652  0.15845423 -0.08862965 -0.16965167]
 [-0.06597982 -0.02920447 -0.24959804 -0.10505877 -0.06153296]]
Matrix Pair 64; W = [[ 0.25355965  0.09161256  0.09061378 -0.12905754  0.03537995]
 [-0.13442702 -0.35764196 -0.03353668  0.22908628 -0.13585729]
 [-0.0200171   0.07791373 -0.05423937  0.04386089  0.04039328]
 [ 0.00976561  0.07756528  0.12244474 -0.04699339 -0.04550951]
 [-0.10911814 -0.21084813 -0.28897265 -0.20968335 -0.03610621]]
U = [[ 0.12369001  0.21058244  0.29130592  0.35282408 -0.03133977]
 [-0.34891822 -0.1248378   0.09650459  0.17732606  0.20546358]
 [ 0.06261169 -0.06326429 -0.25077869 -0.12295199  0.19016138]
 [ 0.19357236 -0.03207189  0.20554973  0.01047628 -0.14704062]
 [-0.10418151 -0.03496617 -0.31576917 -0.08066498 -0.04481061]]
Matrix Pair 65; W = [[ 0.2565389   0.08458679  0.10809746 -0.15636307  0.06630909]
 [-0.17342575 -0.33835345  0.02590471  0.22211204 -0.07365395]
 [-0.03789717  0.00605582 -0.10597758  0.02439683 -0.01427552]
 [-0.00975199  0.12992668  0.12243457 -0.07335685 -0.0313246 ]
 [-0.12642182 -0.16736704 -0.30791319 -0.14351542 -0.03167487]]
U = [[ 0.18664366  0.14957769  0.33700483  0.31192152 -0.04317805]
 [-0.33012025 -0.07516892  0.02794553  0.14125634  0.24077793]
 [ 0.1192217  -0.05668567 -0.24416199 -0.15259314  0.25137919]
 [ 0.21824575 -0.04638859  0.21174538  0.00771705 -0.10113107]
 [-0.10980137 -0.05717686 -0.31284669 -0.02202412 -0.08901227]]
Matrix Pair 66; W = [[ 0.23192875  0.0636785   0.12774439 -0.203519    0.01353568]
 [-0.11876545 -0.37005815 -0.01953822  0.269708   -0.13634894]
 [-0.02943954  0.0408837  -0.0648574   0.06344341  0.0406796 ]
 [ 0.00164337  0.11257337  0.16063003 -0.06381911 -0.09181526]
 [-0.08925753 -0.14947178 -0.24927278 -0.17328441 -0.02801233]]
U = [[ 0.18453106  0.13909332  0.3283643   0.28554302 -0.05047903]
 [-0.30049802 -0.04472897  0.11764857  0.22340866  0.17528513]
 [ 0.13612263 -0.08821437 -0.23326795 -0.11480911  0.1906222 ]
 [ 0.20728647 -0.10587671  0.27743317 -0.0275919  -0.11169468]
 [-0.12264387 -0.01269273 -0.23738552 -0.01926012 -0.0402375 ]]
Matrix Pair 67; W = [[ 0.27892314  0.06609444  0.09238662 -0.14532474  0.0363202 ]
 [-0.13097146 -0.29332244  0.04129321  0.2298189  -0.14630066]
 [-0.05585137  0.05952499 -0.08146843  0.07692901  0.03561038]
 [-0.01857706  0.13247479  0.10956357 -0.05710767 -0.05792523]
 [-0.06341424 -0.21548165 -0.30334771 -0.23070767 -0.08165875]]
U = [[ 0.17120659  0.19971526  0.2829664   0.31166063 -0.00939587]
 [-0.28018839 -0.10157279  0.02747128  0.20746399  0.23435894]
 [ 0.07993334 -0.13505165 -0.21181315 -0.16607617  0.19472885]
 [ 0.23377449 -0.07730395  0.22874863 -0.08355383 -0.14824774]
 [-0.15874873  0.0006087  -0.29728488 -0.00802223 -0.07093473]]
Matrix Pair 68; W = [[ 0.24013698  0.08574979  0.09868195 -0.15436847  0.04083924]
 [-0.12468721 -0.33011698 -0.03136123  0.27040976 -0.07898233]
 [-0.0091282   0.04585203 -0.03387553  0.09236664  0.03062141]
 [ 0.01624316  0.05602373  0.08465044  0.00686095 -0.10676521]
 [-0.12447039 -0.2129788  -0.22437501 -0.18294186 -0.03059313]]
U = [[ 0.17820465  0.16798547  0.28142472  0.3102964  -0.06227447]
 [-0.29488584 -0.12381658  0.10499525  0.13821512  0.24521898]
 [ 0.12970076 -0.05546399 -0.25035284 -0.17806961  0.20392131]
 [ 0.22808221 -0.02213681  0.22857177  0.00296504 -0.14265462]
 [-0.14263262 -0.06605926 -0.26004192 -0.08059585 -0.04874208]]
Matrix Pair 69; W = [[ 0.24378822  0.10796003  0.06651849 -0.11214522  0.05834365]
 [-0.11445523 -0.33763536 -0.01484368  0.26620053 -0.12115514]
 [-0.02547327  0.06561711 -0.02156338  0.00282473  0.00276134]
 [-0.00137917  0.04536119  0.1093807  -0.04019059 -0.09135672]
 [-0.11325288 -0.14540496 -0.22674075 -0.16958072 -0.08981468]]
U = [[ 0.20301558  0.12924147  0.29247823  0.33463499 -0.0584166 ]
 [-0.30849177 -0.0483852   0.080254    0.22001052  0.21657026]
 [ 0.08803708 -0.12273671 -0.21431366 -0.13697123  0.20968224]
 [ 0.17233977 -0.09705036  0.23662737 -0.04919764 -0.10982416]
 [-0.1202632  -0.00824955 -0.2429692  -0.01089218 -0.11828352]]
Matrix Pair 70; W = [[ 0.21056294  0.12169022  0.08855823 -0.19908279  0.00425913]
 [-0.11747371 -0.34434895  0.02191688  0.23417821 -0.10143175]
 [ 0.02395756  0.0760781  -0.01301827  0.09233974 -0.01513882]
 [ 0.02648306  0.12349732  0.12379228 -0.07385031 -0.09724393]
 [-0.08416203 -0.20034073 -0.26386983 -0.15775385 -0.03475012]]
U = [[ 0.11632826  0.19992611  0.27073848  0.3770265  -0.06438534]
 [-0.27317605 -0.08449146  0.0624732   0.13072635  0.16336869]
 [ 0.1029042  -0.13826879 -0.24338861 -0.19840941  0.24801346]
 [ 0.19702949 -0.04855317  0.19713726 -0.06914646 -0.09231478]
 [-0.07699644 -0.04886541 -0.30671412 -0.07428106 -0.08203108]]
Matrix Pair 71; W = [[ 0.28699851  0.05754494  0.0741208  -0.17527811  0.00095004]
 [-0.12094211 -0.34212547 -0.04112462  0.23519898 -0.0688837 ]
 [-0.01662869  0.01504549 -0.09095122  0.0512639   0.05334271]
 [-0.04235415  0.03955439  0.08885298 -0.05599076 -0.06984052]
 [-0.10607769 -0.20678264 -0.25460217 -0.1624597  -0.08309924]]
U = [[ 0.18359329  0.19692544  0.25662752  0.331917    0.01736008]
 [-0.27120611 -0.0822319   0.10650961  0.18499761  0.21648938]
 [ 0.0623142  -0.10554164 -0.22093375 -0.17476251  0.16116221]
 [ 0.17572687 -0.09478799  0.28672122 -0.08263561 -0.13034839]
 [-0.13431874 -0.00702405 -0.27182685 -0.0495648  -0.07878846]]
Matrix Pair 72; W = [[ 0.22707507  0.11486705  0.10248002 -0.1620476   0.05242229]
 [-0.14010424 -0.33505802 -0.02168104  0.29223722 -0.10635244]
 [ 0.01752359  0.01880664 -0.08855579  0.05540719  0.02698508]
 [-0.00457956  0.07938257  0.08603109 -0.0006464  -0.02093488]
 [-0.14601858 -0.15382346 -0.29588405 -0.16344766  0.00134965]]
U = [[ 0.1139882   0.19587282  0.3271295   0.35288263 -0.0650729 ]
 [-0.34149706 -0.05214562  0.08117055  0.21771071  0.16920739]
 [ 0.07157639 -0.07342796 -0.22671663 -0.18354491  0.22916098]
 [ 0.1868032  -0.03315536  0.24870423 -0.07067413 -0.080749  ]
 [-0.1443019   0.00784149 -0.22231562 -0.01362142 -0.08629481]]
Matrix Pair 73; W = [[ 0.25448339  0.10716274  0.06118352 -0.13390007  0.03608379]
 [-0.18338987 -0.28617981  0.02797663  0.24164942 -0.09098094]
 [-0.00995402  0.07810926 -0.06277184  0.01026185  0.00310418]
 [ 0.02579096  0.0376528   0.10954973 -0.01657166 -0.06862377]
 [-0.07418267 -0.20597478 -0.3159125  -0.16269964 -0.03290174]]
U = [[ 0.18627019  0.12529107  0.24302524  0.34787663 -0.06633741]
 [-0.29708702 -0.04691629  0.06360514  0.1587222   0.22148038]
 [ 0.12019895 -0.11664277 -0.22133028 -0.12763496  0.21790431]
 [ 0.19060807 -0.10414908  0.26742052 -0.05265211 -0.15891809]
 [-0.09744563 -0.04302025 -0.2781019  -0.02964997 -0.07320011]]
Matrix Pair 74; W = [[ 0.28741586  0.03573435  0.1117983  -0.1373957  -0.01628027]
 [-0.18494072 -0.37593196  0.0053925   0.23107487 -0.09233743]
 [-0.06757015  0.04207881 -0.04497882  0.01646379  0.01022118]
 [-0.04964959  0.06854345  0.1249922  -0.0115944  -0.02853091]
 [-0.09345571 -0.21315134 -0.27823964 -0.23504022 -0.02588892]]
U = [[ 0.12439715  0.12179235  0.33442155  0.30158006 -0.02485949]
 [-0.29628126 -0.06687839  0.06994859  0.16938526  0.21401086]
 [ 0.06821673 -0.07020751 -0.24233431 -0.12303389  0.21502901]
 [ 0.22015637 -0.05493246  0.27320851 -0.05535439 -0.09106201]
 [-0.15886119 -0.04089069 -0.29143113 -0.07710859 -0.05489586]]
Matrix Pair 75; W = [[ 0.22873594  0.08650054  0.08668002 -0.12577777  0.04507444]
 [-0.17681778 -0.28737692 -0.00080952  0.26334873 -0.13041127]
 [ 0.01644753  0.03958207 -0.09104086  0.02403324 -0.03577273]
 [-0.02869811  0.09975134  0.13822455 -0.05733633 -0.07030996]
 [-0.13159399 -0.16259068 -0.3035385  -0.20702597 -0.03438917]]
U = [[ 0.13846386  0.12401414  0.30025131  0.30132823 -0.0668782 ]
 [-0.32264961 -0.05399598  0.0967895   0.20624     0.25056502]
 [ 0.04443748 -0.09599435 -0.23970494 -0.14090571  0.25070811]
 [ 0.19855828 -0.09727681  0.21359279 -0.05746635 -0.12327714]
 [-0.06439289  0.00205319 -0.31558299 -0.03854428 -0.08608304]]
Matrix Pair 76; W = [[ 0.28381536  0.07804788  0.09450418 -0.14679964  0.06569058]
 [-0.15818494 -0.28649503 -0.03429987  0.20238788 -0.10622451]
 [-0.0054515   0.02721576 -0.02956516  0.00611839 -0.00047089]
 [-0.04998014  0.0585659   0.16627923 -0.05379017 -0.03833226]
 [-0.09027127 -0.18780788 -0.23405376 -0.1891177  -0.05333665]]
U = [[ 0.13814838  0.12732514  0.24177515  0.33368648 -0.05463964]
 [-0.27214243 -0.10310108  0.05723412  0.19184181  0.16207682]
 [ 0.09147417 -0.09099788 -0.23054284 -0.12569909  0.18360774]
 [ 0.2493992  -0.04315917  0.28643968  0.00305262 -0.08342451]
 [-0.14660071  0.01423238 -0.26391109 -0.06306649 -0.08452418]]
Matrix Pair 77; W = [[ 2.56885247e-01  3.31209426e-02  6.61889639e-02 -1.95397507e-01
   2.51680685e-02]
 [-1.27046045e-01 -3.55412095e-01 -4.96521574e-02  1.97798276e-01
  -1.01013162e-01]
 [-4.01272350e-02  1.48316069e-02 -2.77939624e-02  4.85901411e-02
   1.71114737e-02]
 [-3.52832175e-02  1.08571758e-01  1.54393852e-01  6.65018297e-05
  -4.62900004e-02]
 [-6.47974844e-02 -1.76004852e-01 -2.72129978e-01 -2.25143639e-01
  -5.34931162e-02]]
U = [[ 0.17069027  0.16323293  0.31691339  0.33067457 -0.0444649 ]
 [-0.28419982 -0.12990643  0.11470263  0.14626088  0.20932774]
 [ 0.04050353 -0.13736356 -0.19289362 -0.19436307  0.25172549]
 [ 0.23435622 -0.03034804  0.27447158 -0.02814581 -0.11180882]
 [-0.106262    0.00838617 -0.23930482 -0.01107418 -0.04302866]]
Matrix Pair 78; W = [[ 0.20756911  0.06687419  0.13771764 -0.13223837  0.03653189]
 [-0.16514301 -0.37141822 -0.046301    0.28916478 -0.15579167]
 [-0.01552091  0.06276872 -0.10644861  0.06580045  0.03266873]
 [-0.00830012  0.07389324  0.15960676 -0.00220684 -0.0310288 ]
 [-0.07335962 -0.21097793 -0.26564838 -0.23670865 -0.05175485]]
U = [[ 0.14988918  0.18121926  0.33444878  0.30481042 -0.05718386]
 [-0.26941515 -0.12927486  0.08737014  0.15753455  0.20343485]
 [ 0.09443849 -0.12048142 -0.21500144 -0.15992822  0.1910467 ]
 [ 0.25326187 -0.08851033  0.25825935 -0.01151684 -0.15585326]
 [-0.12409163 -0.02613132 -0.27864574 -0.04688018 -0.08492033]]
Matrix Pair 79; W = [[ 0.27021673  0.06751682  0.11667298 -0.14333843  0.0060327 ]
 [-0.14913654 -0.32658597  0.01432923  0.27123033 -0.10467482]
 [ 0.02540536  0.03037281 -0.05264282  0.01080178 -0.03942771]
 [ 0.00712729  0.117031    0.09468882 -0.02594857 -0.06841617]
 [-0.15655995 -0.20488358 -0.27705648 -0.1689692  -0.06360576]]
U = [[ 0.1813084   0.15174555  0.26250576  0.30347296 -0.00299925]
 [-0.31558892 -0.09577271  0.11276164  0.1478838   0.24802732]
 [ 0.09264703 -0.08311111 -0.20670132 -0.18537308  0.16848472]
 [ 0.20309701 -0.10392985  0.22473788 -0.00183611 -0.10962843]
 [-0.07622083 -0.01033986 -0.31983452 -0.04882279 -0.11530505]]
Matrix Pair 80; W = [[ 0.24344028  0.03441202  0.13497094 -0.10215261  0.02666519]
 [-0.13134742 -0.36617526 -0.0336255   0.30579734 -0.14301386]
 [-0.02418421 -0.01502871 -0.06534925  0.09020785 -0.06509842]
 [-0.03031352  0.11260058  0.18675618 -0.0632897  -0.01752958]
 [-0.03849086 -0.06486106 -0.26629211 -0.22856588 -0.00909909]]
U = [[ 0.2095964   0.19100146  0.3857272   0.31857322 -0.02573061]
 [-0.26669671 -0.06017048  0.12613955  0.09629665  0.20257483]
 [ 0.1325882  -0.11174365 -0.23459655 -0.13100861  0.20679062]
 [ 0.25588368  0.03962452  0.28329976 -0.11441732 -0.08360533]
 [-0.14552605 -0.00384036 -0.25834019  0.00856772 -0.0551274 ]]
Matrix Pair 81; W = [[ 0.23156569  0.01909321  0.17027863 -0.10099813  0.03793939]
 [-0.15949538 -0.32799107 -0.05506679  0.34914964 -0.07108186]
 [-0.03739098  0.02012704 -0.08469918  0.08168095 -0.02592315]
 [-0.01213803  0.07970597  0.13942839 -0.07820909 -0.04276656]
 [-0.09113457 -0.12074034 -0.17871334 -0.17941382  0.03774315]]
U = [[ 0.14237099  0.16960573  0.32511679  0.30050105 -0.03532937]
 [-0.27628599 -0.0768913   0.06161892  0.10692843  0.18682652]
 [ 0.08835938 -0.03481176 -0.23545876 -0.13012207  0.21349465]
 [ 0.1925423   0.03085828  0.23028292 -0.17841651 -0.03338843]
 [-0.07492303 -0.0485267  -0.16752397 -0.00347397 -0.09373865]]
Matrix Pair 82; W = [[ 0.23301811  0.05812927  0.14028855 -0.13130677  0.02550115]
 [-0.10620019 -0.36314914 -0.09458666  0.33545297 -0.10524128]
 [ 0.03334593  0.03059685 -0.09617515  0.0058965  -0.06437427]
 [-0.05318947  0.11719975  0.12390519 -0.06952727 -0.07737093]
 [-0.08001151 -0.12350818 -0.22418286 -0.23514366  0.03278503]]
U = [[ 0.16313157  0.19284488  0.38653453  0.31795752 -0.03792126]
 [-0.33628191 -0.11696749  0.11780545  0.13433473  0.21031531]
 [ 0.1246929  -0.07020282 -0.18544287 -0.1145114   0.14595946]
 [ 0.1794513  -0.0140194   0.288163   -0.09537844 -0.05133516]
 [-0.15088518 -0.05795114 -0.22172944 -0.02860061 -0.08626035]]
Matrix Pair 83; W = [[ 0.16532366 -0.02513805  0.09934987 -0.1612753   0.06026404]
 [-0.10206791 -0.31929742 -0.05754161  0.30320185 -0.069028  ]
 [-0.03514148 -0.01119053 -0.05753365  0.04437964 -0.0552801 ]
 [ 0.01487013  0.14360966  0.15358538 -0.08182636 -0.07902475]
 [-0.07629822 -0.11175734 -0.24437028 -0.18651759  0.0188579 ]]
U = [[ 0.18840499  0.11377023  0.39113956  0.30174465 -0.00244046]
 [-0.31140715 -0.0582444   0.03655046  0.07003445  0.1447979 ]
 [ 0.07935732 -0.05935315 -0.22101786 -0.12862144  0.18052374]
 [ 0.22631191 -0.01476376  0.2763469  -0.10019061 -0.1148127 ]
 [-0.09077941 -0.0111032  -0.1598143  -0.01490646 -0.02776119]]
Matrix Pair 84; W = [[ 0.1609591   0.03341387  0.12911465 -0.10405144  0.05640091]
 [-0.11267734 -0.3196554  -0.09894915  0.3300478  -0.16194803]
 [-0.0440335   0.03214006 -0.0864406   0.00326895 -0.07657776]
 [-0.01619677  0.11521554  0.09788364 -0.08722809 -0.06037406]
 [-0.11707678 -0.09650738 -0.21794494 -0.24211787  0.01969581]]
U = [[ 0.19549035  0.1604848   0.32076287  0.3742578  -0.06130032]
 [-0.2920218  -0.09363186  0.1077703   0.08932909  0.21969823]
 [ 0.09719507 -0.08233495 -0.2367183  -0.10247444  0.19969798]
 [ 0.25572083 -0.04711671  0.27719029 -0.13775863 -0.09374138]
 [-0.09839691 -0.01340092 -0.21507546  0.00997215 -0.06324818]]
Matrix Pair 85; W = [[ 0.17869299  0.00999741  0.1402726  -0.09585139  0.00279805]
 [-0.14242038 -0.29795608 -0.02681034  0.34771682 -0.1613192 ]
 [ 0.02083145  0.02955353 -0.06819323 -0.00251788 -0.01386843]
 [-0.01710324  0.1433884   0.18978321 -0.06449439 -0.00257675]
 [-0.10207139 -0.05574524 -0.18166324 -0.17955433 -0.02903776]]
U = [[ 0.14989428  0.18153366  0.38970023  0.34585791  0.01172048]
 [-0.32105336 -0.0486314   0.08072399  0.12811326  0.20672437]
 [ 0.10382365 -0.04323866 -0.1699565  -0.14024882  0.1982186 ]
 [ 0.17679631 -0.02081337  0.28718417 -0.08924767 -0.03472618]
 [-0.11753353 -0.02518031 -0.1919305  -0.00865878 -0.01369177]]
Matrix Pair 86; W = [[ 0.18007871  0.05877312  0.1665717  -0.1529985   0.02165302]
 [-0.10378568 -0.3460023  -0.03108063  0.27911713 -0.13158858]
 [ 0.00449783 -0.04737427 -0.14578411  0.00965803 -0.02752315]
 [ 0.00252893  0.1326042   0.10055609 -0.05368328 -0.09263858]
 [-0.09866493 -0.1201191  -0.20736905 -0.23677002  0.04897331]]
U = [[ 0.1787758   0.1591791   0.30115828  0.29012533 -0.06707948]
 [-0.28272379 -0.09026682  0.0746131   0.083555    0.1413747 ]
 [ 0.09744517 -0.0696271  -0.16843197 -0.14883393  0.17164793]
 [ 0.24572764 -0.0230144   0.26392719 -0.1136275  -0.07638989]
 [-0.06622142  0.0291067  -0.21346084 -0.04536604 -0.09535959]]
Matrix Pair 87; W = [[ 0.22899683  0.04559548  0.14743177 -0.12550722  0.01871793]
 [-0.12030806 -0.36684469 -0.08761069  0.28191914 -0.14897977]
 [-0.04757914 -0.00497549 -0.09518782  0.06746662  0.00442188]
 [-0.01631781  0.1556522   0.11372662 -0.03446151 -0.04846215]
 [-0.07418319 -0.13076338 -0.23592263 -0.26759762 -0.03868063]]
U = [[ 0.18489132  0.15002375  0.38214195  0.33926268 -0.01216205]
 [-0.35520229 -0.10456054  0.12408128  0.05012362  0.19214587]
 [ 0.10579826 -0.06373765 -0.21740501 -0.07074178  0.22499468]
 [ 0.2151175   0.01106751  0.24849719 -0.09810155 -0.1058891 ]
 [-0.07179497 -0.04723318 -0.25469688 -0.00159424 -0.02715895]]
Matrix Pair 88; W = [[ 0.20804666  0.00656337  0.10958275 -0.10816634  0.02021916]
 [-0.13800877 -0.2713055  -0.05419662  0.33222293 -0.12877317]
 [ 0.02791431  0.00649239 -0.11408451  0.07263298 -0.07242038]
 [-0.00602975  0.10962327  0.10594037 -0.06132426 -0.03535245]
 [-0.05038141 -0.07286531 -0.2005684  -0.26635919 -0.03203896]]
U = [[ 0.14653822  0.19620284  0.35882148  0.37797647 -0.07723745]
 [-0.31468225 -0.11503245  0.09701387  0.04755074  0.16945679]
 [ 0.07501996 -0.089227   -0.18821775 -0.12891508  0.21907805]
 [ 0.20476463  0.02030007  0.25552134 -0.16159536 -0.08128803]
 [-0.13346372 -0.01274707 -0.25659029 -0.04702694 -0.03910384]]
Matrix Pair 89; W = [[ 0.17625987  0.03224712  0.10855201 -0.07710715  0.03247807]
 [-0.17218723 -0.31671938 -0.04851987  0.35690475 -0.16309263]
 [-0.01290682  0.00651571 -0.15426152  0.06924243  0.00160052]
 [-0.04812881  0.13943986  0.18859774 -0.03652228 -0.02098645]
 [-0.09044718 -0.10357971 -0.17521818 -0.26422994 -0.03240148]]
U = [[ 0.19611454  0.13830263  0.31980853  0.34570504 -0.06389469]
 [-0.31255899 -0.11905322  0.07976167  0.08993988  0.19501055]
 [ 0.09037394 -0.10907683 -0.22556428 -0.11536316  0.16064023]
 [ 0.2541863  -0.04591248  0.26707489 -0.12407368 -0.09704606]
 [-0.12280367  0.00710163 -0.18950726  0.03045744 -0.05078326]]
Matrix Pair 90; W = [[ 1.65021951e-01 -3.05532010e-03  1.12326176e-01 -1.18137950e-01
   5.97808339e-03]
 [-1.59151660e-01 -2.93755767e-01 -8.29060407e-02  3.64605967e-01
  -1.62023938e-01]
 [ 1.84731137e-02  3.52252714e-02 -6.88266105e-02  7.62795575e-03
  -5.48963125e-03]
 [-5.09600718e-02  1.40222995e-01  1.92347631e-01 -1.16679618e-01
   1.98031636e-04]
 [-6.68567722e-02 -4.10431779e-02 -1.89921653e-01 -2.66101024e-01
   4.45432537e-02]]
U = [[ 0.18336972  0.18508767  0.3001958   0.28275693 -0.07542461]
 [-0.26551794 -0.08563557  0.0642115   0.12228901  0.23038454]
 [ 0.12068015 -0.05552951 -0.1616633  -0.12771373  0.18097728]
 [ 0.19502242 -0.01376335  0.31644847 -0.14214454 -0.07565897]
 [-0.10169818 -0.04290652 -0.24722585 -0.03014389 -0.02247255]]
Matrix Pair 91; W = [[ 0.20573111  0.05055799  0.14470813 -0.07494179  0.0086816 ]
 [-0.08958682 -0.29025424 -0.09423659  0.33023184 -0.14284713]
 [-0.02524881 -0.02750214 -0.09691366  0.04116531 -0.0748354 ]
 [-0.05572937  0.09581746  0.11738314 -0.09938101 -0.03759555]
 [-0.09661747 -0.09949454 -0.22073799 -0.23215641 -0.01237824]]
U = [[ 0.13934245  0.11451017  0.32566002  0.3518704  -0.07331643]
 [-0.30779663 -0.08843461  0.09883538  0.11855093  0.14808013]
 [ 0.109025   -0.05583259 -0.19377767 -0.05668045  0.16402022]
 [ 0.21322852  0.01828112  0.31971712 -0.16798894 -0.0814104 ]
 [-0.13846557  0.03814452 -0.24947421  0.01812174 -0.03853394]]
Matrix Pair 92; W = [[ 0.16295724 -0.00991129  0.0917561  -0.10462616  0.00089952]
 [-0.08986246 -0.3389231  -0.025063    0.34481333 -0.11360788]
 [-0.0141296  -0.00488523 -0.08887511  0.05560744 -0.046456  ]
 [ 0.01961066  0.13597424  0.15556111 -0.03553342 -0.05835304]
 [-0.07495602 -0.1036657  -0.20837072 -0.21049719  0.01693351]]
U = [[ 0.17616007  0.11423693  0.30691641  0.29110353 -0.05185185]
 [-0.30909443 -0.08015426  0.05377299  0.14190225  0.17327718]
 [ 0.13589713 -0.10566343 -0.21465256 -0.11382357  0.21543713]
 [ 0.18922005  0.0159276   0.30729105 -0.17748253 -0.06540506]
 [-0.09034391 -0.03740096 -0.23133831 -0.0454258  -0.03865618]]
Matrix Pair 93; W = [[ 0.23451416 -0.02897412  0.16917138 -0.07454939  0.07369027]
 [-0.08743105 -0.33156241 -0.03906162  0.2906358  -0.08882592]
 [ 0.01806933  0.0233386  -0.07535718  0.06032688 -0.02948421]
 [-0.00740751  0.09467042  0.09734288 -0.10939149 -0.0919729 ]
 [-0.04831354 -0.07033624 -0.2666304  -0.17774366  0.02794185]]
U = [[ 0.22902356  0.14510328  0.31063698  0.28295599 -0.08067319]
 [-0.29229979 -0.09826083  0.05767423  0.11471652  0.22818142]
 [ 0.08127586 -0.11862519 -0.18279988 -0.11662278  0.14117316]
 [ 0.21784639  0.02733543  0.31411846 -0.17596268 -0.09036359]
 [-0.11892181  0.00502966 -0.19348303 -0.01476588 -0.04876885]]
Matrix Pair 94; W = [[ 0.19088744  0.00193592  0.17735137 -0.14674029 -0.01018126]
 [-0.09681796 -0.33411583 -0.08314221  0.32053272 -0.15692081]
 [-0.05273556  0.00863607 -0.14051674  0.02088621 -0.02585997]
 [-0.03841487  0.121847    0.15603585 -0.06654134 -0.03141005]
 [-0.02822916 -0.10994975 -0.17667641 -0.18363424  0.03675239]]
U = [[ 0.18295282  0.12176295  0.31162995  0.28218695 -0.04844203]
 [-0.3437645  -0.12272117  0.12099535  0.10272683  0.17020132]
 [ 0.08162834 -0.03302171 -0.22808137 -0.05836191  0.18546459]
 [ 0.25843284 -0.00224539  0.24753906 -0.14509004 -0.05269341]
 [-0.096941   -0.0215622  -0.25677222  0.01698041 -0.04182175]]
Matrix Pair 95; W = [[ 1.81394654e-01  2.17894748e-02  1.40970233e-01 -1.37941905e-01
   4.74904592e-02]
 [-1.21533517e-01 -3.49362658e-01 -9.04991214e-02  3.45633588e-01
  -1.68607365e-01]
 [-4.73433226e-02  3.76061026e-02 -1.24594691e-01  6.43852821e-02
   1.12779043e-04]
 [-1.94774819e-02  1.16121834e-01  1.56316081e-01 -1.01729214e-01
  -8.74000206e-02]
 [-8.41820324e-02 -1.15937378e-01 -2.57519645e-01 -2.55266526e-01
  -2.13721310e-02]]
U = [[ 1.79671169e-01  1.84409655e-01  3.48786937e-01  3.31525059e-01
  -3.78443961e-02]
 [-3.33925145e-01 -8.87247849e-02  1.15167028e-01  6.27437701e-02
   1.97932190e-01]
 [ 5.74653793e-02 -9.13756833e-02 -2.36505427e-01 -1.45549091e-01
   1.44819467e-01]
 [ 1.81260178e-01  4.00609761e-02  3.18399436e-01 -1.51195974e-01
  -2.42115577e-02]
 [-1.10167417e-01 -3.32740575e-02 -1.92708369e-01 -3.84825925e-02
  -1.96525081e-04]]
Matrix Pair 96; W = [[ 0.23810576  0.03666542  0.10126175 -0.07552555  0.09234131]
 [-0.07099825 -0.36503166 -0.06232788  0.20448077 -0.20777228]
 [-0.08430157 -0.01018976 -0.12253178  0.079534   -0.07557769]
 [ 0.05546029  0.0672747   0.17579511 -0.1316218  -0.06173129]
 [-0.15650176 -0.05779642 -0.21919345 -0.11041001 -0.00043125]]
U = [[ 0.21761884  0.14005887  0.29244752  0.38096708 -0.09148679]
 [-0.37178973 -0.07164887  0.0814953   0.06044223  0.20978165]
 [ 0.04082483 -0.07679462 -0.26331225 -0.07070304  0.24161908]
 [ 0.2183744  -0.01656229  0.19517615 -0.17612281 -0.19187732]
 [-0.04248974  0.02115693 -0.21523785  0.02447452 -0.01199603]]
Matrix Pair 97; W = [[ 0.22442733  0.04921789  0.0876961  -0.08619965  0.03019368]
 [-0.05837817 -0.3108217   0.02795846  0.24979181 -0.15635722]
 [-0.07209292 -0.02782601 -0.09690136  0.06006883 -0.05795705]
 [-0.00967598  0.08901652  0.17009569 -0.07928469 -0.03497778]
 [-0.14436986 -0.10106094 -0.2568247  -0.12648067  0.01526619]]
U = [[ 0.20266206  0.20479872  0.35658367  0.37450009 -0.01895845]
 [-0.36180574 -0.07369717  0.1034881   0.08710803  0.16099273]
 [ 0.07783711 -0.07076684 -0.24018225 -0.03863729  0.18028189]
 [ 0.21470403  0.03566349  0.20906782 -0.14720754 -0.20965575]
 [-0.09490624  0.01572535 -0.2522765  -0.01951464 -0.06461285]]
Matrix Pair 98; W = [[ 0.23865533  0.04401081  0.08622052 -0.07976992  0.09668545]
 [-0.12889754 -0.32490144  0.02061577  0.19382904 -0.18581193]
 [-0.08382534 -0.08595627 -0.18083061  0.03366532 -0.07314327]
 [ 0.01691673  0.09802631  0.21525829 -0.11109531 -0.05643419]
 [-0.15555728 -0.0649873  -0.24081185 -0.1361746  -0.0287441 ]]
U = [[ 0.18435668  0.15995994  0.37910194  0.33351691 -0.00297655]
 [-0.3604009  -0.13220989  0.03563335  0.04893031  0.1475182 ]
 [ 0.10538778 -0.16623883 -0.23480687 -0.02747508  0.18568669]
 [ 0.24510524 -0.01750485  0.15013462 -0.16232754 -0.15903539]
 [-0.07002576 -0.03450766 -0.22199262  0.04652602 -0.06591929]]
Matrix Pair 99; W = [[ 0.17968064  0.04675131  0.10997575 -0.04593692  0.08450054]
 [-0.13818157 -0.32684675  0.00054486  0.22857972 -0.14350287]
 [-0.1491063  -0.08884255 -0.10900223  0.00293904 -0.0836227 ]
 [ 0.05019191  0.07390225  0.15391445 -0.10083579 -0.07543337]
 [-0.1359863  -0.11654167 -0.28963654 -0.14945529 -0.03622051]]
U = [[ 0.22420825  0.15669735  0.33782309  0.32795096 -0.07124933]
 [-0.30155177 -0.06664928  0.03349825  0.0785506   0.15987833]
 [ 0.08901958 -0.15768404 -0.20276752 -0.05979074  0.23078667]
 [ 0.22962684 -0.02340461  0.23129399 -0.16535905 -0.19001885]
 [-0.07623298  0.01307902 -0.265416    0.03412844 -0.04557185]]
Matrix Pair 100; W = [[ 0.21204596  0.03758484  0.0799847  -0.03884235  0.10862501]
 [-0.13046452 -0.37091988 -0.00223496  0.22154379 -0.12486386]
 [-0.09381828 -0.04113982 -0.14354685  0.05004963 -0.07914919]
 [-0.02166306  0.03190154  0.19453918 -0.08699507 -0.04476066]
 [-0.13280665 -0.05704755 -0.21388787 -0.13064509 -0.00319731]]
U = [[ 0.22401183  0.19867382  0.35227025  0.29607467 -0.04010872]
 [-0.37997191 -0.12590886  0.09037082  0.07306418  0.20358908]
 [ 0.11515648 -0.12249357 -0.20315048  0.00118242  0.18473127]
 [ 0.20278817 -0.01221069  0.2228327  -0.12193643 -0.18321892]
 [-0.02273538 -0.06068314 -0.23385281 -0.00240201 -0.01720529]]
Matrix Pair 101; W = [[ 0.20804131  0.06054927  0.13564779 -0.11949543  0.01709022]
 [-0.06532571 -0.31301211 -0.00725665  0.21441352 -0.20768045]
 [-0.06936693 -0.02074044 -0.1638669   0.02545021 -0.08939196]
 [ 0.04606237  0.07623567  0.21380185 -0.13332156 -0.04807315]
 [-0.12624413 -0.06226673 -0.20969942 -0.1887807  -0.02147016]]
U = [[ 0.20741616  0.19746907  0.35649197  0.30960503 -0.0533678 ]
 [-0.30155471 -0.05093779  0.08891483  0.03952159  0.20488885]
 [ 0.09952545 -0.14268209 -0.21457557 -0.0839714   0.23888449]
 [ 0.21296514 -0.01933785  0.24178596 -0.16307329 -0.12440486]
 [-0.10173904 -0.02691823 -0.23596841 -0.03238063 -0.03834731]]
Matrix Pair 102; W = [[ 0.24552884  0.02179233  0.06282876 -0.05066926  0.04135802]
 [-0.10598852 -0.3532764  -0.00406979  0.18497349 -0.17329367]
 [-0.10025189 -0.06140022 -0.13767207  0.07571108 -0.08795259]
 [ 0.01314423  0.04171945  0.1523693  -0.07698356 -0.06608228]
 [-0.16668015 -0.0763833  -0.26953973 -0.15142722 -0.03203538]]
U = [[ 2.04861677e-01  1.45561260e-01  3.69560501e-01  3.13673693e-01
  -3.96082612e-02]
 [-3.22987957e-01 -4.47010004e-02  4.17862498e-02  2.86480325e-02
   1.84375377e-01]
 [ 1.07052131e-01 -1.20057019e-01 -2.32317922e-01 -6.50532460e-02
   2.26365618e-01]
 [ 2.11722024e-01  1.86495560e-04  2.47935635e-01 -1.81296490e-01
  -2.06180660e-01]
 [-3.92332682e-02  2.38193923e-02 -2.85882752e-01  5.40459564e-03
  -4.39909971e-02]]
Matrix Pair 103; W = [[ 0.19693294  0.04078353  0.10984531 -0.03981967  0.01906349]
 [-0.15036875 -0.39285633 -0.01577933  0.17582448 -0.18767706]
 [-0.11319614 -0.04835152 -0.11838475  0.06534185 -0.00616474]
 [-0.00266963  0.03178877  0.17039629 -0.07721292 -0.06950727]
 [-0.15475564 -0.08841079 -0.24763495 -0.14581631 -0.07816985]]
U = [[ 0.23538033  0.18200992  0.29417698  0.35635998 -0.06601525]
 [-0.31530911 -0.06955892  0.07326459  0.05233536  0.19878558]
 [ 0.10166715 -0.13532559 -0.28704107 -0.07550307  0.17797301]
 [ 0.23119575  0.03402682  0.2189246  -0.13273317 -0.15476253]
 [-0.03130546 -0.06382187 -0.24156487 -0.0427624  -0.01238605]]
Matrix Pair 104; W = [[ 0.23828303  0.0213928   0.09640171 -0.10973716  0.06274138]
 [-0.10774364 -0.38044878 -0.02183261  0.19195614 -0.20325443]
 [-0.08423979 -0.08387745 -0.15475821  0.08673944 -0.00172468]
 [ 0.02272388  0.05898189  0.19311875 -0.09433739 -0.01107451]
 [-0.1606389  -0.08296921 -0.2044331  -0.14104324 -0.04828047]]
U = [[ 0.17123142  0.19171878  0.29910732  0.38426531 -0.0477531 ]
 [-0.33663769 -0.07476682  0.02983025  0.03970272  0.21733374]
 [ 0.09364319 -0.07080678 -0.23382855 -0.06597653  0.2035879 ]
 [ 0.25993866 -0.00625274  0.17253217 -0.12640761 -0.12326159]
 [-0.03451178 -0.05088752 -0.22497022 -0.01662631 -0.00958488]]
Matrix Pair 105; W = [[ 0.20504972  0.02135635  0.06315947 -0.09149423  0.04775228]
 [-0.10700046 -0.39937542 -0.00091905  0.18135855 -0.18441262]
 [-0.12771517 -0.0058121  -0.16741199  0.0569891  -0.02472422]
 [-0.02132709  0.06960864  0.17488385 -0.08890274 -0.07956801]
 [-0.15953812 -0.12544981 -0.2480921  -0.15450169 -0.05974625]]
U = [[ 0.21282625  0.19443636  0.28823505  0.33085877 -0.02693362]
 [-0.37392401 -0.11524077  0.05559821  0.00672291  0.1528004 ]
 [ 0.03375602 -0.11450845 -0.22446987  0.00627971  0.16633364]
 [ 0.28660152  0.05430191  0.20418228 -0.18869649 -0.16594381]
 [-0.05322762 -0.00340651 -0.30849042  0.04528803 -0.05077397]]
Matrix Pair 106; W = [[ 0.26005291 -0.0004375   0.08904705 -0.1292242   0.06425213]
 [-0.12953683 -0.39908371 -0.05520948  0.23330484 -0.1701235 ]
 [-0.15616343 -0.03998508 -0.1449189   0.08838653  0.00265235]
 [ 0.0474894   0.11945897  0.13254731 -0.06193198 -0.0304021 ]
 [-0.11247448 -0.0781873  -0.27860325 -0.17517678 -0.01113013]]
U = [[ 0.21576831  0.15739069  0.32547853  0.31441008 -0.05124788]
 [-0.30206497 -0.05432751  0.07963055  0.07941103  0.16892224]
 [ 0.10941762 -0.15546201 -0.22877291 -0.09105813  0.20068431]
 [ 0.22402278  0.03495795  0.24776047 -0.14698026 -0.19019732]
 [-0.07570495  0.02046122 -0.25488215  0.00347654 -0.08480795]]
Matrix Pair 107; W = [[ 0.23685957  0.036919    0.10676065 -0.09397095  0.07177704]
 [-0.12348653 -0.30527732 -0.05554003  0.21792057 -0.20875227]
 [-0.06914807 -0.06539595 -0.17463089  0.08949879 -0.00743847]
 [ 0.02337418  0.03723685  0.22558152 -0.13165496  0.00590006]
 [-0.11817895 -0.07033422 -0.28167768 -0.12488191 -0.05461266]]
U = [[ 0.21867445  0.18206309  0.37106471  0.29813354 -0.03409351]
 [-0.30810413 -0.12573505  0.08584145  0.01714503  0.19589647]
 [ 0.03695516 -0.15695954 -0.23994398 -0.08166989  0.20041305]
 [ 0.25643547 -0.03411408  0.2384538  -0.10973264 -0.17047047]
 [-0.01432422  0.01582085 -0.22644379 -0.02082094 -0.0147421 ]]
Matrix Pair 108; W = [[ 0.22346157 -0.00882222  0.061795   -0.07634261  0.05389534]
 [-0.1369435  -0.31959975 -0.02372884  0.2461099  -0.12542424]
 [-0.14157916 -0.06265137 -0.18884211  0.08744267  0.00225473]
 [ 0.03993408  0.1199093   0.18148235 -0.12587243 -0.04251057]
 [-0.15864992 -0.14800134 -0.27006738 -0.14794601 -0.00602022]]
U = [[ 0.23578965  0.20344258  0.31114306  0.36348154 -0.09226998]
 [-0.29545971 -0.06766113  0.05659667  0.05435941  0.12220257]
 [ 0.03166664 -0.14659636 -0.2853027  -0.01448575  0.17302448]
 [ 0.26007659 -0.02801295  0.17940052 -0.17710332 -0.20497714]
 [-0.09751363  0.00712602 -0.27049832 -0.00971599 -0.04418153]]
Matrix Pair 109; W = [[ 0.2251467   0.02797647  0.10187129 -0.07429015  0.02448672]
 [-0.12189417 -0.36933282  0.01123746  0.23953284 -0.21911025]
 [-0.13277604 -0.03346803 -0.16171129  0.09077632 -0.0289401 ]
 [ 0.02547756  0.11689031  0.13979921 -0.13104815 -0.08226824]
 [-0.12723318 -0.07009485 -0.28174538 -0.13427087 -0.03249955]]
U = [[ 0.22151588  0.13643964  0.29187327  0.30876653 -0.09820122]
 [-0.30716673 -0.05665108  0.06131873  0.08966927  0.15337376]
 [ 0.07929346 -0.08624992 -0.26317132 -0.03207723  0.1649798 ]
 [ 0.20774915  0.04230956  0.20832585 -0.16856011 -0.17422353]
 [-0.07622977 -0.03025457 -0.29850392  0.02039173 -0.02506211]]
Matrix Pair 110; W = [[ 0.18257375  0.01110761  0.08823542 -0.10451888  0.10229364]
 [-0.0635863  -0.3112064  -0.01713144  0.25832831 -0.21421021]
 [-0.06253585 -0.0343206  -0.13559118  0.08662059 -0.01058658]
 [ 0.05146244  0.10138871  0.2030901  -0.13145459 -0.0076967 ]
 [-0.15751202 -0.12970261 -0.26752067 -0.19810105 -0.06653875]]
U = [[ 0.22214021  0.12217003  0.29024199  0.37775004 -0.0259889 ]
 [-0.36739069 -0.13428955  0.05843707  0.03619502  0.20741706]
 [ 0.09727626 -0.08927909 -0.25516694 -0.08042108  0.17648741]
 [ 0.21790843  0.03083013  0.20791146 -0.1534926  -0.12234705]
 [-0.03054109 -0.05295913 -0.25804218 -0.00484471 -0.09484102]]
Matrix Pair 111; W = [[ 0.25409761  0.01821751  0.08173428 -0.05259387  0.06386096]
 [-0.09648865 -0.36088744 -0.04390023  0.24472647 -0.12493911]
 [-0.15225688 -0.03158412 -0.15059996  0.07503437 -0.02492045]
 [ 0.00899296  0.0410484   0.20236162 -0.12341132 -0.06367254]
 [-0.14680853 -0.15244677 -0.26944411 -0.16726248  0.01545037]]
U = [[ 0.21811541  0.19961179  0.31134817  0.35907052 -0.07075205]
 [-0.35605541 -0.03811336  0.12652013  0.09059712  0.21258584]
 [ 0.06575872 -0.08314884 -0.2376625  -0.07536061  0.18416117]
 [ 0.2769996   0.03715599  0.24487776 -0.14532804 -0.16109901]
 [-0.01220648  0.01660778 -0.27645858 -0.02262813 -0.06590442]]
Matrix Pair 112; W = [[ 0.15937182  0.00956605  0.16212318 -0.08008567  0.00129429]
 [-0.17796528 -0.34436171 -0.02510414  0.21169895 -0.09659166]
 [-0.02188413  0.03429341 -0.0381131   0.08850128 -0.06925139]
 [-0.01507755  0.09259945  0.09912935 -0.12046247 -0.12508326]
 [-0.04810774 -0.10746003 -0.19602339 -0.23611689  0.01183054]]
U = [[ 0.14373653  0.08054564  0.25985134  0.36512624 -0.02090947]
 [-0.31112049 -0.11651103  0.05957777  0.17169388  0.14620645]
 [ 0.06897285 -0.15860318 -0.29299382 -0.11694492  0.16453986]
 [ 0.30859583 -0.07593363  0.27405578 -0.05849346 -0.15961382]
 [-0.06083458  0.01581535 -0.32916578 -0.04744055 -0.05711872]]
Matrix Pair 113; W = [[ 0.20021816  0.04223066  0.18667094 -0.11702367  0.02126564]
 [-0.1410948  -0.36520356  0.02530573  0.20137274 -0.03916596]
 [-0.06999595  0.01435847 -0.06533581  0.02094755 -0.03401242]
 [-0.07795936  0.05638151  0.08267218 -0.07221723 -0.0506082 ]
 [-0.08659643 -0.06580102 -0.2454519  -0.19206269 -0.05893147]]
U = [[ 0.13183606  0.09837471  0.33876815  0.36931251 -0.06063241]
 [-0.32752236 -0.07959485  0.06403592  0.16007462  0.14089732]
 [ 0.00527964 -0.10440149 -0.2309309  -0.15355752  0.17347553]
 [ 0.28692002 -0.07262974  0.27221843 -0.08974539 -0.15923938]
 [-0.07906918  0.01504905 -0.25851799  0.00102311 -0.02748895]]
Matrix Pair 114; W = [[ 0.22279938  0.01613442  0.10551737 -0.17037761  0.0703983 ]
 [-0.14187632 -0.30556452 -0.03937124  0.23465571 -0.0890227 ]
 [-0.00701834  0.04244911 -0.10243954  0.08394333 -0.01910377]
 [-0.06322373  0.06406457  0.17799588 -0.08288146 -0.06589276]
 [-0.09217158 -0.09681191 -0.1910442  -0.20529494 -0.04118699]]
U = [[ 0.19977974  0.08135443  0.33285444  0.3110821  -0.05829385]
 [-0.31713526 -0.07720049  0.14919062  0.15138352  0.12569598]
 [ 0.01988984 -0.13640666 -0.25970108 -0.12353982  0.14112728]
 [ 0.28483162 -0.06284106  0.24903099 -0.07686324 -0.11873085]
 [-0.12262049  0.00933486 -0.27864883  0.02841439 -0.05754549]]
Matrix Pair 115; W = [[ 0.1730508   0.03804139  0.10780544 -0.12011555  0.02150289]
 [-0.16417978 -0.38520037 -0.01691516  0.21408694 -0.01008555]
 [-0.02674881 -0.02077253 -0.02246683  0.02861257 -0.00798456]
 [-0.05742867  0.06725215  0.15643911 -0.04035565 -0.05699995]
 [-0.0934778  -0.06701062 -0.20768801 -0.24809107 -0.05694723]]
U = [[ 0.13957859  0.15321982  0.265365    0.34933247 -0.02485416]
 [-0.26388384 -0.14369352  0.14870875  0.12643389  0.14281189]
 [ 0.03124609 -0.09573497 -0.2741555  -0.05879843  0.17015687]
 [ 0.27935946 -0.00793798  0.28230182 -0.11908684 -0.13429379]
 [-0.14469333 -0.06157368 -0.24875812 -0.05427626 -0.06946007]]
Matrix Pair 116; W = [[ 0.22766699 -0.02061873  0.160485   -0.10891401  0.03599879]
 [-0.19648942 -0.303822   -0.04549051  0.28239492 -0.05846431]
 [-0.00965332 -0.01680166 -0.03924508  0.06476762 -0.06528367]
 [-0.04493188  0.00455273  0.17459191 -0.08727032 -0.04390466]
 [-0.12261887 -0.10497538 -0.19424199 -0.24293643 -0.04079732]]
U = [[ 0.13808491  0.14823501  0.28182705  0.38622528 -0.06557647]
 [-0.26805874 -0.09539971  0.07047905  0.15153728  0.21267839]
 [-0.00362985 -0.1273254  -0.25461783 -0.06849535  0.11635866]
 [ 0.2722029  -0.01611629  0.26400527 -0.12073263 -0.10061417]
 [-0.07062411 -0.05550881 -0.28068471  0.01671696 -0.10578692]]
Matrix Pair 117; W = [[ 0.21156156  0.06244703  0.10627691 -0.15125549  0.02287287]
 [-0.19651813 -0.37224444 -0.03916606  0.2908508  -0.0335021 ]
 [-0.01487566  0.04853404 -0.05458205  0.07691702 -0.00266727]
 [-0.08919165  0.06773377  0.17331135 -0.06767014 -0.08240037]
 [-0.11926091 -0.11980273 -0.19944255 -0.24266935  0.01016539]]
U = [[ 0.16940163  0.16606839  0.30805842  0.37510992 -0.06170931]
 [-0.35069171 -0.10964522  0.15269259  0.12380922  0.12674263]
 [-0.01777444 -0.17090516 -0.23252732 -0.08395176  0.17647384]
 [ 0.28073527 -0.07699974  0.19708861 -0.05095251 -0.09895671]
 [-0.0808147  -0.03952005 -0.33246892 -0.03578694 -0.10541588]]
Matrix Pair 118; W = [[ 0.13576561  0.06097019  0.16153847 -0.09001508  0.05478078]
 [-0.10930435 -0.34758546 -0.05126789  0.25465673 -0.08365289]
 [-0.04489259 -0.04243289 -0.04761212  0.05468714 -0.03283604]
 [-0.08049963  0.05650369  0.14600473 -0.12689588 -0.03059358]
 [-0.11185779 -0.05780403 -0.20603438 -0.23151271  0.01166364]]
U = [[ 0.18342447  0.1098034   0.30883631  0.35915463 -0.02794454]
 [-0.32818819 -0.12274006  0.15716791  0.15398173  0.13695111]
 [-0.01215072 -0.09125208 -0.24578236 -0.09100103  0.16753368]
 [ 0.27539478 -0.00507774  0.22108525 -0.12597526 -0.06621603]
 [-0.07066803  0.00448014 -0.29747023  0.02330434 -0.04491833]]
Matrix Pair 119; W = [[ 0.13490628 -0.02270594  0.16292242 -0.08694771  0.04178673]
 [-0.10334663 -0.32896626 -0.01794947  0.2073286  -0.00677181]
 [-0.04729627  0.02782707 -0.11472695  0.07643412 -0.02119677]
 [-0.06131178  0.0689775   0.12006588 -0.10957491 -0.10962702]
 [-0.08617926 -0.09329133 -0.15711984 -0.24307766  0.02921805]]
U = [[ 0.19912475  0.10261291  0.33043082  0.37363793 -0.02227305]
 [-0.27672502 -0.13461654  0.06368283  0.0835523   0.13390176]
 [ 0.01745185 -0.1116893  -0.19869594 -0.10639036  0.19759214]
 [ 0.28328208 -0.00225534  0.28703217 -0.08357892 -0.11274199]
 [-0.07644866 -0.02271224 -0.27915222 -0.03451968 -0.08237328]]
Matrix Pair 120; W = [[ 0.16630872  0.0505763   0.1859792  -0.10750721  0.05077738]
 [-0.11258592 -0.33984741  0.0019284   0.21518158 -0.07687447]
 [-0.03610576 -0.0287716  -0.10412397  0.03979616 -0.07421882]
 [-0.03302457  0.00730173  0.1678713  -0.12227963 -0.03690927]
 [-0.12577494 -0.0734193  -0.24870889 -0.22631566  0.02331838]]
U = [[ 0.14859716  0.16983767  0.27494299  0.34878324 -0.02610806]
 [-0.32017221 -0.09252173  0.06608331  0.15494693  0.14142994]
 [ 0.05845873 -0.17439337 -0.26300449 -0.14296694  0.12700729]
 [ 0.26351254 -0.02666465  0.26149402 -0.10464615 -0.08371352]
 [-0.14326477 -0.06377134 -0.30264455  0.00383411 -0.03090733]]
Matrix Pair 121; W = [[ 0.15715859  0.05514939  0.11090085 -0.10451093 -0.0178224 ]
 [-0.19442278 -0.3086053  -0.02521447  0.2075593  -0.0139988 ]
 [-0.02868296 -0.03062337 -0.0484949   0.03987746 -0.07616523]
 [-0.0946137   0.01334601  0.14385523 -0.12592927 -0.12406446]
 [-0.09981203 -0.12240891 -0.24042344 -0.18084579 -0.02829762]]
U = [[ 0.19577082  0.13764246  0.3043204   0.35553573 -0.03473506]
 [-0.26808183 -0.15627493  0.10838895  0.14693088  0.16538032]
 [ 0.04692452 -0.12408195 -0.21474883 -0.15395056  0.20004892]
 [ 0.27258274 -0.03354717  0.23945046 -0.04066687 -0.11546702]
 [-0.08596296  0.00327148 -0.33737984 -0.00316826 -0.04746956]]
Matrix Pair 122; W = [[ 0.16109212  0.04149589  0.10760204 -0.09749471  0.05606087]
 [-0.17398193 -0.37242849 -0.00595125  0.26500345 -0.06300555]
 [-0.05318165  0.0308473  -0.06167411  0.05968969 -0.06948908]
 [-0.06979922  0.05504891  0.13899228 -0.09896827 -0.0879497 ]
 [-0.09184682 -0.13120203 -0.20250123 -0.22298208 -0.06581521]]
U = [[ 0.18097034  0.12202654  0.33578115  0.31698393 -0.03674194]
 [-0.28888148 -0.1572949   0.12541166  0.15366628  0.17256079]
 [-0.02279565 -0.10559241 -0.26728989 -0.09245349  0.19200165]
 [ 0.23145983  0.01658235  0.23112771 -0.09355126 -0.14492164]
 [-0.13334911 -0.01646169 -0.2814382   0.01177739 -0.02746249]]
Matrix Pair 123; W = [[ 0.13719405  0.01376921  0.15244664 -0.10290383  0.01905998]
 [-0.17773413 -0.34737064 -0.02678244  0.24961769 -0.05986892]
 [-0.07203634  0.04698657 -0.1147296   0.03688485 -0.08473385]
 [-0.07219375  0.03832241  0.15022403 -0.03936284 -0.10289961]
 [-0.08765396 -0.08639636 -0.24934067 -0.16774406 -0.03990047]]
U = [[ 1.79339114e-01  1.69369707e-01  2.54288118e-01  3.29617225e-01
  -2.05557156e-04]
 [-2.73828684e-01 -7.23003675e-02  1.17492892e-01  1.44355302e-01
   1.46800947e-01]
 [-2.99784590e-02 -9.16730345e-02 -2.90037708e-01 -6.91731018e-02
   1.60575545e-01]
 [ 3.17327757e-01 -4.61022917e-02  2.49795284e-01 -1.25340778e-01
  -1.37918639e-01]
 [-7.99477476e-02  1.70395982e-02 -2.92680480e-01  1.23111239e-02
  -3.30796508e-02]]
Matrix Pair 124; W = [[ 0.18732617  0.04480664  0.09486621 -0.11252169  0.0146174 ]
 [-0.17491627 -0.31614059  0.02823837  0.29251061 -0.0660578 ]
 [-0.05735015  0.05106511 -0.06157893  0.00125414 -0.03637818]
 [-0.01349444 -0.00110478  0.1326633  -0.1200856  -0.09110589]
 [-0.05820697 -0.0411837  -0.16220993 -0.2161209  -0.01016518]]
U = [[ 0.21138806  0.16146934  0.32712987  0.34388978 -0.06105758]
 [-0.35146925 -0.07794147  0.11796471  0.17081358  0.21520125]
 [-0.01819506 -0.180875   -0.22961811 -0.06166331  0.19859325]
 [ 0.31425139  0.01563498  0.26329083 -0.11070406 -0.16116252]
 [-0.07028104 -0.05337856 -0.30787941  0.0272724  -0.00798178]]
Matrix Pair 125; W = [[ 0.20980907  0.06251382  0.19206839 -0.12693897 -0.01601986]
 [-0.12080513 -0.3655465   0.03199672  0.24249006 -0.03399245]
 [-0.02490976  0.03615713 -0.02849615  0.00080305  0.00403681]
 [-0.05134325  0.01355375  0.16678974 -0.08278668 -0.07740902]
 [-0.14582057 -0.04337111 -0.2526025  -0.19147581 -0.03025493]]
U = [[ 0.20872945  0.14058599  0.34532519  0.33470056 -0.00340272]
 [-0.33947441 -0.13342478  0.0666853   0.10369721  0.1542413 ]
 [-0.02304839 -0.10539711 -0.28163127 -0.14770999  0.11152472]
 [ 0.23345608 -0.02690855  0.26050971 -0.09195137 -0.06988142]
 [-0.14378963 -0.06532996 -0.27302932 -0.06509351 -0.05254708]]
Matrix Pair 126; W = [[ 0.18950306  0.01612039  0.1100711  -0.11825205 -0.01466679]
 [-0.17551952 -0.34951009 -0.03549518  0.20087077 -0.03220755]
 [ 0.00476061 -0.02861203 -0.05852085  0.00085919 -0.04690172]
 [-0.04053815  0.05090215  0.07940682 -0.04878897 -0.107157  ]
 [-0.06020206 -0.07740321 -0.21161314 -0.20017257 -0.06523269]]
U = [[ 0.17123689  0.07762542  0.30144867  0.2998902  -0.07067346]
 [-0.33092219 -0.11734685  0.0986397   0.16317954  0.1384176 ]
 [ 0.02942763 -0.14327252 -0.21017712 -0.1362429   0.12340425]
 [ 0.26611471  0.0064688   0.25847085 -0.09074887 -0.15203163]
 [-0.06577106 -0.01824072 -0.24560929 -0.04868654 -0.08793865]]
Matrix Pair 127; W = [[ 0.16782008  0.04530447  0.13617285 -0.12037671  0.07041802]
 [-0.14391773 -0.33424488 -0.0141905   0.25168604 -0.01636908]
 [-0.05252482 -0.02200431 -0.05480837  0.08500014 -0.04056934]
 [-0.088467    0.06310925  0.10648888 -0.062189   -0.05256149]
 [-0.13251049 -0.05501682 -0.22718571 -0.20212991 -0.06254575]]
U = [[ 0.13164706  0.12744175  0.26071371  0.38830928 -0.05040068]
 [-0.2637489  -0.14465543  0.08030992  0.16992284  0.13830833]
 [-0.0167725  -0.13355414 -0.27307761 -0.11706469  0.12720242]
 [ 0.27554961 -0.07832431  0.27818916 -0.12167719 -0.07913488]
 [-0.11845508  0.02933148 -0.27258042 -0.02371277 -0.02486585]]
