Epoch: 19Matrix Pair 0; W = [[ 3.49628236e-01 -4.13945469e-04  1.34681748e-02 -1.37973233e-01
  -1.14692557e-02]
 [-1.22051288e-01 -4.88691859e-01 -3.06000526e-02  2.81496409e-01
  -9.84515747e-02]
 [-1.25839681e-01 -1.03303802e-02 -1.55173325e-01  5.86894582e-02
  -5.95342310e-03]
 [ 1.36630532e-01  7.18950256e-02  6.06079764e-02 -1.19967249e-01
  -8.25715768e-02]
 [-2.21618410e-01 -4.70209924e-02 -3.41027065e-01 -1.98792641e-01
  -8.12651682e-02]]
U = [[ 0.18063088  0.19224166  0.3174462   0.28952586 -0.0786151 ]
 [-0.15452571 -0.20442848 -0.06383463  0.12796802  0.19278327]
 [ 0.14355924  0.02273629 -0.16453527 -0.11919899  0.13944601]
 [ 0.23436011 -0.0337193   0.24047903 -0.09891038 -0.14801322]
 [-0.07330519 -0.0473631  -0.20900865 -0.06341428  0.04053011]]
Matrix Pair 1; W = [[ 0.353128    0.0480644   0.08929457 -0.14409149 -0.00985657]
 [-0.18713982 -0.49295089 -0.00592875  0.33135559 -0.10551477]
 [-0.10142323 -0.05991546 -0.15704382  0.05210368 -0.016998  ]
 [ 0.11409949  0.03078027  0.05212186 -0.08424724 -0.05846097]
 [-0.20125604 -0.06013214 -0.32244249 -0.21808176 -0.03122428]]
U = [[ 0.22137828  0.234348    0.27075962  0.28075753  0.00479832]
 [-0.15112137 -0.15077077 -0.07338834  0.1912055   0.25037094]
 [ 0.20834698 -0.01834384 -0.18308973 -0.16445325  0.12760357]
 [ 0.18218879 -0.01753686  0.17333049 -0.05251613 -0.11647333]
 [-0.11867195 -0.03276947 -0.28103388 -0.02719903  0.02618808]]
Matrix Pair 2; W = [[ 0.40658904 -0.00382568  0.07028413 -0.13116836 -0.03477296]
 [-0.15985276 -0.4825031  -0.04359723  0.3133656  -0.11340797]
 [-0.06760952 -0.0254841  -0.2105448   0.09016996  0.0138663 ]
 [ 0.05696362  0.0394027   0.08249684 -0.04666974 -0.00315274]
 [-0.21239492 -0.05703023 -0.33084357 -0.24215168 -0.01569422]]
U = [[ 0.22467225  0.16061969  0.34350359  0.28644069 -0.07084026]
 [-0.24950549 -0.16416521 -0.06684147  0.14513691  0.18301904]
 [ 0.13574045 -0.03212561 -0.18331209 -0.11936712  0.09196252]
 [ 0.20609968 -0.06820446  0.20808769 -0.05212085 -0.10696992]
 [-0.08749696 -0.1065717  -0.25235555 -0.09403386 -0.04066224]]
Matrix Pair 3; W = [[ 0.35440467 -0.01860799  0.10968629 -0.16084147 -0.05724115]
 [-0.20542944 -0.44848797 -0.03805479  0.32920741 -0.17324988]
 [-0.11503983  0.00568571 -0.14615524  0.10632296 -0.05309009]
 [ 0.10339267  0.08255716  0.04351527 -0.0735652  -0.03344814]
 [-0.22407295 -0.10290619 -0.32994153 -0.22681317 -0.04061239]]
U = [[ 0.21655937  0.19437915  0.31423173  0.28818476 -0.07020993]
 [-0.1753307  -0.12419212 -0.0647999   0.20294358  0.17850742]
 [ 0.16330848  0.00207331 -0.20354327 -0.19310476  0.09180434]
 [ 0.16157459 -0.07923874  0.25015741 -0.05956293 -0.17015587]
 [-0.08837767 -0.05267787 -0.20417652 -0.01613257 -0.00502826]]
Matrix Pair 4; W = [[ 0.36422238  0.05366139  0.01555049 -0.12250369 -0.07194349]
 [-0.18724586 -0.47269844 -0.0036245   0.32465552 -0.13495623]
 [-0.13499552  0.01372755 -0.14827338  0.04980768 -0.06465743]
 [ 0.11624783  0.06952196  0.13710553 -0.1023161  -0.04623993]
 [-0.18155808 -0.11101627 -0.34993884 -0.22843401 -0.087748  ]]
U = [[ 0.19314215  0.21831246  0.268782    0.29469756  0.0062124 ]
 [-0.22595322 -0.12084345 -0.00812187  0.19309566  0.22016977]
 [ 0.16602602  0.00316989 -0.19133108 -0.18926585  0.1514625 ]
 [ 0.21682662 -0.01563974  0.19706299 -0.05097709 -0.11928487]
 [-0.12640114 -0.09992244 -0.25113538 -0.00526346 -0.01134729]]
Matrix Pair 5; W = [[ 0.37847446 -0.02042612  0.02426128 -0.11882122 -0.02049594]
 [-0.13032821 -0.4827216   0.00529178  0.26030487 -0.10434715]
 [-0.09646375 -0.01174124 -0.19518774  0.06830822 -0.01437371]
 [ 0.13209682  0.10350988  0.11274541 -0.1255989  -0.04040181]
 [-0.19128759 -0.11461444 -0.34001169 -0.23944691 -0.09222554]]
U = [[ 0.22009756  0.17047118  0.30758979  0.29393981 -0.02245675]
 [-0.24664833 -0.1612637   0.01891275  0.15809365  0.25957624]
 [ 0.1995364  -0.02031895 -0.17563757 -0.20462849  0.07424274]
 [ 0.22448086 -0.04729788  0.22385477 -0.12978101 -0.11497482]
 [-0.09317653 -0.10219575 -0.21921322 -0.03831086 -0.03937175]]
Matrix Pair 6; W = [[ 0.32029104 -0.00382761  0.07199995 -0.15844645 -0.01747592]
 [-0.16823306 -0.48155275 -0.06499941  0.30972863 -0.09968646]
 [-0.08775732 -0.01335546 -0.20509707  0.14049114 -0.02256902]
 [ 0.07073222  0.11051685  0.08535632 -0.08892452 -0.00719785]
 [-0.1794571  -0.11885279 -0.3237045  -0.18898404 -0.02354552]]
U = [[ 0.22195819  0.18792906  0.29534133  0.30785331 -0.07595366]
 [-0.16702234 -0.16033548 -0.0017276   0.20263026  0.26405896]
 [ 0.17682617 -0.00247811 -0.16688633 -0.12817612  0.12492296]
 [ 0.14546387 -0.07829083  0.23396141 -0.08870997 -0.16707509]
 [-0.05768432 -0.07444415 -0.21103582 -0.05380893  0.01931474]]
Matrix Pair 7; W = [[ 0.40796651 -0.03876386  0.05076408 -0.07241162 -0.09321928]
 [-0.1346184  -0.43616266 -0.0231448   0.24463406 -0.12349064]
 [-0.12474095 -0.08168589 -0.18851415  0.05278071 -0.00572789]
 [ 0.05635361  0.02668704  0.04426932 -0.04216719 -0.01365249]
 [-0.19131824 -0.12101357 -0.32594741 -0.23395104 -0.05639701]]
U = [[ 0.18943172  0.23286613  0.29898535  0.30833693 -0.07457682]
 [-0.15750431 -0.17261226  0.00177471  0.16155617  0.25784597]
 [ 0.20236205 -0.02131375 -0.22719638 -0.18036511  0.06908371]
 [ 0.16235725 -0.03140207  0.23841588 -0.11092731 -0.1270884 ]
 [-0.02889866 -0.11696623 -0.18952413 -0.01062976 -0.00533377]]
Matrix Pair 8; W = [[ 0.38759343  0.01397837  0.0322075  -0.09583874 -0.07622132]
 [-0.12926033 -0.44560702 -0.03345358  0.28945185 -0.16671152]
 [-0.14524374 -0.06272499 -0.15413207  0.09455226 -0.02815385]
 [ 0.05888613  0.09665981  0.07720989 -0.09685499 -0.08604486]
 [-0.21255449 -0.12467694 -0.33668569 -0.22208219 -0.0294737 ]]
U = [[ 0.17133937  0.20923938  0.30078261  0.28410228  0.00171855]
 [-0.24158893 -0.15413699 -0.07060041  0.13357506  0.21976705]
 [ 0.21072679 -0.0443264  -0.16325993 -0.13234503  0.12941489]
 [ 0.21228377 -0.03380421  0.15821275 -0.08050433 -0.11211977]
 [-0.05321945 -0.06259285 -0.25237967 -0.02972779  0.0009506 ]]
Matrix Pair 9; W = [[ 3.42679952e-01 -1.16785752e-02  8.91799573e-02 -1.09609809e-01
  -7.29564433e-02]
 [-2.01465326e-01 -4.59861795e-01  3.97284103e-04  2.51316364e-01
  -1.89924813e-01]
 [-1.50429313e-01 -4.96903906e-02 -2.03589104e-01  8.43335493e-02
  -4.87137450e-02]
 [ 5.50699659e-02  9.82453249e-02  1.37949467e-01 -9.45464958e-02
  -2.64471386e-02]
 [-1.37682849e-01 -1.16541645e-01 -3.47003108e-01 -2.58040496e-01
  -6.65936513e-02]]
U = [[ 0.24065258  0.22938638  0.34420347  0.25676128 -0.03803743]
 [-0.23594746 -0.11925331  0.00748644  0.13195094  0.17478151]
 [ 0.180831    0.01483653 -0.16051369 -0.18970479  0.11752357]
 [ 0.17773811 -0.07743179  0.25234866 -0.07687879 -0.19102443]
 [-0.08885793 -0.12042314 -0.2744288  -0.04359032  0.01214748]]
Matrix Pair 10; W = [[ 0.37591281 -0.0246386   0.05457965 -0.11653355 -0.03518065]
 [-0.20669458 -0.42899501 -0.05440684  0.23949912 -0.1023079 ]
 [-0.12115977  0.01383627 -0.13244834  0.14329263 -0.06958925]
 [ 0.07851895  0.037031    0.10622596 -0.03342473 -0.06014502]
 [-0.16507384 -0.08849542 -0.28432731 -0.22837609  0.00344866]]
U = [[ 0.14841654  0.15897601  0.34193186  0.3093187  -0.03704779]
 [-0.1921178  -0.160602    0.02246957  0.1787277   0.19584817]
 [ 0.21695899 -0.01835854 -0.15045691 -0.12584703  0.06078966]
 [ 0.17291995 -0.09754559  0.22748005 -0.09541826 -0.10375075]
 [-0.05390213 -0.04085907 -0.2308103  -0.09449828 -0.05300141]]
Matrix Pair 11; W = [[ 0.33197725  0.03873628  0.08205923 -0.15915533 -0.05166294]
 [-0.19268234 -0.47180326 -0.05444275  0.23895263 -0.15456347]
 [-0.11870294 -0.04690569 -0.20577205  0.13472868  0.00366841]
 [ 0.08594586  0.07427306  0.11438571 -0.09861015 -0.09225657]
 [-0.17732862 -0.11650606 -0.34123679 -0.23987809 -0.06047676]]
U = [[ 0.23192419  0.23936355  0.32587819  0.26652278 -0.04177734]
 [-0.19712793 -0.1913591  -0.0177265   0.17973994  0.24590583]
 [ 0.17819614 -0.02909055 -0.1310968  -0.17213814  0.09744496]
 [ 0.19458837 -0.0690159   0.22531822 -0.06554677 -0.16275466]
 [-0.05170515 -0.06328175 -0.26229968 -0.04048266  0.00868266]]
Matrix Pair 12; W = [[ 0.40862518  0.04205317  0.04105153 -0.08835377 -0.04733604]
 [-0.18993638 -0.40915999 -0.02994383  0.27586614 -0.18842866]
 [-0.08647927 -0.02726976 -0.16286749  0.13892386 -0.0482149 ]
 [ 0.06201388  0.020688    0.09717386 -0.0614976  -0.04011613]
 [-0.18053438 -0.12395572 -0.34182701 -0.2473536  -0.084359  ]]
U = [[ 0.18768706  0.20824189  0.29953604  0.29351767 -0.05210308]
 [-0.17381522 -0.20163967 -0.04003596  0.17923573  0.24743832]
 [ 0.1911661   0.04190685 -0.17342469 -0.18312168  0.11656472]
 [ 0.23834637 -0.0094163   0.23107218 -0.12110025 -0.12260381]
 [-0.10350304 -0.09138168 -0.18876936 -0.00825503  0.01605484]]
Matrix Pair 13; W = [[ 0.4056477   0.01929105  0.0176354  -0.06647079 -0.10154471]
 [-0.15533231 -0.45805159 -0.08120099  0.27748657 -0.0931939 ]
 [-0.10702886 -0.07766982 -0.1637756   0.06638537  0.0103654 ]
 [ 0.05737095  0.06281482  0.10180593 -0.11504503 -0.03412643]
 [-0.12943575 -0.04926237 -0.32616767 -0.19062868 -0.06403899]]
U = [[ 0.19861022  0.16311459  0.30559041  0.24374847  0.00109384]
 [-0.22913597 -0.16623554 -0.00586725  0.11260224  0.25758072]
 [ 0.15301575  0.02136585 -0.1539392  -0.13515136  0.12847402]
 [ 0.15617666 -0.10554297  0.20561871 -0.14651363 -0.15905573]
 [-0.07733252 -0.0746354  -0.25633651 -0.01318905 -0.04542694]]
Matrix Pair 14; W = [[ 0.36135434  0.04412096  0.05056644 -0.10502676 -0.01708479]
 [-0.17007396 -0.4480119  -0.02393152  0.29451083 -0.1373799 ]
 [-0.14324027 -0.01965229 -0.18785146  0.0731204   0.01764636]
 [ 0.07864953  0.02794675  0.07799412 -0.03798235 -0.0725529 ]
 [-0.16598103 -0.08308116 -0.25884136 -0.2048944  -0.06662576]]
U = [[ 0.19303741  0.16710998  0.35328138  0.27470812 -0.00631966]
 [-0.18016547 -0.16500621  0.00087908  0.11714141  0.22444928]
 [ 0.16251761 -0.04672961 -0.18889372 -0.13260916  0.12695421]
 [ 0.21940255 -0.05884596  0.22311875 -0.08572954 -0.13160384]
 [-0.05893304 -0.09598346 -0.21337994 -0.05903145 -0.00837352]]
Matrix Pair 15; W = [[ 0.37331134  0.05941929  0.02279031 -0.15591495 -0.10241017]
 [-0.1843829  -0.48035866 -0.01219062  0.29811148 -0.13586604]
 [-0.07019627 -0.00928358 -0.22365083  0.12195109  0.02908819]
 [ 0.06699277  0.01958809  0.06453873 -0.0914702  -0.08239796]
 [-0.15596333 -0.12889357 -0.26459326 -0.17171663 -0.03738274]]
U = [[ 0.21086337  0.19588167  0.29433507  0.29144323 -0.08293878]
 [-0.16479293 -0.13871831  0.00254908  0.14285131  0.2222408 ]
 [ 0.15982021  0.00224994 -0.13398405 -0.21161573  0.09238725]
 [ 0.21834473 -0.08187979  0.20679183 -0.07367313 -0.10400732]
 [-0.12756153 -0.11838211 -0.23861804 -0.05028133 -0.02945139]]
Matrix Pair 16; W = [[ 0.28221321  0.00081651  0.12607378 -0.09745446 -0.02804352]
 [-0.22394671 -0.41433445 -0.10073183  0.28117404 -0.132821  ]
 [-0.05363779  0.00281589 -0.13436523  0.15099334 -0.08196748]
 [ 0.14270203  0.04968702  0.11761835 -0.05340107 -0.03961295]
 [-0.19530653  0.02942097 -0.28362902 -0.23145147 -0.05750118]]
U = [[ 0.25318362  0.16404876  0.31443809  0.33414676  0.00576769]
 [-0.24715145 -0.14686869 -0.01543036  0.15054702  0.28750043]
 [ 0.12979935 -0.0025167  -0.24161149 -0.13046093  0.1591543 ]
 [ 0.17657255  0.0064816   0.29277481 -0.18099973 -0.09307715]
 [-0.07916072 -0.09308073 -0.26438424 -0.07739215  0.01870423]]
Matrix Pair 17; W = [[ 0.24564422  0.0277064   0.15085517 -0.08471014 -0.02526702]
 [-0.23554733 -0.43136822 -0.04806584  0.25996204 -0.07984494]
 [-0.05350181 -0.03328706 -0.16323803  0.08626259 -0.1041299 ]
 [ 0.14618204  0.1177457   0.08253585 -0.0359535  -0.07446407]
 [-0.20498172 -0.03161147 -0.3346796  -0.13500098  0.01489092]]
U = [[ 0.2342299   0.20591854  0.23241498  0.24732459 -0.04998085]
 [-0.20805576 -0.11650938  0.02690563  0.14317271  0.26539434]
 [ 0.12017677 -0.02599277 -0.26495869 -0.10385796  0.19183518]
 [ 0.22090364 -0.00799518  0.25689691 -0.16381898 -0.05986085]
 [-0.10873031 -0.13104722 -0.23750041 -0.08944933 -0.01888509]]
Matrix Pair 18; W = [[ 0.24548505  0.06393745  0.10673065 -0.13655949 -0.05638899]
 [-0.24441726 -0.35780193 -0.12840365  0.32790068 -0.12204225]
 [-0.04886426 -0.02652057 -0.1248752   0.11828056 -0.08495944]
 [ 0.1580434   0.08158281  0.09577156 -0.07877972 -0.09624409]
 [-0.21644983  0.00729757 -0.27569416 -0.14947237 -0.02148444]]
U = [[ 0.25472203  0.24916358  0.26142258  0.269758    0.01167706]
 [-0.20442561 -0.17286454 -0.01545725  0.13350643  0.24800764]
 [ 0.17140398  0.01909814 -0.23172931 -0.1492644   0.15645202]
 [ 0.1440686  -0.03547737  0.25808422 -0.21278335 -0.10259562]
 [-0.11368301 -0.06220169 -0.22301161 -0.05593539 -0.02327713]]
Matrix Pair 19; W = [[ 0.23127158  0.04570882  0.11880307 -0.15805917 -0.07097433]
 [-0.21212481 -0.39761925 -0.08874894  0.26549758 -0.0771944 ]
 [-0.07814744  0.03654055 -0.15357274  0.14448426 -0.10899181]
 [ 0.10275566  0.14429143  0.05000959 -0.09936472 -0.06078395]
 [-0.17692659 -0.05786351 -0.25082486 -0.21672991  0.02614508]]
U = [[ 0.22470023  0.20220416  0.24423363  0.25370365  0.0075216 ]
 [-0.27371811 -0.16185287 -0.02188479  0.18272383  0.27202962]
 [ 0.17768939  0.01550893 -0.20413549 -0.13304785  0.14764241]
 [ 0.22727568 -0.00483622  0.2173103  -0.2059762  -0.1040021 ]
 [-0.13293985 -0.09245941 -0.27222    -0.05677131  0.02216072]]
Matrix Pair 20; W = [[ 0.22221224 -0.0296571   0.10112131 -0.08859606 -0.01135141]
 [-0.20827575 -0.4104657  -0.06486505  0.2892041  -0.11965762]
 [-0.00744931 -0.00453345 -0.10944329  0.09126856 -0.1104898 ]
 [ 0.12119432  0.10298586  0.10995029 -0.09230693 -0.11635706]
 [-0.17357181 -0.01013245 -0.33249374 -0.16855447 -0.01917749]]
U = [[ 0.24468807  0.25062949  0.2588217   0.27550905 -0.05301228]
 [-0.23458603 -0.1721778  -0.023326    0.11413192  0.33626196]
 [ 0.16644237 -0.01225403 -0.2013241  -0.1221833   0.17700186]
 [ 0.1680292   0.00055344  0.19852932 -0.20058618 -0.06222472]
 [-0.16794393 -0.09615766 -0.19005623 -0.09094736  0.01210876]]
Matrix Pair 21; W = [[ 0.2289605   0.05065208  0.16939716 -0.10245726 -0.07487156]
 [-0.17295729 -0.36236707 -0.136987    0.31650687 -0.08395076]
 [-0.04260666 -0.05101064 -0.10822308  0.1286982  -0.08309935]
 [ 0.16010948  0.06694651  0.09084905 -0.08676587 -0.03565128]
 [-0.22238489 -0.0326579  -0.28574144 -0.14678532 -0.01957682]]
U = [[ 0.18680925  0.19723046  0.31368776  0.30333063  0.00548239]
 [-0.2494453  -0.13177304  0.02582035  0.16356062  0.33179532]
 [ 0.10290483  0.04281065 -0.23531906 -0.13376699  0.1871792 ]
 [ 0.20292435 -0.03180296  0.2848497  -0.13228007 -0.09942462]
 [-0.13042034 -0.06894664 -0.27644924 -0.10784579 -0.02797313]]
Matrix Pair 22; W = [[ 0.3013946   0.06020545  0.15895421 -0.12122241 -0.08452311]
 [-0.24033861 -0.35532414 -0.10440154  0.30370327 -0.11607488]
 [-0.07036474  0.02166653 -0.13385247  0.09325786 -0.06304572]
 [ 0.17960091  0.1272256   0.09908996 -0.00789046 -0.07345853]
 [-0.13355225 -0.00713525 -0.30938663 -0.21450005  0.01359921]]
U = [[ 0.18909344  0.20998169  0.31582933  0.28157202 -0.00074168]
 [-0.17948184 -0.15562101 -0.015075    0.20582405  0.29717434]
 [ 0.1650364   0.025726   -0.25548481 -0.1785217   0.20486632]
 [ 0.23249923  0.00360428  0.21907215 -0.12969344 -0.10378086]
 [-0.14203649 -0.08800347 -0.23156765 -0.05615846  0.00266315]]
Matrix Pair 23; W = [[ 0.26474748  0.00215243  0.16394734 -0.12874962 -0.03431001]
 [-0.23896056 -0.41778033 -0.05328282  0.25474486 -0.10117704]
 [-0.00283104 -0.02541043 -0.14777206  0.14675164 -0.07651678]
 [ 0.16008313  0.07399802  0.09572841 -0.04302411 -0.09148529]
 [-0.12656244  0.0351844  -0.25055426 -0.2327378  -0.05217503]]
U = [[ 0.2036673   0.23333412  0.24058877  0.32708304 -0.07361026]
 [-0.18136484 -0.14529994  0.00663765  0.15357566  0.30141506]
 [ 0.16344441  0.04867591 -0.20560776 -0.15739155  0.15062095]
 [ 0.14349929 -0.04774355  0.27033643 -0.16995461 -0.09752519]
 [-0.11365445 -0.11796122 -0.22122038 -0.05819363  0.00778312]]
Matrix Pair 24; W = [[ 0.24737695  0.02092198  0.12309113 -0.09264316 -0.01018045]
 [-0.21665478 -0.3561437  -0.12428919  0.26246512 -0.12329991]
 [-0.00749286 -0.00514459 -0.14059054  0.12359865 -0.13546168]
 [ 0.08748482  0.13834349  0.03346034 -0.09314492 -0.10599043]
 [-0.16654896 -0.00782828 -0.34299404 -0.16832731 -0.03933144]]
U = [[ 0.19117353  0.22718701  0.2393209   0.31049993 -0.04248398]
 [-0.18565757 -0.10186283 -0.0613032   0.1354484   0.2536755 ]
 [ 0.10752679  0.01818465 -0.23819497 -0.11741593  0.14023084]
 [ 0.19177676  0.01921471  0.24986958 -0.1565175  -0.09099965]
 [-0.09636317 -0.08641081 -0.26825823 -0.12571616 -0.03229565]]
Matrix Pair 25; W = [[ 0.22739522 -0.01148285  0.11401675 -0.12622232 -0.0771388 ]
 [-0.18573901 -0.39076245 -0.14485517  0.28484143 -0.12867471]
 [-0.02886551 -0.00174758 -0.18541995  0.17216063 -0.06764052]
 [ 0.12380896  0.08357941  0.13132543 -0.03478492 -0.11658394]
 [-0.16852617 -0.03900648 -0.32853338 -0.18672024  0.00363075]]
U = [[ 0.16236033  0.17732742  0.28303643  0.32416705 -0.01115047]
 [-0.2592877  -0.08566796  0.01543798  0.16732448  0.29992787]
 [ 0.1004135   0.05631827 -0.21440072 -0.17096526  0.16674286]
 [ 0.16520458  0.00761514  0.20019152 -0.18984529 -0.07564492]
 [-0.12526648 -0.10993695 -0.259869   -0.09176315  0.0116986 ]]
Matrix Pair 26; W = [[ 0.26363761  0.05707337  0.13601641 -0.1517119  -0.09210267]
 [-0.17453022 -0.39920291 -0.13229263  0.28596781 -0.0876704 ]
 [-0.03379779 -0.03714496 -0.17912557  0.09490885 -0.12511158]
 [ 0.12940004  0.05020073  0.12098763 -0.02327324 -0.07475518]
 [-0.15905783 -0.01919742 -0.30801157 -0.20275131  0.0169898 ]]
U = [[ 0.23592927  0.24554846  0.24057691  0.28730335 -0.08365001]
 [-0.19542891 -0.10486594  0.00259041  0.15634101  0.28587193]
 [ 0.1532012   0.04312907 -0.18933636 -0.10510783  0.17268558]
 [ 0.1773089  -0.01901951  0.26318353 -0.13769479 -0.15248983]
 [-0.13981442 -0.11706757 -0.2054702  -0.05701201 -0.05655122]]
Matrix Pair 27; W = [[ 0.30887116  0.03099434  0.10523979 -0.10901538 -0.03310026]
 [-0.22691953 -0.38150841 -0.06121915  0.2652786  -0.1265983 ]
 [-0.06943848  0.01383946 -0.17181862  0.13504223 -0.11299303]
 [ 0.1548107   0.13098154  0.13172393 -0.01992461 -0.04031778]
 [-0.20930508  0.02707011 -0.25244275 -0.15478361 -0.01092373]]
U = [[ 0.23031715  0.2449385   0.31002182  0.26718064 -0.05750736]
 [-0.24717447 -0.13499964  0.00620543  0.13739729  0.32241223]
 [ 0.1938303   0.01916209 -0.20764826 -0.13123397  0.19912889]
 [ 0.2388021  -0.00421113  0.22499235 -0.14748592 -0.09621037]
 [-0.11452081 -0.0956495  -0.20210415 -0.13637879  0.01941142]]
Matrix Pair 28; W = [[ 2.63405533e-01 -2.81268275e-02  1.57554677e-01 -1.14956624e-01
  -1.44403039e-02]
 [-1.91758373e-01 -3.61082733e-01 -5.18174450e-02  2.54354823e-01
  -1.21044535e-01]
 [-1.98618102e-02 -1.93639343e-04 -1.49100870e-01  1.60229145e-01
  -7.12864621e-02]
 [ 1.06507082e-01  1.15748318e-01  1.24096162e-01 -6.86814317e-02
  -4.50464999e-02]
 [-2.04841336e-01 -8.31030789e-03 -2.83970485e-01 -2.24409968e-01
  -4.12233116e-02]]
U = [[ 0.24061343  0.24312115  0.28712533  0.27945987 -0.07150607]
 [-0.24557925 -0.14570558 -0.0550421   0.19772958  0.29729749]
 [ 0.10789527  0.04925828 -0.23954667 -0.16788195  0.15193758]
 [ 0.15203195 -0.02878659  0.27741888 -0.20956457 -0.14221467]
 [-0.08534286 -0.11433722 -0.2861632  -0.08742127 -0.01199909]]
Matrix Pair 29; W = [[ 0.21806736 -0.00467833  0.10366641 -0.12129798 -0.10495106]
 [-0.17064593 -0.41557027 -0.1424777   0.26046143 -0.13141146]
 [-0.01339027 -0.0351967  -0.11072039  0.12473793 -0.14509692]
 [ 0.17161014  0.10956615  0.10392395 -0.01041889 -0.06700349]
 [-0.18591574 -0.0388149  -0.2724199  -0.1990411  -0.04271187]]
U = [[ 0.18101984  0.19910362  0.29974132  0.26809356 -0.0716651 ]
 [-0.23502434 -0.16880289 -0.04685394  0.11721031  0.27486575]
 [ 0.1682644   0.00522267 -0.19875302 -0.10755156  0.12978405]
 [ 0.23008403 -0.02893608  0.27206885 -0.20547528 -0.08930864]
 [-0.07507692 -0.14644167 -0.24351148 -0.10078987  0.02187145]]
Matrix Pair 30; W = [[ 0.26791773  0.05064358  0.17022848 -0.08161564 -0.01705124]
 [-0.23757839 -0.42651087 -0.1117957   0.29449323 -0.13228357]
 [-0.01570319 -0.03350576 -0.11856582  0.11523546 -0.09670136]
 [ 0.1635375   0.06644775  0.10986211 -0.05902114 -0.03499397]
 [-0.13047968 -0.01227643 -0.31474731 -0.19123186  0.03220242]]
U = [[ 0.23572982  0.20397696  0.24914331  0.27502047 -0.08011536]
 [-0.25421195 -0.11784214  0.01619626  0.19838855  0.27657734]
 [ 0.10504094  0.05982171 -0.24113259 -0.08388175  0.1798606 ]
 [ 0.1608274   0.04468632  0.24719651 -0.14614035 -0.11718266]
 [-0.12541746 -0.10781155 -0.21874938 -0.09047007  0.02710309]]
Matrix Pair 31; W = [[ 0.23847651  0.04025193  0.12511752 -0.12264969 -0.04132152]
 [-0.15096902 -0.40578272 -0.09261134  0.33230666 -0.125824  ]
 [-0.08014648  0.03133743 -0.15849484  0.15815247 -0.10632935]
 [ 0.12574369  0.0642271   0.12467498 -0.03167238 -0.09824148]
 [-0.15960433  0.00050038 -0.29942077 -0.14107006 -0.03577493]]
U = [[ 0.19302842  0.23527484  0.30115306  0.33030137 -0.01745798]
 [-0.23780318 -0.11523897 -0.02315873  0.18066926  0.31960581]
 [ 0.10315417  0.04235679 -0.22188812 -0.10758383  0.13982765]
 [ 0.1780754   0.00791785  0.27358519 -0.18112436 -0.07635249]
 [-0.16050762 -0.08469775 -0.27744831 -0.12477221 -0.05060671]]
Matrix Pair 32; W = [[ 0.34108957  0.01487896  0.03926635 -0.07756064 -0.10501876]
 [-0.11539341 -0.4501555  -0.06690901  0.27335336 -0.10471169]
 [-0.12859744 -0.03599571 -0.1354125   0.07296968 -0.08548881]
 [ 0.09105651  0.0143382   0.06864359 -0.06972843 -0.08331795]
 [-0.12807648 -0.00571524 -0.27618566 -0.14361321  0.03881019]]
U = [[ 0.12045665  0.16330577  0.29321067  0.33949384 -0.03725946]
 [-0.17753328 -0.10955097 -0.01834305  0.16282005  0.26899772]
 [ 0.13967795 -0.00827129 -0.15792954 -0.16054911  0.18906096]
 [ 0.18159831 -0.0614067   0.28887855 -0.05827212 -0.15029251]
 [-0.05294735 -0.12215661 -0.3142538  -0.05077014 -0.07143808]]
Matrix Pair 33; W = [[ 0.31175019 -0.03058517  0.12227033 -0.10773037 -0.03414008]
 [-0.14107576 -0.45745482 -0.04666728  0.20334998 -0.16585389]
 [-0.14969179  0.0103783  -0.13475528  0.10757299 -0.0936567 ]
 [ 0.10268707  0.00296865  0.10236255 -0.07653019 -0.08565384]
 [-0.09315732 -0.0872566  -0.27120568 -0.11807656 -0.04826952]]
U = [[ 0.12242545  0.12712633  0.29602305  0.34004759 -0.08999473]
 [-0.15704401 -0.12966363  0.03863234  0.21416799  0.35143786]
 [ 0.14208536  0.03766253 -0.13840291 -0.16345383  0.15670154]
 [ 0.11861242 -0.0800201   0.28803507 -0.13922008 -0.17210896]
 [-0.12468447 -0.10609352 -0.25506185 -0.14429679 -0.0889951 ]]
Matrix Pair 34; W = [[ 0.34343541 -0.02344952  0.07419902 -0.10655656 -0.06403067]
 [-0.14324646 -0.39772258 -0.05317336  0.24273157 -0.07344741]
 [-0.06343389 -0.01794599 -0.13856981  0.10035405 -0.06877862]
 [ 0.167417    0.06935297  0.08609002 -0.04992339 -0.08209775]
 [-0.16675091 -0.05699122 -0.28951397 -0.19137471  0.04628079]]
U = [[ 0.14099959  0.19174576  0.23943337  0.36263988 -0.07107703]
 [-0.22694663 -0.11624707  0.05580612  0.19013256  0.32287119]
 [ 0.1677292  -0.03661367 -0.20431409 -0.24238207  0.18999391]
 [ 0.15456246 -0.08418286  0.25497544 -0.12888614 -0.14861016]
 [-0.11984067 -0.12090531 -0.21649156 -0.09507435 -0.04576075]]
Matrix Pair 35; W = [[ 0.31586717 -0.03381349  0.11647045 -0.11477816 -0.10273525]
 [-0.12970269 -0.38545404 -0.02948593  0.27132625 -0.15223089]
 [-0.15473599  0.01438355 -0.16505844  0.12364833 -0.07196941]
 [ 0.07570535  0.04894573  0.10699832 -0.05264492 -0.05505844]
 [-0.15434327 -0.0430555  -0.28302139 -0.12841046  0.03730237]]
U = [[ 0.19363861  0.11573337  0.32386373  0.30838106 -0.03775468]
 [-0.24158201 -0.16142718  0.05642178  0.2000473   0.29059842]
 [ 0.14639717 -0.0228062  -0.11379985 -0.16330581  0.17991541]
 [ 0.13385494 -0.01170585  0.28508533 -0.12906986 -0.14575349]
 [-0.06388871 -0.07891145 -0.22490711 -0.09105356 -0.10290239]]
Matrix Pair 36; W = [[ 0.34580985  0.03542049  0.12113149 -0.08818324 -0.05205037]
 [-0.19222633 -0.37246365 -0.04201179  0.195119   -0.12357156]
 [-0.14021931 -0.00510311 -0.17199757  0.08306368 -0.12074919]
 [ 0.07334955 -0.0006802   0.09567844 -0.0320281  -0.06152827]
 [-0.13294066 -0.09137424 -0.31388588 -0.16870113 -0.02666203]]
U = [[ 0.12283663  0.19214878  0.24266243  0.31713821 -0.03991281]
 [-0.23271064 -0.12885564  0.04208998  0.17343002  0.31219994]
 [ 0.19025036  0.03769564 -0.17908978 -0.23440713  0.13616844]
 [ 0.13797008 -0.06159395  0.27746969 -0.08359773 -0.11118882]
 [-0.03670825 -0.11015306 -0.24798046 -0.04665464 -0.03144115]]
Matrix Pair 37; W = [[ 0.37392545 -0.00045827  0.09847944 -0.12540389 -0.10785414]
 [-0.10817472 -0.41533266 -0.10148716  0.22485237 -0.13619793]
 [-0.11583452 -0.05129491 -0.14734621  0.06413476 -0.11025277]
 [ 0.09333014  0.00503541  0.13396163 -0.08752045 -0.07033749]
 [-0.105082   -0.02575322 -0.24581627 -0.15512676  0.01646889]]
U = [[ 0.10544824  0.2079502   0.23351512  0.37077533 -0.04564693]
 [-0.19747409 -0.16859703 -0.01248101  0.22389474  0.36101208]
 [ 0.12171952  0.02995834 -0.12241635 -0.22903916  0.11082197]
 [ 0.11633944 -0.01910075  0.29419291 -0.11826003 -0.09290767]
 [-0.11904046 -0.11454523 -0.2875783  -0.10067869 -0.04222574]]
Matrix Pair 38; W = [[ 0.3374894  -0.02756401  0.03872828 -0.06723332 -0.09255867]
 [-0.12425693 -0.42292929 -0.11873211  0.2070343  -0.11762983]
 [-0.06481331 -0.0483158  -0.11648109  0.12435488 -0.11000382]
 [ 0.12884611  0.04699649  0.10727095 -0.08325709 -0.08772653]
 [-0.07937587 -0.03417978 -0.239888   -0.11887342  0.00357583]]
U = [[ 0.12540746  0.13810344  0.31259212  0.29836337 -0.09928442]
 [-0.25056804 -0.11540397  0.05554732  0.20637941  0.27731406]
 [ 0.19320963 -0.02396651 -0.19159688 -0.18497105  0.15591542]
 [ 0.1563798  -0.07327315  0.25256026 -0.05284946 -0.14433575]
 [-0.07580425 -0.0655965  -0.3032973  -0.12100904 -0.02961944]]
Matrix Pair 39; W = [[ 0.29394585 -0.02522738  0.09586769 -0.08587899 -0.07979844]
 [-0.17591116 -0.40959097 -0.03215141  0.24502455 -0.11171532]
 [-0.09518446 -0.05639293 -0.10910788  0.13191502 -0.0262471 ]
 [ 0.11385884 -0.00193712  0.06917635 -0.06601257 -0.03223577]
 [-0.07789543 -0.03747517 -0.25275619 -0.18460616  0.04020102]]
U = [[ 0.09757658  0.16700274  0.25242263  0.28949007 -0.09392364]
 [-0.24646509 -0.18029509 -0.0231352   0.2131561   0.29397558]
 [ 0.1827688   0.02236575 -0.11832896 -0.15658463  0.12238413]
 [ 0.18510991 -0.08164019  0.26830186 -0.07079449 -0.15730134]
 [-0.0811638  -0.09466938 -0.31374141 -0.08918296 -0.03459481]]
Matrix Pair 40; W = [[ 0.34926488 -0.02727056  0.09166949 -0.07800923 -0.07617781]
 [-0.13373486 -0.37876196 -0.03308632  0.22482358 -0.10528765]
 [-0.14575617  0.01653947 -0.13812765  0.08535087 -0.08615752]
 [ 0.07657218  0.01913067  0.10110453 -0.02880844 -0.04759054]
 [-0.10263863 -0.07586361 -0.29213244 -0.18403936 -0.01734215]]
U = [[ 0.17405862  0.15616721  0.29666425  0.32863348 -0.0589746 ]
 [-0.21883921 -0.17518004  0.00712187  0.14888147  0.3643161 ]
 [ 0.15262938 -0.0438875  -0.20079127 -0.23437     0.17418695]
 [ 0.15155241 -0.08111748  0.31468375 -0.08530049 -0.17146956]
 [-0.08633921 -0.07618242 -0.31039491 -0.09030011 -0.09401303]]
Matrix Pair 41; W = [[ 0.31489184  0.04042374  0.12682184 -0.08911794 -0.01714139]
 [-0.10892624 -0.41188426 -0.08318942  0.22870139 -0.14815309]
 [-0.14253491 -0.05950736 -0.09839531  0.05568518 -0.12252521]
 [ 0.1578289   0.0437336   0.05264987 -0.01197137 -0.05979276]
 [-0.1634954   0.00805676 -0.29008486 -0.21418228 -0.02525966]]
U = [[ 0.13779592  0.1239276   0.2553991   0.316827   -0.08581264]
 [-0.15930763 -0.11808243  0.02274062  0.22350434  0.30287529]
 [ 0.13731746 -0.05328444 -0.15955107 -0.22701935  0.10652785]
 [ 0.12997821 -0.03324909  0.2852217  -0.10283029 -0.11621336]
 [-0.11794205 -0.12850116 -0.27973328 -0.09818053 -0.06586515]]
Matrix Pair 42; W = [[ 3.13122217e-01  3.32582888e-02  8.40518450e-02 -7.00882081e-02
  -2.47736753e-02]
 [-1.13956313e-01 -4.54544447e-01 -2.44178988e-02  1.98065698e-01
  -1.25097663e-01]
 [-1.31712608e-01 -3.56098850e-02 -1.44277317e-01  1.10816190e-01
  -5.99550059e-02]
 [ 1.16191070e-01 -5.15572307e-04  9.68639364e-02 -7.15597209e-03
  -8.89830023e-02]
 [-1.61542093e-01 -2.38833864e-02 -2.85854420e-01 -1.24577214e-01
   7.03858075e-05]]
U = [[ 0.18281727  0.15041424  0.24085634  0.3544386  -0.00673512]
 [-0.17659427 -0.14553862  0.04485764  0.19549969  0.3039092 ]
 [ 0.16010084  0.00507611 -0.13741574 -0.20360306  0.13809079]
 [ 0.15595696 -0.08359091  0.27885415 -0.12279532 -0.13162181]
 [-0.08124818 -0.12203781 -0.28202604 -0.07814985 -0.10474828]]
Matrix Pair 43; W = [[ 0.32652861 -0.01039701  0.08613667 -0.09383622 -0.10486785]
 [-0.19596161 -0.41611221 -0.09388884  0.18389773 -0.17164336]
 [-0.09386438 -0.04319128 -0.12959612  0.08339891 -0.08527568]
 [ 0.15303968  0.06368714  0.05340225 -0.02182307 -0.07134976]
 [-0.09815988 -0.01303177 -0.31576889 -0.20023159  0.0203133 ]]
U = [[ 0.12591354  0.18010042  0.26334157  0.36132083 -0.0726081 ]
 [-0.19402352 -0.18687211  0.05443704  0.19414234  0.35100979]
 [ 0.11534247 -0.04788978 -0.20652979 -0.17096424  0.15920309]
 [ 0.14174827 -0.04927431  0.29543949 -0.06689993 -0.16684407]
 [-0.09799261 -0.08030533 -0.2318698  -0.13284789 -0.02140345]]
Matrix Pair 44; W = [[ 0.34120402  0.01058343  0.09533009 -0.1099617  -0.02025368]
 [-0.18296591 -0.40047718 -0.12257742  0.21355949 -0.08329556]
 [-0.07839072  0.00810082 -0.11647477  0.04044113 -0.04144478]
 [ 0.07484548  0.09279736  0.05171559 -0.04589437 -0.08412654]
 [-0.16796755 -0.03029249 -0.29873855 -0.141091   -0.01906306]]
U = [[ 0.13530152  0.18309542  0.2612961   0.36344016 -0.06799002]
 [-0.1639831  -0.17305965  0.02398439  0.22481422  0.35677442]
 [ 0.12881179  0.00475922 -0.14714203 -0.16851123  0.17148626]
 [ 0.13108098 -0.03855824  0.24856691 -0.06088044 -0.11427772]
 [-0.11420635 -0.08926879 -0.29357493 -0.08157615 -0.01212311]]
Matrix Pair 45; W = [[ 0.36989568  0.00586222  0.06547684 -0.1351516  -0.02837904]
 [-0.16281207 -0.36057971 -0.0927669   0.22377966 -0.07412356]
 [-0.08454449 -0.01903566 -0.1316237   0.11103143 -0.06343239]
 [ 0.14800182  0.01017112  0.08984353 -0.01594962 -0.03045698]
 [-0.10965404 -0.08700634 -0.274179   -0.15633027  0.01868801]]
U = [[ 0.15581985  0.17152841  0.32455992  0.3512569  -0.01601184]
 [-0.23339786 -0.1970513   0.00096795  0.23184806  0.29266545]
 [ 0.1534252  -0.01373895 -0.19424397 -0.16854246  0.14914978]
 [ 0.11711062 -0.08976752  0.25593419 -0.05892709 -0.10468789]
 [-0.03868929 -0.09046289 -0.29558434 -0.08387501 -0.05334551]]
Matrix Pair 46; W = [[ 0.28333547  0.03509646  0.09463873 -0.10921358 -0.05921234]
 [-0.14579659 -0.3907752  -0.07821658  0.2477147  -0.09056853]
 [-0.0711718   0.00724538 -0.09442667  0.10222904 -0.02567222]
 [ 0.12594647  0.09365835  0.12766543 -0.06134551 -0.08177079]
 [-0.13644102 -0.04649354 -0.29981363 -0.13993006 -0.03784177]]
U = [[ 0.10676587  0.16243791  0.32239731  0.28840984 -0.06420782]
 [-0.16659226 -0.19894165  0.01482313  0.16023182  0.35596859]
 [ 0.10572399  0.00622798 -0.11291489 -0.20052979  0.16590598]
 [ 0.15736284 -0.06156517  0.30757986 -0.0901884  -0.14113154]
 [-0.08690013 -0.14705192 -0.23026039 -0.12392074 -0.04727957]]
Matrix Pair 47; W = [[ 0.29511183 -0.00529517  0.08717671 -0.06534604 -0.10939807]
 [-0.15258071 -0.39341284 -0.0701205   0.27600495 -0.17154213]
 [-0.06534667 -0.05966706 -0.16022826  0.13187787 -0.11535286]
 [ 0.14272703  0.06855215  0.0475262  -0.03047095 -0.05491059]
 [-0.14748237 -0.04969328 -0.2969997  -0.12529865  0.01908835]]
U = [[ 0.14107454  0.15322706  0.29354196  0.34557972 -0.01450627]
 [-0.23651874 -0.19370205  0.03017055  0.16150254  0.31279406]
 [ 0.19197637 -0.01398306 -0.15285373 -0.23767054  0.18384197]
 [ 0.11321424 -0.02860024  0.27429435 -0.10305185 -0.13748645]
 [-0.09184015 -0.16244218 -0.22314116 -0.07087445 -0.03625706]]
Matrix Pair 48; W = [[ 2.60897873e-01 -1.00686210e-02  5.24070762e-02 -6.47117370e-02
  -1.97251512e-02]
 [-1.74016139e-01 -3.41462043e-01 -1.33079575e-01  2.68632944e-01
  -1.15767076e-01]
 [-1.21376155e-01  4.55373904e-02 -2.17911010e-01  9.11885781e-02
  -8.49230403e-02]
 [ 8.03232029e-02  1.73501503e-01  3.39062029e-02 -1.08612935e-04
  -3.68437569e-02]
 [-1.79522129e-01 -5.58099336e-02 -2.61052150e-01 -1.63144609e-01
  -3.71123280e-02]]
U = [[ 0.17817373  0.16116156  0.28942164  0.27646928 -0.05724877]
 [-0.24815664 -0.1828082   0.04331058  0.15172713  0.2580195 ]
 [ 0.22503994  0.07163651 -0.25840931 -0.11939669  0.196901  ]
 [ 0.2126519  -0.0155022   0.28684163 -0.11381051 -0.10103059]
 [-0.14256071 -0.17246111 -0.26718269 -0.04431953  0.06588405]]
Matrix Pair 49; W = [[ 0.27321101  0.05412903  0.06872213 -0.05577144 -0.03972368]
 [-0.12982272 -0.39108704 -0.09782379  0.22489673 -0.20867833]
 [-0.08393111  0.04677162 -0.22294666  0.15605779 -0.05096045]
 [ 0.05783296  0.18671337  0.07123636 -0.02985291 -0.09040752]
 [-0.23176108 -0.04885238 -0.32287848 -0.14724841 -0.07180754]]
U = [[ 0.17175312  0.13130313  0.27999047  0.27742256 -0.05881721]
 [-0.2338991  -0.16899895  0.00535877  0.18266243  0.29789531]
 [ 0.13842408  0.07011971 -0.21873958 -0.17048356  0.16046706]
 [ 0.18970968 -0.07076645  0.25399877 -0.11158242 -0.12413222]
 [-0.14017968 -0.17020399 -0.25552544 -0.04661217 -0.01699403]]
Matrix Pair 50; W = [[ 0.27448077  0.00457733  0.10503398 -0.13691823 -0.08317531]
 [-0.16215334 -0.34109661 -0.17855103  0.30007642 -0.14439042]
 [-0.08364918 -0.01430478 -0.22567695  0.1068014  -0.11682152]
 [ 0.06729814  0.09638986  0.02400681 -0.0104841  -0.0930045 ]
 [-0.16616398 -0.07581075 -0.27598306 -0.12916667 -0.02114719]]
U = [[ 0.17558391  0.13615668  0.31950844  0.30929359 -0.07124399]
 [-0.18144743 -0.10117952 -0.01166417  0.20914948  0.23044437]
 [ 0.1969432   0.03581646 -0.24334733 -0.09847723  0.16841916]
 [ 0.16877273 -0.03477012  0.30305307 -0.12153221 -0.15474608]
 [-0.12481644 -0.17218799 -0.3025599  -0.10321921  0.01018615]]
Matrix Pair 51; W = [[ 0.31646143  0.04333256  0.09038237 -0.08151751 -0.07435507]
 [-0.17844053 -0.3571395  -0.16469767  0.23371646 -0.14915661]
 [-0.09751252 -0.04069607 -0.17813977  0.13579855 -0.09735438]
 [ 0.08198246  0.10712888  0.06996158 -0.0468624  -0.10151116]
 [-0.16894176 -0.01726095 -0.29102363 -0.16469977 -0.04052038]]
U = [[ 0.13372163  0.12374793  0.28774152  0.30653268 -0.0176913 ]
 [-0.20288982 -0.13713945  0.01818165  0.20066269  0.29264918]
 [ 0.20004689  0.01491794 -0.26748589 -0.18384817  0.22333976]
 [ 0.1759799  -0.02118229  0.31462811 -0.07761518 -0.15585185]
 [-0.0875693  -0.14239708 -0.29730416 -0.11634975  0.05000028]]
Matrix Pair 52; W = [[ 0.27631739 -0.01827571  0.09991154 -0.10533855 -0.00670903]
 [-0.09651662 -0.38522209 -0.19016967  0.25951668 -0.19600985]
 [-0.08325586  0.05153706 -0.22608358  0.10119    -0.11595279]
 [ 0.08990208  0.1769408   0.07324757  0.01202033 -0.11107835]
 [-0.22368659 -0.02905252 -0.27483209 -0.09987727 -0.10459558]]
U = [[ 0.16791712  0.12224278  0.30903588  0.25237894 -0.05871932]
 [-0.23531018 -0.17214688  0.0646092   0.18315625  0.22680808]
 [ 0.17395272  0.04809353 -0.21383654 -0.08746769  0.14711699]
 [ 0.22549429  0.00413388  0.24872582 -0.16949717 -0.1135768 ]
 [-0.07227311 -0.16695096 -0.24033454 -0.04361623 -0.00098688]]
Matrix Pair 53; W = [[ 0.3347544   0.05844868  0.05615284 -0.13295022 -0.05893187]
 [-0.11164765 -0.3716714  -0.1835197   0.22891379 -0.20316792]
 [-0.10852683 -0.03413118 -0.17228361  0.16727479 -0.10845847]
 [ 0.13895183  0.17642626  0.03907288 -0.01837551 -0.03472505]
 [-0.19032886 -0.06008231 -0.24967238 -0.14461994 -0.10758262]]
U = [[ 0.14295867  0.18044134  0.29805248  0.30543769 -0.02552806]
 [-0.15848648 -0.16229884  0.07125204  0.18961736  0.23937453]
 [ 0.20257613  0.03826772 -0.23977521 -0.16128565  0.16732158]
 [ 0.22974766 -0.03924873  0.32464272 -0.09895414 -0.16261724]
 [-0.05925858 -0.17072054 -0.3015814  -0.07954836  0.04751792]]
Matrix Pair 54; W = [[ 2.66492170e-01  2.25975410e-02  7.88526582e-02 -1.01183469e-01
  -3.96992338e-04]
 [-1.81883587e-01 -3.98031722e-01 -1.93504931e-01  3.03300218e-01
  -1.26333513e-01]
 [-5.79460579e-02  5.20242266e-02 -2.40516975e-01  1.68990834e-01
  -9.96842988e-02]
 [ 6.52136456e-02  1.64132319e-01  2.61779420e-02  1.31309319e-02
  -7.22943358e-02]
 [-2.01201937e-01 -7.63887734e-02 -3.12445955e-01 -1.70242653e-01
  -1.11198861e-02]]
U = [[ 0.14657435  0.14672571  0.25343929  0.32849634 -0.04592796]
 [-0.22011184 -0.17426552  0.02697253  0.15246364  0.26107859]
 [ 0.13900754  0.02076021 -0.27894444 -0.09964549  0.1968464 ]
 [ 0.18029874 -0.04747399  0.26999389 -0.08747028 -0.16540593]
 [-0.06082011 -0.17670136 -0.26378097 -0.10673005  0.03939454]]
Matrix Pair 55; W = [[ 0.24947887  0.00318058  0.08922158 -0.10261924  0.00391667]
 [-0.11701711 -0.3408748  -0.10859755  0.31033006 -0.13856228]
 [-0.1165131   0.01829773 -0.21876889  0.07303001 -0.06221314]
 [ 0.08969215  0.09299774  0.04574525 -0.0027687  -0.02228366]
 [-0.19795133 -0.0761451  -0.29850681 -0.14238845 -0.10009848]]
U = [[ 0.15893076  0.16743232  0.25113103  0.26789198  0.00424338]
 [-0.24209113 -0.09291437  0.06395374  0.17543187  0.2703975 ]
 [ 0.14165547  0.10079414 -0.2188009  -0.11145339  0.18955696]
 [ 0.1699675  -0.04947105  0.30690265 -0.11524262 -0.16818828]
 [-0.12508618 -0.18406235 -0.31529348 -0.02143683  0.01691042]]
Matrix Pair 56; W = [[ 0.24369606 -0.02515106  0.07818411 -0.10614527 -0.04340787]
 [-0.11236957 -0.41628652 -0.15305622  0.25829062 -0.16600772]
 [-0.13883088 -0.03442504 -0.19632612  0.14843951 -0.08206846]
 [ 0.11843648  0.1771828  -0.01596773 -0.01542564 -0.08748514]
 [-0.17208792 -0.08344544 -0.2429318  -0.14406034 -0.10323228]]
U = [[ 0.16967409  0.18516124  0.24819429  0.29330389 -0.07857404]
 [-0.25658146 -0.18243823  0.02520229  0.21352692  0.30163177]
 [ 0.21485196  0.02242534 -0.21320257 -0.14319264  0.15006141]
 [ 0.16536087 -0.07172409  0.283105   -0.07572401 -0.15669969]
 [-0.07075132 -0.13918116 -0.32641164 -0.1109376   0.05575334]]
Matrix Pair 57; W = [[ 0.25329783  0.05208764  0.06399616 -0.12665624 -0.07363156]
 [-0.12944161 -0.35805112 -0.17511488  0.31981027 -0.17569445]
 [-0.06194356 -0.01992189 -0.2347637   0.15984305 -0.10708365]
 [ 0.05456371  0.18584209  0.00125546 -0.01901502 -0.05190069]
 [-0.22689815 -0.09326954 -0.29452879 -0.09681674 -0.0082826 ]]
U = [[ 0.18048972  0.20424576  0.29795543  0.29624578 -0.03091075]
 [-0.25614361 -0.11783279  0.0196773   0.13490427  0.28332453]
 [ 0.17110658  0.09130835 -0.27463811 -0.14045651  0.21388765]
 [ 0.24097272 -0.01538917  0.23296931 -0.15393607 -0.15144712]
 [-0.06699497 -0.17399923 -0.31203717 -0.1122333   0.0383079 ]]
Matrix Pair 58; W = [[ 0.30376578 -0.00780085  0.05746323 -0.05318457  0.00610061]
 [-0.1465673  -0.37204074 -0.11702501  0.2913093  -0.12250179]
 [-0.07390164  0.00796775 -0.18189055  0.10163469 -0.09425698]
 [ 0.04478417  0.10167939  0.01092652 -0.04359633 -0.06016354]
 [-0.16167425 -0.07055831 -0.27959007 -0.11107432 -0.0979008 ]]
U = [[ 0.2038799   0.12419954  0.27939834  0.30646642 -0.00373154]
 [-0.25005303 -0.17805771 -0.01276324  0.14461902  0.24271434]
 [ 0.227901    0.09720556 -0.27242273 -0.15059913  0.19684977]
 [ 0.20674783  0.01714612  0.31441294 -0.16973504 -0.09539959]
 [-0.11285016 -0.0909572  -0.32371013 -0.08203605  0.05757181]]
Matrix Pair 59; W = [[ 0.28007102 -0.01995718  0.13538097 -0.11834907 -0.0838939 ]
 [-0.16298467 -0.39763333 -0.11190364  0.26722869 -0.20145247]
 [-0.11212729  0.03230953 -0.14818492  0.07366635 -0.04606243]
 [ 0.10513836  0.10917862 -0.00108059 -0.08213902 -0.10393286]
 [-0.19829902 -0.03018815 -0.23905283 -0.14421731 -0.03444851]]
U = [[ 0.19957361  0.12550013  0.26614012  0.31020832 -0.00061799]
 [-0.25590738 -0.16555791  0.06735214  0.22157132  0.30511238]
 [ 0.21676997  0.10695497 -0.287103   -0.18203745  0.1500337 ]
 [ 0.19022129 -0.06878616  0.26243535 -0.12972498 -0.09467505]
 [-0.11723357 -0.08930485 -0.29969017 -0.04362962 -0.01945721]]
Matrix Pair 60; W = [[ 0.30168051  0.00378692  0.13440795 -0.09720268 -0.07693503]
 [-0.15223581 -0.41207607 -0.10200178  0.29934928 -0.11791865]
 [-0.09773588  0.0243182  -0.22648285  0.08517806 -0.05571375]
 [ 0.12918072  0.16562312 -0.00903415 -0.0284743  -0.02268004]
 [-0.20243371 -0.02068484 -0.27326446 -0.15223193 -0.07504411]]
U = [[ 0.16315214  0.18336357  0.26768681  0.29762341 -0.08243483]
 [-0.18498541 -0.17637615  0.0702696   0.20388495  0.23314685]
 [ 0.14505981  0.03013019 -0.25158797 -0.18356944  0.17623654]
 [ 0.19327478 -0.00427934  0.32085237 -0.15696968 -0.15869996]
 [-0.13748138 -0.10007153 -0.32791373 -0.07349888  0.04549239]]
Matrix Pair 61; W = [[ 0.29798662  0.0614493   0.14501811 -0.12961416 -0.04411246]
 [-0.18211663 -0.42163908 -0.10801234  0.23040299 -0.21250841]
 [-0.11157116 -0.02980539 -0.20962029  0.09203403 -0.05686576]
 [ 0.05117618  0.135119    0.03290323 -0.01944934 -0.09067539]
 [-0.20663268 -0.10750401 -0.24947224 -0.14423815 -0.05193873]]
U = [[ 0.16332891  0.12180768  0.2522295   0.3339434  -0.0737282 ]
 [-0.20971393 -0.09236088  0.00581399  0.14041061  0.27411768]
 [ 0.132958    0.11099225 -0.26944237 -0.17107219  0.21749354]
 [ 0.21754095 -0.02627763  0.24925894 -0.12533586 -0.18709914]
 [-0.04827427 -0.15459593 -0.27653405 -0.08216307  0.02234099]]
Matrix Pair 62; W = [[ 0.33187869 -0.01224092  0.05305325 -0.06885926 -0.00222822]
 [-0.15068692 -0.36797681 -0.19645412  0.22598306 -0.12931066]
 [-0.05038958  0.04185743 -0.2097113   0.16181909 -0.08714715]
 [ 0.05132195  0.08808318  0.00424046 -0.03837203 -0.09554442]
 [-0.14824276 -0.10868508 -0.27514894 -0.12708842 -0.05897374]]
U = [[ 0.13782007  0.16508017  0.26268947  0.3314908  -0.01749863]
 [-0.24478915 -0.08447784  0.0074594   0.17722923  0.30366919]
 [ 0.16095129  0.04212837 -0.27710044 -0.16493738  0.15201042]
 [ 0.23961121 -0.0173701   0.24572327 -0.13401295 -0.10834393]
 [-0.10386621 -0.18568209 -0.30060588 -0.1045843   0.03129831]]
Matrix Pair 63; W = [[ 0.31728372  0.02322778  0.10622537 -0.06775408 -0.0318245 ]
 [-0.17143203 -0.38673732 -0.19225542  0.23231707 -0.19568131]
 [-0.04383241  0.02563513 -0.23263997  0.09221285 -0.09593686]
 [ 0.13108158  0.17409281  0.01417375 -0.07494271 -0.07400571]
 [-0.16429699 -0.07686594 -0.28228053 -0.12712986 -0.079777  ]]
U = [[ 0.15990866  0.18181027  0.31444072  0.25882238 -0.00794685]
 [-0.2151257  -0.1026093   0.01854692  0.15192082  0.23642912]
 [ 0.23094966  0.05880752 -0.22933632 -0.14853226  0.23194264]
 [ 0.23039609 -0.07083023  0.32269608 -0.15847991 -0.15281658]
 [-0.1188917  -0.12422823 -0.32605418 -0.02392811  0.06040649]]
Matrix Pair 64; W = [[ 0.29640787 -0.02697999  0.0953744  -0.15090082 -0.00476642]
 [-0.27430671 -0.41180681  0.00528676  0.21132182 -0.10530608]
 [-0.10551664  0.02345608 -0.17558888  0.13586533 -0.06810858]
 [ 0.15634949  0.10373002  0.01962158 -0.07187627  0.02072838]
 [-0.16535519 -0.15276506 -0.26094498 -0.12123433  0.01645699]]
U = [[ 0.20308627  0.11755836  0.28995963  0.3056592  -0.10470135]
 [-0.1581536  -0.17974225 -0.0232343   0.16807116  0.26012709]
 [ 0.19764174  0.02513686 -0.17618444 -0.18810547  0.16949743]
 [ 0.19808518  0.02191413  0.26584064 -0.06266348 -0.16570574]
 [-0.11570169 -0.0992548  -0.19950627 -0.05925427 -0.01742809]]
Matrix Pair 65; W = [[ 0.3379353  -0.04668448  0.07537401 -0.16879787 -0.04612869]
 [-0.203708   -0.37803041 -0.07491075  0.16984222 -0.13913249]
 [-0.1465982  -0.0614178  -0.1972534   0.09374439 -0.01519038]
 [ 0.09525953  0.10111172  0.08458451  0.00476048 -0.00840323]
 [-0.20516453 -0.07733379 -0.23636411 -0.12633508  0.00756659]]
U = [[ 0.18510659  0.06969891  0.28994886  0.35687012 -0.11810108]
 [-0.20920967 -0.17544758  0.00547701  0.1917371   0.27958631]
 [ 0.15891897  0.07224139 -0.22002198 -0.21484285  0.13472472]
 [ 0.23961846  0.02138931  0.26469011 -0.07471156 -0.10654326]
 [-0.13539156 -0.10592835 -0.16159271 -0.01665756 -0.09222585]]
Matrix Pair 66; W = [[ 0.30394538 -0.01836004  0.0623539  -0.09916187  0.01175935]
 [-0.23082863 -0.3939284   0.00193734  0.21123698 -0.11484723]
 [-0.16791881 -0.06138142 -0.12532195  0.14001524 -0.09093522]
 [ 0.10030236  0.10933295  0.01913499 -0.07404136 -0.02609348]
 [-0.23325278 -0.1569095  -0.24431168 -0.15440434  0.01072137]]
U = [[ 0.14841069  0.15674885  0.26199215  0.35922792 -0.05791502]
 [-0.16593967 -0.16494698  0.01645961  0.16917323  0.30177589]
 [ 0.09981219  0.06494743 -0.1934976  -0.18910335  0.08387212]
 [ 0.17179306  0.02124734  0.27712936 -0.02595629 -0.13637233]
 [-0.10802246 -0.07307057 -0.17517303 -0.029197   -0.09649462]]
Matrix Pair 67; W = [[ 0.32326152  0.03529442  0.03670519 -0.15762912 -0.04492678]
 [-0.21170354 -0.39361515 -0.07498998  0.20414684 -0.09995832]
 [-0.11700904  0.0230533  -0.18943831  0.10798218  0.00765726]
 [ 0.0932001   0.12574832  0.05471029 -0.03485882  0.04169659]
 [-0.22857412 -0.09840127 -0.20975275 -0.12672275  0.0412964 ]]
U = [[ 0.11326427  0.1121176   0.28295366  0.33502772 -0.10917693]
 [-0.22059913 -0.25727703  0.01310946  0.16500509  0.25725687]
 [ 0.16347451  0.05295733 -0.14803664 -0.2220852   0.10096693]
 [ 0.17201209  0.05132856  0.23165272 -0.03024437 -0.10153562]
 [-0.12515996 -0.05476354 -0.23092954 -0.02874408 -0.09221151]]
Matrix Pair 68; W = [[ 0.34663089 -0.02300463  0.04452674 -0.07535276 -0.08070416]
 [-0.20600585 -0.3710505   0.00787981  0.16278952 -0.11319879]
 [-0.12670495 -0.04248304 -0.12133994  0.13419626  0.00373072]
 [ 0.15959896  0.10877497  0.05648176  0.0071284  -0.01187099]
 [-0.22053765 -0.10335188 -0.18431917 -0.09963847  0.02360017]]
U = [[ 0.10992883  0.15501591  0.31299412  0.32118126 -0.13526716]
 [-0.1620868  -0.23461213  0.05088911  0.20730135  0.26144547]
 [ 0.18468469  0.06286776 -0.19066986 -0.24613107  0.13886867]
 [ 0.14906611 -0.01080299  0.23946326 -0.08391599 -0.12133432]
 [-0.0566721  -0.05699364 -0.17758723 -0.03606115 -0.08863642]]
Matrix Pair 69; W = [[ 0.29500777 -0.02039476  0.03128665 -0.15873244 -0.08162921]
 [-0.22745974 -0.42871454 -0.02460176  0.21349513 -0.06217027]
 [-0.16684227 -0.00098111 -0.13576109  0.04927881 -0.01805562]
 [ 0.14160206  0.05414536  0.02727382 -0.03148476  0.00395734]
 [-0.23323287 -0.16774956 -0.24442829 -0.1627629  -0.02017253]]
U = [[ 0.19588564  0.16133217  0.31080513  0.35157844 -0.12909808]
 [-0.20443569 -0.26086243  0.0525815   0.16784439  0.32333306]
 [ 0.14662341  0.04045251 -0.22201136 -0.24919246  0.15517993]
 [ 0.2342092   0.05138784  0.25173005 -0.07453721 -0.16123157]
 [-0.07423698 -0.04385743 -0.19615369 -0.01008135 -0.11084869]]
Matrix Pair 70; W = [[ 0.27984104  0.00196552  0.01194147 -0.13694815  0.01088696]
 [-0.21429897 -0.37690868 -0.07752966  0.18508122 -0.11102028]
 [-0.14973463 -0.0601681  -0.17099272  0.08302843 -0.02019246]
 [ 0.09523036  0.13102495  0.014688   -0.08043486  0.02095504]
 [-0.19792172 -0.09775439 -0.19516853 -0.15683938  0.02550886]]
U = [[ 0.14467705  0.10592597  0.29458071  0.28354572 -0.07672607]
 [-0.22171932 -0.16587709  0.00392742  0.19287964  0.30456951]
 [ 0.1529254  -0.01225302 -0.24120335 -0.20672974  0.08259118]
 [ 0.23056344  0.01425307  0.24506218 -0.07749218 -0.1334249 ]
 [-0.05942415 -0.07160931 -0.16279461 -0.00756345 -0.10025741]]
Matrix Pair 71; W = [[ 0.28168138 -0.03509872  0.07993211 -0.1577051  -0.05091491]
 [-0.25827828 -0.41393192 -0.04624435  0.21885412 -0.09444418]
 [-0.13143011  0.02592715 -0.12857786  0.06293344 -0.01104242]
 [ 0.16267575  0.06896391  0.04462047 -0.01016601 -0.02440155]
 [-0.19627016 -0.08034561 -0.18480175 -0.11144942  0.02538798]]
U = [[ 0.18174477  0.0849994   0.30610901  0.29548419 -0.07879354]
 [-0.15131883 -0.20575538 -0.0165153   0.21218497  0.30274561]
 [ 0.16272607  0.08405456 -0.2247849  -0.25153227  0.12813139]
 [ 0.23050802  0.0249228   0.22617047 -0.06199195 -0.11045663]
 [-0.05694537 -0.10753077 -0.1675344  -0.04508283 -0.07404819]]
Matrix Pair 72; W = [[ 0.26406896 -0.03511816  0.08518791 -0.16651336 -0.04683135]
 [-0.23109465 -0.33849728 -0.07902854  0.22404833 -0.05250543]
 [-0.11493779 -0.0106626  -0.19113532  0.08643509 -0.05172751]
 [ 0.0872772   0.05634833  0.01517728 -0.00571032  0.01067185]
 [-0.22538174 -0.08476344 -0.21635743 -0.12570064  0.01128793]]
U = [[ 0.1356894   0.1583994   0.27541968  0.27765681 -0.08434848]
 [-0.23769772 -0.17952518  0.04106056  0.1809322   0.33250907]
 [ 0.18961076  0.01928226 -0.22298262 -0.21786995  0.15143227]
 [ 0.24158397 -0.01732099  0.30294227 -0.09792976 -0.16170721]
 [-0.11122058 -0.07506954 -0.25011306 -0.0413409  -0.04247528]]
Matrix Pair 73; W = [[ 0.34309201 -0.02479888  0.08795588 -0.15588265 -0.03511649]
 [-0.25074794 -0.39534445 -0.03038957  0.18710267 -0.08144059]
 [-0.1480955  -0.01878703 -0.16029105  0.05421381 -0.05865792]
 [ 0.10388289  0.09251037  0.04676086 -0.0602416  -0.00313334]
 [-0.15685815 -0.07678081 -0.26243155 -0.09430441  0.05080258]]
U = [[ 0.17506698  0.11821951  0.24913652  0.29044904 -0.07659884]
 [-0.18227738 -0.25657917 -0.0041154   0.19916225  0.28842734]
 [ 0.17529999  0.0459025  -0.16585778 -0.22311799  0.12416511]
 [ 0.14848433  0.02289681  0.27678089 -0.0362363  -0.15945631]
 [-0.12164444 -0.12337445 -0.19582865 -0.07457337 -0.0881415 ]]
Matrix Pair 74; W = [[ 0.32888486  0.03415613  0.05746564 -0.12026924 -0.00258524]
 [-0.26674076 -0.34427327 -0.00743487  0.14324561 -0.11710944]
 [-0.09636095 -0.0575072  -0.18331821  0.08903662 -0.0416167 ]
 [ 0.14583079  0.12818572  0.11186419 -0.02275676 -0.04592951]
 [-0.17742988 -0.14361847 -0.19652851 -0.10257497 -0.02749474]]
U = [[ 0.19391692  0.14789459  0.289031    0.30182118 -0.12163852]
 [-0.19577648 -0.17855302  0.02013999  0.23946004  0.33432286]
 [ 0.19492765  0.08518828 -0.18778446 -0.22742166  0.13786568]
 [ 0.14828976 -0.04035045  0.25660679 -0.09936509 -0.08817537]
 [-0.08520861 -0.06018979 -0.24855632 -0.05486597 -0.08667432]]
Matrix Pair 75; W = [[ 0.29562211 -0.03988958  0.06300234 -0.1466489  -0.02079759]
 [-0.21188851 -0.39968282 -0.07974509  0.22853043 -0.08118976]
 [-0.08191573  0.0012986  -0.17244435  0.05058855 -0.02871801]
 [ 0.10556294  0.11497273  0.06193759 -0.02330388  0.03001924]
 [-0.1599416  -0.14419021 -0.23880902 -0.12014688 -0.03287833]]
U = [[ 0.16827342  0.12783523  0.27705154  0.34511285 -0.05658375]
 [-0.23941158 -0.22368887 -0.01228404  0.18529551  0.26122901]
 [ 0.16382964  0.00534042 -0.18357509 -0.19889661  0.15355365]
 [ 0.19340234  0.00775622  0.23533345 -0.12024678 -0.15428614]
 [-0.06713591 -0.0424775  -0.25006069 -0.00665021 -0.07200264]]
Matrix Pair 76; W = [[ 0.30789968 -0.03480102  0.01407796 -0.13116122 -0.02889715]
 [-0.23721555 -0.41687002  0.01898724  0.16192851 -0.11818738]
 [-0.14013652 -0.06517004 -0.19255292  0.1061727  -0.06831933]
 [ 0.1413657   0.10187762  0.11337257 -0.02666934 -0.0356401 ]
 [-0.20116526 -0.10297119 -0.2074592  -0.09506831 -0.01979824]]
U = [[ 0.13059401  0.12134108  0.31585135  0.30621019 -0.1291801 ]
 [-0.22978134 -0.16882529  0.02521208  0.25114181  0.31718948]
 [ 0.1392098   0.0276657  -0.22693866 -0.21161429  0.13898259]
 [ 0.23416035 -0.04276479  0.27116131 -0.0417771  -0.10780231]
 [-0.11512162 -0.11367089 -0.22102363 -0.01952021 -0.09983083]]
Matrix Pair 77; W = [[ 0.2867699  -0.04816045  0.06696906 -0.13110474 -0.07385258]
 [-0.24677314 -0.37277023 -0.04871337  0.18056442 -0.09384386]
 [-0.09877795 -0.06019478 -0.19811726  0.05349145 -0.00810546]
 [ 0.15845675  0.06236978  0.09608207 -0.03265902 -0.01130582]
 [-0.15504154 -0.15133768 -0.26593455 -0.16977049  0.01113693]]
U = [[ 0.10544746  0.14722341  0.34151239  0.30832413 -0.11558831]
 [-0.24556632 -0.24887611  0.03457879  0.21320045  0.27686936]
 [ 0.13932669  0.03378323 -0.20588569 -0.17202667  0.14423109]
 [ 0.20888363 -0.01730659  0.26304406 -0.08069531 -0.13170659]
 [-0.10120776 -0.05693067 -0.21590142 -0.08198357 -0.07638032]]
Matrix Pair 78; W = [[ 0.30904755 -0.02717306  0.03310912 -0.10969457 -0.02948084]
 [-0.18418891 -0.3819378  -0.01144216  0.17269024 -0.12704371]
 [-0.12533584 -0.04031013 -0.10814807  0.10078349 -0.02561521]
 [ 0.14344001  0.1100086   0.11248383 -0.01522272  0.00980954]
 [-0.22233812 -0.16859094 -0.26794997 -0.12621902  0.02548804]]
U = [[ 0.14161347  0.09077273  0.28763188  0.32576266 -0.05691624]
 [-0.22420107 -0.24024713 -0.02074439  0.18926665  0.30104385]
 [ 0.13869375  0.08278025 -0.178453   -0.18990952  0.09503598]
 [ 0.17551307  0.02842995  0.28653133 -0.04825498 -0.1483896 ]
 [-0.11948575 -0.11138166 -0.18757755 -0.06965274 -0.01802885]]
Matrix Pair 79; W = [[ 0.34848569  0.02572356  0.04049638 -0.16741737 -0.04148096]
 [-0.20555048 -0.36915369  0.00197794  0.16522835 -0.1254096 ]
 [-0.16438638 -0.00781806 -0.17247878  0.08256718 -0.03829871]
 [ 0.16613064  0.09161208  0.08229455 -0.01844911  0.01189306]
 [-0.15418871 -0.10449142 -0.19170428 -0.13501436 -0.0093123 ]]
U = [[ 0.1985457   0.14286797  0.31106676  0.34969082 -0.07210741]
 [-0.16521944 -0.18380995  0.04489301  0.16723349  0.30574683]
 [ 0.13655071  0.07586259 -0.16454181 -0.24580038  0.16922728]
 [ 0.23758168  0.02770729  0.31833149 -0.11568185 -0.16275734]
 [-0.14119357 -0.13106252 -0.24237038 -0.01784683 -0.01649004]]
Matrix Pair 80; W = [[ 0.28830385  0.00510118  0.08203476 -0.02643345 -0.09714241]
 [-0.20802065 -0.48119692 -0.08329116  0.25460155 -0.07386084]
 [-0.13407042  0.00571596 -0.16991759  0.11497465 -0.0469218 ]
 [ 0.12661583  0.06226631  0.05353042 -0.04023793 -0.13303974]
 [-0.17473093 -0.04395882 -0.30082508 -0.12901474  0.00548081]]
U = [[ 0.20858371  0.18968236  0.24138477  0.29928518 -0.03924439]
 [-0.17887167 -0.15833188  0.05347673  0.19273267  0.29402691]
 [ 0.25159752  0.06459189 -0.22957174 -0.15133203  0.04330509]
 [ 0.16430086 -0.03005095  0.21560269 -0.0767735  -0.05956501]
 [-0.12616965 -0.05916544 -0.27548391 -0.09040351 -0.04685996]]
Matrix Pair 81; W = [[ 0.29027513  0.04413299  0.11146423 -0.08974527 -0.05411589]
 [-0.20557225 -0.46134255 -0.09372386  0.30664778 -0.10303042]
 [-0.11499649 -0.00400886 -0.18496086  0.06833648 -0.11903498]
 [ 0.16139696  0.0578211   0.01798363 -0.04169351 -0.11546452]
 [-0.2159968  -0.07263684 -0.26449027 -0.20578003 -0.01207966]]
U = [[ 0.20397894  0.18984256  0.26188504  0.26255046 -0.00811217]
 [-0.24701569 -0.1411949   0.03241725  0.15654581  0.23748836]
 [ 0.21768188  0.03601935 -0.18371421 -0.16239993  0.06263358]
 [ 0.15771691  0.00534614  0.20119144 -0.14740723 -0.11252449]
 [-0.10446751 -0.1069463  -0.27662464 -0.11861318 -0.0736438 ]]
Matrix Pair 82; W = [[ 0.27323074 -0.01990267  0.1430135  -0.07515393 -0.02043953]
 [-0.1770522  -0.39172006 -0.09087613  0.25100457 -0.12214962]
 [-0.09955821 -0.04351827 -0.09543631  0.13583055 -0.03944701]
 [ 0.18362798  0.05396632  0.07972939 -0.09999236 -0.13342626]
 [-0.18379437 -0.08341864 -0.28058503 -0.13810979 -0.04085996]]
U = [[ 0.18336342  0.24873576  0.32383505  0.29003147 -0.00185491]
 [-0.20601238 -0.12938166  0.02914236  0.19279175  0.22103629]
 [ 0.21591534  0.09214056 -0.19698026 -0.1651479   0.06023597]
 [ 0.17835876 -0.05510198  0.24005239 -0.05063339 -0.09841712]
 [-0.09044909 -0.12579076 -0.19699098 -0.11408622 -0.02904443]]
Matrix Pair 83; W = [[ 0.23270088 -0.0427351   0.10931431 -0.03832412 -0.02330872]
 [-0.26256411 -0.40680236 -0.07503328  0.24466319 -0.16629496]
 [-0.05826371 -0.07462979 -0.11169297  0.12274487 -0.06463725]
 [ 0.18548493  0.05616003  0.02830292 -0.03399196 -0.11443013]
 [-0.21686653 -0.06949067 -0.26527878 -0.11570753  0.01439144]]
U = [[ 0.18263035  0.18794468  0.31634471  0.35584121 -0.07467988]
 [-0.19983585 -0.15877711 -0.01582335  0.20793091  0.29330291]
 [ 0.20530804  0.0863024  -0.18289306 -0.11902095  0.09028998]
 [ 0.20696171 -0.08164758  0.2812676  -0.06013953 -0.10997592]
 [-0.11445619 -0.04550785 -0.28156175 -0.0913319  -0.03460698]]
Matrix Pair 84; W = [[ 0.23310317 -0.0204907   0.08778035 -0.07951067 -0.03735368]
 [-0.17939933 -0.4116638  -0.11365568  0.27801552 -0.12076095]
 [-0.08539393 -0.02187254 -0.14026927  0.10321504 -0.11773979]
 [ 0.11308433  0.05553168  0.05385061 -0.0184009  -0.13066803]
 [-0.16521488 -0.0656636  -0.23977991 -0.19517478 -0.04302703]]
U = [[ 0.20698009  0.2359434   0.28773532  0.31025128 -0.01821016]
 [-0.19518932 -0.10744624  0.01285201  0.1105068   0.30118077]
 [ 0.22588804 -0.00354439 -0.24585381 -0.15656956  0.07353594]
 [ 0.1936281  -0.04914718  0.28264147 -0.12561247 -0.14973641]
 [-0.08116468 -0.06519483 -0.21849016 -0.03404648 -0.04966645]]
Matrix Pair 85; W = [[ 0.28378241  0.01379747  0.05038658 -0.11182605 -0.0464075 ]
 [-0.25294087 -0.41653783 -0.02500643  0.25772684 -0.15074867]
 [-0.14668217  0.00451391 -0.09217905  0.07647025 -0.05578491]
 [ 0.18196877 -0.01937602  0.04245717 -0.02194173 -0.13880376]
 [-0.21960757 -0.08028022 -0.29277345 -0.15571427 -0.02352616]]
U = [[ 0.22260478  0.18131775  0.28311768  0.30428673  0.00169532]
 [-0.19335541 -0.17724389  0.00411082  0.14053778  0.26781684]
 [ 0.21641453  0.06211136 -0.22508407 -0.13689197  0.13811382]
 [ 0.17475769  0.01152466  0.19940574 -0.08159353 -0.08208998]
 [-0.06870527 -0.05170361 -0.24320306 -0.10473512 -0.03866219]]
Matrix Pair 86; W = [[ 0.27699963  0.01783495  0.05992839 -0.09283768 -0.0951958 ]
 [-0.22513035 -0.48436274 -0.03674404  0.28224908 -0.14421028]
 [-0.08654637 -0.01605475 -0.17240386  0.0925266  -0.08608942]
 [ 0.18002579 -0.00300105  0.03790106 -0.10264237 -0.15370017]
 [-0.20593724 -0.13040954 -0.24425325 -0.15399476 -0.05073403]]
U = [[ 0.22422996  0.22476731  0.23088121  0.262926   -0.05341025]
 [-0.20981216 -0.14845142  0.02399489  0.18878731  0.26815141]
 [ 0.18791273  0.06802183 -0.21856223 -0.10637556  0.07406547]
 [ 0.13767751  0.00477706  0.19670806 -0.13789105 -0.12727644]
 [-0.13451925 -0.07862401 -0.26090021 -0.0830583  -0.0814369 ]]
Matrix Pair 87; W = [[ 0.23777011  0.01449118  0.0943378  -0.03580514 -0.09457835]
 [-0.24983068 -0.39777904 -0.10890025  0.25431331 -0.1335519 ]
 [-0.15317042 -0.05095853 -0.08717519  0.13380672 -0.06387593]
 [ 0.18232535  0.01659412  0.08526922 -0.07583692 -0.10405085]
 [-0.17997946 -0.12476404 -0.27013227 -0.19315771 -0.00383992]]
U = [[ 0.20994085  0.25283496  0.28362925  0.32746549 -0.07873031]
 [-0.23974518 -0.10956872  0.04065947  0.16136094  0.31100494]
 [ 0.16578927  0.03621222 -0.22588187 -0.11483556  0.03903179]
 [ 0.16248965 -0.03383261  0.20011242 -0.06829707 -0.11227273]
 [-0.10719517 -0.11219287 -0.22728915 -0.02816483 -0.06005705]]
Matrix Pair 88; W = [[ 0.31613399  0.02361395  0.07590102 -0.09633407 -0.06119974]
 [-0.24394474 -0.43461611 -0.11211718  0.22604388 -0.14780997]
 [-0.0653652  -0.02507362 -0.16132609  0.13069152 -0.0398211 ]
 [ 0.14983516 -0.0120048   0.06953773 -0.05756917 -0.09185143]
 [-0.17385087 -0.03718472 -0.27129116 -0.15253578 -0.03569681]]
U = [[ 0.2469757   0.25286727  0.23741343  0.33379885 -0.04793501]
 [-0.23674762 -0.10529622 -0.03145484  0.12436177  0.24714872]
 [ 0.20280079  0.02232944 -0.24832742 -0.19604791  0.10345752]
 [ 0.12587409 -0.08494951  0.21240617 -0.07065238 -0.10276715]
 [-0.11876258 -0.13433631 -0.19911007 -0.08853641 -0.02860175]]
Matrix Pair 89; W = [[ 0.28216287  0.01138388  0.12213684 -0.11186697 -0.0851503 ]
 [-0.25315551 -0.42144728 -0.03112061  0.30715424 -0.15274186]
 [-0.1326624  -0.07760461 -0.11943051  0.08786986 -0.10704844]
 [ 0.17339856  0.05697739  0.08456314 -0.10209601 -0.13566632]
 [-0.20529559 -0.04291652 -0.27854223 -0.19867434 -0.01070029]]
U = [[ 0.19201045  0.19130492  0.25667247  0.29203806 -0.06093773]
 [-0.20691243 -0.18401945  0.04990473  0.1355248   0.28484382]
 [ 0.22035561  0.02197448 -0.23074109 -0.18542801  0.12821264]
 [ 0.16638807 -0.01958835  0.24436889 -0.07093396 -0.0736434 ]
 [-0.08027149 -0.07407459 -0.22357056 -0.11114282 -0.11635701]]
Matrix Pair 90; W = [[ 0.27257925  0.03222462  0.05658495 -0.03812934 -0.01313279]
 [-0.16837978 -0.47740369 -0.06292799  0.26956476 -0.14854794]
 [-0.11193979 -0.00640828 -0.1447458   0.06225996 -0.12788529]
 [ 0.18328606  0.05033605  0.10167236 -0.06467791 -0.13439901]
 [-0.20324656 -0.10856023 -0.2468189  -0.13696387 -0.03934062]]
U = [[ 0.25044151  0.25436033  0.32711447  0.35327955 -0.00235377]
 [-0.25598027 -0.16162665  0.05472115  0.20704491  0.31652576]
 [ 0.16822922  0.08030097 -0.24986027 -0.14842368  0.04957289]
 [ 0.17871017 -0.03844573  0.28482945 -0.05468468 -0.15243827]
 [-0.08231235 -0.11456987 -0.21865649 -0.11708928 -0.09482696]]
Matrix Pair 91; W = [[ 0.32649127 -0.0333519   0.06283228 -0.07158182 -0.09298372]
 [-0.19051613 -0.46609585 -0.10522045  0.2837503  -0.07094433]
 [-0.14779823 -0.02335182 -0.10301279  0.04216608 -0.10246821]
 [ 0.10347879  0.02098912  0.04936249 -0.09248045 -0.07544356]
 [-0.14016008 -0.12629722 -0.23021029 -0.13104383  0.0076795 ]]
U = [[ 0.18581366  0.23759161  0.26619311  0.31920291 -0.03783315]
 [-0.18214323 -0.14639406 -0.01325339  0.12512792  0.28481788]
 [ 0.19627035  0.0078809  -0.20355745 -0.10024887  0.12641701]
 [ 0.15861925  0.01103587  0.28250425 -0.05469904 -0.14360156]
 [-0.06989687 -0.13018294 -0.19743452 -0.03221155 -0.08791329]]
Matrix Pair 92; W = [[ 0.25106831 -0.03820535  0.08138398 -0.11468383 -0.02740941]
 [-0.18778286 -0.39251377 -0.08166353  0.2723248  -0.13957636]
 [-0.12533691 -0.07061353 -0.18075124  0.09654129 -0.09430907]
 [ 0.19316005  0.05349176  0.05051892 -0.07974054 -0.15379062]
 [-0.14846933 -0.03795797 -0.24982517 -0.12723726 -0.01445915]]
U = [[ 0.1713732   0.21787723  0.28008393  0.3083111  -0.00428113]
 [-0.26595086 -0.09976017 -0.01090131  0.14141539  0.24941522]
 [ 0.19238325  0.08009504 -0.19139223 -0.10232609  0.10635909]
 [ 0.19471835 -0.03708663  0.20316055 -0.14685096 -0.15144924]
 [-0.11389361 -0.10756577 -0.19536983 -0.09698269 -0.02846002]]
Matrix Pair 93; W = [[ 0.3088725   0.00863459  0.11417634 -0.08955389 -0.07339931]
 [-0.18259518 -0.44870722 -0.07552928  0.25303171 -0.15546141]
 [-0.0864675   0.01475837 -0.13281648  0.06931495 -0.09705887]
 [ 0.19091243  0.01308269  0.03945271 -0.05127652 -0.11000797]
 [-0.18223277 -0.11215925 -0.32245759 -0.1283168  -0.04251364]]
U = [[ 0.25803713  0.20373868  0.27553275  0.29515818  0.01601401]
 [-0.27270732 -0.17429019  0.05259948  0.13753284  0.27809381]
 [ 0.17338105  0.04041671 -0.21287395 -0.10220772  0.06216593]
 [ 0.13285984  0.00489849  0.24768143 -0.14026879 -0.08686239]
 [-0.07469734 -0.07183887 -0.18382933 -0.07882181 -0.04857091]]
Matrix Pair 94; W = [[ 0.24015328 -0.02338542  0.13535415 -0.11632756 -0.03040869]
 [-0.20824733 -0.41927184 -0.09184698  0.26452488 -0.12850555]
 [-0.11497758 -0.07868947 -0.1724924   0.1272671  -0.05498974]
 [ 0.10839661  0.04023948  0.04971028 -0.07753333 -0.12360634]
 [-0.15707279 -0.06928095 -0.26575955 -0.19657149 -0.02513572]]
U = [[ 0.19237727  0.17008516  0.2324146   0.30157777 -0.01971973]
 [-0.24079529 -0.17504427  0.01473608  0.13911526  0.26645508]
 [ 0.23851949  0.01629743 -0.25257482 -0.14536266  0.11290121]
 [ 0.21019651 -0.07611286  0.28349469 -0.10217126 -0.10669493]
 [-0.13292003 -0.05800267 -0.26671583 -0.03278619 -0.02741069]]
Matrix Pair 95; W = [[ 0.23257764 -0.01191857  0.08469232 -0.05617969 -0.07330132]
 [-0.18798872 -0.46470867 -0.05193545  0.28077356 -0.07610163]
 [-0.1427022  -0.00335791 -0.12967988  0.09214697 -0.09920428]
 [ 0.11681292  0.02421895  0.10500662 -0.0445573  -0.14739567]
 [-0.21315943 -0.13355514 -0.29952927 -0.18957938  0.03467574]]
U = [[ 0.16206368  0.18863058  0.28670746  0.33723912 -0.00870114]
 [-0.19186902 -0.13508698  0.01636686  0.15940402  0.26814951]
 [ 0.23213418  0.00402367 -0.19304403 -0.15868002  0.12715006]
 [ 0.18801274 -0.03662108  0.24132604 -0.05399663 -0.08764109]
 [-0.07991636 -0.05603016 -0.18462671 -0.05495312 -0.09898471]]
Matrix Pair 96; W = [[ 0.28543927  0.07638698  0.08460797 -0.14728353 -0.03549221]
 [-0.19970017 -0.44856154 -0.08822831  0.27490786 -0.0927985 ]
 [-0.0631319   0.03872472 -0.223515    0.12510106 -0.08132115]
 [ 0.08202312  0.0813857   0.06693269 -0.07660063 -0.04642273]
 [-0.19421841 -0.02824769 -0.31388498 -0.25743812 -0.02624514]]
U = [[ 0.16093913  0.15670005  0.2616458   0.31524443 -0.037962  ]
 [-0.25200885 -0.17810233  0.00215464  0.18249981  0.20203579]
 [ 0.20313829  0.05349537 -0.26286875 -0.09791576  0.16885501]
 [ 0.29516477 -0.07148779  0.26800854 -0.09665017 -0.16416088]
 [-0.04996399 -0.05937539 -0.30049461 -0.05664402 -0.02425405]]
Matrix Pair 97; W = [[ 0.30129388  0.02901235  0.085786   -0.17587858 -0.03035178]
 [-0.20583494 -0.40777477 -0.12485748  0.23624765 -0.08357758]
 [-0.09031902  0.03134926 -0.20162198  0.1387683  -0.06354506]
 [ 0.06358875  0.09723626  0.06753299 -0.10089826 -0.10018934]
 [-0.16530046 -0.01365757 -0.29251604 -0.25593259 -0.08503549]]
U = [[ 0.18924177  0.16932497  0.27416167  0.30425587 -0.01898042]
 [-0.27322093 -0.1512618   0.001564    0.1613391   0.18820739]
 [ 0.17011941  0.01036225 -0.22658846 -0.1258955   0.17993339]
 [ 0.26040717  0.00691552  0.19873392 -0.11498568 -0.15697117]
 [-0.08396836 -0.10236293 -0.23784359 -0.07436814  0.01326351]]
Matrix Pair 98; W = [[ 2.78250846e-01  6.62487904e-02  4.24645038e-02 -1.99735310e-01
  -6.17273800e-02]
 [-1.91177580e-01 -4.77771790e-01 -7.50506620e-02  3.13149955e-01
  -1.21526840e-01]
 [-7.34847284e-02  1.11523876e-04 -1.69126614e-01  1.28953103e-01
  -6.31192234e-02]
 [ 1.38173826e-01  1.13873397e-01  9.31365301e-02 -1.15098047e-01
  -5.96135375e-02]
 [-1.58181783e-01 -2.90841864e-02 -2.75567879e-01 -2.70238137e-01
  -8.69513913e-02]]
U = [[ 0.1741058   0.14449083  0.34477692  0.27634351 -0.03180289]
 [-0.25924851 -0.20323741  0.00141163  0.17601548  0.22169668]
 [ 0.14623383 -0.00587213 -0.19073344 -0.12168877  0.18025606]
 [ 0.2370363  -0.00327142  0.26075051 -0.15809901 -0.10944624]
 [-0.08431423 -0.07109586 -0.27811669 -0.07601238  0.00924864]]
Matrix Pair 99; W = [[ 0.24806296  0.08312467  0.07940855 -0.15833089 -0.0557782 ]
 [-0.15434075 -0.41854112 -0.098397    0.28822349 -0.06611037]
 [-0.04776835 -0.04255232 -0.19225771  0.09472603 -0.06233857]
 [ 0.07668801  0.13317602  0.03216236 -0.07733277 -0.09132035]
 [-0.15852821 -0.00243537 -0.28043854 -0.21157708 -0.05729583]]
U = [[ 0.23525151  0.189614    0.35017283  0.31922453 -0.06083307]
 [-0.28975468 -0.13588882 -0.03079797  0.17362637  0.27832936]
 [ 0.1793657   0.02391287 -0.23409387 -0.14665393  0.19468014]
 [ 0.21343168 -0.03645692  0.23288376 -0.09224083 -0.09629021]
 [-0.05452055 -0.13374652 -0.31953442 -0.05681873  0.03664524]]
Matrix Pair 100; W = [[ 0.31066235  0.09961684  0.07433202 -0.16805351 -0.09796381]
 [-0.15344354 -0.40043391 -0.12185874  0.28679277 -0.10192164]
 [-0.09886023 -0.01041121 -0.23390086  0.10837429 -0.02908235]
 [ 0.05715301  0.03918074  0.12667422 -0.03720441 -0.0943134 ]
 [-0.19741428 -0.0668726  -0.2726883  -0.17456229 -0.00967326]]
U = [[ 0.1748536   0.12937366  0.25870797  0.34490079 -0.04248757]
 [-0.22882832 -0.21344798 -0.04313254  0.17431434  0.2103861 ]
 [ 0.15450002 -0.03214804 -0.26051607 -0.12230541  0.18375501]
 [ 0.28035781 -0.0503746   0.24348686 -0.17278457 -0.16362408]
 [-0.10128683 -0.07179789 -0.23158604 -0.03000515 -0.00847353]]
Matrix Pair 101; W = [[ 0.30505493  0.07491619  0.1111925  -0.15885743 -0.10716639]
 [-0.15935305 -0.47924957 -0.15312908  0.25212789 -0.07673756]
 [-0.07639187 -0.00732971 -0.24750324  0.11163811 -0.06318702]
 [ 0.14297689  0.05326747  0.09026654 -0.09410682 -0.11937858]
 [-0.18060863 -0.03582932 -0.33130528 -0.27019595 -0.06099137]]
U = [[ 0.18652247  0.2134236   0.29283751  0.26433191 -0.08705152]
 [-0.22236503 -0.12671028 -0.01698677  0.10205146  0.19735244]
 [ 0.14991451  0.04252386 -0.18020373 -0.18794576  0.1633086 ]
 [ 0.24024248 -0.02987127  0.20876446 -0.17049333 -0.15203543]
 [-0.08436896 -0.07953953 -0.2739158  -0.09997825  0.00447484]]
Matrix Pair 102; W = [[ 0.30118772  0.03842806  0.12065292 -0.12769074 -0.09992036]
 [-0.19759003 -0.41213358 -0.12787511  0.23198555 -0.04559901]
 [-0.0316323  -0.00922941 -0.16060698  0.08689031 -0.05731879]
 [ 0.13767239  0.11572943  0.06222087 -0.05286417 -0.05216018]
 [-0.14829014 -0.00256618 -0.27428742 -0.21240574 -0.02438547]]
U = [[ 0.16234848  0.19979049  0.27014792  0.31089438 -0.07984795]
 [-0.27763277 -0.19265925  0.05098994  0.10654613  0.28344276]
 [ 0.2206473   0.00461882 -0.2084971  -0.09346409  0.24391611]
 [ 0.21180282 -0.01424332  0.19565143 -0.12515284 -0.17832722]
 [-0.10272502 -0.0922385  -0.24634313 -0.08666022  0.0076016 ]]
Matrix Pair 103; W = [[ 0.31894704  0.0591097   0.13456461 -0.17624727 -0.04089784]
 [-0.16883799 -0.39574072 -0.10543604  0.31693221 -0.03516522]
 [-0.07090464  0.03831696 -0.25346668  0.06128003 -0.00512194]
 [ 0.13788252  0.06289407  0.08460448 -0.06018436 -0.08756229]
 [-0.18786011 -0.06867452 -0.312707   -0.22114941 -0.0333764 ]]
U = [[ 0.18994093  0.15353713  0.2657704   0.30004306 -0.00892616]
 [-0.2338078  -0.1383312   0.01695692  0.16818237  0.18479289]
 [ 0.20877715  0.01697835 -0.25150471 -0.11902919  0.17051064]
 [ 0.20962608 -0.00535075  0.23468301 -0.10878727 -0.10573094]
 [-0.05466033 -0.14567323 -0.2575972  -0.03129446 -0.03216813]]
Matrix Pair 104; W = [[ 0.30976548  0.01340648  0.08662091 -0.19607437 -0.05922752]
 [-0.14019984 -0.42414964 -0.10411428  0.29484998 -0.08707484]
 [-0.02197641 -0.01511511 -0.19436128  0.08369853 -0.02509397]
 [ 0.08476875  0.05939434  0.04087897 -0.05391194 -0.0590765 ]
 [-0.11827542 -0.00956273 -0.27167721 -0.27164169 -0.07289982]]
U = [[ 0.18539004  0.12940654  0.34330917  0.27273651 -0.02781278]
 [-0.2528319  -0.12975397 -0.03367657  0.09586462  0.19135125]
 [ 0.17447335  0.05310798 -0.19335013 -0.1269468   0.24336153]
 [ 0.26374447 -0.02396218  0.28440704 -0.08591279 -0.12626122]
 [-0.06500671 -0.07166525 -0.28855067 -0.03245965 -0.01871716]]
Matrix Pair 105; W = [[ 0.25657279  0.09702258  0.0529511  -0.11230004 -0.04461642]
 [-0.14175221 -0.43649459 -0.07663693  0.27292447 -0.06764429]
 [-0.05733944 -0.05010518 -0.21603849  0.07909566 -0.00356894]
 [ 0.05414854  0.13756944  0.03418786 -0.04397958 -0.0828852 ]
 [-0.12357185 -0.05125313 -0.33957663 -0.23795811 -0.05836801]]
U = [[ 0.20050455  0.22158162  0.30175641  0.28708188 -0.03891036]
 [-0.29825009 -0.15602922 -0.03912863  0.16617395  0.22206219]
 [ 0.18814446  0.0534326  -0.25340195 -0.1286948   0.2123047 ]
 [ 0.23985269 -0.05792969  0.23244343 -0.13986918 -0.13323036]
 [-0.09108706 -0.14506014 -0.27881128 -0.0838554  -0.01775176]]
Matrix Pair 106; W = [[ 0.30848015  0.08173334  0.08951252 -0.12760992 -0.02777671]
 [-0.18281057 -0.44397295 -0.10655983  0.29738168 -0.03547125]
 [-0.07456765 -0.0401711  -0.19202229  0.10098918  0.01227637]
 [ 0.09457739  0.11620497  0.12414552 -0.07990083 -0.10049787]
 [-0.20036319 -0.06091101 -0.30096484 -0.1743865  -0.05851343]]
U = [[ 0.2208915   0.18770336  0.33217802  0.32190331 -0.0024967 ]
 [-0.21186377 -0.18629503  0.01304285  0.11371534  0.19193469]
 [ 0.17806867  0.01661588 -0.23120755 -0.09665315  0.21852244]
 [ 0.28566039 -0.07832521  0.21648739 -0.12609223 -0.10376153]
 [-0.09364059 -0.07044945 -0.27283613 -0.11417597 -0.03759034]]
Matrix Pair 107; W = [[ 0.26026117  0.09415121  0.10788614 -0.20018532 -0.02022398]
 [-0.16326197 -0.41789063 -0.06105453  0.26581401 -0.129011  ]
 [-0.03058437 -0.01458505 -0.25166468  0.11854901 -0.04534325]
 [ 0.08189298  0.10127264  0.12329596 -0.02789409 -0.11481535]
 [-0.1785357  -0.04815924 -0.31125349 -0.21024777 -0.06307648]]
U = [[ 0.22018631  0.21425922  0.32619127  0.32760678 -0.05129039]
 [-0.21591956 -0.21320033  0.00385387  0.15752222  0.27910233]
 [ 0.19713718 -0.00625858 -0.25676511 -0.15156949  0.20768303]
 [ 0.26718303 -0.00874116  0.2871398  -0.17285836 -0.10325636]
 [-0.11083105 -0.15049485 -0.29355602 -0.08691677 -0.01824043]]
Matrix Pair 108; W = [[ 0.31313472  0.04066714  0.04322766 -0.20314376 -0.0576535 ]
 [-0.20784181 -0.46785508 -0.10116321  0.24871232 -0.1183844 ]
 [-0.11532603  0.01084736 -0.22272449  0.12566153 -0.04244923]
 [ 0.11415687  0.05889669  0.07594988 -0.10392351 -0.11943038]
 [-0.18021182  0.01796821 -0.37119175 -0.18773726 -0.01480996]]
U = [[ 0.23442585  0.21179394  0.3251402   0.3099036  -0.03773767]
 [-0.21475211 -0.15127264 -0.00804733  0.15428793  0.19312381]
 [ 0.24031751 -0.0028134  -0.26076292 -0.17037612  0.21350205]
 [ 0.23525529 -0.06931714  0.26255987 -0.1361792  -0.16301488]
 [-0.12463909 -0.14488078 -0.23042234 -0.10402172 -0.0123292 ]]
Matrix Pair 109; W = [[ 0.2772974   0.10737884  0.06692667 -0.12994316 -0.04236575]
 [-0.1816384  -0.40085885 -0.15218528  0.30055765 -0.12327046]
 [-0.02601717  0.02721054 -0.20723959  0.07818706  0.00937791]
 [ 0.08887955  0.06624237  0.06349993 -0.11441757 -0.09289246]
 [-0.15347559 -0.00590678 -0.33567867 -0.26906831 -0.02591535]]
U = [[ 0.17615407  0.18317531  0.28565247  0.30671292  0.01112051]
 [-0.20943818 -0.18694758 -0.03722451  0.12109212  0.27898609]
 [ 0.19291738  0.01919065 -0.19947745 -0.17094305  0.24643239]
 [ 0.24323197 -0.02995976  0.21927411 -0.15885181 -0.12957262]
 [-0.05433781 -0.0567046  -0.28013476 -0.05058356  0.00708274]]
Matrix Pair 110; W = [[ 0.30523454  0.01533436  0.07464368 -0.15259435 -0.05287545]
 [-0.1624623  -0.46852543 -0.10960497  0.23534539 -0.05262971]
 [-0.09778521  0.00592874 -0.1983837   0.14274412 -0.01510954]
 [ 0.12213074  0.06340933  0.0592358  -0.04721621 -0.08815711]
 [-0.11525584 -0.07353499 -0.35809601 -0.27280746 -0.07047374]]
U = [[ 0.22511905  0.14988821  0.33068096  0.25920489 -0.02608919]
 [-0.30023714 -0.12112852 -0.02349664  0.10467999  0.22072921]
 [ 0.21185163  0.03786632 -0.23198495 -0.11764442  0.15910804]
 [ 0.26152884  0.0067518   0.2349311  -0.11403571 -0.11717262]
 [-0.12312916 -0.10506213 -0.30712422 -0.03381124 -0.03317447]]
Matrix Pair 111; W = [[ 0.27640184  0.09380917  0.05576195 -0.20601277 -0.04829081]
 [-0.22108131 -0.40318964 -0.07724021  0.3081437  -0.08116657]
 [-0.02916191  0.03855506 -0.18077001  0.11288634  0.01426378]
 [ 0.06697563  0.12625602  0.05993985 -0.10550658 -0.04898236]
 [-0.16688925 -0.05955289 -0.29770166 -0.21542296 -0.10657381]]
U = [[ 0.19208804  0.19215928  0.30423368  0.25842677 -0.00080481]
 [-0.24443287 -0.18159649 -0.01041439  0.15319517  0.20454202]
 [ 0.14304562 -0.01828444 -0.23076341 -0.18964916  0.23045248]
 [ 0.19758737 -0.0632362   0.22501891 -0.08486407 -0.11120688]
 [-0.06770092 -0.1000682  -0.26123231 -0.09695096  0.0129263 ]]
Matrix Pair 112; W = [[ 0.25293449  0.02143548  0.12653586 -0.19947935 -0.04367335]
 [-0.12645601 -0.40496481 -0.12594448  0.2571158  -0.15114116]
 [-0.05495727 -0.06549785 -0.12267118  0.08909872 -0.06310341]
 [ 0.08353133  0.07571192 -0.00063529 -0.08252442 -0.07114456]
 [-0.19303124 -0.0765716  -0.23516479 -0.2055263  -0.05244963]]
U = [[ 0.17679509  0.21049098  0.27077671  0.29307927  0.02652347]
 [-0.23532338 -0.08747753 -0.01611771  0.13654768  0.24126507]
 [ 0.14986062 -0.01978274 -0.14684814 -0.12756891  0.19903054]
 [ 0.15126387 -0.09140712  0.27459591 -0.11008504 -0.12402903]
 [-0.09695023 -0.09300175 -0.2277994  -0.08259079  0.03909273]]
Matrix Pair 113; W = [[ 0.28685993  0.01521669  0.13721533 -0.11880318 -0.05336764]
 [-0.1898629  -0.44091283 -0.12794428  0.20185165 -0.09154469]
 [-0.04621079 -0.09489295 -0.17559307  0.13588223 -0.14292107]
 [ 0.04737421  0.05938218  0.00094862  0.00081875 -0.06979138]
 [-0.16551866 -0.05641994 -0.26380872 -0.17634655 -0.07318182]]
U = [[ 0.22530942  0.12749409  0.33036459  0.31698124 -0.03475146]
 [-0.18079419 -0.1147798  -0.01848195  0.15625496  0.33893765]
 [ 0.18096101 -0.02682461 -0.24491232 -0.13199707  0.13894398]
 [ 0.15246288 -0.08347803  0.35542794 -0.11039076 -0.14236541]
 [-0.12603274 -0.14792715 -0.24527928 -0.05938975  0.03682813]]
Matrix Pair 114; W = [[ 0.26119605 -0.0098213   0.07147391 -0.14861259 -0.06663486]
 [-0.16398356 -0.46677865 -0.06589308  0.24156314 -0.11663951]
 [-0.10584184 -0.01791889 -0.14214021  0.15774577 -0.12503197]
 [ 0.05812681  0.08575288 -0.01465158 -0.02081195 -0.08390188]
 [-0.22464999 -0.10334645 -0.24286917 -0.12638512 -0.03530674]]
U = [[ 0.22586631  0.12742505  0.28359476  0.32726006 -0.05324106]
 [-0.15985394 -0.12856076  0.01403387  0.15577844  0.26881005]
 [ 0.22473535 -0.00438259 -0.18165693 -0.12576881  0.10997106]
 [ 0.23477851 -0.03962966  0.26778811 -0.04998212 -0.11377022]
 [-0.10893502 -0.13020777 -0.26159255 -0.0073062   0.04649742]]
Matrix Pair 115; W = [[ 0.29821672 -0.01519038  0.1462861  -0.13026794 -0.01683275]
 [-0.10636961 -0.4349701  -0.12218185  0.25485521 -0.16256957]
 [-0.06705037 -0.0724012  -0.17947258  0.09445708 -0.12934397]
 [ 0.10176184  0.13453514  0.013525   -0.02429619 -0.07321665]
 [-0.19271397 -0.10441834 -0.2552105  -0.20555082 -0.1012131 ]]
U = [[ 0.16304611  0.15122897  0.31287475  0.26670669  0.0112262 ]
 [-0.21606452 -0.08223815  0.03062878  0.14545303  0.32820748]
 [ 0.16774635  0.01179388 -0.20380492 -0.1812862   0.12060896]
 [ 0.21124846 -0.0208009   0.29567963 -0.09056794 -0.10055698]
 [-0.10860992 -0.08359813 -0.23920558 -0.05774879 -0.0268321 ]]
Matrix Pair 116; W = [[ 0.25282554 -0.04467809  0.15143544 -0.12976191 -0.06375592]
 [-0.17277963 -0.4092821  -0.15922656  0.2842225  -0.15640605]
 [-0.11687386 -0.03234064 -0.20255662  0.07943021 -0.09432332]
 [ 0.13073358  0.06308146  0.0105525  -0.00445351 -0.02278424]
 [-0.22214922 -0.06602646 -0.30370443 -0.16403393 -0.1015451 ]]
U = [[ 0.24634079  0.15496131  0.3568861   0.3138998   0.02839928]
 [-0.14984277 -0.13488417 -0.00478171  0.19092096  0.33904599]
 [ 0.21066391  0.04889425 -0.15922794 -0.1776999   0.11051712]
 [ 0.14864287 -0.02684859  0.30431451 -0.07797049 -0.10430341]
 [-0.10785577 -0.09764405 -0.22344857 -0.08840624  0.00093817]]
Matrix Pair 117; W = [[ 0.2570138  -0.00620269  0.06767168 -0.19096166 -0.05417489]
 [-0.13850847 -0.48690219 -0.12856461  0.19425338 -0.11091357]
 [-0.10667517 -0.03819075 -0.1474172   0.14266504 -0.11769396]
 [ 0.06992982  0.14143726  0.0008908  -0.05932622 -0.05682778]
 [-0.23224305 -0.0695895  -0.25286934 -0.12386786 -0.05058617]]
U = [[ 0.18007987  0.16165158  0.31215214  0.3472908  -0.01674762]
 [-0.21174617 -0.17287735  0.0031251   0.18764352  0.29030764]
 [ 0.21802305  0.00656797 -0.24544303 -0.1952152   0.17761287]
 [ 0.23084971 -0.08558351  0.30186143 -0.08048816 -0.11552316]
 [-0.16301181 -0.08373696 -0.21417702 -0.07955266 -0.01593279]]
Matrix Pair 118; W = [[ 2.74700984e-01 -3.16527035e-03  9.61282665e-02 -1.66577486e-01
  -3.66383265e-02]
 [-1.09479115e-01 -4.67068003e-01 -1.54898433e-01  2.70053257e-01
  -8.98878319e-02]
 [-7.63461046e-02 -1.02800359e-01 -1.50388053e-01  8.34515435e-02
  -4.83185885e-02]
 [ 4.89486542e-02  8.00976004e-02  2.71353294e-02  4.17118508e-04
  -9.15028338e-02]
 [-2.27348358e-01 -4.91043291e-02 -2.76241005e-01 -1.58488465e-01
  -8.53208059e-02]]
U = [[ 0.23725903  0.20242859  0.3617679   0.26207749 -0.01514165]
 [-0.15582613 -0.1646987  -0.0291688   0.16891814  0.32458604]
 [ 0.19902216  0.02395589 -0.18207242 -0.19260895  0.20394929]
 [ 0.22954611 -0.07392472  0.30988997 -0.12492488 -0.1280402 ]
 [-0.16344602 -0.06530331 -0.27119257 -0.05030954 -0.01620632]]
Matrix Pair 119; W = [[ 0.24572197  0.05016352  0.11591264 -0.12408605 -0.0110002 ]
 [-0.17367311 -0.47621953 -0.06434442  0.19723375 -0.12679137]
 [-0.03184896 -0.07731592 -0.15770722  0.07634166 -0.12328481]
 [ 0.09872561  0.10796393 -0.01556976 -0.01588912 -0.07484854]
 [-0.23026996 -0.0303384  -0.30212508 -0.19768812 -0.08873378]]
U = [[ 0.19085423  0.19882815  0.29979824  0.29848814 -0.01454373]
 [-0.20154011 -0.09451808 -0.00346822  0.20677387  0.32731198]
 [ 0.22513185  0.03652325 -0.20752294 -0.14678219  0.20349823]
 [ 0.2179706  -0.01181628  0.28043504 -0.12435716 -0.14807859]
 [-0.0801182  -0.14881509 -0.27776278 -0.01692011 -0.0051445 ]]
Matrix Pair 120; W = [[ 0.3026668  -0.03568176  0.10938189 -0.12281558 -0.0043461 ]
 [-0.167449   -0.42290076 -0.13588614  0.2584799  -0.16174555]
 [-0.04483894 -0.08550438 -0.18099791  0.09653859 -0.04368445]
 [ 0.10882497  0.04550799  0.00405398 -0.08021508 -0.10268862]
 [-0.18091162 -0.04228427 -0.28134388 -0.12932595 -0.05314742]]
U = [[ 0.15764416  0.1872048   0.35190674  0.31801126  0.02451146]
 [-0.22435375 -0.11565977 -0.05382809  0.1105772   0.33289614]
 [ 0.16940199 -0.00947548 -0.16634615 -0.16128973  0.12027014]
 [ 0.16854832 -0.06505818  0.31629023 -0.10384477 -0.09536718]
 [-0.15688938 -0.15810559 -0.23582028 -0.08638749  0.04487475]]
Matrix Pair 121; W = [[ 0.27384237  0.01889181  0.09110171 -0.12667688 -0.03733579]
 [-0.16762656 -0.45788268 -0.15599326  0.2671225  -0.09431801]
 [-0.11482594 -0.07225685 -0.15050847  0.15423237 -0.1122158 ]
 [ 0.13383382  0.05082684  0.06059973 -0.05451055 -0.09939538]
 [-0.16681606 -0.03548392 -0.2584055  -0.13576783 -0.03538166]]
U = [[ 0.23976924  0.18386512  0.32677172  0.32045204 -0.03286581]
 [-0.21539209 -0.08979452 -0.04090076  0.18785738  0.3122325 ]
 [ 0.20206704  0.00461706 -0.15835187 -0.16085096  0.16357591]
 [ 0.15640016 -0.02864287  0.29584367 -0.12405206 -0.15759926]
 [-0.13934007 -0.06929654 -0.2628388   0.00357411 -0.03686527]]
Matrix Pair 122; W = [[ 0.28484404  0.00791473  0.10692411 -0.11498133 -0.03356146]
 [-0.18918599 -0.46965013 -0.06322582  0.2725107  -0.14699612]
 [-0.07423993 -0.08282326 -0.12114425  0.11350931 -0.04830737]
 [ 0.0503953   0.0659986   0.0295314  -0.01934121 -0.01627669]
 [-0.19680799 -0.09779598 -0.29732799 -0.20477992 -0.05154608]]
U = [[ 0.24135317  0.20384056  0.27904887  0.31413597 -0.02403582]
 [-0.15801537 -0.15701161  0.01580469  0.14303192  0.28469351]
 [ 0.2219545   0.02772876 -0.18827011 -0.11627551  0.1112063 ]
 [ 0.21273108 -0.08816792  0.28704171 -0.09579295 -0.1423686 ]
 [-0.14395699 -0.09308222 -0.24844227 -0.0182456  -0.02804108]]
Matrix Pair 123; W = [[ 0.29725851  0.03115688  0.11242835 -0.12745162  0.00143747]
 [-0.17296391 -0.46319603 -0.08452571  0.23158578 -0.10930781]
 [-0.12298334 -0.03118116 -0.12328623  0.10540587 -0.12296719]
 [ 0.07373245  0.09076795  0.00887654 -0.02099379 -0.11546072]
 [-0.15527998 -0.08208157 -0.23188226 -0.18680426 -0.0946815 ]]
U = [[ 0.22731119  0.17420022  0.35103113  0.35958757 -0.05421214]
 [-0.18851452 -0.09001183 -0.04460442  0.14476096  0.24838427]
 [ 0.18482693  0.02966769 -0.22821109 -0.13157179  0.14375437]
 [ 0.2328259  -0.0871281   0.3601695  -0.06634241 -0.15999541]
 [-0.09195135 -0.12188213 -0.25108767 -0.08539907  0.01298495]]
Matrix Pair 124; W = [[ 0.26472634 -0.03014463  0.14019608 -0.14893954 -0.02115109]
 [-0.17911893 -0.4365009  -0.07385928  0.27335291 -0.10164866]
 [-0.04489129 -0.05604514 -0.15793644  0.09196632 -0.13641204]
 [ 0.05554595  0.13698354  0.04637449 -0.0227944  -0.10787179]
 [-0.19303508 -0.01934442 -0.25137233 -0.12718635 -0.06422194]]
U = [[ 0.18342771  0.16823096  0.29807623  0.27798145 -0.00581689]
 [-0.20107533 -0.1638512  -0.01325455  0.18571006  0.33740025]
 [ 0.19960971  0.06477818 -0.17588785 -0.16261604  0.14353467]
 [ 0.21573742 -0.05632281  0.28374474 -0.05110163 -0.1421569 ]
 [-0.12594138 -0.08972254 -0.20702823 -0.01745741  0.00366009]]
Matrix Pair 125; W = [[ 0.29063446 -0.03873903  0.12971412 -0.13263194 -0.05980398]
 [-0.16810158 -0.41410837 -0.1553573   0.22926767 -0.16164543]
 [-0.02805944 -0.06392328 -0.17658993  0.08884453 -0.09525038]
 [ 0.0867754   0.11522171  0.02828994 -0.03354953 -0.08107565]
 [-0.17359927 -0.01019119 -0.30657572 -0.13617108 -0.04985415]]
U = [[ 0.17741042  0.14413128  0.30716799  0.35830956 -0.01879074]
 [-0.2178856  -0.10618971 -0.05317361  0.14564393  0.26533117]
 [ 0.1699698  -0.00171099 -0.19752481 -0.10909304  0.17071046]
 [ 0.18803721 -0.11091357  0.30751802 -0.10575347 -0.11978956]
 [-0.09089374 -0.11927063 -0.21270661 -0.06854467  0.03072179]]
Matrix Pair 126; W = [[ 0.27250923 -0.0363551   0.15159437 -0.16977747 -0.02668578]
 [-0.11611825 -0.47930791 -0.14603974  0.28102644 -0.17875121]
 [-0.04783645 -0.04032032 -0.13786656  0.13666321 -0.13191264]
 [ 0.07461519  0.09667378 -0.02992167  0.01004132 -0.07839877]
 [-0.15032489 -0.03864945 -0.29637991 -0.18206167 -0.06624495]]
U = [[ 0.17565834  0.13470071  0.28493789  0.2671584   0.0326104 ]
 [-0.21617961 -0.08951185  0.0367452   0.14069047  0.33434671]
 [ 0.21780185  0.03622618 -0.22450641 -0.16497829  0.11456201]
 [ 0.1624298  -0.08561089  0.32310364 -0.0401704  -0.14837513]
 [-0.13856811 -0.07661576 -0.2537892  -0.0452905  -0.02185831]]
Matrix Pair 127; W = [[ 0.28352797  0.04558594  0.06005873 -0.13605311 -0.08714699]
 [-0.1599071  -0.39316202 -0.09537229  0.23820659 -0.09228577]
 [-0.07339733 -0.08117671 -0.18739316  0.10330993 -0.0845665 ]
 [ 0.13380192  0.0430324   0.04933934 -0.06787606 -0.05801594]
 [-0.24113147 -0.02093046 -0.3011835  -0.11502385 -0.03541253]]
U = [[ 0.19162246  0.14998736  0.32674795  0.31894019  0.00086541]
 [-0.17234262 -0.1619383   0.01635507  0.12544391  0.27047448]
 [ 0.2195742  -0.01528329 -0.23410114 -0.16847154  0.15880053]
 [ 0.19371213 -0.06803984  0.28876617 -0.08675633 -0.10921664]
 [-0.0924509  -0.11493024 -0.28102074 -0.09227517  0.03900734]]
