Epoch: 75Matrix Pair 0; W = [[-0.04605831  0.12661315  0.18641962  0.15739618 -0.02689696]
 [ 0.17079348 -0.23686803 -0.08252836 -0.07396372  0.1289916 ]
 [-0.13911513  0.0780524  -0.12233126  0.04997766  0.22102888]
 [ 0.04147451 -0.09115021  0.04971862 -0.00145368  0.03923713]
 [-0.23347848 -0.17242392  0.0616068   0.08202293  0.0004714 ]]
U = [[ 3.38024749e-02 -6.41225781e-02  1.30120303e-01 -1.22182255e-01
   2.12691291e-01]
 [-1.64833007e-01  8.13267491e-02  1.59641299e-01  1.30180783e-01
  -2.11591360e-02]
 [ 3.12998065e-01  2.81068794e-04  1.52338987e-01  7.62224962e-02
   1.84205774e-01]
 [ 4.04056298e-02  1.81665087e-01  7.79093183e-02  4.92579027e-02
   1.49405969e-01]
 [-2.37434632e-01  2.32232071e-01  3.69636727e-01  1.97235272e-01
  -2.90925056e-02]]
Matrix Pair 1; W = [[ 0.01391188  0.0777545   0.13445486  0.09171764 -0.06604952]
 [ 0.14221162 -0.28376178 -0.10658491 -0.01234282  0.13951237]
 [-0.11855999  0.07674978 -0.0811966   0.00647655  0.18373352]
 [ 0.00623792 -0.11965731  0.07459347 -0.04542871  0.0110767 ]
 [-0.22851288 -0.12782614  0.04630371  0.08907421 -0.06054508]]
U = [[-0.00706064 -0.15510745  0.12944557 -0.09155349  0.23783446]
 [-0.12404262  0.04452751  0.19700863  0.14431194  0.00843262]
 [ 0.2979588   0.01697605  0.07436078  0.12918844  0.13410812]
 [ 0.0843736   0.16514675  0.07008124  0.01719571  0.09406542]
 [-0.20328687  0.23500569  0.40168231  0.18623606 -0.04389683]]
Matrix Pair 2; W = [[-0.02838186  0.12917498  0.21438349  0.07382519 -0.03701905]
 [ 0.10350175 -0.3024178  -0.08624399 -0.06862233  0.20787781]
 [-0.13130266  0.03692707 -0.14043959  0.04452577  0.15385896]
 [-0.01047132 -0.03076443  0.06100921  0.01460874  0.0607005 ]
 [-0.1917973  -0.16263774  0.02627495  0.07807215 -0.01804677]]
U = [[ 0.05248057 -0.13856999  0.18449418 -0.13532493  0.24536987]
 [-0.1320986   0.13311854  0.20847207  0.14481038  0.0216142 ]
 [ 0.39082086  0.04796624  0.10492149  0.06577941  0.14396914]
 [ 0.01532028  0.12892628  0.09614654  0.04281892  0.15051641]
 [-0.1816706   0.25480531  0.39770844  0.16997574 -0.02804995]]
Matrix Pair 3; W = [[ 0.00163393  0.08061201  0.18951973  0.08933441 -0.09390696]
 [ 0.09828344 -0.27041142 -0.13179916 -0.03962466  0.19756526]
 [-0.0698024   0.07471589 -0.1042538  -0.01578044  0.19394529]
 [ 0.02873294 -0.06079674  0.04374123  0.01142028 -0.00415761]
 [-0.24568522 -0.10603499  0.01749235  0.0939925  -0.06039959]]
U = [[ 0.04558257 -0.10259523  0.17737546 -0.09622083  0.19605757]
 [-0.13022491  0.06278137  0.15241619  0.15108964 -0.00646943]
 [ 0.39229834  0.05173692  0.11396101  0.11470632  0.211344  ]
 [ 0.07847971  0.13264839  0.08997655  0.08134489  0.15137291]
 [-0.25424971  0.22276547  0.36728244  0.17472133 -0.01917676]]
Matrix Pair 4; W = [[-0.11427489  0.01493229  0.12271623  0.126573   -0.11527945]
 [ 0.08572815 -0.26568916 -0.11025438 -0.06633407  0.18669716]
 [-0.08706567  0.04074457 -0.16462544 -0.06650458  0.2482747 ]
 [-0.01161688 -0.10992346  0.08880583  0.01277727  0.03229936]
 [-0.18057024 -0.14027257  0.02811454  0.12874468 -0.0353205 ]]
U = [[ 0.04335834 -0.04452158  0.19653369 -0.0958066   0.23341519]
 [-0.11684961  0.04026099  0.08709067  0.17444741  0.01700254]
 [ 0.32983287 -0.0023582   0.20431195  0.11644251  0.12396988]
 [ 0.07907395  0.13980173  0.08471361 -0.04149789  0.10617608]
 [-0.2786938   0.24199464  0.39062931  0.19891304 -0.03383841]]
Matrix Pair 5; W = [[-0.04109205  0.04450223  0.15641516  0.08309214 -0.16518338]
 [ 0.09925375 -0.2484367  -0.09311036 -0.11922004  0.21118605]
 [-0.08303651  0.06989922 -0.12068245 -0.041588    0.16227913]
 [-0.00686387 -0.08243207  0.08933483 -0.02305906 -0.0249245 ]
 [-0.18048302 -0.08285503  0.03598949  0.11264178 -0.00675284]]
U = [[ 0.08574532 -0.05544931  0.15139481 -0.11671223  0.18955618]
 [-0.07924078  0.08039007  0.14083438  0.1335201   0.01118733]
 [ 0.24452848 -0.01011966  0.19737303  0.15853241  0.11167195]
 [ 0.08916272  0.08996228  0.09206874  0.00165666  0.05505783]
 [-0.2105007   0.21144601  0.34381526  0.20345992 -0.033177  ]]
Matrix Pair 6; W = [[-0.0435844   0.00646375  0.1908626   0.07114815 -0.17369329]
 [ 0.1406463  -0.21019003 -0.13554967 -0.08557633  0.21358584]
 [-0.14599172  0.03607074 -0.17445117 -0.04892712  0.20529678]
 [-0.08711059 -0.06279667  0.10396648  0.018718   -0.03316868]
 [-0.13549907 -0.12395594 -0.00198097  0.14534335 -0.00653201]]
U = [[ 0.02905198 -0.0177423   0.20220362 -0.05660907  0.20104512]
 [-0.15216063  0.04701549  0.12659864  0.11792299 -0.01794271]
 [ 0.30976651 -0.01027496  0.14773312  0.11081329  0.0715151 ]
 [ 0.10630267  0.10466194  0.11599255 -0.02968413  0.06201999]
 [-0.25002648  0.18858303  0.35205337  0.2068045   0.05726946]]
Matrix Pair 7; W = [[-0.10042233  0.09285837  0.20059509  0.09532713 -0.10658605]
 [ 0.09803937 -0.21461729 -0.06289266 -0.14423381  0.20353923]
 [-0.12582646  0.06244711 -0.12297558 -0.03853455  0.15701783]
 [-0.06037901 -0.07329417  0.0751095  -0.01757498 -0.01347369]
 [-0.16802766 -0.1666755   0.04329592  0.10304999 -0.06206438]]
U = [[ 0.11375537 -0.02322501  0.16828152 -0.06812559  0.24452396]
 [-0.08302288  0.07141567  0.09920731  0.1359309   0.04327976]
 [ 0.31061814 -0.03618822  0.1338843   0.0933319   0.07023268]
 [ 0.06237676  0.08973725  0.02904321 -0.0638295   0.07182748]
 [-0.28142366  0.22000293  0.37234559  0.17571804 -0.00449834]]
Matrix Pair 8; W = [[-0.08111491  0.11963323  0.10243616  0.0598289  -0.10304869]
 [ 0.1997284  -0.25330748 -0.04773339 -0.14500585  0.28140902]
 [-0.06052847  0.01087819 -0.07864477 -0.02301886  0.23618858]
 [-0.07263358  0.00995872  0.07571215  0.01065131  0.03386945]
 [-0.17841313 -0.15971369 -0.08974051  0.16290965 -0.02532   ]]
U = [[ 2.20139088e-02 -8.73084646e-02  2.09659755e-01 -1.20821812e-01
   2.32311965e-01]
 [-1.03844723e-01  1.24013824e-01  2.18445953e-01  1.32533109e-01
  -9.14244955e-03]
 [ 2.95618938e-01 -2.48105079e-04  1.66151072e-01  1.61659039e-01
   1.72609969e-01]
 [ 1.39866268e-01  2.06570440e-01  9.60015635e-02  7.77095203e-02
   1.79362120e-02]
 [-2.33409405e-01  1.72230858e-01  4.00465557e-01  2.45389067e-01
   9.74724131e-02]]
Matrix Pair 9; W = [[-0.09565645  0.09011675  0.12683768  0.05804722 -0.10832963]
 [ 0.18259777 -0.24345282 -0.07530464 -0.11108785  0.24055362]
 [-0.06579597  0.02900769 -0.0675302   0.00819958  0.17164162]
 [-0.0273139  -0.08035608  0.07789451  0.01421855  0.08800645]
 [-0.24680187 -0.07278808 -0.10648093  0.13060376 -0.05274247]]
U = [[ 0.01776833 -0.10124796  0.16585338 -0.13770985  0.16849314]
 [-0.11360659  0.07878633  0.12381915  0.20947919 -0.02704914]
 [ 0.21926987 -0.01181717  0.12332962  0.22767218  0.19287285]
 [ 0.11341379  0.19316227  0.01322439  0.08786436  0.01670369]
 [-0.22297604  0.21170176  0.36342371  0.17303854  0.02362204]]
Matrix Pair 10; W = [[-0.11052965  0.09093636  0.15998308  0.05072429 -0.14584561]
 [ 0.17639913 -0.26145946 -0.10988069 -0.14605301  0.28464672]
 [-0.13866152 -0.01022831 -0.16646397  0.01770683  0.15729269]
 [-0.0320827  -0.01669023  0.03337665  0.02984355  0.08376549]
 [-0.23006074 -0.09706139 -0.08923426  0.11880139 -0.05535415]]
U = [[ 0.06067517 -0.0410479   0.19300572 -0.12539713  0.20498704]
 [-0.12187191  0.09058058  0.17942184  0.16438698  0.00250939]
 [ 0.21799367 -0.01255589  0.2089023   0.22747444  0.1363661 ]
 [ 0.15083037  0.24273848  0.06192552  0.00106343  0.10730566]
 [-0.15137774  0.22292996  0.3637482   0.20609073  0.09581894]]
Matrix Pair 11; W = [[-0.09556258  0.04295749  0.09185176  0.0897275  -0.15258393]
 [ 0.14873766 -0.23764542 -0.08484518 -0.15201018  0.20165251]
 [-0.13791213  0.01987963 -0.12982541  0.03460869  0.20842608]
 [ 0.01006997 -0.00399612  0.07350762  0.01802909  0.01217567]
 [-0.20987572 -0.11737958 -0.09472362  0.11445444 -0.03269048]]
U = [[ 0.04756936 -0.04555796  0.21127629 -0.15984431  0.24562913]
 [-0.12926383  0.10759965  0.17568052  0.12206201  0.00780887]
 [ 0.24390751  0.0371856   0.18277527  0.23869936  0.11487109]
 [ 0.07255088  0.20366548  0.04719629  0.08041166  0.09902661]
 [-0.20497306  0.16859879  0.3656382   0.16803595  0.04575751]]
Matrix Pair 12; W = [[-0.0487748   0.07789764  0.1123586   0.04721409 -0.15900349]
 [ 0.11529428 -0.30317463 -0.06376581 -0.07230236  0.23014189]
 [-0.0692562   0.0252565  -0.13421562  0.02464315  0.28844063]
 [-0.01812555 -0.08661356  0.0470423  -0.01303187  0.0069958 ]
 [-0.13978842 -0.15842574 -0.01534342  0.13227252 -0.01976058]]
U = [[ 0.00527567 -0.16532867  0.09707271 -0.00296001  0.2650914 ]
 [-0.15241272  0.03484414  0.18355249  0.18744917 -0.01076471]
 [ 0.24977898  0.00986818  0.05605195  0.19832552  0.12126966]
 [ 0.10412386  0.23346017  0.15646841  0.04174595  0.03538073]
 [-0.26149183  0.19838309  0.35066335  0.14985995  0.02543181]]
Matrix Pair 13; W = [[-0.08939195  0.00291911  0.05562429  0.07537738 -0.12085953]
 [ 0.10293064 -0.29740032 -0.08291666 -0.09330285  0.19255039]
 [-0.05221761  0.06943688 -0.10515468  0.00083708  0.24283715]
 [-0.0130583  -0.04272495  0.00287156  0.03672667  0.02366699]
 [-0.15037467 -0.09006315 -0.04959936  0.09905286 -0.03967335]]
U = [[ 0.03781769 -0.1155097   0.04394522 -0.01840751  0.27268271]
 [-0.11625326  0.01173901  0.18522727  0.23523214  0.0125299 ]
 [ 0.25979181 -0.02158069  0.0825304   0.15804197  0.15431518]
 [ 0.14256122  0.21626259  0.15142763  0.03974925  0.04942651]
 [-0.215224    0.22146667  0.38960427  0.24563115  0.03029411]]
Matrix Pair 14; W = [[-0.08913707  0.08765873  0.11601307  0.09714603 -0.12958571]
 [ 0.15790927 -0.29661293 -0.12271595 -0.14213475  0.17967661]
 [-0.09526243  0.10866767 -0.1739354  -0.03159205  0.2183592 ]
 [ 0.02875661 -0.01651064  0.01655643  0.02269166  0.01799081]
 [-0.11262599 -0.15186201 -0.08488964  0.09519004 -0.0636935 ]]
U = [[ 0.04312783 -0.16747524  0.0882724   0.02475506  0.2235225 ]
 [-0.1528225   0.05969467  0.15037657  0.18955527  0.04986153]
 [ 0.25509102 -0.00536881  0.1133532   0.15704584  0.14044783]
 [ 0.07457995  0.24810785  0.115329    0.00597802  0.09827435]
 [-0.27991273  0.2151894   0.41268949  0.1980683   0.04782025]]
Matrix Pair 15; W = [[-0.09417623  0.04080145  0.10584823  0.04828862 -0.13128319]
 [ 0.06494417 -0.2780695  -0.09153998 -0.10402094  0.22347035]
 [-0.13663876  0.04683552 -0.18995783  0.00601642  0.26063713]
 [ 0.00915464 -0.09609028  0.00038617  0.04530815  0.0680911 ]
 [-0.181401   -0.12870361 -0.07740082  0.16427396 -0.02744735]]
U = [[ 0.08049143 -0.07815014  0.07813414  0.03718365  0.25418757]
 [-0.17595962 -0.00369604  0.13707729  0.21650034  0.02317423]
 [ 0.23931804 -0.02037046  0.04768511  0.20725081  0.17010301]
 [ 0.07068692  0.21069951  0.12916442 -0.02157195  0.10392851]
 [-0.22723612  0.19289056  0.40471358  0.16363401 -0.00572203]]
Matrix Pair 16; W = [[-0.10526925  0.03836578  0.21024062  0.10234363 -0.09355403]
 [ 0.1074345  -0.2240275  -0.12572806 -0.12402507  0.245395  ]
 [-0.07793729 -0.03199722 -0.07003381  0.01594646  0.27883343]
 [-0.03250187 -0.01859641 -0.04643796  0.04664104 -0.10914306]
 [-0.10815899 -0.09618331  0.06069293  0.14106355 -0.1038113 ]]
U = [[ 0.11206119 -0.08310612  0.1377855  -0.13606551  0.2819512 ]
 [-0.1251784   0.06223703  0.21471776  0.19802541 -0.05136949]
 [ 0.21974666  0.01509363  0.11002977  0.04460321  0.18943545]
 [ 0.08551932  0.22289567  0.0947607   0.09081253  0.05984932]
 [-0.2033302   0.22232329  0.35893093  0.16399417 -0.05210086]]
Matrix Pair 17; W = [[-0.14385299  0.06237226  0.15823395  0.1520655  -0.10850795]
 [ 0.17987902 -0.27808154 -0.05531893 -0.12367506  0.302062  ]
 [-0.13149797 -0.00032094 -0.10716351 -0.03905617  0.20008352]
 [ 0.02972344  0.02961943  0.03174279  0.03653838 -0.0759173 ]
 [-0.11748491 -0.15595262  0.07482249  0.13269841 -0.0775388 ]]
U = [[ 0.02196936 -0.04342808  0.18082805 -0.12186297  0.24874438]
 [-0.20511474  0.00384205  0.17587626  0.13802298  0.02694457]
 [ 0.30938497  0.02057947  0.10675301  0.06008328  0.2081977 ]
 [ 0.05945061  0.2138963   0.10530012  0.07452826  0.02784501]
 [-0.24749912  0.22336613  0.31246422  0.12064654 -0.00174078]]
Matrix Pair 18; W = [[-0.0884721   0.09771936  0.18440149  0.14903552 -0.05353825]
 [ 0.10621707 -0.27278829 -0.11768095 -0.14675624  0.26508583]
 [-0.14228378  0.01838503 -0.04743136  0.02731419  0.27419558]
 [-0.01926755 -0.00892683 -0.00498227  0.02716952 -0.09356614]
 [-0.13307186 -0.15558186  0.04576731  0.06639617 -0.07673307]]
U = [[ 0.03634131 -0.05040334  0.20923429 -0.09325707  0.2302856 ]
 [-0.18705846  0.06948726  0.19434809  0.14611582 -0.05818546]
 [ 0.23964672 -0.03684769  0.14660902  0.06424523  0.18479931]
 [ 0.05807741  0.19142563  0.11670946  0.04574506  0.05399143]
 [-0.20189347  0.22627081  0.27032823  0.18658368  0.01895753]]
Matrix Pair 19; W = [[-0.07356752  0.04423733  0.16521148  0.09081488 -0.09456517]
 [ 0.11717021 -0.2678312  -0.05115268 -0.19927191  0.29204989]
 [-0.10035095 -0.0503942  -0.10305478 -0.05070585  0.23497356]
 [-0.05919068  0.01715691  0.01218159 -0.02679255 -0.04362981]
 [-0.13945378 -0.09564751 -0.00165395  0.08961141 -0.13560848]]
U = [[ 0.0777513  -0.05427889  0.15808085 -0.12991759  0.28891537]
 [-0.15090131  0.02248559  0.13928777  0.18529801 -0.00432418]
 [ 0.26065193 -0.04499134  0.11273934  0.11343402  0.21774914]
 [ 0.04398751  0.24137071  0.06794168  0.04628195  0.08810187]
 [-0.19268197  0.22313305  0.36435133  0.12987178 -0.06182937]]
Matrix Pair 20; W = [[-0.01365342  0.0716739   0.1690906   0.10849693 -0.08418214]
 [ 0.13091507 -0.26040153 -0.10026999 -0.06214632  0.29195261]
 [-0.09689389  0.02158609 -0.05196879  0.0386079   0.28817777]
 [ 0.00103246 -0.02612943 -0.01825347  0.01804633 -0.03665778]
 [-0.17693953 -0.2185869   0.06876312  0.05826396 -0.07172189]]
U = [[ 0.10115287 -0.09385521  0.19933169 -0.10558789  0.32721442]
 [-0.21938178  0.04921483  0.21681748  0.18850894 -0.03906751]
 [ 0.33959786  0.03542274  0.16165243  0.10977523  0.15159397]
 [ 0.0418843   0.22922121  0.15652353  0.08373612  0.12991691]
 [-0.22572412  0.14006775  0.34824528  0.18950439 -0.02534642]]
Matrix Pair 21; W = [[-0.02285727  0.04757295  0.12608854  0.10056709 -0.06446146]
 [ 0.07297058 -0.18954372 -0.0486237  -0.08413984  0.29294242]
 [-0.14932903  0.05773342 -0.09374827  0.02574942  0.2916927 ]
 [-0.05931632 -0.01469021 -0.01143816  0.10530729 -0.05621237]
 [-0.15534735 -0.17676689  0.01343028  0.13106355 -0.05704131]]
U = [[ 0.10975205 -0.16454643  0.1201189  -0.05110318  0.2495567 ]
 [-0.17979216  0.10702393  0.1308472   0.18081357  0.0202537 ]
 [ 0.26344462  0.0347783   0.0731769   0.148483    0.08718649]
 [ 0.10811282  0.24219222  0.0661439   0.07948596  0.10374551]
 [-0.26299165  0.13580994  0.38655916  0.19292635  0.00263208]]
Matrix Pair 22; W = [[-0.05458254  0.06205596  0.10338637  0.09500554 -0.11797181]
 [ 0.09519304 -0.17270234 -0.09487807 -0.07743989  0.30312558]
 [-0.10201519 -0.0238041  -0.05012718  0.01657422  0.24485438]
 [-0.02765797 -0.04985665 -0.03931654  0.07118995 -0.03396576]
 [-0.11588006 -0.18192075  0.04154157  0.10169073 -0.02313012]]
U = [[ 0.09236078 -0.13578918  0.21670321 -0.04226469  0.28325939]
 [-0.17357146  0.06693651  0.15916519  0.170012   -0.0185796 ]
 [ 0.32208082  0.03536106  0.07909891  0.08740301  0.0544101 ]
 [ 0.10857283  0.2760269   0.11740026  0.06174881  0.10600144]
 [-0.1973303   0.12991788  0.33270259  0.13428293 -0.02593347]]
Matrix Pair 23; W = [[-0.04698677  0.01410881  0.17368529  0.15843009 -0.13017255]
 [ 0.08284133 -0.24400731 -0.09230364 -0.12994288  0.25024363]
 [-0.08007453  0.03317298 -0.0333114   0.00473455  0.23377185]
 [-0.08251442 -0.05985834  0.01913911  0.03161687 -0.01084056]
 [-0.1309876  -0.2121771   0.00380892  0.12211955 -0.08386249]]
U = [[ 0.05381298 -0.13917977  0.13920223 -0.10236388  0.29198104]
 [-0.15259642  0.02772807  0.21227618  0.18318012 -0.02554565]
 [ 0.31470871  0.10640459  0.12471844  0.09911845  0.14557686]
 [ 0.04331744  0.25081638  0.07751678  0.03034314  0.14246476]
 [-0.22607621  0.20767949  0.33912669  0.16265595 -0.0011806 ]]
Matrix Pair 24; W = [[-0.0906617   0.14363214  0.11274998  0.08995308 -0.13110257]
 [ 0.11924399 -0.22092799 -0.12645022 -0.17395856  0.24155016]
 [-0.08955431  0.07840103 -0.16460545  0.01642086  0.27460452]
 [-0.04933921 -0.08588887 -0.02795096 -0.02926858 -0.00070672]
 [-0.15980554 -0.20272347 -0.03376098  0.07370605 -0.03393759]]
U = [[ 0.04014948 -0.15100676  0.20448889 -0.0511797   0.26186709]
 [-0.18008944  0.03460561  0.172138    0.14370114 -0.03109974]
 [ 0.28104137 -0.01968863  0.12350046  0.1744504   0.18088338]
 [ 0.0297216   0.16651826  0.09889667 -0.02528012  0.07268932]
 [-0.25621086  0.17883099  0.37373806  0.22701884 -0.05139764]]
Matrix Pair 25; W = [[-0.08148919  0.11477696  0.18517034  0.11631135 -0.075492  ]
 [ 0.11185702 -0.26082412 -0.15599628 -0.11654351  0.21569753]
 [-0.06158216  0.07433899 -0.16662881 -0.00255355  0.26206032]
 [-0.01665867 -0.06221499 -0.02670452 -0.00232656  0.00727527]
 [-0.07109266 -0.20954529  0.05824857  0.11068307 -0.04284718]]
U = [[ 0.05382241 -0.0839144   0.14855892 -0.05970502  0.23420809]
 [-0.19934992  0.04438057  0.14854294  0.21735838 -0.0603911 ]
 [ 0.28329438 -0.01829438  0.14098138  0.12548438  0.17476452]
 [ 0.06526567  0.16605434  0.14088078 -0.03727214  0.04805891]
 [-0.22751615  0.25740985  0.39367167  0.19997053 -0.05265077]]
Matrix Pair 26; W = [[-0.03250144  0.05688985  0.17842199  0.1469649  -0.0701765 ]
 [ 0.11694901 -0.31386297 -0.14371607 -0.12228348  0.17222492]
 [-0.0592923   0.01998663 -0.12168735  0.01133611  0.21486875]
 [-0.03076694 -0.07451922  0.03224078  0.05040131 -0.03596683]
 [-0.13090365 -0.17823004 -0.01664247  0.08719992 -0.0986892 ]]
U = [[ 0.04848262 -0.10864163  0.18038941 -0.04045341  0.20446951]
 [-0.19373485 -0.01061237  0.13056202  0.18258308  0.0041    ]
 [ 0.32227759  0.02022835  0.13738083  0.15568842  0.17854291]
 [ 0.07481289  0.13348852  0.13850235 -0.05936001  0.0307415 ]
 [-0.24880269  0.20892886  0.41394915  0.21832398 -0.01289457]]
Matrix Pair 27; W = [[-0.0566771   0.05532656  0.20057415  0.16596041 -0.1425078 ]
 [ 0.11982525 -0.24233548 -0.15089931 -0.16961541  0.23388232]
 [-0.10763395  0.03591548 -0.15046474  0.00274933  0.20077441]
 [-0.05248525 -0.06325299 -0.04351412  0.01746747 -0.02235971]
 [-0.07810659 -0.17981605 -0.00124693  0.10627581 -0.01579629]]
U = [[-0.00120689 -0.1407662   0.15728743 -0.07508567  0.24056361]
 [-0.19521325  0.02295568  0.1373037   0.13865026 -0.02049017]
 [ 0.27548071 -0.0445919   0.09046724  0.09963224  0.13976128]
 [ 0.09482897  0.21925689  0.1383023   0.01646666  0.0413821 ]
 [-0.25828291  0.17090304  0.39780033  0.16160893 -0.04029326]]
Matrix Pair 28; W = [[-0.0309138   0.03722104  0.13228487  0.1151439  -0.11256072]
 [ 0.15209118 -0.26821609 -0.01835979 -0.07969282  0.16380613]
 [-0.05016872  0.01983577 -0.16055103 -0.05358261  0.308564  ]
 [-0.01999861 -0.05804063  0.00288897  0.03619572  0.05875388]
 [-0.15482968 -0.0750895   0.00162327  0.19129001 -0.05895493]]
U = [[ 0.03521672 -0.10811561  0.1817504  -0.11141397  0.21551252]
 [-0.17283765  0.09165833  0.21510872  0.20001444 -0.06235266]
 [ 0.30355727  0.04840624  0.10590957  0.05999252  0.0940176 ]
 [ 0.1008775   0.17479741  0.00923278 -0.02793265  0.09236707]
 [-0.26943946  0.17983519  0.35539976  0.12018115  0.03227173]]
Matrix Pair 29; W = [[-0.03331492  0.08345467  0.08957652  0.14993535 -0.09911546]
 [ 0.10575134 -0.28350448 -0.06206466 -0.04308146  0.16164663]
 [-0.04077335  0.01481227 -0.12014661 -0.01358926  0.21901063]
 [-0.01466796 -0.10274474 -0.06386308  0.04880326  0.00990553]
 [-0.14546089 -0.11950559 -0.01523586  0.16464936 -0.00434822]]
U = [[ 0.08707537 -0.03934964  0.09067923 -0.0990013   0.22711534]
 [-0.10000486  0.02892957  0.14997031  0.21996289 -0.08755988]
 [ 0.27678276  0.08954854  0.11729841  0.04359128  0.14036147]
 [ 0.10360701  0.16792484  0.03981704  0.03014777  0.11187427]
 [-0.22906532  0.1834042   0.35206173  0.13362729  0.09772172]]
Matrix Pair 30; W = [[-0.03805806  0.09799085  0.14227259  0.156589   -0.07521207]
 [ 0.12599914 -0.22170419 -0.00792638 -0.066984    0.16700458]
 [-0.09346355  0.05275372 -0.11172743 -0.05164824  0.27827597]
 [-0.06177014 -0.05880348 -0.00696016  0.05124601 -0.00245435]
 [-0.15995408 -0.11799896  0.02308085  0.14872119 -0.05345659]]
U = [[ 0.03737408 -0.04611826  0.09008495 -0.08754821  0.23854884]
 [-0.17613521  0.09074414  0.18885741  0.19369847 -0.07412802]
 [ 0.20667759  0.0718536   0.11797118  0.11671148  0.12957845]
 [ 0.16852969  0.15959602  0.0420282  -0.01726598  0.05849316]
 [-0.24616904  0.23962697  0.38918487  0.1350625   0.09517268]]
Matrix Pair 31; W = [[-0.08356847  0.0406695   0.12102568  0.08894993 -0.10878805]
 [ 0.10219273 -0.29415727 -0.00635044 -0.12384693  0.22225784]
 [-0.12756267 -0.01297426 -0.11007494 -0.08129413  0.22519978]
 [-0.01968938 -0.04464128 -0.07866359  0.04298848  0.01033964]
 [-0.11941404 -0.07565556  0.02582868  0.18511081  0.01492227]]
U = [[ 0.0530503  -0.13202111  0.11777883 -0.10435832  0.21656899]
 [-0.17789541  0.08742405  0.13587105  0.17199121 -0.0244895 ]
 [ 0.29636064  0.01003969  0.08700109  0.12825713  0.14991911]
 [ 0.11215862  0.12681341  0.02185362 -0.0370721   0.0928007 ]
 [-0.28329165  0.25028048  0.37638137  0.1813885   0.04152895]]
Matrix Pair 32; W = [[-0.07528916  0.04627773  0.14910112  0.07238179 -0.09266723]
 [ 0.10677644 -0.23039567 -0.11212352 -0.06606452  0.13379761]
 [-0.11880305 -0.04418912 -0.0184057  -0.04070218  0.21520444]
 [-0.05668838 -0.08252835  0.06908491  0.01776797  0.03289336]
 [-0.11243049 -0.13565417  0.02235931  0.0603862  -0.02868502]]
U = [[ 0.01667893 -0.07605946  0.15779756 -0.04563006  0.21099272]
 [-0.14459969  0.0728593   0.1784989   0.21903946 -0.02531093]
 [ 0.26341838 -0.0258845   0.16337442  0.06311647  0.09071282]
 [ 0.09358477  0.22000209 -0.00712407 -0.00827871  0.03387281]
 [-0.27057823  0.21251748  0.37615714  0.202561   -0.03106563]]
Matrix Pair 33; W = [[-8.97048751e-02 -1.19381411e-04  1.30278584e-01  3.99213092e-02
  -5.45160718e-02]
 [ 1.03410425e-01 -2.79383433e-01 -7.12148438e-02 -1.03689307e-01
   2.05988510e-01]
 [-1.81267101e-01 -1.56560903e-02 -1.08205422e-02  2.81560446e-02
   1.98745174e-01]
 [-1.11293043e-01 -8.66708721e-02  2.90962357e-02 -8.54247873e-03
   8.55657918e-03]
 [-2.05696581e-01 -1.17634730e-01  6.26598920e-06  6.58519655e-02
  -5.27418641e-03]]
U = [[ 0.03874854 -0.11175712  0.14641693 -0.02444857  0.20175718]
 [-0.16683406  0.05534875  0.13142475  0.21285922 -0.07600677]
 [ 0.30914067 -0.00308715  0.10554253  0.06608897  0.06835369]
 [ 0.0470862   0.14197537  0.04279497  0.05613712  0.08944472]
 [-0.2588508   0.16627014  0.33791109  0.15562895 -0.03425041]]
Matrix Pair 34; W = [[-0.08182462  0.00306799  0.06023645  0.02614908 -0.09756205]
 [ 0.0453512  -0.20176839 -0.09360236 -0.12382113  0.16940546]
 [-0.15064561 -0.0361499  -0.09296836  0.02087396  0.13097767]
 [-0.06487767 -0.12865161  0.07217621  0.0051565  -0.00223695]
 [-0.18963332 -0.0912058   0.02057431  0.07259015 -0.05496114]]
U = [[ 0.08191079 -0.06615396  0.08750275 -0.02040064  0.24488298]
 [-0.15363299  0.0591901   0.14437514  0.15913462 -0.03276083]
 [ 0.2229941   0.01686451  0.17798589  0.10118949  0.06987457]
 [ 0.0111567   0.16094367  0.03317362  0.0497839   0.06848694]
 [-0.26147791  0.17044321  0.33710486  0.14436077 -0.05911429]]
Matrix Pair 35; W = [[-0.07633831  0.01055304  0.13282618  0.04353331 -0.0620451 ]
 [ 0.04652673 -0.21221678 -0.15307099 -0.13035663  0.13264619]
 [-0.10391458 -0.06644851 -0.06006522 -0.02321115  0.21088924]
 [-0.03932875 -0.12348479  0.0708817   0.05802511  0.00317995]
 [-0.15567035 -0.18619082  0.01433999  0.08152954 -0.00676857]]
U = [[ 0.00393687 -0.04207804  0.0930207  -0.02588866  0.22310327]
 [-0.13260774  0.11304021  0.12681115  0.18767979 -0.0124724 ]
 [ 0.24433089 -0.0051973   0.18034654  0.06206059  0.07625442]
 [ 0.05248216  0.13842018 -0.01184817  0.00751817  0.07742761]
 [-0.21279377  0.26434843  0.32780954  0.17643029 -0.01189606]]
Matrix Pair 36; W = [[-0.05996867  0.08703326  0.14275031  0.1770626  -0.08133474]
 [ 0.03290602 -0.21191991 -0.11360845 -0.08617601  0.23521358]
 [-0.02333664  0.01524655 -0.11811434 -0.06791098  0.19310732]
 [-0.07052414 -0.0788915   0.02382467  0.06012541  0.04466618]
 [-0.16079035 -0.15339385 -0.02736384  0.07371331  0.03387346]]
U = [[ 0.13962935 -0.12703322  0.14026662 -0.02591764  0.26589133]
 [-0.19968472  0.01730998  0.16824659  0.18373475  0.00668219]
 [ 0.34039805  0.02332055  0.10086975  0.08528845  0.21855154]
 [ 0.08073212  0.20519497  0.01560007  0.00534306  0.11019805]
 [-0.23876421  0.19896729  0.36946462  0.17635954 -0.01477378]]
Matrix Pair 37; W = [[-0.12629044  0.07845108  0.15200035  0.14868192 -0.08212522]
 [ 0.09864421 -0.25351497 -0.05604402 -0.1019068   0.21634132]
 [-0.07592375  0.0205088  -0.12089411 -0.07504154  0.22527632]
 [-0.0060399  -0.06919116  0.03453637 -0.00317382 -0.02597901]
 [-0.14497466 -0.13345663 -0.02864702  0.13525531 -0.00173134]]
U = [[ 0.09733236 -0.13213095  0.1343703  -0.06283126  0.30037039]
 [-0.16164518  0.08544031  0.15797506  0.23515157 -0.05042494]
 [ 0.33311922 -0.03235127  0.09939182  0.11920373  0.18288636]
 [ 0.05444914  0.2587582   0.07168887  0.05131359  0.14954048]
 [-0.26178639  0.10872953  0.33911443  0.09386005 -0.00800122]]
Matrix Pair 38; W = [[-0.06914647  0.01131712  0.13675417  0.13595705 -0.10827198]
 [ 0.04285772 -0.27010135 -0.09072303 -0.15987593  0.17730201]
 [-0.02630951  0.08313215 -0.08962959  0.00599797  0.26379166]
 [ 0.0065563  -0.07924725 -0.02085252 -0.03280888  0.04882785]
 [-0.12235207 -0.14348969 -0.06415352  0.12228861 -0.04873015]]
U = [[ 0.13290456 -0.14586384  0.14581176 -0.05959849  0.31857395]
 [-0.21084926  0.04078007  0.18133323  0.20257997 -0.02374273]
 [ 0.33238578 -0.0294013   0.09292079  0.15600714  0.14770806]
 [ 0.10871606  0.25006451  0.04396324  0.04800175  0.14043498]
 [-0.16352674  0.19807882  0.29698841  0.09643161  0.02647673]]
Matrix Pair 39; W = [[-0.07289484  0.01666409  0.13056986  0.0947143  -0.11121779]
 [ 0.07017642 -0.21305508 -0.05187747 -0.14217853  0.16676567]
 [-0.07199429  0.07061102 -0.12225794 -0.07399448  0.21163825]
 [-0.07434549 -0.10153834  0.0678875   0.03727862 -0.00826841]
 [-0.15210245 -0.06526472 -0.0280578   0.06317523 -0.032961  ]]
U = [[ 0.10605154 -0.08678783  0.17792081 -0.05600161  0.24538009]
 [-0.15344213  0.03287803  0.21294378  0.23255361 -0.02227657]
 [ 0.28264302  0.05641623  0.11112399  0.13419412  0.22348713]
 [ 0.06365629  0.23114735  0.03266235 -0.00137928  0.08699689]
 [-0.19268887  0.10970199  0.33695522  0.104191    0.00036618]]
Matrix Pair 40; W = [[-0.04106902  0.08720551  0.05076908  0.11702221 -0.16825932]
 [ 0.08506297 -0.26298076 -0.12734134 -0.14353974  0.13113322]
 [-0.03087166  0.04978783 -0.17791778 -0.01256333  0.18888258]
 [-0.00714466 -0.05525321  0.04186349 -0.02805615  0.03520204]
 [-0.17657024 -0.18196756  0.0018478   0.12215752  0.00296839]]
U = [[-0.00298702 -0.15475867  0.11061321 -0.07587838  0.22339076]
 [-0.17085261  0.11962573  0.10861534  0.13359366 -0.05881582]
 [ 0.24114876  0.02752274  0.14267148  0.06254922  0.09971291]
 [ 0.11315115  0.23066269  0.11006706  0.07724255  0.0489568 ]
 [-0.25322925  0.28911014  0.31467772  0.16430255 -0.05008487]]
Matrix Pair 41; W = [[-0.08970222  0.08271466  0.09375042  0.14502547 -0.15947754]
 [ 0.1194182  -0.30799561 -0.04730632 -0.05655456  0.22294678]
 [-0.10697097  0.04220614 -0.1129097   0.04687813  0.19265679]
 [ 0.00278252 -0.02011469  0.00053581 -0.03149655  0.0154265 ]
 [-0.23350868 -0.14420407 -0.0025385   0.14796923 -0.01071634]]
U = [[ 0.04048746 -0.14280322  0.12186381 -0.08021267  0.273204  ]
 [-0.13733323  0.1247354   0.14619108  0.14446509 -0.07606404]
 [ 0.22224033  0.00974621  0.1203186   0.08292276  0.10043233]
 [ 0.09157647  0.18040742  0.04727862  0.08688031  0.07439796]
 [-0.22065722  0.25971171  0.33505454  0.13168132 -0.00824941]]
Matrix Pair 42; W = [[-0.08223254  0.04571627  0.14969736  0.08848814 -0.10941208]
 [ 0.09225415 -0.26930226 -0.05736702 -0.14903261  0.20958042]
 [-0.02488957  0.05101012 -0.13658025 -0.00939631  0.20087026]
 [-0.01002342 -0.05655413  0.07087023 -0.00145373  0.0635728 ]
 [-0.22800941 -0.17277748 -0.03073087  0.12851851 -0.0203419 ]]
U = [[ 0.06614281 -0.12152987  0.07748019 -0.0328347   0.25721295]
 [-0.21464214  0.12785657  0.09096203  0.16394759 -0.00695775]
 [ 0.28769729 -0.01860704  0.08167057  0.14845074  0.13071445]
 [ 0.09834024  0.18963093  0.08891204  0.01907497  0.10974456]
 [-0.21636922  0.26575102  0.32357929  0.15115957 -0.01557798]]
Matrix Pair 43; W = [[-0.05947373  0.07938116  0.12338769  0.12766556 -0.17978395]
 [ 0.12261418 -0.27491062 -0.0367523  -0.07488739  0.1259939 ]
 [-0.05495818 -0.00676791 -0.16920486 -0.04285007  0.24193115]
 [ 0.03539397 -0.07022994  0.02580283  0.0089176   0.09482538]
 [-0.22888313 -0.15575374 -0.03330113  0.12010329  0.04560951]]
U = [[ 0.06077714 -0.1094495   0.05583923 -0.06201513  0.25058105]
 [-0.16474532  0.1453954   0.15859351  0.17101661 -0.0464967 ]
 [ 0.21699001  0.06306247  0.0712697   0.1526441   0.09298398]
 [ 0.11134828  0.22575916  0.07017664 -0.00315654  0.08013631]
 [-0.21932842  0.24069896  0.38318587  0.13365875  0.03476282]]
Matrix Pair 44; W = [[-0.14506116  0.09043843  0.19465094 -0.00475816 -0.16380829]
 [ 0.12300628 -0.22493009 -0.08346454 -0.10000942  0.23622708]
 [-0.05486466  0.08219437 -0.05421667 -0.00594071  0.19829507]
 [ 0.06902827 -0.09777728 -0.0217073  -0.04891021  0.01164906]
 [-0.18425622 -0.10586411  0.02318932  0.10495882 -0.04965832]]
U = [[ 0.1001879  -0.10776371  0.05973603 -0.08417294  0.24155723]
 [-0.22441506  0.11907579  0.13769488  0.22533962  0.06508622]
 [ 0.24215164  0.09726814  0.11246514  0.12348175  0.17412264]
 [ 0.06363695  0.19207893  0.01801432  0.0298661   0.07069398]
 [-0.20482756  0.16802221  0.29336758  0.14416842 -0.08162325]]
Matrix Pair 45; W = [[-0.14373677  0.09161218  0.1804436   0.06600957 -0.13534904]
 [ 0.05150747 -0.25966053 -0.07875132 -0.11698629  0.21051626]
 [-0.08046575  0.04618024 -0.12436639 -0.09220991  0.1546507 ]
 [ 0.04829148 -0.08084153 -0.03664478 -0.03679058  0.04059989]
 [-0.18434856 -0.08074751 -0.04177083  0.16258724  0.01040592]]
U = [[ 1.03220649e-01 -1.53603011e-01  1.15056711e-01 -4.02660412e-02
   2.31950912e-01]
 [-1.32577386e-01  1.24876487e-01  1.68452205e-01  1.92763131e-01
   3.97750399e-02]
 [ 2.09393002e-01  3.37241326e-02  9.09969158e-02  1.16577204e-01
   1.92783585e-01]
 [ 7.17510698e-02  1.04862189e-01  3.80863890e-02 -2.27869235e-04
  -5.29940794e-03]
 [-2.43047943e-01  1.41632184e-01  3.05928471e-01  1.54762223e-01
  -1.54972965e-03]]
Matrix Pair 46; W = [[-0.14875106  0.05396335  0.21846651  0.01940209 -0.10686545]
 [ 0.06356222 -0.19454846 -0.03342554 -0.1371464   0.1907529 ]
 [-0.01986606  0.09443901 -0.0758627  -0.06060053  0.13937567]
 [ 0.01297086 -0.11234164 -0.05255967  0.01527156  0.04126502]
 [-0.15364589 -0.139447    0.0146048   0.15541599 -0.01653477]]
U = [[ 0.04721749 -0.12970107  0.09676769 -0.05143655  0.23126245]
 [-0.15717324  0.10887829  0.14600842  0.21077474  0.0784588 ]
 [ 0.27027111  0.02917919  0.05349188  0.13680144  0.18272326]
 [ 0.12448962  0.11733964  0.04222791  0.02406002 -0.00502229]
 [-0.18776362  0.15266398  0.36324204  0.14725847 -0.03854514]]
Matrix Pair 47; W = [[-0.08704818  0.08933317  0.12259432 -0.00963734 -0.11936013]
 [ 0.05102155 -0.26671834 -0.05350879 -0.08777465  0.24099224]
 [-0.11151228  0.01000627 -0.127757   -0.02599504  0.14471983]
 [ 0.00139191 -0.03353438 -0.01439785  0.00219767  0.04223165]
 [-0.15481583 -0.11810498  0.01185522  0.18748001 -0.06296538]]
U = [[ 0.10555345 -0.09218681  0.11904438 -0.05034038  0.23565171]
 [-0.21700942  0.11894477  0.14960831  0.2076144   0.09182056]
 [ 0.26478272  0.06832583  0.06983071  0.1569051   0.19511197]
 [ 0.09545302  0.17923815  0.01351187  0.01403534  0.0361888 ]
 [-0.21537192  0.16210429  0.36798808  0.19928971 -0.01969714]]
Matrix Pair 48; W = [[-0.13042492  0.07594739  0.16171616  0.04068667 -0.20055225]
 [ 0.05433075 -0.2654401  -0.03296622 -0.11720618  0.22481131]
 [-0.0543687   0.07082895 -0.060249    0.00648005  0.19367708]
 [-0.04857871 -0.04311792  0.01016607  0.02772575 -0.01400852]
 [-0.13389957 -0.19527691  0.04103763  0.09529777  0.00533748]]
U = [[ 0.12212944 -0.17118506  0.09045666 -0.11606726  0.18670699]
 [-0.15601372  0.07838025  0.16808279  0.19091661  0.03503281]
 [ 0.31853112  0.02147506  0.10796054  0.15996591  0.10681558]
 [ 0.07681379  0.17051053  0.03301929  0.05365921  0.09421171]
 [-0.17402556  0.20671984  0.3719067   0.11190787 -0.00528832]]
Matrix Pair 49; W = [[-0.0749902   0.08863415  0.15433463  0.02371598 -0.13421809]
 [ 0.08318224 -0.29299566 -0.10469566 -0.11526061  0.26575105]
 [ 0.02846427  0.03151721 -0.08732182  0.02355338  0.21306299]
 [-0.04336711 -0.07153143 -0.05652388  0.03439013  0.00381652]
 [-0.1690579  -0.12841656  0.00814836  0.13062129 -0.04986898]]
U = [[ 0.1031771  -0.12364085  0.10903043 -0.06278727  0.23515731]
 [-0.16306594  0.10950163  0.0889446   0.14300521  0.02988291]
 [ 0.3050508   0.00494649  0.08215609  0.16007032  0.12164   ]
 [ 0.14432084  0.16451996  0.07161664  0.0594313   0.09083009]
 [-0.20330242  0.19063773  0.35440946  0.19068176 -0.01404548]]
Matrix Pair 50; W = [[-0.12902306  0.10901368  0.09476011  0.05022361 -0.15130339]
 [ 0.09455589 -0.27535412 -0.10435012 -0.11195394  0.22833602]
 [ 0.00272905  0.04055593 -0.11406874  0.0267235   0.22757737]
 [-0.04437765 -0.03424948 -0.00127227  0.06498724 -0.02098684]
 [-0.12725311 -0.13386921  0.01859586  0.09158255 -0.05337917]]
U = [[ 0.05007979 -0.15061438  0.15835765 -0.1462748   0.23903636]
 [-0.14964899  0.10475265  0.15428242  0.18830484  0.0612388 ]
 [ 0.25978067  0.04452871  0.06093911  0.11304934  0.14981806]
 [ 0.1328392   0.23246107  0.09806892  0.03812511  0.13449115]
 [-0.23170908  0.16226663  0.39232671  0.12070662  0.01331615]]
Matrix Pair 51; W = [[-0.10648231  0.08983649  0.15920258  0.07284389 -0.18817404]
 [ 0.13398233 -0.24012736 -0.07004393 -0.0748435   0.1846389 ]
 [-0.02459405  0.04458997 -0.13167208  0.05919591  0.22629344]
 [-0.01888242 -0.04913311  0.01104463  0.06208087  0.0179545 ]
 [-0.17337953 -0.16493732 -0.00105133  0.07276802 -0.08304729]]
U = [[ 0.10298266 -0.08404555  0.10872123 -0.11288731  0.25333656]
 [-0.21275654  0.12816147  0.13193544  0.21085645  0.091355  ]
 [ 0.27798156  0.06444549  0.13537206  0.12891167  0.15249968]
 [ 0.14740132  0.21105358  0.0781366  -0.00807177  0.0683124 ]
 [-0.2249139   0.2067119   0.32650387  0.09552608  0.00690084]]
Matrix Pair 52; W = [[-0.09343461  0.08823486  0.11981287  0.09593841 -0.11721852]
 [ 0.09373294 -0.26588767 -0.09087205 -0.15100349  0.2717988 ]
 [-0.00450301  0.03362467 -0.11280811 -0.0410387   0.23855056]
 [-0.04169635 -0.04985124  0.0162484   0.05411976  0.03727691]
 [-0.14544322 -0.18078111 -0.03391411  0.20510939 -0.11685179]]
U = [[ 0.01127153 -0.10830799  0.0758337  -0.06628247  0.18061696]
 [-0.16660926  0.08677083  0.21552107  0.27980226  0.0023614 ]
 [ 0.23584233  0.03465321  0.0613968   0.11517488  0.15063457]
 [ 0.0519451   0.22650123  0.08438813  0.02099032  0.03086582]
 [-0.23564268  0.13817461  0.34094981  0.18635808 -0.02752115]]
Matrix Pair 53; W = [[-0.01823826  0.12923615  0.15335393  0.01212097 -0.08951864]
 [ 0.13046322 -0.28633408 -0.10409925 -0.12452623  0.2617167 ]
 [-0.0005178  -0.02005015 -0.14394729  0.01508342  0.26197453]
 [ 0.00813161 -0.02237493  0.05089156  0.06107559 -0.04004748]
 [-0.14423467 -0.13108658  0.00104487  0.16130139 -0.11803257]]
U = [[ 3.29470020e-02 -1.13883290e-01  1.32081229e-01 -1.18838403e-01
   1.80434955e-01]
 [-1.14631567e-01  4.34149843e-02  1.36646922e-01  2.31375016e-01
  -4.77397713e-02]
 [ 2.06169193e-01  6.87589131e-05  1.00020633e-01  1.88473460e-01
   1.94735080e-01]
 [ 1.18462480e-01  2.33432456e-01  8.29469294e-02  2.38671375e-02
   1.04141772e-01]
 [-2.67553353e-01  1.89265468e-01  3.60201072e-01  1.29347593e-01
  -1.38486263e-02]]
Matrix Pair 54; W = [[-0.08491055  0.03803251  0.13480859  0.05077783 -0.07759949]
 [ 0.09815032 -0.22573293 -0.16449199 -0.16346776  0.23008407]
 [-0.07309856  0.01249204 -0.16851792 -0.041257    0.24616201]
 [ 0.00763485 -0.10091101  0.05799294  0.09540153 -0.04560891]
 [-0.18511291 -0.13627402  0.02058659  0.19061505 -0.11566064]]
U = [[ 0.04953566 -0.09523329  0.06265044 -0.12486029  0.21657161]
 [-0.11577865  0.04750449  0.17515635  0.26514237 -0.04618282]
 [ 0.22949115 -0.01106977  0.06576462  0.14638295  0.18402948]
 [ 0.11387834  0.24923217  0.02835698  0.07581566  0.04228164]
 [-0.23897393  0.21517725  0.35744288  0.17255958  0.01613159]]
Matrix Pair 55; W = [[-0.03905374  0.0348659   0.10609876  0.05064446 -0.09669993]
 [ 0.07281319 -0.21596538 -0.08685711 -0.11402307  0.26643017]
 [-0.05802457  0.04677759 -0.1219154   0.00702805  0.22067633]
 [-0.01648833 -0.02747365  0.04233722  0.03328729  0.04098437]
 [-0.19814739 -0.17650431  0.0270472   0.18270847 -0.0584155 ]]
U = [[ 0.06195298 -0.1380358   0.09583494 -0.15527222  0.24429951]
 [-0.19552617  0.06661679  0.21587074  0.24719374  0.02417122]
 [ 0.28360874 -0.01583801  0.10488778  0.16396842  0.1276234 ]
 [ 0.10998772  0.20083861  0.04174021  0.01978796  0.11717798]
 [-0.24501322  0.14032661  0.36869865  0.15804557  0.04049745]]
Matrix Pair 56; W = [[-0.0715875   0.05080985  0.19061579  0.09115592 -0.13139664]
 [ 0.13370338 -0.29007298 -0.12504842 -0.16001121  0.13283519]
 [-0.03657572  0.10359665 -0.06523477 -0.04724727  0.26216841]
 [-0.00156907 -0.0155822  -0.04214947 -0.02668579  0.09723494]
 [-0.14117171 -0.11056487  0.02176983  0.10025311 -0.04727079]]
U = [[ 0.08745386 -0.08310332  0.14274884 -0.13294138  0.23602864]
 [-0.18431436  0.15458079  0.1107373   0.22646158 -0.01882521]
 [ 0.26829419  0.04160102  0.03424654  0.09458018  0.13117243]
 [ 0.12300101  0.26884754  0.07962737  0.06964305  0.07230196]
 [-0.25156902  0.12330608  0.34563664  0.15084007  0.02137659]]
Matrix Pair 57; W = [[-0.05294249  0.05410407  0.19527561  0.13272719 -0.14075033]
 [ 0.12202635 -0.28894172 -0.04456178 -0.14233094  0.17225483]
 [-0.03055111  0.05868912 -0.12488571 -0.00787295  0.21163041]
 [ 0.05559123 -0.08457199 -0.03628783 -0.0012174   0.07221352]
 [-0.14235407 -0.13278771  0.03921908  0.06746865 -0.03714768]]
U = [[ 0.0295563  -0.10625242  0.15835586 -0.07215775  0.22181211]
 [-0.17493712  0.07496624  0.18420211  0.13794523 -0.04157651]
 [ 0.25604598  0.07634098  0.12362176  0.15606423  0.15106473]
 [ 0.08714796  0.17969006  0.07345345  0.06638078  0.07605172]
 [-0.25108716  0.11447262  0.36480782  0.14708063 -0.01382258]]
Matrix Pair 58; W = [[-0.06759307  0.03420235  0.20553904  0.04417491 -0.12105369]
 [ 0.08236488 -0.23379789 -0.09420937 -0.11519934  0.21804995]
 [-0.01575036  0.12241887 -0.12170015 -0.00716353  0.24898882]
 [-0.00631729  0.0075249  -0.05900275 -0.01694905  0.06001618]
 [-0.18152845 -0.09107407  0.05494     0.07028317 -0.00847176]]
U = [[ 0.06902766 -0.15341515  0.19603113 -0.05903891  0.27505447]
 [-0.18733207  0.1574495   0.16455797  0.17945723 -0.04582284]
 [ 0.23231416  0.01901524  0.11299957  0.15257287  0.09990316]
 [ 0.09869179  0.18460281  0.09026067  0.02210052  0.09017215]
 [-0.31305691  0.17956445  0.39410679  0.12830716 -0.00593486]]
Matrix Pair 59; W = [[-0.00348935  0.10552515  0.13701525  0.0495431  -0.1183478 ]
 [ 0.09792118 -0.25038456 -0.11873651 -0.0939189   0.17767112]
 [-0.03344328  0.08490963 -0.08435351 -0.07691574  0.23086731]
 [ 0.02015738 -0.08064377 -0.04389899 -0.01411638  0.01205874]
 [-0.16325121 -0.1003197   0.05811739  0.02624143 -0.03053068]]
U = [[ 0.10407893 -0.1053964   0.16138119 -0.09160754  0.20746333]
 [-0.17385258  0.12607766  0.13697215  0.18749092 -0.08281105]
 [ 0.27169702  0.00786035  0.10875081  0.18740945  0.16134356]
 [ 0.15306916  0.25502534  0.06075983  0.03075611  0.10684388]
 [-0.27943623  0.09749748  0.37423394  0.09788725  0.01540348]]
Matrix Pair 60; W = [[-0.08616815  0.03396962  0.12422163  0.09018247 -0.11155746]
 [ 0.1126427  -0.24648477 -0.1500597  -0.070304    0.2179318 ]
 [-0.15817997  0.02622091 -0.10827955  0.01850764  0.19144303]
 [ 0.03398789 -0.0435358   0.02593097  0.0045617   0.01308561]
 [-0.12141712 -0.14664199 -0.01972272  0.12102846  0.00623953]]
U = [[ 0.08958827 -0.11512971  0.15883772 -0.11503097  0.22818662]
 [-0.07862131  0.08066514  0.16522823  0.13720479 -0.08241171]
 [ 0.26130063  0.01962508  0.12333121  0.08613329  0.13286157]
 [ 0.07076859  0.19270227  0.06633233  0.03489381  0.00627059]
 [-0.28363535  0.19695848  0.42643312  0.22188296  0.0613445 ]]
Matrix Pair 61; W = [[-0.12387995  0.03436137  0.12341226  0.09436262 -0.13149417]
 [ 0.17778198 -0.2245269  -0.10477168 -0.09764676  0.13909222]
 [-0.15585653  0.06915571 -0.0865399   0.05412853  0.11603206]
 [-0.04354144 -0.0734288   0.01939426  0.04949924  0.04327937]
 [-0.12801794 -0.16443019 -0.04255182  0.12950458 -0.05015444]]
U = [[ 0.07506901 -0.11062668  0.09854616 -0.04974968  0.20224228]
 [-0.1497786   0.01692332  0.19886372  0.17356115 -0.03914623]
 [ 0.24210291  0.03643419  0.17395142  0.1662923   0.15735723]
 [ 0.07372907  0.17290946  0.06506463 -0.01928735 -0.01377168]
 [-0.28766929  0.24693983  0.43141993  0.21692155  0.04810096]]
Matrix Pair 62; W = [[-0.06364407  0.09492839  0.10671374  0.031764   -0.13562412]
 [ 0.09479231 -0.26475069 -0.13457195 -0.07670097  0.21040863]
 [-0.06435738  0.04526875 -0.10355733  0.04195895  0.20440502]
 [ 0.03846154 -0.06194356  0.07565088  0.00792172 -0.02900902]
 [-0.17892067 -0.18985149 -0.0382623   0.10331243 -0.01044212]]
U = [[ 0.09323887 -0.13308868  0.08722331 -0.02628206  0.21630442]
 [-0.17239169  0.1094166   0.18906675  0.21397759 -0.05784849]
 [ 0.20336896  0.02109913  0.11601862  0.1439653   0.1393205 ]
 [ 0.01864327  0.20475907  0.09978058 -0.02279709  0.06120673]
 [-0.21911098  0.21505339  0.39773892  0.18240431  0.01327944]]
Matrix Pair 63; W = [[-0.07575726  0.07282592  0.16342415  0.04482361 -0.16124603]
 [ 0.13631052 -0.27883815 -0.10533829 -0.11747221  0.20749701]
 [-0.09296893  0.02990974 -0.10223933  0.02931749  0.13790735]
 [-0.00722012 -0.08924648  0.00319361  0.0163956   0.04177421]
 [-0.12265225 -0.14348722  0.04274907  0.05628968 -0.07521406]]
U = [[ 0.1065785  -0.15322152  0.15398976 -0.03942697  0.17804267]
 [-0.08389415  0.09591871  0.20856363  0.20428989 -0.08230211]
 [ 0.26444187  0.04731293  0.13129239  0.14444669  0.15791831]
 [ 0.0669302   0.16242199  0.07700054  0.04133262 -0.01758987]
 [-0.30633811  0.20708808  0.39256393  0.20495686  0.08318646]]
