Epoch: 71Matrix Pair 0; W = [[ 0.21316802 -0.06025854  0.14992522 -0.23678165  0.15856441]
 [-0.10503914 -0.34143861 -0.14487299  0.28061332 -0.12017932]
 [-0.11415061  0.01130863 -0.08606798  0.12406903  0.04140512]
 [-0.01621445  0.11634304  0.05125249 -0.11180155 -0.0831525 ]
 [-0.12225268 -0.1674546  -0.16036627 -0.12745355  0.05927664]]
U = [[ 0.16634403  0.0236665   0.28507447  0.36907736 -0.0340379 ]
 [-0.32563474 -0.09898665 -0.00452625  0.10178694  0.23228259]
 [ 0.04577236 -0.09500594 -0.22945879 -0.17423639  0.23440926]
 [ 0.21869529 -0.09103461  0.24840578  0.02985005 -0.22921918]
 [-0.09028512  0.0220257  -0.32403974  0.02176389 -0.03502675]]
Matrix Pair 1; W = [[ 0.21106071  0.03263033  0.09075428 -0.24790566  0.155473  ]
 [-0.07603091 -0.29560769 -0.1167949   0.29983248 -0.1508187 ]
 [-0.12761433  0.06297695 -0.11980957  0.06463405 -0.03486806]
 [ 0.03775333  0.06786079 -0.01738607 -0.11079062  0.00722028]
 [-0.15693943 -0.15661222 -0.21001372 -0.15796968  0.05785664]]
U = [[ 0.11852404  0.0145756   0.30306798  0.33357281 -0.0621786 ]
 [-0.34787146 -0.1210484   0.00393647  0.13022541  0.17590587]
 [ 0.08478998 -0.1463804  -0.19622031 -0.15377842  0.18400586]
 [ 0.23846373 -0.06460648  0.23446299  0.08667659 -0.16587052]
 [-0.07491067  0.03196583 -0.2802999  -0.0287606  -0.017376  ]]
Matrix Pair 2; W = [[ 0.27505979 -0.02400577  0.09655132 -0.24763594  0.14682601]
 [-0.12922234 -0.28838874 -0.05798557  0.3088582  -0.12552519]
 [-0.05019181  0.02643201 -0.08989974  0.06640077  0.03562267]
 [ 0.0029164   0.08250059  0.00585581 -0.12628448 -0.07127797]
 [-0.1650785  -0.18028929 -0.14281068 -0.13576337 -0.01554961]]
U = [[ 0.09734902  0.09178907  0.25450152  0.40922366 -0.01034337]
 [-0.35338434 -0.09797494  0.03502536  0.15390832  0.20223031]
 [ 0.09272333 -0.15975131 -0.23997937 -0.1247116   0.20914151]
 [ 0.24434423 -0.12432504  0.21638528  0.09671753 -0.19978516]
 [-0.04503415  0.05175452 -0.25830361  0.00184172 -0.04790101]]
Matrix Pair 3; W = [[ 2.19829874e-01  1.69518409e-02  8.79812424e-02 -1.59513492e-01
   1.46004452e-01]
 [-1.49728252e-01 -3.47430243e-01 -8.97738440e-02  2.88832713e-01
  -1.55006081e-01]
 [-5.44768118e-02  5.26748296e-02 -1.19595983e-01  5.54420677e-02
   2.97300346e-02]
 [-2.34380490e-02  1.32099354e-01  2.71140574e-04 -6.75502278e-02
  -2.35431044e-02]
 [-1.09259064e-01 -1.60289816e-01 -2.35601564e-01 -1.07326640e-01
   5.07310926e-02]]
U = [[ 0.13305051  0.01835769  0.27150728  0.32422238 -0.06129269]
 [-0.3252188  -0.16893313 -0.00363293  0.14580195  0.23385542]
 [ 0.01101451 -0.18376017 -0.23018451 -0.20157842  0.19477881]
 [ 0.25696152 -0.07762989  0.25372933  0.02938622 -0.14175763]
 [-0.1051982   0.10194856 -0.31109299 -0.04371466  0.00994826]]
Matrix Pair 4; W = [[ 0.21128746 -0.06216271  0.11749614 -0.19537577  0.15801751]
 [-0.12203855 -0.30251449 -0.12790762  0.32041954 -0.08530532]
 [-0.06104062  0.05067785 -0.0817519   0.10615709 -0.02746134]
 [-0.03099405  0.11122143  0.01265499 -0.05447332  0.00597103]
 [-0.1487668  -0.12439181 -0.20513985 -0.14181507 -0.02749611]]
U = [[ 0.11306276  0.04444912  0.26500945  0.39114134 -0.06183684]
 [-0.392596   -0.0967737   0.06234884  0.13836254  0.2207814 ]
 [ 0.09569596 -0.11112243 -0.21851254 -0.14717325  0.17490741]
 [ 0.22266931 -0.12477638  0.2257075   0.02530121 -0.17366656]
 [-0.03595947  0.04042229 -0.3009561  -0.06171284  0.029296  ]]
Matrix Pair 5; W = [[ 0.19345341 -0.04379136  0.14941839 -0.17169439  0.10463191]
 [-0.10302147 -0.34290438 -0.08777402  0.28117588 -0.07407549]
 [-0.11288868  0.00554472 -0.04831802  0.10164506  0.04373571]
 [ 0.00999678  0.10737675  0.06249747 -0.09626613 -0.06599926]
 [-0.14688335 -0.1738128  -0.14638103 -0.0966386   0.06513712]]
U = [[ 0.1478422   0.02346226  0.31802359  0.36109888 -0.01357047]
 [-0.33803882 -0.11473879  0.0085133   0.14446679  0.16668305]
 [ 0.0828427  -0.12816819 -0.19796829 -0.14663488  0.19057573]
 [ 0.23953265 -0.08189421  0.24042529  0.02226871 -0.18694427]
 [-0.08003185  0.01585285 -0.24665648 -0.01869809  0.02599079]]
Matrix Pair 6; W = [[ 0.2592416  -0.03452347  0.14612336 -0.16366401  0.149893  ]
 [-0.11626465 -0.27409546 -0.1086913   0.28700774 -0.14715436]
 [-0.07266124  0.05693376 -0.0381159   0.14422846 -0.00841839]
 [-0.04682002  0.05050646 -0.00174914 -0.136317    0.00216165]
 [-0.17784352 -0.15575919 -0.17605732 -0.09893382  0.01916122]]
U = [[ 0.1765256   0.05157764  0.33312762  0.38197604  0.00184335]
 [-0.4025242  -0.1192707   0.05422767  0.16620925  0.14024498]
 [ 0.08796862 -0.18372012 -0.14655578 -0.1488662   0.13908847]
 [ 0.29529554 -0.03976077  0.22945055  0.03696904 -0.16557994]
 [-0.12483148  0.04728667 -0.22946507 -0.02191773 -0.00908318]]
Matrix Pair 7; W = [[ 0.24943619 -0.00461244  0.13851576 -0.18577555  0.15048429]
 [-0.10058453 -0.33778162 -0.0914018   0.31039955 -0.06814006]
 [-0.09965448  0.00839379 -0.10120161  0.13942134  0.0269809 ]
 [ 0.04031914  0.10511113 -0.01679563 -0.12876803 -0.04821682]
 [-0.15479333 -0.1479353  -0.17610152 -0.12060165  0.00793725]]
U = [[ 0.17284297  0.01396388  0.25132569  0.33855539 -0.05859537]
 [-0.32468012 -0.14607398  0.06085546  0.06873801  0.19822168]
 [ 0.02982348 -0.18126298 -0.21357579 -0.21227828  0.21204419]
 [ 0.26434396 -0.04319554  0.19297156  0.08499571 -0.16622621]
 [-0.03731058  0.08967213 -0.27531808 -0.06174491 -0.0204782 ]]
Matrix Pair 8; W = [[ 0.22929749 -0.04760928  0.13179555 -0.23496891  0.14058969]
 [-0.11598339 -0.26806707 -0.13016034  0.26415614 -0.09347123]
 [-0.08362295  0.06480314 -0.12119716  0.10172533  0.04696414]
 [-0.03783241  0.12734363  0.04132572 -0.09705336 -0.06313962]
 [-0.0867698  -0.14099131 -0.20151243 -0.13020125 -0.00135573]]
U = [[ 0.11902008  0.00846364  0.29291554  0.35253507 -0.05594503]
 [-0.3667457  -0.14349047  0.0533716   0.0894815   0.13893559]
 [ 0.09316217 -0.11698692 -0.15304617 -0.21279412  0.1631251 ]
 [ 0.21154106 -0.09887661  0.26617307  0.09132322 -0.16708447]
 [-0.05565665  0.0865185  -0.31334617 -0.05161957 -0.03743962]]
Matrix Pair 9; W = [[ 0.19282681  0.01054422  0.05579609 -0.20696854  0.08648643]
 [-0.14320102 -0.32942732 -0.1087644   0.24447133 -0.0780706 ]
 [-0.0937437   0.01789456 -0.05900917  0.12940854  0.01040364]
 [-0.05142259  0.09370839  0.04377951 -0.14528339 -0.05239361]
 [-0.14901612 -0.09319277 -0.17085149 -0.10401023  0.06540856]]
U = [[ 0.17126909  0.10048826  0.25449454  0.40508118  0.00206561]
 [-0.36110194 -0.18109357  0.07453392  0.13554458  0.13985708]
 [ 0.07598499 -0.19316905 -0.19051995 -0.11510364  0.21955481]
 [ 0.2165643  -0.09120777  0.19056996  0.05509116 -0.15682476]
 [-0.08678122  0.03865229 -0.30516508 -0.00330924 -0.04246798]]
Matrix Pair 10; W = [[ 0.27185979 -0.00293868  0.06627127 -0.21858641  0.09451558]
 [-0.1440934  -0.30997827 -0.05686074  0.23983778 -0.14553202]
 [-0.08799423  0.06684275 -0.10657915  0.11089669  0.02523183]
 [-0.01952386  0.09656169  0.01707383 -0.11839441 -0.05103757]
 [-0.125102   -0.18028089 -0.20241301 -0.16580067  0.0658421 ]]
U = [[ 0.11234785  0.09253627  0.24915763  0.32838678 -0.02934436]
 [-0.38874239 -0.09343905  0.04638194  0.09453609  0.21690434]
 [ 0.02537038 -0.18452343 -0.22302138 -0.15620453  0.20274665]
 [ 0.26956941 -0.04261949  0.23036646  0.0935364  -0.2095331 ]
 [-0.11690875  0.07655118 -0.25922769  0.03170599  0.02392688]]
Matrix Pair 11; W = [[ 0.28217376 -0.02957073  0.08871837 -0.22153029  0.10520172]
 [-0.10271642 -0.27930134 -0.10872464  0.28431203 -0.07163287]
 [-0.10434798  0.04158383 -0.03126433  0.07633348 -0.04578269]
 [-0.02320442  0.04756411  0.03775564 -0.06270891 -0.01918632]
 [-0.10408854 -0.11889368 -0.21103937 -0.10907407  0.00409625]]
U = [[ 0.12537954  0.01487645  0.30731246  0.32195871 -0.02297461]
 [-0.31585145 -0.09723695  0.05055688  0.08065113  0.17450497]
 [ 0.04964835 -0.18284532 -0.20823601 -0.16869157  0.16806204]
 [ 0.25854815 -0.03593525  0.20486967  0.03123061 -0.18961771]
 [-0.10369659  0.02675678 -0.28937948  0.02452997 -0.02413389]]
Matrix Pair 12; W = [[ 0.19569674 -0.01153622  0.14722454 -0.22425101  0.10278337]
 [-0.11573831 -0.2928745  -0.14315645  0.25911357 -0.10620631]
 [-0.06003957  0.07311868 -0.12327694  0.12539922  0.01637389]
 [ 0.01418294  0.10919454  0.05937397 -0.09969287 -0.06787577]
 [-0.09626281 -0.15527231 -0.17051799 -0.15416134 -0.01742216]]
U = [[ 0.11152298  0.07028206  0.28552271  0.33508991 -0.02314948]
 [-0.40535578 -0.14155953  0.00225901  0.12495283  0.20455199]
 [ 0.101733   -0.16124847 -0.21167468 -0.18173265  0.22377408]
 [ 0.22336823 -0.04095232  0.21523832  0.04034771 -0.23547927]
 [-0.0612276   0.02134983 -0.25787249 -0.01402444  0.02093561]]
Matrix Pair 13; W = [[ 0.22042274 -0.0402859   0.14513135 -0.19156996  0.14573235]
 [-0.11545498 -0.2914755  -0.10559855  0.24812708 -0.12541479]
 [-0.09051777  0.02245429 -0.07209381  0.0599789  -0.02696504]
 [-0.04607886  0.04236442 -0.01172052 -0.08206646 -0.04104987]
 [-0.17950271 -0.13007879 -0.18509321 -0.09240564 -0.00747645]]
U = [[ 0.15326148  0.08209252  0.24373176  0.36346308 -0.07434587]
 [-0.32178664 -0.10522999  0.07016705  0.11405991  0.2247879 ]
 [ 0.08128864 -0.10366137 -0.21017865 -0.11548898  0.17844657]
 [ 0.21809277 -0.0507833   0.20507229  0.0563389  -0.17335193]
 [-0.10465269  0.04526962 -0.22760491  0.01218524 -0.02652486]]
Matrix Pair 14; W = [[ 0.27428193 -0.05794777  0.07164272 -0.24478609  0.08049544]
 [-0.0761886  -0.35614413 -0.0925339   0.27467781 -0.16730953]
 [-0.11930334 -0.00635424 -0.09251489  0.05982351 -0.0116592 ]
 [ 0.04527186  0.1304694   0.00588216 -0.05509136 -0.06609872]
 [-0.0892376  -0.18104885 -0.15832574 -0.12035153  0.01366847]]
U = [[ 0.15518889  0.02040489  0.23907031  0.38958327 -0.03501108]
 [-0.35536292 -0.17242691  0.05977876  0.14607345  0.19476858]
 [ 0.01280128 -0.10527291 -0.21419739 -0.197452    0.18436458]
 [ 0.27331787 -0.03091949  0.24297457  0.07955693 -0.19279354]
 [-0.06374901  0.05665214 -0.31027513  0.00670304 -0.01178489]]
Matrix Pair 15; W = [[ 0.18966556  0.0323433   0.06703608 -0.20176884  0.08031269]
 [-0.14366208 -0.34759941 -0.12012603  0.32071138 -0.06974276]
 [-0.11412395  0.07902276 -0.04694328  0.13334097 -0.00355801]
 [-0.00806841  0.1095602   0.03847484 -0.06104802 -0.08385394]
 [-0.157448   -0.1067527  -0.21461799 -0.10592592  0.03354254]]
U = [[ 0.16615689  0.04704032  0.31478216  0.40849874  0.00623496]
 [-0.36603897 -0.16771113  0.08264859  0.0681744   0.1595011 ]
 [ 0.06999879 -0.15016682 -0.22081902 -0.14666494  0.21625095]
 [ 0.21946798 -0.11547528  0.24584262  0.05484839 -0.21704089]
 [-0.03210386  0.0658241  -0.32367982  0.00760558  0.01424725]]
Matrix Pair 16; W = [[ 0.19576807 -0.0073003   0.09568623 -0.22485645  0.13751668]
 [-0.10312208 -0.43045167 -0.10728346  0.21204045 -0.06379952]
 [-0.04849162  0.03175699 -0.08388916  0.05584399 -0.01977034]
 [-0.10466875  0.09952959  0.08785217 -0.05169354 -0.03261064]
 [-0.12160971 -0.17643685 -0.21009257 -0.03263246  0.05966111]]
U = [[ 0.14381307  0.09580928  0.2655857   0.40868638 -0.03165727]
 [-0.39244192 -0.13019827  0.05043109  0.1289712   0.24513193]
 [ 0.13840447 -0.11729756 -0.31020358 -0.09300027  0.16155057]
 [ 0.27385792 -0.04372674  0.28586874  0.0904679  -0.24352018]
 [-0.06951172  0.02701753 -0.25191594 -0.08388963  0.01858014]]
Matrix Pair 17; W = [[ 0.22316151 -0.04332282  0.12029015 -0.1871073   0.12196667]
 [-0.05949109 -0.35172321 -0.10093329  0.19900176 -0.03976581]
 [-0.05426484  0.04793647 -0.06926404  0.12821778  0.03318153]
 [-0.05916587  0.16060159  0.06297358 -0.08310114 -0.12254175]
 [-0.12798925 -0.17167766 -0.20113644 -0.05773008  0.04193961]]
U = [[ 0.16318497  0.00468959  0.28008294  0.32570844 -0.05009315]
 [-0.35509904 -0.06204059  0.07412507  0.15050449  0.24469266]
 [ 0.05675242 -0.14696704 -0.28999158 -0.11497433  0.15428925]
 [ 0.26217708 -0.03457732  0.20231308  0.10491922 -0.22631652]
 [-0.15600003 -0.01559029 -0.22055784 -0.01832415 -0.0740458 ]]
Matrix Pair 18; W = [[ 0.25740341 -0.03939294  0.11402576 -0.20150386  0.10927894]
 [-0.13548692 -0.43922194 -0.19862177  0.19807249  0.01500102]
 [-0.10778062  0.04853338 -0.01757325  0.04412695 -0.03327815]
 [-0.08584917  0.09516406  0.03713802 -0.05473019 -0.06116965]
 [-0.13022504 -0.19828837 -0.21279494 -0.10834259  0.08537924]]
U = [[ 0.10151552  0.04958388  0.27415073  0.41915475  0.02765966]
 [-0.37578455 -0.10183054  0.05379085  0.14727463  0.16379716]
 [ 0.13473534 -0.11927056 -0.29452093 -0.11899103  0.20602402]
 [ 0.24851943 -0.08390998  0.26428226  0.08428285 -0.15641379]
 [-0.10313811 -0.01746867 -0.25834465 -0.01256989 -0.02413961]]
Matrix Pair 19; W = [[ 0.26441599 -0.02843512  0.12933342 -0.15630928  0.13180732]
 [-0.06956751 -0.43301402 -0.18364906  0.19268979 -0.06302978]
 [-0.11487792 -0.03244737  0.00343295  0.12652943  0.02517689]
 [-0.13009685  0.15314064  0.01788746 -0.10361831 -0.11849142]
 [-0.15969847 -0.14990093 -0.21961514 -0.05938918  0.02106216]]
U = [[ 0.19013631  0.02980338  0.27291686  0.35559238 -0.01493816]
 [-0.38515833 -0.07829303  0.10154293  0.08355483  0.24040903]
 [ 0.11027154 -0.07828256 -0.31145815 -0.11822733  0.18219962]
 [ 0.29633134 -0.06870123  0.22349752  0.11102712 -0.16886878]
 [-0.08081754 -0.01417816 -0.2889261  -0.04058248  0.02340769]]
Matrix Pair 20; W = [[ 0.23574823 -0.02983057  0.09929886 -0.17095677  0.08022867]
 [-0.05884202 -0.40765157 -0.15614564  0.21610793 -0.01983717]
 [-0.09394619  0.02431577 -0.09001854  0.09683457 -0.00690413]
 [-0.0997029   0.13580446  0.04187469 -0.03474259 -0.02903439]
 [-0.13803216 -0.17083677 -0.20088508 -0.1207658   0.07264138]]
U = [[ 0.15509751  0.08736883  0.28495076  0.34976055 -0.06454173]
 [-0.39313372 -0.12861129  0.0701665   0.16599851  0.21243051]
 [ 0.13169235 -0.10229417 -0.29051668 -0.09418113  0.16467381]
 [ 0.28875376  0.00891209  0.24138278  0.02246509 -0.18095775]
 [-0.10223132 -0.01951837 -0.24827589 -0.04766267 -0.06027783]]
Matrix Pair 21; W = [[ 0.20151204  0.02501799  0.14020747 -0.13958555  0.13294481]
 [-0.08330917 -0.43712626 -0.13071095  0.21047507 -0.0155785 ]
 [-0.02910888  0.02931189 -0.01349405  0.11255019  0.05314138]
 [-0.1134369   0.14317059  0.08584711 -0.05525904 -0.0701505 ]
 [-0.18084995 -0.18677124 -0.21059671 -0.05299512  0.03783743]]
U = [[ 0.12598106  0.02168424  0.29860561  0.35493289  0.01843008]
 [-0.38898779 -0.07933131  0.12477121  0.09697827  0.19255287]
 [ 0.054287   -0.12304649 -0.24716914 -0.08103793  0.12612422]
 [ 0.25076718  0.0009781   0.22659575  0.07824009 -0.17591543]
 [-0.12861355  0.03334888 -0.29297947 -0.01042448 -0.0687843 ]]
Matrix Pair 22; W = [[ 0.2499062  -0.05269398  0.13101947 -0.22488129  0.06857578]
 [-0.07747391 -0.40900411 -0.10566093  0.2160255  -0.02879802]
 [-0.06205066 -0.02205237 -0.00558821  0.08759653 -0.00539864]
 [-0.1345437   0.17360519  0.01382847 -0.02909874 -0.07718693]
 [-0.13355981 -0.17276395 -0.25207423 -0.08711013  0.068147  ]]
U = [[ 0.12854641  0.0877623   0.24150608  0.34943423 -0.0565567 ]
 [-0.36528263 -0.05676994  0.11312323  0.1192657   0.20131289]
 [ 0.05942985 -0.16847417 -0.29973511 -0.1179841   0.20513656]
 [ 0.23573292 -0.04515909  0.19427341  0.09407703 -0.20426001]
 [-0.07586012 -0.00972414 -0.23576769 -0.00251636 -0.01026813]]
Matrix Pair 23; W = [[ 0.20129749  0.01805545  0.14230844 -0.14180977  0.08097854]
 [-0.10635364 -0.38388801 -0.15841018  0.23208395 -0.02177203]
 [-0.10640638 -0.01545949 -0.04062118  0.12714726  0.05084045]
 [-0.11876564  0.14142445  0.08494898 -0.06052578 -0.09423436]
 [-0.15928484 -0.15917573 -0.2827553  -0.12181534  0.04606339]]
U = [[ 0.15147568  0.06743429  0.2769214   0.39242927 -0.01463803]
 [-0.37423146 -0.10844868  0.06485783  0.17480622  0.15196448]
 [ 0.12352824 -0.15787788 -0.23196924 -0.08213758  0.18421114]
 [ 0.29381981 -0.0805273   0.21685561  0.04238411 -0.206733  ]
 [-0.12227134  0.01186642 -0.24586922 -0.06007281 -0.01046859]]
Matrix Pair 24; W = [[ 0.19879198  0.00187231  0.1171135  -0.18905285  0.13045584]
 [-0.10467805 -0.41391137 -0.10501297  0.20869988 -0.03139152]
 [-0.03615003  0.04668136 -0.01056297  0.06991825  0.04137966]
 [-0.1228467   0.09361946  0.10442801 -0.05471093 -0.08977816]
 [-0.11083457 -0.20516746 -0.23097256 -0.06971312  0.07464108]]
U = [[ 0.14968796  0.10060653  0.26953978  0.35508132 -0.06198541]
 [-0.37451144 -0.10973614  0.06897594  0.09575255  0.24432243]
 [ 0.08546204 -0.15343091 -0.26302263 -0.1570112   0.19022194]
 [ 0.27786332 -0.0255147   0.26368547  0.08816874 -0.24217637]
 [-0.08499231  0.03107587 -0.21084267  0.00743738 -0.04668761]]
Matrix Pair 25; W = [[ 0.24829944  0.02920439  0.10956367 -0.12718405  0.10772659]
 [-0.1342127  -0.4062661  -0.1621705   0.28829324 -0.05570648]
 [-0.03873624 -0.01368312 -0.0316831   0.095568   -0.02494783]
 [-0.08605812  0.124947    0.09155255 -0.02862457 -0.02817431]
 [-0.1702755  -0.21156914 -0.22331086 -0.08391674 -0.00393438]]
U = [[ 0.1011188   0.06748308  0.30145156  0.38054767 -0.00385626]
 [-0.41089116 -0.10269658  0.07185686  0.16375947  0.22806254]
 [ 0.09987013 -0.11531192 -0.26754325 -0.14138017  0.17507614]
 [ 0.24127402 -0.02382983  0.20654932  0.08749149 -0.17481185]
 [-0.10631557  0.04083414 -0.22881319 -0.08254963 -0.06488343]]
Matrix Pair 26; W = [[ 0.26479244 -0.05203407  0.0966634  -0.18356494  0.16042857]
 [-0.10278767 -0.36518389 -0.19293018  0.22306572 -0.02124084]
 [-0.12045689 -0.02259165 -0.06816182  0.09273175  0.04434058]
 [-0.06128986  0.13170448  0.01952644 -0.09143982 -0.10581508]
 [-0.11798307 -0.13099538 -0.21078931 -0.07047229  0.00042308]]
U = [[ 0.12950323  0.04782899  0.27521345  0.35537822  0.02518945]
 [-0.35441242 -0.07752452  0.09880467  0.16318163  0.22850584]
 [ 0.13433653 -0.15726057 -0.23695119 -0.10082008  0.15586212]
 [ 0.23931795  0.00498924  0.24548976  0.07638518 -0.18766696]
 [-0.07863062  0.06689301 -0.22698891 -0.00455146 -0.01700135]]
Matrix Pair 27; W = [[ 0.2481452   0.02469849  0.10848469 -0.16224568  0.09912935]
 [-0.07085283 -0.39048732 -0.18712063  0.26399699 -0.07010942]
 [-0.11528455  0.03638513 -0.0126631   0.06838381  0.03087353]
 [-0.10566001  0.13138999  0.02486605 -0.06471256 -0.03535849]
 [-0.15085445 -0.15639592 -0.20902951 -0.09064411  0.05230924]]
U = [[ 0.13575538  0.01385982  0.29799389  0.40247685 -0.04442291]
 [-0.37653074 -0.05156225  0.05840675  0.11597423  0.22007328]
 [ 0.13091554 -0.17181889 -0.21825215 -0.13876915  0.1368669 ]
 [ 0.21970828 -0.08847279  0.25638848  0.01817841 -0.21542402]
 [-0.14492215  0.06702313 -0.26508251 -0.044619   -0.02853573]]
Matrix Pair 28; W = [[ 0.24166536  0.00517903  0.06597701 -0.18185334  0.12034733]
 [-0.04142194 -0.34314581 -0.12301459  0.1994135  -0.0581675 ]
 [-0.06189132  0.02082948 -0.08975158  0.06020767  0.01092303]
 [-0.05118896  0.11614948  0.01747722 -0.0649167  -0.04952887]
 [-0.12757049 -0.18252082 -0.22133309 -0.03997569  0.08718776]]
U = [[ 0.12576187  0.10116275  0.30301288  0.36930713 -0.00242005]
 [-0.38773544 -0.12832546  0.04617606  0.10916118  0.19730765]
 [ 0.05815328 -0.16241512 -0.3161355  -0.09875357  0.15625629]
 [ 0.27493575 -0.01852297  0.20255825  0.05392811 -0.22707222]
 [-0.15774335  0.06856693 -0.27693787 -0.02905594 -0.0106366 ]]
Matrix Pair 29; W = [[ 0.27835718 -0.01888875  0.06249733 -0.19445379  0.07660163]
 [-0.1076397  -0.35718577 -0.11633281  0.23998364 -0.00696338]
 [-0.10717146  0.02497424 -0.09107824  0.07009469  0.04706037]
 [-0.07596482  0.10286647  0.10555489 -0.07951118 -0.07976887]
 [-0.16763158 -0.20190353 -0.22974479 -0.04114549 -0.0037048 ]]
U = [[ 0.16615716  0.09111591  0.24799405  0.39989194 -0.01669608]
 [-0.35895937 -0.07993843  0.08046278  0.1145557   0.20794761]
 [ 0.10420818 -0.10689769 -0.24635199 -0.13875158  0.15346432]
 [ 0.29849354  0.00420487  0.2693546   0.02776841 -0.22266835]
 [-0.13957613  0.05999004 -0.23438052 -0.02362088 -0.06687067]]
Matrix Pair 30; W = [[ 0.19493968  0.02072484  0.08481819 -0.13517782  0.08561958]
 [-0.13258509 -0.40986987 -0.11928748  0.26439117 -0.07598426]
 [-0.0825594   0.05282389 -0.0090074   0.11548061  0.01428456]
 [-0.12879864  0.10758669  0.03639114 -0.12279545 -0.03007956]
 [-0.16186019 -0.181474   -0.26319941 -0.07277693  0.0693057 ]]
U = [[ 0.16738462  0.03494741  0.22165171  0.4035116   0.02495845]
 [-0.35988192 -0.03880064  0.04143141  0.13176996  0.19103324]
 [ 0.10759168 -0.16955937 -0.22585271 -0.09523495  0.19471413]
 [ 0.20651784  0.0039792   0.2016944   0.10113868 -0.19086837]
 [-0.15614887  0.061105   -0.28590731 -0.04765602  0.0199994 ]]
Matrix Pair 31; W = [[ 0.24081772 -0.00822079  0.11218038 -0.17337314  0.13546279]
 [-0.05460545 -0.39204211 -0.19512782  0.22731265 -0.02395747]
 [-0.03723347  0.00916856 -0.06290215  0.06967181  0.01549638]
 [-0.10509576  0.12061999  0.02442335 -0.07753055 -0.0892547 ]
 [-0.14683888 -0.16283519 -0.27997462 -0.0586792   0.03400094]]
U = [[ 0.10058763  0.0404849   0.29384188  0.36720401  0.00956744]
 [-0.40760248 -0.12664627  0.09366928  0.18177313  0.23154973]
 [ 0.07185339 -0.12164525 -0.31423408 -0.11028021  0.14510354]
 [ 0.22214249 -0.01213612  0.21824359  0.02292468 -0.19219582]
 [-0.16261288  0.00617914 -0.23849375  0.00581911  0.00671567]]
Matrix Pair 32; W = [[ 0.30318702 -0.02008956  0.09766642 -0.23801698  0.11616275]
 [-0.08634672 -0.31213027 -0.08166962  0.19956817 -0.13944323]
 [-0.18031175 -0.0362407  -0.07623276  0.10397355  0.02688716]
 [-0.02260857  0.14202628  0.03999397 -0.14734327 -0.08123751]
 [-0.10940246 -0.04557933 -0.24016504 -0.20725414  0.08496903]]
U = [[ 0.11737708  0.03829867  0.29044852  0.38033537 -0.02446322]
 [-0.33129109 -0.0813478   0.05793695  0.11095896  0.14402195]
 [ 0.09248509 -0.11400635 -0.21594304 -0.14321713  0.13983703]
 [ 0.25418162 -0.02806495  0.24668648  0.01911914 -0.21641256]
 [-0.128937    0.06935433 -0.25896834 -0.03849839 -0.04661229]]
Matrix Pair 33; W = [[ 0.22410497 -0.03627451  0.10447344 -0.19158378  0.17984647]
 [-0.05970359 -0.40090105 -0.12364426  0.20044988 -0.10936145]
 [-0.12055691 -0.04468483 -0.01743677  0.10202242 -0.00564643]
 [-0.00451656  0.12372784  0.04544646 -0.1019399  -0.08114114]
 [-0.11554685 -0.09832397 -0.2038363  -0.16594102  0.02076157]]
U = [[ 0.10313451  0.079432    0.24000998  0.39912162 -0.00789934]
 [-0.29988416 -0.07705179  0.03003715  0.05871874  0.1417018 ]
 [ 0.04439113 -0.16441017 -0.16052038 -0.16192749  0.16258246]
 [ 0.26843859  0.02792991  0.27273532  0.02345167 -0.14010171]
 [-0.16986146  0.04174747 -0.28216233 -0.01441461 -0.04416766]]
Matrix Pair 34; W = [[ 0.27284087 -0.0288809   0.0903932  -0.21114712  0.17620336]
 [-0.12913235 -0.39733993 -0.08378362  0.20055706 -0.11516107]
 [-0.14373139  0.03255473 -0.0695331   0.13247168  0.02278065]
 [-0.07424606  0.05759964 -0.00198278 -0.09731335 -0.15069278]
 [-0.11530487 -0.01286463 -0.16657822 -0.20586633  0.00462392]]
U = [[ 0.09994213  0.03566295  0.26579859  0.32267935 -0.0263551 ]
 [-0.29165343 -0.07246359  0.05713589  0.11418861  0.19747381]
 [ 0.03927761 -0.12615257 -0.15693524 -0.1149024   0.17611241]
 [ 0.25391564 -0.01649729  0.21845948 -0.02362163 -0.21791822]
 [-0.14982961  0.07748136 -0.20577746 -0.01359451 -0.0253855 ]]
Matrix Pair 35; W = [[ 0.24944999 -0.04809611  0.04926255 -0.21736299  0.17620487]
 [-0.0983897  -0.38840985 -0.13396352  0.23417212 -0.04493359]
 [-0.08203405 -0.00644074 -0.0490748   0.07102299 -0.02649016]
 [-0.0094462   0.06213852  0.06693239 -0.07766076 -0.09490326]
 [-0.13950827 -0.08014593 -0.17401247 -0.14701315  0.09318393]]
U = [[ 0.09943614  0.04670142  0.23329208  0.33719004  0.00147   ]
 [-0.35076783 -0.11018792  0.10794809  0.07137793  0.14071336]
 [ 0.07796865 -0.097306   -0.17458027 -0.1116259   0.16842102]
 [ 0.33924993  0.00463568  0.25654194 -0.00227736 -0.1425057 ]
 [-0.10720361  0.09409112 -0.23072599 -0.02939315 -0.07280133]]
Matrix Pair 36; W = [[ 0.28428287 -0.00465731  0.11793377 -0.22040262  0.11125773]
 [-0.04572121 -0.32039197 -0.04925471  0.21141653 -0.12904091]
 [-0.10321129 -0.01142256 -0.03723202  0.080319    0.02407666]
 [-0.00588015  0.09415511  0.04243209 -0.10820629 -0.13539908]
 [-0.1694315  -0.0240165  -0.20908074 -0.21887742  0.03944174]]
U = [[ 0.09842334  0.06412245  0.23131397  0.3674769  -0.03862538]
 [-0.31153277 -0.09008617  0.05400542  0.14353738  0.20799003]
 [ 0.11436956 -0.13630393 -0.23028374 -0.1365452   0.18856002]
 [ 0.25903899  0.00630476  0.23831266  0.03251705 -0.15065541]
 [-0.11867284  0.09377328 -0.28180427 -0.03444575  0.01063665]]
Matrix Pair 37; W = [[ 0.26341399 -0.06747343  0.08978053 -0.21463254  0.14188131]
 [-0.04671223 -0.34019682 -0.04726396  0.2518104  -0.11287738]
 [-0.16507436 -0.02065544 -0.07655789  0.12024479  0.0232452 ]
 [-0.00279922  0.09809119  0.08564614 -0.072358   -0.12595481]
 [-0.10686868 -0.01878712 -0.24167668 -0.20616444  0.0816962 ]]
U = [[ 0.13320585  0.01015596  0.21603723  0.41474913 -0.05338453]
 [-0.29764075 -0.08868209  0.10824588  0.13783119  0.18090866]
 [ 0.11354523 -0.13230475 -0.15983856 -0.15117551  0.1467921 ]
 [ 0.2920707  -0.04180738  0.24264776  0.0527817  -0.13285618]
 [-0.16361861  0.01254337 -0.27670868 -0.00669495 -0.04405246]]
Matrix Pair 38; W = [[ 0.27443654 -0.02183417  0.12946387 -0.21343764  0.16657976]
 [-0.11093848 -0.38468082 -0.10817386  0.20352235 -0.08382598]
 [-0.11573607 -0.00482066 -0.04363314  0.13028878  0.00197141]
 [-0.0638292   0.11585408  0.06422742 -0.08953734 -0.06510202]
 [-0.10873639 -0.08425431 -0.18272702 -0.17232744  0.00872827]]
U = [[ 0.11870737  0.07702964  0.24629282  0.40027681 -0.03860685]
 [-0.32899274 -0.08545274  0.05704213  0.08106808  0.21015654]
 [ 0.04399496 -0.18095081 -0.17527401 -0.13792388  0.0958843 ]
 [ 0.35297045 -0.06764173  0.24274067  0.04039237 -0.17023011]
 [-0.0959272   0.06175439 -0.24134969  0.04098973 -0.0261872 ]]
Matrix Pair 39; W = [[ 0.23054726  0.00112783  0.03820269 -0.200959    0.16382093]
 [-0.13442137 -0.36882929 -0.09752017  0.29034677 -0.07032657]
 [-0.08985368 -0.00237195  0.0044275   0.08760847 -0.049664  ]
 [-0.04275341  0.1374948   0.00792827 -0.09919029 -0.10393462]
 [-0.12028733 -0.05136302 -0.1849265  -0.22328594  0.08031494]]
U = [[ 0.09970335  0.07049457  0.25917128  0.34734323 -0.04191492]
 [-0.3665825  -0.13620759  0.09294148  0.09458394  0.21808889]
 [ 0.08274247 -0.09224779 -0.24418038 -0.09055467  0.10340528]
 [ 0.28812122 -0.01222503  0.25959322 -0.00220088 -0.18622727]
 [-0.13199578  0.09409391 -0.29962677 -0.00451062  0.0128321 ]]
Matrix Pair 40; W = [[ 0.2532574   0.01283283  0.04398753 -0.14576321  0.11046157]
 [-0.08139501 -0.39762491 -0.12935065  0.27349209 -0.04820091]
 [-0.12816217 -0.00484126 -0.01076226  0.06168363  0.02680677]
 [-0.00500202  0.06217173  0.06729447 -0.14485742 -0.09029971]
 [-0.16651208 -0.00827127 -0.16237908 -0.21191727  0.02705385]]
U = [[ 0.11094955 -0.00130383  0.30104907  0.37988039  0.00384499]
 [-0.34662642 -0.09662271  0.09971125  0.06044454  0.17891916]
 [ 0.0451518  -0.14650672 -0.23575159 -0.11933082  0.16596244]
 [ 0.32962354 -0.01799114  0.17695188  0.02689557 -0.12928051]
 [-0.11564378  0.00919467 -0.22420888 -0.05223253 -0.02606307]]
Matrix Pair 41; W = [[ 0.2741069  -0.02261072  0.08118761 -0.22958702  0.12358959]
 [-0.1310822  -0.32506593 -0.12929541  0.25607135 -0.1098375 ]
 [-0.11352813 -0.00600926  0.00572597  0.15473323 -0.00062232]
 [-0.05288266  0.11169396  0.05630197 -0.13889462 -0.09369277]
 [-0.13944142 -0.05094742 -0.19531081 -0.17830652  0.07177239]]
U = [[ 0.15615744 -0.0117057   0.23699572  0.34783    -0.06949938]
 [-0.37448407 -0.08076414  0.09849508  0.1542531   0.1869594 ]
 [ 0.11560931 -0.12297786 -0.16425468 -0.10459437  0.09320952]
 [ 0.32517565 -0.04000053  0.19372614 -0.04262148 -0.21805911]
 [-0.16272214  0.06829498 -0.26544951 -0.03710194 -0.04532853]]
Matrix Pair 42; W = [[ 0.25485262  0.00890626  0.0399471  -0.15751676  0.13914255]
 [-0.11171106 -0.35228101 -0.10945808  0.2035524  -0.11538082]
 [-0.11528867  0.00864443 -0.08264062  0.07041442  0.02399962]
 [ 0.01350597  0.13690992  0.05729766 -0.14559459 -0.0980893 ]
 [-0.16077666 -0.09195621 -0.18369186 -0.1355192   0.09223123]]
U = [[ 0.09742599  0.06822343  0.24219214  0.31974617 -0.040517  ]
 [-0.36666569 -0.05818767  0.10136836  0.09577696  0.21551377]
 [ 0.07285545 -0.17717444 -0.24603412 -0.0837046   0.09712511]
 [ 0.30529743 -0.02057649  0.17840649 -0.0089511  -0.16847193]
 [-0.10764864  0.03807223 -0.23564563 -0.04335016 -0.06040616]]
Matrix Pair 43; W = [[ 0.28996007 -0.03756204  0.08285121 -0.21405298  0.10719506]
 [-0.06628821 -0.31675369 -0.11565078  0.21564049 -0.06196944]
 [-0.13789897  0.04483293 -0.05551166  0.11340142  0.04091627]
 [-0.080956    0.09010083  0.01907781 -0.08941659 -0.06437174]
 [-0.14404565 -0.07042726 -0.20272588 -0.2068996   0.03569025]]
U = [[ 0.17348239  0.0144733   0.23704224  0.33404986  0.02239951]
 [-0.34392019 -0.13119677  0.11140577  0.08442103  0.20554112]
 [ 0.10613895 -0.09840124 -0.22072615 -0.09615011  0.11249155]
 [ 0.31718824 -0.00341369  0.1785419   0.01406657 -0.17035498]
 [-0.15576129  0.10213325 -0.2260408   0.02364973 -0.03283744]]
Matrix Pair 44; W = [[ 0.26754159 -0.02076635  0.07595066 -0.14183795  0.10449527]
 [-0.08246175 -0.3244583  -0.10575573  0.22040918 -0.07140072]
 [-0.15609998 -0.01892444 -0.05970815  0.06142452 -0.00118555]
 [-0.01468502  0.13266066  0.04652593 -0.14183706 -0.13969102]
 [-0.14482396 -0.02933038 -0.19923609 -0.21442504  0.07956886]]
U = [[ 0.16466752  0.06377882  0.22211125  0.35446583 -0.04115394]
 [-0.29175657 -0.1126818   0.10257209  0.14054442  0.17674725]
 [ 0.07311465 -0.09170434 -0.23839956 -0.09374324  0.11752945]
 [ 0.27337733  0.00675626  0.24304915 -0.00549746 -0.16693949]
 [-0.16498283  0.09841017 -0.27809855  0.03786946 -0.01063287]]
Matrix Pair 45; W = [[ 0.27179873 -0.02218867  0.06818357 -0.20407315  0.10081218]
 [-0.06923209 -0.31153696 -0.11802945  0.23808066 -0.12187275]
 [-0.10242435  0.04640982 -0.08471475  0.12135947  0.006927  ]
 [ 0.00436191  0.0897195   0.00695085 -0.11181755 -0.14597143]
 [-0.11963155 -0.04944713 -0.2462271  -0.17275153  0.01508961]]
U = [[ 0.17895599  0.05124447  0.26706631  0.41324664 -0.07391032]
 [-0.36970008 -0.14276985  0.11361334  0.12828492  0.17424138]
 [ 0.10914384 -0.15617159 -0.18705349 -0.08394286  0.17438123]
 [ 0.25758843 -0.01717034  0.21092724 -0.00327949 -0.15891999]
 [-0.088801    0.09101563 -0.24045732 -0.04687649 -0.06225343]]
Matrix Pair 46; W = [[ 0.22479947 -0.05106723  0.06108435 -0.15689615  0.17693128]
 [-0.10427066 -0.40329533 -0.04603574  0.27246053 -0.09731018]
 [-0.17868564  0.00388557 -0.0500404   0.13306936  0.01343808]
 [-0.03831446  0.1367316   0.03246573 -0.06996164 -0.1272279 ]
 [-0.1604857  -0.05016658 -0.25943394 -0.18096034  0.07745435]]
U = [[ 0.16183625  0.01727197  0.24615919  0.36246361 -0.05641011]
 [-0.29185801 -0.14712285  0.08673308  0.12170997  0.18792455]
 [ 0.06702022 -0.13411164 -0.15888159 -0.13312612  0.17102835]
 [ 0.29027598  0.00942628  0.17873832  0.04869658 -0.2125889 ]
 [-0.11979049  0.02756287 -0.26375799 -0.01802443 -0.03146805]]
Matrix Pair 47; W = [[ 0.22811102 -0.00913174  0.07305932 -0.18651239  0.17096796]
 [-0.11297032 -0.40094425 -0.08810624  0.28406014 -0.08957548]
 [-0.18086946 -0.00810008 -0.03072631  0.06249854 -0.04351748]
 [-0.00950342  0.13737115  0.07641277 -0.0758777  -0.12297681]
 [-0.15837305 -0.09442955 -0.21268448 -0.2017446   0.02988813]]
U = [[ 0.14787218  0.07928738  0.27388407  0.38622145 -0.04729624]
 [-0.3542355  -0.13640238  0.08794642  0.12238702  0.21695384]
 [ 0.06117214 -0.11257178 -0.17249362 -0.16330332  0.17634999]
 [ 0.34473743 -0.02145279  0.26457513  0.01774092 -0.20645628]
 [-0.14138516  0.01019256 -0.23137283  0.02474491 -0.00710425]]
Matrix Pair 48; W = [[ 0.24938824 -0.03590697  0.07938416 -0.1467242   0.21015439]
 [-0.06548276 -0.37551812 -0.01946022  0.22322297 -0.11688766]
 [-0.10640942  0.0674568  -0.04331857  0.15637364 -0.00372886]
 [ 0.05577897  0.0810733   0.07079017 -0.09590176 -0.02034204]
 [-0.17703858 -0.15214809 -0.14501024 -0.105544   -0.00860193]]
U = [[ 0.21297881  0.17647678  0.21454256  0.39004793 -0.08644756]
 [-0.43922164 -0.09250835  0.1103152   0.15341862  0.18025862]
 [ 0.03901543 -0.12867318 -0.19573579 -0.17908745  0.04921688]
 [ 0.3136011  -0.05417306  0.19347283  0.0355846  -0.11342084]
 [-0.09386547  0.00265321 -0.27029191  0.02163408 -0.03918244]]
Matrix Pair 49; W = [[ 0.34382982  0.02869222  0.11422314 -0.20027059  0.16632256]
 [-0.13143601 -0.31352577 -0.034187    0.25125548 -0.08042365]
 [-0.04942881  0.03799969 -0.03832882  0.09527028 -0.01018234]
 [-0.0104903   0.03919384  0.08475333 -0.08223918 -0.01826725]
 [-0.17550319 -0.16088411 -0.17893556 -0.1205898   0.02223183]]
U = [[ 0.13705784  0.09036774  0.24157234  0.37951835 -0.04521665]
 [-0.4091085  -0.14548096  0.06542426  0.1900775   0.21457377]
 [ 0.02844407 -0.0477498  -0.24275536 -0.1283535   0.13697801]
 [ 0.29995282 -0.06114238  0.198242    0.06456653 -0.12533608]
 [-0.15890455  0.01058736 -0.29163649  0.02878123 -0.10755151]]
Matrix Pair 50; W = [[ 2.60111419e-01 -1.00072845e-02  5.76666635e-02 -1.32685181e-01
   1.84846561e-01]
 [-1.50595129e-01 -3.60253197e-01 -4.56433139e-02  2.84965783e-01
  -8.00106067e-02]
 [-1.03272840e-01  8.41352392e-02 -1.12679815e-01  1.19852758e-01
   2.68849304e-04]
 [-3.20412648e-02  6.04479342e-02  9.51243948e-02 -4.78360678e-02
  -7.28159634e-02]
 [-9.73330405e-02 -1.56762543e-01 -1.89271000e-01 -9.20995239e-02
  -4.11584265e-03]]
U = [[ 0.18066725  0.14024511  0.22143591  0.4047527   0.00097395]
 [-0.37654602 -0.10553553  0.14841658  0.17848516  0.19282798]
 [ 0.02754332 -0.04914029 -0.22279452 -0.19999227  0.08722458]
 [ 0.27988734 -0.03378412  0.23759328  0.00842222 -0.15994704]
 [-0.11764363 -0.01941249 -0.26906334  0.06119577 -0.03273766]]
Matrix Pair 51; W = [[ 0.27788774 -0.03686859  0.06395473 -0.21128172  0.16958179]
 [-0.05637806 -0.36525857 -0.10740124  0.23266179 -0.07760661]
 [-0.10872223  0.02174156 -0.12791558  0.12038971 -0.00207451]
 [-0.00698363  0.11809115  0.06593954 -0.04131573 -0.08836906]
 [-0.15591289 -0.09425322 -0.23099274 -0.12895298 -0.01072434]]
U = [[ 0.18144123  0.12503255  0.2570147   0.39367674  0.00676009]
 [-0.41572062 -0.10610963  0.09561696  0.16874174  0.14958882]
 [ 0.12146122 -0.10662849 -0.27923107 -0.15198137  0.06787897]
 [ 0.30418067 -0.11060288  0.27578226  0.02173021 -0.15872191]
 [-0.06753739 -0.04404779 -0.29535004 -0.01884487 -0.03698241]]
Matrix Pair 52; W = [[ 0.31282145 -0.01152376  0.10471734 -0.18174397  0.19786078]
 [-0.12548405 -0.30836    -0.04383122  0.26183864 -0.09144744]
 [-0.08037485  0.01904261 -0.07367033  0.16361263  0.05458088]
 [-0.0340237   0.07704195  0.07032739 -0.06905389 -0.09030939]
 [-0.12791948 -0.11855912 -0.20941946 -0.11753918  0.01860387]]
U = [[ 0.18725632  0.16821846  0.29926606  0.35029677 -0.04251187]
 [-0.43116846 -0.10474798  0.05449337  0.15054494  0.19556968]
 [ 0.12004309 -0.04935544 -0.22185817 -0.10835675  0.06125804]
 [ 0.24025578 -0.05702393  0.19092721  0.04723535 -0.14414271]
 [-0.09880025  0.01996257 -0.33889894  0.05236768 -0.08940542]]
Matrix Pair 53; W = [[ 0.27966713 -0.01671676  0.10753216 -0.17014402  0.13342731]
 [-0.10132863 -0.38918929 -0.04138469  0.26512449 -0.11372945]
 [-0.03901852  0.0063553  -0.07808126  0.15994003 -0.00945318]
 [-0.00585862  0.13039458  0.07286844 -0.06311711 -0.03206939]
 [-0.14515347 -0.09112932 -0.23486618 -0.14852998  0.06040016]]
U = [[ 0.19921594  0.14455202  0.25162184  0.35151118 -0.06932494]
 [-0.43766061 -0.12809617  0.11316739  0.18018706  0.19482196]
 [ 0.05692114 -0.1021798  -0.28101723 -0.19929511  0.09170478]
 [ 0.25139598 -0.04636757  0.27497687  0.01160229 -0.17088525]
 [-0.11236802 -0.05858715 -0.26420615  0.04554026 -0.05565362]]
Matrix Pair 54; W = [[ 0.25575509 -0.00755013  0.09559846 -0.18499438  0.14554922]
 [-0.13835759 -0.3191221  -0.09257719  0.29473517 -0.08868138]
 [-0.11001975  0.05963353 -0.10693074  0.10271963  0.0722419 ]
 [-0.02833732  0.09077988  0.11938075 -0.10597845 -0.06218827]
 [-0.10105742 -0.08664762 -0.15879199 -0.09076303  0.0015221 ]]
U = [[ 1.51792020e-01  1.30728361e-01  2.88112767e-01  3.42509522e-01
  -2.01689931e-02]
 [-4.38200061e-01 -1.18901832e-01  9.91815210e-02  1.07204493e-01
   1.72935975e-01]
 [ 1.21828402e-01 -5.12812098e-02 -2.55643757e-01 -1.24026026e-01
   6.91036584e-02]
 [ 2.46420284e-01 -6.16532719e-02  2.11719544e-01  4.08990028e-04
  -1.11407016e-01]
 [-1.17962563e-01 -5.50790417e-02 -2.98281381e-01 -1.17042805e-02
  -6.02349949e-02]]
Matrix Pair 55; W = [[ 0.2476762  -0.05112361  0.14703921 -0.20120252  0.114023  ]
 [-0.12906751 -0.30213687 -0.10611276  0.24372515 -0.12914491]
 [-0.08627052  0.04793028 -0.06821986  0.1590001   0.06539912]
 [ 0.02427676  0.03624903  0.07828605 -0.06835388 -0.06575659]
 [-0.15017712 -0.09636762 -0.16559517 -0.10935102  0.00210858]]
U = [[ 0.16311462  0.14893592  0.22533215  0.38805608 -0.03577962]
 [-0.352294   -0.08412885  0.06277073  0.16847939  0.14891381]
 [ 0.08381145 -0.06710109 -0.2181298  -0.13600433  0.12113277]
 [ 0.28463263 -0.10763113  0.19444365  0.0269005  -0.12585996]
 [-0.08744628 -0.03289475 -0.28621759  0.04790753 -0.0450034 ]]
Matrix Pair 56; W = [[ 0.28766612 -0.02448324  0.07800263 -0.15474562  0.12566398]
 [-0.09219485 -0.38032332 -0.02736093  0.26615865 -0.04885126]
 [-0.08008315 -0.01099444 -0.05595511  0.16081268  0.04606481]
 [-0.00634693  0.07461203  0.12301405 -0.04518809 -0.08066928]
 [-0.12318724 -0.15618866 -0.15605388 -0.08468899  0.04432394]]
U = [[ 0.21881014  0.08149446  0.22834977  0.38266275 -0.05020135]
 [-0.4026278  -0.0563564   0.13856617  0.19093062  0.19641812]
 [ 0.03259176 -0.09032203 -0.18651846 -0.18330287  0.11619202]
 [ 0.31609166 -0.09804399  0.21713405  0.09015539 -0.1012715 ]
 [-0.13858473 -0.04768058 -0.30957721  0.01951859 -0.08321679]]
Matrix Pair 57; W = [[ 0.33575209 -0.02956752  0.09740839 -0.19881231  0.15117745]
 [-0.09443649 -0.36022976 -0.07574547  0.27201082 -0.06188256]
 [-0.04295937  0.0038054  -0.05323844  0.11942308 -0.02147532]
 [ 0.00259813  0.05320746  0.12232206 -0.11603177 -0.04294254]
 [-0.10289902 -0.13286987 -0.20250812 -0.10917012 -0.01310333]]
U = [[ 0.21070933  0.10530438  0.26472498  0.41859067 -0.08510589]
 [-0.38778703 -0.08234942  0.09739276  0.10964342  0.1802474 ]
 [ 0.10633198 -0.05895487 -0.26013317 -0.14332824  0.08360674]
 [ 0.31526596 -0.03134798  0.19116423  0.02973845 -0.09901277]
 [-0.116381   -0.04488448 -0.319481   -0.01621124 -0.0641151 ]]
Matrix Pair 58; W = [[ 0.30279696 -0.04938506  0.12085395 -0.11614221  0.20188664]
 [-0.08668445 -0.3005075  -0.08726243  0.28651685 -0.0539632 ]
 [-0.04770329  0.04434816 -0.04733305  0.11560623  0.05934024]
 [ 0.05039664  0.0771668   0.09053276 -0.03091695 -0.06608655]
 [-0.17705485 -0.11891025 -0.17754147 -0.1558736   0.07208426]]
U = [[ 2.08099305e-01  1.17237034e-01  2.57920269e-01  3.46892451e-01
   2.44848162e-05]
 [-4.43790269e-01 -1.40632804e-01  1.14293745e-01  1.42179407e-01
   1.96953434e-01]
 [ 5.88958991e-02 -4.71072541e-02 -2.66841257e-01 -1.34073525e-01
   8.77511670e-02]
 [ 3.03222139e-01 -1.70149549e-02  1.84562377e-01  9.33760394e-02
  -1.57667840e-01]
 [-1.50748644e-01  2.79405703e-02 -3.05825256e-01  3.02009946e-03
  -4.36829660e-02]]
Matrix Pair 59; W = [[ 0.2500038  -0.00624332  0.09300371 -0.11914882  0.16489269]
 [-0.11956369 -0.31785301 -0.01228421  0.23189926 -0.05377007]
 [-0.06641713  0.07145602 -0.10223678  0.12902139  0.06675315]
 [ 0.01890301  0.0643336   0.11586595 -0.07799912 -0.07616816]
 [-0.13331416 -0.15877227 -0.18847411 -0.16473759  0.02652324]]
U = [[ 0.20627081  0.11317649  0.28355482  0.3899734  -0.06859759]
 [-0.38226962 -0.13318019  0.11018738  0.18585603  0.16303123]
 [ 0.07318228 -0.04193774 -0.27100768 -0.12322627  0.10176329]
 [ 0.23568864 -0.10195137  0.19939249  0.00537289 -0.16702759]
 [-0.11239778 -0.02240724 -0.34183233  0.01348875 -0.02548582]]
Matrix Pair 60; W = [[ 0.27460592  0.04102097  0.09854885 -0.12539126  0.19932005]
 [-0.08928188 -0.33206845 -0.08718434  0.26175816 -0.09618102]
 [-0.05716066  0.05969254 -0.04827777  0.13203834 -0.02093627]
 [ 0.05340554  0.12824388  0.09915753 -0.04786581 -0.06105378]
 [-0.13158235 -0.13709848 -0.23198272 -0.17140648  0.0083811 ]]
U = [[ 0.20239106  0.14601145  0.26467988  0.41021206 -0.04961489]
 [-0.40001266 -0.11903157  0.07534839  0.10644137  0.19563037]
 [ 0.112978   -0.08011837 -0.23339197 -0.19676812  0.07056382]
 [ 0.3261674  -0.01379099  0.19565561  0.02123283 -0.14207254]
 [-0.1501624  -0.04030554 -0.30941813  0.03625574 -0.11996273]]
Matrix Pair 61; W = [[ 0.29023892 -0.00859804  0.12565411 -0.13818802  0.13316987]
 [-0.12582203 -0.37597061 -0.04006319  0.23291462 -0.09337507]
 [-0.03918473  0.03835837 -0.11715732  0.15691553 -0.01122162]
 [-0.04267293  0.09323846  0.06956792 -0.08776869 -0.02208999]
 [-0.09026598 -0.16630149 -0.22734587 -0.1650173   0.04240209]]
U = [[ 0.16247075  0.09672835  0.28246799  0.33822734 -0.08041547]
 [-0.38268134 -0.06638804  0.06630699  0.1414851   0.15270286]
 [ 0.06639797 -0.11062043 -0.25824157 -0.19278632  0.0986775 ]
 [ 0.30068268 -0.04142196  0.26124162  0.03013915 -0.14991616]
 [-0.11774617 -0.00452713 -0.32374495  0.00189202 -0.02953091]]
Matrix Pair 62; W = [[ 0.26371918 -0.0341541   0.12766701 -0.1418062   0.12025287]
 [-0.1292156  -0.31962232 -0.0623357   0.25139761 -0.04520689]
 [-0.11088458  0.01655831 -0.08014386  0.15441801  0.05985262]
 [ 0.03019378  0.05564499  0.14331473 -0.07351933 -0.10554298]
 [-0.13349084 -0.11272088 -0.13690002 -0.15443732  0.02067565]]
U = [[ 0.17958953  0.16991858  0.2544217   0.33741118 -0.05117019]
 [-0.359198   -0.06537345  0.09491622  0.13385972  0.18933777]
 [ 0.08884146 -0.11918148 -0.21697459 -0.17384868  0.08174211]
 [ 0.29933675 -0.0773274   0.2464915   0.01083354 -0.11643878]
 [-0.11483906 -0.0595106  -0.26503957  0.02995176 -0.12336668]]
Matrix Pair 63; W = [[ 0.30078636  0.00543247  0.08221762 -0.20579648  0.21106956]
 [-0.14595905 -0.3095469  -0.04861084  0.30398825 -0.1226432 ]
 [-0.08751335  0.02437032 -0.08829153  0.13833488  0.05553954]
 [ 0.00793306  0.04477997  0.09157174 -0.10412297 -0.02701232]
 [-0.11102084 -0.13919188 -0.22042264 -0.15717198  0.02403002]]
U = [[ 0.17455467  0.15429406  0.25798476  0.35226062 -0.06838736]
 [-0.44479152 -0.12774103  0.12185809  0.11267298  0.20588824]
 [ 0.04849177 -0.0847335  -0.26271081 -0.16337595  0.10100256]
 [ 0.26494199 -0.05373004  0.26852616  0.02692694 -0.1302875 ]
 [-0.12011132 -0.05726457 -0.31148404 -0.01057243 -0.07586323]]
Matrix Pair 64; W = [[ 0.28444125 -0.12746872  0.09592266 -0.17644128  0.07487036]
 [-0.13012251 -0.41645044 -0.0729378   0.25365961 -0.07727029]
 [-0.08871305  0.05245103  0.00357637  0.10872891  0.09822855]
 [-0.0879091   0.01103099  0.06690981 -0.13908443  0.00339513]
 [-0.14347709 -0.09843869 -0.22026909 -0.20522567 -0.0229025 ]]
U = [[ 0.1360103   0.0810255   0.26562292  0.40424645 -0.03636515]
 [-0.35258666 -0.11773151  0.09873098  0.0989721   0.13726096]
 [ 0.10745312 -0.10537026 -0.28709256 -0.13763883  0.18159563]
 [ 0.28642886 -0.03568174  0.23217217  0.03760804 -0.1057783 ]
 [-0.18494489  0.09521149 -0.26146559 -0.02794054 -0.02455129]]
Matrix Pair 65; W = [[ 0.27842454 -0.10319818  0.15280511 -0.20299904  0.13478718]
 [-0.12354846 -0.35230924 -0.12185698  0.2458842  -0.04863553]
 [-0.10098862  0.03296974 -0.02821454  0.11007092  0.0928205 ]
 [-0.03472833  0.0871871   0.03328792 -0.14668455  0.04448941]
 [-0.09462942 -0.15859041 -0.22230284 -0.16569706 -0.00178829]]
U = [[ 0.14860075  0.15724469  0.28896425  0.38143491  0.02056908]
 [-0.318176   -0.15315644  0.05971171  0.13580528  0.19675799]
 [ 0.14981518 -0.14314375 -0.19534375 -0.10336332  0.12957704]
 [ 0.24799357 -0.0831306   0.28884159  0.08010248 -0.1566759 ]
 [-0.18578519  0.09471211 -0.31469024 -0.06822335  0.01875144]]
Matrix Pair 66; W = [[ 0.29904396 -0.09454925  0.09498804 -0.19351855  0.09116552]
 [-0.04403479 -0.38565656 -0.14623901  0.26020292 -0.12573849]
 [-0.14184319  0.0198783  -0.00632537  0.15911044  0.02778325]
 [-0.00239714  0.04950703  0.12084055 -0.16401108 -0.00767415]
 [-0.1076588  -0.08572018 -0.2774187  -0.16509807  0.05489013]]
U = [[ 0.18094005  0.1292973   0.30005633  0.39953762  0.03798975]
 [-0.31214532 -0.13881304  0.05538143  0.08834433  0.20967322]
 [ 0.07605131 -0.1231122  -0.24178446 -0.1412909   0.20185299]
 [ 0.27137016 -0.0637015   0.2616521   0.08423147 -0.11757755]
 [-0.18252694  0.04734617 -0.27466456 -0.027239   -0.06234668]]
Matrix Pair 67; W = [[ 0.32780139 -0.12923579  0.14872923 -0.2148659   0.12156656]
 [-0.03617274 -0.38542016 -0.16159788  0.19633748 -0.12115765]
 [-0.07730155  0.08249009 -0.02123612  0.08610799  0.01604016]
 [-0.04644717  0.07821868  0.10004981 -0.09632398  0.02339474]
 [-0.14013862 -0.08760525 -0.20881761 -0.1810372   0.03968049]]
U = [[ 0.2070661   0.15500285  0.28967644  0.33196804 -0.04764711]
 [-0.34804279 -0.12182563  0.06139937  0.094709    0.1678203 ]
 [ 0.11450534 -0.08852612 -0.21125382 -0.15493778  0.2075863 ]
 [ 0.26054647 -0.0125044   0.23645135 -0.00216855 -0.13751457]
 [-0.17207642  0.06998907 -0.24335651  0.01728016 -0.06261614]]
Matrix Pair 68; W = [[ 0.24194878 -0.09862376  0.15216086 -0.16197547  0.06746132]
 [-0.12977226 -0.42749928 -0.08894415  0.23826971 -0.07643271]
 [-0.06435661  0.03023707 -0.05296931  0.14113871  0.10635566]
 [ 0.00244652  0.03835368  0.07273811 -0.14105317 -0.03246747]
 [-0.10499838 -0.13912835 -0.21658861 -0.13839572  0.0619941 ]]
U = [[ 0.12579571  0.07857073  0.28784129  0.33864341  0.00427274]
 [-0.31145287 -0.09224297  0.07657046  0.14228983  0.13546867]
 [ 0.09129038 -0.13438422 -0.27009201 -0.13172474  0.22057745]
 [ 0.24212702 -0.0891934   0.24521964  0.0052835  -0.17410604]
 [-0.11608924  0.08996792 -0.31204101 -0.00748798  0.00648381]]
Matrix Pair 69; W = [[ 0.29349132 -0.07882891  0.12931912 -0.2133792   0.1148861 ]
 [-0.09790685 -0.3950481  -0.08648054  0.26379488 -0.09237641]
 [-0.12073359  0.05107308 -0.02020703  0.09347501  0.05782109]
 [-0.07559671  0.00442601  0.08167569 -0.11927325 -0.02167786]
 [-0.154114   -0.09829266 -0.27418612 -0.12954577  0.00109869]]
U = [[ 0.16558514  0.1179156   0.26272433  0.37733878 -0.01559975]
 [-0.36875231 -0.16993808  0.0107441   0.15573513  0.1273578 ]
 [ 0.10332547 -0.06936734 -0.23780274 -0.11833456  0.14914083]
 [ 0.19960012 -0.08561123  0.26832192  0.00141198 -0.1880913 ]
 [-0.09089515  0.06536005 -0.23109683 -0.03155905  0.02168164]]
Matrix Pair 70; W = [[ 0.31501154 -0.13573435  0.07963222 -0.21918503  0.08721085]
 [-0.12094794 -0.37445823 -0.09273975  0.22846773 -0.06585255]
 [-0.07558461  0.06888057 -0.09009801  0.12654503  0.06806605]
 [-0.02943904  0.03973594  0.08462842 -0.12969841 -0.0387226 ]
 [-0.12582319 -0.11548082 -0.22064138 -0.20717225  0.02949511]]
U = [[ 0.13546765  0.14321011  0.210768    0.34407853  0.00525428]
 [-0.36002047 -0.12759615  0.04843776  0.10730117  0.17793959]
 [ 0.12711853 -0.10425046 -0.19455391 -0.16439131  0.18479368]
 [ 0.26320325 -0.07662232  0.26582679  0.03822891 -0.1287677 ]
 [-0.16326065  0.04246533 -0.30999974 -0.07068636  0.02698443]]
Matrix Pair 71; W = [[ 0.26994616 -0.05220754  0.12508915 -0.18068505  0.13882115]
 [-0.11668744 -0.43323757 -0.12895773  0.17004519 -0.08205457]
 [-0.15401137  0.00215812 -0.06954207  0.09638445  0.01153411]
 [-0.06595005  0.07904828  0.08994492 -0.11459734  0.04658805]
 [-0.09102326 -0.18122806 -0.22794056 -0.13218816  0.06061683]]
U = [[ 0.20990055  0.13588896  0.2840717   0.38770499 -0.03394147]
 [-0.30836532 -0.1781429   0.03337205  0.1295859   0.16572115]
 [ 0.11851452 -0.0956174  -0.28314609 -0.12803687  0.12588411]
 [ 0.23974273 -0.03638021  0.30054483  0.08216642 -0.13912439]
 [-0.09319131  0.02742678 -0.25868334 -0.0370115   0.01747562]]
Matrix Pair 72; W = [[ 0.30502915 -0.05555509  0.13643544 -0.23466961  0.10165162]
 [-0.10675536 -0.41403588 -0.08536168  0.23722126 -0.03315893]
 [-0.10976918  0.06334578 -0.09141616  0.13096004  0.06596847]
 [-0.03554832  0.03086681  0.0790253  -0.11136921 -0.03152092]
 [-0.16023609 -0.11988805 -0.21593455 -0.16445476  0.02518712]]
U = [[ 0.18939183  0.13292626  0.21325958  0.34768323  0.01521997]
 [-0.30439458 -0.0969756   0.06240313  0.14014208  0.1464394 ]
 [ 0.06623668 -0.11093125 -0.20978866 -0.10445992  0.16690413]
 [ 0.2553899  -0.07904826  0.32080149  0.011436   -0.14385243]
 [-0.11428901  0.10132045 -0.2562855  -0.03475047 -0.02510539]]
Matrix Pair 73; W = [[ 0.32134516 -0.11129523  0.08298629 -0.16918273  0.11826126]
 [-0.05349251 -0.35121503 -0.15586481  0.21573848 -0.12787868]
 [-0.10574989  0.05796398 -0.09410856  0.13063012  0.01117224]
 [-0.06475941  0.09111849  0.05993671 -0.15891481 -0.04999354]
 [-0.15572816 -0.1254931  -0.25820655 -0.18978766  0.07211394]]
U = [[ 0.14399877  0.08583338  0.20811713  0.34581996 -0.02690426]
 [-0.35546191 -0.11118096  0.05710793  0.13612305  0.18488804]
 [ 0.0772144  -0.12018324 -0.22751817 -0.15899327  0.12406687]
 [ 0.23920785 -0.10133125  0.24612053  0.02827393 -0.12757159]
 [-0.15586808  0.0462109  -0.30051433 -0.05727965  0.01298575]]
Matrix Pair 74; W = [[ 0.24231202 -0.09861824  0.17627635 -0.20377596  0.14687869]
 [-0.12053613 -0.43518141 -0.07534825  0.2523385  -0.12407207]
 [-0.10305272 -0.00304078 -0.02694566  0.16206472  0.10621205]
 [-0.07422049  0.07692747  0.08901789 -0.12006747  0.01249333]
 [-0.16020382 -0.1015821  -0.22713011 -0.17851766  0.06453286]]
U = [[ 0.1483042   0.10001616  0.30593932  0.39624896  0.01810279]
 [-0.36790082 -0.16686684  0.02979367  0.14438969  0.20814124]
 [ 0.08583278 -0.0624747  -0.26285038 -0.13497238  0.15276352]
 [ 0.25214399 -0.07096998  0.2872792   0.01064043 -0.1102291 ]
 [-0.10007346  0.07902467 -0.28671657 -0.06144845 -0.06273968]]
Matrix Pair 75; W = [[ 0.29677414 -0.05777087  0.16390348 -0.15507605  0.10760878]
 [-0.10209259 -0.39010966 -0.10060877  0.22373688 -0.1278535 ]
 [-0.14844839  0.0110555  -0.07627277  0.09748737  0.00789959]
 [-0.0334884   0.0116603   0.05831071 -0.08108273 -0.04988407]
 [-0.15860914 -0.12288798 -0.22596287 -0.20900265 -0.02250497]]
U = [[ 0.12357184  0.12633469  0.30528144  0.33266894 -0.02624103]
 [-0.32046844 -0.16281758  0.03936467  0.09645488  0.1776396 ]
 [ 0.14239319 -0.12356576 -0.20096289 -0.16812889  0.15106151]
 [ 0.2745593  -0.07854644  0.22829879  0.00890641 -0.13638455]
 [-0.09694304  0.10796495 -0.3166902  -0.00628653 -0.01913107]]
Matrix Pair 76; W = [[ 0.27075385 -0.03718104  0.08322633 -0.22648681  0.14118141]
 [-0.11728054 -0.38015319 -0.11164483  0.19439324 -0.08863509]
 [-0.11956233  0.03806032 -0.09174129  0.0804986   0.02825776]
 [-0.07519951  0.00346713  0.09279712 -0.16423248 -0.03503448]
 [-0.1078393  -0.176186   -0.27115008 -0.20233993  0.03843769]]
U = [[ 0.15937271  0.14526707  0.22011945  0.3193899  -0.04509784]
 [-0.31630508 -0.09359702  0.0491563   0.08988306  0.21480298]
 [ 0.06661988 -0.0975686  -0.22366666 -0.12497118  0.19616036]
 [ 0.26025738 -0.10116339  0.24669434  0.04811392 -0.13874509]
 [-0.18245219  0.05679196 -0.28871129  0.02211078 -0.03082544]]
Matrix Pair 77; W = [[ 0.3141692  -0.04366037  0.13485458 -0.23444939  0.05195968]
 [-0.05166064 -0.42774317 -0.13987401  0.19345352 -0.12292884]
 [-0.08838138 -0.00098768 -0.01557674  0.12398285  0.10213423]
 [-0.01970009  0.10036129  0.07863705 -0.17080351  0.04282326]
 [-0.15061402 -0.11317727 -0.25205981 -0.15082218  0.0623995 ]]
U = [[ 0.21109596  0.07646819  0.23484488  0.35252981 -0.05238041]
 [-0.28695258 -0.16770684  0.00563632  0.15004723  0.15815387]
 [ 0.12265936 -0.11882032 -0.23780453 -0.10394382  0.17423162]
 [ 0.19126284 -0.098928    0.3184447   0.01359902 -0.18381291]
 [-0.13146229  0.05986949 -0.26260171 -0.03710519 -0.00804203]]
Matrix Pair 78; W = [[ 0.3175997  -0.0476717   0.12228086 -0.19962098  0.08027105]
 [-0.0922902  -0.39811006 -0.06571075  0.25529643 -0.11731803]
 [-0.11550288  0.00669276 -0.000748    0.13667285  0.05994816]
 [ 0.00307591  0.02046131  0.11715209 -0.08503673  0.02916106]
 [-0.1526016  -0.11894136 -0.21633965 -0.20076494 -0.01017127]]
U = [[ 0.17950113  0.15189001  0.25346659  0.37088706 -0.01052849]
 [-0.27778811 -0.08214717  0.05096006  0.1057431   0.21548361]
 [ 0.13208223 -0.06190079 -0.22064653 -0.1008746   0.1429982 ]
 [ 0.23337658 -0.07126077  0.287584    0.02303669 -0.16840538]
 [-0.11793536  0.02582941 -0.25857326 -0.00960159 -0.02085508]]
Matrix Pair 79; W = [[ 0.31733313 -0.10990719  0.08672108 -0.16594527  0.05107396]
 [-0.09251183 -0.41564021 -0.08199902  0.23029733 -0.04616902]
 [-0.07965853 -0.00989143 -0.04993893  0.13944827  0.03833573]
 [-0.04225152  0.08187664  0.10953457 -0.13688392  0.01432039]
 [-0.11718062 -0.12818009 -0.18790306 -0.18566287  0.05379146]]
U = [[ 0.19419747  0.12724992  0.22317839  0.31075201 -0.044125  ]
 [-0.29256857 -0.16496754  0.0202748   0.123126    0.17735487]
 [ 0.09569227 -0.14694034 -0.19499157 -0.11173774  0.12526286]
 [ 0.22339811 -0.06432672  0.28514607  0.07777942 -0.12125551]
 [-0.17829043  0.09504184 -0.30470358  0.00454321 -0.04538616]]
Matrix Pair 80; W = [[ 0.24537329 -0.04000698  0.07458383 -0.178606    0.10995885]
 [-0.140587   -0.2612769  -0.07920504  0.27091669 -0.08872373]
 [-0.15319192  0.07993106 -0.01712394  0.13809797  0.0993146 ]
 [-0.04524276  0.06435545  0.10132893 -0.11837333  0.02669773]
 [-0.07755425 -0.14848432 -0.19988763 -0.13508576  0.0038054 ]]
U = [[ 0.22457051  0.1339941   0.28500797  0.39102872 -0.04853282]
 [-0.34192905 -0.05440628  0.08549102  0.08921791  0.21378379]
 [ 0.09230391 -0.09117616 -0.25981707 -0.08684541  0.14481301]
 [ 0.33717922  0.03455643  0.26258151 -0.00512418 -0.1783595 ]
 [-0.06454546  0.03179695 -0.31675965 -0.01502984 -0.02697045]]
Matrix Pair 81; W = [[ 0.22020425 -0.09315942  0.0197411  -0.12350831  0.12976715]
 [-0.08890145 -0.28265507 -0.13586775  0.29477818 -0.1148607 ]
 [-0.10731438  0.06963692 -0.05164028  0.15424842  0.08290142]
 [ 0.00691363  0.1136072   0.05813076 -0.11113097 -0.00929772]
 [-0.03612194 -0.11577676 -0.25722321 -0.08624906 -0.03139601]]
U = [[ 0.22788438  0.15022305  0.26088523  0.37926734 -0.06359025]
 [-0.33715118 -0.13624004  0.1126664   0.06278674  0.18803286]
 [ 0.08585829 -0.15309516 -0.26844679 -0.13984589  0.20478575]
 [ 0.33148632  0.02136101  0.3285013   0.00381705 -0.16934111]
 [-0.14270174  0.0389713  -0.30030673 -0.03393531 -0.07690773]]
Matrix Pair 82; W = [[ 0.23409675 -0.06175138  0.07933014 -0.15952583  0.08221387]
 [-0.12734783 -0.30310826 -0.05267148  0.21226713 -0.08238284]
 [-0.17167587  0.03771283 -0.07751213  0.14536117  0.02294113]
 [-0.006128    0.10540327  0.0873934  -0.08247032 -0.02337282]
 [-0.11426147 -0.14151431 -0.24331413 -0.13035041 -0.03242931]]
U = [[ 0.20162872  0.06549916  0.26059153  0.35078058 -0.06580852]
 [-0.34807035 -0.09541128  0.06064066  0.07385937  0.22368582]
 [ 0.01987262 -0.11306753 -0.26105992 -0.1180872   0.14511669]
 [ 0.35936987 -0.00305607  0.26081131  0.02171351 -0.14260984]
 [-0.09889431  0.04386363 -0.32317621 -0.05372613 -0.02477665]]
Matrix Pair 83; W = [[ 0.24940977 -0.05646213  0.0932772  -0.14962123  0.10006612]
 [-0.10575211 -0.29573712 -0.07292678  0.30035327 -0.09674666]
 [-0.09381407  0.03447232 -0.0099999   0.16439772  0.04628862]
 [-0.01783422  0.03466069  0.02925777 -0.09269112  0.00504733]
 [-0.10032711 -0.1966726  -0.20445459 -0.17715825  0.05282882]]
U = [[ 0.1946167   0.16061555  0.23308918  0.36250752 -0.00640145]
 [-0.40696328 -0.0809189   0.04658494  0.07732863  0.21964455]
 [ 0.01277745 -0.11511148 -0.22894828 -0.09202287  0.16335692]
 [ 0.28409051  0.00394606  0.32332405  0.01782192 -0.13384536]
 [-0.08797237  0.06513535 -0.30898802 -0.05433707 -0.02498401]]
Matrix Pair 84; W = [[ 0.25582281 -0.03602333  0.01956009 -0.11279137  0.0824505 ]
 [-0.0896515  -0.26620369 -0.06504077  0.2584898  -0.15326268]
 [-0.16657666  0.04116337 -0.07834625  0.12867635  0.04502567]
 [-0.02810354  0.04367866  0.09994017 -0.11033841 -0.02148256]
 [-0.06841897 -0.15924132 -0.19210624 -0.13385556 -0.01648215]]
U = [[ 0.13739789  0.12616821  0.26038709  0.35664821 -0.01951257]
 [-0.4114106  -0.07780709  0.12157766  0.0722648   0.25772267]
 [ 0.10204094 -0.15458341 -0.23274223 -0.17726487  0.13170719]
 [ 0.26777996 -0.01665634  0.32748783  0.07030348 -0.15513017]
 [-0.09310727  0.06566393 -0.29976183 -0.06771865 -0.10764124]]
Matrix Pair 85; W = [[ 0.22538254 -0.02955442  0.04575111 -0.17865273  0.07067694]
 [-0.1485038  -0.27888448 -0.04078344  0.26768397 -0.09490043]
 [-0.17372135 -0.01311998 -0.03122907  0.12449697  0.09223165]
 [-0.06419625  0.05781793  0.1106717  -0.14660204  0.0099099 ]
 [-0.04157453 -0.1175063  -0.26243608 -0.17200191  0.03298431]]
U = [[ 0.15796981  0.10639647  0.22087239  0.37931397 -0.04508773]
 [-0.42835812 -0.07877111  0.06614682  0.08644441  0.23778414]
 [ 0.03347921 -0.11385395 -0.20912459 -0.16906004  0.19888731]
 [ 0.33143737  0.02118212  0.35420212  0.07999017 -0.18027231]
 [-0.06146546 -0.00588544 -0.27835736 -0.04807546 -0.09984723]]
Matrix Pair 86; W = [[ 0.29530611 -0.12110489  0.06095145 -0.14255728  0.08383935]
 [-0.07113646 -0.24769796 -0.12767042  0.27551307 -0.0639556 ]
 [-0.11099158  0.0506912  -0.06472123  0.1698877   0.01509913]
 [-0.00192825  0.03240461  0.02134744 -0.08447146 -0.02754115]
 [-0.05284807 -0.17836685 -0.186621   -0.15281816 -0.02435547]]
U = [[ 1.68954002e-01  1.15101020e-01  2.16578474e-01  3.95580546e-01
  -2.22869392e-02]
 [-3.63891525e-01 -4.85805517e-02  1.26905291e-01  4.05441017e-02
   2.31896759e-01]
 [ 6.54841956e-02 -1.22935748e-01 -2.01870354e-01 -1.75443982e-01
   1.88762843e-01]
 [ 3.42137089e-01 -1.53503723e-02  3.38844205e-01  8.48419404e-02
  -1.26515657e-01]
 [-6.33895170e-02  5.36758630e-02 -3.23437366e-01  2.43610704e-04
  -6.24664666e-02]]
Matrix Pair 87; W = [[ 0.26373461 -0.0813536   0.09602153 -0.16716342  0.10637351]
 [-0.06068116 -0.2962948  -0.13592425  0.28367658 -0.11002216]
 [-0.16536122  0.03550252 -0.03563083  0.12499227  0.04681778]
 [-0.01664145  0.06487503  0.04722314 -0.1490311  -0.00126479]
 [-0.04970488 -0.12041051 -0.27049486 -0.0866097   0.03457506]]
U = [[ 2.19907371e-01  9.74255848e-02  2.63269770e-01  3.40164996e-01
   8.60178555e-05]
 [-4.08212633e-01 -6.70980343e-02  5.23799390e-02  1.20526549e-01
   1.92916147e-01]
 [ 7.92232484e-02 -1.38697593e-01 -2.30396290e-01 -1.26911773e-01
   2.14861278e-01]
 [ 2.86121680e-01  2.19241559e-02  2.84483194e-01 -1.41654441e-03
  -1.20015246e-01]
 [-8.67973322e-02  6.08268756e-02 -3.03328467e-01 -3.12283605e-02
  -4.84850542e-02]]
Matrix Pair 88; W = [[ 0.21096772 -0.06532796  0.10503581 -0.13984939  0.10655446]
 [-0.08086493 -0.29627381 -0.09999466  0.23789228 -0.06188191]
 [-0.13898829  0.0716555  -0.02445812  0.17877148  0.02830057]
 [-0.04589336  0.11315615  0.01806566 -0.12855373  0.03701868]
 [-0.0716393  -0.16505199 -0.25538039 -0.16207014  0.04939958]]
U = [[ 0.17849751  0.1099207   0.29731117  0.33501035 -0.02663725]
 [-0.34435419 -0.11768012  0.11979642  0.04182328  0.21100749]
 [ 0.0393088  -0.05746559 -0.27278532 -0.14867086  0.12347825]
 [ 0.3444747   0.01410067  0.3047229   0.06859475 -0.20786858]
 [-0.09150429  0.07779381 -0.30107682 -0.05383589 -0.01499476]]
Matrix Pair 89; W = [[ 0.20799153 -0.11684721  0.07481253 -0.13896983  0.04176004]
 [-0.11494882 -0.30714648 -0.1034447   0.29730087 -0.13119756]
 [-0.07787721  0.05395869 -0.01754876  0.15730674  0.09970211]
 [ 0.00323073  0.05151086  0.11134915 -0.06846687  0.01726978]
 [-0.10350456 -0.10558769 -0.25710388 -0.14962507  0.04431193]]
U = [[ 0.13729692  0.13220958  0.22662685  0.3583389  -0.00509514]
 [-0.42178427 -0.13467226  0.06708354  0.11519494  0.23077718]
 [ 0.03358341 -0.13501423 -0.24751856 -0.08125831  0.20575141]
 [ 0.28370001 -0.03265573  0.27653407  0.03322792 -0.19758127]
 [-0.11258213  0.05911521 -0.26203695 -0.07734479 -0.05528055]]
Matrix Pair 90; W = [[ 0.27460273 -0.05727999  0.09194588 -0.16919597  0.0841369 ]
 [-0.06286659 -0.23080936 -0.06906015  0.21701958 -0.08545793]
 [-0.09077363  0.07849524 -0.09431518  0.1987665   0.02348316]
 [-0.07869746  0.04866347  0.06031929 -0.09655735  0.04071534]
 [-0.12613897 -0.14987483 -0.26945832 -0.16117454  0.03957096]]
U = [[ 0.14337625  0.121515    0.2721877   0.34829878 -0.07708542]
 [-0.34922179 -0.11598788  0.12670496  0.0502978   0.25150579]
 [ 0.09125478 -0.09439763 -0.22644252 -0.17462684  0.14632692]
 [ 0.34370937  0.00937653  0.33324313  0.04163606 -0.19862746]
 [-0.085337    0.0689187  -0.26819359 -0.08050221 -0.09977944]]
Matrix Pair 91; W = [[ 0.20596853 -0.03706777  0.10406525 -0.14892783  0.11083587]
 [-0.0679168  -0.23288814 -0.11964949  0.22399817 -0.1359265 ]
 [-0.16834654  0.03125614 -0.06976797  0.17066998  0.04282472]
 [-0.00391887  0.1056962   0.06154278 -0.12234558 -0.01283657]
 [-0.07179699 -0.19487789 -0.2347173  -0.1666985   0.05152228]]
U = [[ 0.1720583   0.11928363  0.2137779   0.40826651  0.00045812]
 [-0.43350401 -0.09225407  0.11253584  0.13752632  0.23288418]
 [ 0.08493169 -0.0723884  -0.24769268 -0.12732266  0.21256574]
 [ 0.3467072   0.04450314  0.30506444  0.08138904 -0.12553464]
 [-0.15078214 -0.00173582 -0.29208209 -0.02718284 -0.06855817]]
Matrix Pair 92; W = [[ 0.22218105 -0.06941625  0.09594261 -0.18226877  0.06488067]
 [-0.09098964 -0.25358818 -0.07447981  0.26243413 -0.15264731]
 [-0.17100517  0.06400296 -0.06358315  0.12702651  0.0265782 ]
 [-0.02757441  0.04098547  0.11746183 -0.06634545 -0.02411912]
 [-0.09152176 -0.16475341 -0.20659232 -0.15067996 -0.02507254]]
U = [[ 0.1856796   0.14362321  0.25008383  0.36583855  0.01137523]
 [-0.33894227 -0.11193577  0.10003623  0.06375846  0.17438792]
 [ 0.08311573 -0.13077673 -0.18083991 -0.12400423  0.16995956]
 [ 0.29100549 -0.00334173  0.29882116 -0.00861959 -0.18118635]
 [-0.1025723   0.08983619 -0.32809312 -0.00569926 -0.05574284]]
Matrix Pair 93; W = [[ 0.21765525 -0.07950322  0.07618355 -0.20797031  0.11391275]
 [-0.06023181 -0.30952955 -0.10719013  0.2237342  -0.08809353]
 [-0.1508539   0.06354312 -0.05307103  0.16833211  0.02064617]
 [-0.07288017  0.10217329  0.03219983 -0.07059373 -0.01009338]
 [-0.12498139 -0.12929134 -0.2008935  -0.090657   -0.03266675]]
U = [[ 0.13503709  0.08243174  0.24286388  0.34265198 -0.05191798]
 [-0.35284957 -0.12231988  0.03843579  0.08576617  0.24429066]
 [ 0.05951137 -0.14531324 -0.2540781  -0.0958404   0.15005898]
 [ 0.29965426  0.03212285  0.26693073  0.05756562 -0.16636146]
 [-0.08881018  0.00430129 -0.33558909 -0.00045988 -0.10832394]]
Matrix Pair 94; W = [[ 0.24774062 -0.03168025  0.06424084 -0.13528181  0.08318683]
 [-0.07650901 -0.24310988 -0.12579468  0.26704339 -0.1533262 ]
 [-0.15776803  0.07059005 -0.09790913  0.16634188  0.03253581]
 [-0.01572013  0.08790494  0.11200527 -0.09252858  0.0223162 ]
 [-0.08869179 -0.10062328 -0.2431026  -0.14211397 -0.03088326]]
U = [[ 0.17057839  0.09046626  0.20945258  0.33972533 -0.05765037]
 [-0.43167979 -0.13327643  0.09874305  0.05732842  0.23197953]
 [ 0.0610224  -0.05993841 -0.18764193 -0.15420715  0.12076379]
 [ 0.29867246  0.0466336   0.34601241  0.04313601 -0.17281111]
 [-0.14723775  0.00206778 -0.31949118 -0.07797614 -0.07764408]]
Matrix Pair 95; W = [[ 0.28773258 -0.06196278  0.03484727 -0.19852292  0.1078651 ]
 [-0.05053165 -0.237581   -0.07485904  0.22538731 -0.13448879]
 [-0.13858254  0.07112608 -0.09140552  0.15926313  0.04066368]
 [-0.03052117  0.03085366  0.06507547 -0.11303811  0.02846827]
 [-0.08078631 -0.11153922 -0.24797739 -0.08974235  0.0009347 ]]
U = [[ 0.13240757  0.07737687  0.23351821  0.35645087 -0.0572688 ]
 [-0.35774665 -0.0633031   0.0399124   0.13273831  0.21405325]
 [ 0.03241386 -0.13299409 -0.24049967 -0.12886655  0.18376254]
 [ 0.35285073  0.02739913  0.27733748  0.02721328 -0.1702531 ]
 [-0.06193284  0.00071416 -0.27811586 -0.00613805 -0.03356544]]
Matrix Pair 96; W = [[ 0.21913732 -0.04419893  0.10666085 -0.15648754  0.12171229]
 [-0.08211968 -0.41274762 -0.08434581  0.21423918 -0.12740597]
 [-0.1352087  -0.02536821 -0.11878139  0.15988896  0.07655037]
 [-0.05521271  0.10196408  0.09404506 -0.10367557 -0.08329237]
 [-0.11483396 -0.11399544 -0.22538583 -0.10140387  0.06501301]]
U = [[ 0.12638019  0.07139193  0.2274057   0.38777459  0.02059526]
 [-0.37605041 -0.12864956  0.11728417  0.14279309  0.23889759]
 [ 0.05659895 -0.14781263 -0.24277736 -0.10565649  0.1226943 ]
 [ 0.20846479 -0.07111403  0.28278409 -0.01885963 -0.2250702 ]
 [-0.12078135 -0.02090048 -0.30202724  0.01647407 -0.04193508]]
Matrix Pair 97; W = [[ 0.29198905  0.00427943  0.10732183 -0.17083263  0.15091367]
 [-0.09935386 -0.41766124 -0.08340917  0.15762881 -0.10683622]
 [-0.08304771  0.00803821 -0.08491229  0.09832357  0.02066542]
 [-0.02080998  0.08427053  0.0523991  -0.14175544 -0.04235491]
 [-0.09659306 -0.06239798 -0.22756244 -0.16176702  0.05425726]]
U = [[ 0.14614303  0.04625083  0.26876061  0.40098902 -0.01202832]
 [-0.40655037 -0.09935706  0.15799392  0.1046072   0.2534921 ]
 [ 0.00221079 -0.14969806 -0.19593328 -0.19512882  0.16710482]
 [ 0.23524589 -0.05611091  0.31084244 -0.01754192 -0.18224238]
 [-0.05984141  0.02036029 -0.31685875  0.02804987 -0.06041479]]
Matrix Pair 98; W = [[ 0.22472329 -0.01891173  0.0501835  -0.16929498  0.18489208]
 [-0.12623837 -0.41907928 -0.14322896  0.23708501 -0.13119559]
 [-0.06522631  0.01008636 -0.06618183  0.18726578  0.05435736]
 [-0.10831277  0.11320642  0.02205004 -0.15791646 -0.08388741]
 [-0.10799416 -0.09560209 -0.172793   -0.10202259  0.06954511]]
U = [[ 0.09363744  0.07743302  0.2179142   0.33881544 -0.0188907 ]
 [-0.3439747  -0.10972716  0.09212155  0.09153649  0.16395637]
 [ 0.07811108 -0.09298767 -0.23882573 -0.16748632  0.11943653]
 [ 0.24460412 -0.0400025   0.29374998  0.01170926 -0.20780993]
 [-0.08095264 -0.02396806 -0.22653192 -0.01603809 -0.00816271]]
Matrix Pair 99; W = [[ 0.22297583  0.01257465  0.10003678 -0.1702238   0.17692964]
 [-0.0575525  -0.37185849 -0.10241974  0.21217313 -0.12124394]
 [-0.10999397 -0.02994786 -0.10120188  0.1783018   0.03294621]
 [-0.02609681  0.10533377  0.01765733 -0.10286129 -0.05234827]
 [-0.17294077 -0.08976178 -0.21062387 -0.1002421   0.05628621]]
U = [[ 0.09897357  0.0554638   0.19158743  0.33463501  0.02686625]
 [-0.3924965  -0.11799641  0.1006607   0.12388307  0.23431928]
 [ 0.00384018 -0.15364418 -0.24706075 -0.1791847   0.14786679]
 [ 0.27447605 -0.04780811  0.31293681  0.01602683 -0.21260681]
 [-0.12951574 -0.03679497 -0.25572678  0.00700041 -0.07478291]]
Matrix Pair 100; W = [[ 0.26319745  0.00420011  0.04793403 -0.17582389  0.17713803]
 [-0.09428661 -0.45336048 -0.13398804  0.22101466 -0.0776321 ]
 [-0.14088537 -0.00520412 -0.03276786  0.13573179  0.0751363 ]
 [-0.01857344  0.1675874   0.02333457 -0.11985975 -0.07772291]
 [-0.17551992 -0.05234084 -0.21074487 -0.09225936  0.03113627]]
U = [[ 0.15902476  0.05637572  0.20459417  0.40517207 -0.0255219 ]
 [-0.38530652 -0.11471643  0.11461259  0.14857126  0.20664   ]
 [ 0.05903515 -0.10166571 -0.1606236  -0.15680972  0.15663553]
 [ 0.21380554 -0.02086343  0.24569178  0.03996334 -0.20647268]
 [-0.13922473 -0.0278214  -0.25659304 -0.0056273  -0.0605903 ]]
Matrix Pair 101; W = [[ 0.26798216  0.01299227  0.08879236 -0.1221668   0.10083106]
 [-0.12921451 -0.45429493 -0.11975928  0.22776416 -0.15702934]
 [-0.05816253  0.01354874 -0.09803596  0.14742292  0.02934352]
 [-0.02828478  0.09108784  0.05156687 -0.10335399 -0.09877468]
 [-0.1273129  -0.10588195 -0.16410909 -0.13621115  0.00624953]]
U = [[ 0.15754913  0.05262079  0.19331867  0.35069963 -0.04166648]
 [-0.36985377 -0.06676673  0.07368047  0.16125143  0.23243909]
 [ 0.07941984 -0.17102535 -0.16666183 -0.10861265  0.11827859]
 [ 0.25078956 -0.02215709  0.26226064  0.01885709 -0.24496113]
 [-0.07088721 -0.04733964 -0.23276357 -0.02149212 -0.06793785]]
Matrix Pair 102; W = [[ 0.21911459 -0.03827978  0.06215047 -0.17366914  0.14985243]
 [-0.09710306 -0.40068943 -0.15428857  0.23302493 -0.06774505]
 [-0.09515992  0.01023068 -0.07175694  0.10647649  0.07743469]
 [-0.06996323  0.15042498  0.10820744 -0.12391695 -0.01980524]
 [-0.15075366 -0.08452947 -0.23399525 -0.13775632 -0.00832961]]
U = [[ 0.12921466  0.05483885  0.22932012  0.35187402  0.00153283]
 [-0.41525244 -0.09614637  0.09435295  0.13983381  0.25137677]
 [ 0.08123422 -0.17225632 -0.1884965  -0.17789447  0.13272669]
 [ 0.21396458 -0.05912329  0.26406923  0.02477644 -0.24561807]
 [-0.11785004  0.04494857 -0.28484767 -0.01351846 -0.03525666]]
Matrix Pair 103; W = [[ 0.22928993 -0.03607333  0.11709937 -0.16684027  0.18398144]
 [-0.08254125 -0.41163608 -0.14249402  0.1869413  -0.07328914]
 [-0.13087066 -0.00919691 -0.04904818  0.14841302  0.01004423]
 [-0.03376842  0.13275455  0.03446659 -0.11801091 -0.10276443]
 [-0.16121168 -0.04038531 -0.26271753 -0.13648438  0.07232903]]
U = [[ 0.10962911  0.07585674  0.18099833  0.38137586  0.0367677 ]
 [-0.3834411  -0.08056294  0.0718861   0.1521464   0.18328118]
 [ 0.00865526 -0.09785024 -0.20488178 -0.10382724  0.06940207]
 [ 0.22146777 -0.09514672  0.24006448  0.01304114 -0.24103933]
 [-0.13749543 -0.01951259 -0.28010754 -0.00227118 -0.08102179]]
Matrix Pair 104; W = [[ 0.28017015 -0.06822708  0.06332117 -0.141159    0.15531744]
 [-0.06063115 -0.40393083 -0.1243362   0.23363184 -0.14990575]
 [-0.13603167 -0.02748112 -0.04485634  0.18946027  0.06628335]
 [-0.10177105  0.07415901  0.06585341 -0.0854079  -0.05153346]
 [-0.1800265  -0.05351982 -0.17916357 -0.088174    0.05444551]]
U = [[ 0.09972915  0.05018075  0.19223265  0.36485767  0.00069296]
 [-0.36704765 -0.07618181  0.10213794  0.11316256  0.17022226]
 [ 0.07016366 -0.09299728 -0.18355892 -0.19591414  0.07787263]
 [ 0.28075391 -0.0103404   0.3174452  -0.00485246 -0.22242919]
 [-0.13510802 -0.02055351 -0.31468032  0.01100173 -0.0862251 ]]
Matrix Pair 105; W = [[ 0.22627952 -0.0273961   0.0458861  -0.12206807  0.16535333]
 [-0.11660736 -0.40112365 -0.12505115  0.19612274 -0.15573012]
 [-0.05649433  0.01529574 -0.0991695   0.16647157  0.07397901]
 [-0.07526485  0.11295783  0.07211176 -0.11171249 -0.00991691]
 [-0.12713484 -0.05918804 -0.26246548 -0.08992894  0.0220429 ]]
U = [[ 0.18862246  0.06816063  0.23554764  0.39876199 -0.02142811]
 [-0.34448657 -0.12268321  0.13959563  0.16822697  0.24350882]
 [ 0.04770122 -0.18429826 -0.25575848 -0.12446554  0.0742045 ]
 [ 0.22783757 -0.05027892  0.29832543 -0.01944088 -0.20688455]
 [-0.12904804  0.01052405 -0.30190463  0.02176978 -0.00730264]]
Matrix Pair 106; W = [[ 0.29719255 -0.00494563  0.10732361 -0.13285933  0.16108281]
 [-0.12393869 -0.46085107 -0.16003253  0.19641829 -0.12060314]
 [-0.12761987 -0.02850633 -0.09691198  0.16142782  0.09663281]
 [-0.03069601  0.14647332  0.05807131 -0.16680622 -0.06068349]
 [-0.09709254 -0.05105274 -0.19355911 -0.10913087 -0.01335494]]
U = [[ 0.12360315  0.1183522   0.21596997  0.32823618 -0.05650306]
 [-0.39628975 -0.12352404  0.07580905  0.14060088  0.23990633]
 [ 0.05109541 -0.17887839 -0.19222999 -0.16034168  0.09574041]
 [ 0.21954232 -0.06410138  0.2879384   0.02299181 -0.23084058]
 [-0.08688026  0.02059766 -0.32388457  0.01139442 -0.0481485 ]]
Matrix Pair 107; W = [[ 0.27019188 -0.04101802  0.12503332 -0.17977766  0.16895612]
 [-0.15341064 -0.42170743 -0.06628627  0.23906174 -0.12234404]
 [-0.07027995  0.01532427 -0.10977098  0.10598819  0.0773787 ]
 [-0.08889574  0.12126021  0.09276704 -0.08248762 -0.1041717 ]
 [-0.15426937 -0.09715321 -0.18217887 -0.10733812  0.04600836]]
U = [[ 0.12461918  0.11056046  0.22435517  0.37044078 -0.02915767]
 [-0.34652428 -0.0973092   0.14583376  0.09395717  0.17202323]
 [ 0.04112997 -0.14595561 -0.22052549 -0.18515168  0.0976321 ]
 [ 0.22934809 -0.02077594  0.25023309  0.04999608 -0.15891368]
 [-0.09408953  0.02374621 -0.28419347  0.01918299 -0.02781105]]
Matrix Pair 108; W = [[ 0.22992407 -0.07361389  0.11553345 -0.17484228  0.17908045]
 [-0.10320502 -0.43220339 -0.15320441  0.19131136 -0.151413  ]
 [-0.04579293 -0.02561209 -0.12521495  0.13688757  0.06257789]
 [-0.0695217   0.14367885  0.03580528 -0.08607921 -0.05255788]
 [-0.12581435 -0.05373146 -0.19198306 -0.09378574  0.01664164]]
U = [[ 0.10360253  0.13182417  0.21377207  0.34447697  0.03305931]
 [-0.37774802 -0.14482543  0.0736614   0.14364568  0.24536065]
 [ 0.09208551 -0.11628009 -0.17775739 -0.13187364  0.14589114]
 [ 0.26890838 -0.02933836  0.30976608  0.04701704 -0.15949633]
 [-0.07510003  0.04078161 -0.28949283 -0.03631606 -0.10268884]]
Matrix Pair 109; W = [[ 0.24573202 -0.0147791   0.1362516  -0.11288371  0.18728202]
 [-0.14670227 -0.37869247 -0.10481456  0.18660026 -0.06833151]
 [-0.10792379 -0.01248893 -0.11491338  0.12951247  0.05229057]
 [-0.09462707  0.159688    0.08182267 -0.07257916 -0.06110437]
 [-0.16555906 -0.10129552 -0.2101324  -0.08329668  0.04575933]]
U = [[ 0.17186593  0.05529312  0.25820615  0.39736875 -0.02824493]
 [-0.40163003 -0.12825512  0.11381107  0.09915018  0.18556757]
 [ 0.05476186 -0.133148   -0.23085775 -0.11749554  0.09600775]
 [ 0.22451102 -0.04709643  0.26690778 -0.02063686 -0.16314426]
 [-0.08584544  0.0204439  -0.24022761 -0.02838851 -0.01833009]]
Matrix Pair 110; W = [[ 0.27765468 -0.05482483  0.0705239  -0.18120816  0.17773667]
 [-0.06501927 -0.36802853 -0.13387566  0.18990956 -0.08669245]
 [-0.08316173 -0.00898925 -0.07986589  0.11108456  0.0864756 ]
 [-0.10198473  0.17033346  0.01820463 -0.11754702 -0.10438959]
 [-0.09313663 -0.08621843 -0.20511518 -0.10432137  0.06994557]]
U = [[ 0.17302907  0.11287491  0.22350242  0.39544055 -0.05362307]
 [-0.33598883 -0.12981737  0.09684599  0.1210347   0.25490198]
 [ 0.02822415 -0.14889727 -0.22850783 -0.14573318  0.10666321]
 [ 0.18434538 -0.10470108  0.23233699  0.04416087 -0.15469143]
 [-0.1369923   0.01896354 -0.32102093  0.0136849  -0.06702494]]
Matrix Pair 111; W = [[ 0.28062009 -0.0371012   0.06524492 -0.13412739  0.14523306]
 [-0.12441905 -0.43797042 -0.06624045  0.15789179 -0.15332193]
 [-0.09318915  0.01451732 -0.12752249  0.16170224  0.04117424]
 [-0.07152774  0.12363776  0.03796841 -0.15634442 -0.10805172]
 [-0.14401456 -0.07891603 -0.23095665 -0.16558896  0.0054574 ]]
U = [[ 0.17513499  0.10316734  0.19244608  0.31445079  0.01014903]
 [-0.35977686 -0.10375761  0.07766567  0.15737993  0.22462217]
 [ 0.00508257 -0.16759455 -0.2492446  -0.14775009  0.14803   ]
 [ 0.2363508  -0.05920684  0.29648351 -0.02547683 -0.22977098]
 [-0.09508121 -0.04350766 -0.29914693 -0.00061186 -0.01546874]]
Matrix Pair 112; W = [[ 0.29215813 -0.01992199  0.09256936 -0.12026177  0.04539886]
 [-0.18762762 -0.2592161  -0.14988869  0.24056229 -0.11561873]
 [-0.11150139 -0.01307545 -0.07298541  0.13480933  0.1119725 ]
 [-0.02890586  0.05448418  0.09049052 -0.09532045 -0.01734384]
 [-0.13353709 -0.0751233  -0.2765749  -0.16654211 -0.00581311]]
U = [[ 0.14841975  0.11490115  0.226132    0.34113053 -0.01256368]
 [-0.25836702 -0.10292234  0.02812484  0.06277222  0.21979748]
 [ 0.05284042 -0.10412014 -0.14419406 -0.11154556  0.16910782]
 [ 0.29250262 -0.02656077  0.20507152  0.00480022 -0.16007392]
 [-0.07458487 -0.01911546 -0.2638036   0.04382354 -0.05079498]]
Matrix Pair 113; W = [[ 0.21201787 -0.07649559  0.10926155 -0.09526488  0.10899618]
 [-0.14224506 -0.32666636 -0.09578339  0.2222424  -0.13365063]
 [-0.07956112  0.06987921 -0.10705483  0.16628015  0.11713678]
 [-0.00394747  0.05376716  0.11373268 -0.06885615  0.03508494]
 [-0.07513613 -0.13121378 -0.25490421 -0.2285898  -0.04134314]]
U = [[ 0.15479167  0.16697259  0.27699848  0.3554405  -0.03679974]
 [-0.24361597 -0.14017372  0.07488642  0.12583487  0.18970855]
 [ 0.05273253 -0.16215884 -0.20200095 -0.08629312  0.20515201]
 [ 0.25098749 -0.07372181  0.2011703  -0.0191799  -0.11216749]
 [-0.05224574  0.07032697 -0.22345459  0.00039592 -0.05887386]]
Matrix Pair 114; W = [[ 0.21874367 -0.09191999  0.03091665 -0.13857556  0.03684445]
 [-0.19157515 -0.3202367  -0.17511121  0.25857376 -0.06472646]
 [-0.12890045  0.06542179 -0.10377301  0.11455251  0.1015402 ]
 [-0.06988167  0.08805333  0.10025281 -0.11144451  0.04661399]
 [-0.10543848 -0.07927984 -0.20240823 -0.21268971  0.02158645]]
U = [[ 0.15851102  0.14490463  0.28232044  0.32761016 -0.04610401]
 [-0.33830916 -0.06296901  0.0712929   0.10959979  0.18043015]
 [ 0.0925836  -0.09542415 -0.20961668 -0.06708508  0.14666142]
 [ 0.32526304 -0.00356706  0.27816709  0.06613138 -0.10007422]
 [-0.12320817 -0.01792142 -0.23201327  0.00428987 -0.10063286]]
Matrix Pair 115; W = [[ 0.21011833 -0.07835183  0.04870855 -0.17155025  0.05991463]
 [-0.15183158 -0.31400645 -0.09603826  0.20222094 -0.12496772]
 [-0.06044133  0.06054766 -0.10671945  0.12303102  0.09812998]
 [ 0.02069437  0.06470372  0.04217688 -0.12261396  0.02520965]
 [-0.12104617 -0.13450297 -0.20750226 -0.19393718 -0.01934289]]
U = [[ 0.22837987  0.1806612   0.25400681  0.32905635 -0.07577516]
 [-0.3182558  -0.08910039  0.05875339  0.06133539  0.21927528]
 [ 0.10634497 -0.11463649 -0.16843114 -0.0879224   0.1917355 ]
 [ 0.34468608 -0.02346979  0.20120278  0.05442825 -0.16133476]
 [-0.10309888  0.06475375 -0.31137957  0.01909299 -0.0697584 ]]
Matrix Pair 116; W = [[ 0.20254531 -0.05075336  0.05395108 -0.12606421  0.03308449]
 [-0.13029882 -0.27815338 -0.16329379  0.23299703 -0.08580678]
 [-0.12443958  0.00576926 -0.03531412  0.16322915  0.10376597]
 [-0.07135137  0.1225168   0.0344546  -0.05413888  0.03070236]
 [-0.10457958 -0.09467668 -0.24021948 -0.1635089   0.02400175]]
U = [[ 0.16324207  0.1306236   0.24668154  0.35693782 -0.08439095]
 [-0.24128503 -0.0672899   0.10554388  0.11620806  0.24522599]
 [ 0.08062472 -0.15434411 -0.13303834 -0.06579077  0.20138798]
 [ 0.34501969 -0.0691542   0.22650214  0.06516928 -0.08234229]
 [-0.08875228  0.00939292 -0.21591084  0.02057313 -0.03173196]]
Matrix Pair 117; W = [[ 0.27311746 -0.01622323  0.04020251 -0.12482084  0.05833049]
 [-0.12849394 -0.28403447 -0.14686987  0.22943831 -0.08810781]
 [-0.11191271  0.04537374 -0.02301328  0.09408509  0.11930293]
 [-0.00714685  0.0647719   0.03504398 -0.05141199 -0.01651002]
 [-0.05613195 -0.08538138 -0.22274354 -0.25361514 -0.01557563]]
U = [[ 0.20461981  0.11049024  0.29628726  0.39689152 -0.08374281]
 [-0.3116609  -0.04748211  0.10810016  0.1334701   0.19409537]
 [ 0.07522671 -0.12839446 -0.16926747 -0.11887093  0.17425823]
 [ 0.26188984 -0.04498378  0.21006112  0.01720264 -0.12241238]
 [-0.03779552  0.07025213 -0.24267811  0.04007295 -0.12416586]]
Matrix Pair 118; W = [[ 0.26823871 -0.04649957  0.06808707 -0.14355117  0.04030791]
 [-0.18373681 -0.3348633  -0.14022518  0.2719217  -0.15909267]
 [-0.08497691  0.042563   -0.0430939   0.10402882  0.06459069]
 [ 0.01241677  0.13488906  0.05375502 -0.12143906  0.07249975]
 [-0.09022283 -0.15111943 -0.24277559 -0.19577812 -0.01201096]]
U = [[ 0.21855728  0.10420834  0.31448238  0.40227242 -0.06976704]
 [-0.31986332 -0.083306    0.02850882  0.0657975   0.2026022 ]
 [ 0.07505598 -0.11950668 -0.21514144 -0.07047424  0.20451871]
 [ 0.32499774 -0.09016917  0.2737077   0.0433537  -0.11690617]
 [-0.07004378  0.03400468 -0.2287531  -0.02167594 -0.05626463]]
Matrix Pair 119; W = [[ 0.21658177 -0.0435342   0.07978831 -0.17460993  0.12165601]
 [-0.14884266 -0.28597181 -0.14296621  0.21896494 -0.13454549]
 [-0.06459158  0.03423125 -0.0355845   0.17338329  0.08592962]
 [ 0.01347836  0.06931909  0.07273806 -0.07457559  0.02545954]
 [-0.10500911 -0.12971189 -0.22478533 -0.25771542 -0.00532306]]
U = [[ 0.17153746  0.17511072  0.27991539  0.33490702 -0.08475103]
 [-0.27690389 -0.09884029  0.06667144  0.08638113  0.17714535]
 [ 0.03504542 -0.09030788 -0.18411238 -0.11567416  0.22185676]
 [ 0.3004933  -0.08847856  0.18373654  0.04351747 -0.14717171]
 [-0.09260563 -0.0097825  -0.2948625  -0.00287328 -0.1181138 ]]
Matrix Pair 120; W = [[ 0.2653908  -0.06610807  0.10531799 -0.17450428  0.0894077 ]
 [-0.13846959 -0.29225008 -0.11022645  0.20755242 -0.13834896]
 [-0.15815236  0.05062883 -0.01545478  0.13597765  0.06014515]
 [-0.01693284  0.06823987  0.03363755 -0.08184054 -0.0216466 ]
 [-0.05264137 -0.10803407 -0.21426672 -0.23978342  0.05068809]]
U = [[ 0.14176086  0.11944624  0.26425907  0.40700586 -0.01660964]
 [-0.31813801 -0.08403047  0.08303044  0.06810079  0.22567853]
 [ 0.11746407 -0.10263758 -0.18155557 -0.08124137  0.20306424]
 [ 0.29907278 -0.03050957  0.18464462  0.04160905 -0.16298659]
 [-0.12176916  0.01343341 -0.24970963  0.01909244 -0.12292937]]
Matrix Pair 121; W = [[ 2.21609683e-01 -2.16546310e-02  3.64254274e-02 -1.81803891e-01
   1.08225463e-01]
 [-1.35176525e-01 -3.16166876e-01 -1.47786356e-01  2.39447439e-01
  -1.61117976e-01]
 [-1.20146708e-01  1.65705557e-02 -1.12275669e-01  1.40719141e-01
   1.14317600e-01]
 [-1.85603320e-04  8.54787480e-02  8.51618611e-02 -6.72373662e-02
   6.87095778e-02]
 [-1.19353460e-01 -1.44526934e-01 -2.42314095e-01 -2.49378063e-01
  -2.95205174e-03]]
U = [[ 0.16456239  0.12041015  0.29090417  0.36911815 -0.0982799 ]
 [-0.30614418 -0.12717321  0.11347305  0.0650538   0.26983411]
 [ 0.06198173 -0.16610919 -0.2000559  -0.11936122  0.19028562]
 [ 0.25460106 -0.0588566   0.22992178  0.0406389  -0.13197584]
 [-0.03916665  0.04282713 -0.2553705   0.00395435 -0.04255488]]
Matrix Pair 122; W = [[ 0.26189112 -0.08719005  0.07292767 -0.17606341  0.09584733]
 [-0.1930474  -0.31246802 -0.16630566  0.20035698 -0.10025948]
 [-0.14572242  0.07700896 -0.02994298  0.17262314  0.11502612]
 [-0.04307171  0.08106546  0.03382841 -0.06660639  0.07197973]
 [-0.04582522 -0.09686042 -0.21331342 -0.20693042 -0.02645817]]
U = [[ 0.18979076  0.19063987  0.30526951  0.38543741 -0.00757911]
 [-0.24331115 -0.13917226  0.09680371  0.11313653  0.18565855]
 [ 0.08452207 -0.1330559  -0.16227348 -0.05996101  0.13761764]
 [ 0.27002586 -0.05887307  0.24285028  0.0683955  -0.13700863]
 [-0.11217219  0.03575997 -0.22458587  0.01416154 -0.05330156]]
Matrix Pair 123; W = [[ 0.20532723 -0.0110533   0.03980676 -0.15790194  0.11404138]
 [-0.11791059 -0.3096986  -0.17351303  0.2057277  -0.12347522]
 [-0.08332511  0.0753599  -0.02378247  0.09245057  0.1113802 ]
 [-0.06039073  0.12201754  0.05232896 -0.06804356  0.06451154]
 [-0.05961025 -0.09820576 -0.27426388 -0.22682505  0.00770059]]
U = [[ 0.1797959   0.10446797  0.30373375  0.33673854 -0.04837111]
 [-0.2550859  -0.10445902  0.0412011   0.0883899   0.17842546]
 [ 0.08396662 -0.08781849 -0.19495713 -0.04246158  0.18776242]
 [ 0.29389315 -0.04920066  0.27018969 -0.019134   -0.10707843]
 [-0.093398    0.06369873 -0.29536538  0.02144194 -0.11769982]]
Matrix Pair 124; W = [[ 0.29749987 -0.03807926  0.08710605 -0.10311173  0.10036493]
 [-0.15707468 -0.31203518 -0.15849217  0.22484919 -0.10882787]
 [-0.06330393 -0.0118681  -0.09676012  0.09901701  0.06659691]
 [ 0.01487687  0.04244401  0.11042297 -0.08039372  0.04719143]
 [-0.09419019 -0.06420906 -0.21990422 -0.19165166  0.04181967]]
U = [[ 0.1407037   0.11737017  0.28839443  0.32065148 -0.03598412]
 [-0.30935097 -0.13424477  0.07361896  0.06361044  0.2499418 ]
 [ 0.04430912 -0.16053079 -0.17058237 -0.11781398  0.16309147]
 [ 0.2649539  -0.00805782  0.2398338   0.0083293  -0.12482571]
 [-0.10830326  0.0024307  -0.21646302  0.05731159 -0.03509429]]
Matrix Pair 125; W = [[ 0.29596827 -0.02829891  0.08349797 -0.11956764  0.08927113]
 [-0.15912964 -0.34969729 -0.17752232  0.21392271 -0.08726736]
 [-0.08523354  0.05208434 -0.09013464  0.11520768  0.07870434]
 [-0.03642699  0.08189175  0.07859782 -0.08314298  0.00427346]
 [-0.0816098  -0.09194234 -0.23960621 -0.24688206 -0.03241722]]
U = [[ 0.13547589  0.11963284  0.28546935  0.35615547 -0.00770971]
 [-0.31736902 -0.13645808  0.03400656  0.08200142  0.26231844]
 [ 0.09935608 -0.15364833 -0.23103914 -0.06825603  0.13518203]
 [ 0.27369202 -0.05359605  0.27295722 -0.02067576 -0.08338837]
 [-0.07157121  0.05883787 -0.28582023  0.05123113 -0.10202986]]
Matrix Pair 126; W = [[ 0.24102086 -0.09974543  0.0528038  -0.16091274  0.04526354]
 [-0.17526557 -0.2731524  -0.16518115  0.25207249 -0.15367397]
 [-0.15876017  0.03292171 -0.03967958  0.12625413  0.10083886]
 [-0.03037721  0.1145052   0.03886013 -0.11618903 -0.01216399]
 [-0.04543912 -0.08602255 -0.21606343 -0.19731016  0.0110503 ]]
U = [[ 0.20280534  0.17864206  0.29462839  0.37568019 -0.0027552 ]
 [-0.27433136 -0.1195866   0.02219796  0.10492544  0.25001202]
 [ 0.05207458 -0.09395313 -0.15305774 -0.12799385  0.16810286]
 [ 0.25727451 -0.04769525  0.25831852 -0.02781919 -0.1768416 ]
 [-0.04090378 -0.01857503 -0.28966624  0.0279504  -0.04972396]]
Matrix Pair 127; W = [[ 2.32979865e-01 -9.41037736e-02  5.22932965e-02 -1.47153547e-01
   8.44593065e-02]
 [-1.24265820e-01 -3.28469911e-01 -1.27774411e-01  2.75407240e-01
  -1.52357103e-01]
 [-1.56131579e-01  4.06769638e-02 -4.69998097e-02  1.74946891e-01
   7.23131657e-02]
 [-6.13159942e-02  6.33064862e-02  3.77926732e-02 -7.76164672e-02
  -3.96233501e-03]
 [-1.08478115e-01 -8.38853026e-02 -2.10675069e-01 -2.17452692e-01
   8.77758300e-05]]
U = [[ 0.16637768  0.13183226  0.30749516  0.37260077 -0.06871795]
 [-0.28090818 -0.11982159  0.03998789  0.139418    0.21574171]
 [ 0.05991609 -0.11169423 -0.19826494 -0.1313169   0.15580471]
 [ 0.31129849 -0.0159668   0.20806192 -0.00728903 -0.12081123]
 [-0.07840718  0.06932357 -0.2371163   0.03196125 -0.08957518]]
