Epoch: 41Matrix Pair 0; W = [[ 0.00069948 -0.03192462  0.1629624   0.03110742 -0.11557294]
 [ 0.05916568 -0.19226742 -0.12653434 -0.15059814  0.21065551]
 [-0.03290663  0.07345019 -0.05144827 -0.05056865  0.18687984]
 [-0.0012501  -0.06931181  0.01113194  0.06323923  0.10128551]
 [-0.14657074 -0.12053867  0.1200938   0.1241098  -0.01774083]]
U = [[ 0.15126478 -0.14695285  0.17766835 -0.04108018  0.18990846]
 [-0.10890352  0.13328347  0.17274192  0.17401388  0.03167583]
 [ 0.24665962  0.08464737  0.13377714  0.1454222   0.04962206]
 [ 0.08579669  0.1647884   0.08914754 -0.00236411  0.11129379]
 [-0.14113932  0.1740139   0.25151114  0.14010163 -0.0435762 ]]
Matrix Pair 1; W = [[-0.09091784  0.01037178  0.1961009   0.03822014 -0.05932464]
 [ 0.02086868 -0.15372803 -0.06694319 -0.06194479  0.20959469]
 [ 0.02045114  0.00790801 -0.03378947 -0.03872531  0.21232971]
 [ 0.00246135 -0.13393686  0.02717798  0.08298118  0.053512  ]
 [-0.14476407 -0.13154704  0.12803873  0.06939687 -0.06629461]]
U = [[ 0.14024181 -0.15633921  0.24799569 -0.07215013  0.21848678]
 [-0.15777752  0.05761793  0.10461824  0.17497168  0.0322751 ]
 [ 0.22325571  0.02179751  0.077747    0.15154289  0.06847162]
 [ 0.0869613   0.20763924  0.06131189 -0.03126678  0.1313783 ]
 [-0.17450578  0.18413705  0.24949314  0.20286925 -0.05169977]]
Matrix Pair 2; W = [[ 0.00571018 -0.03321367  0.17731628  0.06223464 -0.04375862]
 [ 0.03138418 -0.25023674 -0.08889128 -0.15220634  0.18177757]
 [ 0.01146182  0.04717676 -0.03381142  0.00748151  0.20503243]
 [-0.05996665 -0.14279056  0.01376356  0.04283821  0.0747749 ]
 [-0.09036308 -0.09690617  0.04707927  0.11315841 -0.03915421]]
U = [[ 0.14313072 -0.16980391  0.15921949 -0.07304698  0.16283997]
 [-0.20286401  0.09727971  0.10800341  0.15487001  0.01872666]
 [ 0.2609345   0.07603059  0.13580149  0.13345826  0.09980884]
 [ 0.09237453  0.21265846  0.05583025 -0.00773987  0.17216021]
 [-0.15126959  0.2342038   0.27751928  0.17696251 -0.05587745]]
Matrix Pair 3; W = [[-0.0835223  -0.00715915  0.1615567   0.02708372 -0.06436751]
 [ 0.04518788 -0.25195769 -0.0519281  -0.10693661  0.15312659]
 [-0.01380383  0.01272972 -0.02855724 -0.07924352  0.23553456]
 [-0.00061191 -0.05768875  0.06893907  0.03110443  0.05504676]
 [-0.11664031 -0.13911515  0.06789934  0.04237867 -0.08395616]]
U = [[ 0.0938201  -0.08903218  0.23080855 -0.03132504  0.12612778]
 [-0.15805344  0.06965045  0.13774979  0.1510707   0.01560939]
 [ 0.20024655  0.06517652  0.1715613   0.11499777  0.04513176]
 [ 0.07960841  0.19723741  0.01025494 -0.04687739  0.11079526]
 [-0.12712532  0.16639722  0.28381095  0.14143746  0.0106124 ]]
Matrix Pair 4; W = [[-0.02344178  0.11432996  0.23684513  0.08968586 -0.13734776]
 [ 0.1196971  -0.21527752 -0.1022045  -0.06427391  0.23686062]
 [-0.00474198  0.10116122 -0.00560188 -0.08377405  0.19377531]
 [-0.07155497 -0.12640011 -0.03761832  0.00224421  0.05606869]
 [-0.19398768 -0.13702825  0.13039029  0.06530066 -0.09119902]]
U = [[ 0.06400372 -0.12183637  0.18446526 -0.08167937  0.21575977]
 [-0.18099748  0.15937569  0.1003423   0.16192641  0.03935851]
 [ 0.1915972   0.02493796  0.15224551  0.16133263  0.12459367]
 [ 0.12586343  0.20015803  0.00152799 -0.02396567  0.12537246]
 [-0.21760009  0.15982697  0.32429121  0.18200394 -0.05429331]]
Matrix Pair 5; W = [[-0.0676282   0.12375983  0.21500101  0.07960195 -0.12774605]
 [ 0.03290705 -0.24237554 -0.11481628 -0.11209746  0.25408696]
 [-0.00257798  0.01118525 -0.06286574 -0.08028733  0.19989494]
 [-0.01819113 -0.12496085  0.01188838 -0.02294272 -0.00832572]
 [-0.15055189 -0.09296458  0.0370835   0.06127038 -0.06645919]]
U = [[ 0.0892205  -0.09521917  0.17904465 -0.1358666   0.26007486]
 [-0.11787564  0.10730128  0.10610031  0.16648949  0.01043602]
 [ 0.23818334 -0.00276481  0.13201341  0.19763898  0.08648263]
 [ 0.13837718  0.16151275  0.06701926  0.03775153  0.13891862]
 [-0.21994373  0.21260063  0.33133711  0.15787883 -0.04659603]]
Matrix Pair 6; W = [[-0.10033737  0.06619537  0.24308799  0.10041832 -0.09438007]
 [ 0.05409703 -0.28373313 -0.15273642 -0.07106046  0.27041673]
 [-0.08230009  0.04335969 -0.02631016 -0.09035481  0.17248018]
 [-0.04077784 -0.07570518 -0.0442346  -0.04053976 -0.00990972]
 [-0.12664403 -0.11492016  0.06540922  0.03659844 -0.09892095]]
U = [[ 0.07206413 -0.08689266  0.23193259 -0.0756431   0.23577355]
 [-0.14092605  0.14762583  0.12367926  0.19825696  0.04504682]
 [ 0.19148459  0.00646678  0.13222551  0.1618195   0.08733258]
 [ 0.11121509  0.23317169  0.03785585  0.01084423  0.12223904]
 [-0.16662038  0.14061009  0.24558232  0.17325054 -0.0524756 ]]
Matrix Pair 7; W = [[-0.02498242  0.05410965  0.24984642  0.11293492 -0.10658175]
 [ 0.09448339 -0.25009547 -0.15049641 -0.1323114   0.237333  ]
 [-0.06731616  0.03425425 -0.08153878 -0.10857284  0.21305831]
 [-0.02065807 -0.12073348 -0.00597085  0.00532663  0.0834969 ]
 [-0.19721242 -0.15208822  0.08824886  0.05212732 -0.09911797]]
U = [[ 0.08770633 -0.1391268   0.15564926 -0.09725465  0.23981269]
 [-0.1020528   0.18001105  0.112067    0.14880116  0.06661598]
 [ 0.18925424 -0.00436177  0.18626566  0.13069601  0.06127543]
 [ 0.13080074  0.20631209  0.08925806  0.07209926  0.10599223]
 [-0.18328632  0.11863554  0.29025494  0.21984445 -0.03738078]]
Matrix Pair 8; W = [[-0.07403553  0.12316723  0.21391878  0.04894065 -0.14862497]
 [ 0.11023919 -0.24362553 -0.12361272 -0.12280197  0.21815571]
 [-0.02451008  0.05812397 -0.03474812 -0.01420915  0.21413768]
 [-0.11661394 -0.0855857   0.04215268 -0.07378805  0.09490714]
 [-0.07403135 -0.10141635  0.11680751  0.0591311  -0.02799398]]
U = [[ 0.03414997 -0.0777609   0.15838615 -0.07687659  0.13762508]
 [-0.17528653  0.04128668  0.18099328  0.15011747  0.06802266]
 [ 0.2559212  -0.0390498   0.1320674   0.0792278   0.08709462]
 [ 0.11600914  0.19528659  0.05960256  0.02482915  0.08163467]
 [-0.20421588  0.14389395  0.27830363  0.17762882 -0.04050101]]
Matrix Pair 9; W = [[-0.14444244  0.08096355  0.17840811  0.04601661 -0.09771851]
 [ 0.10185272 -0.17255605 -0.11418396 -0.14033404  0.26211432]
 [-0.04944183  0.07224401 -0.0860432  -0.03483336  0.22796324]
 [-0.08766006 -0.05057966 -0.0298465  -0.06921115  0.09666475]
 [-0.0949156  -0.16103854  0.03870348  0.07802858 -0.08346036]]
U = [[ 0.03774362 -0.14504657  0.19214485 -0.11975622  0.21236391]
 [-0.18706903  0.13655142  0.17332038  0.10836278  0.04249036]
 [ 0.17277082  0.01294615  0.17563496  0.10755611  0.12497486]
 [ 0.16845012  0.19678603  0.04929812  0.02858709  0.08513532]
 [-0.17222482  0.11581565  0.33763489  0.23687815 -0.098211  ]]
Matrix Pair 10; W = [[-0.0935045   0.08200438  0.15066822  0.04880043 -0.08097683]
 [ 0.12313164 -0.25259505 -0.08927552 -0.11347782  0.26439575]
 [-0.04136023  0.05209909 -0.03970391 -0.09181519  0.25255695]
 [-0.11733141 -0.08003279  0.00350067 -0.05480672  0.06510924]
 [-0.07245001 -0.12633457  0.05596341  0.01599781 -0.10777396]]
U = [[ 0.02672444 -0.1254363   0.185737   -0.07330302  0.22531378]
 [-0.13023209  0.11635707  0.1749775   0.11899644  0.04599139]
 [ 0.20948779  0.03437597  0.17714806  0.08585563  0.10733147]
 [ 0.1072627   0.19616868  0.08280005  0.05434801  0.03415716]
 [-0.2597493   0.14767627  0.32549339  0.19279961 -0.05523832]]
Matrix Pair 11; W = [[-0.13438997  0.10457697  0.23214491  0.07607437 -0.15448436]
 [ 0.11861992 -0.19409779 -0.05653922 -0.08138787  0.20635997]
 [ 0.02058323  0.04160294 -0.01184006 -0.10233085  0.22702136]
 [-0.11415966 -0.03453125  0.0532116  -0.0622139   0.02006909]
 [-0.15515158 -0.10367098  0.0546636   0.06468638 -0.10231879]]
U = [[ 0.02194526 -0.09594321  0.17650937 -0.08506802  0.19894348]
 [-0.22101565  0.06516654  0.10581385  0.07291581  0.0200234 ]
 [ 0.22403219 -0.02521414  0.16070089  0.09218651  0.13989811]
 [ 0.17204823  0.1401129   0.07179185  0.00560972  0.06349382]
 [-0.21009741  0.11846316  0.27129129  0.21186801 -0.08460192]]
Matrix Pair 12; W = [[-0.130632    0.08857432  0.13470585  0.1245293  -0.20382877]
 [ 0.11472009 -0.27055604 -0.12485135 -0.08419818  0.24921165]
 [-0.0745484   0.0645091  -0.14749956  0.07386807  0.14719096]
 [-0.08439856 -0.06109087 -0.09214974 -0.03442654  0.0850104 ]
 [-0.11349717 -0.18533731  0.00898444  0.08598437 -0.0336968 ]]
U = [[ 0.0730525  -0.0872892   0.15546717 -0.10514112  0.15985622]
 [-0.17136358  0.11144983  0.18593047  0.15637405 -0.02244074]
 [ 0.23562823  0.0533782   0.20734599  0.09853065  0.06546779]
 [ 0.16041952  0.23594213  0.07773884  0.06769869  0.1111908 ]
 [-0.20907053  0.09309015  0.35365723  0.14535191 -0.01254758]]
Matrix Pair 13; W = [[-0.09109123  0.0166996   0.18088409  0.11142723 -0.13666221]
 [ 0.10925954 -0.20715944 -0.12660819 -0.0790241   0.27764162]
 [-0.02334235  0.0014081  -0.08097762  0.01892544  0.15796879]
 [-0.06956911 -0.03692719 -0.02198932 -0.05289034  0.07584565]
 [-0.11527827 -0.18768499 -0.00091899  0.13458704  0.02154844]]
U = [[ 0.1033944  -0.04636586  0.19646009 -0.10611215  0.17263707]
 [-0.15017124  0.09097418  0.18418851  0.13371058 -0.00067522]
 [ 0.24414252  0.05251321  0.20477975  0.08389632  0.11414644]
 [ 0.1393703   0.2258218   0.06345264  0.06762932  0.16608719]
 [-0.18586694  0.12544504  0.30194874  0.13045371 -0.03298513]]
Matrix Pair 14; W = [[-0.18019933  0.05006289  0.11884234  0.12338768 -0.14106054]
 [ 0.10253509 -0.212697   -0.09744732 -0.14803458  0.23496621]
 [-0.03117099  0.06680404 -0.08885914 -0.00705611  0.2192155 ]
 [-0.03086661 -0.03299327 -0.05042681  0.02263303  0.06663842]
 [-0.12410843 -0.13952189  0.02791757  0.10708362 -0.01890473]]
U = [[ 0.07537451 -0.09983012  0.22731396 -0.05220025  0.15991345]
 [-0.18808808  0.10624351  0.17884552  0.16768584  0.05386528]
 [ 0.22304121  0.12087842  0.14846665  0.16115014  0.11413023]
 [ 0.13068619  0.22471032  0.08590704 -0.00174146  0.15109292]
 [-0.20773186  0.14360301  0.31350487  0.12087975  0.02641566]]
Matrix Pair 15; W = [[-0.12859028  0.09684232  0.14197672  0.09208815 -0.21718345]
 [ 0.13702762 -0.24157607 -0.10579854 -0.15805252  0.27140565]
 [-0.07432189  0.03458291 -0.07685897 -0.00213184  0.21763422]
 [-0.03251908 -0.09489966 -0.0727089   0.02985396  0.0775333 ]
 [-0.13397081 -0.14752321  0.02422748  0.11287597  0.00792714]]
U = [[ 0.08705108 -0.07651045  0.13913985 -0.13575072  0.14278001]
 [-0.20036055  0.09365007  0.13673302  0.17280896  0.0364952 ]
 [ 0.29621125  0.06937888  0.21734447  0.1626107   0.06781581]
 [ 0.08644663  0.18497986  0.08675026  0.02284458  0.07556758]
 [-0.23922694  0.15013684  0.31805345  0.16451893  0.01044227]]
Matrix Pair 16; W = [[-0.07462809  0.05981224  0.10263817  0.0783155  -0.07804487]
 [ 0.02264338 -0.22069095 -0.10996422 -0.09537356  0.21494164]
 [-0.0524198   0.03531979 -0.086296   -0.08310509  0.27334866]
 [-0.08511262 -0.10166867  0.04928276  0.01349791  0.05973011]
 [-0.09706654 -0.0739891   0.00823071  0.07978115 -0.03150709]]
U = [[ 0.07793105 -0.10657947  0.17272818 -0.12320796  0.22966369]
 [-0.19945893  0.02380568  0.22031299  0.18499655  0.03202123]
 [ 0.23142841 -0.00105291  0.14322579  0.09537955  0.06648522]
 [ 0.05143463  0.11570517  0.08104361 -0.04390277  0.08758178]
 [-0.21238992  0.16360667  0.25473632  0.15177235 -0.02405443]]
Matrix Pair 17; W = [[-0.14171747  0.02742166  0.15926509  0.05641522 -0.14730788]
 [ 0.10267829 -0.20633723 -0.09587515 -0.12209113  0.17875622]
 [-0.04369508  0.00932808 -0.0862093  -0.01708595  0.22697302]
 [-0.11151601 -0.1326355  -0.0023486   0.01408084  0.06549108]
 [-0.05680459 -0.08589567  0.02329405  0.06430791  0.05764841]]
U = [[ 0.11204529 -0.07666207  0.19069789 -0.04016202  0.32064441]
 [-0.20606877  0.0998184   0.13915361  0.17989142  0.11644189]
 [ 0.27803039  0.06051568  0.16929937  0.08572     0.1053538 ]
 [ 0.12555011  0.13450648  0.06084094 -0.02129004  0.11636729]
 [-0.21902076  0.14754242  0.30081073  0.10763862 -0.03455168]]
Matrix Pair 18; W = [[-0.10233521  0.04719027  0.19236479  0.10276618 -0.09814551]
 [ 0.04735389 -0.22499112 -0.11448508 -0.07886405  0.20855484]
 [ 0.00887382  0.08620121 -0.02313343 -0.06429084  0.25656768]
 [-0.04925539 -0.09296925  0.04442413 -0.00453932  0.03442529]
 [-0.12162192 -0.13981578  0.04151802  0.09597618  0.05462352]]
U = [[ 0.10379427 -0.0680457   0.21581896 -0.03462886  0.24999445]
 [-0.15947459  0.08520505  0.17955634  0.1554567   0.03021529]
 [ 0.22168566  0.02355817  0.08561792  0.0258212   0.04615001]
 [ 0.10220725  0.15455483  0.08326427 -0.03851101  0.13351598]
 [-0.1977569   0.14623966  0.32828936  0.20202096 -0.0036007 ]]
Matrix Pair 19; W = [[-0.1132236   0.07152411  0.11056399  0.11339625 -0.08418875]
 [ 0.07103139 -0.25402924 -0.07805818 -0.1054847   0.22591572]
 [-0.04036498  0.04580749 -0.034432   -0.03735185  0.20559607]
 [-0.07441594 -0.11261361  0.05670037 -0.01620376  0.06049058]
 [-0.12186936 -0.11982608  0.06153518  0.12871201 -0.00091847]]
U = [[ 0.08559946 -0.12795887  0.25634236 -0.03335857  0.30744068]
 [-0.15259442  0.01929399  0.14942155  0.2389985   0.05270032]
 [ 0.20367778  0.01240056  0.14606244  0.04526981  0.05564051]
 [ 0.08861162  0.11744448 -0.00468415  0.02520536  0.15673811]
 [-0.18093399  0.18331122  0.25591391  0.18934023 -0.03511177]]
Matrix Pair 20; W = [[-0.12014415  0.05512539  0.23035237  0.08401443 -0.08133542]
 [ 0.09951491 -0.21473129 -0.08203088 -0.11582298  0.18361766]
 [-0.01252524  0.08804278 -0.04730627 -0.04624055  0.1850966 ]
 [ 0.0341932  -0.07739217 -0.02418644  0.05202475  0.03532452]
 [-0.13785214 -0.12859145  0.02386377  0.04303062 -0.05148526]]
U = [[ 0.08562302 -0.12639749  0.14834934 -0.02466067  0.24023712]
 [-0.12660973  0.06080795  0.23089103  0.14559262  0.02755375]
 [ 0.18831342  0.07362699  0.13534057  0.0738587   0.09631079]
 [ 0.11043986  0.18186286 -0.04019064 -0.0094006   0.19268431]
 [-0.17603745  0.19408095  0.32555159  0.21901129 -0.03903392]]
Matrix Pair 21; W = [[-0.09984168  0.0124757   0.2434291   0.09576958 -0.13976994]
 [ 0.09514678 -0.22075104 -0.15636137 -0.14267136  0.16669799]
 [-0.02741649  0.03008377 -0.00223067 -0.04321556  0.24060943]
 [-0.03738522 -0.03819691  0.02491512  0.03444803  0.01082935]
 [-0.10696003 -0.15532085  0.05628773  0.09910414 -0.10278868]]
U = [[ 0.09502582 -0.11357258  0.17248156 -0.02868769  0.22932045]
 [-0.21306047  0.05786081  0.17142189  0.12282516  0.03531578]
 [ 0.21778631  0.04932915  0.17286694  0.07835232  0.114242  ]
 [ 0.18636938  0.22516848 -0.01528207  0.02848045  0.11566279]
 [-0.16459263  0.21508595  0.3099874   0.15759792 -0.02835253]]
Matrix Pair 22; W = [[-0.04337921  0.04866617  0.17924216  0.09220927 -0.1410451 ]
 [ 0.02536396 -0.29366379 -0.09899609 -0.09897253  0.23968201]
 [-0.00755862  0.09506397 -0.06430764 -0.06890023  0.22425254]
 [-0.01084702 -0.1138815   0.01591929  0.0274453   0.08685602]
 [-0.14723905 -0.15776002  0.06214605  0.0609397  -0.09730612]]
U = [[ 0.04722504 -0.10336907  0.15808265 -0.01740247  0.17790343]
 [-0.13951386  0.13129324  0.24681728  0.13514872  0.0111343 ]
 [ 0.25287397  0.01578662  0.08744192  0.03861926  0.13043126]
 [ 0.17284699  0.21845487 -0.0065917   0.00668673  0.16208761]
 [-0.25098423  0.13602098  0.25851036  0.20106694 -0.09144348]]
Matrix Pair 23; W = [[-0.0447753   0.04773445  0.20073427  0.10875355 -0.10400121]
 [ 0.0984747  -0.24419327 -0.15284847 -0.0851899   0.19049553]
 [-0.03426962  0.06404889 -0.02309712 -0.00511053  0.19049096]
 [-0.02926459 -0.12050301  0.00205275  0.02797224  0.04829425]
 [-0.13450596 -0.1699816   0.01251268  0.03346817 -0.09725478]]
U = [[ 0.08038861 -0.14111835  0.17271974 -0.09206703  0.17303435]
 [-0.17917811  0.10765563  0.24435092  0.14105802  0.03859662]
 [ 0.2246281   0.03753396  0.15420648  0.11465789  0.07661771]
 [ 0.18378144  0.14199724  0.01207835 -0.01679375  0.14915131]
 [-0.19517155  0.2053479   0.33273292  0.17993665 -0.02850235]]
Matrix Pair 24; W = [[-0.05242037  0.09842673  0.15684     0.09461079 -0.11520394]
 [ 0.09179615 -0.23691375 -0.12195249 -0.11514473  0.15502295]
 [-0.02096707 -0.01774785 -0.06186232 -0.02663508  0.22864295]
 [-0.04125743 -0.06726293  0.01593862  0.07070227  0.06506402]
 [-0.16307358 -0.14781496 -0.02175999  0.00516495 -0.0873733 ]]
U = [[ 0.16156469 -0.05208184  0.10483023 -0.05269402  0.18890023]
 [-0.16324426  0.09958232  0.16068926  0.22205183  0.05378823]
 [ 0.15334803  0.06774962  0.12656703  0.17934312  0.20012868]
 [ 0.09024973  0.2980567   0.12263107  0.04869944  0.15247281]
 [-0.15450615  0.17831088  0.31340807  0.16976622 -0.00569588]]
Matrix Pair 25; W = [[-0.10904038  0.09634478  0.24524786  0.09682701 -0.11829045]
 [ 0.05887456 -0.26894222 -0.20126243 -0.11570305  0.2104125 ]
 [ 0.0038583   0.07156015 -0.13814834 -0.03113511  0.16631232]
 [-0.04228942 -0.07069397 -0.01630799  0.03201733  0.06211187]
 [-0.13476962 -0.07412133 -0.02054853  0.09851836 -0.09712759]]
U = [[ 0.10646951 -0.11273374  0.10869634 -0.09582991  0.15181847]
 [-0.17841101  0.08523971  0.24207038  0.20562399  0.06559675]
 [ 0.18563269  0.03874086  0.09134201  0.16566207  0.12073767]
 [ 0.09100022  0.30477998  0.07187614  0.03794839  0.14432861]
 [-0.21369982  0.13103481  0.25191096  0.16506276 -0.05666557]]
Matrix Pair 26; W = [[-0.09745799  0.10594397  0.16379033  0.04000054 -0.17160574]
 [ 0.1062769  -0.21808552 -0.13274368 -0.17839442  0.22426077]
 [-0.02692516  0.06452056 -0.13252316 -0.01833297  0.21051276]
 [ 0.03209555 -0.00723629 -0.01567301  0.01032741  0.039977  ]
 [-0.1340768  -0.04983335  0.01507936  0.07596274 -0.0531697 ]]
U = [[ 0.13037656 -0.05092307  0.11426499 -0.12308423  0.18387496]
 [-0.13455471  0.13141729  0.14729494  0.2582587   0.01344349]
 [ 0.2059929   0.0408911   0.10818207  0.18320357  0.11449885]
 [ 0.1311945   0.23119438  0.04946989 -0.00174813  0.19480162]
 [-0.23974002  0.20335135  0.2664511   0.23981435 -0.0063129 ]]
Matrix Pair 27; W = [[-0.10313169  0.03243793  0.22115792  0.09132199 -0.14637842]
 [ 0.07096644 -0.2944988  -0.16559109 -0.11593932  0.17286028]
 [ 0.00057715 -0.01167939 -0.07596758 -0.04734662  0.1580027 ]
 [-0.02231222 -0.03414562 -0.02133809  0.04409806  0.03166578]
 [-0.11618053 -0.10846934 -0.02975955  0.04495847 -0.03865131]]
U = [[ 0.06826237 -0.13013442  0.12805253 -0.0779459   0.19990827]
 [-0.18441641  0.12604122  0.14531009  0.19191231 -0.02666834]
 [ 0.18705705  0.07652161  0.08107731  0.17278755  0.18181714]
 [ 0.12545857  0.28146731  0.11255955  0.02201264  0.17211032]
 [-0.21544412  0.12776452  0.26156708  0.15073834 -0.04206266]]
Matrix Pair 28; W = [[-0.05367261  0.00939639  0.16260883  0.04347749 -0.08628298]
 [ 0.08384872 -0.30238048 -0.05697752 -0.12433035  0.20925251]
 [-0.02710628  0.09068689 -0.00409399 -0.03028772  0.17016724]
 [ 0.06917771 -0.0890973  -0.02085952  0.03063935  0.0821913 ]
 [-0.14843552 -0.13524147  0.04916598  0.07742914 -0.02066515]]
U = [[ 0.08582382 -0.08134304  0.04635223 -0.04996978  0.18147408]
 [-0.16282509  0.16966921  0.22494282  0.21748561  0.03838215]
 [ 0.22753419  0.04159219  0.18749603  0.20123834  0.1470996 ]
 [ 0.14416486  0.20975114  0.05801894  0.01462589  0.10668354]
 [-0.25054102  0.18715076  0.30346914  0.21534466 -0.04132621]]
Matrix Pair 29; W = [[-0.06241173 -0.0181136   0.16985309  0.09077767 -0.117721  ]
 [ 0.10435408 -0.25263813 -0.08228849 -0.12704966  0.20653671]
 [-0.00999409  0.06903457 -0.07960204 -0.04691547  0.19200705]
 [ 0.06828313 -0.07037962  0.0192562   0.04878939  0.06194139]
 [-0.13574311 -0.0393148   0.03516459  0.08932293 -0.09969311]]
U = [[ 0.07524463 -0.09261975  0.09746648 -0.10359573  0.20767668]
 [-0.14396066  0.07088228  0.20586136  0.15102487  0.07227498]
 [ 0.17078009  0.01977859  0.17978347  0.14758922  0.11469345]
 [ 0.14549029  0.20433479  0.13728612  0.072768    0.0845187 ]
 [-0.21332348  0.20671122  0.30598223  0.13478465 -0.03960563]]
Matrix Pair 30; W = [[-0.01150123  0.00934227  0.15739088  0.05133861 -0.07743493]
 [ 0.15434827 -0.21525053 -0.0844246  -0.13322279  0.19465256]
 [-0.00776298  0.07534036 -0.00132274 -0.04508646  0.18240635]
 [ 0.00702756 -0.12689896 -0.02823821  0.01977745  0.0365641 ]
 [-0.14206082 -0.11885692  0.00474311  0.0369781  -0.08333762]]
U = [[ 0.07619516 -0.07633657  0.11460467 -0.05126795  0.14635202]
 [-0.18657945  0.13912302  0.20354377  0.21949398  0.04889138]
 [ 0.21333803  0.11384826  0.21804414  0.12597301  0.10318704]
 [ 0.06499405  0.18463103  0.12270576  0.0256719   0.16623638]
 [-0.25768622  0.18828631  0.27630783  0.16266814 -0.06085323]]
Matrix Pair 31; W = [[-0.00593406  0.07298641  0.1822017   0.10580108 -0.1361712 ]
 [ 0.13226564 -0.27041099 -0.07212438 -0.16415024  0.1630499 ]
 [-0.00817281  0.01631362 -0.0063224   0.0081917   0.19237176]
 [ 0.07816301 -0.0464424   0.04141237  0.06165621  0.0834077 ]
 [-0.12689434 -0.11848186  0.05088222  0.06500103 -0.11655039]]
U = [[ 0.07261149 -0.05768333  0.10418184 -0.12590914  0.12580737]
 [-0.13573423  0.15149426  0.18655021  0.1357167   0.0482911 ]
 [ 0.15424464  0.07834827  0.16932032  0.13566491  0.13135034]
 [ 0.07174982  0.2067452   0.12792037  0.066525    0.09433463]
 [-0.15994276  0.13327383  0.24745243  0.18583946 -0.08320312]]
Matrix Pair 32; W = [[-0.09159563  0.13279936  0.09461985 -0.0186136  -0.14426046]
 [ 0.12825493 -0.2752075  -0.10643777 -0.10500931  0.23818037]
 [-0.07721886  0.04508142 -0.15325023 -0.04272873  0.19990804]
 [ 0.04099354 -0.08922758 -0.08174751 -0.04419731  0.18463124]
 [-0.15603874 -0.1227093   0.0196982   0.09179927 -0.01269039]]
U = [[ 0.07588756 -0.09776603  0.19898686 -0.15848858  0.13723153]
 [-0.17423815  0.10691495  0.12242442  0.16894489  0.07864787]
 [ 0.253469    0.02511184  0.15751154  0.13665707  0.04570123]
 [ 0.14385944  0.21905264  0.04068924  0.01907847  0.11946983]
 [-0.2579524   0.16109111  0.42563201  0.1096014  -0.0582275 ]]
Matrix Pair 33; W = [[-0.11386436  0.06379112  0.10352286  0.01556214 -0.16616158]
 [ 0.13988195 -0.22727621 -0.05150328 -0.17746592  0.19746626]
 [-0.09130313  0.10863306 -0.15798137 -0.05167316  0.17222498]
 [ 0.03855102 -0.08652649 -0.05144013 -0.04427151  0.1086941 ]
 [-0.18142716 -0.08216519  0.02835042  0.07183479 -0.00506464]]
U = [[ 0.08278941 -0.04167434  0.19404639 -0.12256998  0.20501448]
 [-0.22473304  0.08047464  0.11123535  0.20171643  0.10081211]
 [ 0.23076254  0.07817534  0.14094029  0.08829679  0.05231076]
 [ 0.18322069  0.17767994  0.06108909  0.00461742  0.19349361]
 [-0.16302726  0.17770043  0.34892525  0.1625166  -0.0671139 ]]
Matrix Pair 34; W = [[-0.14923026  0.06901238  0.09700667  0.00627174 -0.15769983]
 [ 0.10409999 -0.24213929 -0.04283097 -0.09491761  0.19928999]
 [-0.11625136  0.08291816 -0.12728305 -0.12339495  0.18522395]
 [-0.01804874 -0.08674758 -0.09611617 -0.01057725  0.14827177]
 [-0.11343421 -0.16664913  0.02078269  0.10452397  0.00332201]]
U = [[ 0.13001432 -0.0625087   0.23649556 -0.11329746  0.14196962]
 [-0.18489191  0.09183727  0.13385376  0.13799844  0.11233658]
 [ 0.28076377  0.03910671  0.17514823  0.06487685  0.05099709]
 [ 0.12834452  0.21793449  0.002299   -0.02856659  0.21001752]
 [-0.25058711  0.14707972  0.38755877  0.11914694 -0.04527095]]
Matrix Pair 35; W = [[-0.16128509  0.12302402  0.1212988  -0.04030121 -0.16554657]
 [ 0.12440651 -0.24041844 -0.05722857 -0.10401917  0.24041383]
 [-0.0914181   0.02584474 -0.20854912 -0.09744908  0.19922991]
 [ 0.07185237 -0.10580433 -0.09806023 -0.03967408  0.13479812]
 [-0.15595589 -0.09951013  0.06681238  0.13540714 -0.05382975]]
U = [[ 0.1114316  -0.09679258  0.21792679 -0.12277488  0.1920076 ]
 [-0.20500714  0.10545526  0.18711598  0.19404175  0.08273368]
 [ 0.22502056  0.00975671  0.11104417  0.1274507   0.01935838]
 [ 0.16170454  0.20908206 -0.00161769 -0.01035851  0.12872771]
 [-0.17283228  0.18421845  0.35394223  0.14215667 -0.021645  ]]
Matrix Pair 36; W = [[-0.09227896 -0.00552507  0.19850588  0.12083497 -0.09547969]
 [ 0.16624376 -0.22249531 -0.12951832 -0.08586275  0.15950211]
 [-0.03053028  0.04083021 -0.09576113 -0.04077784  0.1572578 ]
 [ 0.05530044  0.00122827  0.02892711  0.01829121  0.00831687]
 [-0.12793904 -0.11035098  0.11055507  0.14612093 -0.04980949]]
U = [[ 0.08697106 -0.19972628  0.21568295 -0.09692638  0.19709674]
 [-0.11955416  0.06700432  0.2205789   0.14829701 -0.02363994]
 [ 0.2605171   0.07322053  0.22449471  0.05464037  0.11554654]
 [ 0.19771293  0.19491126  0.00097272  0.05178155  0.12137054]
 [-0.22107261  0.16611768  0.33664589  0.12188657 -0.07057091]]
Matrix Pair 37; W = [[-0.12489269  0.04311256  0.1882716   0.13361532 -0.17559415]
 [ 0.15064538 -0.30688663 -0.07969463 -0.07538015  0.14745994]
 [-0.04024943  0.00754579 -0.13312784  0.01752153  0.19942566]
 [ 0.0279754  -0.0846406   0.00083754  0.05397667  0.04053344]
 [-0.11288544 -0.07039486  0.06328606  0.1307159  -0.05789825]]
U = [[ 0.08595553 -0.16327375  0.23786078 -0.09702178  0.13573597]
 [-0.11953381  0.05345722  0.22355573  0.19343357  0.04746248]
 [ 0.29587282  0.07890128  0.20826187  0.07913201  0.17835127]
 [ 0.19160723  0.22757946  0.03358126  0.01152027  0.16333318]
 [-0.16770812  0.17603235  0.28356368  0.11173634 -0.05103667]]
Matrix Pair 38; W = [[-0.08811142  0.01470045  0.20647593  0.09815921 -0.16792088]
 [ 0.11353836 -0.22366497 -0.10566811 -0.07736738  0.2057552 ]
 [-0.04274281  0.07466951 -0.07433581  0.0321551   0.12664309]
 [-0.00191825 -0.01907031 -0.01039737  0.02582493  0.07531877]
 [-0.08115331 -0.0568751   0.03927651  0.059363   -0.06556105]]
U = [[ 0.10058785 -0.10782605  0.23885776 -0.10153999  0.17024536]
 [-0.19134562  0.07499088  0.14908503  0.17268633  0.02027346]
 [ 0.29712351  0.05190056  0.20662918  0.1083242   0.17098889]
 [ 0.19190501  0.21386547  0.02478917  0.05826134  0.10060104]
 [-0.17725002  0.18215823  0.34822189  0.12557445 -0.04203999]]
Matrix Pair 39; W = [[-0.06650929  0.02503463  0.22875521  0.1264606  -0.16011823]
 [ 0.08715521 -0.2805324  -0.07052261 -0.09918583  0.19860587]
 [-0.1163648   0.06323393 -0.1356108   0.05385228  0.13067337]
 [ 0.04625404 -0.03394954  0.02371753  0.06420651  0.03092324]
 [-0.10654933 -0.05809758  0.02916862  0.13600142 -0.04983823]]
U = [[ 0.13943596 -0.19465417  0.2124943  -0.0450565   0.15753219]
 [-0.12747889  0.01493183  0.1425522   0.16605659  0.01622057]
 [ 0.22079964  0.03782191  0.18267191  0.06274616  0.14306993]
 [ 0.21551911  0.20777136  0.06177102  0.01821876  0.0761056 ]
 [-0.25936162  0.19486264  0.37455759  0.13592761 -0.05055155]]
Matrix Pair 40; W = [[-0.08836829  0.05671405  0.24881799  0.16191267 -0.08406273]
 [ 0.06193439 -0.22476983 -0.13609838 -0.05686225  0.30001112]
 [-0.08882472  0.05120506 -0.10587122 -0.02530947  0.18868185]
 [-0.03268723 -0.04576467  0.01981665 -0.02540939  0.06550843]
 [-0.11997013 -0.08356903  0.05620776  0.07372248 -0.03994884]]
U = [[ 0.08996099 -0.09909287  0.20800949 -0.07484079  0.22136223]
 [-0.21955766  0.03534344  0.08620096  0.17201282 -0.0030412 ]
 [ 0.24355044  0.08942355  0.06180429  0.16754389  0.16079016]
 [ 0.16315334  0.22692622  0.14348152  0.00657469  0.04820717]
 [-0.2411224   0.1492981   0.2898822   0.19387363 -0.11397937]]
Matrix Pair 41; W = [[-0.10240415  0.13369567  0.19796254  0.12641099 -0.07553445]
 [ 0.06737074 -0.17418519 -0.05910301 -0.06699732  0.31560457]
 [-0.11271642  0.08303119 -0.11742828  0.00292413  0.21083801]
 [-0.01948597 -0.07315481 -0.00702616  0.06133832 -0.00232144]
 [-0.07798449 -0.10577289  0.03561749  0.06647696 -0.07052935]]
U = [[-0.0041585  -0.07639108  0.18881995 -0.02249668  0.24707766]
 [-0.13592713  0.10926141  0.1323425   0.13520054  0.05138196]
 [ 0.16106293  0.07144348  0.07612844  0.19043842  0.12382349]
 [ 0.12798339  0.28212533  0.04974203 -0.00332472  0.09727887]
 [-0.18858597  0.17604394  0.3358691   0.1912777  -0.05038439]]
Matrix Pair 42; W = [[-0.11149376  0.10332803  0.27401845  0.09132078 -0.12130811]
 [ 0.07934006 -0.22248643 -0.13346074 -0.07829024  0.27959616]
 [-0.06244925  0.08689901 -0.0807492  -0.07010957  0.26250295]
 [-0.03847948 -0.07529535  0.06044838  0.06116457  0.02518308]
 [-0.13454052 -0.10256532  0.07089248  0.02716252 -0.02944146]]
U = [[-0.00381448 -0.08145376  0.20273473 -0.03767053  0.25520936]
 [-0.15203348  0.0798332   0.12670342  0.15846511  0.0774965 ]
 [ 0.16949751  0.06472613  0.06876733  0.13834414  0.18931594]
 [ 0.11605408  0.2296008   0.0892637  -0.01212618  0.07316638]
 [-0.15251761  0.13092187  0.27284713  0.24020047 -0.10421595]]
Matrix Pair 43; W = [[-0.12034239  0.08625094  0.26499388  0.10041302 -0.15996662]
 [ 0.06605392 -0.1653343  -0.13254807 -0.13039838  0.26706329]
 [-0.03488759  0.01231806 -0.08503111 -0.03744748  0.26575965]
 [-0.01765977 -0.11240277  0.08166176  0.03301945 -0.00479561]
 [-0.14516881 -0.08739741  0.03945508  0.09233537 -0.04812121]]
U = [[ 0.08789182 -0.16421339  0.1836707  -0.0693692   0.2052259 ]
 [-0.23101072  0.09123174  0.0571118   0.14452343  0.04699536]
 [ 0.23228655  0.10706871  0.04903439  0.17795452  0.21032981]
 [ 0.09611016  0.21840648  0.12179483  0.00254566  0.07445146]
 [-0.19430278  0.13809941  0.25431437  0.17921748 -0.02625531]]
Matrix Pair 44; W = [[-0.13024656  0.0155906   0.16982252  0.01738199 -0.12559735]
 [ 0.12773022 -0.18413679 -0.15939796 -0.19521364  0.20675567]
 [ 0.00086696 -0.01825499 -0.05149115  0.01864259  0.23904204]
 [-0.09716187  0.0066975  -0.08129116 -0.03818442 -0.02301835]
 [-0.08953988 -0.14896066  0.01236867  0.08420256 -0.06641189]]
U = [[ 0.10532761 -0.13838477  0.18387163 -0.08886733  0.21156955]
 [-0.14518039  0.12210498  0.20742914  0.15131179  0.01952512]
 [ 0.2103344   0.07782773  0.2223553   0.16496604  0.14347192]
 [ 0.07480996  0.17103944  0.05538724  0.04423244  0.07860714]
 [-0.21950098  0.15943373  0.3157852   0.19483534 -0.06242907]]
Matrix Pair 45; W = [[-0.13942785 -0.0583956   0.13101474  0.06066262 -0.11848001]
 [ 0.16467011 -0.25708826 -0.08767883 -0.12995691  0.25417464]
 [-0.0301691   0.00885729 -0.0491944   0.04697661  0.25855221]
 [-0.01124454  0.008937   -0.03825454 -0.01918198  0.02321016]
 [-0.07820355 -0.15609089  0.01330576  0.05138469 -0.01180972]]
U = [[ 0.06974738 -0.13231305  0.15371935 -0.05803409  0.18749289]
 [-0.11938254  0.14317165  0.14226994  0.1775451   0.06542459]
 [ 0.25315707  0.10027841  0.16102995  0.11993684  0.06331373]
 [ 0.13584896  0.14833339  0.01918954  0.07667387  0.0707214 ]
 [-0.23215087  0.16511514  0.27632327  0.13076052 -0.11158156]]
Matrix Pair 46; W = [[-0.05654807  0.01305445  0.12524044  0.04048247 -0.18705109]
 [ 0.11624318 -0.23276488 -0.10269411 -0.17404127  0.21123454]
 [-0.05625313 -0.00026372 -0.06025751  0.02027099  0.22533347]
 [-0.03293433  0.03887929 -0.04243239 -0.00356021 -0.04389104]
 [-0.1369078  -0.16606682 -0.03260868  0.08915731 -0.01903268]]
U = [[ 0.03608756 -0.10882309  0.18863317 -0.06359238  0.26209668]
 [-0.09576772  0.07246061  0.12675655  0.17914818  0.06757305]
 [ 0.27683977  0.08287308  0.21367494  0.12126794  0.09313456]
 [ 0.07763595  0.19515784 -0.00962407  0.04305461  0.06198615]
 [-0.19852389  0.10439007  0.32650236  0.15470473 -0.1239575 ]]
Matrix Pair 47; W = [[-0.08364485  0.00344305  0.18417661  0.04895886 -0.18749486]
 [ 0.16824194 -0.17617275 -0.09319923 -0.20517404  0.199463  ]
 [-0.00814992  0.00610436 -0.12753046  0.02290257  0.2215672 ]
 [-0.05300489  0.03319453 -0.07120829 -0.04672461  0.01953053]
 [-0.12742627 -0.14706788  0.03756092  0.07102766 -0.02339609]]
U = [[ 0.09612019 -0.11319399  0.20776555 -0.02468752  0.23168323]
 [-0.1333486   0.15092947  0.18429132  0.22239706  0.09309115]
 [ 0.23147145  0.08545982  0.19142332  0.15388129  0.08005904]
 [ 0.07268573  0.23344136  0.07422252  0.01686623  0.10527018]
 [-0.28070038  0.19437535  0.25607071  0.21709541 -0.04741831]]
Matrix Pair 48; W = [[-0.06687295  0.00328668  0.09783561  0.09799445 -0.12658614]
 [ 0.13270205 -0.24933795 -0.13217665 -0.17495933  0.15817021]
 [-0.04916194  0.02040706 -0.13591258 -0.00685251  0.22672512]
 [ 0.00327891 -0.14592515  0.00573895 -0.02737444  0.00409715]
 [-0.1356518  -0.10816829 -0.01949256  0.08393748 -0.05970983]]
U = [[ 0.11871851 -0.07153641  0.216601   -0.10268794  0.24456382]
 [-0.16969634  0.0417086   0.18627258  0.2391814   0.0980512 ]
 [ 0.18050749  0.06867629  0.21694612  0.08296904  0.15635923]
 [ 0.06156684  0.19754427  0.04407651  0.02708958  0.0034454 ]
 [-0.1416009   0.16816662  0.31190157  0.13111041 -0.04705943]]
Matrix Pair 49; W = [[-0.06993241 -0.02697969  0.16730446  0.11669196 -0.08419475]
 [ 0.10014747 -0.21883544 -0.13976819 -0.12462517  0.18551082]
 [-0.05409802  0.06175416 -0.07582141 -0.00338367  0.18681406]
 [ 0.00040994 -0.13751447  0.01908818 -0.01379322  0.06240284]
 [-0.11795307 -0.08227974 -0.00399298  0.07304355 -0.00765031]]
U = [[ 0.0609369  -0.09378417  0.12865464 -0.10868023  0.25801608]
 [-0.13411248  0.07964339  0.15455126  0.22846658  0.08089345]
 [ 0.2384728   0.08130526  0.2171677   0.09374854  0.17105672]
 [ 0.10661344  0.14619472 -0.00288178 -0.02692643  0.0976722 ]
 [-0.13854448  0.14000981  0.32095119  0.18189423 -0.08147665]]
Matrix Pair 50; W = [[-0.06688787 -0.05708041  0.16248653  0.02403698 -0.12159242]
 [ 0.08570781 -0.17454511 -0.17378117 -0.1822282   0.15474462]
 [-0.00662685  0.07443836 -0.16347264 -0.00460969  0.24439508]
 [-0.0293586  -0.13558538  0.03768343  0.02534627  0.01615895]
 [-0.09017315 -0.11378855 -0.04238412  0.07905529  0.02247407]]
U = [[ 0.05911504 -0.04017473  0.1445928  -0.12199333  0.2966277 ]
 [-0.1365581   0.0887949   0.14693312  0.24769539  0.00940953]
 [ 0.2150463   0.10701068  0.14558657  0.08219543  0.16086418]
 [ 0.13286108  0.15340684 -0.02351507  0.02692876  0.06767891]
 [-0.18656707  0.11331556  0.30116312  0.18167139 -0.05376281]]
Matrix Pair 51; W = [[-0.11559824 -0.00919307  0.19663486  0.04742286 -0.12443978]
 [ 0.12917087 -0.19021858 -0.20245206 -0.13964383  0.13698987]
 [-0.02066829  0.03603751 -0.09313799  0.01693351  0.23321016]
 [-0.03196727 -0.12802943 -0.03792801 -0.02622417  0.06192163]
 [-0.12822481 -0.06220401 -0.03628903  0.10476785 -0.03257002]]
U = [[ 0.09619228 -0.02599006  0.20809058 -0.14768158  0.30939242]
 [-0.12813712  0.0884416   0.11141322  0.21726973  0.07550016]
 [ 0.22756846  0.10893308  0.17873558  0.06860362  0.1546411 ]
 [ 0.09528085  0.18412229  0.02308572  0.03409058  0.08961834]
 [-0.16107448  0.11039634  0.28844465  0.14602738 -0.01580026]]
Matrix Pair 52; W = [[-0.01461953  0.09503429  0.15408047  0.10888173 -0.08848832]
 [ 0.10950161 -0.15028233 -0.11756958 -0.076311    0.19608483]
 [-0.09381057  0.1165818  -0.12455437  0.00074829  0.12108126]
 [-0.05617112 -0.09308047 -0.00185177  0.09092171  0.03041158]
 [-0.1606415  -0.13332607  0.02398773  0.03132586 -0.01604724]]
U = [[ 0.10387574 -0.05870438  0.17233522 -0.10604881  0.21166286]
 [-0.19873974  0.06182707  0.15438597  0.1976949   0.01752729]
 [ 0.23218439  0.02691083  0.08450967  0.12457547  0.17537601]
 [ 0.21747572  0.20537183  0.05988032  0.03141065  0.086782  ]
 [-0.09581353  0.18546744  0.29262226  0.11403293  0.00474758]]
Matrix Pair 53; W = [[-0.09132787  0.03050639  0.14054608  0.07572986 -0.13013658]
 [ 0.09232161 -0.24905839 -0.16022901 -0.13773808  0.15973376]
 [-0.04738645  0.10418378 -0.12122378 -0.0233568   0.16033515]
 [-0.07736907 -0.10428819  0.00173276  0.06194635  0.03672868]
 [-0.0918116  -0.17321423  0.02737832 -0.01683333 -0.03586791]]
U = [[ 9.05706044e-02 -1.18578179e-01  1.78152011e-01 -2.25479466e-02
   2.42281710e-01]
 [-1.45902722e-01  1.16888997e-01  1.65050285e-01  2.16141196e-01
  -5.93666395e-02]
 [ 2.04645468e-01  5.30363526e-02  6.96814410e-02  7.16273580e-02
   1.63911557e-01]
 [ 2.04852623e-01  2.33420811e-01  5.93663491e-02  2.12399514e-04
   1.26838583e-01]
 [-1.17473908e-01  1.76857398e-01  3.17759320e-01  1.76156998e-01
  -2.00140813e-02]]
Matrix Pair 54; W = [[-0.06406302  0.09737786  0.14719586  0.08794043 -0.14936479]
 [ 0.11056025 -0.24344351 -0.07593465 -0.12324279  0.17684075]
 [-0.11345203  0.119831   -0.09674887 -0.06450507  0.11457843]
 [-0.01478027 -0.1130506   0.05525585  0.08640566  0.1037764 ]
 [-0.16254135 -0.09876408  0.09229597 -0.03149495 -0.07960309]]
U = [[ 0.01635783 -0.12790313  0.15468824 -0.11712243  0.23785117]
 [-0.19927645  0.08113205  0.08039815  0.14009198 -0.01202593]
 [ 0.22857417  0.03076967  0.10684387  0.07237117  0.13821166]
 [ 0.14291766  0.21253531  0.07644239  0.03036626  0.06836593]
 [-0.15942691  0.12248283  0.34627698  0.1022625  -0.04095928]]
Matrix Pair 55; W = [[-0.05749238  0.04308958  0.14928874  0.02227199 -0.14840694]
 [ 0.09994245 -0.16843581 -0.12457075 -0.10149738  0.16588496]
 [-0.09479993  0.10033345 -0.09376996 -0.05904814  0.19305209]
 [-0.0935711  -0.09216936  0.0110158   0.0107829   0.01162174]
 [-0.13294016 -0.1393921   0.11866379 -0.02809868 -0.0460919 ]]
U = [[ 0.02377875 -0.06403485  0.20446457 -0.08473965  0.25777114]
 [-0.20768654  0.09522458  0.137564    0.14538111 -0.0458859 ]
 [ 0.17371122  0.02810992  0.09168561  0.16020213  0.12402903]
 [ 0.19802603  0.21613721  0.06339265  0.05023365  0.06976632]
 [-0.09196551  0.19538886  0.28335928  0.14952663 -0.02431456]]
Matrix Pair 56; W = [[-0.08921998  0.03012825  0.15720481  0.0491955  -0.18576646]
 [ 0.14922258 -0.2159212  -0.13429849 -0.14705267  0.22037604]
 [-0.02636826  0.04495128 -0.06736539  0.02326738  0.29057331]
 [-0.11459883 -0.036459   -0.04127779 -0.02322655  0.00196748]
 [-0.10310365 -0.11660792 -0.01255795  0.11586342 -0.01197857]]
U = [[ 0.08958631 -0.08870233  0.15045271 -0.07823257  0.23765686]
 [-0.07301016  0.08308883  0.20796121  0.21525427  0.00289496]
 [ 0.27577011  0.05125917  0.19637023  0.11383628  0.17736575]
 [ 0.13106994  0.16661858 -0.02163809  0.0189799   0.10479296]
 [-0.23867302  0.1292667   0.32138572  0.2294423  -0.09802165]]
Matrix Pair 57; W = [[-0.08074945  0.03651015  0.16724682  0.08718932 -0.09836251]
 [ 0.09125609 -0.22968978 -0.12211758 -0.17519058  0.19644765]
 [-0.1234182   0.03693977 -0.0277497   0.02687401  0.25354152]
 [-0.08907797 -0.05521202 -0.00171708 -0.02876249  0.09909968]
 [-0.06600783 -0.13143278 -0.01228836  0.11189874 -0.02556291]]
U = [[ 0.0762292  -0.03344537  0.19340745 -0.07340127  0.2351749 ]
 [-0.10698895  0.11658383  0.22621947  0.19202101  0.04050751]
 [ 0.25305749  0.11858024  0.12847015  0.18109708  0.15474369]
 [ 0.0666841   0.24220553 -0.00141383  0.05569709  0.0941795 ]
 [-0.20733242  0.1568453   0.32473905  0.17953867 -0.11381153]]
Matrix Pair 58; W = [[-0.06193599  0.09040295  0.12325673  0.11110825 -0.12234003]
 [ 0.13857053 -0.21103617 -0.11444214 -0.11372666  0.210904  ]
 [-0.1191137   0.01192523 -0.10017143 -0.00347931  0.28784724]
 [-0.09899476 -0.11112302  0.01563026 -0.02213497  0.06017738]
 [-0.13679558 -0.08531992 -0.0350111   0.08528696  0.01363457]]
U = [[ 0.07694442 -0.08348695  0.13776371 -0.08854945  0.14371314]
 [-0.08971917  0.11257511  0.21399301  0.16398987 -0.02055299]
 [ 0.19624281  0.06880444  0.11730412  0.14841673  0.11447687]
 [ 0.08550835  0.17472607  0.02128262  0.04199787  0.05655982]
 [-0.20174171  0.16175416  0.3100451   0.2025077  -0.08023006]]
Matrix Pair 59; W = [[-0.11070482  0.05095655  0.15335142  0.07540166 -0.15024164]
 [ 0.0929447  -0.21867304 -0.08445876 -0.19001865  0.24353062]
 [-0.11961586  0.05006367 -0.04447476  0.02910856  0.24891095]
 [-0.03441036 -0.10004811  0.02982785 -0.02040114  0.04721123]
 [-0.13841079 -0.09189176  0.00125572  0.03310134 -0.04609858]]
U = [[ 0.04834478 -0.06913386  0.23421    -0.03936412  0.17171871]
 [-0.06920058  0.15560982  0.16259453  0.16528335  0.04178867]
 [ 0.21471734  0.10273532  0.19979143  0.15366763  0.09719886]
 [ 0.12312247  0.17547265 -0.04694549 -0.00539907  0.04930675]
 [-0.23523369  0.12533509  0.26000868  0.14454943 -0.0769061 ]]
Matrix Pair 60; W = [[-0.11770863  0.03142053  0.17872949  0.0876799  -0.14856357]
 [ 0.12690113 -0.23723058 -0.17037254 -0.11844143  0.27235363]
 [-0.01567234  0.01874429 -0.07795615  0.03140724  0.15752934]
 [-0.00839864 -0.03800509 -0.01957435 -0.00230757  0.12396606]
 [-0.16359004 -0.19679321  0.06006895  0.08506186 -0.0063722 ]]
U = [[ 0.16098876 -0.14124247  0.12360355 -0.08771204  0.22497157]
 [-0.10313191  0.087017    0.21812836  0.12288851 -0.02466315]
 [ 0.19570391  0.05638274  0.2354077   0.13093921  0.13836679]
 [ 0.12129207  0.18244512 -0.02649256  0.03489396  0.06736734]
 [-0.18573464  0.16503453  0.31985605  0.17549986 -0.0732113 ]]
Matrix Pair 61; W = [[-0.09759459  0.03799197  0.22876576  0.07199807 -0.18153673]
 [ 0.07973784 -0.2074852  -0.09548057 -0.16241857  0.2063032 ]
 [-0.08563708  0.08033047 -0.07859617 -0.05428511  0.21605082]
 [-0.01413773 -0.07782782  0.06187027  0.05468536  0.14403042]
 [-0.14600827 -0.18590545  0.10733219  0.04182761 -0.02988191]]
U = [[ 0.08432239 -0.10319849  0.10874788 -0.08298584  0.27145713]
 [-0.10516328  0.09315611  0.23422198  0.13661849  0.0212885 ]
 [ 0.1961828   0.0409089   0.24198661  0.1202674   0.09539884]
 [ 0.20189949  0.19346947 -0.02176302 -0.00160582  0.05881404]
 [-0.15301352  0.13705374  0.25511181  0.15269111 -0.04256878]]
Matrix Pair 62; W = [[-0.08649973  0.08453063  0.14633049  0.06793038 -0.09610801]
 [ 0.07909609 -0.21072703 -0.16836651 -0.12601923  0.2752113 ]
 [-0.07909722  0.05532891 -0.09138031 -0.05617495  0.12168606]
 [-0.03243137 -0.02822356  0.02467813 -0.01447868  0.12840935]
 [-0.0946683  -0.16642768  0.08269009  0.05249454  0.02554395]]
U = [[ 0.06776547 -0.08027462  0.11490729 -0.07401983  0.27161945]
 [-0.15236996  0.12979188  0.14474185  0.12116011 -0.02749047]
 [ 0.20038665 -0.02504207  0.18827655  0.09458066  0.1244378 ]
 [ 0.18844735  0.20260673 -0.00456496  0.01539742  0.08231384]
 [-0.23270652  0.0900632   0.33610446  0.15732708 -0.03766874]]
Matrix Pair 63; W = [[-0.12124976  0.0254613   0.20013837  0.04184046 -0.16631103]
 [ 0.08415418 -0.2248119  -0.15835865 -0.14123256  0.24690392]
 [-0.06110247  0.01337304 -0.07476212 -0.0242656   0.14717267]
 [-0.02463821 -0.08100575  0.03551595 -0.00698334  0.1132967 ]
 [-0.15659448 -0.19874761  0.06885697  0.12610098  0.00807117]]
U = [[ 0.15009471 -0.09007112  0.18603005 -0.02137275  0.27174078]
 [-0.15993697  0.12152399  0.20818327  0.12139993 -0.02459032]
 [ 0.20765914  0.05882403  0.19769156  0.04230129  0.15077059]
 [ 0.16733581  0.2072598  -0.01475171  0.0284848   0.10930973]
 [-0.17819093  0.15127295  0.34166468  0.12413955 -0.04028782]]
