Epoch: 5Matrix Pair 0; W = [[ 0.22264429  0.07513479  0.05759749 -0.27202831  0.07942057]
 [-0.1504993  -0.50032785 -0.07623365  0.19797932 -0.08098723]
 [-0.01800263 -0.03974379 -0.12091687  0.06348122 -0.12024586]
 [-0.00222298  0.12073696 -0.01999541  0.01446494  0.03434011]
 [-0.13286152 -0.00925362 -0.28438849 -0.04384519 -0.02478615]]
U = [[ 0.20618965  0.12791807  0.18368454  0.13346731 -0.08228782]
 [-0.03486189 -0.18163543  0.12000601  0.40217867  0.23980072]
 [ 0.14402869  0.08574723 -0.20465716 -0.10874422  0.10197219]
 [ 0.15812939 -0.09432222  0.41573875 -0.04651383 -0.12061121]
 [-0.01456901 -0.12628943 -0.15530617  0.07154666 -0.08266441]]
Matrix Pair 1; W = [[ 0.21532964  0.05177283  0.08101508 -0.22765172  0.02842075]
 [-0.15879078 -0.48638439 -0.07856684  0.17379602 -0.08445446]
 [-0.01926103 -0.07541767 -0.12976751  0.0972535  -0.11361466]
 [ 0.02785847  0.0845257  -0.03599971  0.00756467  0.03245917]
 [-0.21198609  0.00374914 -0.27918322 -0.05476763 -0.01758125]]
U = [[ 0.16835413  0.08432869  0.19187623  0.09185905 -0.04594341]
 [-0.1131071  -0.17344798  0.1112785   0.40093876  0.25881926]
 [ 0.09538194  0.0601673  -0.2240161  -0.08701202  0.16155446]
 [ 0.13481099 -0.08218016  0.35636869 -0.08288108 -0.07917132]
 [ 0.00188177 -0.14382591 -0.2179804   0.01083353 -0.1009165 ]]
Matrix Pair 2; W = [[ 0.22092233  0.0781294   0.0610665  -0.26228323  0.00295144]
 [-0.17197463 -0.47048596 -0.12365408  0.2359123  -0.10343213]
 [ 0.04653373 -0.04663032 -0.10095102  0.05739733 -0.04504318]
 [ 0.00414669  0.1179243  -0.03594167 -0.03287083  0.02921288]
 [-0.21512646 -0.03667157 -0.29253024 -0.02985598 -0.01920212]]
U = [[ 0.22260361  0.14051797  0.2245016   0.15142386 -0.06016606]
 [-0.0821916  -0.14209984  0.12051637  0.36660144  0.24744883]
 [ 0.06241425  0.07147402 -0.17576645 -0.17172599  0.12641642]
 [ 0.19818936 -0.11560598  0.41542883 -0.0117336  -0.09797074]
 [ 0.00801176 -0.18803824 -0.19620481  0.08965123 -0.03343907]]
Matrix Pair 3; W = [[ 0.2244744   0.01597228  0.07894628 -0.29606599  0.0644015 ]
 [-0.18122047 -0.44766545 -0.05984281  0.17884546 -0.10928219]
 [ 0.02205471 -0.05913196 -0.10353663  0.07620171 -0.10912516]
 [-0.03416376  0.0565987   0.01217535 -0.01630501  0.01233421]
 [-0.15614578 -0.0238733  -0.27575329 -0.03503223  0.04924369]]
U = [[ 0.2147865   0.16334343  0.20869483  0.11360211 -0.08137116]
 [-0.05625049 -0.20276872  0.10501322  0.38469287  0.22115128]
 [ 0.11078057  0.09681261 -0.20952212 -0.17674438  0.13097079]
 [ 0.19238062 -0.151966    0.40979487 -0.07212686 -0.06064198]
 [ 0.00529794 -0.20805405 -0.20342793  0.0432689  -0.12101048]]
Matrix Pair 4; W = [[ 0.16834016  0.06345756  0.05824589 -0.30284219 -0.01410418]
 [-0.13973876 -0.43176074 -0.10654644  0.19714382 -0.1419638 ]
 [-0.0096414   0.00125728 -0.06908022  0.06811209 -0.04091664]
 [-0.00115673  0.1078304   0.04804764  0.00974878  0.07515048]
 [-0.15242175 -0.07014902 -0.32837313 -0.04212318  0.03126151]]
U = [[ 0.20665334  0.11436072  0.17593034  0.11544481 -0.04028993]
 [-0.09418001 -0.15154615  0.08797518  0.37413625  0.22140864]
 [ 0.10252979  0.09068544 -0.22377912 -0.14351181  0.12483809]
 [ 0.12829049 -0.1071373   0.42002469 -0.06365252 -0.13371872]
 [-0.05351397 -0.15436184 -0.15198878  0.02002588 -0.04103301]]
Matrix Pair 5; W = [[ 0.1819715   0.01497117 -0.01418025 -0.27291417  0.01256358]
 [-0.15490408 -0.51231218 -0.07441361  0.19514177 -0.16103744]
 [ 0.0104512  -0.00874752 -0.0715761   0.130969   -0.11113773]
 [ 0.03214259  0.10436327  0.04316394  0.03093423  0.0893388 ]
 [-0.15088603 -0.07758279 -0.31606083 -0.10577932 -0.00889548]]
U = [[ 0.1605357   0.09005775  0.18797829  0.13908723 -0.01649325]
 [-0.05039035 -0.17932403  0.10733238  0.35438828  0.19830269]
 [ 0.1096663   0.03491932 -0.15057442 -0.10006762  0.14863996]
 [ 0.13382002 -0.06355003  0.41384721 -0.03386366 -0.14481241]
 [ 0.01318616 -0.20317962 -0.12630469  0.04838224 -0.07380289]]
Matrix Pair 6; W = [[ 0.22057431  0.01359632  0.0041255  -0.23579864 -0.01702809]
 [-0.21157894 -0.44435076 -0.11028549  0.17233674 -0.08034306]
 [ 0.05189069 -0.06377543 -0.076038    0.1285171  -0.13031758]
 [ 0.04272609  0.11643302 -0.02726229  0.01671718  0.05771449]
 [-0.21163872 -0.06120968 -0.26377572 -0.10463998 -0.00218425]]
U = [[ 0.15142093  0.13095422  0.18933686  0.17331088 -0.09950996]
 [-0.04316316 -0.15719048  0.11038484  0.31415706  0.20804255]
 [ 0.11201022  0.10480685 -0.18283561 -0.15347923  0.11723017]
 [ 0.20222401 -0.12744211  0.43935538 -0.10191667 -0.08025188]
 [-0.00657861 -0.17777858 -0.17547299  0.04453412 -0.04079871]]
Matrix Pair 7; W = [[ 0.21441607  0.02959662  0.01042328 -0.24444144  0.01756879]
 [-0.15672757 -0.46589989 -0.13569002  0.19133371 -0.14168219]
 [-0.01339482 -0.0267311  -0.08906151  0.134318   -0.095633  ]
 [ 0.01522522  0.06862273 -0.01625266  0.03875651  0.00907605]
 [-0.17381546 -0.0640676  -0.27548865 -0.11051419 -0.03506193]]
U = [[ 0.16208867  0.07830103  0.16341728  0.18503895 -0.04552072]
 [-0.04885987 -0.19812796  0.10691627  0.33576288  0.22332819]
 [ 0.12647001  0.02458809 -0.14586622 -0.09416888  0.14107406]
 [ 0.17314174 -0.15164119  0.41642833 -0.10296608 -0.09610275]
 [-0.01525649 -0.14177124 -0.21122277  0.06244165 -0.0238469 ]]
Matrix Pair 8; W = [[ 0.23049125  0.02625264  0.02883927 -0.269506    0.05215196]
 [-0.191347   -0.50461226 -0.07514328  0.20335159 -0.07936392]
 [ 0.00770125 -0.03020422 -0.0378258   0.08539093 -0.07463815]
 [ 0.04110603  0.14963976 -0.04631422  0.0321181   0.03783018]
 [-0.16332579 -0.01447035 -0.23645305 -0.06068952  0.00791378]]
U = [[ 0.19309249  0.08717996  0.18542526  0.17479257 -0.02072535]
 [-0.12475864 -0.13136695  0.10314499  0.38426635  0.29155063]
 [ 0.10895538  0.05325575 -0.19333549 -0.12777583  0.07879019]
 [ 0.13503443 -0.10137502  0.4107193  -0.0796874  -0.10119624]
 [-0.04928799 -0.12967309 -0.14056138  0.06260647 -0.09654192]]
Matrix Pair 9; W = [[ 0.16885121  0.03418959 -0.01205941 -0.26423137 -0.01510347]
 [-0.15330848 -0.47099897 -0.10894962  0.24123393 -0.1446728 ]
 [ 0.03170882 -0.00544704 -0.05504751  0.14925221 -0.07876742]
 [ 0.03873084  0.10640798 -0.01102662 -0.00054107  0.05778375]
 [-0.16673745 -0.0820853  -0.25269099 -0.11361025  0.04178636]]
U = [[ 0.14398927  0.13540135  0.17294972  0.09193057 -0.10529489]
 [-0.10257778 -0.14909501  0.09995381  0.31448126  0.29262773]
 [ 0.09607152  0.07434575 -0.14339312 -0.16099359  0.11966416]
 [ 0.16255465 -0.07159479  0.35804998 -0.01182487 -0.06575011]
 [-0.01063909 -0.13829818 -0.15621151  0.02821589 -0.03328772]]
Matrix Pair 10; W = [[ 0.18246796 -0.00134661  0.03165938 -0.23314682  0.03307797]
 [-0.19087204 -0.43704247 -0.1090511   0.17466182 -0.12926768]
 [ 0.01660381  0.00305541 -0.07984706  0.05836845 -0.03824249]
 [ 0.04509032  0.14141207 -0.0233447   0.05788502  0.03154574]
 [-0.13568101 -0.03515114 -0.25009534 -0.03051279 -0.02077931]]
U = [[ 0.17363692  0.13778108  0.18617146  0.15922296 -0.03350175]
 [-0.10429114 -0.16070676  0.08086112  0.36948299  0.20894823]
 [ 0.12146164  0.11643824 -0.21346899 -0.14836168  0.10411767]
 [ 0.10575783 -0.10335569  0.39580224 -0.03416772 -0.09916913]
 [-0.0380319  -0.16610713 -0.19132341  0.0082623  -0.05556771]]
Matrix Pair 11; W = [[ 0.20795319  0.00182237  0.06993122 -0.208451    0.04793583]
 [-0.17446641 -0.42875585 -0.07199468  0.22483344 -0.15845848]
 [-0.00966993 -0.03672277 -0.11536464  0.0905265  -0.12531392]
 [-0.01235153  0.13307116  0.01210941  0.04364868  0.02576471]
 [-0.13220293 -0.03112224 -0.30449752 -0.09900161  0.04759122]]
U = [[ 0.22032989  0.13995561  0.22085645  0.13508037 -0.04534377]
 [-0.02986795 -0.13659419  0.10122838  0.37713426  0.257691  ]
 [ 0.12225833  0.0260677  -0.2169619  -0.10399832  0.12625246]
 [ 0.16102419 -0.10766482  0.43780906 -0.02902031 -0.12930449]
 [ 0.02909057 -0.15918266 -0.20287596  0.06426708 -0.0826192 ]]
Matrix Pair 12; W = [[ 0.2487383   0.02853685  0.01562364 -0.28463085  0.06385236]
 [-0.19923656 -0.48586891 -0.13811479  0.15666599 -0.09688437]
 [-0.00187605 -0.08178735 -0.12188342  0.12233947 -0.12185665]
 [ 0.02644747  0.09451426 -0.02875555  0.02767533  0.06132168]
 [-0.16887355 -0.03585704 -0.31821531 -0.07568054 -0.04969025]]
U = [[ 0.21360521  0.14681452  0.20066218  0.19000171 -0.04412921]
 [-0.09362611 -0.16042988  0.12437823  0.31239886  0.20028576]
 [ 0.09559696  0.04795382 -0.16773416 -0.15480376  0.16358917]
 [ 0.14431508 -0.10675026  0.39086568 -0.08981128 -0.07231074]
 [-0.03721852 -0.17290959 -0.18214804  0.01904261 -0.10180618]]
Matrix Pair 13; W = [[ 0.21307947  0.01721229  0.04392819 -0.2615745   0.05722015]
 [-0.22534879 -0.46209186 -0.04668304  0.21365897 -0.14970633]
 [ 0.05873295 -0.0086567  -0.0540608   0.14904982 -0.05564739]
 [ 0.02018281  0.06365333  0.02328007  0.02213869  0.05845354]
 [-0.1757992  -0.05935589 -0.30954293 -0.11051539  0.02657777]]
U = [[ 0.16971004  0.12793844  0.18113469  0.14055738 -0.09420927]
 [-0.12188866 -0.15934477  0.04472738  0.35604671  0.22718976]
 [ 0.12308686  0.02039765 -0.16390002 -0.11759796  0.12367193]
 [ 0.18185519 -0.07535155  0.36346319 -0.09656573 -0.10980036]
 [-0.03873465 -0.20523029 -0.19104028  0.01472612 -0.08903137]]
Matrix Pair 14; W = [[ 0.21505537  0.01044396 -0.00276223 -0.27549931  0.05460169]
 [-0.18595395 -0.48262113 -0.1180671   0.22766123 -0.11298114]
 [-0.02507021  0.00402886 -0.05974218  0.10129079 -0.07865398]
 [-0.04349089  0.12645275 -0.00478317  0.05644884  0.04023036]
 [-0.17131599 -0.02941465 -0.30450802 -0.06081524  0.01425375]]
U = [[ 0.20413286  0.08898396  0.20356909  0.17247018 -0.01322399]
 [-0.10416088 -0.22024806  0.07593641  0.30436253  0.21454627]
 [ 0.05137903  0.04600891 -0.20060649 -0.13305368  0.11472762]
 [ 0.12204467 -0.15129288  0.43072193 -0.08187849 -0.06447928]
 [-0.04942511 -0.13703555 -0.16517065  0.05769016 -0.11627497]]
Matrix Pair 15; W = [[ 0.19750233  0.03243862  0.07550674 -0.21452266  0.05738698]
 [-0.22724219 -0.51121854 -0.10208886  0.15796603 -0.16830013]
 [ 0.05679126 -0.06749444 -0.08527094  0.10838328 -0.03476856]
 [-0.02267568  0.08572693 -0.01542775  0.04370163  0.04072612]
 [-0.16306225 -0.07037317 -0.23564299 -0.04418625 -0.02020994]]
U = [[ 0.20917074  0.1433602   0.19249249  0.10883597 -0.0680767 ]
 [-0.02719658 -0.19078072  0.11818719  0.38964881  0.2239831 ]
 [ 0.11537367  0.03769401 -0.18184098 -0.16250435  0.13688934]
 [ 0.10930586 -0.1375996   0.39894487 -0.01915874 -0.0936482 ]
 [-0.02778436 -0.21904024 -0.21514329  0.02669903 -0.0351105 ]]
Matrix Pair 16; W = [[ 0.28499226  0.03546195  0.04455743  0.01459638 -0.07357167]
 [-0.22848509 -0.52202665 -0.01626724  0.36006537 -0.12817438]
 [-0.21133801  0.04957164 -0.18926806  0.06091767 -0.1354269 ]
 [ 0.19262893  0.02446351  0.16204517 -0.11193157 -0.12751535]
 [-0.15720226 -0.15411219 -0.2335338  -0.25490978  0.03327829]]
U = [[ 0.21867627  0.11983892  0.38454035  0.30423735  0.14540006]
 [-0.26420941 -0.09301341 -0.20231891  0.12837124  0.19380355]
 [ 0.3132609   0.05798746 -0.15283177 -0.21251981  0.13844107]
 [ 0.2102548  -0.04631061  0.20966538 -0.17218463 -0.18380212]
 [-0.23555979 -0.09877712 -0.10122006 -0.11693973  0.07319909]]
Matrix Pair 17; W = [[ 0.30486443  0.04364442  0.02141207 -0.02654788 -0.03179004]
 [-0.25489802 -0.44021439 -0.06818199  0.28595766 -0.17072619]
 [-0.15849191  0.10972161 -0.19096295  0.12225912 -0.06823414]
 [ 0.21728192  0.04965665  0.16560416 -0.08773522 -0.09371047]
 [-0.2094809  -0.12852641 -0.27713785 -0.21933629  0.08506337]]
U = [[ 0.17447453  0.18879133  0.32514304  0.27158331  0.12269211]
 [-0.28595267 -0.13815883 -0.21317498  0.1758598   0.27461648]
 [ 0.29700376  0.08990872 -0.14076817 -0.22066902  0.15310477]
 [ 0.13077678 -0.02472863  0.21906483 -0.10241133 -0.21936275]
 [-0.21698501 -0.02880423 -0.11423934 -0.05740748  0.08295662]]
Matrix Pair 18; W = [[ 0.28167047  0.04503548  0.05724582 -0.00894438 -0.01718029]
 [-0.20513552 -0.4609234  -0.04353127  0.27915615 -0.08063882]
 [-0.21197697  0.04292152 -0.20804377  0.04077763 -0.13802546]
 [ 0.20700503 -0.02824007  0.22863084 -0.08295275 -0.15996163]
 [-0.1583846  -0.07851577 -0.25331875 -0.19593847  0.03173201]]
U = [[ 0.22399029  0.10680698  0.41876553  0.33443039  0.10077344]
 [-0.2182089  -0.07233011 -0.15614815  0.10954449  0.27885787]
 [ 0.27052329  0.05661403 -0.15694102 -0.24727441  0.19554965]
 [ 0.19934426 -0.11477485  0.2887758  -0.11925337 -0.2287783 ]
 [-0.19041876 -0.03821927 -0.04199294 -0.10820028  0.09205422]]
Matrix Pair 19; W = [[ 0.26267527  0.06107865  0.04651026  0.05900409 -0.07879923]
 [-0.20568074 -0.49208956 -0.09632545  0.29990325 -0.13688317]
 [-0.14452062  0.12777646 -0.16165565  0.08280021 -0.14952883]
 [ 0.25945429 -0.03858832  0.1859423  -0.17521759 -0.09222203]
 [-0.19559657 -0.07236025 -0.2398479  -0.22573825  0.08623502]]
U = [[ 0.16281432  0.1214243   0.34661246  0.29017832  0.11994639]
 [-0.22234356 -0.10084557 -0.16576903  0.11028037  0.23682599]
 [ 0.32166507  0.12278221 -0.12385744 -0.25185011  0.18054911]
 [ 0.18905016 -0.10611803  0.28488032 -0.14495109 -0.17921333]
 [-0.20603116 -0.04069846 -0.0625874  -0.12276274  0.09681134]]
Matrix Pair 20; W = [[ 0.34618267  0.04158385  0.03502131  0.06903488 -0.03926317]
 [-0.26279071 -0.53498019 -0.10442604  0.35083865 -0.12379085]
 [-0.21521104  0.12747487 -0.15059528  0.03910159 -0.08713759]
 [ 0.17620601 -0.01454633  0.17963083 -0.13277091 -0.09564671]
 [-0.14386307 -0.1222652  -0.27962922 -0.21694664  0.00160989]]
U = [[ 0.15541876  0.12309439  0.34143134  0.31943696  0.07803131]
 [-0.26861725 -0.12798359 -0.19027783  0.11651465  0.26649849]
 [ 0.35778514  0.05618366 -0.18866554 -0.24317544  0.16930119]
 [ 0.12901419 -0.08388299  0.25438518 -0.16903648 -0.18172178]
 [-0.1761112  -0.02753262 -0.08514977 -0.0799068   0.04740635]]
Matrix Pair 21; W = [[ 0.29514106  0.0772502  -0.00271789 -0.01147934 -0.05182391]
 [-0.22174078 -0.50390803 -0.02048942  0.34815083 -0.13839866]
 [-0.22028862  0.09890729 -0.15436423  0.10657287 -0.09972581]
 [ 0.19701292  0.02672898  0.1898657  -0.08390206 -0.15581131]
 [-0.16995344 -0.1174932  -0.30163365 -0.20517235  0.08033885]]
U = [[ 0.22822437  0.19661683  0.40431546  0.27270763  0.14369809]
 [-0.2197956  -0.10722927 -0.13825105  0.10834853  0.26568489]
 [ 0.36086596  0.09710322 -0.16921919 -0.21356626  0.13737889]
 [ 0.15338509 -0.03808762  0.28809951 -0.1850514  -0.26641352]
 [-0.16226089 -0.02801517 -0.06748579 -0.05319417  0.09555653]]
Matrix Pair 22; W = [[ 0.31034305 -0.00069785  0.02277248  0.04129167 -0.06456058]
 [-0.25743152 -0.44353455 -0.03691554  0.33971184 -0.15592716]
 [-0.16815882  0.09145992 -0.14636847  0.09396448 -0.14062978]
 [ 0.24735977 -0.01654358  0.1888648  -0.16887103 -0.15381875]
 [-0.18793825 -0.06510651 -0.28359512 -0.23983376  0.05102154]]
U = [[ 0.18129609  0.18671033  0.41031363  0.30053998  0.16946363]
 [-0.30099085 -0.08945707 -0.1975625   0.15074154  0.27741384]
 [ 0.34664146  0.13050712 -0.18635886 -0.21141683  0.17161466]
 [ 0.18104595 -0.0327234   0.29470586 -0.13651739 -0.1965304 ]
 [-0.2249679  -0.10839748 -0.05918557 -0.0317493   0.06955858]]
Matrix Pair 23; W = [[ 0.28724036  0.06634639 -0.00487725  0.04742709 -0.0719462 ]
 [-0.2050368  -0.47695171 -0.03974766  0.3085801  -0.14527429]
 [-0.18754156  0.12729053 -0.14744185  0.08555249 -0.13323099]
 [ 0.20190332  0.00809866  0.23005841 -0.07733478 -0.14825166]
 [-0.21923176 -0.14055807 -0.22557214 -0.27425326  0.07495058]]
U = [[ 0.20514222  0.14470788  0.36446706  0.28727763  0.11635462]
 [-0.24185506 -0.13421124 -0.14204318  0.1520772   0.23571263]
 [ 0.34235588  0.03953863 -0.15413345 -0.21340248  0.22300903]
 [ 0.13275585 -0.03863712  0.20766261 -0.17725696 -0.23430511]
 [-0.17733747 -0.10959648 -0.04276761 -0.10237885  0.06325876]]
Matrix Pair 24; W = [[ 0.27894701  0.06398667  0.04309876  0.02925062 -0.0220423 ]
 [-0.19620903 -0.49687876 -0.0936581   0.32731887 -0.13839959]
 [-0.19134362  0.12115355 -0.10983329  0.11447182 -0.0965067 ]
 [ 0.17000026  0.01437457  0.2018083  -0.10251493 -0.1086307 ]
 [-0.17624866 -0.13716439 -0.2545458  -0.20349845  0.04656106]]
U = [[ 0.17599504  0.11350392  0.40622613  0.3395777   0.08276681]
 [-0.27137123 -0.12712353 -0.15444065  0.13934659  0.25697709]
 [ 0.35659348  0.05293639 -0.19285096 -0.20708346  0.23171651]
 [ 0.17963112 -0.07682534  0.27569182 -0.11049006 -0.25688858]
 [-0.16805278 -0.08354104 -0.08001971 -0.041749    0.03901683]]
Matrix Pair 25; W = [[ 0.27608005  0.04290233  0.03653555  0.05764854 -0.06383043]
 [-0.20745317 -0.51499556 -0.07092306  0.27965641 -0.16775186]
 [-0.21104649  0.12239781 -0.14036304  0.09899951 -0.09682841]
 [ 0.21983061  0.03488507  0.16770289 -0.14411892 -0.15638229]
 [-0.21632128 -0.16126889 -0.25968639 -0.22908705 -0.00217075]]
U = [[ 0.22319063  0.17862951  0.3549518   0.29748564  0.10412001]
 [-0.22482574 -0.13801916 -0.19628499  0.15871841  0.20880378]
 [ 0.30062404  0.07828681 -0.17390625 -0.2617234   0.2312953 ]
 [ 0.13064976 -0.02791914  0.23295503 -0.17112502 -0.23610874]
 [-0.20514964 -0.10858911 -0.12589262 -0.0581489   0.11390192]]
Matrix Pair 26; W = [[ 3.04778153e-01  2.26913258e-04 -1.05730083e-02  6.00528116e-02
  -8.33574547e-02]
 [-2.18679569e-01 -4.46208785e-01 -6.47565094e-02  2.94128741e-01
  -1.30886537e-01]
 [-1.45821009e-01  3.23925394e-02 -1.23735959e-01  1.05820129e-01
  -1.53013299e-01]
 [ 2.52153673e-01  8.92574771e-04  1.57472819e-01 -7.86577161e-02
  -1.17826530e-01]
 [-1.68312518e-01 -1.46724116e-01 -2.59472666e-01 -2.84710408e-01
   8.18629655e-02]]
U = [[ 0.15555849  0.10407056  0.4200605   0.32709775  0.07511788]
 [-0.2808669  -0.04964259 -0.17293112  0.13211953  0.20082792]
 [ 0.35518369  0.06075259 -0.19703728 -0.22820995  0.17764704]
 [ 0.13954889 -0.02799547  0.23673584 -0.09738056 -0.19088644]
 [-0.22452496 -0.07794037 -0.08168583 -0.11704484  0.0293154 ]]
Matrix Pair 27; W = [[ 0.26086911  0.0035616   0.04454829 -0.01507197 -0.05140708]
 [-0.2062971  -0.46328275 -0.07671633  0.34836466 -0.14538584]
 [-0.22188685  0.1225698  -0.10987604  0.11035052 -0.07448387]
 [ 0.25025539 -0.03085957  0.20065176 -0.16796143 -0.1583217 ]
 [-0.1968199  -0.06676895 -0.252635   -0.21723991  0.08305663]]
U = [[ 0.14904256  0.11759085  0.38951456  0.25498275  0.10057513]
 [-0.27537501 -0.11245919 -0.16245661  0.17986307  0.25125456]
 [ 0.34034945  0.11464605 -0.19332094 -0.22834687  0.20365793]
 [ 0.17452421 -0.11688104  0.21827897 -0.16141858 -0.1888532 ]
 [-0.22184495 -0.05164908 -0.07149568 -0.07652913  0.02780004]]
Matrix Pair 28; W = [[ 0.30298688  0.07069518  0.00090539  0.03817437 -0.02838547]
 [-0.28008997 -0.45117843 -0.03012531  0.28765341 -0.12729057]
 [-0.17029589  0.09337435 -0.17263977  0.10202932 -0.12845476]
 [ 0.25338487 -0.01499974  0.18127694 -0.165901   -0.17784843]
 [-0.21663397 -0.08811189 -0.25606653 -0.20064277  0.00091681]]
U = [[ 0.17847394  0.18256404  0.33041854  0.25303025  0.08835425]
 [-0.29324067 -0.08919355 -0.16901844  0.10757145  0.26146053]
 [ 0.33149889  0.12429715 -0.11194301 -0.26092443  0.20366545]
 [ 0.22277617 -0.04313788  0.29337542 -0.1200452  -0.21568462]
 [-0.16154794 -0.03618512 -0.113301   -0.0324416   0.02167877]]
Matrix Pair 29; W = [[ 0.30187227  0.04389229  0.02282882  0.00992234 -0.07296768]
 [-0.19207237 -0.51861959 -0.09088605  0.2777695  -0.11795296]
 [-0.15948366  0.09540937 -0.19034212  0.07168796 -0.13001595]
 [ 0.22935934  0.03587141  0.16580641 -0.09406888 -0.14312852]
 [-0.23203309 -0.15466485 -0.28119687 -0.25692531  0.06471685]]
U = [[ 0.17680377  0.13949349  0.37110388  0.26028091  0.15530265]
 [-0.24840732 -0.10019124 -0.21538751  0.14217955  0.27000307]
 [ 0.26615576  0.04549252 -0.16511804 -0.23201571  0.18499197]
 [ 0.1402645  -0.06402115  0.20408108 -0.12917517 -0.24152963]
 [-0.20236633 -0.07210648 -0.11604851 -0.10109865  0.1185333 ]]
Matrix Pair 30; W = [[ 0.34772316  0.08805091  0.04819438  0.01850041 -0.01263765]
 [-0.26089243 -0.48260928 -0.07115643  0.30680124 -0.087562  ]
 [-0.22182775  0.08430672 -0.16036272  0.10960744 -0.14398696]
 [ 0.2555415   0.03229815  0.20838105 -0.0955272  -0.08683767]
 [-0.17616451 -0.11240233 -0.25643992 -0.2874252   0.0732288 ]]
U = [[ 0.14706871  0.19575097  0.38933131  0.29655175  0.14246675]
 [-0.23564712 -0.109628   -0.15238637  0.17821068  0.23836618]
 [ 0.34365577  0.04265212 -0.19317007 -0.26364769  0.15413371]
 [ 0.16348585 -0.09497086  0.26043905 -0.15642462 -0.25728759]
 [-0.18580546 -0.12306415 -0.07245204 -0.0453286   0.10525938]]
Matrix Pair 31; W = [[ 0.27732868  0.06604991  0.07221875 -0.0024016  -0.0869295 ]
 [-0.26447895 -0.45413326 -0.04272096  0.29433921 -0.14968775]
 [-0.1797864   0.05963685 -0.20571942  0.06131078 -0.07753205]
 [ 0.19034589 -0.03639226  0.20971757 -0.11309411 -0.12936388]
 [-0.13943308 -0.16137477 -0.22050725 -0.27609303  0.08442269]]
U = [[ 0.20652137  0.14748971  0.35576334  0.29639533  0.13242812]
 [-0.27729099 -0.08637632 -0.15273722  0.15581807  0.25172148]
 [ 0.34346538  0.12094667 -0.17075701 -0.26578315  0.15947663]
 [ 0.18930972 -0.0338401   0.26606351 -0.15927553 -0.2237772 ]
 [-0.16557211 -0.06409346 -0.07148621 -0.08462482  0.03572054]]
Matrix Pair 32; W = [[ 0.30070031  0.04934456  0.0426168  -0.17144781  0.07883439]
 [-0.13044572 -0.49462231 -0.18030438  0.16176587 -0.15036542]
 [-0.07869673 -0.06664219 -0.23524004  0.03523029 -0.14471756]
 [ 0.07324025  0.15873771  0.0389754  -0.00871951  0.04290927]
 [-0.14162372 -0.03590408 -0.22823355 -0.05234165  0.02188921]]
U = [[ 0.13261914  0.17733014  0.18725323  0.12980158 -0.05078119]
 [-0.12539682 -0.09356984  0.12602555  0.36969462  0.36737391]
 [ 0.08212645  0.14639482 -0.24945929 -0.06851312  0.23336757]
 [ 0.03434496 -0.13623173  0.32147912  0.01054191 -0.05336247]
 [-0.07522913 -0.09734852 -0.20286669 -0.06241479  0.03440819]]
Matrix Pair 33; W = [[ 0.29174573  0.06299392  0.08522108 -0.13792256  0.03315536]
 [-0.10782893 -0.52503608 -0.10971673  0.12355512 -0.16947421]
 [-0.02082724 -0.07818048 -0.23697814  0.03312893 -0.20036387]
 [ 0.02063249  0.14267808  0.06245177  0.03742916  0.10194878]
 [-0.19745435 -0.02385439 -0.26418038 -0.07935708 -0.01486798]]
U = [[ 0.22305738  0.12383779  0.13989519  0.14190745 -0.0072545 ]
 [-0.17245679 -0.14110865  0.03784757  0.3449101   0.40066316]
 [ 0.11737771  0.10867643 -0.21919116 -0.03544917  0.26411474]
 [ 0.05210179 -0.08474531  0.3538338   0.03910199 -0.00959815]
 [-0.08746081 -0.0885375  -0.20718596 -0.04066746  0.01869357]]
Matrix Pair 34; W = [[ 0.22024278  0.11626333  0.07342779 -0.21748101  0.06811952]
 [-0.07898092 -0.52674959 -0.14793243  0.1510186  -0.15590599]
 [ 0.00718845 -0.02925893 -0.16364312  0.07129218 -0.21184363]
 [ 0.08571369  0.11500665  0.07895818  0.05517384  0.11732921]
 [-0.20716686 -0.04677823 -0.20999313 -0.05846501  0.04565095]]
U = [[ 0.15277234  0.13649046  0.13414543  0.11744918 -0.0247904 ]
 [-0.17517851 -0.14129564  0.04054553  0.3795514   0.39366815]
 [ 0.16125745  0.09083754 -0.20981557 -0.08656419  0.18329979]
 [ 0.06526529 -0.09729501  0.30633293  0.00922986  0.04218923]
 [-0.11025781 -0.08257318 -0.15454145 -0.04740833  0.11206997]]
Matrix Pair 35; W = [[ 0.27151494  0.04994354  0.08898417 -0.22339311 -0.01382285]
 [-0.13623856 -0.50297586 -0.16923115  0.20759705 -0.09010218]
 [-0.0306961  -0.02413608 -0.20519209  0.08376665 -0.23933388]
 [ 0.04478829  0.07148329  0.08840571  0.08519358  0.13863284]
 [-0.16199311 -0.02145547 -0.20915376 -0.05618915 -0.00953758]]
U = [[ 0.14132542  0.12101334  0.18914543  0.1677316  -0.00348486]
 [-0.10668215 -0.07477051  0.07338905  0.4115139   0.40396486]
 [ 0.12118074  0.12185233 -0.2528733  -0.09024793  0.26103108]
 [-0.00917222 -0.05638505  0.31061213  0.03787225 -0.0525906 ]
 [-0.10516123 -0.12151569 -0.16629799 -0.11594012  0.03182492]]
Matrix Pair 36; W = [[ 0.282016    0.04725449  0.07677983 -0.1512178   0.05185255]
 [-0.13592608 -0.51183697 -0.1564753   0.15491175 -0.16097916]
 [-0.01180631 -0.04616658 -0.18840845  0.09272291 -0.15653579]
 [ 0.05204333  0.14634921  0.11517729  0.00463916  0.09052658]
 [-0.23034596 -0.00510445 -0.2279519  -0.05734901  0.01320738]]
U = [[ 0.14288732  0.18724343  0.22276203  0.18176711 -0.04198369]
 [-0.16806274 -0.08070314  0.13481388  0.33222091  0.38541128]
 [ 0.06743616  0.09719193 -0.25112551 -0.01643545  0.17514066]
 [ 0.06499589 -0.06429695  0.3641256   0.09064499  0.04167537]
 [-0.10636757 -0.11614841 -0.18125882 -0.07143429  0.02407694]]
Matrix Pair 37; W = [[ 0.27962249  0.08849261  0.09503133 -0.19956062  0.04365497]
 [-0.04364059 -0.52399206 -0.09449095  0.18419454 -0.17325541]
 [-0.06673434 -0.05696933 -0.19322458  0.06830178 -0.18142465]
 [ 0.09272121  0.12334803  0.02482911  0.06992698  0.13669423]
 [-0.22711967 -0.07576285 -0.23159434 -0.12855282  0.05200783]]
U = [[ 0.18968468  0.1314941   0.23171229  0.17012561 -0.01586758]
 [-0.1360438  -0.12112434  0.04075334  0.4144344   0.34498923]
 [ 0.09068721  0.12577072 -0.23971571 -0.03602149  0.26258318]
 [ 0.07547985 -0.13329609  0.3213262   0.03279542  0.02839803]
 [-0.11531339 -0.13550224 -0.19021923 -0.09722928  0.06995518]]
Matrix Pair 38; W = [[ 0.27751851  0.06938055  0.08096866 -0.14746228  0.02020697]
 [-0.05907416 -0.48114887 -0.16956441  0.20786885 -0.15333869]
 [-0.05749519 -0.0735529  -0.23799302  0.07727415 -0.22770635]
 [ 0.03179204  0.09096327  0.08412687  0.08712117  0.0995896 ]
 [-0.16235842 -0.02707984 -0.21164075 -0.05407297  0.04471755]]
U = [[ 0.18332326  0.18106527  0.15947766  0.17169411 -0.06869133]
 [-0.10332731 -0.09743881  0.03710114  0.40650605  0.333767  ]
 [ 0.09731561  0.10753106 -0.21163442 -0.11035324  0.26661504]
 [ 0.07849899 -0.04305223  0.31691103  0.08732322 -0.04185037]
 [-0.12147343 -0.10105378 -0.17203695 -0.10796211  0.08538447]]
Matrix Pair 39; W = [[ 0.26097981  0.06152766  0.03680172 -0.14437387  0.01647199]
 [-0.08702259 -0.47600376 -0.18165853  0.1616293  -0.1013915 ]
 [-0.04807375 -0.07055637 -0.16039561  0.07524073 -0.19490027]
 [ 0.06424679  0.10070638  0.02543906  0.05701962  0.12385686]
 [-0.21552357 -0.01836095 -0.24394088 -0.10687876  0.03245994]]
U = [[ 0.21735834  0.16930913  0.19245194  0.14831506 -0.07709109]
 [-0.12681916 -0.10667685  0.11567253  0.40921021  0.3766334 ]
 [ 0.14604647  0.08168959 -0.20265903 -0.0315576   0.24640739]
 [ 0.00502584 -0.06563185  0.31636447  0.08690103  0.03816117]
 [-0.05098741 -0.1452854  -0.21926349 -0.03058162  0.08901857]]
Matrix Pair 40; W = [[ 0.30424951  0.09357742  0.07616939 -0.23290721  0.03341292]
 [-0.0498963  -0.52777952 -0.14898271  0.18639149 -0.16648234]
 [ 0.00682599  0.00650522 -0.21935944  0.05768132 -0.14604451]
 [ 0.06331988  0.11744684  0.04723182  0.00704922  0.12542704]
 [-0.20342458 -0.0842833  -0.20302626 -0.06004714  0.00992555]]
U = [[ 0.2025591   0.1780536   0.136307    0.15337598 -0.05694306]
 [-0.17070751 -0.06967139  0.06625638  0.33496357  0.32131943]
 [ 0.16143731  0.12445251 -0.2156811  -0.08225171  0.19134963]
 [ 0.02889834 -0.10342348  0.33722454  0.01201923 -0.03981544]
 [-0.13109686 -0.07800355 -0.18509332 -0.04973916  0.07770881]]
Matrix Pair 41; W = [[ 0.230133    0.06522443  0.11515599 -0.19366618 -0.00227354]
 [-0.11554992 -0.49347395 -0.16399149  0.2032091  -0.10260924]
 [-0.0535749  -0.0018501  -0.17690118  0.09207777 -0.24037612]
 [ 0.08344824  0.13018526  0.1073858   0.02562952  0.10082896]
 [-0.13598038 -0.0241697  -0.23384571 -0.10778682  0.05565092]]
U = [[ 0.15772798  0.14864056  0.13412528  0.20243192 -0.07558339]
 [-0.15533964 -0.0829552   0.08538895  0.38039306  0.40165045]
 [ 0.1435643   0.09826836 -0.24873059 -0.05177642  0.23378099]
 [ 0.05561143 -0.05870592  0.3284016   0.08331025 -0.04891029]
 [-0.05680013 -0.12922326 -0.1221473  -0.07115516  0.04382724]]
Matrix Pair 42; W = [[ 0.23991375  0.10867833  0.09303954 -0.18993275 -0.00220382]
 [-0.11413161 -0.56039619 -0.09303888  0.19816591 -0.17739215]
 [-0.02646176 -0.06898321 -0.15440692  0.1148441  -0.21524152]
 [ 0.03572714  0.07142309  0.08769919  0.06550822  0.12127876]
 [-0.19659706 -0.03256866 -0.25393615 -0.10675281  0.08139641]]
U = [[ 0.16468844  0.16446667  0.15832704  0.1271158  -0.04232181]
 [-0.15522427 -0.12412936  0.09320926  0.41701715  0.34539085]
 [ 0.09025104  0.12961959 -0.19344034 -0.02074089  0.17972941]
 [ 0.08728326 -0.12984633  0.33755491  0.08060087 -0.02283464]
 [-0.13815946 -0.11897475 -0.16946428 -0.05023829  0.02513237]]
Matrix Pair 43; W = [[ 0.29844185  0.13598973  0.06252603 -0.16949175  0.01018161]
 [-0.05865995 -0.54429453 -0.1201228   0.16338504 -0.16304846]
 [-0.04883914 -0.04374458 -0.21898434  0.11012773 -0.22065331]
 [ 0.05514007  0.11862699  0.08676596  0.07591764  0.08766602]
 [-0.16515069 -0.06266856 -0.21695169 -0.13965999  0.0598301 ]]
U = [[ 0.21375196  0.13853222  0.23143394  0.20929825 -0.03828239]
 [-0.18168836 -0.14868459  0.12494719  0.3707972   0.35503507]
 [ 0.11699621  0.12006018 -0.24904989 -0.0708079   0.19311481]
 [ 0.01607411 -0.12859506  0.32400308  0.00705789 -0.04821752]
 [-0.09186861 -0.09092643 -0.12770529 -0.08908911  0.09779398]]
Matrix Pair 44; W = [[ 0.26560177  0.10764885  0.11511691 -0.18534072  0.01650655]
 [-0.13367891 -0.49448404 -0.15660192  0.15349896 -0.09720857]
 [-0.08085709 -0.06774579 -0.15633693  0.11979748 -0.2028235 ]
 [ 0.04883593  0.08676623  0.09026842  0.02219545  0.08265813]
 [-0.22133358 -0.00878343 -0.27249354 -0.11612083  0.00178007]]
U = [[ 0.20446915  0.14553511  0.16558316  0.11350512 -0.0867289 ]
 [-0.09856526 -0.08439014  0.11767481  0.38484866  0.36561646]
 [ 0.09725168  0.12132255 -0.21726609 -0.06566346  0.20847952]
 [-0.00642851 -0.07192004  0.30508573  0.05339365 -0.05018871]
 [-0.0968299  -0.12260655 -0.21268264 -0.04957927  0.02646559]]
Matrix Pair 45; W = [[ 0.23631282  0.08902696  0.06719697 -0.15053431  0.00133396]
 [-0.04159639 -0.47000543 -0.14097579  0.17482786 -0.13887229]
 [-0.05152226  0.00859947 -0.16453328  0.04456674 -0.18966032]
 [ 0.06797228  0.13988663  0.05678798  0.08035789  0.0652874 ]
 [-0.1919485  -0.08688076 -0.29631524 -0.07151021  0.06940004]]
U = [[ 0.16687939  0.19179347  0.17795948  0.1342719  -0.05297606]
 [-0.13308463 -0.13434805  0.06873808  0.37682462  0.36742831]
 [ 0.15118023  0.14603362 -0.1602592  -0.10186575  0.267522  ]
 [ 0.0196732  -0.1274876   0.32117721  0.05937227 -0.02596968]
 [-0.13308636 -0.14413306 -0.15278054 -0.04704348  0.10203278]]
Matrix Pair 46; W = [[ 0.25682755  0.06462757  0.10641623 -0.14739595  0.03063776]
 [-0.03712144 -0.50162377 -0.16060743  0.17253003 -0.11513782]
 [-0.00298246 -0.08090918 -0.16909402  0.09200495 -0.20119343]
 [ 0.07796084  0.13856051  0.05936055  0.02632374  0.05540829]
 [-0.1963504  -0.04962708 -0.29836418 -0.09115227  0.00793594]]
U = [[ 0.22279522  0.11755995  0.14060042  0.11775326 -0.02161249]
 [-0.14537534 -0.15459575  0.11839756  0.36521505  0.3494192 ]
 [ 0.15115481  0.14201297 -0.16946465 -0.03768806  0.23932378]
 [ 0.08490691 -0.09145042  0.29167173  0.09192004  0.00261886]
 [-0.06003269 -0.06654342 -0.18851568 -0.03375155  0.05312022]]
Matrix Pair 47; W = [[ 0.24096104  0.05305757  0.06952261 -0.19607302  0.01338815]
 [-0.09893581 -0.55675937 -0.12361821  0.11145321 -0.11770118]
 [-0.08223944 -0.07787    -0.17923719  0.08957555 -0.19302187]
 [ 0.02775001  0.07865948  0.08051298  0.05400349  0.1202311 ]
 [-0.1592603  -0.00870846 -0.27734033 -0.07130112  0.04189271]]
U = [[ 0.15095382  0.18190009  0.13376366  0.15819376 -0.00959357]
 [-0.15332507 -0.15067028  0.07323082  0.35395345  0.36923506]
 [ 0.12941134  0.12199051 -0.24755738 -0.05808903  0.2571423 ]
 [ 0.04946301 -0.10810371  0.3239764   0.03245302 -0.01170856]
 [-0.07448636 -0.12036933 -0.17074206 -0.02124208  0.06005198]]
Matrix Pair 48; W = [[ 0.24177804  0.04778105  0.05992072 -0.17549896 -0.08405678]
 [-0.11636798 -0.5212383  -0.01094957  0.20965413 -0.09148412]
 [-0.07259772 -0.06869006 -0.1600223   0.12756632 -0.06761514]
 [ 0.04063898  0.06392335  0.07366545  0.0573612  -0.04086269]
 [-0.21837072 -0.06443405 -0.31428118 -0.12027943  0.00313415]]
U = [[ 0.17165156  0.14419559  0.21046527  0.17064902 -0.01454252]
 [-0.16816664 -0.14553362  0.01687654  0.32898638  0.26935549]
 [ 0.06232782  0.05935733 -0.16049947 -0.14250557  0.14402969]
 [ 0.10990631 -0.15490612  0.28956444 -0.08465445 -0.02915879]
 [ 0.00586443 -0.14471173 -0.125035    0.05496004 -0.02832266]]
Matrix Pair 49; W = [[ 0.28372511  0.0380494   0.09307745 -0.17658142 -0.05676848]
 [-0.09777291 -0.49911118 -0.09939051  0.1466082  -0.1323407 ]
 [-0.15630539 -0.05966098 -0.20469632  0.14051713 -0.0895017 ]
 [-0.00650921  0.13332891  0.04469668  0.08011452  0.02402154]
 [-0.12807884 -0.07404839 -0.29288009 -0.08563419  0.02640697]]
U = [[ 0.17418472  0.10279473  0.20002298  0.22078592 -0.07136425]
 [-0.18528141 -0.13211047  0.06858434  0.30859282  0.25705763]
 [ 0.05099369  0.10051238 -0.22045626 -0.07775463  0.1243231 ]
 [ 0.1151172  -0.07232966  0.31038311 -0.08361953 -0.03371124]
 [-0.03566873 -0.1545324  -0.12500771  0.02183945 -0.03316989]]
Matrix Pair 50; W = [[ 0.2417815  -0.03918484  0.03433542 -0.12028105 -0.0688771 ]
 [-0.08250339 -0.51048219 -0.0509668   0.11569654 -0.04540608]
 [-0.16177163 -0.07409696 -0.17089944  0.14393148 -0.06929851]
 [ 0.04416664  0.14691471  0.11866868  0.06460692  0.04954635]
 [-0.17579539 -0.06003553 -0.3101178  -0.12978582  0.00246989]]
U = [[ 0.14048126  0.14022395  0.21122795  0.1906012  -0.07169155]
 [-0.19961464 -0.21562218  0.02108605  0.32963558  0.2655223 ]
 [ 0.08540651  0.05960641 -0.21734481 -0.12422862  0.11077999]
 [ 0.15688618 -0.09784458  0.35962807 -0.09425368 -0.05287187]
 [ 0.04504321 -0.15992493 -0.13168696  0.0479487   0.03078562]]
Matrix Pair 51; W = [[ 0.21816181 -0.04115828  0.09283933 -0.16112704 -0.01763517]
 [-0.1327614  -0.48740046 -0.099059    0.11188699 -0.09958294]
 [-0.0993111  -0.0523902  -0.17692674  0.15715471 -0.12208329]
 [ 0.05460293  0.08445066  0.12935645 -0.01536721  0.03783901]
 [-0.13475823 -0.07052725 -0.36498822 -0.11719947 -0.00672217]]
U = [[ 1.65333405e-01  1.66869652e-01  1.96371470e-01  1.50806050e-01
  -5.10429911e-03]
 [-1.97409286e-01 -1.85980808e-01  9.66552632e-02  2.79627680e-01
   2.43632963e-01]
 [ 8.88049701e-02  1.26049413e-01 -2.11030442e-01 -6.90590351e-02
   1.86310324e-01]
 [ 1.24860855e-01 -1.40166954e-01  3.25856263e-01 -7.33220289e-02
  -4.30028552e-02]
 [-2.73939518e-02 -1.47260415e-01 -1.15661431e-01  2.48713608e-04
  -4.25723622e-02]]
Matrix Pair 52; W = [[ 0.2945448   0.00668464  0.01648323 -0.19459939 -0.06557324]
 [-0.13217103 -0.47128278 -0.04745274  0.13488524 -0.07920457]
 [-0.08785892 -0.10977651 -0.17664079  0.11482664 -0.11801354]
 [ 0.05154176  0.09600445  0.1058786   0.05160769 -0.00312896]
 [-0.14882684 -0.06314542 -0.28922476 -0.10071941  0.05155284]]
U = [[ 0.17953595  0.15221733  0.21368423  0.1294332  -0.01400481]
 [-0.12757585 -0.1973549   0.10382534  0.35664807  0.28917144]
 [ 0.04529152  0.1324682  -0.1773868  -0.10584843  0.15279033]
 [ 0.14123988 -0.07543572  0.27034351 -0.06982926 -0.08461435]
 [-0.00971622 -0.13810808 -0.09523341  0.06366627  0.01384619]]
Matrix Pair 53; W = [[ 0.26201122 -0.03049812  0.03830698 -0.20798357 -0.05359997]
 [-0.09416652 -0.52071499 -0.02846872  0.1464485  -0.12373507]
 [-0.12516103 -0.07860375 -0.17553442  0.15133409 -0.15501704]
 [-0.00642216  0.10162592  0.12788854  0.01791726  0.01419686]
 [-0.13977384 -0.00217306 -0.38317442 -0.08532103 -0.02119268]]
U = [[ 0.13790361  0.13269729  0.24836798  0.22802684 -0.04640529]
 [-0.12802277 -0.15183516  0.02171212  0.29059135  0.28861983]
 [ 0.03707892  0.1298994  -0.18168275 -0.09832779  0.17285419]
 [ 0.14650698 -0.14540488  0.29601949 -0.09540055 -0.02044522]
 [ 0.01077618 -0.15600649 -0.15315361  0.02771559 -0.01014995]]
Matrix Pair 54; W = [[ 0.22052997 -0.02457396  0.03824593 -0.1203863  -0.04812143]
 [-0.13759216 -0.5177144  -0.04604391  0.11847287 -0.10307698]
 [-0.11024258 -0.11793215 -0.13491302  0.1226637  -0.1305508 ]
 [ 0.00940757  0.10373889  0.1332803   0.05400287 -0.04333563]
 [-0.14694389 -0.06877321 -0.29096603 -0.16103727  0.00699366]]
U = [[ 0.18255948  0.1661028   0.26935872  0.18512638  0.00139331]
 [-0.14360909 -0.15242757  0.06425101  0.34452064  0.25984982]
 [ 0.04263064  0.07614049 -0.18187716 -0.12995401  0.14075383]
 [ 0.19338618 -0.08070954  0.29978566 -0.0853397  -0.04436983]
 [ 0.00094111 -0.18024114 -0.11789785 -0.0093835  -0.04336752]]
Matrix Pair 55; W = [[ 0.2751312   0.00114017  0.02517163 -0.11863587 -0.07788658]
 [-0.16542035 -0.48218672 -0.06036459  0.19545066 -0.04220378]
 [-0.07881362 -0.12611923 -0.18416805  0.15449213 -0.14778187]
 [-0.02436554  0.14322887  0.12218331  0.04555584 -0.03170708]
 [-0.17079981 -0.00624334 -0.36988092 -0.12012817  0.04169664]]
U = [[ 0.18694474  0.12515925  0.25828333  0.19739952 -0.07798636]
 [-0.17326566 -0.16988831  0.07554424  0.35309739  0.22425807]
 [ 0.06191173  0.11048149 -0.22005866 -0.11043267  0.11717523]
 [ 0.16309102 -0.14932569  0.36427784 -0.01017984 -0.03483535]
 [-0.01140775 -0.20844163 -0.10073653  0.01149971 -0.00160349]]
Matrix Pair 56; W = [[ 0.27200523 -0.00194007  0.05759181 -0.13667967 -0.02006905]
 [-0.17263293 -0.45799612 -0.01970244  0.14602375 -0.07957012]
 [-0.09775796 -0.06297835 -0.20119523  0.11415532 -0.12543866]
 [-0.01510037  0.05570399  0.11177172  0.0533546   0.03604328]
 [-0.19925393 -0.05471814 -0.37161465 -0.1215481  -0.02439963]]
U = [[ 0.17007145  0.15410447  0.23939525  0.17723628 -0.07614567]
 [-0.19697235 -0.18829664  0.05143279  0.32949227  0.3005377 ]
 [ 0.06245238  0.08724346 -0.22299831 -0.14582466  0.14369007]
 [ 0.12275345 -0.06579807  0.29978389 -0.08124029 -0.07012002]
 [-0.03299443 -0.20110417 -0.09759221  0.07211301 -0.01067859]]
Matrix Pair 57; W = [[ 0.21999986 -0.03493034  0.08062328 -0.17221818 -0.04302355]
 [-0.15049455 -0.5004835  -0.08649953  0.20270976 -0.0952476 ]
 [-0.11148462 -0.0623403  -0.20670186  0.07129874 -0.11588166]
 [-0.02753877  0.05900466  0.11580549  0.00480483 -0.0197185 ]
 [-0.17054379 -0.02219102 -0.36445587 -0.11868301  0.03368031]]
U = [[ 0.11902389  0.10479682  0.22708705  0.12918659 -0.04006638]
 [-0.14184883 -0.2106485   0.06939314  0.31514397  0.31434056]
 [ 0.09077811  0.06032892 -0.19941554 -0.04931262  0.14318471]
 [ 0.20001217 -0.08556323  0.31901902 -0.07082237 -0.0444421 ]
 [ 0.0254519  -0.14115256 -0.13763323  0.05442646  0.0240096 ]]
Matrix Pair 58; W = [[ 0.27244536  0.04926779  0.07856159 -0.17734206 -0.00516989]
 [-0.10039582 -0.43661996 -0.0933668   0.15641732 -0.09455787]
 [-0.12032216 -0.10511198 -0.17390961  0.16049766 -0.10861756]
 [ 0.04624235  0.0642563   0.09213384  0.08087396  0.01619447]
 [-0.18729818 -0.06984662 -0.33662673 -0.12559361  0.0040704 ]]
U = [[ 0.16787478  0.17633874  0.22443572  0.18392095 -0.03658072]
 [-0.13691801 -0.15598116  0.06463908  0.30044658  0.2439918 ]
 [ 0.08765939  0.06293024 -0.20187601 -0.12309617  0.1847544 ]
 [ 0.17688464 -0.09610144  0.32505298 -0.06518047 -0.0574417 ]
 [ 0.00767274 -0.18835459 -0.12216878  0.03145338  0.0042015 ]]
Matrix Pair 59; W = [[ 0.24752618  0.02908303  0.03613187 -0.20507692 -0.02692198]
 [-0.10175093 -0.52946367 -0.01409965  0.19102617 -0.04451002]
 [-0.15864208 -0.10531866 -0.11828483  0.08592182 -0.10738453]
 [ 0.06245442  0.13095232  0.04984374  0.01425888  0.00746459]
 [-0.17099343  0.02166705 -0.30722189 -0.17100518  0.03415893]]
U = [[ 0.19797417  0.11304602  0.27991194  0.19723156 -0.00287902]
 [-0.1317525  -0.2093318   0.03030967  0.27624813  0.2563872 ]
 [ 0.05443106  0.05836857 -0.22412202 -0.13248064  0.16351892]
 [ 0.18052592 -0.09229402  0.32627106 -0.01351664 -0.03378345]
 [-0.03497768 -0.19337754 -0.17156425  0.05192474 -0.04461753]]
Matrix Pair 60; W = [[ 0.24364353  0.05459078  0.03796267 -0.17478738  0.01221277]
 [-0.11273423 -0.52910354 -0.06696527  0.18989309 -0.0362687 ]
 [-0.08540722 -0.07052375 -0.15837571  0.12030426 -0.07777084]
 [-0.01476635  0.09048027  0.06132774  0.01441146  0.03834571]
 [-0.21642278  0.01613614 -0.35892101 -0.14479247  0.03318755]]
U = [[ 0.13424591  0.13987058  0.27925562  0.16561026 -0.08156988]
 [-0.17125528 -0.17637261  0.03167714  0.33819209  0.30330957]
 [ 0.11882598  0.08632136 -0.23618793 -0.05272716  0.11480264]
 [ 0.15290155 -0.0668623   0.32008743 -0.01764712 -0.05884046]
 [ 0.01847153 -0.13841382 -0.13653058  0.01440634 -0.02293231]]
Matrix Pair 61; W = [[ 0.23715393  0.04826126  0.02074357 -0.11903725  0.00121358]
 [-0.11978308 -0.5231082  -0.07694508  0.14496155 -0.04118321]
 [-0.11957461 -0.08458129 -0.17922343  0.15619779 -0.12615878]
 [-0.00990929  0.13012756  0.11704542  0.07010443  0.02006791]
 [-0.16081961 -0.00145717 -0.30242443 -0.13627169  0.01780789]]
U = [[ 0.18422629  0.1809848   0.2572524   0.18981657 -0.02452151]
 [-0.18967663 -0.14821649  0.02082541  0.29374082  0.30118268]
 [ 0.04023121  0.13636592 -0.23556626 -0.13419033  0.12194511]
 [ 0.20300803 -0.11590964  0.27987222 -0.00861295 -0.08464158]
 [ 0.0017174  -0.12215988 -0.09425741  0.00972441 -0.03509638]]
Matrix Pair 62; W = [[ 0.21640787 -0.02306094  0.05929741 -0.13357552 -0.02388627]
 [-0.17266604 -0.46663865 -0.07986595  0.16927394 -0.11821958]
 [-0.07143294 -0.08892224 -0.12451174  0.09921533 -0.11539709]
 [ 0.02907199  0.12893472  0.11031742  0.02949252  0.04090238]
 [-0.18072483  0.0041062  -0.30811494 -0.08892575 -0.00770785]]
U = [[ 0.17878593  0.16595098  0.24880762  0.2205594  -0.01698467]
 [-0.11170676 -0.12913622  0.06578745  0.30954526  0.29753956]
 [ 0.04470344  0.11688376 -0.23831033 -0.12429547  0.18896669]
 [ 0.20375654 -0.12609565  0.36441608 -0.02248755 -0.07946537]
 [-0.00361528 -0.11258272 -0.09700368  0.00758815 -0.00577691]]
Matrix Pair 63; W = [[ 0.2691798  -0.0205869   0.01721709 -0.18454479 -0.02083675]
 [-0.09319534 -0.51026276 -0.02953469  0.18479931 -0.11842073]
 [-0.09122731 -0.05990095 -0.19049248  0.08040598 -0.12327306]
 [ 0.01479804  0.05584285  0.08331785  0.00790368 -0.00788771]
 [-0.12636445 -0.03275203 -0.34622632 -0.15384913  0.06252022]]
U = [[ 0.12631101  0.19011594  0.25203666  0.15158741 -0.07299588]
 [-0.18436144 -0.18940817  0.0719566   0.27501169  0.22940128]
 [ 0.09821659  0.10727981 -0.18877402 -0.09177166  0.11948413]
 [ 0.11449244 -0.15724653  0.35878881 -0.05519382 -0.06188881]
 [-0.01408584 -0.15341904 -0.17063302  0.0161885  -0.04948872]]
Matrix Pair 64; W = [[ 0.21182117 -0.06871323  0.0993345  -0.11868172 -0.15168086]
 [-0.23333953 -0.19469469  0.06606135  0.31140382  0.00555506]
 [-0.22751186 -0.17703515 -0.12190901  0.23321143  0.04070387]
 [-0.00802874  0.14154971  0.08320953 -0.04161893 -0.15383447]
 [-0.1292551   0.17434407 -0.41500479 -0.24070918 -0.02145632]]
U = [[ 0.14963353  0.14991248  0.31404065  0.29295245 -0.07730679]
 [-0.15905003 -0.28277251 -0.04798368  0.12704064  0.04938048]
 [ 0.10648646  0.05253841 -0.20277183 -0.23419663 -0.05245451]
 [ 0.32114272  0.05662626  0.3299634  -0.13499999 -0.18289701]
 [-0.06792902 -0.30752776 -0.2571925   0.1029836  -0.0488889 ]]
Matrix Pair 65; W = [[ 0.23745504 -0.1272853   0.07076897 -0.01957645 -0.13995673]
 [-0.21443145 -0.14125379  0.03287125  0.35658334  0.0271565 ]
 [-0.13568355 -0.16773884 -0.07149374  0.22534193  0.10747923]
 [ 0.00435661  0.13220462  0.07851734  0.01410919 -0.14543639]
 [-0.07736238  0.1171077  -0.41048132 -0.21349239 -0.03226274]]
U = [[ 0.14430288  0.16793657  0.30024915  0.22021775 -0.06473631]
 [-0.1156682  -0.19571351 -0.02486792  0.05861594 -0.01483135]
 [ 0.12511967 -0.01185257 -0.18773795 -0.27747626  0.01965388]
 [ 0.261803    0.05871425  0.28445993 -0.0892897  -0.20872269]
 [-0.07027082 -0.31890621 -0.25373579  0.10757644 -0.04445712]]
Matrix Pair 66; W = [[ 0.25606773 -0.08111434  0.04014008 -0.11197417 -0.10353897]
 [-0.17261699 -0.17081541  0.04803791  0.32022811 -0.03053353]
 [-0.15510506 -0.14009157 -0.1151792   0.19095722  0.0902977 ]
 [-0.01044019  0.0726211   0.02730414  0.01335077 -0.09539306]
 [-0.14277192  0.10841381 -0.35978592 -0.21004314 -0.02951009]]
U = [[ 0.07338053  0.21548239  0.31007383  0.22553562 -0.04937059]
 [-0.17945428 -0.22296616 -0.05694483  0.13652937 -0.0079964 ]
 [ 0.14202591 -0.01980744 -0.18376022 -0.26684585 -0.0291068 ]
 [ 0.24777577  0.03623503  0.27569837 -0.10473921 -0.15832505]
 [-0.03030689 -0.27716258 -0.27207035  0.07642229 -0.06403274]]
Matrix Pair 67; W = [[ 0.22365453 -0.08469933  0.02280922 -0.09358267 -0.15615354]
 [-0.19121271 -0.16698617  0.09079643  0.31112258 -0.03346433]
 [-0.20557363 -0.20206568 -0.04504522  0.18495392  0.10476957]
 [ 0.01062617  0.0869582   0.06485014  0.03114075 -0.15385219]
 [-0.12904491  0.1960497  -0.37596849 -0.17620417 -0.03457897]]
U = [[ 0.1326162   0.15862078  0.39256916  0.27583057 -0.0477986 ]
 [-0.11016207 -0.2833268  -0.0315709   0.10160273  0.0577972 ]
 [ 0.06124121  0.04803297 -0.2210065  -0.29553084  0.0088285 ]
 [ 0.32180434  0.05920679  0.32942569 -0.09126131 -0.14960951]
 [-0.02163131 -0.24299602 -0.24473883  0.04061019 -0.11596879]]
Matrix Pair 68; W = [[ 0.18562222 -0.12988852  0.01294276 -0.11031982 -0.16692057]
 [-0.24566455 -0.23569486  0.01337295  0.30244069 -0.02752345]
 [-0.20652425 -0.14090149 -0.07755714  0.21374167  0.02335136]
 [ 0.03128364  0.05577938  0.02164512  0.03490623 -0.06304379]
 [-0.08199452  0.11781842 -0.38189753 -0.2235903   0.00520703]]
U = [[ 0.09129188  0.17651012  0.37289661  0.29272341 -0.03671011]
 [-0.12692357 -0.2609627  -0.0248128   0.0561594   0.04975247]
 [ 0.05841823 -0.01088205 -0.22834853 -0.23404263 -0.05188175]
 [ 0.29515355  0.00766229  0.32652356 -0.15108809 -0.19267663]
 [-0.0656145  -0.26697196 -0.2058799   0.01154859 -0.02759212]]
Matrix Pair 69; W = [[ 0.25030701 -0.09413151  0.0695214  -0.03057766 -0.1112435 ]
 [-0.17133443 -0.16067609  0.07304955  0.29924262  0.02696454]
 [-0.19067508 -0.1087698  -0.09536004  0.19502795  0.02661035]
 [ 0.03574903  0.14285013  0.06804891  0.03838325 -0.0874935 ]
 [-0.11229973  0.11181982 -0.33133704 -0.19588532 -0.00934528]]
U = [[ 0.10257427  0.20917558  0.35550816  0.22289951  0.00451749]
 [-0.12897591 -0.26020448 -0.09660033  0.13649204  0.02069477]
 [ 0.07921325 -0.00752975 -0.2273566  -0.25568229  0.01069776]
 [ 0.26331001  0.0202484   0.35020454 -0.09166137 -0.21928235]
 [-0.10281269 -0.26208823 -0.17672469  0.05789969 -0.06681641]]
Matrix Pair 70; W = [[ 0.1909121  -0.04515127  0.09051378 -0.11752045 -0.08572647]
 [-0.21513851 -0.14273944  0.04098938  0.38187796 -0.03945379]
 [-0.1686377  -0.15933109 -0.10693366  0.22483171  0.10174964]
 [-0.02073744  0.0872811   0.04360157  0.02778461 -0.0701704 ]
 [-0.09182022  0.13078554 -0.330683   -0.18657696 -0.00313044]]
U = [[ 0.06803183  0.20756851  0.39246147  0.29393106 -0.07315623]
 [-0.1067658  -0.25033785 -0.030337    0.1282573  -0.0099496 ]
 [ 0.09471314  0.05163782 -0.22527717 -0.22648125 -0.01457938]
 [ 0.31935992  0.01351594  0.30782837 -0.06982972 -0.19397014]
 [-0.02779008 -0.26668569 -0.18722856  0.0550997  -0.06215584]]
Matrix Pair 71; W = [[ 0.26315098 -0.07199498  0.06741185 -0.0790131  -0.12115261]
 [-0.15846219 -0.15623484  0.01246757  0.36550822 -0.02962311]
 [-0.2126002  -0.14179404 -0.07371565  0.17128648  0.08637202]
 [ 0.01271818  0.07890553  0.08243761  0.01796189 -0.09530928]
 [-0.10207669  0.17584363 -0.36406612 -0.19956989 -0.00826405]]
U = [[ 0.07720647  0.1987148   0.3851031   0.20276618 -0.06261347]
 [-0.10401811 -0.18795954 -0.04390148  0.09989796 -0.00161057]
 [ 0.10597191  0.03663506 -0.22345651 -0.27821906  0.00858134]
 [ 0.31615951  0.01180179  0.27255188 -0.07080458 -0.13814847]
 [-0.10054653 -0.32842382 -0.22553386  0.07927728 -0.06740395]]
Matrix Pair 72; W = [[ 0.20088335 -0.10800382  0.09609428 -0.1121074  -0.15587995]
 [-0.19946542 -0.16584041  0.02006806  0.30704175 -0.04982023]
 [-0.14966429 -0.16345554 -0.05622175  0.14538867  0.09564939]
 [ 0.0299438   0.1339984   0.09960383 -0.05394648 -0.09621934]
 [-0.11290232  0.16453723 -0.35720523 -0.16392678 -0.007139  ]]
U = [[ 0.07920335  0.17264703  0.37257656  0.30173799  0.01309006]
 [-0.12201681 -0.26411532 -0.02387638  0.10758913 -0.01220023]
 [ 0.11456874  0.02559529 -0.20766065 -0.27443151 -0.01498777]
 [ 0.30687713  0.01912012  0.26194158 -0.10429753 -0.13199945]
 [-0.01666114 -0.32928682 -0.21839386  0.05334862 -0.11111956]]
Matrix Pair 73; W = [[ 0.16836741 -0.07977585  0.05255591 -0.08805232 -0.17232927]
 [-0.18697011 -0.19551529  0.04455603  0.3783711  -0.01094696]
 [-0.13442426 -0.13950001 -0.12784534  0.14090089  0.04935952]
 [-0.02743596  0.14927178  0.03271507  0.00821511 -0.15957299]
 [-0.12032919  0.16586767 -0.36380954 -0.18740214 -0.01960913]]
U = [[ 0.11097402  0.21929549  0.37248259  0.24632346 -0.03289155]
 [-0.13217706 -0.19778304 -0.04841177  0.06901319  0.06092398]
 [ 0.05423742  0.01616479 -0.18531286 -0.2905843  -0.05263424]
 [ 0.27907823  0.0613899   0.28761642 -0.11522381 -0.12557259]
 [-0.1052465  -0.29704179 -0.19270004  0.04269928 -0.08616208]]
Matrix Pair 74; W = [[ 0.21687139 -0.1083415   0.03742948 -0.06619329 -0.16007935]
 [-0.23489807 -0.21801039  0.00452717  0.35093925  0.02827282]
 [-0.19948644 -0.11879277 -0.05772433  0.17360795  0.10253508]
 [-0.00790274  0.08996964  0.10177167 -0.03037054 -0.06702597]
 [-0.06989874  0.124252   -0.33895709 -0.18777726  0.0445566 ]]
U = [[ 0.15021129  0.18516769  0.35230682  0.26895919 -0.00742215]
 [-0.15352312 -0.18955104 -0.11954232  0.09816229  0.02943979]
 [ 0.04951412  0.07812056 -0.23308992 -0.30978471 -0.00135993]
 [ 0.30449684  0.03055141  0.31446025 -0.15501183 -0.22250449]
 [-0.06033128 -0.26910755 -0.266342    0.05344381 -0.11513974]]
Matrix Pair 75; W = [[ 0.17878069 -0.11514315  0.08227826 -0.04847564 -0.13602236]
 [-0.22816127 -0.19577344  0.03724921  0.3681148  -0.03405266]
 [-0.13121467 -0.20636148 -0.11047841  0.17302496  0.10031935]
 [-0.04184226  0.11590361  0.06686523 -0.05174004 -0.12400076]
 [-0.109678    0.17306091 -0.41647018 -0.16027589  0.04139182]]
U = [[ 0.15824627  0.22092666  0.36809816  0.29661987 -0.04520048]
 [-0.13804603 -0.21506168 -0.05871438  0.11448046  0.04550755]
 [ 0.1113485   0.04229933 -0.25724463 -0.28417515  0.01183554]
 [ 0.3242597   0.08365651  0.2667487  -0.10899347 -0.14229149]
 [-0.02386189 -0.26345925 -0.18849332  0.01613279 -0.07793182]]
Matrix Pair 76; W = [[ 0.24682846 -0.12915661  0.06940753 -0.10874779 -0.10520087]
 [-0.17902313 -0.21540268  0.04743197  0.3229942   0.01210435]
 [-0.1822308  -0.17311424 -0.08995754  0.20290176  0.08833059]
 [ 0.00815342  0.14003267  0.10670218  0.02044324 -0.12522091]
 [-0.14221132  0.14366932 -0.3411036  -0.24443298 -0.01380967]]
U = [[ 0.07507915  0.20218492  0.36498994  0.20846379 -0.03209784]
 [-0.1425098  -0.21532816 -0.12174772  0.0545614   0.01401267]
 [ 0.09344446  0.01736856 -0.19999539 -0.29553277 -0.07277392]
 [ 0.25421072  0.10574464  0.33453773 -0.1084319  -0.21741087]
 [-0.02575059 -0.25349413 -0.18076735  0.09353205 -0.10085723]]
Matrix Pair 77; W = [[ 0.24669437 -0.05911554  0.02668138 -0.02675887 -0.13513456]
 [-0.23596281 -0.1645007   0.01208984  0.33278991  0.03343346]
 [-0.15570722 -0.11077033 -0.07517351  0.23309503  0.04806863]
 [-0.05239967  0.07191609  0.0687154  -0.00572082 -0.07174528]
 [-0.09435255  0.17267715 -0.37455172 -0.18459203  0.03737766]]
U = [[ 0.10794696  0.22933117  0.29649106  0.29094819 -0.04741425]
 [-0.13359099 -0.20969766 -0.07921202  0.05231638  0.04687506]
 [ 0.109749    0.00893358 -0.24964595 -0.30789294  0.00111202]
 [ 0.28694887  0.03436158  0.29046271 -0.15419921 -0.14747846]
 [-0.03292693 -0.31423544 -0.24818968  0.07559191 -0.05463749]]
Matrix Pair 78; W = [[ 0.20760735 -0.05741334  0.06591888 -0.04914795 -0.10298785]
 [-0.20296793 -0.15065573  0.03657153  0.39067161 -0.0290665 ]
 [-0.19417511 -0.15146935 -0.12569185  0.22029831  0.09777431]
 [-0.0135871   0.12776334  0.05248152  0.01789013 -0.0948758 ]
 [-0.13075057  0.20332042 -0.37475563 -0.19079246 -0.04774447]]
U = [[ 0.10153692  0.19803985  0.33683386  0.29993434 -0.05401414]
 [-0.1008702  -0.25860097 -0.02875975  0.13884897  0.009018  ]
 [ 0.0626024   0.01055538 -0.2211048  -0.29384733 -0.05063391]
 [ 0.24361274  0.02663547  0.27890547 -0.15219853 -0.20421139]
 [-0.02485883 -0.28626047 -0.2150478   0.09829755 -0.07091552]]
Matrix Pair 79; W = [[ 0.18558891 -0.0986211   0.07065785 -0.04392199 -0.1725079 ]
 [-0.17415345 -0.17317251  0.02038028  0.31475744  0.03849689]
 [-0.19725359 -0.12644886 -0.05549753  0.22759389  0.05203203]
 [ 0.01423357  0.14053524  0.08632306  0.00044365 -0.15633768]
 [-0.11069178  0.13904428 -0.38851523 -0.23146121 -0.00414025]]
U = [[ 0.113965    0.16801678  0.37679124  0.24385577  0.01772191]
 [-0.15551826 -0.18519954 -0.12205045  0.12901488 -0.02371592]
 [ 0.07891661  0.0290593  -0.24438836 -0.30053495  0.00424127]
 [ 0.2371076   0.05694346  0.32961903 -0.13273509 -0.17931811]
 [-0.08492232 -0.31141289 -0.18441031  0.05505991 -0.03948165]]
Matrix Pair 80; W = [[ 2.48080088e-01  8.47040078e-02  1.32585300e-03 -7.45781353e-02
  -3.22079775e-02]
 [-2.10023058e-01 -4.01421206e-01 -2.90183612e-04  2.76351470e-01
  -7.12149998e-02]
 [-2.12248614e-01 -2.50487765e-02 -1.58487826e-01  8.60827133e-02
  -1.56432130e-02]
 [ 1.55597179e-01  1.64072023e-02  1.53918296e-01 -7.55650500e-02
  -1.04270529e-01]
 [-1.27016521e-01  3.52307369e-02 -2.48801408e-01 -1.81968587e-01
   3.45646912e-02]]
U = [[ 0.11240667  0.21657723  0.36235219  0.20827057 -0.00971317]
 [-0.26608574 -0.17591418 -0.12461332  0.1998425   0.21300545]
 [ 0.19687109  0.1340611  -0.15840032 -0.18285498  0.1399336 ]
 [ 0.18256876 -0.0787312   0.29586509 -0.10240238 -0.17070126]
 [-0.08974562 -0.1716111  -0.08355863 -0.04070918  0.03006565]]
Matrix Pair 81; W = [[ 0.26597379  0.04175732  0.00776645 -0.03125959 -0.04932806]
 [-0.2153865  -0.3274567   0.00385841  0.28456457 -0.03210782]
 [-0.182459   -0.02787502 -0.13163774  0.14743187 -0.00553992]
 [ 0.11161532  0.00128068  0.20133052 -0.0565537  -0.12490632]
 [-0.12064993  0.04302007 -0.24220957 -0.21633623  0.07459242]]
U = [[ 0.17149207  0.23015362  0.39325163  0.21826997  0.03772928]
 [-0.21758623 -0.17411758 -0.15708632  0.15581851  0.23667494]
 [ 0.25927046  0.12879898 -0.16364692 -0.17517683  0.1296588 ]
 [ 0.17302471  0.01391934  0.23549285 -0.0627088  -0.16911976]
 [-0.07396414 -0.18032633 -0.15708301  0.01534828  0.09184157]]
Matrix Pair 82; W = [[ 0.21468824  0.0881455   0.00479478 -0.01901066 -0.061901  ]
 [-0.22478881 -0.40828903  0.00331107  0.26103874 -0.03435097]
 [-0.15029504 -0.08164471 -0.08705379  0.15457149 -0.02571185]
 [ 0.1202408   0.03719783  0.17639496 -0.10365024 -0.1516532 ]
 [-0.16450783  0.01490137 -0.26931417 -0.21886263  0.08096781]]
U = [[ 0.13663679  0.18131621  0.41727123  0.29834095 -0.01429672]
 [-0.22608322 -0.14708675 -0.11089078  0.16379614  0.25818878]
 [ 0.22091381  0.14713007 -0.20108928 -0.15829123  0.05861646]
 [ 0.15026078 -0.05133807  0.30551687 -0.07857561 -0.18715398]
 [-0.0904341  -0.10610481 -0.10174753 -0.02015626  0.02039271]]
Matrix Pair 83; W = [[ 0.30808553  0.03206214 -0.00528945 -0.06336965 -0.05068388]
 [-0.26542391 -0.3207317  -0.06988887  0.25862186 -0.07126761]
 [-0.1601934  -0.06203887 -0.09292118  0.09719288 -0.01743434]
 [ 0.16562513  0.01943073  0.19109532 -0.09842138 -0.13113435]
 [-0.15442769  0.01322655 -0.25587378 -0.16226695  0.08509521]]
U = [[ 0.19679224  0.22421305  0.3927554   0.28228173  0.07063334]
 [-0.20728346 -0.22999969 -0.07434121  0.12054951  0.21017283]
 [ 0.21301626  0.08830728 -0.13201365 -0.15270737  0.12324901]
 [ 0.22606655 -0.04512504  0.23424322 -0.11288322 -0.19162738]
 [-0.0764083  -0.08946593 -0.08122079 -0.05917041  0.02831754]]
Matrix Pair 84; W = [[ 0.29372153  0.08037033  0.01744611 -0.06357565 -0.10193932]
 [-0.24160725 -0.34973424  0.00286608  0.23190298 -0.05597348]
 [-0.19989432 -0.07380184 -0.12734549  0.10599575 -0.08278377]
 [ 0.14868735  0.04100702  0.13785414 -0.10280349 -0.13381827]
 [-0.20895432 -0.02784997 -0.23881196 -0.17699337  0.06640744]]
U = [[ 0.15231127  0.21111053  0.34906518  0.2915408  -0.00254674]
 [-0.27689196 -0.16427853 -0.12216423  0.16461968  0.27273581]
 [ 0.25685728  0.10119293 -0.13523146 -0.17714963  0.12384364]
 [ 0.16463176 -0.04560984  0.24010031 -0.07168098 -0.21442969]
 [-0.13564096 -0.17674014 -0.16265262 -0.0355937   0.03223879]]
Matrix Pair 85; W = [[ 0.26258016  0.10098491  0.01107548 -0.05594402 -0.09867576]
 [-0.25910891 -0.34006198 -0.05581281  0.31468623 -0.02749517]
 [-0.22326649 -0.04536288 -0.09728413  0.08997879 -0.06477515]
 [ 0.12193242  0.04816114  0.13448825 -0.13879585 -0.16406311]
 [-0.19992023  0.05655165 -0.2594084  -0.18020292  0.089945  ]]
U = [[ 0.11539256  0.22548022  0.433786    0.25481132  0.02459431]
 [-0.26933581 -0.16194494 -0.09378225  0.14726336  0.28449501]
 [ 0.21651838  0.07829178 -0.12330243 -0.24278466  0.05619075]
 [ 0.1777107  -0.07886775  0.26225478 -0.11992283 -0.12989625]
 [-0.11387904 -0.13413913 -0.11774253 -0.0175813   0.01294397]]
Matrix Pair 86; W = [[ 0.25077601  0.02644498  0.01963663 -0.04679632 -0.03156272]
 [-0.26999477 -0.38891647 -0.03515866  0.23584642 -0.05509691]
 [-0.16246177 -0.02087087 -0.07040904  0.14717183 -0.05139591]
 [ 0.13178427  0.00054613  0.15412164 -0.07847714 -0.16805364]
 [-0.18436582 -0.01191683 -0.26159979 -0.20049197  0.08358215]]
U = [[ 0.16320819  0.22832382  0.4064876   0.25893104  0.02638871]
 [-0.18862833 -0.17249197 -0.149855    0.13796744  0.27744688]
 [ 0.22327282  0.15981436 -0.12798349 -0.18214645  0.13598853]
 [ 0.23624851  0.00400765  0.29091718 -0.13011468 -0.17279328]
 [-0.07046786 -0.15610921 -0.07505185 -0.05439602  0.04525849]]
Matrix Pair 87; W = [[ 0.23359141  0.09970255 -0.00633244 -0.03186523 -0.09586567]
 [-0.22839387 -0.32008484  0.02230535  0.29185612 -0.11678322]
 [-0.2233039  -0.00901849 -0.07587999  0.09927357  0.00437534]
 [ 0.19357047  0.03154063  0.12381863 -0.07820314 -0.16911398]
 [-0.14513237 -0.02653097 -0.2957546  -0.18128331  0.01818294]]
U = [[ 0.16396981  0.24496812  0.39215803  0.21940217  0.07341745]
 [-0.21653596 -0.20277558 -0.10738628  0.18336574  0.19497391]
 [ 0.19129857  0.12181197 -0.12620045 -0.17191534  0.05518735]
 [ 0.19352365 -0.05342692  0.30465302 -0.1075687  -0.13459587]
 [-0.13518092 -0.11841474 -0.09381447 -0.04161688  0.09208867]]
Matrix Pair 88; W = [[ 0.25850812  0.02486083  0.07773068 -0.08914343 -0.07384593]
 [-0.19171822 -0.33077184  0.00218289  0.28160455 -0.08102715]
 [-0.22924039 -0.04452078 -0.0974072   0.13781988 -0.05212605]
 [ 0.17565252  0.04642476  0.17842881 -0.04948102 -0.17909723]
 [-0.16430783  0.0460774  -0.24859402 -0.22619513  0.01683113]]
U = [[ 0.1603787   0.24609168  0.38593684  0.25614647  0.03556758]
 [-0.20911462 -0.19055362 -0.08030531  0.20498715  0.25499265]
 [ 0.22514967  0.14360753 -0.11839897 -0.17522265  0.14420823]
 [ 0.23972966  0.00415896  0.22893318 -0.0564734  -0.1823548 ]
 [-0.16535895 -0.13102167 -0.08620354  0.00180235 -0.00153152]]
Matrix Pair 89; W = [[ 0.25499232  0.02551537  0.06093298 -0.10537945 -0.0717923 ]
 [-0.27989457 -0.37033122 -0.03326833  0.29333298 -0.08619748]
 [-0.21036457 -0.05190211 -0.15256407  0.1526171  -0.07669743]
 [ 0.10095052 -0.00110531  0.18039098 -0.10203645 -0.18297372]
 [-0.17687816 -0.02037158 -0.23437013 -0.19256221 -0.00481675]]
U = [[ 0.14849236  0.19674397  0.39464668  0.24840545 -0.00100935]
 [-0.20910885 -0.19104148 -0.09351755  0.1630614   0.24401271]
 [ 0.22934461  0.11454894 -0.18568359 -0.22754878  0.09272231]
 [ 0.19629765 -0.06202361  0.31935356 -0.07104557 -0.15358007]
 [-0.1592415  -0.14127619 -0.09664846  0.0188053   0.00090797]]
Matrix Pair 90; W = [[ 0.29926408  0.03137001  0.0170582  -0.08970386 -0.04980945]
 [-0.25707237 -0.40000381 -0.00741769  0.25027327 -0.10622519]
 [-0.15508169 -0.04731894 -0.10142998  0.17053727 -0.05378012]
 [ 0.0952133  -0.02932976  0.20138908 -0.13279144 -0.1541098 ]
 [-0.20836801  0.00355014 -0.27710862 -0.1789676   0.06462864]]
U = [[ 0.15877066  0.1892806   0.4028589   0.29771356  0.04251884]
 [-0.23223236 -0.18969094 -0.14243069  0.19475498  0.23244639]
 [ 0.27058601  0.12928021 -0.15334447 -0.16768603  0.09214193]
 [ 0.1843571  -0.05628955  0.31637354 -0.10302263 -0.17365093]
 [-0.15574131 -0.10125264 -0.10939733 -0.02591238  0.04901465]]
Matrix Pair 91; W = [[ 0.21639321  0.11671701  0.0576243  -0.04313434 -0.11373719]
 [-0.22072174 -0.3877494  -0.0167438   0.29015589 -0.07984928]
 [-0.1798122  -0.0718224  -0.08618007  0.1195866  -0.02079552]
 [ 0.10893004 -0.00692019  0.16102679 -0.0489955  -0.13020923]
 [-0.13605201  0.04107756 -0.31587689 -0.1895166   0.05942681]]
U = [[ 0.16715377  0.20471814  0.40221868  0.25027031 -0.01354302]
 [-0.21366342 -0.16253789 -0.09438294  0.1557014   0.20192789]
 [ 0.21548828  0.12006778 -0.13262417 -0.150031    0.1081217 ]
 [ 0.22015098 -0.05774906  0.2954057  -0.07450548 -0.19723612]
 [-0.08731116 -0.13338022 -0.08676234 -0.02997708  0.06013586]]
Matrix Pair 92; W = [[ 0.28170334  0.0804342   0.0679044  -0.04818826 -0.09949897]
 [-0.27128196 -0.4031024  -0.00942549  0.23453379 -0.08138888]
 [-0.19963112  0.00453083 -0.07644678  0.10878416  0.00648071]
 [ 0.15706823  0.04051244  0.16017866 -0.13986377 -0.17439099]
 [-0.14349344  0.01681601 -0.32508123 -0.16735667  0.0246747 ]]
U = [[ 0.17693998  0.1671281   0.35546741  0.29976868 -0.00301751]
 [-0.27107566 -0.20814857 -0.15987258  0.2018578   0.28702934]
 [ 0.21261798  0.07163695 -0.2028566  -0.16415351  0.13320809]
 [ 0.1993255   0.01223988  0.30894717 -0.14620797 -0.14193306]
 [-0.09992556 -0.11732783 -0.13692978  0.00036836  0.00557213]]
Matrix Pair 93; W = [[ 0.23638024  0.08541932  0.00312479 -0.0223879  -0.10852161]
 [-0.21696177 -0.41436652  0.01947915  0.28394409 -0.095894  ]
 [-0.21677038 -0.01032246 -0.09171256  0.0879015  -0.03692891]
 [ 0.15181149  0.01625115  0.14398018 -0.08804268 -0.19421375]
 [-0.11075333 -0.04067921 -0.23006313 -0.24931591  0.08619146]]
U = [[ 0.17122836  0.15381862  0.35448616  0.26197513  0.07491852]
 [-0.26662844 -0.14752335 -0.07213599  0.17947699  0.25026059]
 [ 0.25970337  0.12648902 -0.15845815 -0.18404428  0.11800114]
 [ 0.20113529 -0.03325325  0.27708393 -0.12972711 -0.18937041]
 [-0.11358598 -0.13822174 -0.08076202  0.00650165  0.02603367]]
Matrix Pair 94; W = [[ 0.27709337  0.0521832   0.06766967 -0.03699697 -0.10651304]
 [-0.28267408 -0.33977784 -0.06681267  0.28456839 -0.08230463]
 [-0.18397843 -0.01599791 -0.07389377  0.16945129 -0.07413314]
 [ 0.12199055 -0.01426992  0.20122368 -0.06724316 -0.16633871]
 [-0.14619035  0.00608058 -0.24532723 -0.1661919   0.02873568]]
U = [[ 0.13388876  0.20637051  0.40988293  0.25851642  0.04416888]
 [-0.24059901 -0.20634414 -0.09544642  0.18071608  0.2771748 ]
 [ 0.27608492  0.16529284 -0.17669362 -0.17772713  0.07762896]
 [ 0.18091109 -0.02854203  0.23500967 -0.1110979  -0.17297994]
 [-0.08755685 -0.11836945 -0.16217043 -0.0213158   0.05513769]]
Matrix Pair 95; W = [[ 0.21513376  0.02227921  0.07024241 -0.08992297 -0.05810885]
 [-0.23876342 -0.35710001 -0.01340032  0.31322987 -0.03812558]
 [-0.17873788 -0.04274123 -0.12177476  0.14361718 -0.04668895]
 [ 0.17025361  0.0018103   0.11710011 -0.08021502 -0.12596682]
 [-0.15064481 -0.00750947 -0.29447504 -0.21707483  0.00102701]]
U = [[ 0.1284872   0.1761223   0.43098425  0.22264368  0.06323692]
 [-0.23369929 -0.14787824 -0.12944243  0.16546788  0.2396425 ]
 [ 0.17974109  0.16181595 -0.1563791  -0.23709102  0.11648096]
 [ 0.15973434 -0.07712275  0.29739643 -0.11628199 -0.20452367]
 [-0.0757345  -0.14463772 -0.08791443 -0.03814328  0.06112867]]
Matrix Pair 96; W = [[ 0.23237808 -0.07967084  0.02438386  0.00776702 -0.13204791]
 [-0.19646474 -0.2749844   0.01524984  0.27119761 -0.06345786]
 [-0.17233811 -0.07224716 -0.09489779  0.18569357 -0.01375707]
 [ 0.14054079  0.01520021  0.15403769 -0.15589758 -0.16348762]
 [-0.16180274  0.06582993 -0.35917268 -0.2023525  -0.03114506]]
U = [[ 0.15765514  0.10412761  0.34321599  0.3219166   0.00828824]
 [-0.18875792 -0.21681212 -0.1391824   0.1087131   0.06982065]
 [ 0.18632396  0.10644715 -0.25332613 -0.2477638   0.10082414]
 [ 0.18715884 -0.00181778  0.22190055 -0.08762954 -0.1907917 ]
 [-0.15559753 -0.16147499 -0.15881018  0.05744702 -0.03841552]]
Matrix Pair 97; W = [[ 0.31047677 -0.04640169  0.10229822 -0.01171852 -0.1174207 ]
 [-0.18024263 -0.25643621 -0.01288142  0.2936126  -0.02475274]
 [-0.15853166 -0.02821577 -0.14377202  0.12470999  0.01746476]
 [ 0.18945727  0.07906642  0.12595779 -0.14429198 -0.14953448]
 [-0.1925879   0.09100319 -0.40002887 -0.26059231 -0.08740912]]
U = [[ 0.1554      0.13353063  0.31733813  0.32013577  0.08412058]
 [-0.18301118 -0.16672876 -0.09620981  0.15034601  0.1092786 ]
 [ 0.27616775  0.12218726 -0.20593985 -0.32054978  0.06499306]
 [ 0.27866695  0.00831721  0.2396972  -0.08697741 -0.20463947]
 [-0.13166611 -0.20788039 -0.13940021  0.04663035 -0.02989578]]
Matrix Pair 98; W = [[ 0.30401598 -0.01246608  0.06586475 -0.00759291 -0.10835361]
 [-0.16031492 -0.32089182 -0.03084528  0.28526956 -0.02183493]
 [-0.17558026 -0.07008384 -0.1601943   0.12229407  0.01123672]
 [ 0.11158146  0.05544967  0.15081812 -0.1157801  -0.15416046]
 [-0.19175353  0.10705415 -0.35716585 -0.2272395  -0.07529806]]
U = [[ 0.13986934  0.1191591   0.33091818  0.32665084  0.06463196]
 [-0.14482051 -0.17576839 -0.1002719   0.12734382  0.145898  ]
 [ 0.2573837   0.13506208 -0.20205055 -0.2475345   0.13831781]
 [ 0.20180464  0.0153648   0.17940875 -0.04050932 -0.21779525]
 [-0.09821758 -0.19956307 -0.15955108  0.02761331  0.02433123]]
Matrix Pair 99; W = [[ 0.29859241 -0.09527624  0.093534    0.02908206 -0.1167425 ]
 [-0.19949188 -0.3176536  -0.07983659  0.30732564 -0.07444527]
 [-0.14293065 -0.03479519 -0.120845    0.18393669 -0.06886135]
 [ 0.17114807  0.03430267  0.09703564 -0.09205571 -0.12532916]
 [-0.10454242  0.04003516 -0.39507425 -0.21506467 -0.03964613]]
U = [[ 0.15587914  0.098011    0.29418329  0.29261532  0.03136877]
 [-0.14694282 -0.14942063 -0.089688    0.07573017  0.14545178]
 [ 0.18380039  0.15169772 -0.19899946 -0.27638616  0.0695703 ]
 [ 0.2569391   0.05545103  0.15734079 -0.09648145 -0.23721075]
 [-0.10270384 -0.19100691 -0.15414663  0.07671799 -0.0115401 ]]
Matrix Pair 100; W = [[ 0.27119967 -0.1101621   0.04041173  0.03911049 -0.15033654]
 [-0.21025891 -0.30647152 -0.06570443  0.34429715 -0.01348632]
 [-0.18392866 -0.00462931 -0.1206674   0.19737594  0.00241166]
 [ 0.13439321  0.0502846   0.1285553  -0.11657623 -0.11532245]
 [-0.11511614  0.03482987 -0.33795237 -0.28193239 -0.01892572]]
U = [[ 0.1342563   0.17962005  0.3428728   0.3614263   0.06961755]
 [-0.2112541  -0.1477139  -0.08204895  0.0978534   0.11443895]
 [ 0.23353243  0.14055277 -0.27865722 -0.2783498   0.13429139]
 [ 0.2418907   0.05954292  0.17614102 -0.05642484 -0.22508089]
 [-0.16582505 -0.23504744 -0.13242387  0.05790652 -0.02700965]]
Matrix Pair 101; W = [[ 0.2980137  -0.08899933  0.05280243  0.01506638 -0.10178087]
 [-0.2012833  -0.28712302 -0.00715505  0.27059136 -0.07467356]
 [-0.17956278 -0.06415823 -0.1354022   0.12086353  0.02502297]
 [ 0.16303286  0.04668063  0.1146139  -0.09065453 -0.15353435]
 [-0.19037236  0.03993339 -0.3526886  -0.27162871 -0.0627196 ]]
U = [[ 0.1912584   0.14706205  0.37074214  0.34000653  0.01849437]
 [-0.18349074 -0.2075497  -0.14889572  0.12514922  0.11550948]
 [ 0.25470146  0.10603534 -0.21041283 -0.24763051  0.09247183]
 [ 0.18703527  0.0587078   0.18610486 -0.12496255 -0.17748737]
 [-0.10527682 -0.17643289 -0.13350468  0.07989907  0.00806554]]
Matrix Pair 102; W = [[ 0.25979649 -0.07744362  0.04344476 -0.00143079 -0.11546935]
 [-0.18035701 -0.27476843 -0.0782574   0.28448515 -0.05329088]
 [-0.16068689 -0.08448607 -0.07301161  0.12234853 -0.017813  ]
 [ 0.20182854  0.04677027  0.14707459 -0.09071201 -0.13323561]
 [-0.17385995  0.06457955 -0.31348216 -0.25627654 -0.0377103 ]]
U = [[ 0.16943768  0.10702267  0.35717208  0.28636346  0.07843165]
 [-0.23944314 -0.14769723 -0.14443424  0.12106587  0.08072957]
 [ 0.27785353  0.07967944 -0.25486001 -0.26196826  0.12252756]
 [ 0.27073222  0.07921787  0.23796193 -0.0749122  -0.2340065 ]
 [-0.13875376 -0.17218607 -0.09324073  0.05345256  0.04971121]]
Matrix Pair 103; W = [[ 0.26850893 -0.06253165  0.08556721 -0.00851275 -0.164732  ]
 [-0.2250089  -0.26136246 -0.06386003  0.33631568  0.00532225]
 [-0.15145554 -0.04595152 -0.15302438  0.17156898 -0.07121632]
 [ 0.1298777   0.04726286  0.0808966  -0.14866406 -0.15692262]
 [-0.11961063  0.02907206 -0.32285474 -0.21632552 -0.04938867]]
U = [[ 0.19134782  0.11048173  0.34145323  0.31273414  0.06158711]
 [-0.21969214 -0.17154067 -0.07975093  0.12775656  0.15408083]
 [ 0.2375977   0.10715797 -0.24822507 -0.27171803  0.08246115]
 [ 0.21315876  0.0524949   0.16664733 -0.12743097 -0.22791638]
 [-0.15248676 -0.15437706 -0.16238424  0.04910769  0.009342  ]]
Matrix Pair 104; W = [[ 0.2559144  -0.0466511   0.02295227  0.01964781 -0.15746404]
 [-0.18682201 -0.26321904 -0.07981812  0.28137583 -0.03956026]
 [-0.18649619 -0.04776844 -0.07144812  0.16300951 -0.05671877]
 [ 0.14907147  0.09264687  0.10400527 -0.13362946 -0.10347697]
 [-0.15963608  0.05894863 -0.39129363 -0.29551405 -0.06042141]]
U = [[ 0.17805038  0.10730472  0.31294194  0.37324702 -0.00836293]
 [-0.17998335 -0.18007019 -0.11299873  0.16111743  0.0909817 ]
 [ 0.21007099  0.06739192 -0.22616273 -0.2895737   0.06075373]
 [ 0.19494273  0.05613381  0.22080414 -0.04145817 -0.17286444]
 [-0.14486944 -0.17071345 -0.10044308  0.02340751 -0.0225618 ]]
Matrix Pair 105; W = [[ 0.30531626 -0.05340755  0.08736499 -0.04051835 -0.17959616]
 [-0.16149431 -0.24865331 -0.06759904  0.27511404 -0.04668702]
 [-0.22185998 -0.03537958 -0.15114691  0.19920745  0.01812328]
 [ 0.20174714  0.08090531  0.08550778 -0.12991439 -0.1193853 ]
 [-0.17867622  0.07182435 -0.32371837 -0.23207171 -0.0721517 ]]
U = [[ 0.18223006  0.14887674  0.32105175  0.36697866 -0.00594991]
 [-0.18040313 -0.23030869 -0.09488297  0.15629561  0.10883442]
 [ 0.17942197  0.06648987 -0.23220999 -0.24943004  0.06148725]
 [ 0.22758393  0.0461003   0.24025435 -0.07802031 -0.1432711 ]
 [-0.12859423 -0.18939619 -0.12416096  0.05466674  0.03123912]]
Matrix Pair 106; W = [[ 0.32321141 -0.0314718   0.09934601 -0.03339768 -0.19168265]
 [-0.19247202 -0.26711748 -0.07516851  0.28101938 -0.04950757]
 [-0.17018607 -0.08409233 -0.08145112  0.1739943   0.00364003]
 [ 0.12733364  0.02911564  0.12128763 -0.08358661 -0.13008687]
 [-0.11156374  0.11568858 -0.35883301 -0.29047404 -0.01666587]]
U = [[ 0.16134834  0.09137036  0.33485073  0.30788142  0.04377365]
 [-0.22434178 -0.17924013 -0.08271308  0.12024163  0.07061482]
 [ 0.195212    0.13482888 -0.20928918 -0.25943233  0.09993786]
 [ 0.27421762  0.06493131  0.2282907  -0.12538342 -0.22955161]
 [-0.14670343 -0.23556153 -0.11756134  0.03790187  0.03506086]]
Matrix Pair 107; W = [[ 0.26194381 -0.07683198  0.06546553  0.03627362 -0.1105179 ]
 [-0.15697002 -0.33753069 -0.07991097  0.34832464 -0.02914305]
 [-0.18713083 -0.06963645 -0.15473603  0.17499936 -0.01900279]
 [ 0.18288185  0.10327842  0.13640398 -0.13451663 -0.09898422]
 [-0.13823869  0.10423547 -0.31135456 -0.25093252 -0.10081363]]
U = [[ 0.19260219  0.09048154  0.34122886  0.29463532 -0.0064818 ]
 [-0.2256091  -0.20204868 -0.13207302  0.10759219  0.0801888 ]
 [ 0.24180872  0.06146083 -0.29505009 -0.33145819  0.10278788]
 [ 0.22713026  0.00605052  0.18287236 -0.07151508 -0.20302221]
 [-0.07680415 -0.17322985 -0.17947449  0.09062744  0.01392638]]
Matrix Pair 108; W = [[ 0.22571136 -0.03263123  0.07705411 -0.02494926 -0.15698308]
 [-0.17520873 -0.31400201 -0.05998003  0.26448461 -0.0391753 ]
 [-0.20123573 -0.06612705 -0.13070891  0.10703724 -0.03627859]
 [ 0.1349554   0.06529241  0.15832833 -0.0778526  -0.09604625]
 [-0.19012905  0.09294528 -0.35645138 -0.21865869 -0.04507925]]
U = [[ 0.13988473  0.16274356  0.34169228  0.31583475  0.04618926]
 [-0.19982882 -0.20236213 -0.14824179  0.1594461   0.09948494]
 [ 0.22083686  0.150261   -0.26329506 -0.26204036  0.08672214]
 [ 0.27098653 -0.0038768   0.16596257 -0.09329164 -0.15516885]
 [-0.15583659 -0.21399372 -0.08724231  0.09153769  0.05809423]]
Matrix Pair 109; W = [[ 0.3210835  -0.0471371   0.06772323  0.03146273 -0.13598115]
 [-0.24267845 -0.34116418 -0.04769744  0.27838087 -0.00064273]
 [-0.20646328 -0.01156763 -0.07538865  0.16619725 -0.07042917]
 [ 0.17748274  0.06663094  0.1254828  -0.14429358 -0.11905038]
 [-0.17071553  0.02841847 -0.32629931 -0.27149567 -0.07701449]]
U = [[ 0.10370199  0.11479605  0.32642737  0.33160247  0.03884771]
 [-0.15201929 -0.19007935 -0.1649386   0.07713313  0.12435773]
 [ 0.24945969  0.0978321  -0.21901239 -0.24086431  0.11419927]
 [ 0.26722278  0.02747946  0.18854925 -0.12929987 -0.2341995 ]
 [-0.11189667 -0.20196479 -0.17079341 -0.00226265 -0.01572024]]
Matrix Pair 110; W = [[ 0.32215427 -0.0335698   0.062551    0.01921708 -0.12563096]
 [-0.23650805 -0.26143035 -0.04097435  0.33557566 -0.06614962]
 [-0.2362121  -0.08167592 -0.12319549  0.18458952 -0.0155337 ]
 [ 0.13527671  0.07893212  0.08445656 -0.10024352 -0.13808264]
 [-0.14216046  0.03707154 -0.38130564 -0.25755579 -0.08651348]]
U = [[ 0.16614252  0.13450466  0.34717523  0.34259602  0.03715904]
 [-0.20611393 -0.18576669 -0.16470738  0.12501343  0.08869487]
 [ 0.18398585  0.07667446 -0.20899614 -0.248333    0.14174201]
 [ 0.26947253  0.0367165   0.18335605 -0.05635344 -0.18714079]
 [-0.13482762 -0.21283427 -0.11314687  0.09166136  0.04347567]]
Matrix Pair 111; W = [[ 0.23922471 -0.06907512  0.09776436  0.01954387 -0.18399898]
 [-0.25029371 -0.24917851 -0.05450723  0.30459503 -0.02951774]
 [-0.15378375 -0.08175008 -0.07948136  0.16725952 -0.04728231]
 [ 0.15286504  0.02313862  0.15464486 -0.06325954 -0.19312939]
 [-0.1771242   0.02235598 -0.36912521 -0.22808976 -0.06067985]]
U = [[ 0.17568249  0.1578294   0.31448469  0.34198227  0.02400615]
 [-0.23635968 -0.23432855 -0.08499059  0.13795362  0.10697671]
 [ 0.27490596  0.13587424 -0.20738447 -0.32080157  0.10005695]
 [ 0.22966842  0.07799477  0.23983647 -0.12769328 -0.16024682]
 [-0.11590539 -0.21921611 -0.10873847  0.0090446  -0.03096477]]
Matrix Pair 112; W = [[ 0.13978213  0.03757468 -0.00519351 -0.25182684 -0.00759912]
 [-0.18091057 -0.39109129 -0.03886011  0.27424739 -0.09855482]
 [-0.06967091 -0.16200886 -0.15045074  0.11602338 -0.13060388]
 [ 0.01244891  0.11924158  0.02689388  0.06971638  0.09861266]
 [-0.21076179  0.07137813 -0.34374506 -0.09576086 -0.03205594]]
U = [[ 0.12334677  0.21353918  0.25422268  0.15491635 -0.12547856]
 [-0.18409868 -0.24124102  0.10133022  0.31053903  0.34395365]
 [ 0.12830533  0.09287919 -0.15581193 -0.09297482  0.04418925]
 [ 0.15917563 -0.00392308  0.34600087  0.09632849 -0.0797302 ]
 [-0.01702722 -0.11544854 -0.21835617 -0.00557271 -0.04134371]]
Matrix Pair 113; W = [[ 0.13394513  0.0682309  -0.00528803 -0.20922554 -0.01939187]
 [-0.11027709 -0.36763884 -0.09000409  0.28046422 -0.10733883]
 [-0.07349768 -0.15003617 -0.13635754  0.10672486 -0.13911025]
 [ 0.0337695   0.08549693  0.07092658  0.07414881  0.07277014]
 [-0.17053247  0.08112952 -0.32891051 -0.13725203 -0.01274844]]
U = [[ 0.19272171  0.21334598  0.25645188  0.18247031 -0.1079471 ]
 [-0.21442852 -0.17916273  0.07058292  0.26505401  0.29914173]
 [ 0.08269259  0.0647062  -0.20279598 -0.08614397  0.08480545]
 [ 0.17584622  0.0376944   0.29740202  0.04916796 -0.08239144]
 [-0.07929988 -0.13810993 -0.17880681  0.0769123  -0.04195691]]
Matrix Pair 114; W = [[ 0.18634378  0.04236755  0.01264384 -0.18227474 -0.00370629]
 [-0.16401758 -0.33702641 -0.04672353  0.19213662 -0.0523135 ]
 [-0.12599089 -0.10295828 -0.10317596  0.09078874 -0.13957492]
 [ 0.03245754  0.11540744  0.01560006  0.00705048  0.0339043 ]
 [-0.20007225  0.04506926 -0.31908617 -0.12918476 -0.03806747]]
U = [[ 1.25299909e-01  1.88369478e-01  2.14125197e-01  1.17975717e-01
  -1.37130703e-01]
 [-1.85852000e-01 -2.12600173e-01  7.32822786e-02  3.05103015e-01
   3.45776425e-01]
 [ 1.31718694e-01  6.54185504e-02 -2.23770676e-01 -5.71406870e-02
   8.15447206e-02]
 [ 1.22033114e-01  3.90847966e-02  3.30059317e-01  5.44674379e-02
  -2.82826468e-04]
 [-5.94050402e-02 -1.70965974e-01 -1.57633993e-01  7.63472997e-02
  -3.39788875e-02]]
Matrix Pair 115; W = [[ 2.10886292e-01  6.63003758e-02 -1.74082468e-02 -2.45971688e-01
  -1.55874104e-03]
 [-1.13186588e-01 -3.44120359e-01 -5.36277412e-02  2.68596762e-01
  -9.29788678e-02]
 [-1.11040141e-01 -9.75445702e-02 -1.49469875e-01  1.60436547e-01
  -8.44002786e-02]
 [-7.38578552e-03  1.25550143e-01  1.89986282e-04  3.04717799e-02
   4.28987594e-02]
 [-2.27889137e-01  2.03941239e-02 -3.44068873e-01 -1.26305060e-01
  -2.90289461e-02]]
U = [[ 0.17067411  0.18042375  0.22525007  0.18280372 -0.15080494]
 [-0.15112045 -0.19845933  0.09163395  0.27297043  0.30727555]
 [ 0.1273864   0.09812284 -0.15290291 -0.07994844  0.11334116]
 [ 0.10513217  0.02176175  0.29201021  0.07815042 -0.04932239]
 [-0.06638349 -0.14809034 -0.18602591  0.05585347 -0.0504892 ]]
Matrix Pair 116; W = [[ 0.21476209  0.13332636  0.05811066 -0.25453157  0.0467356 ]
 [-0.1077083  -0.3329714  -0.06399563  0.25840116 -0.12082889]
 [-0.11074449 -0.17312303 -0.17697051  0.12960363 -0.14529368]
 [-0.00479548  0.05736918  0.08537106  0.00650849  0.09376038]
 [-0.18070416  0.0612703  -0.31274781 -0.12927642  0.03362413]]
U = [[ 0.20987885  0.16595432  0.29204395  0.1415794  -0.16291275]
 [-0.15505611 -0.19748158  0.0372884   0.25156172  0.34363259]
 [ 0.10984341  0.07139107 -0.21848555 -0.08451232  0.09028217]
 [ 0.13362016 -0.01789252  0.30008441  0.04896531 -0.05222539]
 [-0.00722204 -0.11628827 -0.20179882  0.07928997 -0.06103472]]
Matrix Pair 117; W = [[ 0.16391334  0.05137276  0.03112668 -0.25560212 -0.01642561]
 [-0.10424445 -0.34354349 -0.05055821  0.2532067  -0.03700096]
 [-0.1181821  -0.13177387 -0.11941062  0.10945819 -0.16630631]
 [-0.05778936  0.08221945  0.02903467  0.03933249  0.01624151]
 [-0.20256148  0.10097488 -0.32954918 -0.13361599  0.02076457]]
U = [[ 0.19515818  0.16449823  0.26138148  0.16970644 -0.12421685]
 [-0.12609919 -0.24471101  0.10608275  0.26084568  0.31573919]
 [ 0.11357063  0.12835695 -0.15272394 -0.04407289  0.0786083 ]
 [ 0.13948306  0.05196082  0.31653456  0.01788401 -0.07337508]
 [-0.03312212 -0.16832535 -0.18617205  0.07117563  0.01897529]]
Matrix Pair 118; W = [[ 0.20624497  0.07680553  0.03033364 -0.17340926  0.0261552 ]
 [-0.17343324 -0.40698508 -0.11879849  0.23412672 -0.12436751]
 [-0.09989753 -0.10521265 -0.10344835  0.11922801 -0.15224275]
 [ 0.01529497  0.11217105  0.05692663  0.08160614  0.02865292]
 [-0.22142528  0.05507808 -0.28994424 -0.13193841  0.02115504]]
U = [[ 0.11531795  0.1840643   0.30036965  0.18891971 -0.09395788]
 [-0.21392894 -0.2543353   0.04142819  0.33303188  0.30100264]
 [ 0.07154641  0.09619286 -0.19749443 -0.05992954  0.04878257]
 [ 0.14443454  0.03088054  0.29984015  0.07141784 -0.03822761]
 [-0.04056477 -0.19548216 -0.18465305  0.06961371 -0.04479953]]
Matrix Pair 119; W = [[ 0.15763158  0.05709493 -0.02824393 -0.17133949 -0.03143081]
 [-0.1229938  -0.3573966  -0.05977324  0.19138957 -0.05125943]
 [-0.03425761 -0.09388431 -0.09568296  0.16810939 -0.07140011]
 [-0.0097476   0.13355969  0.03414802  0.03543265  0.09601565]
 [-0.19231776  0.01208307 -0.34890873 -0.14930629  0.0426061 ]]
U = [[ 0.1389617   0.22379712  0.29729295  0.18875095 -0.10836879]
 [-0.15044635 -0.17061171  0.06526405  0.27639287  0.31440315]
 [ 0.16877734  0.08936992 -0.21503143 -0.0787069   0.06894963]
 [ 0.13615459  0.05519374  0.30431174  0.01660194  0.00707499]
 [-0.01866373 -0.1785341  -0.13540693  0.06039725 -0.00087692]]
Matrix Pair 120; W = [[ 0.14753364  0.09023216 -0.00154207 -0.22507     0.05295606]
 [-0.13040959 -0.42576447 -0.11429489  0.26795185 -0.06436798]
 [-0.10564075 -0.16835414 -0.11837232  0.14645226 -0.08742576]
 [-0.01489741  0.13262099  0.01749758  0.06027452  0.03422866]
 [-0.20711148  0.0613065  -0.3022512  -0.07146279 -0.04863524]]
U = [[ 0.17915225  0.17541301  0.26216809  0.14565965 -0.07456092]
 [-0.15414047 -0.2170095   0.05631754  0.29284707  0.3529288 ]
 [ 0.07354449  0.11114387 -0.19484763 -0.0294933   0.05733068]
 [ 0.19178868 -0.01810551  0.36585333  0.0605261  -0.04975995]
 [-0.07402533 -0.19171268 -0.21643408  0.08720831  0.01799602]]
Matrix Pair 121; W = [[ 0.21731401  0.11308958  0.04698513 -0.1621432   0.00947036]
 [-0.11527537 -0.33691403 -0.10220116  0.27462273 -0.04795505]
 [-0.04796873 -0.1507897  -0.13166231  0.10707171 -0.15245581]
 [-0.02280934  0.06494153  0.00231142  0.09985792  0.05230899]
 [-0.23018278  0.10203507 -0.2847154  -0.12465484  0.0357636 ]]
U = [[ 0.15691686  0.21614961  0.25003659  0.12596703 -0.15493917]
 [-0.20051483 -0.20408764  0.09277486  0.32328497  0.32120824]
 [ 0.12616636  0.10247867 -0.1390611  -0.07905354  0.06507765]
 [ 0.18990192  0.02048867  0.34475827  0.01312583 -0.06560202]
 [-0.07395668 -0.16687117 -0.22543637 -0.0015384  -0.04810674]]
Matrix Pair 122; W = [[ 0.21675893  0.08924934 -0.02129448 -0.23291904 -0.02774979]
 [-0.16461801 -0.34647226 -0.12701059  0.19128969 -0.08100613]
 [-0.04425195 -0.12995724 -0.17910716  0.11534038 -0.13056677]
 [ 0.00866724  0.06508478  0.02749019  0.03796339  0.0409961 ]
 [-0.22964313  0.0731024  -0.33585069 -0.09553981 -0.05575603]]
U = [[ 0.1542101   0.20358171  0.26520855  0.20802686 -0.11717651]
 [-0.12867596 -0.23074147  0.09259297  0.26991905  0.34257683]
 [ 0.09448974  0.09997165 -0.1739663  -0.02905648  0.05736758]
 [ 0.19488469  0.05911091  0.38114215  0.09682601 -0.06033237]
 [-0.00323115 -0.11471949 -0.2025047   0.06027991 -0.0230589 ]]
Matrix Pair 123; W = [[ 0.12613457  0.11681739  0.00385835 -0.19225843  0.01861371]
 [-0.11286183 -0.3287527  -0.11177657  0.19125429 -0.07088431]
 [-0.11566332 -0.13652693 -0.1552419   0.12862526 -0.15444898]
 [-0.04852894  0.13412351  0.03544941  0.06999398  0.07891928]
 [-0.16285564  0.10092301 -0.36536573 -0.08602191  0.01068742]]
U = [[ 0.12885252  0.15968948  0.23673828  0.16921185 -0.07669749]
 [-0.18084587 -0.21148894  0.08675355  0.28983984  0.28931696]
 [ 0.16530063  0.05871074 -0.20523912 -0.03623863  0.05932884]
 [ 0.10191695  0.04479098  0.38580212  0.01986461 -0.06177667]
 [-0.020378   -0.17403715 -0.18232973  0.02713075  0.00317092]]
Matrix Pair 124; W = [[ 0.12386104  0.08169245 -0.02122579 -0.170817    0.0106477 ]
 [-0.16813699 -0.37956427 -0.08355274  0.24613144 -0.08167051]
 [-0.05364017 -0.10250549 -0.18584306  0.17034967 -0.11269099]
 [-0.0477733   0.09267175  0.07974449  0.09075908  0.04284171]
 [-0.15866177  0.02222179 -0.33068553 -0.13206144 -0.02453147]]
U = [[ 0.13660715  0.17783813  0.22688125  0.20999206 -0.14838319]
 [-0.18583843 -0.22926753  0.0746632   0.28909988  0.31095427]
 [ 0.12249485  0.10400639 -0.22785973 -0.08574732  0.03716539]
 [ 0.15141161  0.03502499  0.30745016  0.0042821  -0.03764682]
 [-0.07776264 -0.15205074 -0.1366976  -0.00847551 -0.00071837]]
Matrix Pair 125; W = [[ 0.21629816  0.07902631 -0.01187881 -0.20294069  0.00520831]
 [-0.16978129 -0.33324041 -0.13291996  0.20560729 -0.07625428]
 [-0.12221281 -0.12684216 -0.12870196  0.10118379 -0.15147559]
 [ 0.00940132  0.12882185  0.02003892  0.098934    0.01408558]
 [-0.1655365   0.00902812 -0.31606006 -0.13150413 -0.02796078]]
U = [[ 0.13491179  0.18236289  0.22424993  0.19526252 -0.09357588]
 [-0.17484406 -0.25319155  0.07244314  0.24113548  0.33812745]
 [ 0.07431293  0.12527473 -0.18478149 -0.09691348  0.12528171]
 [ 0.1574821   0.04056571  0.37664051  0.01283118 -0.06948355]
 [-0.05524733 -0.14951493 -0.21271902  0.06154741 -0.06471841]]
Matrix Pair 126; W = [[ 0.12856842  0.11172619 -0.01183364 -0.22956919  0.0380904 ]
 [-0.14576986 -0.39074939 -0.05981114  0.23392179 -0.1240729 ]
 [-0.03588281 -0.1701313  -0.10485988  0.13435109 -0.12857961]
 [ 0.01878742  0.07028978  0.08327684  0.09445261  0.04499409]
 [-0.1924567   0.05976629 -0.36542064 -0.08921368  0.02870925]]
U = [[ 0.14345409  0.21009164  0.26304195  0.20139193 -0.11243847]
 [-0.20450162 -0.23985949  0.05865199  0.3333404   0.27249433]
 [ 0.08738805  0.12262774 -0.14997215 -0.10753138  0.03625701]
 [ 0.12136881  0.04555228  0.32998438  0.01717195 -0.06322435]
 [-0.05275627 -0.09799018 -0.20613591  0.00228758 -0.03346922]]
Matrix Pair 127; W = [[ 0.19404931  0.12310903  0.0349672  -0.1864623   0.03796447]
 [-0.18263034 -0.42222036 -0.04545849  0.24099663 -0.11088728]
 [-0.06313682 -0.14261035 -0.10912171  0.11345501 -0.14290357]
 [ 0.01092044  0.06428209  0.07341609  0.04226869  0.0427289 ]
 [-0.21147224  0.1000676  -0.28358707 -0.14765761  0.0237038 ]]
U = [[ 0.20255921  0.15489179  0.22307048  0.12720298 -0.14637674]
 [-0.20202424 -0.18860586  0.03990001  0.24980821  0.25610411]
 [ 0.15413155  0.10975933 -0.17103609 -0.08168005  0.08860705]
 [ 0.14313128  0.05019195  0.31132086  0.04938882  0.01375584]
 [-0.05461298 -0.12750861 -0.13884419  0.06474751  0.01633441]]
