Epoch: 74Matrix Pair 0; W = [[-0.01462144  0.07582593  0.14124969  0.11906749 -0.13365266]
 [ 0.13387374 -0.27974516 -0.08264798 -0.08085771  0.1457322 ]
 [-0.13467026  0.06154296 -0.11896338 -0.05721668  0.23872204]
 [-0.04628314 -0.14381175  0.00746123  0.00586841  0.0107776 ]
 [-0.16035319 -0.17823346  0.05490466  0.1148442   0.01554381]]
U = [[ 0.01000247 -0.06936029  0.14758393 -0.03487792  0.21859929]
 [-0.12819292  0.06398203  0.14922289  0.17135901 -0.03026726]
 [ 0.35543026  0.02494109  0.13267114  0.15930643  0.20297124]
 [ 0.11850467  0.08641257  0.11411709 -0.0320369   0.08117254]
 [-0.27798564  0.19066885  0.35605437  0.19106954  0.01451232]]
Matrix Pair 1; W = [[-0.02852395  0.05696059  0.17231322  0.14739673 -0.1495891 ]
 [ 0.08071222 -0.29232731 -0.10938868 -0.11977476  0.16805054]
 [-0.14412865  0.0394599  -0.14563662  0.0072184   0.24169946]
 [-0.03955966 -0.07557165 -0.00149418  0.03587522  0.01846112]
 [-0.13287033 -0.15256881  0.00816468  0.13035116 -0.04925567]]
U = [[ 0.01562127 -0.1214511   0.22245878 -0.07862616  0.19379211]
 [-0.18042083  0.03852458  0.1695013   0.13141379 -0.03620156]
 [ 0.3561809   0.00168025  0.10859191  0.11638318  0.11034981]
 [ 0.0703637   0.10755319  0.07742296 -0.04397767  0.07333474]
 [-0.24001907  0.17339148  0.35949838  0.23078739 -0.01551796]]
Matrix Pair 2; W = [[-0.00788178  0.06492674  0.15169911  0.16724616 -0.10366912]
 [ 0.14245807 -0.28564831 -0.09664862 -0.04711769  0.14045744]
 [-0.09063136  0.09901127 -0.10547485 -0.0215159   0.18739764]
 [-0.03572806 -0.0845285   0.04620094  0.01725832 -0.01497028]
 [-0.21519113 -0.11150545  0.01401758  0.10315825 -0.05844387]]
U = [[ 0.02249431 -0.12999653  0.17903602 -0.04422462  0.20633398]
 [-0.14040991  0.06240046  0.16272929  0.1380242   0.03753922]
 [ 0.34901345 -0.05976045  0.12233868  0.0719291   0.19010509]
 [ 0.02370704  0.12335543  0.04604043  0.0170624   0.10516584]
 [-0.24651446  0.24425295  0.43362961  0.17664977  0.04171802]]
Matrix Pair 3; W = [[-0.10543298  0.0611179   0.16882047  0.17288231 -0.12342892]
 [ 0.09304093 -0.29832742 -0.07307443 -0.13280086  0.19162765]
 [-0.10763829  0.01994946 -0.14415769 -0.0303073   0.24089882]
 [ 0.00055501 -0.06737965  0.08337341  0.00856835 -0.03238714]
 [-0.16039736 -0.14242724 -0.0096907   0.16769279 -0.05577125]]
U = [[ 0.05075307 -0.04756811  0.18061355 -0.1108381   0.2273141 ]
 [-0.1424039   0.01840381  0.14315464  0.14537917 -0.00364744]
 [ 0.28067237  0.01869925  0.15137808  0.10258436  0.11262611]
 [ 0.06942319  0.08514505  0.08597831 -0.04983563  0.09683888]
 [-0.28898352  0.19914345  0.44540657  0.17530734 -0.03070141]]
Matrix Pair 4; W = [[-0.14279446  0.02150007  0.20161259  0.07831715 -0.18817931]
 [ 0.01903352 -0.25009673 -0.07827012 -0.11651968  0.25103163]
 [-0.0878622  -0.01655698 -0.11425911 -0.03483701  0.1794489 ]
 [ 0.02861237 -0.03141336  0.01640381 -0.08632184  0.06742118]
 [-0.19261097 -0.1580739   0.02681951  0.17365727 -0.10648062]]
U = [[ 0.01979263 -0.09382161  0.07046702 -0.06788802  0.2022206 ]
 [-0.14818521  0.11511017  0.17213169  0.21875794  0.0527362 ]
 [ 0.25832081  0.08168832  0.19295558  0.17179378  0.0987534 ]
 [ 0.04897597  0.19359027 -0.00340579  0.04420406  0.0092509 ]
 [-0.14134018  0.13391402  0.33765776  0.17522998 -0.02940437]]
Matrix Pair 5; W = [[-0.12034428  0.06570687  0.2014381   0.02897248 -0.17539001]
 [ 0.07250776 -0.2259843  -0.0567602  -0.0448315   0.26271959]
 [-0.1484992   0.05718558 -0.06731605 -0.07822627  0.15092535]
 [ 0.02248785 -0.03145964 -0.03733852 -0.03901782  0.09898198]
 [-0.13016141 -0.10071898 -0.05876389  0.16917919 -0.03534535]]
U = [[ 0.06442471 -0.1431394   0.09271305 -0.0502393   0.26578475]
 [-0.16123764  0.10256096  0.11395152  0.20411724 -0.00383095]
 [ 0.23161332  0.09212749  0.10621495  0.15675245  0.15759627]
 [ 0.08243694  0.16467316  0.00743988  0.03233326  0.02492195]
 [-0.14062123  0.11555612  0.38737622  0.2004545  -0.0519192 ]]
Matrix Pair 6; W = [[-0.06097407  0.07931816  0.1786565   0.04221495 -0.12967163]
 [ 0.04888497 -0.2429212  -0.08873761 -0.03989509  0.19194849]
 [-0.10374805  0.02181888 -0.08356271 -0.09118597  0.18824449]
 [ 0.01836299 -0.06761552  0.00516346 -0.06013062  0.01516817]
 [-0.16082626 -0.15362853  0.01385388  0.19172741 -0.09053079]]
U = [[ 0.07242802 -0.14595734  0.1683358  -0.1192506   0.23606747]
 [-0.13826031  0.09676661  0.13934426  0.19012164 -0.0090345 ]
 [ 0.25129544  0.09009824  0.1465492   0.09732084  0.09557024]
 [ 0.07343539  0.21052514  0.02821798  0.01695612  0.04311865]
 [-0.15791126  0.12702619  0.36084201  0.16489586 -0.033361  ]]
Matrix Pair 7; W = [[-0.08400619  0.03724987  0.17888205  0.05518785 -0.18694882]
 [ 0.10824791 -0.28028037 -0.01526427 -0.03220735  0.25098248]
 [-0.0809775  -0.00272437 -0.11800537 -0.05390848  0.20363742]
 [ 0.03205654 -0.01537126  0.04123344 -0.01553338  0.06406369]
 [-0.12944694 -0.10326292 -0.00766185  0.12167443 -0.03474092]]
U = [[ 0.01721099 -0.1472098   0.12744135 -0.0798379   0.17654504]
 [-0.1505134   0.12326626  0.1426696   0.21335764  0.01013699]
 [ 0.27432755  0.09060911  0.10567711  0.16611845  0.13551675]
 [ 0.06594335  0.18823486  0.06091069  0.0189058   0.08927777]
 [-0.15539457  0.1288441   0.36149059  0.22320788 -0.02925879]]
Matrix Pair 8; W = [[-0.07560531  0.08446544  0.12270707  0.08472843 -0.04052658]
 [ 0.07755195 -0.21531653 -0.11953533 -0.12608614  0.28681792]
 [-0.14943439 -0.01244293 -0.05770849 -0.00862544  0.193221  ]
 [-0.05270865 -0.0350592   0.02648094  0.08197712 -0.02041128]
 [-0.15479126 -0.10147992 -0.03321837  0.03964405 -0.03138114]]
U = [[ 0.10583251 -0.1419423   0.12021245 -0.07836328  0.29118129]
 [-0.15878492  0.09848648  0.19599688  0.21220099 -0.04903315]
 [ 0.30210915  0.01994662  0.01768949  0.07918451  0.11632912]
 [ 0.04183376  0.21045346 -0.01100232  0.05013537  0.03950481]
 [-0.21130392  0.21374194  0.36154289  0.17410024 -0.08567606]]
Matrix Pair 9; W = [[-0.06457431  0.05450995  0.11577682  0.10605179 -0.11060217]
 [ 0.10025499 -0.23217813 -0.12897393 -0.12992108  0.29419026]
 [-0.0770084  -0.00459762 -0.11324404 -0.00537434  0.23973495]
 [-0.03364913 -0.03894778  0.0306043  -0.00867842 -0.04290216]
 [-0.13831105 -0.11607093 -0.07562645  0.13477392 -0.05331644]]
U = [[ 0.11169607 -0.11212591  0.18875138 -0.04211709  0.28735789]
 [-0.21393997  0.04170366  0.14719257  0.20070921 -0.04190464]
 [ 0.24014687  0.01083738  0.0796412   0.07964247  0.10666639]
 [ 0.08016895  0.23633559  0.05059147  0.01281539  0.06649002]
 [-0.21692326  0.21345629  0.31030165  0.14362742 -0.05101577]]
Matrix Pair 10; W = [[-0.05605996  0.03013254  0.10107657  0.04840383 -0.11550326]
 [ 0.06105001 -0.25987509 -0.16084569 -0.09106904  0.21909161]
 [-0.11952928 -0.04080417 -0.04158157 -0.02324326  0.18038197]
 [-0.04998219 -0.1117704   0.02391286  0.01830671  0.03130346]
 [-0.10659408 -0.13425434 -0.02712854  0.05639713 -0.08137633]]
U = [[ 0.07247655 -0.11247614  0.11655024 -0.07383389  0.27227696]
 [-0.21523866  0.07407213  0.11582459  0.2116094  -0.06416372]
 [ 0.25229951 -0.03690826  0.06191734  0.06344317  0.12132256]
 [ 0.06676648  0.16641224 -0.01425628  0.02113655  0.10236609]
 [-0.2283905   0.16570953  0.34084427  0.12897806 -0.07590587]]
Matrix Pair 11; W = [[-0.13753438  0.03289762  0.12332883  0.12736794 -0.02330062]
 [ 0.09831383 -0.28194026 -0.15033216 -0.13041603  0.22537542]
 [-0.12178081  0.04151602 -0.05253722 -0.01260054  0.22130256]
 [-0.04218923 -0.07519113 -0.00659464 -0.00213441  0.0335571 ]
 [-0.14477622 -0.0984968  -0.06768353  0.04070045 -0.02029352]]
U = [[ 0.07844619 -0.10881515  0.14452175 -0.06604543  0.30408478]
 [-0.17119173  0.03464598  0.19500257  0.19496594 -0.02156795]
 [ 0.30086091 -0.02976633  0.07004851  0.10429026  0.15793789]
 [ 0.04372606  0.20978801  0.0232262   0.01446108  0.11919384]
 [-0.21700513  0.17837228  0.33680928  0.15596093 -0.03613748]]
Matrix Pair 12; W = [[-0.06456079  0.02186645  0.17220779  0.04030143 -0.06721539]
 [ 0.08594087 -0.35452495 -0.0495359  -0.06582016  0.16075069]
 [-0.06022715 -0.05721183 -0.14191147 -0.08589644  0.18620216]
 [-0.02952915 -0.05604625 -0.01956811 -0.01387932  0.0732176 ]
 [-0.22586697 -0.11486997  0.00048832  0.20273561 -0.04993323]]
U = [[ 0.09701396 -0.11930364  0.11359237 -0.11800482  0.18450146]
 [-0.08384995  0.14639083  0.16748745  0.21691953  0.05100311]
 [ 0.34086578  0.0310922   0.11754937  0.05991035  0.09631437]
 [ 0.11679458  0.23159221  0.10279628  0.01959133  0.07543354]
 [-0.31435538  0.19308344  0.4050441   0.17218472  0.07277098]]
Matrix Pair 13; W = [[-0.05578536  0.04863854  0.11020915  0.0851073  -0.09471384]
 [ 0.06551109 -0.28428794 -0.1186654  -0.0894047   0.17059047]
 [-0.0700373  -0.00327307 -0.16726499 -0.07551934  0.25142084]
 [ 0.01601774 -0.11326095 -0.03283812 -0.0155559   0.01138008]
 [-0.17793929 -0.12642824  0.04562058  0.15937771  0.01446347]]
U = [[ 0.04495659 -0.09742422  0.07007159 -0.10061853  0.19873753]
 [-0.17398053  0.0795217   0.11211646  0.21096867  0.00683342]
 [ 0.29056286  0.03371504  0.07584309  0.04372852  0.04990018]
 [ 0.16479648  0.18095411  0.01653823 -0.03342375  0.11224025]
 [-0.24633123  0.14837462  0.36360093  0.20243249  0.0855801 ]]
Matrix Pair 14; W = [[-0.10085335  0.06939846  0.10318146  0.1005429  -0.12811127]
 [ 0.1244448  -0.27292708 -0.05922468 -0.06432605  0.20450329]
 [-0.07889159  0.03234163 -0.13336187 -0.05963831  0.26204731]
 [ 0.03597508 -0.05753009 -0.04664425  0.00143491  0.02743642]
 [-0.20579472 -0.09540715  0.01122125  0.19933992  0.01466956]]
U = [[ 0.03370814 -0.06209503  0.12673698 -0.0916722   0.20561347]
 [-0.10154252  0.11401117  0.16354998  0.2199106  -0.01680984]
 [ 0.30805763  0.01582736  0.08003298  0.05679663  0.08140287]
 [ 0.17660988  0.15500068  0.00773524  0.02435454  0.04745515]
 [-0.31039564  0.21330137  0.38294582  0.1227593   0.08859135]]
Matrix Pair 15; W = [[-0.03002482  0.07098794  0.17210424  0.09660555 -0.09286344]
 [ 0.07516761 -0.32060033 -0.0498946  -0.0738608   0.20773163]
 [-0.03752177 -0.03881866 -0.10472259 -0.06971249  0.18557643]
 [ 0.063068   -0.02987305 -0.04762735  0.0366062  -0.01453044]
 [-0.15358916 -0.1600747   0.06683799  0.16322588  0.01635603]]
U = [[ 0.11753689 -0.04792839  0.10647428 -0.06654282  0.25702943]
 [-0.09801101  0.10798828  0.15849586  0.19150351 -0.03067041]
 [ 0.26682616  0.01153583  0.09039249  0.09622931  0.09683621]
 [ 0.15803576  0.20142674  0.05361836  0.04171471  0.10976194]
 [-0.27316238  0.20684788  0.37129642  0.15637536  0.04121724]]
Matrix Pair 16; W = [[-0.10412016  0.02561417  0.16058026  0.06828631 -0.04092809]
 [ 0.15642482 -0.33028756 -0.0107168  -0.00884028  0.20514856]
 [-0.06384431  0.03933561 -0.11160437 -0.00283203  0.26103954]
 [-0.00395991 -0.09125981  0.08965055 -0.06586557  0.07920539]
 [-0.27391935 -0.12432911  0.05402132  0.16955532 -0.03791567]]
U = [[ 0.00536333 -0.13973461  0.10910744 -0.07484886  0.27451591]
 [-0.13132724  0.13288907  0.18994009  0.11382288 -0.01791794]
 [ 0.33996611  0.10243273  0.18450633  0.10992229  0.10249949]
 [ 0.09921069  0.21611306  0.07175796  0.02596102  0.11128806]
 [-0.18025753  0.20912128  0.34395847  0.14736049  0.02881441]]
Matrix Pair 17; W = [[-0.04063769  0.1017672   0.20413474  0.0779767  -0.03547905]
 [ 0.13232678 -0.25455083 -0.07195183 -0.06498107  0.19419111]
 [-0.13362848  0.05532976 -0.10307203  0.07463808  0.17847262]
 [ 0.03616645 -0.05948498  0.02689504 -0.0438165   0.09858613]
 [-0.25300069 -0.16197985  0.0269285   0.14120989  0.00565786]]
U = [[ 0.01134376 -0.09569959  0.14518025 -0.16871031  0.28273697]
 [-0.11647047  0.1156202   0.18384549  0.11904795 -0.01624444]
 [ 0.33704934  0.08050538  0.09760874  0.10879895  0.14705974]
 [ 0.05402981  0.17362767  0.0854938   0.0636464   0.13968183]
 [-0.16210387  0.28371378  0.33769934  0.20420962 -0.06444328]]
Matrix Pair 18; W = [[-0.11409964  0.03179444  0.18871569  0.12507434 -0.04728916]
 [ 0.14297589 -0.34602079 -0.04294622 -0.06724694  0.19029063]
 [-0.10100163  0.04046923 -0.11974345  0.03531797  0.17582183]
 [ 0.01289165 -0.09919732  0.06458497 -0.00758208  0.10801336]
 [-0.20168614 -0.14559531  0.00072408  0.09516479 -0.00354868]]
U = [[ 0.05175973 -0.13080419  0.1195458  -0.15788218  0.22658527]
 [-0.17076151  0.11894318  0.19394957  0.09591231  0.02157255]
 [ 0.28493343  0.0178682   0.17115619  0.1395244   0.14314943]
 [ 0.07792684  0.16393871  0.11935849  0.02860093  0.07722435]
 [-0.19155737  0.23652905  0.35451786  0.17962401 -0.02848233]]
Matrix Pair 19; W = [[-0.08988909  0.0695922   0.11253278  0.11410188 -0.10209777]
 [ 0.13048959 -0.3084157  -0.02662501 -0.07945684  0.14501196]
 [-0.05744655  0.03111764 -0.15013915  0.0652433   0.22681103]
 [ 0.01716673 -0.03866314  0.09287829 -0.01658825  0.1037553 ]
 [-0.24486277 -0.07636459  0.01068075  0.10273795  0.04561908]]
U = [[ 0.03215217 -0.11989073  0.08224576 -0.10393664  0.25750707]
 [-0.16256259  0.15100582  0.14205879  0.13367889 -0.03130723]
 [ 0.30494605  0.08691658  0.12523036  0.1162544   0.11353946]
 [ 0.0593452   0.20044281  0.06576196  0.04272905  0.11432658]
 [-0.20267346  0.25552382  0.33217822  0.14528563 -0.02070977]]
Matrix Pair 20; W = [[-0.10689606  0.07152141  0.1446064   0.05446841 -0.17431301]
 [ 0.07661578 -0.2700955  -0.01487303 -0.07291405  0.23122771]
 [-0.03238623  0.0722431  -0.13424852 -0.05302815  0.23296407]
 [ 0.0159044  -0.07269131  0.0204224  -0.01402808 -0.02461841]
 [-0.16474008 -0.13429755 -0.06073776  0.11773459 -0.0054865 ]]
U = [[ 0.11241873 -0.10234792  0.1840502  -0.12130089  0.21487928]
 [-0.16154736  0.00328753  0.14276874  0.14849233 -0.03657665]
 [ 0.33109546 -0.00215645  0.12316556  0.13902639  0.20960696]
 [ 0.10098261  0.13308773  0.06417604  0.00675009  0.02934847]
 [-0.29616588  0.19745649  0.26195481  0.09625342 -0.01547344]]
Matrix Pair 21; W = [[-0.11708231  0.06524991  0.21646043  0.0847126  -0.17156186]
 [ 0.08428572 -0.31200095 -0.11015148 -0.06218102  0.1948019 ]
 [-0.02503588  0.02391805 -0.11573142  0.0283076   0.27407097]
 [ 0.00215458 -0.10857064  0.00382329  0.0345689   0.01823087]
 [-0.15322347 -0.14409044  0.02180489  0.16038644  0.00357861]]
U = [[ 0.09746611 -0.07210736  0.08987018 -0.08929889  0.24383954]
 [-0.13081865  0.08809179  0.21119504  0.17970437 -0.06069504]
 [ 0.33585955 -0.00540738  0.15197622  0.12033008  0.18951133]
 [ 0.07600107  0.13165171  0.07463828  0.02516598  0.10534928]
 [-0.24904492  0.13991436  0.30794432  0.1871262   0.01219201]]
Matrix Pair 22; W = [[-0.14679358  0.0782945   0.20428191  0.09202425 -0.08762379]
 [ 0.11195795 -0.25464454 -0.01953809 -0.07356756  0.21154025]
 [-0.10311341  0.02730179 -0.10330561 -0.05240184  0.24049588]
 [ 0.01948051 -0.10150214  0.01191857 -0.01227799 -0.04007493]
 [-0.16925323 -0.16035149  0.01140611  0.20054884 -0.07263652]]
U = [[ 0.11755594 -0.11116909  0.18021744 -0.05007008  0.23285227]
 [-0.15945507  0.08413617  0.19601402  0.17056883  0.00587928]
 [ 0.27673089  0.01619175  0.0898275   0.1143105   0.21590715]
 [ 0.13015128  0.12907032  0.10224603  0.02812376  0.07409543]
 [-0.22351384  0.22792681  0.29557701  0.10376916 -0.03132623]]
Matrix Pair 23; W = [[-0.14722339  0.04431047  0.14081885  0.02386998 -0.09905975]
 [ 0.11518088 -0.23692552 -0.06210365 -0.07834305  0.2413054 ]
 [-0.07542381  0.07886704 -0.09865112  0.0214228   0.18287022]
 [ 0.02813002 -0.0421058  -0.00141247  0.004767   -0.02520527]
 [-0.10162736 -0.12767308 -0.03633506  0.12384284 -0.00190856]]
U = [[ 0.04484377 -0.12709402  0.10677538 -0.07488551  0.23176392]
 [-0.20436653  0.07170078  0.17292758  0.2117819  -0.05527362]
 [ 0.29810419  0.05824445  0.10019938  0.16664181  0.17515271]
 [ 0.10753217  0.20608906  0.05795429  0.03295208  0.02843989]
 [-0.29186737  0.13920459  0.29756719  0.14632159  0.0274067 ]]
Matrix Pair 24; W = [[-0.03401576  0.0433129   0.10104045  0.16462581 -0.048551  ]
 [ 0.12315203 -0.24978247 -0.06343816 -0.14276631  0.24856959]
 [-0.15330661  0.00096906 -0.08394525  0.04277707  0.21573296]
 [-0.02748525 -0.01390625 -0.08880431  0.0481993  -0.02399725]
 [-0.14254862 -0.19885119  0.04864412  0.10292183 -0.05670281]]
U = [[ 0.05480497 -0.12924449  0.16931204 -0.08128576  0.31261455]
 [-0.22824397  0.07746061  0.13169783  0.18087253 -0.03556771]
 [ 0.27878206  0.06351052  0.12990376  0.10852367  0.08002982]
 [ 0.04829307  0.18462922  0.0611339   0.01731604  0.14105824]
 [-0.19641306  0.21545618  0.33545148  0.16868882  0.03271114]]
Matrix Pair 25; W = [[-0.02817516  0.0989329   0.15187215  0.17535521 -0.07076752]
 [ 0.13557401 -0.24560108 -0.0292393  -0.08983926  0.16884628]
 [-0.08436822  0.04058442 -0.1334886  -0.03809486  0.26149614]
 [-0.07629455 -0.07211591 -0.04127115  0.03464766 -0.00398903]
 [-0.10508757 -0.10775123  0.04120826  0.13894063 -0.07670158]]
U = [[ 0.09022866 -0.11279625  0.14620494 -0.1084727   0.32081409]
 [-0.15727752  0.00254414  0.19742952  0.17682476 -0.1085118 ]
 [ 0.20050512  0.07223187  0.15564452  0.12092653  0.15741471]
 [ 0.11185755  0.15634005  0.08188369 -0.00880854  0.08097253]
 [-0.20541495  0.20283335  0.29732644  0.20239458  0.02653007]]
Matrix Pair 26; W = [[-0.09404212  0.07112867  0.14114601  0.1814055  -0.06874021]
 [ 0.15747461 -0.21224195 -0.03325136 -0.13390736  0.20095756]
 [-0.15395349  0.02462304 -0.14652375  0.03594763  0.25217558]
 [-0.08789459 -0.02611895 -0.03742175  0.06291612 -0.06782337]
 [-0.11676798 -0.20047978  0.0030784   0.09359863 -0.10621095]]
U = [[ 0.05544931 -0.16850947  0.1531326  -0.06878586  0.27134846]
 [-0.17361968  0.03906044  0.14260576  0.19059322 -0.01891858]
 [ 0.27177294  0.02650932  0.10737202  0.06569018  0.09058902]
 [ 0.05648111  0.23146407  0.09014047 -0.00319236  0.14153398]
 [-0.23123844  0.15565703  0.29946949  0.23089304 -0.02433008]]
Matrix Pair 27; W = [[-0.10347416  0.00862184  0.15439158  0.12132472 -0.0698787 ]
 [ 0.12965498 -0.21130879 -0.05730234 -0.13638891  0.22988699]
 [-0.14969845 -0.02050016 -0.10871663  0.03718407  0.26390679]
 [-0.07247554 -0.01047503 -0.03715338  0.00278628 -0.0827654 ]
 [-0.14234668 -0.12856017  0.00419044  0.12737812 -0.04168951]]
U = [[ 0.04540632 -0.09875151  0.20635913 -0.09262564  0.296095  ]
 [-0.15210723  0.03313855  0.18541459  0.12474517 -0.03779502]
 [ 0.29239235  0.00158121  0.10838431  0.05656742  0.15922941]
 [ 0.11716315  0.18266561  0.09054844  0.06901865  0.11518153]
 [-0.13972303  0.22021292  0.25644533  0.18894681  0.00847646]]
Matrix Pair 28; W = [[-0.10449311  0.1143519   0.19324931  0.10146647 -0.07031263]
 [ 0.14271454 -0.3041217  -0.14415179 -0.20683458  0.27788614]
 [-0.08866219 -0.01613994 -0.08036516 -0.06228626  0.22866784]
 [ 0.03681668 -0.01135162  0.02726963 -0.00592356 -0.06683951]
 [-0.09334389 -0.09876714  0.05021817  0.08670708 -0.15272678]]
U = [[ 0.09152227 -0.07901938  0.1432876  -0.09236239  0.20002274]
 [-0.18688253  0.01208171  0.16978226  0.19225362  0.00060592]
 [ 0.24305276 -0.00647008  0.09448897  0.11752043  0.22554451]
 [ 0.05201433  0.26190968  0.07868096  0.0776601   0.03199249]
 [-0.27443884  0.24624211  0.3790082   0.12858954 -0.05280253]]
Matrix Pair 29; W = [[-0.02292005  0.06190524  0.10283985  0.05021633 -0.09656141]
 [ 0.1306516  -0.24766455 -0.16481971 -0.15718279  0.26813497]
 [-0.0879603  -0.01538527 -0.10757526  0.00433362  0.27246385]
 [ 0.0423117  -0.04252175  0.07576308  0.07754734 -0.05713606]
 [-0.11818962 -0.1261464  -0.00867035  0.13791922 -0.10399874]]
U = [[ 7.63118450e-02 -1.06978854e-01  7.35150437e-02 -4.99833231e-02
   2.50658175e-01]
 [-1.47968751e-01  4.03793810e-02  1.50792860e-01  2.80896949e-01
   8.94999900e-05]
 [ 2.08421304e-01  1.62341252e-02  5.39524937e-02  1.38158489e-01
   2.19945013e-01]
 [ 7.14096405e-03  2.38894130e-01  3.51016582e-02  6.54940196e-02
   3.61880527e-02]
 [-2.83264745e-01  2.26327795e-01  3.50082657e-01  1.50661799e-01
  -3.61898993e-02]]
Matrix Pair 30; W = [[-0.07810064  0.13619732  0.14482051  0.12944775 -0.07275685]
 [ 0.13452813 -0.24269474 -0.11633022 -0.14764741  0.2344765 ]
 [-0.05097779  0.03208242 -0.09780574  0.02593736  0.24589567]
 [ 0.0042548  -0.06910632  0.00992692 -0.0065408  -0.06960837]
 [-0.09504045 -0.18248428  0.01067612  0.073835   -0.0721878 ]]
U = [[ 0.04107115 -0.0880657   0.09576974 -0.09304671  0.26264996]
 [-0.17321739  0.00049292  0.16136137  0.23266613 -0.05319076]
 [ 0.21388141 -0.00530194  0.08264359  0.13696689  0.20760063]
 [ 0.03898526  0.23213679  0.11875533  0.01939711  0.06003121]
 [-0.22698879  0.25081546  0.43097819  0.14925628 -0.06949116]]
Matrix Pair 31; W = [[-0.09905175  0.05711347  0.13968378  0.04181901 -0.0890125 ]
 [ 0.11883343 -0.24526894 -0.16417497 -0.1590399   0.24939359]
 [-0.10671619  0.02583638 -0.03553641  0.01407773  0.19173948]
 [ 0.03369148 -0.08340186  0.0130063   0.02450133 -0.02066819]
 [-0.09024163 -0.18383831  0.02030085  0.08204255 -0.12202081]]
U = [[ 0.04988661 -0.13802258  0.10445782 -0.06427055  0.22605801]
 [-0.1502578  -0.00497222  0.22992299  0.22978322 -0.01177   ]
 [ 0.21196607  0.01026595  0.07554857  0.13068793  0.20853841]
 [ 0.07862697  0.21548792  0.07036046  0.0536339   0.04306779]
 [-0.28769748  0.22275544  0.40092792  0.18503302  0.01733796]]
Matrix Pair 32; W = [[-0.06296145  0.13990042  0.12319958  0.04967347 -0.13613103]
 [ 0.1574893  -0.2503399  -0.02492642 -0.11589068  0.27862184]
 [-0.03975243 -0.01374342 -0.15633773  0.01811019  0.20411001]
 [-0.0216183  -0.0239138   0.02256672  0.02337232  0.04460228]
 [-0.20434621 -0.12211695 -0.10466583  0.13822107 -0.04245052]]
U = [[ 0.05826387 -0.07739462  0.19612631 -0.16759287  0.24997381]
 [-0.09227663  0.09014267  0.16434925  0.1783332   0.00380736]
 [ 0.23261564  0.03474301  0.17538362  0.2022412   0.11564574]
 [ 0.14179601  0.19728883  0.06188088  0.05660819  0.06845946]
 [-0.17137409  0.19550198  0.3720721   0.22756924  0.0489798 ]]
Matrix Pair 33; W = [[-0.10429185  0.10480223  0.16474921  0.08205327 -0.14227428]
 [ 0.11625307 -0.20740407 -0.01399332 -0.1354157   0.26233298]
 [-0.02797537 -0.03726386 -0.17814443 -0.04205228  0.24403592]
 [ 0.01193763 -0.07174294 -0.0097079   0.0405681   0.0534715 ]
 [-0.13194815 -0.09044929 -0.04816431  0.16621603 -0.12760902]]
U = [[ 0.02754917 -0.12940793  0.19305427 -0.17699539  0.25906346]
 [-0.10343561  0.06636434  0.11363035  0.24494359 -0.03618911]
 [ 0.23516514 -0.03247229  0.08965868  0.2215193   0.14619001]
 [ 0.16452656  0.10839694  0.08565648  0.09221208  0.08442797]
 [-0.18591004  0.14930972  0.35633859  0.16866075 -0.02379986]]
Matrix Pair 34; W = [[-0.09384101  0.09921847  0.19032952  0.0580882  -0.10557221]
 [ 0.08967346 -0.26881003 -0.06418441 -0.13326011  0.28042458]
 [-0.01024989  0.03112809 -0.13024041  0.00914428  0.1855859 ]
 [-0.03157127 -0.08977445  0.03202317  0.03687494  0.05865022]
 [-0.20465016 -0.18461233 -0.03509927  0.172572   -0.10229652]]
U = [[-0.00049674 -0.0926378   0.13821599 -0.17997186  0.19358331]
 [-0.16056312  0.04029994  0.20095079  0.22994529 -0.01021994]
 [ 0.28305401 -0.00301812  0.08917811  0.14734926  0.12340286]
 [ 0.14331322  0.17384467  0.03753994  0.04247282  0.12342664]
 [-0.21261011  0.14496143  0.31185813  0.20596087  0.04570464]]
Matrix Pair 35; W = [[-0.04808058  0.09355296  0.16331138  0.03113092 -0.115146  ]
 [ 0.18383224 -0.26059211 -0.06741588 -0.12110946  0.22920808]
 [-0.05738628 -0.05116513 -0.14926506 -0.03416594  0.24522596]
 [-0.0095381  -0.05863351  0.04153845  0.01995581  0.05346337]
 [-0.11864724 -0.10042536 -0.11145659  0.11530806 -0.08992694]]
U = [[ 0.08628352 -0.13892687  0.1110728  -0.1505016   0.17824261]
 [-0.13061571  0.11660921  0.15000725  0.18484428 -0.03311211]
 [ 0.23542339 -0.01460796  0.10258455  0.22507887  0.11007358]
 [ 0.1461223   0.16091508  0.07363552  0.04822965  0.08213885]
 [-0.18588455  0.11914908  0.33510106  0.17461625 -0.03814035]]
Matrix Pair 36; W = [[-0.09892991  0.06060503  0.17254716  0.09077653 -0.13637369]
 [ 0.15346702 -0.28177135 -0.12240856 -0.07033217  0.10898106]
 [-0.11679171  0.03621706 -0.13900524 -0.00176871  0.12944715]
 [-0.03224076 -0.04644244  0.06860464  0.04814835  0.04830106]
 [-0.20527211 -0.10715086 -0.0315594   0.12646091  0.04686988]]
U = [[ 0.08266581 -0.10051463  0.13220601 -0.07814619  0.16848621]
 [-0.09668736  0.13400273  0.1648355   0.12145398 -0.05476599]
 [ 0.27201482  0.06690877  0.21449211  0.13531154  0.11912856]
 [ 0.04867439  0.20837697  0.07559796 -0.04216832 -0.01012366]
 [-0.22830184  0.19445888  0.36630854  0.21534135  0.0796364 ]]
Matrix Pair 37; W = [[-0.07424639  0.02594166  0.15502087  0.12173202 -0.12432856]
 [ 0.15930716 -0.22787354 -0.09751091 -0.10559572  0.19365119]
 [-0.1501286   0.0188313  -0.07840149  0.00928466  0.20087295]
 [-0.04662493 -0.0551373   0.09724198  0.00689397  0.04587637]
 [-0.20357333 -0.12064947 -0.04941289  0.13798685  0.03041025]]
U = [[ 0.04368396 -0.07070221  0.21991216 -0.05968634  0.17776152]
 [-0.08807749  0.0651511   0.17532144  0.14799842 -0.03846978]
 [ 0.2746716  -0.00636901  0.17024047  0.19490846  0.18917074]
 [ 0.07612732  0.21549292  0.0443141   0.0286342   0.05577647]
 [-0.19557616  0.22243227  0.34881218  0.18649327  0.09140897]]
Matrix Pair 38; W = [[-0.0457659   0.0294279   0.15097981  0.06939449 -0.13085272]
 [ 0.16160408 -0.20026491 -0.10993775 -0.07316735  0.17394908]
 [-0.13138383  0.04182598 -0.14479229 -0.04206223  0.17024447]
 [-0.09385295 -0.07532185  0.09467417  0.0020316   0.06296563]
 [-0.13689341 -0.12100946  0.0030508   0.12099367 -0.02569637]]
U = [[ 0.10340926 -0.02333919  0.13178246 -0.06506411  0.20314857]
 [-0.10991765  0.04796361  0.12545827  0.1206204   0.02968923]
 [ 0.29061648 -0.00594809  0.1663907   0.12833881  0.12285974]
 [ 0.12033395  0.15054612  0.06087664  0.01297357  0.05872052]
 [-0.22244537  0.19139246  0.33904404  0.21001847  0.04533178]]
Matrix Pair 39; W = [[-0.06645268  0.00826179  0.10454657  0.07383595 -0.0590496 ]
 [ 0.11948227 -0.22440939 -0.08086529 -0.11590861  0.11586625]
 [-0.1603096  -0.00191311 -0.05495314  0.02139774  0.16517839]
 [-0.09258019 -0.14327182  0.07247865  0.02741282  0.00858591]
 [-0.21199329 -0.14693701 -0.02633596  0.16329393 -0.01323481]]
U = [[ 0.02614665 -0.06540458  0.13614247 -0.0141443   0.16687006]
 [-0.07823113  0.10983385  0.19873269  0.13849643 -0.032263  ]
 [ 0.27610872  0.05951523  0.20200047  0.12581406  0.10793322]
 [ 0.04202698  0.19777077  0.08173767  0.01464277  0.01388818]
 [-0.23253112  0.26639418  0.3891515   0.22043287  0.02391246]]
Matrix Pair 40; W = [[-0.04680611  0.05161753  0.18507857  0.13507283 -0.16185115]
 [ 0.06380778 -0.17645518 -0.04758391 -0.12710434  0.20252652]
 [-0.01688746  0.04890653 -0.09833452 -0.07210942  0.22673208]
 [-0.03980428 -0.04745772  0.0598485   0.02934659  0.00207344]
 [-0.14710889 -0.13028439 -0.02707061  0.17991414 -0.01146008]]
U = [[ 1.02892027e-01 -1.42925773e-01  1.21637204e-01 -5.27773404e-02
   2.76242786e-01]
 [-1.63507832e-01  4.75345540e-02  1.89829419e-01  2.40782627e-01
  -2.87788362e-04]
 [ 3.17723925e-01  6.21354089e-02  1.06469062e-01  1.28725077e-01
   2.00623253e-01]
 [ 9.09409834e-02  2.39603980e-01  6.72055114e-02  5.86976463e-02
   1.34975210e-01]
 [-2.09397150e-01  1.37232670e-01  3.43621543e-01  1.25749120e-01
   4.18829782e-02]]
Matrix Pair 41; W = [[-0.06235336  0.1124528   0.18238953  0.13396046 -0.11726731]
 [ 0.12732259 -0.15716033 -0.03922548 -0.04696556  0.26275315]
 [-0.09348013 -0.002301   -0.05994884 -0.00569447  0.25874768]
 [-0.01540524 -0.1233151   0.06414313  0.07691034 -0.07411005]
 [-0.16237226 -0.12624509 -0.00909551  0.10908936 -0.02804831]]
U = [[ 0.06898597 -0.16776859  0.1878436  -0.07148487  0.20230119]
 [-0.20653298  0.11358226  0.13965252  0.16915878 -0.03701291]
 [ 0.24741858  0.00472453  0.1232274   0.16731622  0.11599536]
 [ 0.07665863  0.26876721  0.11259395  0.03466219  0.14018839]
 [-0.21253561  0.19482863  0.34449249  0.17251172 -0.02248524]]
Matrix Pair 42; W = [[-0.06432847  0.06714639  0.18069778  0.12151099 -0.14143735]
 [ 0.07701062 -0.18388957 -0.09553095 -0.0625947   0.2645356 ]
 [-0.08846758  0.03716975 -0.02712633 -0.04634593  0.30193374]
 [-0.03924608 -0.07069606  0.06405333  0.06801638 -0.01513731]
 [-0.16727294 -0.1958567   0.05616736  0.09168356 -0.06752971]]
U = [[ 0.1132123  -0.12101406  0.16816344 -0.06398124  0.28175641]
 [-0.13204927  0.0435208   0.2134823   0.22415605  0.03229775]
 [ 0.32262254  0.05933374  0.09999934  0.15380486  0.12774645]
 [ 0.11642573  0.26978406  0.1520647   0.08076189  0.14614992]
 [-0.24970999  0.13510707  0.37279952  0.18220865  0.01379661]]
Matrix Pair 43; W = [[-0.01298932  0.03835207  0.15468782  0.08992822 -0.19152121]
 [ 0.14623594 -0.22379069 -0.08937642 -0.11455908  0.22828545]
 [-0.07873286 -0.02476158 -0.05195292 -0.05389138  0.22043748]
 [-0.03117062 -0.10456228 -0.02713934  0.06464867 -0.00636934]
 [-0.17148579 -0.17840533 -0.0324189   0.13438709 -0.04282327]]
U = [[ 1.12769858e-01 -1.45763751e-01  1.22183668e-01 -7.05611265e-02
   2.00804695e-01]
 [-1.22578370e-01  1.08500985e-01  1.58290269e-01  2.51460427e-01
   2.70104827e-02]
 [ 2.42859662e-01  2.14784373e-02  9.35096856e-02  1.62857774e-01
   1.27129471e-01]
 [ 9.10199495e-02  2.38117156e-01  8.82785591e-02 -9.73070768e-05
   1.79413185e-01]
 [-2.62851618e-01  1.49611209e-01  3.83671583e-01  1.30791997e-01
   6.93630613e-02]]
Matrix Pair 44; W = [[-0.02840989  0.03964647  0.15703029  0.08273814 -0.10404831]
 [ 0.11427977 -0.2618257  -0.11098948 -0.13492963  0.17969968]
 [-0.06479821  0.08378379 -0.06118413 -0.11278367  0.18552376]
 [-0.03068718 -0.05961917 -0.06145832 -0.07532076 -0.01067127]
 [-0.09610182 -0.12367428  0.04261254  0.05161719  0.00578118]]
U = [[ 0.0617733  -0.10190533  0.21638424 -0.09741382  0.30075957]
 [-0.18736991  0.08524599  0.14936748  0.15011702 -0.05165662]
 [ 0.22253251  0.0371661   0.04760595  0.10533789  0.17674611]
 [ 0.06371794  0.23589591  0.07987718  0.03717827  0.10032669]
 [-0.29503312  0.1571776   0.34174757  0.11653728  0.03829746]]
Matrix Pair 45; W = [[ 0.00073681  0.04374952  0.12741407  0.09522865 -0.14297941]
 [ 0.06538811 -0.2718123  -0.13827454 -0.11841424  0.21434841]
 [-0.02761431  0.10297654 -0.10108229 -0.08841389  0.17170212]
 [ 0.00784894 -0.10871539 -0.03162202 -0.05638902  0.01151618]
 [-0.09529442 -0.03159579 -0.01721801  0.04270421 -0.07435542]]
U = [[ 0.07004255 -0.0996806   0.14249912 -0.12117535  0.32962055]
 [-0.11659936  0.15255825  0.11222825  0.23260565  0.01339984]
 [ 0.23847127  0.05109753  0.0802517   0.10968562  0.15215352]
 [ 0.11968778  0.19490446  0.11175954  0.08179808  0.12999829]
 [-0.2069474   0.20925962  0.36720941  0.20255861  0.02290484]]
Matrix Pair 46; W = [[-0.02604346  0.06188447  0.14300435  0.11645469 -0.12475649]
 [ 0.16067486 -0.2191788  -0.14299601 -0.04696919  0.24604983]
 [-0.02136499  0.05859516 -0.14340994 -0.13799531  0.2043265 ]
 [-0.03108179 -0.03311006 -0.05620201  0.01729104 -0.00588843]
 [-0.15332953 -0.08668482  0.02403285  0.04716272 -0.07950323]]
U = [[ 0.03235633 -0.08274658  0.18139863 -0.14487701  0.29374223]
 [-0.1139304   0.11495977  0.10608997  0.18042657  0.03535003]
 [ 0.31863363  0.04529955  0.03831741  0.12027752  0.16577958]
 [ 0.08469257  0.26133101  0.07373069  0.07911729  0.10277353]
 [-0.20424983  0.13869406  0.3974982   0.1825761   0.04259693]]
Matrix Pair 47; W = [[-0.0017168   0.03950459  0.09144564  0.14472024 -0.14541675]
 [ 0.11422586 -0.2342353  -0.08505656 -0.11473135  0.19256104]
 [-0.1196582   0.07774905 -0.14235838 -0.13795556  0.24417916]
 [ 0.03053319 -0.06391564 -0.011342   -0.06236599 -0.00679928]
 [-0.07989815 -0.11771626  0.01544522  0.06228258 -0.07537565]]
U = [[ 0.11915061 -0.03909077  0.20760848 -0.05527607  0.23844969]
 [-0.167554    0.15283394  0.12443406  0.22539468 -0.0204929 ]
 [ 0.26622231  0.00825855  0.08104865  0.11396364  0.11110905]
 [ 0.1208826   0.23988855  0.09949694  0.08492143  0.04868907]
 [-0.23090469  0.21766531  0.36316662  0.16774784  0.05998316]]
Matrix Pair 48; W = [[-0.09550861  0.07915289  0.1668675   0.07294854 -0.12329755]
 [ 0.05716533 -0.30329585 -0.09102713 -0.0120054   0.12893826]
 [-0.05413686  0.06259296 -0.0821359   0.01203751  0.25155255]
 [ 0.07278558 -0.08285953 -0.01119145 -0.05175522 -0.00160493]
 [-0.20709068 -0.25773056  0.01329632  0.10064121 -0.10530415]]
U = [[ 0.05269437 -0.11099669  0.1345253  -0.13838072  0.22321019]
 [-0.16413766  0.1477706   0.10433863  0.23005062  0.04971409]
 [ 0.31713848 -0.00722463  0.12851091  0.05017322  0.1031345 ]
 [ 0.05885892  0.23115068  0.04122207  0.05182793  0.05659268]
 [-0.21123009  0.13560247  0.38545831  0.19950341 -0.03914132]]
Matrix Pair 49; W = [[-0.09952814  0.14045539  0.20553052  0.0690432  -0.12150503]
 [ 0.06629505 -0.38980336 -0.00659513 -0.03125918  0.13974025]
 [-0.00407693  0.06247128 -0.13052814  0.02504614  0.18515301]
 [ 0.06130892 -0.01765013  0.00709301 -0.0085409   0.02069406]
 [-0.17639718 -0.21181334  0.02103099  0.13930401 -0.07013697]]
U = [[ 0.10917242 -0.10424111  0.06938193 -0.16085305  0.27339346]
 [-0.1160959   0.06574756  0.16372998  0.19161586  0.09202917]
 [ 0.32011741 -0.02139213  0.10001372  0.05316934  0.17761638]
 [ 0.07102784  0.17349844  0.10947261  0.02542687  0.10829017]
 [-0.22401355  0.17146842  0.32297702  0.17990558  0.05014009]]
Matrix Pair 50; W = [[-0.03839271  0.06706656  0.20706545  0.1171015  -0.07476433]
 [ 0.05115142 -0.29892619 -0.06691749 -0.02681541  0.22063618]
 [-0.00624727  0.05118078 -0.14197801  0.01534216  0.19531375]
 [-0.01163325 -0.00899679 -0.03165538 -0.03836965 -0.01037836]
 [-0.16468194 -0.23126309 -0.00060061  0.15477489 -0.08270126]]
U = [[ 0.08092376 -0.14427084  0.11887638 -0.08220925  0.29709195]
 [-0.14901017  0.1388138   0.13059246  0.24637547  0.08990997]
 [ 0.27794269  0.06291408  0.0853724   0.06270936  0.16053979]
 [ 0.06931313  0.20774059  0.10415304  0.03416842  0.07466466]
 [-0.21752913  0.2210532   0.37814179  0.15968896 -0.02157485]]
Matrix Pair 51; W = [[-0.06148887  0.10180784  0.11460562  0.04931654 -0.13841177]
 [ 0.05532967 -0.3174886  -0.05914394 -0.01365085  0.13408117]
 [-0.04057787  0.01312137 -0.13011855  0.01068643  0.23467969]
 [ 0.04970252  0.00139574 -0.05246877 -0.08828474  0.06762531]
 [-0.1428334  -0.182039   -0.03503825  0.16163626 -0.05805682]]
U = [[ 0.06561909 -0.12141031  0.1142507  -0.13268774  0.25785548]
 [-0.14254035  0.10766798  0.07789425  0.2260018   0.08980755]
 [ 0.35499297 -0.00502636  0.10314569  0.05351119  0.16579517]
 [ 0.14693525  0.19754106  0.01496056  0.07068942  0.12588756]
 [-0.19156302  0.21012544  0.39712633  0.17229313  0.01643201]]
Matrix Pair 52; W = [[-0.06512655  0.00810452  0.10846026  0.04576985 -0.14555921]
 [ 0.07774966 -0.29341421 -0.10695455 -0.11694402  0.25731765]
 [-0.04192983  0.04403363 -0.14214329  0.00645774  0.23563699]
 [-0.04940698 -0.0323274  -0.00212325 -0.01010232  0.04365668]
 [-0.15225487 -0.11981788 -0.06086163  0.10620987 -0.00925033]]
U = [[ 0.04605736 -0.13671485  0.03705631 -0.00456096  0.24582422]
 [-0.15695623  0.03561919  0.17072523  0.18288103  0.06774185]
 [ 0.24832223  0.0223243   0.08635854  0.17778108  0.10040245]
 [ 0.10743293  0.23302105  0.15109937 -0.00076769  0.09373666]
 [-0.21861969  0.20984473  0.36089971  0.20765489  0.01554086]]
Matrix Pair 53; W = [[-0.10825238  0.03652114  0.10824043  0.10140815 -0.18135379]
 [ 0.07678869 -0.19915242 -0.0991899  -0.0786662   0.19627399]
 [-0.10548444  0.06134326 -0.1607982  -0.03152747  0.2282943 ]
 [-0.01524726 -0.07465065 -0.01313987  0.06460283  0.03107923]
 [-0.13627805 -0.20167104 -0.05111684  0.08783989 -0.00428717]]
U = [[ 0.0245056  -0.08321694  0.0430844   0.00395782  0.20211175]
 [-0.13267015  0.05808322  0.10314075  0.24537689  0.0544998 ]
 [ 0.31571279 -0.04359682  0.12399258  0.0893925   0.16106303]
 [ 0.1359309   0.19369616  0.13944481  0.04663012  0.05042677]
 [-0.23231563  0.27060697  0.43728094  0.22708613  0.0422808 ]]
Matrix Pair 54; W = [[-0.08016768  0.08197765  0.10196608  0.09370036 -0.15936688]
 [ 0.13822974 -0.23634725 -0.1129038  -0.07351608  0.17723799]
 [-0.13367572  0.07461677 -0.1481368   0.00742955  0.25580273]
 [ 0.04342538 -0.0766699   0.01053251  0.04755385  0.0575752 ]
 [-0.16462422 -0.14724966 -0.05554924  0.13330435 -0.06309761]]
U = [[ 0.0354     -0.1167517   0.08399409 -0.01418284  0.26129997]
 [-0.15125126  0.02571992  0.17054012  0.19920081  0.00313524]
 [ 0.2826297  -0.02575771  0.07874239  0.17802162  0.18551831]
 [ 0.11512679  0.25456429  0.10426252  0.0288286   0.02508311]
 [-0.25359586  0.18551078  0.37301151  0.18770523  0.02623267]]
Matrix Pair 55; W = [[-0.07762189  0.02677566  0.08887182  0.13777523 -0.17532613]
 [ 0.11406825 -0.23355093 -0.13166468 -0.12149074  0.20577291]
 [-0.06936645  0.0409642  -0.17388222 -0.06530481  0.23167821]
 [-0.0288946  -0.07018334  0.0032773   0.01881752  0.0260305 ]
 [-0.12330018 -0.19057933 -0.06919017  0.11714952 -0.03713273]]
U = [[ 0.00920019 -0.14177308  0.0955766  -0.03665747  0.26491486]
 [-0.18998409  0.05671425  0.1096525   0.20015636 -0.02493808]
 [ 0.22242537 -0.02712106  0.06086253  0.08915065  0.11280327]
 [ 0.12841296  0.24767907  0.08481351  0.03576586  0.03441311]
 [-0.26105795  0.22827959  0.39712244  0.19051907  0.01193401]]
Matrix Pair 56; W = [[-0.13851884  0.05384138  0.13309158  0.06387349 -0.15754255]
 [ 0.04283858 -0.27925676 -0.07553885 -0.15452032  0.24004878]
 [-0.05703637  0.00906159 -0.08326894 -0.00995439  0.226184  ]
 [-0.04177739 -0.0311803   0.00346562  0.06016598  0.00119026]
 [-0.22814318 -0.12265969  0.02704949  0.0864029  -0.00817309]]
U = [[ 0.06531896 -0.1101448   0.18968518 -0.03862129  0.20575036]
 [-0.12673514  0.06825382  0.21852791  0.21175007  0.09426414]
 [ 0.2788459   0.07399926  0.09774517  0.08708012  0.21861841]
 [ 0.10810042  0.21296686  0.05638458 -0.02570118  0.11045859]
 [-0.18427018  0.1628281   0.34490272  0.18563433 -0.03233845]]
Matrix Pair 57; W = [[-0.09087637  0.11129944  0.14247227  0.02339437 -0.1149357 ]
 [ 0.09881302 -0.24383236 -0.05465373 -0.1342874   0.19828207]
 [ 0.01296135  0.03797278 -0.09695363 -0.02676092  0.21288995]
 [ 0.03323974 -0.10209792 -0.01588701  0.00352687 -0.0136371 ]
 [-0.16433755 -0.09436874  0.00683956  0.13329742 -0.02096979]]
U = [[ 0.06397397 -0.10478105  0.11836477 -0.07218831  0.25974741]
 [-0.19060801  0.09565004  0.24745661  0.16608799  0.1232277 ]
 [ 0.27229215  0.03872328  0.08547705  0.17427722  0.19267524]
 [ 0.08684966  0.14111743  0.11809407  0.00042631  0.05272826]
 [-0.26511944  0.21848111  0.28539117  0.16024016 -0.04261716]]
Matrix Pair 58; W = [[-0.12907571  0.11912266  0.09537881  0.04571546 -0.1488055 ]
 [ 0.07571336 -0.28795775 -0.11026577 -0.11985621  0.20250582]
 [ 0.02127612  0.05081116 -0.1408741   0.00673982  0.21059733]
 [-0.02506278 -0.06845724 -0.00519957  0.03938997 -0.01727296]
 [-0.14221219 -0.12451857  0.03202625  0.1244486  -0.07886107]]
U = [[ 0.02267656 -0.17242501  0.13334507 -0.10790394  0.20221426]
 [-0.15430571  0.08779455  0.163827    0.17907375  0.11739727]
 [ 0.29125321  0.06524972  0.08916117  0.1307576   0.22943942]
 [ 0.16846985  0.18405916  0.08414066  0.02441897  0.09000227]
 [-0.25606445  0.24043165  0.33581398  0.11364054  0.00234996]]
Matrix Pair 59; W = [[-0.07721903  0.08573793  0.18450894  0.02487802 -0.11552479]
 [ 0.1272834  -0.30574161 -0.13993956 -0.12371481  0.21969131]
 [ 0.00582253 -0.00938424 -0.0773547   0.01045044  0.21324465]
 [ 0.02642494 -0.05408307 -0.02684552  0.04999763 -0.01338753]
 [-0.13461361 -0.14533189  0.02646168  0.16464051 -0.01260222]]
U = [[ 0.04464462 -0.10831534  0.13054369 -0.029481    0.25342046]
 [-0.17168549  0.00417158  0.22771028  0.23847979  0.05942566]
 [ 0.27460814  0.04342691  0.08105842  0.16552868  0.22020727]
 [ 0.16067195  0.23486056  0.07560772 -0.00327584  0.09040321]
 [-0.21955362  0.18443629  0.30168292  0.15991584 -0.06277487]]
Matrix Pair 60; W = [[-0.03281613  0.09423338  0.20716563  0.08982585 -0.09561863]
 [ 0.12586683 -0.25035163 -0.05185668 -0.13763351  0.17404946]
 [-0.02822238  0.0758202  -0.10536615  0.01110564  0.26313849]
 [ 0.06103363 -0.01464563 -0.06339772  0.0247925   0.10651886]
 [-0.17706033 -0.14929616  0.05427649  0.07374845 -0.09170815]]
U = [[ 0.0675752  -0.1165285   0.11577167 -0.07618208  0.19303581]
 [-0.21398605  0.15063425  0.1267517   0.21088621 -0.04271951]
 [ 0.26568519  0.05735263  0.10017277  0.17962637  0.09214843]
 [ 0.15567207  0.21773805  0.10916014  0.05982787  0.06699173]
 [-0.24086056  0.11503018  0.43214796  0.14330824 -0.01322733]]
Matrix Pair 61; W = [[-0.03572761  0.03985452  0.14903337  0.07447163 -0.15493447]
 [ 0.09385067 -0.23322494 -0.03531485 -0.12085936  0.23418166]
 [-0.04964749  0.06940778 -0.04129784  0.02457075  0.24284796]
 [ 0.01186859 -0.02501422 -0.04985565  0.00849106  0.0315081 ]
 [-0.12068386 -0.17319544 -0.0155199   0.09750019 -0.0083512 ]]
U = [[ 0.13008275 -0.07635686  0.14448567 -0.1176662   0.22412382]
 [-0.17673765  0.16015433  0.11227023  0.17095425 -0.00701518]
 [ 0.26051123  0.04019958  0.10506409  0.19531364  0.07558862]
 [ 0.07525646  0.19067488  0.07339657  0.04581696  0.08972703]
 [-0.18108031  0.11520537  0.37069116  0.17028034 -0.01996168]]
Matrix Pair 62; W = [[-0.05010109  0.11238278  0.1680198   0.1171309  -0.12964194]
 [ 0.17837063 -0.20723142 -0.10133915 -0.08093953  0.17537237]
 [-0.07054101  0.00853392 -0.10336723 -0.01340389  0.23495074]
 [-0.00699499 -0.07746396 -0.03896368 -0.05506963  0.01602846]
 [-0.12465222 -0.09770566  0.02850805  0.12630346 -0.08540705]]
U = [[ 0.06815288 -0.0389445   0.10035172 -0.0878628   0.21069429]
 [-0.18806911  0.08907429  0.14979228  0.235427   -0.0190326 ]
 [ 0.31185193  0.11809596  0.1663045   0.13037136  0.13852755]
 [ 0.07390816  0.19612381  0.06528345  0.07794372  0.13753757]
 [-0.25795704  0.10652597  0.34515812  0.16948061  0.02512367]]
Matrix Pair 63; W = [[-0.02361746  0.07860022  0.12379159  0.15449189 -0.15156779]
 [ 0.18451195 -0.2923186  -0.05682307 -0.1156737   0.23239374]
 [-0.10849923  0.01483365 -0.10094025  0.00443345  0.23743279]
 [-0.01969554 -0.07242148 -0.03111548 -0.02957132  0.01418004]
 [-0.11853656 -0.09944213  0.04356952  0.11634732 -0.0196898 ]]
U = [[ 0.03310343 -0.06417786  0.12706926 -0.10866057  0.21518239]
 [-0.18334322  0.13496042  0.11043508  0.21951214 -0.01223879]
 [ 0.22588561  0.0730256   0.09596259  0.18865603  0.08169992]
 [ 0.10309455  0.25853099  0.04274917 -0.01787087  0.14672182]
 [-0.17531225  0.19188363  0.35648935  0.13893229 -0.06246048]]
