Epoch: 79Matrix Pair 0; W = [[-0.09297554  0.10707118  0.10449843  0.07416409 -0.09006083]
 [ 0.10883116 -0.21484683  0.0296955  -0.08548147  0.25915542]
 [-0.12387961  0.04406649 -0.18595976  0.01391532  0.25157734]
 [-0.0296695  -0.04816268  0.0498571   0.02021728  0.04507304]
 [-0.13277298 -0.19290139 -0.06881323  0.1890479  -0.00502059]]
U = [[ 0.0592262  -0.18599997  0.16164699 -0.08103474  0.23727595]
 [-0.17142823  0.12793811  0.1672369   0.17145351 -0.02651518]
 [ 0.20180018 -0.02414972  0.13229597  0.14862947  0.1578226 ]
 [ 0.07064749  0.24865497 -0.06438537  0.02731791  0.06608731]
 [-0.2012345   0.18684362  0.38051871  0.20683992  0.05435883]]
Matrix Pair 1; W = [[-0.11347758  0.03812034  0.15907794  0.07798436 -0.08975017]
 [ 0.18395026 -0.24278734  0.00954303 -0.14333606  0.21991763]
 [-0.07746352  0.04026429 -0.20752646  0.01914132  0.20789255]
 [-0.05193205 -0.04533756  0.01199847 -0.0218076  -0.01485757]
 [-0.12001678 -0.2076996  -0.00509588  0.16866662  0.00089673]]
U = [[ 0.03605331 -0.21585962  0.16193766 -0.06058505  0.22008872]
 [-0.17719164  0.05121504  0.22443255  0.13483154 -0.03481077]
 [ 0.27035873 -0.03018955  0.13193576  0.15557577  0.17889769]
 [ 0.06239777  0.19774674 -0.01590913  0.05489502  0.11243084]
 [-0.24864698  0.21756802  0.32116674  0.1600542  -0.02321481]]
Matrix Pair 2; W = [[-0.08526816  0.03691788  0.14505811  0.05354542 -0.15550969]
 [ 0.12835963 -0.26185223 -0.01458219 -0.08380002  0.19870609]
 [-0.05637216  0.01577804 -0.13285509  0.03352772  0.22578795]
 [-0.03075054 -0.0718885  -0.02246842  0.04866449  0.04252905]
 [-0.14782419 -0.13480719  0.01900091  0.10924023 -0.0589927 ]]
U = [[-0.00917277 -0.2049581   0.10847245 -0.07125084  0.25277217]
 [-0.17838126  0.13700166  0.2120384   0.17774435 -0.02347478]
 [ 0.21267501 -0.06836616  0.08023542  0.09030601  0.20224202]
 [ 0.0123193   0.16954169 -0.01896419  0.00914564  0.06067115]
 [-0.20275845  0.23156027  0.39657063  0.20892289 -0.01770725]]
Matrix Pair 3; W = [[-0.06987649  0.08067733  0.08911293  0.0542675  -0.10970832]
 [ 0.17228262 -0.19886842 -0.03053916 -0.13417345  0.22051926]
 [-0.05696807  0.09034483 -0.10896765  0.03506734  0.21046358]
 [-0.03430192 -0.02545878 -0.00967676  0.01362012  0.00985562]
 [-0.19459802 -0.19063425 -0.03008896  0.13378294 -0.07251648]]
U = [[-0.0046714  -0.13721551  0.09396125 -0.11017329  0.22443895]
 [-0.16621613  0.12781918  0.14597122  0.12553827 -0.06921593]
 [ 0.28104984 -0.10687996  0.09099511  0.17232503  0.17377826]
 [ 0.08473849  0.22717906 -0.05757513  0.02491989  0.13200102]
 [-0.22992765  0.17197334  0.35642317  0.15344583  0.05646415]]
Matrix Pair 4; W = [[-0.05094843  0.03665884  0.19894762  0.04195909 -0.14104181]
 [ 0.07047163 -0.28462309 -0.07934828 -0.11125111  0.20690194]
 [-0.045928   -0.02753655 -0.02267549 -0.05609099  0.15422686]
 [-0.02465287 -0.06473728  0.09332238  0.00911359 -0.02968456]
 [-0.13231382 -0.15576722  0.0198127   0.10693224 -0.08442784]]
U = [[ 0.120089   -0.14336605  0.10004838 -0.14286034  0.22886933]
 [-0.08117768 -0.01468778  0.10123251  0.22504338 -0.01334139]
 [ 0.27564662 -0.03382094  0.0333097   0.21934408  0.16888716]
 [ 0.05410463  0.24937034  0.09569367  0.05732445  0.09528186]
 [-0.18313804  0.17401354  0.32425018  0.10969531  0.04293851]]
Matrix Pair 5; W = [[-0.01482687  0.03588181  0.20015568  0.05351459 -0.13829442]
 [ 0.06640178 -0.2088636  -0.13036581 -0.15011215  0.17469223]
 [-0.06052556  0.00735031 -0.07121451 -0.00536744  0.1728543 ]
 [-0.00685916 -0.12813813  0.05228783  0.06571543 -0.02064579]
 [-0.12801382 -0.12180019 -0.0131563   0.06317915 -0.08803808]]
U = [[ 0.0922745  -0.07874582  0.11612882 -0.0870937   0.23631448]
 [-0.06812466 -0.01537882  0.11437692  0.18744291  0.03483755]
 [ 0.27056033 -0.05024973  0.06243502  0.19443509  0.14054661]
 [ 0.0673666   0.2169787   0.0299863   0.02198756  0.1412309 ]
 [-0.23724033  0.20103884  0.38867922  0.15240773  0.03303877]]
Matrix Pair 6; W = [[-0.09907342  0.01093759  0.10975302  0.08404853 -0.15352485]
 [ 0.0604154  -0.27908066 -0.15949567 -0.12781419  0.15852082]
 [-0.07261076 -0.00820081 -0.00458208  0.01439044  0.21326414]
 [-0.07985583 -0.07923316  0.06613038  0.01151453 -0.04973544]
 [-0.14599517 -0.15081693 -0.00765958  0.05682755 -0.08994742]]
U = [[ 0.08898637 -0.07815099  0.11738206 -0.07936909  0.1914602 ]
 [-0.06143364 -0.00348883  0.17494604  0.16474463  0.02599159]
 [ 0.26839144 -0.02523674  0.07758314  0.20943535  0.17529111]
 [ 0.01525078  0.20057167  0.08145849  0.04212954  0.17122777]
 [-0.21192722  0.1602039   0.35999205  0.16208437  0.06178664]]
Matrix Pair 7; W = [[-0.04617421  0.04263815  0.13030979 -0.00718256 -0.10614949]
 [ 0.07246052 -0.28395308 -0.08114979 -0.14090552  0.20274523]
 [-0.09923374 -0.02397582 -0.04142699 -0.01449608  0.18963452]
 [-0.03216981 -0.07345765  0.05258166  0.03520261 -0.05765871]
 [-0.12252648 -0.10995575  0.00332888  0.09674837 -0.14189698]]
U = [[ 0.06128505 -0.06181315  0.10996771 -0.0744069   0.19493725]
 [-0.14152815  0.00455159  0.08573853  0.18385524  0.03298739]
 [ 0.2835553   0.00530824  0.11536125  0.19487859  0.21091688]
 [ 0.07610443  0.2198665   0.07050515  0.06554576  0.1470295 ]
 [-0.24679567  0.19923135  0.32457164  0.17598539  0.05477054]]
Matrix Pair 8; W = [[-5.27647854e-02  9.13340358e-02  2.16174459e-01  1.04768433e-01
  -1.59913943e-01]
 [ 8.42694371e-02 -2.04634143e-01 -1.00203042e-01 -8.37704886e-02
   2.36896914e-01]
 [-5.01701197e-02  2.41710949e-02 -1.31927714e-01  5.05846099e-02
   3.02783734e-01]
 [-2.85979482e-03  8.14562451e-03  3.32802875e-02 -1.54859548e-04
  -2.57643517e-02]
 [-1.41658942e-01 -1.35359031e-01 -4.45497814e-02  7.98984526e-02
  -6.18895106e-02]]
U = [[ 2.20481281e-02 -1.61045742e-01  1.60974851e-01 -6.41115298e-02
   2.49942565e-01]
 [-1.85091525e-01  2.62273493e-02  8.41170639e-02  1.82585453e-01
   3.22760889e-04]
 [ 2.36004169e-01 -3.94643709e-02  1.09492504e-01  1.45580742e-01
   1.00464135e-01]
 [ 9.24869342e-02  1.45513703e-01  8.70331899e-02 -8.12213829e-02
   3.52663253e-02]
 [-2.47583768e-01  2.56000486e-01  4.17205711e-01  1.78571604e-01
   3.67462545e-02]]
Matrix Pair 9; W = [[-0.00781509  0.06945531  0.12985059  0.15189581 -0.10141544]
 [ 0.08744362 -0.20473131 -0.03103396 -0.11871082  0.22714011]
 [-0.10004367  0.00502071 -0.13709223  0.09502508  0.25202305]
 [-0.01783041 -0.01546713  0.02798452 -0.03702933  0.03542106]
 [-0.12287981 -0.09884592  0.0248253   0.13043515  0.01968693]]
U = [[ 0.10179725 -0.14151474  0.15247805 -0.05514663  0.23316618]
 [-0.15483693  0.06536802  0.14254622  0.19647662 -0.00062579]
 [ 0.20966256  0.01932516  0.069659    0.13745197  0.09325474]
 [ 0.03845624  0.17217158  0.02956346 -0.027579    0.04232492]
 [-0.18052216  0.2751587   0.3658058   0.17987431 -0.02210888]]
Matrix Pair 10; W = [[ 0.01919086  0.14721804  0.15965966  0.17939071 -0.08049268]
 [ 0.09620087 -0.24585393 -0.11166781 -0.08905935  0.24741453]
 [-0.02339498 -0.01930667 -0.12348193  0.00908218  0.24076457]
 [ 0.02004268 -0.064153    0.04077826  0.0096233  -0.05215833]
 [-0.13747513 -0.14960093  0.01550129  0.12600895  0.00837361]]
U = [[ 0.03703573 -0.10690979  0.19377349 -0.06553771  0.26349078]
 [-0.14966813  0.0800145   0.12594035  0.11393038 -0.04410095]
 [ 0.22378764  0.0042608   0.09977582  0.13032781  0.09021764]
 [ 0.05105478  0.17670454  0.07040363 -0.00297372  0.05281903]
 [-0.23634503  0.2252845   0.40296821  0.20254646  0.02952241]]
Matrix Pair 11; W = [[-0.03824098  0.10983871  0.17976242  0.19226456 -0.09039424]
 [ 0.16351287 -0.28143577 -0.04716988 -0.0744848   0.16614908]
 [-0.02394531  0.04344531 -0.10178819  0.03375174  0.25651218]
 [ 0.00718232 -0.03064107  0.00987689 -0.00981704 -0.04084102]
 [-0.18450988 -0.13765728  0.02379449  0.12321154 -0.00413144]]
U = [[ 0.03080546 -0.17852314  0.1761153  -0.0524899   0.19522073]
 [-0.19148567  0.03148703  0.08374784  0.18554387 -0.05083106]
 [ 0.2293032   0.01107282  0.08493451  0.1139119   0.14929687]
 [ 0.05339437  0.1652904   0.1028901  -0.01815101  0.05017484]
 [-0.21930609  0.21136633  0.36279232  0.14884021 -0.01735681]]
Matrix Pair 12; W = [[-0.1062652   0.01533383  0.1328012   0.1121727  -0.05896237]
 [ 0.12310345 -0.28085741 -0.13970737 -0.1758101   0.19890711]
 [-0.1583108   0.07087819 -0.09842663 -0.02472598  0.20070587]
 [-0.07742916 -0.00935942  0.06179678  0.04573255  0.0294741 ]
 [-0.1374588  -0.11218529 -0.0751978   0.06694861 -0.03576246]]
U = [[ 0.09551956 -0.10461624  0.16170214 -0.05579452  0.23489082]
 [-0.18955708  0.12713623  0.16094751  0.1366458  -0.03385759]
 [ 0.22865632 -0.04160754  0.10367324  0.14693584  0.07153019]
 [ 0.13226766  0.14801084  0.01990755  0.06640351  0.11689852]
 [-0.20283538  0.1755907   0.35985574  0.14425314  0.00781062]]
Matrix Pair 13; W = [[-0.08534516  0.07809555  0.15724361  0.11445203 -0.09152891]
 [ 0.08117575 -0.29450319 -0.06103246 -0.19425939  0.15329777]
 [-0.11900002  0.01973975 -0.15494837 -0.01444548  0.18448966]
 [-0.09132355 -0.06651188  0.13255275  0.02115608 -0.03147735]
 [-0.22319388 -0.18214508 -0.05978777  0.10291181 -0.0314638 ]]
U = [[ 0.1274731  -0.0353917   0.11274842 -0.07528877  0.23752435]
 [-0.12250632  0.03857827  0.1403883   0.15007497 -0.09768946]
 [ 0.21316101 -0.05008485  0.13939156  0.14587902  0.12507076]
 [ 0.07101114  0.22924513  0.03011257  0.0514086   0.07480922]
 [-0.16492792  0.17831986  0.40830852  0.17648215  0.06030957]]
Matrix Pair 14; W = [[-0.05510315  0.01886708  0.14815402  0.10199541 -0.0199462 ]
 [ 0.13064027 -0.30614455 -0.07934824 -0.18786153  0.15245494]
 [-0.13019974  0.01915553 -0.13242396  0.01825464  0.24735509]
 [-0.00850851 -0.07639473  0.07359805  0.01576325  0.03287126]
 [-0.14414047 -0.1713656  -0.02889999  0.13790419  0.04198729]]
U = [[ 0.1166081  -0.06595663  0.09072925 -0.0467939   0.22604179]
 [-0.11751287  0.13012474  0.18441469  0.13997949 -0.05975807]
 [ 0.28652624 -0.03823536  0.14682328  0.10330526  0.14646941]
 [ 0.14740223  0.18638117 -0.02013861 -0.01632522  0.12181078]
 [-0.25479312  0.1580324   0.35842357  0.15441716  0.00687023]]
Matrix Pair 15; W = [[-0.10526976 -0.00179196  0.18584466  0.06061281 -0.04088418]
 [ 0.09863986 -0.28331783 -0.08349582 -0.11388644  0.18114402]
 [-0.12434904  0.04217604 -0.0719695  -0.05065552  0.23389024]
 [-0.03891977 -0.08468796  0.11159492  0.01344525  0.05013801]
 [-0.21879927 -0.16167735 -0.08869038  0.13009736  0.02881212]]
U = [[ 0.10948464 -0.06081955  0.10546042 -0.04151372  0.16542345]
 [-0.15630388  0.10950558  0.14890889  0.12822447 -0.07342734]
 [ 0.22357284  0.00617506  0.11468478  0.17676974  0.15341325]
 [ 0.10839197  0.23591804  0.02308817  0.0675286   0.04310024]
 [-0.16832056  0.17988073  0.34908225  0.13618138 -0.0039354 ]]
Matrix Pair 16; W = [[-0.13243945  0.10554243  0.11740911  0.08587372 -0.06474367]
 [ 0.17658391 -0.21393298 -0.09509922 -0.10362916  0.18485012]
 [-0.15194605  0.11371046 -0.06210685 -0.02834165  0.24242439]
 [ 0.00271543 -0.10188424  0.03139369 -0.01711917 -0.05438441]
 [-0.22286347 -0.13941697 -0.02106876  0.14142817 -0.03581528]]
U = [[ 0.00269402 -0.08905339  0.15355616 -0.09758279  0.20148421]
 [-0.12199475  0.13493581  0.16771954  0.17330691  0.01117552]
 [ 0.34813697  0.03544482  0.12911996  0.23004679  0.10943327]
 [ 0.04897697  0.20210447  0.00438119  0.0009996   0.06120404]
 [-0.27367724  0.16874426  0.31449586  0.16728216 -0.014661  ]]
Matrix Pair 17; W = [[-0.1158605   0.06430621  0.10941073  0.05123813 -0.03991123]
 [ 0.10264762 -0.24170986 -0.11398739 -0.103563    0.25705713]
 [-0.12724219  0.1089832  -0.06223746 -0.07547035  0.22768804]
 [-0.00565587 -0.06296331  0.06039366  0.04717795  0.00135526]
 [-0.16134476 -0.11819378  0.01326223  0.05675629 -0.01865186]]
U = [[ 0.00903762 -0.09763045  0.15627948 -0.08608435  0.16497415]
 [-0.11839601  0.09667134  0.15480732  0.1856078  -0.08152136]
 [ 0.34612868  0.02772172  0.15073716  0.20356844  0.04498633]
 [ 0.03556423  0.1810007  -0.03394179 -0.05165578  0.05168851]
 [-0.28102581  0.1868469   0.3572633   0.17132658 -0.01169517]]
Matrix Pair 18; W = [[-0.09794466  0.1389511   0.150256    0.13905249 -0.09407808]
 [ 0.16719704 -0.28402285 -0.09642513 -0.1125673   0.20785848]
 [-0.08950132  0.06048347 -0.12156693 -0.03061672  0.23707712]
 [-0.00968511 -0.04673029  0.03353062 -0.04946271  0.00093924]
 [-0.22307952 -0.18470248  0.02656047  0.04310285 -0.01684696]]
U = [[ 0.04489004 -0.12356178  0.22604556 -0.1257562   0.18051384]
 [-0.12306101  0.11902516  0.13756895  0.2521902  -0.04264437]
 [ 0.31989496  0.02135039  0.1346572   0.19113069  0.07944986]
 [ 0.06811372  0.2015552  -0.03712237 -0.02727725  0.05983435]
 [-0.27957896  0.12914396  0.40227042  0.14397203 -0.00057557]]
Matrix Pair 19; W = [[-0.1260676   0.13682995  0.16054203  0.08255861 -0.11665663]
 [ 0.16330957 -0.23560574 -0.03585341 -0.1622336   0.20818137]
 [-0.07774108  0.12187536 -0.09900895 -0.04681856  0.22090616]
 [-0.00118982 -0.03646108  0.00275244  0.01043463 -0.02967311]
 [-0.17624708 -0.16915399 -0.0348983   0.11883339 -0.00614054]]
U = [[ 0.06156493 -0.09994126  0.15626932 -0.06927772  0.25552357]
 [-0.13681969  0.11991722  0.10011132  0.23612107 -0.01002357]
 [ 0.31308354 -0.02883901  0.06615894  0.15056604  0.09909239]
 [ 0.09972525  0.18047266 -0.00479563  0.01247321  0.11261502]
 [-0.20066443  0.18804394  0.38509543  0.18365067  0.0183517 ]]
Matrix Pair 20; W = [[-0.0495596   0.07395614  0.17578834  0.0630079  -0.07573273]
 [ 0.11573736 -0.25860165 -0.15011301 -0.06807162  0.20835466]
 [-0.0904936   0.04938067 -0.07510748 -0.04023689  0.21746026]
 [-0.0200961  -0.11076202  0.10753598 -0.01762878  0.0584028 ]
 [-0.11028901 -0.16472663 -0.03463733  0.14517182 -0.05982297]]
U = [[ 8.25703533e-02 -9.57781615e-02  1.58114748e-01 -2.49710527e-02
   2.21852549e-01]
 [-1.26534564e-01  9.73287651e-02  1.83411022e-01  1.70574138e-01
  -3.08606371e-02]
 [ 2.56554817e-01  6.05693923e-02  2.10216867e-01  1.50353453e-01
   1.73681294e-01]
 [ 8.56011002e-02  1.50036962e-01  6.28386146e-02  2.32080484e-04
   6.71714960e-02]
 [-2.18412685e-01  1.87327714e-01  3.64378518e-01  1.22280728e-01
  -3.73031238e-02]]
Matrix Pair 21; W = [[-0.06288199  0.02055882  0.08422533  0.07091125 -0.06603944]
 [ 0.14680957 -0.26576135 -0.0842761  -0.15695148  0.14617393]
 [-0.12606929  0.08668044 -0.07056642 -0.03760905  0.18587998]
 [-0.06597461 -0.12137969  0.03905636  0.07162742 -0.00646765]
 [-0.19616618 -0.10616743 -0.01885975  0.09661628 -0.0117515 ]]
U = [[ 0.05319644 -0.13383972  0.08723109 -0.02874421  0.21120307]
 [-0.16406568  0.04740085  0.14160595  0.13715897 -0.03874022]
 [ 0.25695078  0.04429371  0.1707547   0.11087625  0.10303963]
 [ 0.14877512  0.22042179  0.11985869  0.04301847  0.05357703]
 [-0.2680893   0.18831946  0.4000895   0.17616102 -0.01683439]]
Matrix Pair 22; W = [[-0.06770429 -0.00158043  0.14643688  0.09664322 -0.11443792]
 [ 0.13767031 -0.26127012 -0.10281882 -0.10039845  0.13209037]
 [-0.14121366  0.03441113 -0.0949698  -0.02575506  0.15123214]
 [-0.02902584 -0.11559793  0.1126145   0.06313236  0.05553718]
 [-0.17580909 -0.12550606 -0.04248773  0.08265537 -0.0741614 ]]
U = [[ 1.15656618e-01 -1.27573001e-01  1.04701849e-01 -7.12720173e-02
   2.46087881e-01]
 [-1.70769809e-01  1.14478261e-01  1.38064409e-01  1.98782158e-01
  -3.81364688e-02]
 [ 2.48072211e-01  6.72165687e-02  2.05327383e-01  1.44912611e-01
   1.70949258e-01]
 [ 8.93130293e-02  1.51922192e-01  6.71269606e-02 -1.12930331e-04
   1.55955736e-02]
 [-2.66495443e-01  1.74380105e-01  3.57666083e-01  1.39952011e-01
  -2.46339156e-02]]
Matrix Pair 23; W = [[-0.07074377  0.01050175  0.17553259  0.07893825 -0.0846939 ]
 [ 0.1982295  -0.32725234 -0.1282497  -0.13121768  0.19435869]
 [-0.14723734  0.05319377 -0.13520101  0.02013157  0.2336048 ]
 [-0.03530091 -0.13267339  0.08364011  0.0219128   0.0313363 ]
 [-0.13429262 -0.13879828 -0.02016139  0.09211533  0.02017228]]
U = [[ 0.13750423 -0.12697668  0.08967687 -0.04787749  0.21282052]
 [-0.12682893  0.05330821  0.1473827   0.11451081  0.04374452]
 [ 0.27066555  0.00591839  0.1723991   0.12113783  0.08674316]
 [ 0.08441928  0.16803175  0.03379664  0.02529367  0.04588025]
 [-0.2052101   0.21876039  0.40280102  0.16001433 -0.00041192]]
Matrix Pair 24; W = [[-0.05830904  0.07381525  0.11368909  0.09819818 -0.09528351]
 [ 0.0681775  -0.15095471 -0.07965908 -0.07289787  0.19528002]
 [-0.05539817  0.0904575  -0.15915021  0.01280469  0.26694423]
 [-0.00030166 -0.13704022 -0.03337118  0.00116353  0.04758677]
 [-0.27202644 -0.15639809  0.06082956  0.17664546 -0.01613685]]
U = [[ 3.57313542e-02 -1.14028169e-01  1.80458455e-01 -1.13546124e-01
   2.57334481e-01]
 [-1.55949511e-01  1.18373118e-01  2.22435040e-01  1.65566367e-01
  -1.38294809e-04]
 [ 2.08187429e-01 -1.26923567e-02  1.05156124e-01  1.79935245e-01
   2.00931820e-01]
 [ 7.43317278e-02  2.00501668e-01  9.41049033e-02 -9.57741305e-03
   5.31729248e-02]
 [-2.98743244e-01  1.30982897e-01  4.33810628e-01  1.40208833e-01
   3.04336584e-02]]
Matrix Pair 25; W = [[ 0.00600143  0.13410439  0.07594781  0.13105732 -0.08808637]
 [ 0.15216937 -0.19014584 -0.10541321 -0.10503139  0.21704471]
 [-0.08666695  0.12189385 -0.17788002  0.04194166  0.25096492]
 [ 0.01768484 -0.11314054 -0.06150207  0.03310675  0.02941631]
 [-0.2108645  -0.18668743 -0.01861779  0.19483818 -0.041153  ]]
U = [[ 0.00959945 -0.12991859  0.15394328 -0.14290914  0.27439721]
 [-0.14964555  0.10885223  0.18352755  0.15358981 -0.04959893]
 [ 0.2627762  -0.03679397  0.1698321   0.17713406  0.14291398]
 [ 0.04809845  0.16981386  0.07963652  0.02046585  0.10080636]
 [-0.32361897  0.1550665   0.37438728  0.17573625 -0.00102014]]
Matrix Pair 26; W = [[-0.08192547  0.08391811  0.16406209  0.05452953 -0.08215297]
 [ 0.14020079 -0.23624793 -0.12423655 -0.10920987  0.2108333 ]
 [-0.08951526  0.05559761 -0.17125465  0.03941517  0.27311847]
 [ 0.01665923 -0.11514471 -0.0469089   0.0607447  -0.02377467]
 [-0.22548172 -0.18605815  0.06107606  0.11587545 -0.02812072]]
U = [[ 0.02555981 -0.04854059  0.13471378 -0.10765692  0.28630405]
 [-0.11993416  0.05366764  0.19733099  0.08977501 -0.05923993]
 [ 0.26835839  0.0046625   0.16018545  0.20639129  0.11149809]
 [ 0.06479913  0.15767382  0.05035155  0.00675842  0.10209261]
 [-0.26320743  0.11094291  0.45097467  0.21635552  0.02810816]]
Matrix Pair 27; W = [[-0.00975879  0.09354409  0.12856799  0.09490023 -0.05540253]
 [ 0.14970671 -0.16069665 -0.12543914 -0.09531064  0.19374048]
 [-0.06454733  0.06667779 -0.12122428  0.01665801  0.27464381]
 [ 0.03715886 -0.09884579 -0.06545457  0.01027489 -0.00591504]
 [-0.23430236 -0.16074062 -0.01046258  0.10828757  0.00571518]]
U = [[ 0.03409104 -0.07765569  0.18699553 -0.05906785  0.24412863]
 [-0.15284041  0.0740623   0.20710322  0.07585957  0.00738964]
 [ 0.24196495  0.04022197  0.13020874  0.23831778  0.1245732 ]
 [ 0.10938287  0.18169278  0.02166486  0.04828324  0.10912966]
 [-0.26907393  0.10431845  0.4390016   0.18090912  0.06424144]]
Matrix Pair 28; W = [[-0.10206835  0.01321425  0.18189749  0.11176623 -0.09066843]
 [ 0.07122395 -0.24170157 -0.06010577 -0.10222946  0.16964115]
 [-0.11568525  0.05496411 -0.11721943  0.05675867  0.25819675]
 [-0.05677486 -0.08148068  0.01729445  0.04977753  0.00067365]
 [-0.21912639 -0.11279744  0.07539292  0.08305875 -0.05608708]]
U = [[-0.02145213 -0.15352896  0.09832826 -0.12369602  0.22340497]
 [-0.19501402  0.05614514  0.19354107  0.1447595   0.03143301]
 [ 0.28098032 -0.02159898  0.10662187  0.17732415  0.1601001 ]
 [ 0.01423117  0.20013121 -0.02060991 -0.03989445  0.147166  ]
 [-0.23268438  0.18013141  0.36794327  0.2492386  -0.00821326]]
Matrix Pair 29; W = [[-0.03810522 -0.01011264  0.13276194  0.10111848 -0.14362521]
 [ 0.14649701 -0.20069574 -0.0647617  -0.12157892  0.21110359]
 [-0.08248127  0.0818477  -0.08480802  0.03496168  0.18344259]
 [-0.035009   -0.03927779 -0.02485637  0.01827104  0.00390576]
 [-0.23140741 -0.13630411  0.05730968  0.12344252 -0.04513107]]
U = [[ 0.03938742 -0.10826068  0.16886283 -0.08311549  0.19385603]
 [-0.16220173 -0.02835456  0.15066491  0.23710763 -0.04168706]
 [ 0.33833609  0.04165339  0.07826419  0.1507502   0.09561319]
 [ 0.04574142  0.21905     0.07738628 -0.03258423  0.09415733]
 [-0.24769827  0.16398088  0.43472014  0.20934397  0.00091424]]
Matrix Pair 30; W = [[-0.13266068  0.06908722  0.11707116  0.0915936  -0.07840516]
 [ 0.06212527 -0.24140512 -0.07453699 -0.1403944   0.17855798]
 [-0.12503374  0.01841675 -0.10425563  0.0156728   0.17951894]
 [-0.00139327 -0.0857852   0.05230114  0.03401484  0.04659525]
 [-0.16000955 -0.14534213  0.08333884  0.07440985 -0.05642   ]]
U = [[ 0.0356161  -0.11337777  0.16381902 -0.10759366  0.17918295]
 [-0.21940754  0.02883696  0.17652552  0.20625832 -0.01174301]
 [ 0.31745814 -0.02802812  0.11487808  0.14975753  0.07277449]
 [ 0.00557347  0.14385952  0.02278076 -0.02631593  0.09301681]
 [-0.24028115  0.23783206  0.38551453  0.19182132  0.03705081]]
Matrix Pair 31; W = [[-6.30963653e-02 -1.58329221e-04  1.21207694e-01  9.30454775e-02
  -1.05889785e-01]
 [ 7.56408300e-02 -2.39822572e-01 -3.91623478e-02 -1.23301436e-01
   1.40653636e-01]
 [-7.23606965e-02  1.24891105e-02 -9.65619670e-02  4.50790972e-03
   2.35125383e-01]
 [-6.33008907e-02 -5.28726808e-02 -6.34801288e-03 -3.01334773e-03
  -5.81593770e-03]
 [-2.37898462e-01 -1.38087611e-01  7.37260783e-02  6.60175836e-02
  -6.37248542e-02]]
U = [[ 0.05944062 -0.13152065  0.11572772 -0.09605189  0.19604997]
 [-0.16239955  0.03893106  0.12925381  0.19045977 -0.05185417]
 [ 0.2566532  -0.02817153  0.0832889   0.14772747  0.11394841]
 [ 0.06108027  0.13167306  0.01127736  0.01834623  0.0715095 ]
 [-0.27900229  0.18508584  0.40136149  0.23554284 -0.01433848]]
Matrix Pair 32; W = [[-0.08718288  0.05922641  0.17671271  0.07671803 -0.04890352]
 [ 0.11069393 -0.26435877 -0.09361863 -0.12939627  0.16994199]
 [-0.02682572  0.05113813 -0.12264775 -0.01628619  0.30068948]
 [ 0.04151427 -0.05354763  0.07909971  0.05612508  0.0715314 ]
 [-0.1795055  -0.1880509   0.05965298  0.07857952  0.04374681]]
U = [[ 0.08597402 -0.06594795  0.06766464 -0.05474933  0.1969259 ]
 [-0.1469449   0.09300721  0.17249382  0.20659857 -0.10194462]
 [ 0.30041575 -0.03516445  0.10181727  0.13474158  0.11262546]
 [ 0.13894553  0.14280157  0.10006759 -0.03299732  0.02305282]
 [-0.26019404  0.12814968  0.35165389  0.13014623 -0.02223065]]
Matrix Pair 33; W = [[-0.08510424  0.1162307   0.11729875  0.09524107 -0.0748018 ]
 [ 0.13736164 -0.29001831 -0.10541697 -0.12749857  0.17830731]
 [-0.05890399 -0.00703972 -0.0964409  -0.01354559  0.25498915]
 [ 0.0400372  -0.07755421  0.02902198 -0.00551155  0.01801005]
 [-0.19590857 -0.18612883  0.07081631  0.078189   -0.02289193]]
U = [[ 0.05138498 -0.11435365  0.10967776 -0.02914906  0.23224826]
 [-0.1358901   0.09957407  0.1445004   0.1610962  -0.02171453]
 [ 0.36128207 -0.0135536   0.12332783  0.13220613  0.13117967]
 [ 0.07791162  0.17319977  0.09431805  0.03273124  0.07598656]
 [-0.32460432  0.13380063  0.35525757  0.16637578 -0.00123553]]
Matrix Pair 34; W = [[-0.13085266  0.10808648  0.14523823  0.08183084 -0.11381681]
 [ 0.09427005 -0.26282009 -0.11762756 -0.07573699  0.19569317]
 [-0.08326537  0.01034139 -0.09524067  0.00516085  0.28697859]
 [ 0.05391048 -0.06969425 -0.01398618  0.05720825  0.11232384]
 [-0.25510763 -0.18590752 -0.00633216  0.07981918  0.03306334]]
U = [[ 0.07810113 -0.11087295  0.11439189 -0.08450205  0.23011601]
 [-0.11067938  0.06873332  0.19144566  0.1262921  -0.0448597 ]
 [ 0.32895693 -0.03329124  0.07583541  0.15506502  0.155922  ]
 [ 0.09581518  0.20608585  0.05443371  0.0461274   0.01514573]
 [-0.27701354  0.18925199  0.33401613  0.18107347 -0.0055303 ]]
Matrix Pair 35; W = [[-0.07002311  0.06186953  0.16601256  0.09350792 -0.07291322]
 [ 0.15180893 -0.22609041 -0.11863558 -0.09240227  0.19345955]
 [-0.02687812  0.03743862 -0.12021746 -0.08404709  0.27189081]
 [-0.00408371 -0.03780404 -0.01610324  0.08669597  0.0596709 ]
 [-0.19418685 -0.19992352  0.05532808  0.10908755 -0.02844355]]
U = [[ 0.08963148 -0.08939737  0.06180519 -0.06959008  0.20807084]
 [-0.15120578  0.07148399  0.19156482  0.1592992  -0.07460671]
 [ 0.3320377  -0.06204752  0.03955108  0.13546534  0.17604031]
 [ 0.08754207  0.16593769  0.04949765 -0.02585054  0.01946879]
 [-0.24599178  0.18661146  0.33179475  0.12936298 -0.0467112 ]]
Matrix Pair 36; W = [[-0.06144803  0.05152908  0.13841189  0.15251117 -0.10095306]
 [ 0.12555043 -0.16157585 -0.11736913 -0.11095259  0.19087569]
 [-0.13267583 -0.00119195 -0.03542481 -0.01266669  0.18383704]
 [-0.05691698 -0.09402843 -0.00084113 -0.0664794   0.01826927]
 [-0.11460255 -0.14106128 -0.00940045  0.13818372 -0.07770982]]
U = [[ 0.06658344 -0.07989212  0.17653545 -0.13072878  0.19405074]
 [-0.14141128  0.07516186  0.20778636  0.15025026  0.01790157]
 [ 0.25721039  0.00117512  0.1307001   0.14633459  0.11792133]
 [ 0.01681602  0.26742665  0.03178056 -0.0536822   0.04994407]
 [-0.25217024  0.17874954  0.44566119  0.17668254 -0.01857122]]
Matrix Pair 37; W = [[-0.06013517  0.07810739  0.1868131   0.08958779 -0.13493661]
 [ 0.15146699 -0.17802755 -0.07390333 -0.05324404  0.19555552]
 [-0.11374772  0.06268449 -0.12841075 -0.02065576  0.21249992]
 [ 0.01862673 -0.06355782  0.02976022 -0.06910787  0.03666351]
 [-0.14583136 -0.14519631  0.00792317  0.18120445 -0.05267552]]
U = [[ 0.04314532 -0.11149269  0.09577796 -0.16768776  0.14183406]
 [-0.13851024  0.07499386  0.22058119  0.14755575 -0.00518736]
 [ 0.16683145  0.02039708  0.1304339   0.14884728  0.03628144]
 [ 0.08386082  0.21062569  0.00851466 -0.02349855  0.08460766]
 [-0.27027594  0.18052358  0.40742602  0.20695081 -0.06271398]]
Matrix Pair 38; W = [[-0.08766288  0.00749004  0.14050762  0.09030388 -0.12778334]
 [ 0.12036773 -0.2271536  -0.05390255 -0.11012267  0.20384526]
 [-0.19466581  0.03141028 -0.11586732  0.00206239  0.25064598]
 [-0.05662665 -0.11236804  0.04002186 -0.05629671  0.05283411]
 [-0.10598372 -0.12441724  0.02133901  0.18123802 -0.09989104]]
U = [[ 0.10818297 -0.09630527  0.09636381 -0.14897777  0.19044913]
 [-0.19854611  0.00068425  0.14676171  0.21657027 -0.03192024]
 [ 0.21950958  0.05636294  0.10475734  0.12976319  0.03447492]
 [ 0.06942232  0.24635188  0.06215973 -0.0285252   0.11785057]
 [-0.22427347  0.22478056  0.39011588  0.18749607 -0.08545763]]
Matrix Pair 39; W = [[-0.05761267  0.08860158  0.21722134  0.16097622 -0.12376132]
 [ 0.1705775  -0.20199414 -0.11265009 -0.11044284  0.24081531]
 [-0.1997103   0.04773386 -0.09570103  0.01584553  0.22127318]
 [-0.01241839 -0.05746362  0.06485947 -0.08243454 -0.01393395]
 [-0.11756363 -0.13122555  0.03937165  0.17675303 -0.0636791 ]]
U = [[ 0.13611352 -0.11932352  0.14441657 -0.13015938  0.20309222]
 [-0.1852206  -0.00254503  0.17297094  0.12714592  0.02775204]
 [ 0.21508488  0.01903615  0.10830406  0.14786729  0.09261639]
 [ 0.06032114  0.22296371  0.04001155 -0.01686119  0.04712084]
 [-0.22711062  0.22820496  0.39223214  0.1989487  -0.07587025]]
Matrix Pair 40; W = [[-0.05073494  0.05631897  0.1862734   0.09510829 -0.1105113 ]
 [ 0.10592012 -0.28181795 -0.04821552 -0.0413676   0.23288129]
 [-0.10400245  0.07455352 -0.15754048  0.04994475  0.18517334]
 [-0.07552126 -0.06224536  0.03179246  0.04749912  0.04413856]
 [-0.16061528 -0.14136771  0.00327641  0.14501719  0.01480905]]
U = [[ 0.02776907 -0.14455241  0.18442639 -0.03628959  0.23288371]
 [-0.11383485  0.0726511   0.2033704   0.15616315 -0.02817141]
 [ 0.29452815 -0.01424832  0.1472604   0.08029838  0.18489956]
 [ 0.02291296  0.2264644   0.00693197  0.02159443  0.05053638]
 [-0.22444128  0.18706954  0.34786595  0.14575774  0.04000246]]
Matrix Pair 41; W = [[-5.58377491e-02  6.61746961e-02  1.86188104e-01  1.47884967e-01
  -7.43376121e-02]
 [ 1.11377545e-01 -1.98834830e-01 -6.29339993e-02 -3.96726202e-02
   2.02999471e-01]
 [-1.26303342e-01  3.53640611e-02 -1.89252914e-01 -7.72887861e-03
   1.93831490e-01]
 [-4.08225052e-05 -4.98415688e-02  8.73166766e-02  2.17168666e-02
   7.33706290e-03]
 [-2.10196820e-01 -1.88534098e-01  5.16130257e-02  1.69405278e-01
  -5.63099463e-03]]
U = [[ 0.01595637 -0.10178564  0.18864784 -0.03866161  0.22820524]
 [-0.07888129  0.15351067  0.14881016  0.18614739 -0.07886652]
 [ 0.2363001   0.01137626  0.12476177  0.1405218   0.14303858]
 [ 0.03576091  0.17968621  0.04817755 -0.02544272  0.11519312]
 [-0.2261654   0.23682799  0.34822285  0.20051611  0.08026667]]
Matrix Pair 42; W = [[-0.08197936  0.02320972  0.1048385   0.07381378 -0.06433725]
 [ 0.08299249 -0.20396934 -0.04466093 -0.10018754  0.25759732]
 [-0.09184718  0.07498897 -0.17434217  0.05980181  0.2245816 ]
 [ 0.00134431 -0.10935921  0.07908149  0.09645329  0.03414425]
 [-0.22422486 -0.10976089  0.02659279  0.15268466 -0.03463895]]
U = [[ 0.03227657 -0.10839865  0.21668064 -0.05034212  0.23374137]
 [-0.11444137  0.11827201  0.16375167  0.14328477  0.00166831]
 [ 0.27860152  0.0391473   0.16687281  0.10000647  0.18294989]
 [ 0.03064981  0.20454217  0.03772623 -0.01603982  0.06359267]
 [-0.28327136  0.24585794  0.34594905  0.21947472  0.02233454]]
Matrix Pair 43; W = [[-0.10891211  0.01098604  0.17474523  0.09504586 -0.09783551]
 [ 0.04872522 -0.25848118 -0.03672294 -0.08958433  0.2617973 ]
 [-0.0920445   0.09424299 -0.14157663  0.02105597  0.20708757]
 [ 0.01465324 -0.05218013  0.02894327  0.05757866 -0.01474462]
 [-0.22191717 -0.18636715  0.06292749  0.09066552 -0.06957183]]
U = [[ 0.04047304 -0.08569611  0.21513084 -0.02901162  0.22956934]
 [-0.16130999  0.10842306  0.15583891  0.21462253 -0.02027137]
 [ 0.22823909  0.00868896  0.17421129  0.12754265  0.14157854]
 [ 0.00683139  0.16949171  0.03876742  0.0220725   0.0347895 ]
 [-0.21930303  0.2223851   0.31189312  0.15464023  0.04330827]]
Matrix Pair 44; W = [[-0.07861696  0.0774395   0.13314426  0.108602   -0.05722068]
 [ 0.1618305  -0.24831698 -0.07779672 -0.06116174  0.20208921]
 [-0.13449334  0.07201443 -0.13024826 -0.05795316  0.26233191]
 [ 0.02761071 -0.03963626  0.08924801 -0.06796619  0.07235362]
 [-0.24155959 -0.19600775  0.01949382  0.06311289 -0.03124908]]
U = [[ 0.03081342 -0.12926717  0.18276055 -0.09462251  0.248967  ]
 [-0.15650512  0.09053195  0.19064375  0.17131982  0.00511423]
 [ 0.33123081 -0.03160933  0.05832193  0.13609081  0.12662992]
 [ 0.00944189  0.18360188  0.02557036  0.00060809  0.0590941 ]
 [-0.30763246  0.22219143  0.36780244  0.20437619 -0.00218443]]
Matrix Pair 45; W = [[-0.07028098  0.11599333  0.08136161  0.10887917 -0.14209008]
 [ 0.11074057 -0.24269325 -0.08895112 -0.0552414   0.25008516]
 [-0.16954431  0.08920651 -0.14510699 -0.03063927  0.32244741]
 [ 0.0407649   0.00189719  0.00644006  0.01445142  0.05298488]
 [-0.1906323  -0.23386827  0.05078105  0.06100949 -0.06444814]]
U = [[ 0.03137982 -0.10723068  0.19873235 -0.14266446  0.26684857]
 [-0.13406312  0.08004542  0.18688974  0.16176645  0.04396214]
 [ 0.35103993 -0.05756598  0.07608636  0.17016937  0.14625842]
 [ 0.02654282  0.18601364  0.03627549 -0.02159114  0.0527183 ]
 [-0.2949005   0.23616447  0.39550383  0.18315129  0.01264653]]
Matrix Pair 46; W = [[-0.04293906  0.11735654  0.0718237   0.0664859  -0.08641321]
 [ 0.11850718 -0.19366034 -0.10216287 -0.09854179  0.1984192 ]
 [-0.11765641  0.01354346 -0.15648997 -0.02054021  0.2477173 ]
 [-0.01430288 -0.07200098  0.04504894  0.01811671  0.00311919]
 [-0.2121334  -0.24535461  0.00790055  0.10679464 -0.01042296]]
U = [[ 0.09580152 -0.13309603  0.19651152 -0.10188729  0.31720758]
 [-0.18834487  0.09828659  0.12011716  0.13048836  0.02978555]
 [ 0.33475109 -0.05056984  0.08414634  0.12557074  0.12440978]
 [ 0.06400875  0.15414441  0.03562631 -0.0019107   0.11228948]
 [-0.24940828  0.17032046  0.37709724  0.20456708  0.06476983]]
Matrix Pair 47; W = [[-0.03721271  0.09821566  0.14422742  0.14343163 -0.05781283]
 [ 0.16476224 -0.24064997 -0.09498745 -0.06213238  0.21998683]
 [-0.17013409  0.01933137 -0.08042024 -0.01762815  0.2809674 ]
 [ 0.0384226  -0.0881982   0.02725206 -0.01115328  0.08107125]
 [-0.2135865  -0.23346397  0.03611329  0.08971179 -0.03195278]]
U = [[ 0.10166519 -0.13675561  0.1979822  -0.10611352  0.2448161 ]
 [-0.18621661  0.12440603  0.11796146  0.18699002 -0.02038806]
 [ 0.34623081 -0.01901839  0.11978534  0.16797819  0.10390836]
 [ 0.07492499  0.13883893  0.01268709  0.02380167  0.12720218]
 [-0.28887695  0.22383381  0.39155635  0.18042325 -0.00101665]]
Matrix Pair 48; W = [[-0.1580592   0.00841563  0.16668025  0.08370554 -0.07327563]
 [ 0.13256023 -0.23397283 -0.05945211 -0.03079025  0.23285623]
 [ 0.00291619 -0.04178133 -0.09230254 -0.00710836  0.22408004]
 [-0.04633675  0.00490277  0.03421678  0.04774717 -0.01666072]
 [-0.16025808 -0.19716747  0.02699021  0.14984473 -0.06082861]]
U = [[ 0.06612862 -0.12379851  0.14354491 -0.10358522  0.3036223 ]
 [-0.18810195  0.10615796  0.13535048  0.23286082 -0.00783096]
 [ 0.25346682  0.03358438  0.09850434  0.22209058  0.12719303]
 [ 0.06214297  0.25662015  0.03537358  0.03443166  0.03734268]
 [-0.22403701  0.15385309  0.34398568  0.17775199 -0.00534272]]
Matrix Pair 49; W = [[-0.12490524  0.02089724  0.16460189  0.0704592  -0.09550513]
 [ 0.1999687  -0.28397105 -0.07637042 -0.07811418  0.21649708]
 [-0.06227875 -0.01186137 -0.17168372 -0.02116795  0.22438151]
 [ 0.02716546 -0.0829441   0.0435188  -0.01408671  0.01462503]
 [-0.15109707 -0.12221752  0.03034972  0.17296419 -0.07612332]]
U = [[ 0.09970024 -0.09206008  0.16513176 -0.08082899  0.22028293]
 [-0.21187503  0.02449082  0.0893355   0.22315523 -0.07630545]
 [ 0.25903722  0.00041109  0.11625041  0.17036067  0.15528269]
 [ 0.10372668  0.21475558  0.08174147  0.08511911  0.05318262]
 [-0.22092079  0.16247341  0.4016824   0.12730699 -0.01019431]]
Matrix Pair 50; W = [[-0.10863604  0.09323135  0.19310578  0.00228458 -0.11008555]
 [ 0.16783887 -0.27033224 -0.01827955 -0.02970923  0.20191475]
 [-0.06401571  0.02557355 -0.14461505  0.02286401  0.23046009]
 [-0.04392266 -0.07794376  0.01208662 -0.02166659 -0.01370336]
 [-0.21278684 -0.10548342 -0.04195847  0.10111333 -0.02458842]]
U = [[ 0.03385449 -0.1662957   0.08786359 -0.06161574  0.30041398]
 [-0.25219585  0.07941008  0.13048636  0.23249629 -0.07203143]
 [ 0.25152209  0.01517066  0.13158626  0.1920452   0.12478216]
 [ 0.07671301  0.20621694  0.04792149  0.06023528  0.00656553]
 [-0.24359312  0.08652788  0.40343373  0.19333511  0.03856813]]
Matrix Pair 51; W = [[-0.15822656  0.03311752  0.16528249  0.03072282 -0.04513445]
 [ 0.15654282 -0.22654516 -0.01127522 -0.03644518  0.18860255]
 [-0.06787457 -0.01603972 -0.12702522 -0.03554366  0.23248488]
 [-0.00891252 -0.0504412   0.0025473  -0.01675705 -0.01792615]
 [-0.1547363  -0.17590873  0.02020414  0.15775386 -0.04853641]]
U = [[ 0.1084086  -0.07845274  0.11189618 -0.04173932  0.22352891]
 [-0.20431525  0.0410023   0.08602786  0.22697624  0.00553041]
 [ 0.28948345 -0.02833909  0.11106445  0.16107568  0.20757081]
 [ 0.07400703  0.24632436  0.06538224  0.03998441  0.07609623]
 [-0.21028564  0.16855808  0.32523332  0.14966882  0.03562076]]
Matrix Pair 52; W = [[-0.00918979  0.06859079  0.12655483  0.16010126 -0.10341581]
 [ 0.09037515 -0.21905597 -0.12174811 -0.14286647  0.2345736 ]
 [-0.14181995  0.01104109 -0.16633177  0.05506664  0.1813839 ]
 [-0.1050713  -0.05219016  0.11313249  0.00028869  0.04778914]
 [-0.16391676 -0.19749187 -0.00414957  0.15985774  0.00396278]]
U = [[ 0.01356966 -0.11810344  0.15770719 -0.02879544  0.21036355]
 [-0.14479902  0.02974599  0.12099601  0.2136377  -0.0688125 ]
 [ 0.23177132  0.01872629  0.12712449  0.11992923  0.11654033]
 [ 0.07769623  0.15598442  0.06740404 -0.0131715   0.09101176]
 [-0.30810608  0.18120429  0.3598603   0.15286508  0.06656926]]
Matrix Pair 53; W = [[-0.00891484  0.0898267   0.12087011  0.15454919 -0.10358306]
 [ 0.11837208 -0.26641131 -0.05873932 -0.09456615  0.23587039]
 [-0.06163391 -0.055126   -0.19513912  0.04854652  0.18227463]
 [-0.09658226 -0.10587521  0.1160459   0.04014002  0.02439703]
 [-0.19441331 -0.18574567  0.059219    0.11811893  0.01267203]]
U = [[ 0.01217858 -0.08323036  0.1204741  -0.02596912  0.28458424]
 [-0.06001305  0.06564154  0.09538136  0.1812341   0.02055423]
 [ 0.27382006  0.10725651  0.20944276  0.11270505  0.12871656]
 [ 0.08996658  0.13391826  0.02961714  0.01113772  0.03083767]
 [-0.23033451  0.23307708  0.38577561  0.13825119  0.07889987]]
Matrix Pair 54; W = [[-0.03948834  0.09829963  0.1230846   0.13104551 -0.12271663]
 [ 0.13530205 -0.21616528 -0.09399595 -0.12654976  0.27657045]
 [-0.08062771 -0.06570286 -0.1224722   0.07775546  0.23968331]
 [-0.03337203 -0.09203531  0.03478345  0.07114085  0.00246175]
 [-0.15227498 -0.12165502  0.04633039  0.0888215   0.00270929]]
U = [[ 0.05380477 -0.11555902  0.14445513 -0.07459608  0.22286468]
 [-0.08169186  0.10316469  0.10559664  0.19520353 -0.0318332 ]
 [ 0.30371094  0.1112742   0.19788278  0.11224151  0.14705003]
 [ 0.1091966   0.10399348 -0.00737706  0.01042627  0.03246112]
 [-0.23135646  0.17379854  0.34985536  0.15424229  0.04287543]]
Matrix Pair 55; W = [[-4.64141875e-02  1.14159256e-01  1.77535244e-01  1.10806901e-01
  -1.02669946e-01]
 [ 1.05409325e-01 -2.06221094e-01 -1.04891737e-01 -1.27543477e-01
   2.44419554e-01]
 [-1.49815327e-01 -6.39706071e-03 -9.84822719e-02  4.85999767e-02
   2.01870263e-01]
 [-4.79962015e-02 -1.13951425e-01  3.65541524e-02  3.47527054e-02
   5.81736776e-02]
 [-1.77973162e-01 -1.17974614e-01 -2.70960247e-02  1.63000717e-01
  -3.99358001e-05]]
U = [[ 0.02169496 -0.09323887  0.16096082 -0.05183297  0.23825604]
 [-0.14557852  0.11029376  0.16796307  0.18676985 -0.06489425]
 [ 0.27911044  0.0202607   0.1235212   0.0953568   0.0952333 ]
 [ 0.08243479  0.18027691  0.02847537 -0.01891705  0.02820843]
 [-0.2143643   0.20415007  0.41359736  0.12621299  0.00359428]]
Matrix Pair 56; W = [[-0.08823198  0.05116919  0.16776467 -0.00239121 -0.10573961]
 [ 0.08388454 -0.25812668 -0.11632807 -0.07654626  0.20282926]
 [-0.05309531  0.06044211 -0.04051498  0.0105402   0.22949062]
 [-0.07258432 -0.10082084  0.01712079  0.0163522   0.01753137]
 [-0.12783076 -0.18186183 -0.01200819  0.06690725 -0.07115121]]
U = [[ 0.10495725 -0.07947091  0.10729565 -0.01587341  0.19233834]
 [-0.12299146  0.0414033   0.15063336  0.14391105 -0.02738547]
 [ 0.33098293 -0.05870493  0.17352597  0.14308915  0.15884055]
 [ 0.06415703  0.22128518  0.04193957  0.07453257  0.11127153]
 [-0.24878488  0.19192234  0.38763618  0.23271152 -0.01082672]]
Matrix Pair 57; W = [[-0.03092855  0.08425414  0.14718579 -0.00314733 -0.14356412]
 [ 0.05989557 -0.28968869 -0.17004832 -0.09727006  0.17538968]
 [-0.05753308  0.03935849 -0.10717588 -0.00820595  0.21363812]
 [-0.09193635 -0.08603148  0.08011515  0.05165421  0.0710079 ]
 [-0.08894501 -0.20937937 -0.04758652  0.08257035 -0.10903489]]
U = [[ 0.09694609 -0.10911018  0.13896161 -0.02698994  0.16584243]
 [-0.18069778  0.09652519  0.11558117  0.20838556 -0.04505075]
 [ 0.30498595 -0.05689783  0.18840379  0.12119086  0.13596013]
 [ 0.09556059  0.23613836  0.1123948   0.04854142  0.11151428]
 [-0.23078105  0.21093822  0.34224301  0.25715555 -0.04933051]]
Matrix Pair 58; W = [[-0.01472579  0.04409823  0.10878295  0.04815353 -0.14069912]
 [ 0.02914511 -0.22038985 -0.12606104 -0.13259382  0.1682699 ]
 [-0.05013227  0.03490402 -0.0342702   0.03896089  0.18798704]
 [-0.04043922 -0.0930372   0.04953729  0.00755708  0.07418201]
 [-0.13615205 -0.18478584  0.01544793  0.05831539 -0.08842971]]
U = [[ 0.07309925 -0.06113707  0.14436332 -0.02076449  0.13057186]
 [-0.16906757  0.0862864   0.10733558  0.17291801 -0.0071483 ]
 [ 0.25902451  0.01765382  0.16645459  0.1400381   0.1366833 ]
 [ 0.07824195  0.17968851  0.11869393  0.05715913  0.05503063]
 [-0.2101818   0.24797839  0.33572653  0.25418422 -0.05414904]]
Matrix Pair 59; W = [[-0.0852522   0.04817904  0.17827714 -0.01808178 -0.0779882 ]
 [ 0.04330474 -0.2657875  -0.16035985 -0.08276488  0.22678463]
 [-0.0112481   0.03177402 -0.09357695  0.0051114   0.22896722]
 [-0.09313436 -0.0704544   0.0890724   0.03876085  0.04710473]
 [-0.15507447 -0.2060421  -0.04991955  0.1360278  -0.08545981]]
U = [[ 0.13678186 -0.05932921  0.16494315 -0.06585311  0.14647182]
 [-0.14273279  0.08373805  0.09847735  0.20635952 -0.0623326 ]
 [ 0.28641168 -0.04523976  0.19724142  0.18095482  0.14313565]
 [ 0.07030613  0.19739194  0.06676188  0.07958197  0.09290176]
 [-0.1924554   0.22245146  0.33088415  0.21118454 -0.03010088]]
Matrix Pair 60; W = [[-0.08834744  0.02583692  0.15339154  0.07901917 -0.16203919]
 [ 0.15750248 -0.28296088 -0.08695983 -0.08285136  0.12275097]
 [-0.13086623 -0.0366184  -0.15163756  0.01330154  0.24580887]
 [ 0.05120837 -0.07013197 -0.0109821   0.00422402  0.04086206]
 [-0.24013928 -0.11150853 -0.03518537  0.11422176 -0.07191078]]
U = [[ 0.02256409 -0.08615616  0.12041545 -0.06855365  0.27774935]
 [-0.14889559  0.07846993  0.07323438  0.15141956  0.03609598]
 [ 0.24719842  0.04393085  0.16826106  0.13230762  0.12498263]
 [ 0.01124617  0.18136591  0.05685028  0.08980024  0.08809645]
 [-0.24188667  0.21155269  0.36658854  0.1363864  -0.01830032]]
Matrix Pair 61; W = [[-0.06459308  0.0674014   0.14599727  0.06351074 -0.10567258]
 [ 0.23495362 -0.22260009 -0.09951102 -0.04484715  0.17687412]
 [-0.07768748 -0.05278983 -0.1130504  -0.0244656   0.27278761]
 [ 0.00044067 -0.12367161  0.06449861  0.02069428  0.09164721]
 [-0.24667799 -0.12766338 -0.03757691  0.10763083 -0.08205085]]
U = [[-0.00476555 -0.07648778  0.13496961 -0.04483448  0.2714547 ]
 [-0.15170983  0.12748849  0.1441591   0.18575763  0.02183455]
 [ 0.25958026  0.11449482  0.20642226  0.1527788   0.1577963 ]
 [ 0.00599989  0.20154209  0.11377871  0.02424104  0.07361504]
 [-0.2092      0.17834236  0.38633887  0.07726295  0.0565064 ]]
Matrix Pair 62; W = [[-0.11354253  0.02330329  0.13498091  0.06772223 -0.11510355]
 [ 0.23766003 -0.18959666 -0.08473085 -0.10961407  0.10465649]
 [-0.14446839 -0.07409377 -0.13319191 -0.04342884  0.21026091]
 [-0.00855995 -0.13544991 -0.0204197   0.06811653  0.10108736]
 [-0.25953568 -0.08500797 -0.05306742  0.0865042  -0.007746  ]]
U = [[ 0.02933685 -0.13449924  0.15384531 -0.06900178  0.26355019]
 [-0.14963236  0.15161804  0.15600579  0.22667142 -0.04690711]
 [ 0.21103914  0.07082188  0.11391789  0.13418826  0.13997133]
 [ 0.06591585  0.18338875  0.06193914  0.05599251  0.02679717]
 [-0.27232911  0.15586718  0.37849697  0.08599213  0.05832049]]
Matrix Pair 63; W = [[-0.07228885  0.05855887  0.19220645  0.04464681 -0.17580826]
 [ 0.17903573 -0.21427896 -0.07737466 -0.1004612   0.12197027]
 [-0.07383499 -0.07930644 -0.15801549  0.04859501  0.28763791]
 [-0.00554428 -0.08048016  0.01159295  0.0787406   0.10170076]
 [-0.18422019 -0.09738691 -0.00664374  0.1305275  -0.08783978]]
U = [[ 0.05350341 -0.05982353  0.07028422 -0.07967553  0.28032564]
 [-0.14704355  0.14738574  0.09951113  0.19445766 -0.01634618]
 [ 0.22861733  0.05467219  0.18729137  0.18147588  0.17665589]
 [ 0.03202997  0.14439985  0.08884638  0.0792238   0.09431788]
 [-0.29281308  0.22235827  0.31596341  0.09803103  0.03312704]]
