Epoch: 12Matrix Pair 0; W = [[-1.08248062e-01  2.28912851e-02  2.13477054e-01  1.29567357e-01
  -7.28909359e-02]
 [ 1.46994867e-01 -2.34330900e-01 -8.98794988e-02 -9.56079959e-02
   3.14416093e-01]
 [-2.26993843e-02  6.16552772e-02 -1.15944088e-01 -2.99836210e-04
   1.87992115e-01]
 [-2.69173310e-02 -1.39089100e-01  1.23842732e-01  1.17456572e-01
   4.46472117e-03]
 [-1.00190546e-01 -1.42847753e-01  5.40114598e-02  6.50054664e-02
  -7.10335402e-02]]
U = [[ 0.12191409 -0.06955588  0.13180126 -0.13916308  0.08877147]
 [-0.23715067  0.05232482  0.10529903  0.23539393 -0.01951831]
 [ 0.26143734  0.0446099   0.14807966  0.11979752  0.14485633]
 [ 0.15161979  0.17390029  0.11960798 -0.08763279  0.2383364 ]
 [-0.10941169  0.07857895  0.31219142  0.20366912 -0.14126851]]
Matrix Pair 1; W = [[-9.60423039e-02  5.86348156e-03  2.02306288e-01  1.04692162e-01
  -1.33478638e-01]
 [ 1.18849906e-01 -2.03357502e-01 -1.01118930e-01 -5.30090279e-02
   2.81093287e-01]
 [-7.36268925e-02  1.27217540e-01 -8.56670238e-02 -4.26172128e-05
   1.80320281e-01]
 [ 3.93711752e-02 -1.03178061e-01  1.58749707e-01  4.77480747e-02
   9.33903463e-02]
 [-1.34936433e-01 -7.31157927e-02 -3.25089408e-03  8.67203887e-02
  -7.56826916e-03]]
U = [[ 0.04757775 -0.07653057  0.14846882 -0.0774184   0.08325007]
 [-0.17234491  0.04402365  0.10682363  0.24025929 -0.04898597]
 [ 0.24416997  0.03136731  0.15337973  0.09929771  0.13403911]
 [ 0.06765269  0.17858217  0.1131236  -0.06165035  0.21805902]
 [-0.19087416  0.1203021   0.28397903  0.22904545 -0.10663902]]
Matrix Pair 2; W = [[-0.07563803  0.03012158  0.22551494  0.06244699 -0.15889238]
 [ 0.11733053 -0.20308372 -0.09299909 -0.03422489  0.21951702]
 [-0.06474833  0.07014196 -0.12253886 -0.01399676  0.21490822]
 [ 0.03553663 -0.09898254  0.10447938  0.08074594  0.03812993]
 [-0.10849568 -0.06072552  0.00607679  0.14177016 -0.09565138]]
U = [[ 0.0547599  -0.15577726  0.17760153 -0.06887528  0.12319988]
 [-0.23698497  0.11700613  0.15959778  0.17311783 -0.02038772]
 [ 0.21525584  0.01926726  0.12636379  0.14563518  0.13525082]
 [ 0.13750049  0.16830847  0.0774805  -0.07435776  0.2481323 ]
 [-0.17110389  0.16747364  0.34373494  0.24625345 -0.06732884]]
Matrix Pair 3; W = [[-0.06254416  0.0514613   0.21917872  0.06401537 -0.10998592]
 [ 0.12636165 -0.21311049 -0.06744153 -0.08687174  0.2970281 ]
 [-0.06209018  0.067606   -0.10922221 -0.01652279  0.17811581]
 [-0.01386781 -0.06946019  0.12709763  0.10225744  0.0481534 ]
 [-0.05298517 -0.09256285  0.01824995  0.10031324 -0.09316482]]
U = [[ 0.0743186  -0.1353414   0.15641352 -0.04413691  0.15809267]
 [-0.18445392  0.10181634  0.10675672  0.2310582  -0.0359093 ]
 [ 0.1825052   0.01542843  0.1752485   0.16176133  0.19711379]
 [ 0.07507936  0.18217983  0.10245527 -0.04939805  0.23794799]
 [-0.19414977  0.15628683  0.25450034  0.20084757 -0.10052481]]
Matrix Pair 4; W = [[-0.08263411  0.01601912  0.22183361  0.09681519 -0.00924916]
 [ 0.07861276 -0.20805579 -0.11147062 -0.11855055  0.17079658]
 [-0.03433659  0.06123411 -0.17262878  0.02230553  0.18244859]
 [ 0.00377641 -0.05222273  0.06693302  0.00232981 -0.05233868]
 [-0.17794728 -0.06399447  0.05875635  0.06361047 -0.05563555]]
U = [[ 0.13148783 -0.10271625  0.23198206 -0.086791    0.16992561]
 [-0.13117992  0.09262749  0.22013543  0.12910249  0.00661758]
 [ 0.23689445  0.01547296  0.18406313  0.06958008  0.16338245]
 [-0.00985228  0.16941894 -0.00250588 -0.09169679  0.22225171]
 [-0.19393973  0.15166338  0.3148453   0.12576842 -0.08381659]]
Matrix Pair 5; W = [[-0.05727489  0.03079091  0.12985299  0.03879388  0.03800337]
 [ 0.15455372 -0.17927507 -0.0592755  -0.03927898  0.12310205]
 [ 0.00042734  0.05685052 -0.12534849 -0.05489331  0.13080798]
 [-0.01363448 -0.08974389  0.04780794 -0.01015014 -0.00438022]
 [-0.13034896 -0.0960731   0.0733625   0.03036979 -0.10933576]]
U = [[ 0.09222323 -0.07277774  0.19819149 -0.13915886  0.2392558 ]
 [-0.20203778  0.08614255  0.2123234   0.16087798  0.06160663]
 [ 0.23354431  0.03146287  0.18537362  0.03414939  0.13329788]
 [ 0.08165223  0.19630567  0.00711361 -0.04899997  0.22720505]
 [-0.17667235  0.14246144  0.29814491  0.1854764  -0.07987447]]
Matrix Pair 6; W = [[-0.07941821  0.06306557  0.18211565  0.11321046 -0.05653856]
 [ 0.10908795 -0.23076495 -0.04317415 -0.05706035  0.19642211]
 [ 0.04725943  0.06896526 -0.17136511 -0.04668907  0.11965748]
 [-0.0821188  -0.14082218  0.10723623  0.03524999  0.01355745]
 [-0.14714581 -0.08638435  0.00721634  0.10290827 -0.06967174]]
U = [[ 0.11495665 -0.12417625  0.22886823 -0.06994837  0.21171947]
 [-0.15622187  0.09585122  0.18886142  0.0898121   0.01393648]
 [ 0.20651964  0.02254409  0.17377188  0.05825225  0.1104075 ]
 [ 0.08644882  0.17256129  0.06011024 -0.03790861  0.21626361]
 [-0.11501648  0.10655713  0.26527894  0.16263621 -0.08440895]]
Matrix Pair 7; W = [[-0.05509155  0.05736822  0.1401071   0.1005438   0.03263131]
 [ 0.15031794 -0.24602215 -0.11279273 -0.1156083   0.10985962]
 [ 0.02745657  0.01718668 -0.09567479 -0.02697459  0.14143801]
 [-0.000941   -0.12813594  0.04348661  0.00144552 -0.04812171]
 [-0.17805609 -0.11574319 -0.00871559  0.08182757 -0.08126927]]
U = [[ 0.13688741 -0.09790202  0.28852419 -0.14077928  0.24745702]
 [-0.18391006  0.13914488  0.12565394  0.09167143  0.0298685 ]
 [ 0.24037782 -0.01037663  0.17854844  0.09565422  0.12660021]
 [ 0.06671262  0.23122965  0.03373362 -0.03768132  0.20333662]
 [-0.14421992  0.08513005  0.29408607  0.14426509 -0.07248565]]
Matrix Pair 8; W = [[-0.11320814  0.08681117  0.09308976  0.08548895 -0.02233094]
 [ 0.13843014 -0.29630117 -0.04509508 -0.17102994  0.12905653]
 [-0.07026342  0.10891429 -0.18918497 -0.00863134  0.14288514]
 [-0.09808441 -0.06414553  0.0746547   0.05798939  0.06730762]
 [-0.08873469  0.05516069  0.01372376  0.08028011 -0.06686478]]
U = [[ 0.10851884 -0.10110827  0.19719019 -0.13624626  0.23333862]
 [-0.17664731  0.01013554  0.20566882  0.18166565  0.00533288]
 [ 0.14903337  0.07855015  0.19652145  0.0709585   0.19586512]
 [-0.06553997  0.20956094  0.01082621  0.06846036  0.24112712]
 [-0.27005377  0.23426822  0.33509364  0.16943752 -0.04782404]]
Matrix Pair 9; W = [[-0.08551147  0.05799758  0.14864273  0.0282634   0.03301569]
 [ 0.18288134 -0.2226323  -0.06182159 -0.13744221  0.18474925]
 [-0.05804681  0.03731577 -0.15299541 -0.06376802  0.17088021]
 [-0.03797509 -0.16227447  0.0776959   0.08212434 -0.00917998]
 [-0.08440077  0.02378882  0.0333714   0.09800489 -0.1028113 ]]
U = [[ 0.02443666 -0.11289159  0.17298768 -0.10082366  0.16421299]
 [-0.13840749  0.09984023  0.22378043  0.13665782 -0.01650021]
 [ 0.15468408  0.06493584  0.15294482  0.11890013  0.13088826]
 [ 0.00425998  0.29081444  0.0454168   0.10195315  0.25881755]
 [-0.28405386  0.25380049  0.36047109  0.13711885 -0.0831785 ]]
Matrix Pair 10; W = [[-0.09399258  0.03215607  0.1274934   0.01177909 -0.0194886 ]
 [ 0.10388971 -0.22929197 -0.08683165 -0.16727462  0.21655167]
 [-0.03746101  0.03007697 -0.10276506 -0.04291266  0.16439169]
 [-0.08003087 -0.1417498  -0.00184566  0.08915557  0.0418052 ]
 [-0.12917428  0.04639764  0.00231822  0.10627049 -0.04204801]]
U = [[ 0.03536658 -0.10611518  0.10355212 -0.09073126  0.19934518]
 [-0.16787081  0.03634297  0.24300718  0.1628448   0.00436406]
 [ 0.17371717  0.10615139  0.12334989  0.10252232  0.16624268]
 [ 0.00659896  0.24192105  0.00742068  0.10527516  0.20553051]
 [-0.23402516  0.29059088  0.32927527  0.17201738 -0.00854965]]
Matrix Pair 11; W = [[-0.11344037  0.04540009  0.13464779  0.0485006  -0.03626524]
 [ 0.09898866 -0.30744664 -0.08859374 -0.10278135  0.15190092]
 [-0.07801974  0.06230427 -0.16559652 -0.04394271  0.17097425]
 [-0.02822835 -0.08821669  0.06996614  0.05258289  0.05252675]
 [-0.13980006 -0.01253247  0.03016848  0.10193259 -0.1119102 ]]
U = [[ 0.07309444 -0.07481814  0.11459955 -0.08779353  0.21058208]
 [-0.18921636  0.05958762  0.23779652  0.15776094 -0.00410903]
 [ 0.15591019  0.0596903   0.18829117  0.07303605  0.16077984]
 [-0.00820281  0.26150798 -0.00601102  0.07641989  0.20924151]
 [-0.24590916  0.22180367  0.35119884  0.18871686 -0.01617584]]
Matrix Pair 12; W = [[-0.14406195  0.08587848  0.18509314  0.07314901 -0.05545182]
 [ 0.13141686 -0.29854039 -0.08200385 -0.15602015  0.17641553]
 [-0.04456144  0.10932752 -0.09272828  0.00675504  0.20169343]
 [-0.04460155 -0.13553824  0.03725421  0.03418539  0.02484772]
 [-0.2040582  -0.02359032 -0.00788073  0.07300317 -0.07222866]]
U = [[ 0.15926966 -0.13228872  0.18017947 -0.06215975  0.15356297]
 [-0.18585095  0.03621249  0.15959598  0.206525   -0.01743794]
 [ 0.18257582 -0.02640591  0.15285487  0.00535208  0.15757963]
 [ 0.08179052  0.22809261  0.07354183 -0.06179716  0.23924164]
 [-0.19839095  0.13953604  0.30613083  0.03173826 -0.11188096]]
Matrix Pair 13; W = [[-0.13426944  0.03335066  0.21672557  0.02212784 -0.06236392]
 [ 0.14821123 -0.28223489 -0.03938475 -0.08498116  0.2358762 ]
 [ 0.04924228  0.13271873 -0.15755735 -0.01726281  0.25103399]
 [-0.02874782 -0.11189677  0.08548259  0.00467604  0.0307322 ]
 [-0.19436686 -0.00992055  0.01603055  0.07185018 -0.02828973]]
U = [[ 0.162338   -0.14109083  0.19036243 -0.00659588  0.21288792]
 [-0.14075297  0.04589676  0.13861811  0.20425113  0.02425137]
 [ 0.19807901 -0.01147903  0.18369804  0.05554698  0.12470489]
 [ 0.04119609  0.15494416  0.07045051 -0.01459746  0.1813679 ]
 [-0.21729317  0.10211977  0.29671176  0.09201238 -0.06970707]]
Matrix Pair 14; W = [[-0.06580405  0.05865792  0.19691176  0.08618804 -0.12658494]
 [ 0.10957517 -0.23625651 -0.05997971 -0.16561302  0.2509428 ]
 [ 0.02301691  0.12495769 -0.0943025   0.07768677  0.17158075]
 [ 0.00769997 -0.06428157  0.03391533  0.06988423  0.0441792 ]
 [-0.18766698 -0.05442034  0.07065056  0.08642772 -0.08993969]]
U = [[ 0.15013562 -0.07757237  0.20575612 -0.02773517  0.23103361]
 [-0.14082502  0.03737637  0.18421739  0.12983632 -0.02623666]
 [ 0.22403338  0.01705971  0.18742295 -0.01459342  0.2115142 ]
 [ 0.11464482  0.2095169   0.07786018  0.01499049  0.25632262]
 [-0.21413156  0.1211297   0.30787906  0.08923751 -0.05929902]]
Matrix Pair 15; W = [[-0.14164595  0.03775073  0.22909497  0.04759486 -0.105597  ]
 [ 0.08450667 -0.26302856 -0.060103   -0.12281798  0.21230741]
 [ 0.03678689  0.14029032 -0.13852903 -0.00717651  0.26398568]
 [-0.00537704 -0.12200166  0.0173979   0.03488406  0.02138367]
 [-0.19980068 -0.05485911  0.02081745  0.08360006 -0.06918636]]
U = [[ 0.1867535  -0.10695734  0.20686245 -0.02259181  0.13818259]
 [-0.12993104  0.01205885  0.11986787  0.17862881 -0.03503572]
 [ 0.23942369 -0.00084294  0.16175665 -0.01001855  0.19434604]
 [ 0.11477616  0.23439808  0.08162966 -0.05052371  0.22967498]
 [-0.18920317  0.1380102   0.23811985  0.04702231 -0.04037807]]
Matrix Pair 16; W = [[-0.05995007  0.0329758   0.16345919 -0.00922906 -0.0728859 ]
 [ 0.08756484 -0.25384948 -0.08580515 -0.03624501  0.2467175 ]
 [ 0.04159493  0.09333458 -0.10897523 -0.08841946  0.1785567 ]
 [-0.01029305 -0.20918313  0.03102767  0.06088291  0.01389182]
 [-0.08614018 -0.13206302  0.0201026   0.10307028 -0.06874096]]
U = [[ 0.12479319 -0.00199208  0.18554648 -0.11302099  0.18369216]
 [-0.23466062  0.11247197  0.20449647  0.18025906  0.06927953]
 [ 0.17127179  0.03117339  0.11770188  0.05437489  0.11916691]
 [ 0.03384458  0.22214425 -0.03066753  0.01600521  0.24676818]
 [-0.18039724  0.14049437  0.31894051  0.14279644 -0.05519149]]
Matrix Pair 17; W = [[-0.13649141  0.0466152   0.15176182 -0.00806244 -0.0468388 ]
 [ 0.05499091 -0.20606133 -0.09519678 -0.01762242  0.17803289]
 [ 0.04575475  0.08084162 -0.13253014 -0.07290516  0.20298765]
 [ 0.00693379 -0.12770966  0.04697368  0.06448081  0.0604695 ]
 [-0.06591704 -0.09497201 -0.04517426  0.10059084 -0.03643821]]
U = [[ 0.10763189 -0.0783769   0.25524431 -0.11522798  0.1804557 ]
 [-0.17225184  0.03721187  0.17581705  0.1645375   0.05590612]
 [ 0.18362509  0.04419364  0.09608886  0.08452318  0.06144946]
 [-0.00906697  0.21115678 -0.02878763  0.01400582  0.21248657]
 [-0.2375446   0.09523353  0.27365838  0.19319985 -0.12338643]]
Matrix Pair 18; W = [[-0.04960437  0.0518402   0.15709102 -0.00099154 -0.03860986]
 [ 0.10560677 -0.22497641 -0.12154174 -0.0934965   0.16706466]
 [ 0.0474548   0.11960209 -0.12617539  0.00814045  0.19842076]
 [-0.03945907 -0.1558221   0.03533627  0.02715009  0.01761611]
 [-0.14134547 -0.13463476  0.00334262  0.06242366 -0.08488749]]
U = [[ 0.12691913 -0.07075068  0.24192274 -0.10401574  0.17423617]
 [-0.2192457   0.08981858  0.16382587  0.14628536  0.06450428]
 [ 0.16196108  0.00467447  0.09826025  0.03800292  0.12656572]
 [ 0.05279191  0.19851925  0.02635014  0.02332662  0.20321025]
 [-0.23658323  0.11124848  0.32901354  0.20464475 -0.08263524]]
Matrix Pair 19; W = [[-5.65782705e-02  5.00172144e-02  2.04655485e-01  2.82108051e-03
  -7.27818854e-02]
 [ 1.21605699e-01 -1.64478667e-01 -9.97167938e-02 -1.03419676e-01
   1.94173277e-01]
 [ 3.95730766e-02  1.23817732e-01 -1.38298047e-01 -5.63384340e-02
   2.18066188e-01]
 [ 4.11589024e-02 -2.05375791e-01  1.80699814e-02  7.52319594e-02
   6.75763140e-02]
 [-1.47462375e-01 -1.21212508e-01 -2.00887982e-04  1.17310527e-01
  -6.79935497e-02]]
U = [[ 0.13738156 -0.07005231  0.24380643 -0.09703735  0.16767921]
 [-0.1610376   0.11824999  0.13330752  0.10479832 -0.0021557 ]
 [ 0.16759103  0.01929493  0.10710289  0.09737616  0.13026054]
 [ 0.07314969  0.23178489 -0.03975236 -0.02066116  0.23317902]
 [-0.23846827  0.10161818  0.28349224  0.17100378 -0.0309412 ]]
Matrix Pair 20; W = [[-0.07136526  0.05601445  0.22122333  0.13383364 -0.10819596]
 [ 0.16754121 -0.30081889 -0.15305907 -0.07940722  0.12666829]
 [ 0.00247488  0.10995261 -0.13826439 -0.06930604  0.16529139]
 [ 0.00712333 -0.19584953  0.04425509  0.03841461 -0.01539343]
 [-0.11661515 -0.01835559 -0.03406668  0.13609913 -0.09290345]]
U = [[ 0.14291767 -0.07278594  0.2304713  -0.05509585  0.13039977]
 [-0.21509203 -0.00379111  0.10888961  0.17608113 -0.00030542]
 [ 0.21003274  0.0168844   0.11011448  0.08375261  0.14058835]
 [ 0.11742046  0.21880272  0.08255485  0.04424685  0.20771162]
 [-0.16386984  0.13727077  0.28441432  0.09256045 -0.08054362]]
Matrix Pair 21; W = [[-0.06061045  0.07700254  0.20630904  0.11627871 -0.06883932]
 [ 0.17272226 -0.2738878  -0.15076189 -0.13052492  0.15752433]
 [ 0.00284934  0.03579836 -0.12903571 -0.09061149  0.15886045]
 [ 0.0058382  -0.15307925  0.04245305  0.07956228  0.06462995]
 [-0.14062451 -0.02638057  0.009264    0.11268112 -0.05521145]]
U = [[ 0.13052177 -0.06348076  0.20320479 -0.08124062  0.1845777 ]
 [-0.18544391  0.03533087  0.15746172  0.15375511  0.03643977]
 [ 0.23415292 -0.04137414  0.1602877   0.09407074  0.12693897]
 [ 0.07836257  0.23869905  0.06151396 -0.00503271  0.16233657]
 [-0.13670387  0.17545854  0.31631393  0.08209017 -0.05518578]]
Matrix Pair 22; W = [[-0.04051195  0.07546194  0.15071456  0.13479587 -0.11240289]
 [ 0.08280541 -0.25873684 -0.14016814 -0.06220366  0.18308651]
 [-0.05846457  0.02626506 -0.10375835 -0.04457309  0.16201634]
 [ 0.00116566 -0.12405805  0.04829663  0.03498856  0.03969563]
 [-0.09380339 -0.04002988  0.05451718  0.10617549 -0.04857544]]
U = [[ 0.09542645 -0.09629988  0.21945202 -0.04533509  0.17461315]
 [-0.13669437  0.04988428  0.16900963  0.18249975 -0.00972124]
 [ 0.18463896  0.02370557  0.0965053   0.03505669  0.17565529]
 [ 0.10470085  0.20075802  0.02263902  0.01034074  0.17761967]
 [-0.19413659  0.14853849  0.37204641  0.13458726 -0.0186428 ]]
Matrix Pair 23; W = [[-0.03331484  0.04045196  0.1851904   0.09557608 -0.12200083]
 [ 0.09779299 -0.28792278 -0.14825508 -0.06280049  0.11900914]
 [-0.05474833  0.03583059 -0.09169603 -0.0332034   0.16192617]
 [-0.01422392 -0.19346613  0.02092645  0.05429431  0.04137498]
 [-0.12444279 -0.02731338 -0.00469791  0.09428593 -0.04504323]]
U = [[ 0.13426421 -0.07259743  0.19096424 -0.01813171  0.1498058 ]
 [-0.19262552  0.03974087  0.12887426  0.16969948  0.03925188]
 [ 0.19470971 -0.02297486  0.14688636  0.12050488  0.10086769]
 [ 0.10706272  0.24683698  0.08263601  0.02033646  0.22337372]
 [-0.12883641  0.21141911  0.36045697  0.0856407  -0.029665  ]]
Matrix Pair 24; W = [[-0.07974983  0.08471863  0.14152502  0.08527507 -0.04041578]
 [ 0.02434998 -0.23416154 -0.07010565 -0.05219757  0.19375616]
 [-0.07970433  0.12761891 -0.07528763 -0.02891577  0.21553477]
 [-0.04788841 -0.17231606  0.03955079  0.04210599  0.06253477]
 [-0.04813386 -0.15261867  0.01668444  0.06995647 -0.0545898 ]]
U = [[ 0.15116378 -0.08283434  0.22628746 -0.08520408  0.13827957]
 [-0.19553336  0.01974126  0.22958302  0.15997497  0.10240611]
 [ 0.14913259  0.07626522  0.13284738 -0.00943522  0.13520339]
 [ 0.04608864  0.24528452  0.07091431 -0.08212321  0.24557057]
 [-0.22851721  0.12285242  0.37019285  0.21150799 -0.06942596]]
Matrix Pair 25; W = [[-0.09065555  0.02980818  0.20279639  0.04782927 -0.10603461]
 [ 0.09338951 -0.17196236 -0.062953   -0.11778824  0.25397249]
 [-0.0834484   0.11577322 -0.07370746 -0.00816022  0.27196619]
 [-0.08716799 -0.14116574  0.06649947  0.09142635  0.01171826]
 [-0.0459637  -0.09980649  0.08527713  0.04645672 -0.08678753]]
U = [[ 0.1131149  -0.06270047  0.28597282 -0.09013657  0.14545129]
 [-0.19693119  0.04235771  0.24653592  0.17740309  0.00997877]
 [ 0.17195788  0.03774962  0.21820599  0.02774422  0.11158262]
 [ 0.08624819  0.2400434   0.01173532 -0.13798227  0.17814896]
 [-0.16404439  0.09443108  0.34453145  0.19367291 -0.12017601]]
Matrix Pair 26; W = [[-0.01557707  0.08891445  0.19491451  0.07757788 -0.03955727]
 [ 0.02888564 -0.19873572 -0.11221774 -0.11000314  0.24669854]
 [-0.05052142  0.14606869 -0.09387907 -0.04010424  0.20853364]
 [-0.07444505 -0.19705913  0.07658207  0.08706785 -0.00904399]
 [-0.09711326 -0.10230928  0.02225554  0.03289394 -0.05499859]]
U = [[ 0.15368604 -0.08513087  0.2349825  -0.15720111  0.18898787]
 [-0.25096951  0.0196675   0.22910672  0.18166196  0.09811881]
 [ 0.21953089  0.04287471  0.17066486  0.07415148  0.1232901 ]
 [ 0.07926538  0.22632531  0.01556701 -0.11701631  0.17722607]
 [-0.22821187  0.14328092  0.37254989  0.20401668 -0.09388454]]
Matrix Pair 27; W = [[-0.04813968  0.00273153  0.20409081  0.10682799 -0.08953397]
 [ 0.06751917 -0.20744398 -0.10978753 -0.04076622  0.23950397]
 [-0.00676756  0.17155421 -0.06706033  0.00034136  0.22293367]
 [-0.01338685 -0.20204209  0.08636797  0.05568765  0.01417481]
 [-0.11105774 -0.10157924  0.08735851  0.12310004 -0.08689724]]
U = [[ 0.1015203  -0.04803613  0.27920366 -0.16853172  0.16644641]
 [-0.19518764  0.06783106  0.23422959  0.15294017  0.03843847]
 [ 0.20908195  0.13380751  0.20030021  0.01530379  0.1821688 ]
 [ 0.05029989  0.25593935 -0.0186814  -0.064907    0.18238832]
 [-0.21847316  0.09856098  0.29092585  0.17655449 -0.11196256]]
Matrix Pair 28; W = [[-0.09277765  0.04440235  0.20536778  0.08223384 -0.07087398]
 [ 0.06296383 -0.22612671  0.01258741 -0.13482935  0.18731953]
 [ 0.02637794  0.05178429 -0.13065365 -0.03476235  0.16116428]
 [-0.01353348 -0.1140392   0.08658852 -0.00955143  0.05943112]
 [-0.13198585 -0.04714394  0.00248227  0.06732594 -0.0443279 ]]
U = [[ 0.20541136 -0.10934013  0.24261494 -0.07824773  0.16394287]
 [-0.14488521  0.04848298  0.16608318  0.22825437  0.00797953]
 [ 0.19438998  0.06422957  0.19099334  0.09207918  0.20622724]
 [-0.00216812  0.25326889  0.11149621  0.00626172  0.17564932]
 [-0.23422669  0.11806362  0.32642935  0.12579288 -0.06771343]]
Matrix Pair 29; W = [[-0.09666243  0.03455491  0.15069826  0.10856682 -0.05012882]
 [ 0.0714531  -0.19500392 -0.04597941 -0.14833281  0.20773056]
 [ 0.02085429  0.05382828 -0.10288046 -0.00487665  0.18182628]
 [-0.08579224 -0.13309969  0.0751203   0.01031325  0.02511189]
 [-0.14521055 -0.11435    -0.05296258  0.00065953 -0.09752927]]
U = [[ 0.16103261 -0.11847337  0.22298418 -0.07196473  0.15167794]
 [-0.22897599  0.05398892  0.16570085  0.2516754  -0.01802396]
 [ 0.27919527  0.03924871  0.12748376  0.03332788  0.21315914]
 [ 0.05308218  0.26440234  0.09020902 -0.03266315  0.18395521]
 [-0.20933016  0.16781286  0.3355773   0.09874205 -0.07415281]]
Matrix Pair 30; W = [[-0.03343626  0.07026027  0.22574928  0.05118047 -0.06822184]
 [ 0.10420452 -0.14868322  0.00113486 -0.18726937  0.22791489]
 [ 0.00795767  0.02603051 -0.13684079 -0.05201505  0.18274908]
 [-0.09366306 -0.1010711   0.1393266  -0.03541878 -0.01760285]
 [-0.09097432 -0.0257913   0.00093901  0.00084143 -0.05429146]]
U = [[ 0.126682   -0.12624669  0.25205315 -0.12994969  0.22366013]
 [-0.16467993  0.09455609  0.13821579  0.24414496  0.03731876]
 [ 0.27411456  0.04171341  0.17854087  0.00678595  0.15321658]
 [-0.00922744  0.28217151  0.12461981 -0.04503617  0.11657084]
 [-0.17830172  0.14243642  0.30457728  0.14956313 -0.07656914]]
Matrix Pair 31; W = [[-0.07647598  0.00319252  0.21237479  0.07609634 -0.10739814]
 [ 0.14826817 -0.17041999 -0.02932943 -0.11320337  0.22483486]
 [ 0.03812836  0.06943069 -0.08037238  0.04122893  0.15225587]
 [-0.02448152 -0.14244569  0.05683529  0.03895238  0.0143729 ]
 [-0.13339718 -0.04962653 -0.02252279  0.01825536 -0.08789464]]
U = [[ 0.12635604 -0.1337879   0.2701101  -0.092343    0.17694639]
 [-0.14298814  0.09336513  0.15916301  0.22447846 -0.01664705]
 [ 0.25098026 -0.02470052  0.12520453  0.02048836  0.19431156]
 [-0.0132911   0.27245222  0.11177389 -0.02256887  0.11773767]
 [-0.19611439  0.12803035  0.28159762  0.12198071 -0.04957866]]
Matrix Pair 32; W = [[-0.09721849  0.08216849  0.12367608 -0.00152672 -0.17764447]
 [ 0.1492881  -0.21727983 -0.10793081 -0.14611086  0.22406257]
 [ 0.05364239  0.1361825  -0.12879701 -0.0349702   0.23045844]
 [-0.04842277 -0.07866114  0.0058643   0.10506672  0.01221401]
 [-0.1308636  -0.20600955  0.03038136  0.13352946 -0.00307031]]
U = [[ 0.13447549 -0.09988742  0.25174449 -0.08725836  0.16093177]
 [-0.17577845  0.06005457  0.08071877  0.17054935  0.06929135]
 [ 0.17824128 -0.01584983  0.20597067  0.10045708  0.17239406]
 [ 0.03724778  0.18034565  0.04560234 -0.00420116  0.15294229]
 [-0.2007251   0.16992604  0.28644069  0.12008392 -0.03918119]]
Matrix Pair 33; W = [[-0.05955586  0.02592749  0.19222459  0.01053684 -0.17485851]
 [ 0.10847735 -0.21407724 -0.11879368 -0.12048058  0.17522296]
 [ 0.04571169  0.14359607 -0.0787471  -0.01526522  0.29378541]
 [-0.00598289 -0.12476123  0.0183671   0.03775554 -0.02885937]
 [-0.11631547 -0.12283115 -0.00500861  0.0589888  -0.07601314]]
U = [[ 0.07917494 -0.08430762  0.2678167  -0.11397203  0.15797856]
 [-0.2327832   0.05247916  0.13636282  0.11640147  0.08769728]
 [ 0.19547096 -0.0297023   0.21489199  0.13418586  0.14025339]
 [ 0.03771274  0.14761715  0.01751435  0.03698595  0.15290927]
 [-0.22946587  0.17008335  0.32687621  0.09140295 -0.11367508]]
Matrix Pair 34; W = [[-0.02198138  0.0383242   0.17029604  0.08472976 -0.1169465 ]
 [ 0.12070803 -0.16709441 -0.08291536 -0.12521738  0.2191194 ]
 [ 0.0444842   0.07337566 -0.14396738 -0.08435998  0.26079512]
 [-0.01456779 -0.04739611  0.08482671  0.10114562  0.0334913 ]
 [-0.07866915 -0.16370096 -0.01758288  0.10786686 -0.07755368]]
U = [[ 0.07980966 -0.04281199  0.22664043 -0.12077169  0.1260886 ]
 [-0.19237266  0.09481295  0.13398178  0.10676184 -0.00640197]
 [ 0.11170967 -0.00089552  0.16423526  0.1626298   0.21049925]
 [ 0.00903886  0.20762305  0.06506193 -0.0310263   0.14503551]
 [-0.17928567  0.15855391  0.26754801  0.13515549 -0.05521725]]
Matrix Pair 35; W = [[-0.02901141  0.05592417  0.15696358  0.07448251 -0.1439683 ]
 [ 0.13317746 -0.21179819 -0.08489388 -0.093557    0.14111897]
 [-0.0422564   0.12173637 -0.11129881  0.00289489  0.315871  ]
 [-0.04026539 -0.12207125  0.00387857  0.08938891  0.0436256 ]
 [-0.06388592 -0.11715088  0.01776359  0.07776796 -0.0745818 ]]
U = [[ 0.10773551 -0.03332482  0.28663486 -0.12775401  0.18795535]
 [-0.17579878  0.14634443  0.14539057  0.09104154  0.0820443 ]
 [ 0.11846706  0.02647008  0.18599438  0.12523724  0.17748667]
 [ 0.03333148  0.17500782  0.06115621  0.02917276  0.14438473]
 [-0.23341296  0.20309842  0.31365247  0.16540529 -0.09840739]]
Matrix Pair 36; W = [[-0.05974978  0.05188845  0.11229796  0.05616027 -0.09771748]
 [ 0.06055712 -0.25238146 -0.03203904 -0.0188722   0.20740996]
 [-0.06070486  0.02950983 -0.14284087  0.01952181  0.16065734]
 [ 0.00415149 -0.1326112  -0.00288635  0.00268762  0.00236865]
 [-0.11358561 -0.14168975 -0.04914064  0.0823512  -0.07447053]]
U = [[ 0.13777135 -0.0765574   0.23868031 -0.09969696  0.0845065 ]
 [-0.14721007  0.10115575  0.15965319  0.18616261  0.07971025]
 [ 0.20642652  0.02736188  0.11985898  0.09498842  0.17183356]
 [ 0.07019695  0.22117181  0.09788749 -0.04073399  0.1329424 ]
 [-0.21826731  0.19244893  0.32144834  0.21111875 -0.08079531]]
Matrix Pair 37; W = [[-0.02098753  0.06023613  0.11296468  0.03940809 -0.10451575]
 [ 0.12653038 -0.15828917 -0.0122945  -0.05503977  0.14171075]
 [-0.04415445  0.06825261 -0.15404585 -0.01563581  0.15179502]
 [-0.06464868 -0.09652822  0.0428962   0.07358708  0.01124995]
 [-0.07355919 -0.12512548 -0.03723346  0.06129292 -0.02721306]]
U = [[ 0.10939214 -0.11314224  0.2736221  -0.06930945  0.16350696]
 [-0.11561706  0.03165995  0.1074146   0.21817658  0.09962574]
 [ 0.26110352 -0.00379835  0.10826837  0.0227099   0.16201577]
 [ 0.10391273  0.21849461  0.06767794 -0.04550864  0.12482414]
 [-0.2459062   0.17992819  0.29098461  0.23384157 -0.03367559]]
Matrix Pair 38; W = [[-0.0792518   0.10495045  0.17787714  0.04678483 -0.05750353]
 [ 0.12426284 -0.16855406  0.01049077 -0.02553363  0.21866978]
 [-0.05995528  0.07010047 -0.07794286  0.01214727  0.14648309]
 [-0.04843711 -0.07609955  0.08906801  0.08783726 -0.00821742]
 [-0.12047404 -0.11801572 -0.04720429  0.04757354 -0.0542293 ]]
U = [[ 0.11966554 -0.08928621  0.21440219 -0.15767023  0.11590691]
 [-0.10935815  0.02791381  0.15490135  0.16366976  0.09154163]
 [ 0.24119823  0.0470525   0.14306368  0.04334131  0.19306185]
 [ 0.11014988  0.21900493  0.04276608 -0.01182084  0.12717155]
 [-0.21541466  0.18416994  0.36952785  0.17211631 -0.05907921]]
Matrix Pair 39; W = [[-0.07014634  0.01919804  0.1246632   0.04051684 -0.12222823]
 [ 0.11183262 -0.22040493 -0.03677778 -0.02568898  0.13062005]
 [-0.08665008  0.08934169 -0.14211034 -0.0115677   0.1549412 ]
 [-0.0631189  -0.07309047  0.01198588  0.05605971  0.04945632]
 [-0.03946125 -0.0927279   0.02157078 -0.00372916  0.00815171]]
U = [[ 0.15328632 -0.12036962  0.24052283 -0.15076547  0.18241862]
 [-0.12209589  0.01113047  0.15542984  0.14776626  0.04609378]
 [ 0.24636352 -0.00041194  0.11233782  0.0687031   0.14030203]
 [ 0.07162444  0.21819269  0.06444315 -0.03514597  0.12735866]
 [-0.18669685  0.12169039  0.35034954  0.19599091 -0.10633454]]
Matrix Pair 40; W = [[-0.06057417  0.04180138  0.17021838  0.07456262 -0.0590922 ]
 [ 0.11185727 -0.25112111 -0.08190989  0.00877359  0.18674902]
 [-0.02218946  0.09024703 -0.09436032 -0.05925983  0.11557863]
 [ 0.01269385 -0.13835908  0.0374856  -0.01443346  0.02119205]
 [-0.21022225 -0.07514648 -0.0343577   0.11245564 -0.01075082]]
U = [[ 0.10880918 -0.0893158   0.21353004 -0.1033175   0.15752017]
 [-0.1889792   0.06571604  0.1372113   0.10402187 -0.00335648]
 [ 0.24426979 -0.01666113  0.17481233  0.08767053  0.18511169]
 [ 0.05845758  0.17810689  0.08791236 -0.01381289  0.21638384]
 [-0.16038651  0.07969027  0.29034968  0.11127531 -0.01158369]]
Matrix Pair 41; W = [[-0.01706378  0.11307393  0.17481229  0.07964645 -0.07938937]
 [ 0.12160384 -0.22160127 -0.03700044  0.01125807  0.23527949]
 [-0.05710322  0.14483344 -0.18235865 -0.00283648  0.16973341]
 [-0.00433539 -0.1141827   0.04214969  0.04192741  0.07719056]
 [-0.14206493  0.01209941  0.0386469   0.0390618  -0.00974232]]
U = [[ 0.10658149 -0.11586578  0.23272051 -0.10931928  0.11998881]
 [-0.09855007  0.1102271   0.05627159  0.16217055  0.05438816]
 [ 0.24300329 -0.05754349  0.13794817  0.1057866   0.17132072]
 [ 0.01883799  0.15977296  0.11633678 -0.01787008  0.21993075]
 [-0.18775473  0.14637043  0.3300745   0.12376627 -0.07544887]]
Matrix Pair 42; W = [[-0.06774879  0.03465378  0.24652286  0.06097092 -0.04780399]
 [ 0.13564531 -0.22710728 -0.09687445 -0.04788846  0.21318918]
 [ 0.00959092  0.12700231 -0.1477867  -0.07546653  0.16421887]
 [-0.00273491 -0.08327983  0.07783206  0.05266054  0.06460943]
 [-0.14790006 -0.08189482 -0.01111738  0.05252532 -0.00753604]]
U = [[ 0.07569273 -0.0933974   0.14579134 -0.12484483  0.12501973]
 [-0.12627342  0.10526823  0.08917504  0.10614111  0.00516303]
 [ 0.19595448 -0.03951838  0.20325411  0.11390664  0.16320253]
 [ 0.03141474  0.12295994  0.06313316 -0.05931984  0.22307893]
 [-0.17051535  0.09876207  0.28324648  0.15984496 -0.08008222]]
Matrix Pair 43; W = [[-0.08379454  0.07008317  0.18852876  0.06384494 -0.05102182]
 [ 0.0529895  -0.25681782 -0.07712975  0.01576505  0.20616284]
 [-0.01877438  0.07063243 -0.16434053 -0.04581536  0.18734822]
 [ 0.00330347 -0.0629324   0.08347296  0.06074012  0.05536754]
 [-0.15855157  0.00079914 -0.01837401  0.06428741 -0.03848169]]
U = [[ 1.38890798e-01 -1.82305781e-01  2.09241337e-01 -8.87947600e-02
   1.20663094e-01]
 [-1.70061713e-01  1.21912258e-01  7.46969882e-02  9.65177634e-02
   9.63019644e-03]
 [ 1.99182848e-01 -1.55072135e-02  1.05702942e-01  1.09340004e-01
   2.23186479e-01]
 [ 3.62970237e-02  1.34612968e-01  9.26924902e-02 -1.78339494e-04
   2.53484521e-01]
 [-1.98199769e-01  8.91526397e-02  2.69016278e-01  8.56609498e-02
  -5.23370746e-02]]
Matrix Pair 44; W = [[-0.05473121 -0.03525839  0.16322317  0.00033198 -0.05619738]
 [ 0.09411534 -0.18144808 -0.11200566 -0.04062644  0.17727804]
 [-0.04650906  0.1612737  -0.0919646  -0.09668644  0.23922387]
 [-0.07262542 -0.07919973  0.0065443   0.0447799   0.01306989]
 [-0.02595325 -0.10353156  0.08259201  0.12237944 -0.04151013]]
U = [[ 0.05560243 -0.14070244  0.22086026 -0.09361491  0.19352576]
 [-0.17959231  0.08448915  0.14990585  0.11772966 -0.06356441]
 [ 0.26913193  0.03626078  0.14550494  0.08600785  0.10442186]
 [ 0.02282388  0.25177109  0.04683809  0.02198663  0.18453537]
 [-0.15738611  0.15321807  0.2935809   0.21201637  0.05676655]]
Matrix Pair 45; W = [[-0.04266351 -0.02689743  0.22725394  0.04934659 -0.04949227]
 [ 0.08942156 -0.15926418 -0.14630336 -0.04893627  0.13928614]
 [-0.07622868  0.14154011 -0.13257575 -0.07913431  0.19092891]
 [-0.05940153 -0.08846759 -0.04132165  0.11846149  0.03824192]
 [-0.01434878 -0.13942001  0.00292199  0.10391374 -0.09796611]]
U = [[ 0.1169524  -0.09091438  0.17311018 -0.07928974  0.21808846]
 [-0.1396717   0.11454994  0.12483939  0.12593881 -0.03255529]
 [ 0.21062562 -0.01531066  0.13596475  0.05030679  0.15507554]
 [ 0.03288936  0.22384924  0.07656969 -0.0187081   0.19325386]
 [-0.12553528  0.1018611   0.27911859  0.18372615 -0.02358221]]
Matrix Pair 46; W = [[-0.13151643  0.02506319  0.17588146  0.04340151 -0.03182541]
 [ 0.08353232 -0.18129953 -0.12062054 -0.06969316  0.20905242]
 [-0.04283065  0.125443   -0.1428678  -0.06882503  0.18067476]
 [-0.03770268 -0.14972501 -0.05965821  0.04648771  0.06920711]
 [-0.06976341 -0.09250232  0.01850962  0.08133903 -0.06138455]]
U = [[ 0.11513238 -0.11153859  0.20061826 -0.10855742  0.15264175]
 [-0.11503389  0.14966722  0.0820153   0.16554364  0.02431007]
 [ 0.25312496  0.00919027  0.1061462   0.10477104  0.17063956]
 [ 0.04482266  0.23287999  0.03564216 -0.0278254   0.21445799]
 [-0.11176051  0.13445394  0.28998852  0.14277476 -0.02321355]]
Matrix Pair 47; W = [[-0.09719438 -0.02922887  0.15736966 -0.02180258 -0.03027804]
 [ 0.04574641 -0.1605366  -0.07922617 -0.12026468  0.22313143]
 [ 0.01232503  0.16794931 -0.17282444 -0.04272531  0.20687318]
 [-0.08591311 -0.15101643 -0.01822837  0.08919782  0.01628526]
 [-0.02483668 -0.06478219  0.00542518  0.11937642 -0.08615509]]
U = [[ 0.10433327 -0.12318354  0.23796556 -0.11213511  0.21674287]
 [-0.11593121  0.1091946   0.15048708  0.10158855  0.00584858]
 [ 0.22428925 -0.04571366  0.11518894  0.06350517  0.17435769]
 [ 0.01114518  0.20394855  0.07416041 -0.04206878  0.24148195]
 [-0.10180135  0.10510897  0.3064465   0.21091173 -0.00578811]]
Matrix Pair 48; W = [[-0.01248922  0.05534591  0.17374094  0.03075076 -0.08416178]
 [ 0.15514728 -0.23961804 -0.06770947 -0.13304769  0.15143932]
 [-0.0250695   0.06544588 -0.12564927 -0.08319097  0.10469871]
 [-0.07855762 -0.13610283  0.09177308  0.01046987 -0.02661594]
 [-0.13369348 -0.09641258 -0.01777958  0.03802895 -0.0296138 ]]
U = [[ 0.22343776 -0.13150928  0.26949385 -0.10737382  0.09883964]
 [-0.1350466   0.02530837  0.10717065  0.23934945  0.06543627]
 [ 0.19452948  0.03412178  0.19215702  0.05452733  0.23277054]
 [ 0.08056329  0.23389753  0.06706526  0.01655021  0.200031  ]
 [-0.19838126  0.13103234  0.36627193  0.16196879  0.02354632]]
Matrix Pair 49; W = [[-0.02834091  0.01363541  0.15322126  0.08127591 -0.06941163]
 [ 0.06954847 -0.22461035 -0.05881228 -0.07933713  0.16121039]
 [ 0.01321025  0.10138296 -0.08442565 -0.01009514  0.14645584]
 [-0.05897176 -0.09763489  0.00979226  0.04378508 -0.01740922]
 [-0.17201819 -0.10947615 -0.01680528  0.0631668  -0.07722512]]
U = [[ 0.22690253 -0.07488266  0.20038552 -0.12926409  0.14748376]
 [-0.15380378  0.0806223   0.10762572  0.17847066  0.01685222]
 [ 0.17211245  0.03764611  0.16695584  0.06479922  0.15833145]
 [ 0.07339056  0.23553144  0.08405374  0.00910218  0.23975629]
 [-0.15093135  0.14561564  0.32930382  0.10574815 -0.05117945]]
Matrix Pair 50; W = [[-0.10043125  0.00466333  0.175956    0.10993741 -0.08980358]
 [ 0.12346873 -0.16239429 -0.04394515 -0.06937226  0.22910765]
 [-0.01984461  0.11184709 -0.07218076 -0.034834    0.19180118]
 [ 0.00225645 -0.10697536 -0.00417651  0.04771241 -0.05963574]
 [-0.07863048 -0.10138603 -0.01226042  0.08278111 -0.08255852]]
U = [[ 0.21825535 -0.11611774  0.2039327  -0.13548912  0.09453577]
 [-0.14997176  0.0651787   0.13837157  0.20962373  0.05110051]
 [ 0.19176959 -0.00038074  0.17283644 -0.00652352  0.16637676]
 [ 0.05272095  0.22991915  0.04221184 -0.04956189  0.20566477]
 [-0.19329617  0.06724765  0.33967307  0.06912941 -0.04443265]]
Matrix Pair 51; W = [[-0.0932687   0.03196124  0.11292909  0.10847403 -0.0558836 ]
 [ 0.08748892 -0.19358229 -0.02981618 -0.09373508  0.18599821]
 [-0.00435143  0.06114436 -0.15632963  0.00334751  0.1825056 ]
 [-0.02297656 -0.12470943  0.00217192  0.08148357 -0.06418675]
 [-0.13402778 -0.15696519  0.01303737  0.00821106 -0.00239183]]
U = [[ 0.18105963 -0.1228273   0.27874856 -0.18215179  0.14766893]
 [-0.14570366  0.05847639  0.14768936  0.15274717 -0.02182493]
 [ 0.20334946  0.05727259  0.12826325  0.07277331  0.2303969 ]
 [ 0.07922644  0.26567617  0.08945888 -0.01293921  0.24473878]
 [-0.12853999  0.07912947  0.35027796  0.06681589 -0.05236568]]
Matrix Pair 52; W = [[-0.02764125 -0.05047424  0.15108098  0.02412617 -0.02768646]
 [ 0.19848613 -0.20325459 -0.08342941 -0.06735678  0.15642235]
 [-0.08923417  0.13086815 -0.15253893 -0.08524616  0.1455193 ]
 [ 0.01020356 -0.12361086  0.00759149  0.06664538  0.05838329]
 [-0.0844952  -0.09387298  0.0922115   0.14895348 -0.07922572]]
U = [[ 0.03553345 -0.05027985  0.10994858 -0.11958894  0.24292853]
 [-0.20081094  0.06759543  0.13390023  0.14462991 -0.00768213]
 [ 0.15430132  0.06102784  0.19876105  0.16787135  0.18148678]
 [-0.05312086  0.23238882 -0.02600949  0.00497427  0.17233816]
 [-0.23393603  0.20027602  0.35840203  0.15555269 -0.10080021]]
Matrix Pair 53; W = [[-0.06399678 -0.04972324  0.07611786  0.07934644 -0.05494715]
 [ 0.10688378 -0.18368031 -0.02945738 -0.07949324  0.16921702]
 [-0.02405362  0.14971027 -0.14492071 -0.11285569  0.19005486]
 [ 0.0125258  -0.05575573  0.07410547  0.04092479  0.06197727]
 [-0.06541164 -0.04192608  0.05909104  0.15623876 -0.126346  ]]
U = [[ 0.12492992 -0.11976643  0.10010271 -0.06511388  0.18967701]
 [-0.14928649  0.06640995  0.1879237   0.15165659 -0.00064031]
 [ 0.15537968 -0.00510747  0.19410707  0.10343006  0.19706528]
 [-0.04675002  0.26904914  0.00757308  0.04564921  0.20479799]
 [-0.19031221  0.15416358  0.28259473  0.13273154 -0.15038413]]
Matrix Pair 54; W = [[-0.07674787 -0.01848049  0.09620629  0.07711206 -0.09186531]
 [ 0.18446401 -0.24145654 -0.03333866 -0.05458867  0.17144342]
 [-0.02833903  0.13054077 -0.10195989 -0.10701314  0.17245282]
 [ 0.01786932 -0.04958615  0.0080166   0.02837415 -0.01759877]
 [-0.06358691 -0.02742988  0.09933452  0.11279049 -0.05406275]]
U = [[ 0.07956804 -0.02208258  0.11841477 -0.1379417   0.24944969]
 [-0.12897835  0.08752216  0.16052048  0.19660565 -0.01292587]
 [ 0.22885947 -0.00472546  0.18099241  0.11517284  0.11935429]
 [-0.0430565   0.278561    0.041207    0.0612797   0.23855981]
 [-0.23191099  0.16151406  0.28201978  0.14899597 -0.08449308]]
Matrix Pair 55; W = [[-0.05902919  0.01633256  0.08916149  0.10657923 -0.04363515]
 [ 0.17538259 -0.2337694  -0.09759319 -0.04852318  0.18452322]
 [-0.10083964  0.11068443 -0.1184852  -0.11309112  0.17948967]
 [ 0.04138451 -0.12518394 -0.00786629  0.09160632  0.07687085]
 [-0.08940848 -0.04835248  0.03343628  0.14664253 -0.11725847]]
U = [[ 0.08485994 -0.09608669  0.16215896 -0.12855743  0.23232825]
 [-0.15282312  0.04034575  0.18768328  0.17787496 -0.06412559]
 [ 0.24206014  0.06574474  0.17799469  0.15571096  0.15719835]
 [-0.003487    0.18567104  0.01542135  0.05711924  0.26369802]
 [-0.24430259  0.16555316  0.31873341  0.15936369 -0.14643798]]
Matrix Pair 56; W = [[-0.09099362 -0.01516522  0.08417209  0.02563627 -0.06219805]
 [ 0.09225545 -0.27721211 -0.13792933 -0.06201538  0.23730002]
 [ 0.00047227  0.13654075 -0.15111211 -0.05698495  0.20849905]
 [-0.01260848 -0.05657649  0.06810114  0.0863346   0.00470957]
 [-0.07261921 -0.14325025  0.09002826  0.07598518 -0.1346629 ]]
U = [[ 0.11935599 -0.07099597  0.15616493 -0.10089865  0.25065423]
 [-0.1386357   0.14062365  0.08725167  0.21932057  0.00094603]
 [ 0.19501937  0.08415854  0.12635107  0.10506001  0.19263138]
 [-0.0121239   0.21726385  0.04529231  0.03926129  0.25105904]
 [-0.23641063  0.19541355  0.27977537  0.19481781 -0.05335114]]
Matrix Pair 57; W = [[-0.01420987  0.06034257  0.12800061  0.04888724 -0.06096758]
 [ 0.12843534 -0.2368622  -0.07792083 -0.08271752  0.18801149]
 [-0.02282041  0.15590939 -0.12046539 -0.02858596  0.255569  ]
 [ 0.02372187 -0.11169758  0.03511461  0.01082166  0.09824301]
 [-0.0637128  -0.17323801  0.06260748  0.03514653 -0.09149074]]
U = [[ 0.11941857  0.01077008  0.21432692 -0.11157708  0.21284111]
 [-0.10002296  0.05945393  0.09675383  0.21432331  0.00617251]
 [ 0.17888636  0.06323584  0.17470078  0.12725018  0.12726324]
 [-0.02436893  0.15728516  0.05469929  0.04021466  0.21225391]
 [-0.23857273  0.13975082  0.26920198  0.16547389 -0.02952616]]
Matrix Pair 58; W = [[-0.02440475  0.05477194  0.09061854  0.00257978 -0.07830725]
 [ 0.09880785 -0.22174896 -0.11226203 -0.08385426  0.20326264]
 [ 0.03893273  0.09772757 -0.12399733 -0.08520958  0.21077511]
 [ 0.04268921 -0.09178122  0.03417931  0.04564069  0.07439025]
 [-0.1156731  -0.1064346   0.09499004  0.12149355 -0.12544896]]
U = [[ 0.0997549  -0.00725962  0.22170129 -0.12125774  0.2092035 ]
 [-0.13205909  0.05917842  0.11107367  0.20524736  0.00988692]
 [ 0.16612331 -0.00878642  0.11019099  0.0720634   0.18352613]
 [ 0.05900183  0.1465596   0.02566447  0.01124183  0.22082791]
 [-0.23219841  0.14674629  0.3149019   0.14999524 -0.05358195]]
Matrix Pair 59; W = [[-0.05782034 -0.02346272  0.14574001  0.07034496 -0.07170614]
 [ 0.12004857 -0.20958262 -0.12334356 -0.08203428  0.22963847]
 [ 0.0455664   0.08342955 -0.15126889 -0.03225796  0.24336922]
 [ 0.02472818 -0.11806613  0.04048983  0.09305498  0.01887715]
 [-0.05510025 -0.11935035  0.07500437  0.11548064 -0.09365982]]
U = [[ 1.11203039e-01 -2.69892978e-02  1.93139728e-01 -1.20162402e-01
   2.29247035e-01]
 [-1.58904325e-01  7.94682121e-02  1.47790413e-01  1.48632801e-01
   8.83903506e-02]
 [ 2.02453461e-01  6.83890215e-02  1.88132473e-01  1.39854344e-01
   1.72892224e-01]
 [-2.54766122e-02  1.74478730e-01  1.37128075e-03 -2.70959609e-04
   2.31260858e-01]
 [-2.45331884e-01  1.78023511e-01  2.96680433e-01  1.34183985e-01
  -7.15293605e-02]]
Matrix Pair 60; W = [[-0.10179507 -0.02891306  0.10220455  0.01027541 -0.08995079]
 [ 0.11407907 -0.26853224 -0.07697795  0.0147557   0.12325086]
 [ 0.02379865  0.1259791  -0.08317839 -0.02973838  0.20832288]
 [-0.00285478 -0.09836537  0.0930384   0.08843448 -0.03956466]
 [-0.08376688 -0.13870942 -0.0297311   0.07078981 -0.14341264]]
U = [[ 0.15227017 -0.15083736  0.25229224 -0.11458525  0.29234087]
 [-0.14520842  0.045501    0.20023336  0.26911364  0.03609589]
 [ 0.22235718  0.05343081  0.14672947  0.08158233  0.12807492]
 [ 0.00577601  0.28268987  0.03367213 -0.04883302  0.17204968]
 [-0.17382908  0.15122201  0.26991564  0.18528968 -0.10086723]]
Matrix Pair 61; W = [[-0.11432984  0.02461419  0.15365238  0.00690157 -0.0693356 ]
 [ 0.11821063 -0.18372961 -0.12664176 -0.0811135   0.19610761]
 [ 0.0321444   0.09531354 -0.11058818  0.00112889  0.20953575]
 [ 0.04790902 -0.12756285  0.07278551  0.13984843  0.042874  ]
 [-0.0982622  -0.08207157 -0.00289536  0.11785724 -0.08375064]]
U = [[ 0.17513345 -0.15218051  0.21605796 -0.19187155  0.2499581 ]
 [-0.14485951  0.04138258  0.14853844  0.25077685 -0.00899334]
 [ 0.22845686  0.01414024  0.18175417  0.064071    0.17304338]
 [ 0.01081795  0.23579411  0.00173895 -0.05899509  0.1863002 ]
 [-0.20292913  0.17387387  0.3550861   0.17721303 -0.15183275]]
Matrix Pair 62; W = [[-0.02723233 -0.02034673  0.09225324  0.00460474 -0.06657228]
 [ 0.10428719 -0.19196586 -0.04345664 -0.03054648  0.15047834]
 [-0.0127909   0.11597899 -0.11432529 -0.00749903  0.17291939]
 [ 0.04824575 -0.11690603  0.07586592  0.0568718  -0.02956817]
 [-0.09427396 -0.11267692 -0.01643877  0.05131383 -0.09820496]]
U = [[ 0.13531766 -0.13432908  0.2395268  -0.1245515   0.26355489]
 [-0.12087176  0.04587817  0.16385548  0.19970657  0.03698864]
 [ 0.20882665 -0.01581549  0.13023146  0.08007115  0.15668448]
 [-0.00885076  0.26823182  0.01172349 -0.0223655   0.1920034 ]
 [-0.14095905  0.12386533  0.30065976  0.1916277  -0.13559722]]
Matrix Pair 63; W = [[-0.05292417 -0.04236113  0.08650506 -0.01728174 -0.06643164]
 [ 0.0646116  -0.22166574 -0.08026964 -0.04933055  0.20178553]
 [ 0.0102968   0.13661596 -0.1010415   0.00220527  0.21220974]
 [ 0.04185423 -0.06912996  0.00837709  0.12269602 -0.00986484]
 [-0.09265816 -0.09365599  0.04842815  0.07625167 -0.12586458]]
U = [[ 0.15449188 -0.13034202  0.24323522 -0.17961099  0.23549858]
 [-0.1858609   0.04739076  0.1774369   0.27567142  0.00321302]
 [ 0.22811387 -0.01136842  0.17870474  0.10192009  0.13833226]
 [ 0.04218297  0.23354729  0.05124409 -0.0306559   0.17236726]
 [-0.19829966  0.17983239  0.29146944  0.18067494 -0.1215556 ]]
