Epoch: 64Matrix Pair 0; W = [[-0.05175283  0.10278669  0.12711396  0.06763281 -0.10845744]
 [ 0.07397878 -0.23574299 -0.06497648 -0.11428015  0.17967097]
 [-0.03040884  0.01735088 -0.02192017  0.00254245  0.22021725]
 [ 0.00920306 -0.02799759 -0.01723628 -0.05385691  0.09329075]
 [-0.13294421 -0.14540368  0.03470776  0.09929829  0.0197588 ]]
U = [[ 0.11288695 -0.08660537  0.11911841 -0.05613495  0.25978288]
 [-0.11773524  0.0905573   0.15110819  0.10942787  0.02371767]
 [ 0.25306712  0.0554145   0.13767175  0.11675271  0.09492757]
 [ 0.07475335  0.18032691  0.04870678  0.02786279  0.15775465]
 [-0.26485907  0.1636961   0.2948187   0.21179337 -0.02976436]]
Matrix Pair 1; W = [[-0.07225982  0.08472676  0.15952868  0.04041315 -0.11768108]
 [ 0.00684127 -0.21042418 -0.09896578 -0.12176586  0.18104204]
 [-0.01117418  0.01734378 -0.03303846 -0.0250449   0.23130589]
 [ 0.02083624 -0.00118041  0.03624924  0.00553349  0.08604549]
 [-0.16192293 -0.17570029  0.04727264  0.07631068  0.00941044]]
U = [[ 0.06188437 -0.14782842  0.10518474 -0.05062416  0.28348567]
 [-0.14192043  0.15705071  0.17343766  0.16004453  0.01984812]
 [ 0.31468892  0.0741832   0.11946728  0.16799178  0.13178039]
 [ 0.11753961  0.1654256   0.01421631  0.10667554  0.11819286]
 [-0.22358368  0.15836066  0.2931905   0.17375491 -0.01303193]]
Matrix Pair 2; W = [[-0.077331    0.04972297  0.16042895  0.09172023 -0.1114102 ]
 [ 0.00717738 -0.24028018 -0.10713496 -0.11757911  0.16788707]
 [ 0.02387813  0.03691622 -0.01642383 -0.01635321  0.2356883 ]
 [-0.00996547 -0.03817448 -0.0312633  -0.03903451  0.03433469]
 [-0.10697478 -0.16665534  0.00620893  0.12225381  0.01107131]]
U = [[ 0.09972571 -0.11895268  0.14433637 -0.03332294  0.26457996]
 [-0.16317615  0.13303958  0.18202223  0.09643936  0.0575754 ]
 [ 0.28576355  0.03168399  0.12480607  0.13726828  0.13050464]
 [ 0.1082448   0.16414103  0.0383646   0.06178155  0.15183789]
 [-0.30100627  0.12859854  0.27667577  0.23147468 -0.02344519]]
Matrix Pair 3; W = [[-0.12136607  0.05075723  0.15742179  0.06381326 -0.13684229]
 [ 0.01691453 -0.27116984 -0.07597456 -0.08426638  0.23824308]
 [ 0.00797651  0.03576073 -0.04615621 -0.02584182  0.23079461]
 [-0.0158074  -0.02911473 -0.0050562   0.01325291  0.06500847]
 [-0.15941925 -0.11347227  0.02800731  0.10599887  0.02487345]]
U = [[ 0.09709308 -0.11724437  0.17357079 -0.09049104  0.27839084]
 [-0.1000978   0.13436362  0.1990179   0.1343588  -0.02096711]
 [ 0.33374902 -0.00978496  0.08857539  0.18977485  0.11960533]
 [ 0.12712956  0.20288524  0.06847246  0.0966832   0.15420793]
 [-0.28398139  0.14736364  0.32329525  0.20686144 -0.00579901]]
Matrix Pair 4; W = [[-0.000427    0.11320014  0.15690957  0.11663566 -0.16373486]
 [ 0.12126191 -0.20338776 -0.05225198 -0.11427822  0.24067857]
 [-0.06606639  0.01765426 -0.15641716 -0.05252535  0.18652257]
 [ 0.00831822 -0.10137487 -0.04403748  0.00687108  0.06108831]
 [-0.10272224 -0.12209839 -0.02730918  0.09942751 -0.0301535 ]]
U = [[ 0.0239708  -0.11911991  0.20897582 -0.10300558  0.23884935]
 [-0.1140194   0.11811872  0.11941022  0.07567646  0.0063916 ]
 [ 0.27881138  0.04778084  0.0972908   0.17038664  0.08067348]
 [ 0.12209848  0.27288202  0.03997314  0.03867736  0.12302487]
 [-0.19533399  0.14488617  0.34191705  0.21247663  0.04213356]]
Matrix Pair 5; W = [[ 0.02914453  0.07720669  0.21956491  0.11716771 -0.12170542]
 [ 0.12132892 -0.22461041 -0.14256999 -0.16106854  0.23657461]
 [-0.10730153  0.02294192 -0.13885889 -0.02590363  0.26635962]
 [-0.06816264 -0.11617066 -0.03736276 -0.01535959  0.06151316]
 [-0.04891092 -0.17657594  0.02810249  0.1649357  -0.05862934]]
U = [[ 0.01457331 -0.11099866  0.20757658 -0.02847395  0.25979782]
 [-0.15328806  0.08891696  0.10857043  0.08148703  0.01258179]
 [ 0.35901889  0.0107485   0.1174819   0.1241955   0.14342782]
 [ 0.10456225  0.28143287  0.00659111  0.05540925  0.07525837]
 [-0.2537609   0.17298936  0.33834415  0.2068642  -0.01974089]]
Matrix Pair 6; W = [[-0.01503441  0.12461859  0.2297651   0.11841113 -0.09558923]
 [ 0.11432424 -0.23164662 -0.14691414 -0.14917131  0.16346575]
 [-0.15277542  0.04696608 -0.15469679 -0.05638114  0.22763156]
 [-0.02945951 -0.09339138 -0.02529436 -0.05785166  0.05947686]
 [-0.11742861 -0.11917518  0.03550399  0.15788893 -0.0282454 ]]
U = [[ 0.07547211 -0.12244684  0.18148311 -0.10832605  0.21624571]
 [-0.10478747  0.09741141  0.15945809  0.1384477  -0.0406596 ]
 [ 0.36460796 -0.01619955  0.07504074  0.1618966   0.15408068]
 [ 0.15166369  0.23580295  0.02234739  0.11386595  0.07922184]
 [-0.1998822   0.17501277  0.33273645  0.21014974  0.04410893]]
Matrix Pair 7; W = [[-0.06254851  0.13384948  0.20098119  0.04265085 -0.0710856 ]
 [ 0.16568454 -0.22536114 -0.10663259 -0.2058027   0.15410907]
 [-0.07673683  0.06574531 -0.15533641 -0.03666818  0.27654037]
 [ 0.01050273 -0.08890512 -0.03226297 -0.02242409  0.08873074]
 [-0.12554784 -0.17342239  0.05466348  0.12503729  0.01734646]]
U = [[ 0.02808853 -0.08087412  0.12376219 -0.08918388  0.22045232]
 [-0.11756773  0.12229065  0.10483948  0.0845477  -0.06670562]
 [ 0.33483642  0.02371241  0.0659772   0.16737798  0.0933359 ]
 [ 0.11686957  0.26418496  0.09662691  0.0587622   0.07018458]
 [-0.2291361   0.15400027  0.32902475  0.1811447  -0.02626178]]
Matrix Pair 8; W = [[-0.08617205  0.12664371  0.17259246  0.07488956 -0.15078925]
 [ 0.07864843 -0.23692728 -0.14929579 -0.06715539  0.18332395]
 [-0.06060489  0.07412594 -0.04430293  0.04147995  0.22954746]
 [ 0.01315711 -0.08849798 -0.04620684  0.00275072  0.00854855]
 [-0.12129848 -0.14811996  0.07693035  0.13387761 -0.07384551]]
U = [[ 0.02511686 -0.04653659  0.1198886  -0.06495628  0.29404149]
 [-0.18138174  0.07694043  0.06732647  0.18044177 -0.0152637 ]
 [ 0.30095122  0.06630549  0.05441319  0.0679292   0.11687637]
 [ 0.0425115   0.13296598  0.10637144  0.0341008   0.1467714 ]
 [-0.22411027  0.15787392  0.29322083  0.13148869  0.05784015]]
Matrix Pair 9; W = [[-0.06595169  0.0920156   0.17108113  0.08032614 -0.1680036 ]
 [ 0.06403767 -0.24311061 -0.12630711 -0.04336656  0.21723141]
 [-0.08794876  0.04481881 -0.09987158  0.01497249  0.17139844]
 [ 0.01142672 -0.12103012 -0.0647185   0.04183404  0.06170647]
 [-0.14083486 -0.12972179  0.03586981  0.17215072 -0.03192437]]
U = [[ 5.27170820e-02 -8.38950315e-02  1.33826931e-01 -3.59051428e-02
   2.81741515e-01]
 [-2.17603765e-01  8.46240458e-02  1.06398353e-01  1.44106474e-01
  -4.82930227e-02]
 [ 2.77481391e-01  2.25476383e-02  8.56526730e-02  1.31089703e-01
   1.24665929e-01]
 [ 5.30379716e-02  2.17599408e-01  4.60154574e-02  1.04789270e-01
   1.33521933e-01]
 [-1.84581477e-01  2.27486770e-01  3.20197535e-01  1.43737450e-01
  -3.15110370e-04]]
Matrix Pair 10; W = [[-0.08198148  0.06084216  0.1469506   0.10202202 -0.10442803]
 [ 0.11031361 -0.27184557 -0.14699062 -0.1215287   0.15399358]
 [-0.03404409  0.07001093 -0.08942558  0.03734063  0.23916415]
 [ 0.00303754 -0.07631185  0.02661947  0.04025839  0.0045946 ]
 [-0.11247535 -0.1733758   0.06582804  0.17918452 -0.03032987]]
U = [[ 4.65086639e-02 -1.22823725e-01  1.15722455e-01 -7.67746205e-02
   2.24179360e-01]
 [-2.06805031e-01  4.13459745e-02  1.37499526e-01  1.60975469e-01
   3.59935654e-05]
 [ 2.91010984e-01  5.48009278e-02  1.22621000e-01  1.49406613e-01
   1.39933166e-01]
 [ 6.51361636e-02  1.79472568e-01  8.46888718e-02  2.11388838e-02
   1.05143952e-01]
 [-2.24574559e-01  1.65122387e-01  3.49363162e-01  1.96733460e-01
   1.43422736e-02]]
Matrix Pair 11; W = [[-0.04939142  0.10368645  0.18103508  0.05464195 -0.11607331]
 [ 0.08569742 -0.25898586 -0.12417003 -0.05425913  0.16784644]
 [-0.08356142  0.00858912 -0.07974119  0.03920295  0.23627789]
 [-0.00740093 -0.13047901 -0.06130186 -0.04240839  0.05002147]
 [-0.16539914 -0.20072441  0.06273257  0.14943301 -0.00666877]]
U = [[ 0.00981064 -0.12380584  0.10444105 -0.03301296  0.21025115]
 [-0.12713366  0.10402687  0.14918079  0.15950219 -0.0367371 ]
 [ 0.30795401  0.05936814  0.08994914  0.08710073  0.15375404]
 [ 0.03848753  0.1542237   0.08353984  0.06130082  0.09456422]
 [-0.20071581  0.16210744  0.33276877  0.13069752 -0.00512314]]
Matrix Pair 12; W = [[-0.07294962  0.06260723  0.12369371  0.14100879 -0.16401151]
 [ 0.04559621 -0.23535987 -0.04908713 -0.11782527  0.20687505]
 [-0.09134906  0.04176414 -0.08071104  0.03068934  0.22644921]
 [-0.02822635 -0.0275205   0.02715706  0.04219961  0.06735904]
 [-0.16898401 -0.21456417  0.04980671  0.10521693 -0.10141084]]
U = [[ 0.08216139 -0.11496067  0.0901187  -0.12185304  0.27638984]
 [-0.16345234  0.07743535  0.10531803  0.14006437  0.03506841]
 [ 0.29445684  0.03951425  0.13810649  0.14019112  0.0499702 ]
 [ 0.14407771  0.22172739 -0.01032765  0.00953277  0.17584578]
 [-0.26586182  0.15533528  0.24726137  0.14047352  0.06120912]]
Matrix Pair 13; W = [[-0.05792864  0.07015138  0.11496263  0.15943528 -0.13786614]
 [ 0.11178909 -0.21839348 -0.11013621 -0.1709067   0.16699972]
 [-0.01863255  0.03962989 -0.12955239  0.01024313  0.22952776]
 [-0.03966075 -0.01983449  0.00430513  0.01202948  0.02087097]
 [-0.10778309 -0.1821866   0.04710002  0.12729925 -0.05697847]]
U = [[ 0.05474228 -0.09483298  0.07302316 -0.13563517  0.25643716]
 [-0.15484981  0.12600984  0.09774749  0.10816407 -0.04409977]
 [ 0.30818271  0.03215083  0.12637142  0.09865718  0.05840648]
 [ 0.1042864   0.22837356 -0.01337382 -0.01221261  0.18655426]
 [-0.23956094  0.15510263  0.2469458   0.1034887  -0.02755316]]
Matrix Pair 14; W = [[-0.05834664  0.0606821   0.14249114  0.1008342  -0.10241199]
 [ 0.11955911 -0.2425063  -0.13028065 -0.15976174  0.18550432]
 [-0.09870259  0.08538507 -0.11179864  0.02436574  0.23139087]
 [-0.05486179 -0.00375286 -0.02184248  0.01397389  0.00425705]
 [-0.13464023 -0.16692219  0.08926264  0.10845894 -0.0477492 ]]
U = [[ 0.07088744 -0.07608507  0.09458929 -0.13963078  0.28139787]
 [-0.1579368   0.09045885  0.18338345  0.13991333 -0.04567198]
 [ 0.33095447  0.06532123  0.17009168  0.12367912  0.09799296]
 [ 0.14287397  0.1416569   0.06629479  0.04077542  0.13098512]
 [-0.20625968  0.14893577  0.3211584   0.13097537 -0.01680569]]
Matrix Pair 15; W = [[-0.05201752  0.04859722  0.14406844  0.1227044  -0.14588867]
 [ 0.03225225 -0.26097253 -0.12777823 -0.12606505  0.16626506]
 [-0.08839869  0.12559129 -0.03912697  0.00872852  0.15629152]
 [-0.05578582 -0.01731906  0.03722823  0.02656251  0.0370979 ]
 [-0.17091964 -0.18652561  0.04715995  0.06207127 -0.0545724 ]]
U = [[ 0.03471267 -0.16440064  0.11256918 -0.12929828  0.26806132]
 [-0.19796545  0.12267092  0.13208137  0.13360468 -0.02791799]
 [ 0.35515636 -0.00843118  0.11967541  0.11371598  0.10208046]
 [ 0.17071728  0.21742194  0.02375713 -0.00564221  0.15841697]
 [-0.22864685  0.23146792  0.29112704  0.11694912  0.00332074]]
Matrix Pair 16; W = [[-0.12836526  0.10510917  0.18067178  0.04761074 -0.0973805 ]
 [ 0.0845496  -0.21510681 -0.06025973 -0.10198028  0.25396924]
 [-0.04865094  0.04574602 -0.08303642  0.00391824  0.24839654]
 [-0.03919456 -0.00858071 -0.07350117  0.02168165  0.05997108]
 [-0.13114401 -0.14843373  0.09803913  0.14901668 -0.0245971 ]]
U = [[ 0.0234326  -0.19406703  0.15832117 -0.02091143  0.2751771 ]
 [-0.12009122  0.07047056  0.22147966  0.12771963  0.00743899]
 [ 0.29809161  0.0583576   0.12924302  0.20383678  0.13901952]
 [ 0.0919273   0.25046078 -0.01406829  0.03323628  0.0899296 ]
 [-0.19294903  0.1534213   0.31010849  0.15381413 -0.109379  ]]
Matrix Pair 17; W = [[-0.10653208  0.11378341  0.12561568  0.07940527 -0.18275354]
 [ 0.15717606 -0.24784259 -0.01747669 -0.05473997  0.23073349]
 [-0.12078467  0.06742038 -0.12220692  0.07681379  0.24995542]
 [-0.01987131 -0.02281116  0.00978786 -0.01792398  0.03710632]
 [-0.06419653 -0.15828796  0.05782285  0.088668   -0.10727028]]
U = [[ 0.04124561 -0.14022269  0.11322974 -0.10621574  0.28686427]
 [-0.14655402  0.08999537  0.21741151  0.12738642 -0.03019839]
 [ 0.32628824  0.0273046   0.07738412  0.18143352  0.11456579]
 [ 0.06226356  0.19467682  0.07396176  0.07413388  0.12977907]
 [-0.254405    0.17879985  0.36960734  0.17590859 -0.05311334]]
Matrix Pair 18; W = [[-0.06399842  0.12004174  0.17172405  0.06013685 -0.18476251]
 [ 0.11476382 -0.2114061  -0.01732397 -0.08327386  0.29062762]
 [-0.06902652  0.0034806  -0.0818698  -0.02076447  0.24852307]
 [-0.02168408 -0.06174656 -0.00555247  0.04076002  0.06941939]
 [-0.10048114 -0.11841516  0.02236187  0.08928252 -0.07657745]]
U = [[-0.00344289 -0.1489914   0.10204492 -0.02620939  0.24962496]
 [-0.11017072  0.12124695  0.13832585  0.22333474  0.00101697]
 [ 0.27661713  0.02862809  0.1096406   0.13524278  0.13391725]
 [ 0.09655919  0.21813546 -0.00795944  0.01506029  0.06762192]
 [-0.24195299  0.16074559  0.37489807  0.13932625 -0.02450443]]
Matrix Pair 19; W = [[-0.13371983  0.09428202  0.14752313  0.07566635 -0.12923415]
 [ 0.14826593 -0.21910437 -0.09257891 -0.15300148  0.29489369]
 [-0.02552785  0.04895795 -0.08041088 -0.01245695  0.22035647]
 [-0.00543554 -0.03080657 -0.02439978  0.02069218  0.09136463]
 [-0.06546676 -0.16167812  0.10510644  0.12346937 -0.06546873]]
U = [[ 0.05656361 -0.15435577  0.1077666  -0.05482004  0.26829056]
 [-0.15389167  0.08107837  0.16218731  0.1707015  -0.00464667]
 [ 0.2698842   0.03893325  0.0778621   0.18216525  0.13707458]
 [ 0.07961579  0.25118685 -0.01729471  0.01475117  0.04769705]
 [-0.21774734  0.16146615  0.34617231  0.18926972 -0.09554378]]
Matrix Pair 20; W = [[-0.06285832  0.0911962   0.23275913  0.02875729 -0.10717679]
 [ 0.12514729 -0.24637473 -0.04944999 -0.06806462  0.22580006]
 [-0.00625768  0.0135704  -0.13185771  0.02524118  0.2176568 ]
 [-0.02374188 -0.02187833 -0.02077741  0.02129401  0.03035997]
 [-0.06639508 -0.10879953  0.06063095  0.13124802 -0.08964696]]
U = [[ 0.0466033  -0.15516226  0.14645961 -0.03170104  0.24562886]
 [-0.18740479  0.12506408  0.2074565   0.1580194  -0.01284411]
 [ 0.31854292  0.03461134  0.1001593   0.15638057  0.06732463]
 [ 0.15024582  0.10420847 -0.03445921 -0.00111557  0.13426193]
 [-0.19976961  0.15423949  0.29011002  0.18468241 -0.02070653]]
Matrix Pair 21; W = [[-0.04938919  0.11640373  0.21835741  0.05382259 -0.09284847]
 [ 0.11067895 -0.2129693  -0.02454803 -0.07620857  0.24954489]
 [-0.02815157  0.00228858 -0.14148727  0.07006972  0.18438561]
 [-0.04670687 -0.07715031 -0.02786934 -0.00512075 -0.01472553]
 [-0.05357609 -0.14667444  0.07464294  0.10540441 -0.00783697]]
U = [[ 0.05239718 -0.06441737  0.19763144 -0.02270935  0.30807236]
 [-0.1519976   0.17452066  0.17126703  0.10400284 -0.02261366]
 [ 0.2910791   0.07478492  0.14922783  0.12102964  0.086906  ]
 [ 0.16960838  0.1075316   0.03424341  0.01777612  0.13214524]
 [-0.19165804  0.24819109  0.26722017  0.14687707 -0.02184448]]
Matrix Pair 22; W = [[-0.09202806  0.13184944  0.22159699  0.06995529 -0.08160476]
 [ 0.16268258 -0.2148757  -0.10320604 -0.14611019  0.23548863]
 [-0.07777468  0.03014095 -0.05427768  0.09086094  0.25518535]
 [-0.01890087 -0.02628884  0.04893132 -0.01253017 -0.02470605]
 [-0.11069975 -0.10154851  0.05047679  0.13909281 -0.09282209]]
U = [[ 3.80749060e-02 -1.29086381e-01  1.08307541e-01 -8.24882411e-02
   2.33718357e-01]
 [-1.59424602e-01  1.31976269e-01  1.74540963e-01  8.33424661e-02
  -2.68552071e-04]
 [ 3.56948910e-01  3.29952177e-02  8.48433321e-02  1.25345141e-01
   5.07786773e-02]
 [ 1.30685893e-01  8.68000066e-02  2.11532723e-03  5.11155332e-02
   9.60295733e-02]
 [-2.51044426e-01  2.19978183e-01  3.05496854e-01  2.09987490e-01
   3.15218624e-02]]
Matrix Pair 23; W = [[-0.09691492  0.10403818  0.24716673  0.04251404 -0.09359844]
 [ 0.13073135 -0.27115674 -0.02474636 -0.13940426  0.22516319]
 [-0.06480689  0.01787287 -0.12463605  0.06315102  0.20278447]
 [-0.07165929 -0.09610687  0.00775649  0.05151763 -0.02817358]
 [-0.07942956 -0.08284252  0.07114837  0.14442192 -0.07258942]]
U = [[ 0.08613295 -0.1221484   0.13331144 -0.06830272  0.230157  ]
 [-0.13606933  0.10831243  0.24033237  0.08128401 -0.02553603]
 [ 0.2840413   0.08100899  0.09720013  0.15640119  0.12695334]
 [ 0.1554159   0.11048391 -0.01677397  0.00992207  0.15369448]
 [-0.25387216  0.19499809  0.3334874   0.18208664  0.04199398]]
Matrix Pair 24; W = [[-0.1161879   0.01077114  0.24272087  0.12143422 -0.11507135]
 [ 0.13140904 -0.21847499 -0.06525746 -0.09716305  0.2500475 ]
 [-0.07332269  0.09480082 -0.07741355  0.07390778  0.16902071]
 [ 0.00217935 -0.01844682  0.02503681 -0.0174954   0.04416649]
 [-0.14784347 -0.10045464  0.03152943  0.1664677  -0.08087226]]
U = [[ 0.04805395 -0.15346867  0.11593568 -0.07556104  0.18285916]
 [-0.14649806  0.09807431  0.05581468  0.23162197  0.04391488]
 [ 0.32303108  0.02085212  0.05261465  0.07624538  0.05339746]
 [ 0.1200936   0.2428568   0.0639298   0.01848282  0.00817984]
 [-0.2102877   0.1614426   0.26735069  0.14654605  0.10401275]]
Matrix Pair 25; W = [[-0.10820462  0.07301279  0.25350183  0.16589177 -0.10309285]
 [ 0.19965756 -0.25447422 -0.07562196 -0.17030924  0.24575514]
 [-0.12698266  0.0258766  -0.10368018 -0.00382325  0.21410952]
 [ 0.03012059  0.01444546 -0.00084036  0.04302488  0.06587832]
 [-0.11541225 -0.16116484  0.05091925  0.12536363 -0.0902238 ]]
U = [[ 0.03637072 -0.15329082  0.13207286 -0.10785937  0.24239746]
 [-0.12468816  0.15253915  0.058861    0.18082156  0.02707132]
 [ 0.26642314 -0.00192344  0.06688665  0.16570283  0.06987981]
 [ 0.1472783   0.16854862  0.03982083  0.03421571  0.02313014]
 [-0.25481084  0.21351524  0.35473515  0.20874099  0.03259708]]
Matrix Pair 26; W = [[-0.10874337  0.0486029   0.24721274  0.09181916 -0.10924392]
 [ 0.1238321  -0.25125029 -0.02463523 -0.17185548  0.21040147]
 [-0.07693481  0.06317034 -0.10537693  0.06773293  0.21244393]
 [-0.00038617  0.00505424  0.02005115  0.01923233  0.06969876]
 [-0.18278955 -0.13371892  0.01487938  0.08727986 -0.07732443]]
U = [[ 0.06254176 -0.0929356   0.0737691  -0.12055234  0.16605148]
 [-0.09734181  0.13037646  0.07542022  0.22352478  0.02049067]
 [ 0.29343024  0.08499458  0.10903057  0.13323359  0.11048862]
 [ 0.17530621  0.25302295  0.06184649  0.00863118  0.03454261]
 [-0.2039459   0.15065747  0.3472598   0.13130319  0.01737141]]
Matrix Pair 27; W = [[-0.15140458  0.07741718  0.25556415  0.07905643 -0.08683377]
 [ 0.18381779 -0.20635729 -0.02802769 -0.14501216  0.19930356]
 [-0.06518162  0.10286255 -0.14472505  0.02021687  0.12915823]
 [ 0.03203496 -0.063352   -0.02318936 -0.00062734  0.05137552]
 [-0.18404365 -0.13077353  0.01521506  0.07630396 -0.08217163]]
U = [[ 0.09932838 -0.07273006  0.07476879 -0.15142103  0.15872379]
 [-0.10903648  0.15519098  0.13611584  0.23833917 -0.02734421]
 [ 0.35147911  0.00920289  0.12784465  0.14691468  0.09664624]
 [ 0.15249811  0.24104869  0.03268416  0.0077797   0.09295408]
 [-0.28645665  0.18508428  0.28477242  0.17283391  0.09947609]]
Matrix Pair 28; W = [[-0.04776563  0.03318922  0.14994935  0.08653028 -0.15982712]
 [ 0.09617347 -0.23659211 -0.12045296 -0.12050168  0.14173954]
 [-0.10578933  0.09078568 -0.06244119  0.00538399  0.15667261]
 [-0.01782015 -0.04508293 -0.06862924  0.05069911  0.03761948]
 [-0.14903713 -0.11124754  0.02901932  0.09523342 -0.02360717]]
U = [[ 0.0264332  -0.11691377  0.13702128 -0.05889659  0.24386331]
 [-0.23205616  0.00645543  0.16027676  0.11634175  0.0151517 ]
 [ 0.23201005  0.0244159   0.10594879  0.10061278  0.06832974]
 [ 0.113533    0.23184678  0.03044267  0.08278002  0.08247428]
 [-0.27653552  0.20053249  0.30163129  0.15830419 -0.00175009]]
Matrix Pair 29; W = [[-0.05996307  0.0511109   0.17244039  0.14061019 -0.12166269]
 [ 0.067457   -0.21964109 -0.10951584 -0.114989    0.17623345]
 [-0.08339396  0.07736643 -0.11393323  0.05895273  0.11004458]
 [ 0.01268511 -0.08274428 -0.06329841  0.025711   -0.00890363]
 [-0.05698384 -0.16157033  0.05820405  0.06036657 -0.04898228]]
U = [[ 0.02610758 -0.14692373  0.12349873 -0.10595177  0.20468116]
 [-0.20386048  0.06840117  0.10224164  0.18462944  0.04356224]
 [ 0.26062027  0.06709742  0.08310206  0.13461332  0.11313093]
 [ 0.06313804  0.1849909   0.03541807  0.07857115  0.09247984]
 [-0.2172358   0.18237676  0.32136739  0.19147476  0.02937947]]
Matrix Pair 30; W = [[-0.10028479  0.06998798  0.19464783  0.10928531 -0.1745709 ]
 [ 0.10491617 -0.27917091 -0.14026899 -0.12477195  0.20949201]
 [-0.08741435  0.03971763 -0.09482609  0.02167067  0.11994367]
 [-0.02507431 -0.07259237 -0.02995838 -0.03610232  0.01261532]
 [-0.12748457 -0.17791475  0.03801259  0.10723241 -0.04831855]]
U = [[ 0.08806795 -0.09748072  0.10968853 -0.08845681  0.22472273]
 [-0.22744031 -0.01013165  0.18460059  0.12287583 -0.00509804]
 [ 0.24219654  0.01438653  0.17341161  0.1071817   0.11687465]
 [ 0.15002827  0.2415165   0.11774479  0.05335133  0.06169259]
 [-0.28104008  0.231176    0.26188263  0.2448769  -0.00963132]]
Matrix Pair 31; W = [[-0.02245722  0.07078524  0.1263197   0.10241809 -0.09094816]
 [ 0.1224953  -0.21817791 -0.07828001 -0.12346971  0.20622428]
 [-0.11894957  0.01868881 -0.1120624   0.01739309  0.14690502]
 [-0.05586019 -0.02643971 -0.0837387  -0.04356668  0.01776989]
 [-0.09844789 -0.12775249  0.0022395   0.12095548 -0.08486953]]
U = [[ 0.05552808 -0.14481769  0.083795   -0.11200195  0.22871186]
 [-0.25527316  0.01429059  0.12752019  0.13354701  0.0241084 ]
 [ 0.30523484  0.03960318  0.08023101  0.09440961  0.07455218]
 [ 0.06892873  0.1978798   0.07870741  0.04587238  0.13800547]
 [-0.27446892  0.22154082  0.3275321   0.16826851  0.03584185]]
Matrix Pair 32; W = [[-0.01218034  0.06816621  0.2032996   0.12425382 -0.12913287]
 [ 0.07583789 -0.2571289  -0.05368444 -0.07468641  0.22295283]
 [-0.06865385  0.01695441 -0.13945636  0.02318005  0.25128078]
 [-0.05506236 -0.08683765 -0.07839661  0.02559754  0.03190011]
 [-0.10477283 -0.18230316  0.05774277  0.12951783  0.00334908]]
U = [[ 0.07433743 -0.10882653  0.12313215 -0.0443682   0.24766865]
 [-0.15388443  0.10218606  0.14921135  0.19594583  0.02439071]
 [ 0.23667476  0.00369353  0.07744336  0.156067    0.13712272]
 [ 0.12873784  0.25507948  0.0096341  -0.02604027  0.09646649]
 [-0.28484857  0.25272286  0.3392845   0.19935101 -0.00477476]]
Matrix Pair 33; W = [[-1.23419286e-02  3.83116831e-02  2.24123046e-01  7.79475057e-02
  -1.43597441e-01]
 [ 9.71507227e-02 -2.41690878e-01 -5.13581529e-02 -1.01843954e-01
   2.13902110e-01]
 [-7.34000902e-02  8.19983128e-02 -9.33488145e-02  5.26452273e-02
   2.34856509e-01]
 [-2.37232995e-04 -4.40506906e-02 -4.70025105e-02  4.01605757e-02
   1.33305306e-02]
 [-1.02181490e-01 -1.56413668e-01  1.29634529e-02  1.37948360e-01
  -6.39629582e-02]]
U = [[ 0.07257425 -0.10987703  0.09135231 -0.03627428  0.27933001]
 [-0.09076638  0.1582175   0.11302129  0.20453546  0.02195633]
 [ 0.24536319  0.04080278  0.05454363  0.08637962  0.12945829]
 [ 0.11134076  0.2568872  -0.01583556  0.05742837  0.14504324]
 [-0.20329589  0.2631217   0.34013501  0.2313233   0.00382291]]
Matrix Pair 34; W = [[-0.01638853  0.04026351  0.24717464  0.07473107 -0.11052089]
 [ 0.02811265 -0.25650541 -0.04455179 -0.08192579  0.24418797]
 [-0.02463677  0.03159518 -0.11368452  0.01407093  0.26870539]
 [-0.00403109 -0.0327625  -0.06140246 -0.03742033  0.03275692]
 [-0.09797379 -0.19599274  0.01203094  0.15079126  0.02496086]]
U = [[ 0.08764656 -0.08359238  0.16541933 -0.08227805  0.21959463]
 [-0.15451851  0.17868308  0.15352481  0.19432812  0.03337541]
 [ 0.24863411  0.05064603  0.10839691  0.14511234  0.17991905]
 [ 0.10176695  0.17788872 -0.01306701 -0.03430294  0.07527096]
 [-0.2196962   0.20276542  0.30368764  0.22169686  0.05018044]]
Matrix Pair 35; W = [[-0.01338257  0.0440562   0.16632298  0.1390543  -0.17836988]
 [ 0.09157695 -0.25797118 -0.07214863 -0.11356015  0.20747756]
 [-0.02716415  0.0463397  -0.10848879  0.01516843  0.20138534]
 [-0.08975166 -0.07635984 -0.01282816  0.02064887  0.07582104]
 [-0.10436469 -0.14607289  0.09007858  0.14936074  0.02477754]]
U = [[ 0.03866231 -0.14506574  0.13666968 -0.09049665  0.23417815]
 [-0.10206147  0.12610829  0.09931     0.22623994  0.01283932]
 [ 0.21498628  0.04180524  0.07250535  0.1335695   0.12659007]
 [ 0.06176254  0.23612591  0.02213295  0.05133624  0.07746666]
 [-0.28612782  0.28828777  0.35655382  0.15934162  0.00370521]]
Matrix Pair 36; W = [[-0.08344786  0.02002769  0.24842677  0.08121154 -0.06554366]
 [ 0.0893633  -0.23045951 -0.05092113 -0.13479756  0.23211934]
 [-0.03871004  0.06982904 -0.13813719  0.06024635  0.2639214 ]
 [ 0.00789573 -0.12981967 -0.01612875 -0.0213139  -0.00574031]
 [-0.12154205 -0.18057979  0.01126448  0.10796268 -0.04079113]]
U = [[ 0.07223101 -0.17126759  0.1476495  -0.04612431  0.27230125]
 [-0.13061574  0.13641158  0.10679177  0.21937786  0.04991277]
 [ 0.25224074  0.08072504  0.12136654  0.12966361  0.0915298 ]
 [ 0.0569707   0.17167738  0.05965518  0.10820875  0.06892081]
 [-0.31248295  0.1721854   0.36023371  0.16341885 -0.02557214]]
Matrix Pair 37; W = [[-0.08204386  0.05500321  0.22616179  0.06433044 -0.06608843]
 [ 0.10611872 -0.2111465  -0.1037485  -0.09235683  0.27143296]
 [-0.01635234  0.11075096 -0.06393513  0.07656545  0.28221058]
 [-0.0572554  -0.07233021 -0.03713881  0.04275661 -0.02412239]
 [-0.14887965 -0.21458399  0.05716464  0.13177462 -0.10590399]]
U = [[ 0.08634695 -0.17957942  0.1455106  -0.06098207  0.20040977]
 [-0.21343017  0.10399081  0.12564675  0.20321005  0.03100348]
 [ 0.26476189  0.04091265  0.15111698  0.11315507  0.14276968]
 [ 0.06241532  0.15473778  0.07681592  0.067981    0.0987921 ]
 [-0.25965981  0.18111541  0.29488293  0.20332284 -0.01305872]]
Matrix Pair 38; W = [[-0.08197706  0.05179974  0.22101501  0.10997547 -0.12390116]
 [ 0.1223612  -0.25625991 -0.05784521 -0.11939188  0.25812585]
 [ 0.01007487  0.02390004 -0.06644272  0.00343696  0.19967877]
 [-0.06773962 -0.14890849 -0.03650487  0.06655482 -0.00552597]
 [-0.0879071  -0.1858552  -0.01072689  0.10122083 -0.05581827]]
U = [[ 0.10589891 -0.17791773  0.14010649 -0.10983112  0.20731876]
 [-0.1586072   0.14895587  0.07050224  0.24531145 -0.03369856]
 [ 0.27513783 -0.01244045  0.16964952  0.15502196  0.14407717]
 [ 0.14005809  0.17442368  0.05983045  0.0427095   0.03004308]
 [-0.26447771  0.24475571  0.29017672  0.14745311  0.0552714 ]]
Matrix Pair 39; W = [[-0.05608558  0.01680014  0.27145255  0.10536663 -0.09031403]
 [ 0.12549779 -0.25725205 -0.08990554 -0.14175922  0.26985316]
 [-0.00427883  0.10444611 -0.06755924  0.02444944  0.24558182]
 [-0.01001597 -0.13979447 -0.01173243  0.07118237  0.02379263]
 [-0.07929179 -0.1808351   0.02869477  0.05213509 -0.04825421]]
U = [[ 0.0339003  -0.18413443  0.14420954 -0.07788097  0.25364175]
 [-0.12141439  0.11297102  0.04496948  0.23856014  0.03009996]
 [ 0.31706662  0.03944919  0.17535754  0.1117597   0.13999176]
 [ 0.07649237  0.14724931  0.10595068  0.06589696  0.11921658]
 [-0.2884318   0.19814025  0.34712498  0.21240177 -0.01221052]]
Matrix Pair 40; W = [[-0.04075903  0.07173702  0.17235588  0.04599082 -0.13869484]
 [ 0.14035712 -0.24477415 -0.12105454 -0.10055946  0.24116264]
 [-0.07790049  0.04416485 -0.03985341 -0.00481504  0.20858173]
 [ 0.04960894 -0.06558052 -0.02378607  0.05874708  0.08294714]
 [-0.09630917 -0.15676558 -0.0136272   0.14404193 -0.03088942]]
U = [[ 0.0215905  -0.07090334  0.19040152 -0.08806725  0.24136366]
 [-0.1562506   0.00626928  0.07358661  0.17096202  0.04462411]
 [ 0.26003484  0.020594    0.12288976  0.17774621  0.10708956]
 [ 0.09900166  0.25189927  0.07209104  0.08034911  0.08143965]
 [-0.1840969   0.19191506  0.31296229  0.16627576  0.05586382]]
Matrix Pair 41; W = [[-0.09299966  0.04591132  0.19476427  0.12709175 -0.14557146]
 [ 0.16344172 -0.29016133 -0.13712473 -0.09932777  0.16908276]
 [-0.07188804  0.07546833 -0.12278726  0.00242405  0.17972412]
 [-0.00115799 -0.10461808 -0.05943236  0.058465    0.01658295]
 [-0.14762502 -0.15779177 -0.03274944  0.12386696 -0.07508904]]
U = [[ 0.07602666 -0.11371011  0.14197862 -0.04431095  0.26409621]
 [-0.1931968   0.01408982  0.12877451  0.20708713  0.01666837]
 [ 0.27649411  0.030903    0.12644774  0.18061513  0.08257687]
 [ 0.10466347  0.20521582  0.0835903   0.02242932  0.06746892]
 [-0.26167757  0.21932443  0.28502253  0.20108471  0.07178571]]
Matrix Pair 42; W = [[-0.03481295  0.04594606  0.22810502  0.06072946 -0.09238578]
 [ 0.17269584 -0.26471755 -0.15519482 -0.02714584  0.16640483]
 [-0.08276934  0.08168692 -0.11661297  0.01079731  0.18902121]
 [ 0.01021221 -0.09413146 -0.04577962  0.01288737  0.08651988]
 [-0.11812454 -0.14238228  0.0038646   0.16041483 -0.05715701]]
U = [[ 0.10691142 -0.0643265   0.13498978 -0.07656937  0.30539883]
 [-0.18577866  0.04566107  0.15591535  0.18553402  0.05455912]
 [ 0.32836396  0.01445916  0.14736928  0.19661689  0.08367331]
 [ 0.06262327  0.18332462  0.0659728   0.04743046  0.03222595]
 [-0.2107313   0.15022536  0.32428266  0.19525406  0.08179618]]
Matrix Pair 43; W = [[-0.08866071 -0.00348772  0.24199364  0.09952467 -0.15806538]
 [ 0.13166309 -0.27034904 -0.15316892 -0.08660983  0.15382474]
 [-0.1106223   0.04607374 -0.11391046 -0.02328201  0.193341  ]
 [-0.00426699 -0.04970927 -0.07340794  0.0072247   0.01861232]
 [-0.12143717 -0.20445878 -0.00960574  0.14948374 -0.05136443]]
U = [[ 0.02581086 -0.06727611  0.18052511 -0.02826006  0.288611  ]
 [-0.18687974  0.0613829   0.1208135   0.16337616 -0.0292895 ]
 [ 0.34015677  0.02002701  0.13336967  0.17807528  0.17837618]
 [ 0.08030651  0.18339228  0.03692755  0.0395757   0.03056965]
 [-0.1757283   0.21249665  0.28402646  0.19617433  0.01566766]]
Matrix Pair 44; W = [[-0.11104458  0.11304224  0.23404901  0.08853588 -0.11251639]
 [ 0.1548992  -0.21882101 -0.04267783 -0.14192474  0.20283042]
 [-0.04379928  0.04043035 -0.17020649  0.0085108   0.22277358]
 [-0.06396993  0.00295072 -0.01962895 -0.0386011  -0.01070802]
 [-0.14008764 -0.15071993  0.00066302  0.11454387  0.01438287]]
U = [[ 0.0312037  -0.11974975  0.19990547 -0.10143623  0.27958652]
 [-0.20827739  0.17590289  0.09494189  0.14888176 -0.05961947]
 [ 0.25680592  0.09067744  0.08696044  0.13592765  0.13612376]
 [ 0.07220837  0.16946781  0.01637911  0.02166498  0.15144575]
 [-0.19578963  0.19114071  0.31216918  0.12852426 -0.01290499]]
Matrix Pair 45; W = [[-0.1298059   0.02795554  0.23438873  0.08402959 -0.14047128]
 [ 0.15587518 -0.2475222  -0.06235663 -0.11510858  0.20480737]
 [-0.10400949  0.04534044 -0.20490941  0.01627993  0.24345397]
 [-0.05994876 -0.02764766  0.01967503  0.0243532   0.04743231]
 [-0.14045349 -0.10666934  0.00055987  0.17697944  0.05946387]]
U = [[ 0.03174245 -0.11473789  0.17290076 -0.10054864  0.24984557]
 [-0.17493784  0.12196644  0.17753325  0.16573174 -0.02515695]
 [ 0.32012783  0.05591127  0.11964402  0.20852112  0.13125753]
 [ 0.13754539  0.15911619  0.04550816  0.06915275  0.13468552]
 [-0.2481224   0.24073427  0.34504072  0.10997705 -0.00420909]]
Matrix Pair 46; W = [[-0.12143428  0.11924373  0.1647905   0.09752759 -0.07417944]
 [ 0.14404665 -0.20090184 -0.08869641 -0.09912966  0.22074127]
 [-0.11722426  0.03220805 -0.13375864 -0.03608435  0.2138556 ]
 [-0.01373733  0.00507584 -0.00472545 -0.05645829 -0.01708936]
 [-0.21447114 -0.18847133 -0.02795948  0.11366326 -0.02350508]]
U = [[ 0.03625569 -0.19998274  0.1087414  -0.06502386  0.25397124]
 [-0.22579719  0.13264109  0.17416822  0.20556078 -0.05398466]
 [ 0.23496295  0.07557425  0.10533937  0.17202683  0.07655618]
 [ 0.09525392  0.22370814 -0.02633197  0.01911922  0.1207636 ]
 [-0.22135653  0.17796687  0.28917657  0.17195498 -0.03419834]]
Matrix Pair 47; W = [[-6.32454264e-02  3.08143212e-02  2.46483825e-01  8.33722406e-02
  -1.47411662e-01]
 [ 1.06893494e-01 -2.04578628e-01 -3.82971348e-02 -1.74872327e-01
   1.51123089e-01]
 [-1.24066182e-01  8.55933970e-02 -1.30796511e-01  1.69750216e-02
   1.98995093e-01]
 [-1.01614136e-01 -4.26411202e-02  3.24084969e-05 -2.26260848e-02
   3.27929697e-02]
 [-1.87364669e-01 -1.29650878e-01 -2.15268523e-02  1.17116932e-01
   2.71586665e-02]]
U = [[ 0.00529233 -0.15691288  0.15604285 -0.09933986  0.26024557]
 [-0.20425405  0.14045096  0.15162982  0.18953411 -0.00159026]
 [ 0.30997959  0.05708356  0.03633185  0.20252026  0.08257333]
 [ 0.111691    0.18145314  0.06220692  0.04614537  0.17537089]
 [-0.24450372  0.21810301  0.26409252  0.17696437  0.04623755]]
Matrix Pair 48; W = [[-0.0148584   0.04955672  0.12560884  0.13846559 -0.14200453]
 [ 0.1015545  -0.23452256 -0.14100538 -0.13188765  0.21941164]
 [-0.0822114   0.06901356 -0.17215499  0.01482034  0.15004145]
 [-0.06375166 -0.03626174  0.05312364 -0.09260091  0.02547881]
 [-0.07052395 -0.20480349  0.09328879  0.1244191  -0.06214569]]
U = [[ 0.06130644 -0.08235419  0.11536238 -0.04392442  0.29741435]
 [-0.16590684  0.12140955  0.19230312  0.17265164 -0.04624073]
 [ 0.35076489 -0.01704876  0.05226729  0.16182466  0.1301539 ]
 [ 0.12033314  0.18966779 -0.00443603  0.03218798  0.16839181]
 [-0.23584862  0.24363133  0.30457731  0.16157011  0.07476869]]
Matrix Pair 49; W = [[-0.04313127  0.09180185  0.17118573  0.11730943 -0.08482601]
 [ 0.13523014 -0.19360671 -0.10497373 -0.15160987  0.21043969]
 [-0.13906139  0.01388101 -0.1199852   0.02462142  0.21648032]
 [-0.04943048 -0.08791713 -0.03011903 -0.06915488  0.05984513]
 [-0.04323224 -0.14469661  0.03749617  0.08274266 -0.00290107]]
U = [[ 0.05691498 -0.13154763  0.1018433  -0.08193411  0.24595858]
 [-0.1665505   0.1313255   0.14958513  0.18549839  0.03284358]
 [ 0.32984862 -0.05845579  0.04896905  0.10677293  0.13822193]
 [ 0.07662522  0.21366378  0.01456963  0.05710263  0.10923275]
 [-0.25963935  0.22372756  0.30269859  0.16050486  0.05232467]]
Matrix Pair 50; W = [[-0.04854627  0.05285288  0.18537378  0.08917716 -0.09129315]
 [ 0.13927202 -0.18352683 -0.09573999 -0.11949265  0.23767475]
 [-0.14916665 -0.01912533 -0.18733027  0.02901343  0.19862888]
 [-0.08312959 -0.1210408   0.01931884 -0.00109178  0.05710949]
 [-0.10200796 -0.2198221   0.02461932  0.09574402 -0.07685117]]
U = [[ 0.05585924 -0.10139904  0.04410617 -0.03634158  0.29198795]
 [-0.14238404  0.14949657  0.16051779  0.23067051  0.04626394]
 [ 0.34078065 -0.01585858  0.07407664  0.12830741  0.12421956]
 [ 0.10693181  0.18802138  0.03265779  0.06001571  0.16242936]
 [-0.20493664  0.24767595  0.37502492  0.13277397 -0.01658452]]
Matrix Pair 51; W = [[-0.05834719  0.05063877  0.1542799   0.09424405 -0.09610295]
 [ 0.08718642 -0.25167961 -0.0612142  -0.15851216  0.22031325]
 [-0.16391553 -0.0156147  -0.11899791  0.01137955  0.20525404]
 [-0.09377216 -0.07768736 -0.03288464 -0.08212453  0.07958681]
 [-0.05602794 -0.17116281  0.02017003  0.16128529 -0.0206167 ]]
U = [[ 0.05781475 -0.08298841  0.10903625 -0.05271131  0.26643095]
 [-0.16927436  0.07788425  0.15117353  0.14410172 -0.00536029]
 [ 0.28705651  0.0138385   0.05732653  0.08302808  0.16260294]
 [ 0.11165194  0.26476498  0.04239996  0.01361789  0.19274876]
 [-0.26019265  0.17838316  0.37597951  0.14826855  0.03963697]]
Matrix Pair 52; W = [[-0.04895658  0.1050096   0.17304197  0.15226199 -0.16873909]
 [ 0.06420326 -0.26624897 -0.0469273  -0.08134198  0.2564449 ]
 [-0.01834248  0.02993591 -0.13409549 -0.08202341  0.17670165]
 [-0.00550699 -0.04449266 -0.06568347 -0.00894127  0.01123813]
 [-0.19729695 -0.13974812 -0.04177384  0.05468596 -0.07050927]]
U = [[ 0.11462602 -0.15860014  0.14726174 -0.08019004  0.28628227]
 [-0.18550022  0.02338335  0.14145491  0.13374291  0.01078567]
 [ 0.26795377  0.05451088  0.13631902  0.12193427  0.10212811]
 [ 0.0819568   0.19624557 -0.00524275  0.07571198  0.09430909]
 [-0.30329963  0.21119335  0.29879477  0.14563034  0.0054527 ]]
Matrix Pair 53; W = [[-0.03220266  0.133228    0.17210067  0.07079758 -0.16500687]
 [ 0.09900172 -0.27213845 -0.11419804 -0.11890733  0.2584195 ]
 [-0.03869661 -0.01169206 -0.08424824 -0.00990725  0.20020568]
 [ 0.06943136 -0.05862819 -0.01229841  0.03670702  0.05336056]
 [-0.2021134  -0.18503415  0.00261277  0.09325341 -0.03571188]]
U = [[ 0.0481369  -0.10898703  0.12587534 -0.09331     0.24259609]
 [-0.17485881  0.12021948  0.0863227   0.12295361  0.05170378]
 [ 0.22049224  0.05918878  0.18713659  0.11483612  0.12296322]
 [ 0.12494034  0.13334266  0.01218953  0.00705524  0.11647774]
 [-0.2722924   0.16190472  0.33119485  0.18620127  0.01831141]]
Matrix Pair 54; W = [[-0.09014457  0.10348668  0.23000002  0.11440889 -0.12840128]
 [ 0.01560456 -0.31406887 -0.13598827 -0.1271575   0.28381021]
 [-0.07540682 -0.0296328  -0.11980796 -0.08472108  0.23372546]
 [ 0.00283165 -0.06840667 -0.05901987 -0.05343192 -0.01026245]
 [-0.15621699 -0.16130946  0.05570353  0.05824667  0.01797578]]
U = [[ 0.12455449 -0.07845133  0.17341001 -0.06604174  0.23163001]
 [-0.10710438  0.02758017  0.1000505   0.16731223 -0.02341703]
 [ 0.25086282  0.07295412  0.18000901  0.12360204  0.18074349]
 [ 0.06035341  0.14748345  0.05807073  0.07096097  0.06633389]
 [-0.2719245   0.18001464  0.27704325  0.17209504  0.05187116]]
Matrix Pair 55; W = [[-0.05482335  0.12903592  0.24105637  0.10061028 -0.11688549]
 [ 0.08817676 -0.28664295 -0.06716862 -0.1020638   0.21563341]
 [-0.02477973  0.05050258 -0.11012021 -0.06801664  0.17618578]
 [-0.01440362 -0.06904104 -0.05522452 -0.01445245  0.01554128]
 [-0.11040572 -0.19527726  0.02963522  0.11473143 -0.00600976]]
U = [[ 0.05978153 -0.16280486  0.08456177 -0.10092245  0.19735055]
 [-0.16783993  0.06212673  0.10582146  0.12232828 -0.03419253]
 [ 0.2325902   0.07211731  0.12032648  0.11802471  0.1560082 ]
 [ 0.07988025  0.18886066  0.00482379  0.02076166  0.15726664]
 [-0.28761471  0.2074144   0.33501497  0.16599026  0.033954  ]]
Matrix Pair 56; W = [[-0.04221233  0.13591143  0.22564097  0.04239406 -0.1770273 ]
 [ 0.10730946 -0.25594179 -0.11175324 -0.09396736  0.24229339]
 [-0.09542651  0.07753313 -0.08965836 -0.05507072  0.20025791]
 [ 0.01732914 -0.06383038 -0.05408749 -0.00317117  0.02349044]
 [-0.16319731 -0.17074283  0.0135332   0.08772214 -0.1009178 ]]
U = [[ 0.05566744 -0.16938328  0.15645664 -0.11367348  0.24374628]
 [-0.18697972  0.03360671  0.14596879  0.17843581 -0.01962336]
 [ 0.3652491   0.03651141  0.07864785  0.12741787  0.11040868]
 [ 0.06393744  0.20822762  0.09888631  0.06554331  0.04551796]
 [-0.23414754  0.14639438  0.27129392  0.23247167 -0.06795413]]
Matrix Pair 57; W = [[-0.05056636  0.11295223  0.18173734  0.07483788 -0.16895395]
 [ 0.12465882 -0.28678913 -0.07232728 -0.14217114  0.17477925]
 [-0.07185319  0.09605195 -0.10463602  0.02565405  0.22146566]
 [ 0.01698333 -0.07126078 -0.09216449  0.04311138  0.10442335]
 [-0.1730462  -0.12700543  0.01585681  0.1384115  -0.10995144]]
U = [[ 0.04772255 -0.12363111  0.18336722 -0.07688475  0.24698256]
 [-0.19929757  0.11048388  0.07258223  0.22124551 -0.04873465]
 [ 0.34040756  0.01248211  0.10028729  0.11484501  0.1843351 ]
 [ 0.04302818  0.23712914  0.08730858  0.07236652  0.06452182]
 [-0.27715791  0.1609504   0.30326161  0.22220935  0.00926943]]
Matrix Pair 58; W = [[-0.09683499  0.11800936  0.18073113  0.04175605 -0.09334056]
 [ 0.15713708 -0.23332419 -0.12378954 -0.13591508  0.1918403 ]
 [-0.11569596  0.11418383 -0.05889209  0.00715024  0.19383884]
 [ 0.01510255 -0.05991991 -0.10281232 -0.00691413  0.00872081]
 [-0.1868702  -0.11737904  0.02708778  0.10862866 -0.04668299]]
U = [[ 0.00985482 -0.15635293  0.16441751 -0.06402559  0.26526492]
 [-0.19588483  0.06430492  0.14259377  0.22704141 -0.03129467]
 [ 0.34753581 -0.01201274  0.10665808  0.17673633  0.10618018]
 [ 0.07960892  0.27828901  0.00890402  0.00372163  0.10455112]
 [-0.25710137  0.15012979  0.30742079  0.22511428 -0.07439903]]
Matrix Pair 59; W = [[-0.10143727  0.11616952  0.18615545  0.11326795 -0.15796837]
 [ 0.14355791 -0.26839778 -0.14194665 -0.09088978  0.21054136]
 [-0.06378224  0.09711479 -0.05612395 -0.01113094  0.17666664]
 [-0.00131692 -0.05610964 -0.0579053   0.01415704  0.08987314]
 [-0.19942964 -0.10569094  0.01688184  0.12654212 -0.04940076]]
U = [[ 0.10050355 -0.16290469  0.14864665 -0.11515315  0.23335007]
 [-0.16410902  0.0868677   0.09237936  0.14390844  0.01320421]
 [ 0.32953605  0.0649209   0.0856313   0.14522291  0.12871241]
 [ 0.05562545  0.29898596  0.0883046   0.06794065  0.10558677]
 [-0.30803141  0.15063907  0.36227175  0.17747881 -0.05625325]]
Matrix Pair 60; W = [[-6.59135566e-02  9.70179462e-02  2.37597338e-01  1.35532086e-01
  -1.28460260e-01]
 [ 1.13894564e-01 -2.69580879e-01 -4.47350075e-02 -1.87033893e-01
   2.57447554e-01]
 [-5.29758624e-02  2.98848316e-02 -5.82301187e-02 -2.26668695e-02
   2.19101199e-01]
 [-1.20705137e-02 -4.67741602e-02 -5.73555362e-02  6.55855159e-06
   5.58026922e-02]
 [-1.21951838e-01 -2.09344173e-01  3.14473887e-04  9.20413845e-02
  -1.70628617e-02]]
U = [[ 0.09254181 -0.09276067  0.10713828 -0.03178988  0.24445944]
 [-0.14474456  0.14601106  0.15409591  0.157063    0.05112432]
 [ 0.33185243  0.02571762  0.11563005  0.07868083  0.08299371]
 [ 0.07171805  0.1923284   0.06615944  0.05405255  0.0914098 ]
 [-0.2793333   0.19361918  0.28715406  0.1254333  -0.08030935]]
Matrix Pair 61; W = [[-0.11735416  0.04064212  0.17896647  0.06726311 -0.0936597 ]
 [ 0.12478908 -0.19877854 -0.07141357 -0.14899282  0.19538335]
 [-0.07497077  0.05243542 -0.10231706 -0.02042043  0.18927927]
 [-0.00382821 -0.03410912  0.00066449  0.00802268  0.08698644]
 [-0.10158301 -0.15342608 -0.00514499  0.15612198 -0.05074074]]
U = [[ 0.02634086 -0.10184998  0.17991481 -0.07292583  0.27778779]
 [-0.18531933  0.1007927   0.11517239  0.14706344 -0.01781962]
 [ 0.33677325  0.03572735  0.11213341  0.16071694  0.11740581]
 [ 0.06742513  0.20328232  0.02835789  0.08444071  0.08761668]
 [-0.26756604  0.18605338  0.34224723  0.17845842  0.00125716]]
Matrix Pair 62; W = [[-0.10659375  0.09950559  0.21957567  0.11351761 -0.09488179]
 [ 0.12911602 -0.18846899 -0.11437609 -0.1210351   0.25730319]
 [-0.07691648 -0.00430618 -0.02112407  0.02436814  0.15388204]
 [-0.06275958 -0.06077963  0.00833418 -0.01360702  0.02532366]
 [-0.14335073 -0.20797473  0.02914373  0.08171882 -0.05566709]]
U = [[ 0.10738739 -0.16390168  0.18089803  0.00406089  0.30173336]
 [-0.12903273  0.10003676  0.18248007  0.16167204  0.0234648 ]
 [ 0.27653178  0.06453137  0.12561187  0.16496388  0.12775806]
 [ 0.15580155  0.26354264  0.05732984  0.00990798  0.08764136]
 [-0.25673259  0.13889091  0.29431366  0.16148881 -0.0128235 ]]
Matrix Pair 63; W = [[-0.09029225  0.06276342  0.21696864  0.06900111 -0.09929097]
 [ 0.08427625 -0.22873503 -0.10951534 -0.14925171  0.21362561]
 [-0.06608776  0.00651827 -0.11716508  0.00800139  0.1548098 ]
 [ 0.01242438 -0.04148612 -0.0722251   0.05457015  0.01138293]
 [-0.15955506 -0.14173108  0.00100642  0.14553516 -0.06052178]]
U = [[ 0.02160583 -0.06626942  0.10514148 -0.02949073  0.25268254]
 [-0.19509407  0.13941678  0.12935701  0.16457481 -0.00406421]
 [ 0.28834271  0.0178986   0.17642413  0.16464648  0.11139086]
 [ 0.07951807  0.2137419   0.03519529  0.03404     0.12019807]
 [-0.23471577  0.12783374  0.34275391  0.14131036  0.00492424]]
