Epoch: 59Matrix Pair 0; W = [[ 0.21649304  0.07526144  0.15258452 -0.16565732  0.06779948]
 [-0.09192783 -0.33503271 -0.07940409  0.29952616 -0.137439  ]
 [-0.00090619  0.00205897 -0.03255468  0.04422615  0.00354869]
 [-0.07498396  0.15177877  0.14099264 -0.06483295 -0.05634109]
 [-0.17167038 -0.0999816  -0.20286989 -0.16569562 -0.05471707]]
U = [[ 0.05190239  0.09089611  0.22091832  0.3333446   0.00995051]
 [-0.36671043 -0.13428303  0.0350615   0.10726917  0.19772248]
 [ 0.08508242 -0.11774789 -0.23156251 -0.16501729  0.18411149]
 [ 0.33916684  0.01521384  0.28629094 -0.1548012  -0.16921958]
 [-0.09674821 -0.02365278 -0.26775162 -0.09476615 -0.01756614]]
Matrix Pair 1; W = [[ 0.20933879  0.04381909  0.13320378 -0.1188273   0.04084708]
 [-0.08822025 -0.3178936  -0.10601497  0.23688304 -0.07988346]
 [ 0.0234508   0.06100849 -0.07327471  0.0901431   0.02222783]
 [-0.05805848  0.12118975  0.09259839 -0.02684751 -0.0702349 ]
 [-0.08733855 -0.15505678 -0.2600829  -0.15194729 -0.09025875]]
U = [[ 0.07346209  0.09681296  0.23162547  0.30281651  0.00134087]
 [-0.3808334  -0.14144357  0.02757581  0.1262557   0.17323333]
 [ 0.09220416 -0.09682625 -0.23859181 -0.2135835   0.21150501]
 [ 0.26066511  0.00977744  0.24541058 -0.16186978 -0.11952416]
 [-0.14280526 -0.04286599 -0.30461646 -0.04116425 -0.0092667 ]]
Matrix Pair 2; W = [[ 0.19880008  0.0229264   0.17324269 -0.0929793   0.06174848]
 [-0.05800754 -0.38569798 -0.06495641  0.25869214 -0.11237534]
 [-0.03832244  0.00331483 -0.11782695  0.07424658 -0.05375256]
 [-0.08546423  0.17335796  0.18242672 -0.09755529 -0.04261675]
 [-0.08736239 -0.11884433 -0.19404777 -0.18856893  0.00381275]]
U = [[ 0.13130031  0.14804939  0.30985206  0.30687647 -0.00051096]
 [-0.33012912 -0.11529555  0.00872863  0.12543176  0.19458723]
 [ 0.12289178 -0.11002417 -0.24851111 -0.15700048  0.21930814]
 [ 0.27146361 -0.02864869  0.25286307 -0.10439108 -0.17245223]
 [-0.06620997 -0.0526188  -0.27774732 -0.07371945  0.0166259 ]]
Matrix Pair 3; W = [[ 0.1980518   0.03739939  0.18769913 -0.12200421  0.07773847]
 [-0.06166735 -0.38370812 -0.10943064  0.22043471 -0.13334242]
 [ 0.0253039   0.06218508 -0.11268991  0.03283122 -0.04554803]
 [-0.06864544  0.15309898  0.14749604 -0.0659227  -0.05799909]
 [-0.08755888 -0.09092938 -0.18687925 -0.12262203 -0.00535272]]
U = [[ 0.07490871  0.13581983  0.22360792  0.34305358  0.00755259]
 [-0.33799685 -0.17257066  0.08426141  0.14018232  0.21200407]
 [ 0.0593942  -0.13014803 -0.25924809 -0.18413913  0.21145903]
 [ 0.3480861  -0.0385255   0.28695723 -0.06536182 -0.15660794]
 [-0.14004293 -0.05700334 -0.2848755  -0.09725311 -0.05605086]]
Matrix Pair 4; W = [[ 0.16521485  0.05716612  0.18633415 -0.14557601  0.00845083]
 [-0.13649729 -0.33898779 -0.06970182  0.2269838  -0.10915434]
 [-0.00742647  0.03694224 -0.02513966  0.07067481 -0.03096562]
 [-0.03484046  0.08763406  0.09559973 -0.08560189 -0.0409293 ]
 [-0.15685648 -0.1505449  -0.23073863 -0.15770858 -0.06498905]]
U = [[ 0.09566847  0.11541568  0.29267326  0.37852496 -0.07351926]
 [-0.32233322 -0.12655392  0.08543202  0.09226424  0.14914404]
 [ 0.0600326  -0.09700176 -0.20654563 -0.15673833  0.13965898]
 [ 0.26322652 -0.00850758  0.24811519 -0.10738085 -0.11176699]
 [-0.0899906  -0.00828354 -0.31124515 -0.08917637 -0.0340019 ]]
Matrix Pair 5; W = [[ 2.56131815e-01 -1.26216928e-02  1.72829853e-01 -9.42375374e-02
   1.55550697e-02]
 [-1.10949098e-01 -3.18251617e-01 -5.52751767e-02  2.06519133e-01
  -5.49364508e-02]
 [ 3.07354741e-04  6.34442718e-02 -1.14382547e-01  8.53162534e-02
  -6.48312460e-02]
 [-5.87367004e-02  1.11350036e-01  9.04476420e-02 -2.60132106e-02
  -4.08346949e-02]
 [-1.21711237e-01 -1.18308664e-01 -1.89725419e-01 -1.07154246e-01
  -6.30569897e-02]]
U = [[ 0.07260801  0.16180765  0.27039987  0.36192094  0.00965116]
 [-0.37233952 -0.12834688  0.0608529   0.09095818  0.13342024]
 [ 0.08513392 -0.09394693 -0.21236771 -0.1578496   0.21428638]
 [ 0.28386776  0.04278265  0.31990371 -0.11059387 -0.20308978]
 [-0.11999487 -0.03229444 -0.300106   -0.03918724 -0.00355571]]
Matrix Pair 6; W = [[ 0.23871747  0.07034017  0.16417101 -0.11997784  0.08050373]
 [-0.1317478  -0.33382194 -0.07767268  0.28623435 -0.12633076]
 [ 0.0112292   0.00255727 -0.07700661  0.02908207 -0.01393514]
 [-0.10663286  0.12128461  0.12807264 -0.01382991 -0.1282898 ]
 [-0.10962053 -0.11605417 -0.2701828  -0.14834611 -0.00647168]]
U = [[ 0.1040329   0.12985351  0.28540282  0.3603331  -0.07304934]
 [-0.3780592  -0.18378616  0.09217606  0.09313931  0.15267325]
 [ 0.0826097  -0.13177649 -0.21508283 -0.177091    0.1831193 ]
 [ 0.31944566 -0.00071963  0.2884687  -0.08263415 -0.19434105]
 [-0.13788897  0.03104593 -0.28432434 -0.10723206  0.0218825 ]]
Matrix Pair 7; W = [[ 0.23488077  0.08267769  0.12998715 -0.08790238  0.05188943]
 [-0.09429217 -0.31297307 -0.06001673  0.2707792  -0.08354161]
 [-0.00228552 -0.0023555  -0.03375254  0.04931786  0.01502407]
 [-0.09719981  0.09538727  0.17329989 -0.04684671 -0.11956803]
 [-0.13759754 -0.09618116 -0.27392962 -0.13403855 -0.08774385]]
U = [[ 0.11943212  0.12736448  0.29565353  0.36950888 -0.02137753]
 [-0.36839779 -0.17340028  0.03315093  0.11759702  0.21118289]
 [ 0.06083959 -0.11635993 -0.24041205 -0.21064338  0.15323128]
 [ 0.32528532 -0.00896955  0.31670312 -0.06925836 -0.18713998]
 [-0.08478468 -0.03506447 -0.22073248 -0.04538454 -0.047786  ]]
Matrix Pair 8; W = [[ 0.17085307  0.01634428  0.12247653 -0.16187966  0.00227116]
 [-0.14124066 -0.39488241 -0.06207616  0.26897408 -0.10318283]
 [-0.01343187 -0.01221391 -0.0354391   0.10334046 -0.0357502 ]
 [-0.08213451  0.17452576  0.17225485 -0.0872375  -0.08481448]
 [-0.11274879 -0.12017441 -0.24142512 -0.11627499 -0.07488978]]
U = [[ 0.07862616  0.09617553  0.28803438  0.35676137 -0.02323958]
 [-0.36673499 -0.09762028  0.06064284  0.05580065  0.12902667]
 [ 0.12247927 -0.13605906 -0.20958617 -0.18268852  0.12911405]
 [ 0.29276617 -0.00515661  0.28768915 -0.15594321 -0.17352984]
 [-0.15646382 -0.0014304  -0.22978205 -0.08138882  0.03008428]]
Matrix Pair 9; W = [[ 0.21535185  0.00221983  0.1627911  -0.14171291  0.05278666]
 [-0.0791036  -0.33845906 -0.01626979  0.27490296 -0.11596382]
 [-0.00163808 -0.02132146 -0.04286098  0.04621694 -0.05282905]
 [-0.09127857  0.18156811  0.1514109  -0.05566916 -0.10798132]
 [-0.17986078 -0.16557775 -0.20034118 -0.12270109 -0.03953088]]
U = [[ 0.05026942  0.1183796   0.29262879  0.31514362 -0.00049052]
 [-0.32499078 -0.11208909  0.01732667  0.13026381  0.15430322]
 [ 0.03125938 -0.134193   -0.25088289 -0.21912402  0.20036114]
 [ 0.29336299  0.00400952  0.2782904  -0.12248312 -0.19554724]
 [-0.11216619 -0.00940108 -0.27969941 -0.04857344  0.03031851]]
Matrix Pair 10; W = [[ 0.20012259  0.03648317  0.1375001  -0.09686911  0.04276731]
 [-0.06841261 -0.38289475 -0.09703336  0.27207805 -0.11996265]
 [-0.02382018  0.01797668 -0.07793898  0.02200303 -0.07581189]
 [-0.05600163  0.11420525  0.13390783 -0.0309865  -0.06704746]
 [-0.14284994 -0.09510882 -0.26646687 -0.14440151 -0.06180117]]
U = [[ 0.07730563  0.13892351  0.24166156  0.29623824 -0.05752904]
 [-0.32746049 -0.12557647  0.08341431  0.07692988  0.17750855]
 [ 0.05367436 -0.12389523 -0.21866229 -0.19361512  0.21397676]
 [ 0.27900864  0.05219328  0.27653755 -0.0892801  -0.11023593]
 [-0.09658843 -0.03035102 -0.23131699 -0.05282455 -0.00865474]]
Matrix Pair 11; W = [[ 0.15873116  0.04470755  0.11462897 -0.16185463  0.04278373]
 [-0.0781545  -0.34812747 -0.01409918  0.25107891 -0.11502568]
 [ 0.0221106   0.02892796 -0.11517256  0.06041932 -0.05455281]
 [-0.04001103  0.13866862  0.14847716 -0.06596983 -0.08532995]
 [-0.17732672 -0.13909997 -0.27068183 -0.14231142 -0.07075646]]
U = [[ 0.09009476  0.12930814  0.28243053  0.38128765 -0.07228053]
 [-0.3749317  -0.14718053  0.00856659  0.14704316  0.13692405]
 [ 0.04896008 -0.08758836 -0.25457046 -0.18569167  0.15979666]
 [ 0.29436484 -0.00907376  0.27984101 -0.15418154 -0.17527313]
 [-0.14610553 -0.02526068 -0.24648092 -0.11610608 -0.00746279]]
Matrix Pair 12; W = [[ 0.23538444  0.05457034  0.12532722 -0.10752758  0.04195524]
 [-0.05256877 -0.34800986 -0.06150677  0.26392872 -0.12961082]
 [-0.00472643  0.03411573 -0.04610738  0.05625816 -0.02705005]
 [-0.10715833  0.13966121  0.14210465 -0.04738103 -0.12161576]
 [-0.15065303 -0.16147192 -0.22232764 -0.12201864 -0.04313769]]
U = [[ 0.06516635  0.07926129  0.28537271  0.32995048  0.01481055]
 [-0.3460459  -0.16148582  0.03784017  0.06264081  0.12693428]
 [ 0.10380336 -0.12314029 -0.20065238 -0.21829085  0.15607924]
 [ 0.346178   -0.03958719  0.28920647 -0.14532882 -0.19360304]
 [-0.06787725 -0.04004848 -0.26829438 -0.09726728  0.02290552]]
Matrix Pair 13; W = [[ 0.23766821 -0.01000751  0.11373862 -0.08248066  0.05420814]
 [-0.11069232 -0.35756915 -0.04201042  0.23776    -0.06451092]
 [-0.03776002  0.03976427 -0.0601619   0.06089822 -0.05328889]
 [-0.07702433  0.15244725  0.1244186  -0.04496344 -0.08726149]
 [-0.11661022 -0.09039425 -0.24359128 -0.17074036 -0.08822491]]
U = [[ 0.07072816  0.10293363  0.23652066  0.37925766 -0.03485994]
 [-0.38708873 -0.15945255  0.06853702  0.14066662  0.20522812]
 [ 0.05477432 -0.04605856 -0.20272988 -0.15484556  0.13744274]
 [ 0.34177714  0.00734708  0.2357949  -0.06687343 -0.11016214]
 [-0.15363573  0.02998785 -0.22997733 -0.13067236 -0.03474856]]
Matrix Pair 14; W = [[ 0.21799223  0.07831415  0.16045139 -0.11986184  0.03965956]
 [-0.11707123 -0.3113115  -0.03616643  0.27237224 -0.094052  ]
 [-0.01504706 -0.01521115 -0.03837272  0.01466178 -0.01033657]
 [-0.06270492  0.16093599  0.18324011 -0.06126332 -0.03322566]
 [-0.11583978 -0.14454059 -0.2229535  -0.17035336 -0.0921795 ]]
U = [[ 0.11824427  0.09756525  0.21660564  0.31136375 -0.07240192]
 [-0.32781719 -0.09980335  0.0019581   0.11859336  0.22316255]
 [ 0.10192789 -0.13303233 -0.22002524 -0.14548868  0.16703348]
 [ 0.34884502 -0.00156668  0.27753455 -0.10609931 -0.16024244]
 [-0.14798946 -0.02418229 -0.24495054 -0.1042042  -0.0366422 ]]
Matrix Pair 15; W = [[ 0.17118184  0.00612489  0.13902585 -0.09970455  0.02079928]
 [-0.13050485 -0.30931052 -0.05725876  0.2987209  -0.07649776]
 [-0.01806902  0.04559678 -0.11886345  0.07482389 -0.04528188]
 [-0.11127807  0.0879614   0.17154402 -0.05013601 -0.05117028]
 [-0.1328814  -0.14948533 -0.27476492 -0.17302063 -0.06991956]]
U = [[ 0.10786058  0.15129002  0.29859158  0.29097612 -0.06785414]
 [-0.38200331 -0.1902148   0.08276917  0.06746598  0.15215362]
 [ 0.09354295 -0.05582055 -0.21029519 -0.13698199  0.15339432]
 [ 0.34468895 -0.01056395  0.24080674 -0.14741228 -0.20188205]
 [-0.09886349 -0.00267024 -0.23775438 -0.13647529  0.00284977]]
Matrix Pair 16; W = [[ 0.26791173 -0.00904849  0.18204702 -0.13777207  0.11493828]
 [-0.12751394 -0.34105277 -0.09055955  0.27882856 -0.11916007]
 [-0.11817914  0.03820555 -0.14163042  0.07808697 -0.03782288]
 [-0.03170876  0.07326401  0.13644069 -0.06540212 -0.06870152]
 [-0.0797832  -0.13832726 -0.24785182 -0.16659832 -0.06524058]]
U = [[ 0.18109136  0.11157086  0.3082261   0.29653634 -0.05188334]
 [-0.30430303 -0.03941353  0.11885871  0.02794825  0.19916459]
 [ 0.06397652 -0.11796915 -0.17465582 -0.12548936  0.22651325]
 [ 0.22156653 -0.04637323  0.2401801  -0.07647904 -0.12499358]
 [-0.07018043  0.03776308 -0.2537489  -0.01554317 -0.0092591 ]]
Matrix Pair 17; W = [[ 0.28486571  0.05506851  0.13093011 -0.16501396  0.06704806]
 [-0.15424664 -0.34954512 -0.05716561  0.27546428 -0.1227002 ]
 [-0.03783673  0.04088938 -0.07327334  0.15145301 -0.05713397]
 [ 0.00561041  0.02656738  0.08263469 -0.05699209 -0.04443412]
 [-0.06759456 -0.09500349 -0.26413077 -0.15293173 -0.0181317 ]]
U = [[ 0.12525096  0.12357082  0.25661468  0.34999618 -0.04096092]
 [-0.36864614 -0.13402788  0.04624851  0.02948969  0.12253305]
 [ 0.07454696 -0.13435186 -0.18783283 -0.11987532  0.23185113]
 [ 0.21263647  0.01198257  0.24588161 -0.068698   -0.11403412]
 [-0.06044477 -0.0070406  -0.27975631 -0.0303367  -0.09055449]]
Matrix Pair 18; W = [[ 0.22825638 -0.02345827  0.18471764 -0.14461974  0.04921691]
 [-0.18336913 -0.39877347 -0.04070333  0.25616541 -0.12370554]
 [-0.08638241  0.03499218 -0.10193005  0.08195098 -0.02258999]
 [ 0.00850699  0.00971917  0.08744584 -0.00751245 -0.09003741]
 [-0.06903362 -0.13289748 -0.22580481 -0.20221258 -0.01320985]]
U = [[ 0.11897528  0.18160487  0.30182436  0.34300567 -0.01401604]
 [-0.3523071  -0.11283498  0.08301122  0.08839108  0.128301  ]
 [ 0.06611984 -0.07444305 -0.16376909 -0.15764175  0.20095456]
 [ 0.28056041 -0.04939775  0.30723536 -0.13904686 -0.15793243]
 [-0.08991085  0.04656893 -0.28271862 -0.0321175  -0.04832722]]
Matrix Pair 19; W = [[ 0.21523608  0.03150518  0.13798388 -0.19515347  0.09637089]
 [-0.21451402 -0.32294928 -0.03707546  0.2177288  -0.09608347]
 [-0.07443847  0.05514594 -0.10843616  0.15707055 -0.00841578]
 [-0.05117718  0.09644567  0.11361916 -0.08839751 -0.08888188]
 [-0.02897151 -0.16980771 -0.20047996 -0.14792122 -0.01984396]]
U = [[ 0.16328206  0.14869371  0.25737929  0.302442    0.01113739]
 [-0.32455769 -0.05479256  0.06808019  0.10851537  0.17591047]
 [ 0.03870765 -0.1336516  -0.24214798 -0.12076427  0.22710721]
 [ 0.22499899 -0.02275505  0.26175573 -0.0789191  -0.10910864]
 [-0.09534806  0.03919536 -0.31573909 -0.00146936 -0.01754532]]
Matrix Pair 20; W = [[ 0.20144847 -0.02820164  0.12275474 -0.18324768  0.05162164]
 [-0.16609991 -0.3072722  -0.01517732  0.25543145 -0.14619605]
 [-0.10445788 -0.01863381 -0.10496496  0.16098193  0.01878975]
 [-0.08447017  0.08262016  0.13702225 -0.07212187 -0.07517849]
 [-0.0713673  -0.10620024 -0.28037723 -0.18072029 -0.02593957]]
U = [[ 0.16876029  0.18369102  0.29132449  0.32133267 -0.04919987]
 [-0.31806389 -0.04254822  0.11541201  0.0948183   0.15268386]
 [ 0.03163967 -0.08163893 -0.24281383 -0.06164013  0.26185017]
 [ 0.2228905  -0.00306428  0.31926539 -0.0718229  -0.12147532]
 [-0.10488459  0.0474785  -0.30869059  0.01596012 -0.03130565]]
Matrix Pair 21; W = [[ 0.23945833 -0.00791809  0.14895614 -0.19538611  0.06870604]
 [-0.21383431 -0.39538136 -0.05984407  0.18651275 -0.13382917]
 [-0.10228071  0.06380949 -0.11115619  0.10438703 -0.01012263]
 [-0.04893375  0.05921856  0.1000088  -0.06619459 -0.05173376]
 [-0.01628129 -0.07842133 -0.20472215 -0.12231892 -0.03830473]]
U = [[ 0.14775768  0.16829495  0.25961969  0.37042798 -0.04161568]
 [-0.32700296 -0.11793151  0.06385574  0.1163347   0.1029288 ]
 [ 0.0695944  -0.08583085 -0.16834888 -0.14825523  0.18985558]
 [ 0.27366648 -0.04828185  0.30444701 -0.13164851 -0.10060346]
 [-0.11353425  0.00338862 -0.29274995  0.023403   -0.01713002]]
Matrix Pair 22; W = [[ 0.22640578  0.05103264  0.11884393 -0.1093942   0.07759248]
 [-0.19853984 -0.33291263 -0.06445483  0.22120792 -0.14886248]
 [-0.04497996  0.02316023 -0.07616511  0.10876302 -0.00732311]
 [-0.0374943   0.09874374  0.15305348 -0.06982654 -0.09795331]
 [-0.02604509 -0.10440406 -0.2799362  -0.18442655 -0.03610281]]
U = [[ 0.13009835  0.10440722  0.30217666  0.32373405  0.01224617]
 [-0.39613693 -0.03926122  0.11577782  0.0945267   0.13083919]
 [ 0.09426038 -0.13396252 -0.16325055 -0.13769429  0.22775785]
 [ 0.24713954 -0.05731679  0.22709282 -0.09598037 -0.13836695]
 [-0.05516878 -0.02912668 -0.23623835  0.002946   -0.01931063]]
Matrix Pair 23; W = [[ 0.28553624  0.02264629  0.12939655 -0.19111928  0.07090746]
 [-0.16114402 -0.38891649 -0.04674465  0.27360863 -0.17144029]
 [-0.10501478 -0.02702211 -0.10355874  0.07547725  0.01424484]
 [-0.00464342  0.07284205  0.08384752 -0.03379638 -0.01493773]
 [-0.08208319 -0.1317764  -0.23495444 -0.10878121 -0.00798105]]
U = [[ 0.20156611  0.17711213  0.28533926  0.35650058 -0.07713628]
 [-0.3545115  -0.04473135  0.10589625  0.0852444   0.13742524]
 [ 0.07630629 -0.12422903 -0.16327283 -0.15558585  0.22464653]
 [ 0.27790211 -0.04107328  0.2268411  -0.08421465 -0.09640436]
 [-0.07580116 -0.02796967 -0.28450177 -0.00082386 -0.01304327]]
Matrix Pair 24; W = [[ 0.28347826  0.02346959  0.12831646 -0.19528374  0.04373497]
 [-0.21400271 -0.32261035 -0.10629352  0.20796448 -0.09483734]
 [-0.04479521  0.03120692 -0.0546435   0.16377007  0.00409257]
 [ 0.00289796  0.10264338  0.1389393  -0.05580451 -0.06268133]
 [-0.0236338  -0.08061169 -0.23993469 -0.12209639 -0.00516277]]
U = [[ 0.15031912  0.15613178  0.26942247  0.3152554  -0.07794045]
 [-0.32537393 -0.13779417  0.11914383  0.12064078  0.13110715]
 [ 0.07681387 -0.14347317 -0.26197942 -0.12354288  0.24981975]
 [ 0.28290229 -0.06971952  0.24065619 -0.10286944 -0.15138963]
 [-0.05869565 -0.02708974 -0.26893889 -0.01187684 -0.03120951]]
Matrix Pair 25; W = [[ 0.20800606  0.03327775  0.12190974 -0.10847283  0.09795874]
 [-0.16249977 -0.38135954 -0.07922708  0.27547064 -0.1397153 ]
 [-0.11704152  0.03287712 -0.08476932  0.09385095 -0.04491198]
 [-0.0266809   0.02159604  0.07492354 -0.06377097 -0.10673667]
 [-0.01736737 -0.0966425  -0.22827588 -0.17421745 -0.00226656]]
U = [[ 0.1268407   0.17756958  0.27311532  0.3644804  -0.04421432]
 [-0.37187164 -0.12247645  0.04592484  0.06120981  0.14628626]
 [ 0.09302886 -0.10647688 -0.17172348 -0.09169858  0.25310511]
 [ 0.27789547 -0.07703846  0.26958667 -0.14577658 -0.13697797]
 [-0.11887738  0.03594552 -0.31580348  0.04080885 -0.04493643]]
Matrix Pair 26; W = [[ 0.27336955  0.03178105  0.17464786 -0.1096709   0.12150065]
 [-0.17456316 -0.32827959 -0.09127074  0.27602649 -0.16678118]
 [-0.0403006   0.05908784 -0.12558655  0.08854494  0.00299127]
 [-0.05113611  0.04437062  0.14702054 -0.01554922 -0.08838091]
 [-0.01576812 -0.10757919 -0.27732311 -0.15074089 -0.00431135]]
U = [[ 0.17294543  0.10669533  0.28358201  0.27133793 -0.01014972]
 [-0.37218424 -0.06408123  0.04749167  0.10747271  0.19897838]
 [ 0.03608993 -0.05134317 -0.23994692 -0.08921491  0.22518188]
 [ 0.23783326 -0.08136862  0.30241823 -0.12341877 -0.16666774]
 [-0.08371826  0.00090789 -0.31272864  0.02701628 -0.04793917]]
Matrix Pair 27; W = [[ 0.20247563  0.0460293   0.12209155 -0.14789147  0.10931446]
 [-0.20302958 -0.32200781 -0.07441193  0.23639532 -0.14587532]
 [-0.06823686  0.002899   -0.1434286   0.07611417 -0.01345835]
 [-0.02681758  0.04399915  0.08454477 -0.05301323 -0.08123414]
 [-0.06563164 -0.16936591 -0.23142972 -0.1381542  -0.0299957 ]]
U = [[ 0.12316914  0.14393428  0.23911197  0.33333557 -0.01415622]
 [-0.39059948 -0.11956078  0.05469498  0.03238219  0.19894091]
 [ 0.03372432 -0.11297737 -0.23566426 -0.08981443  0.23209495]
 [ 0.21535047 -0.03114645  0.23515193 -0.05457068 -0.13481192]
 [-0.09650478  0.00294628 -0.30101158 -0.03262125 -0.09704675]]
Matrix Pair 28; W = [[ 0.20750806 -0.00347287  0.09720321 -0.18614833  0.11856362]
 [-0.13165034 -0.34755691 -0.08310715  0.2825366  -0.09570248]
 [-0.10333759  0.01861296 -0.09443372  0.11970522  0.01666327]
 [-0.00825325  0.0391492   0.13882892 -0.01896896 -0.07497186]
 [-0.09185536 -0.09838164 -0.25723069 -0.17072729 -0.0114139 ]]
U = [[ 0.1713831   0.14976495  0.27029278  0.36944437 -0.03602424]
 [-0.32303154 -0.12813609  0.09122651  0.06913966  0.16534289]
 [ 0.04212792 -0.0611776  -0.23566797 -0.09265825  0.24804328]
 [ 0.25216099 -0.06150629  0.25709997 -0.05896903 -0.10106164]
 [-0.0636756  -0.03892651 -0.288807   -0.01546553 -0.01308872]]
Matrix Pair 29; W = [[ 0.26088472  0.05559724  0.10221554 -0.19338623  0.10755666]
 [-0.20826082 -0.30883058 -0.09399394  0.2712672  -0.17100411]
 [-0.05608664 -0.01593146 -0.06906989  0.09569737 -0.01741362]
 [ 0.00859257  0.04864368  0.08596733 -0.0180547  -0.00917605]
 [-0.01316466 -0.16048916 -0.2140321  -0.14422556 -0.07110441]]
U = [[ 0.1857975   0.14521605  0.24427398  0.29585684 -0.04145839]
 [-0.32052725 -0.13276531  0.08699558  0.0865436   0.13343742]
 [ 0.102349   -0.10463414 -0.17179253 -0.06556573  0.22673822]
 [ 0.28717274  0.01576406  0.25468936 -0.11639676 -0.08779645]
 [-0.11706558  0.01486659 -0.30266532  0.02324535 -0.04968545]]
Matrix Pair 30; W = [[ 1.99930601e-01  2.90615661e-02  1.29407130e-01 -2.02278341e-01
   1.24268237e-01]
 [-1.61678626e-01 -3.62649048e-01 -7.74036585e-02  2.67273860e-01
  -9.99417726e-02]
 [-8.75464551e-02 -2.55178492e-02 -1.32367570e-01  1.50414850e-01
  -3.52956674e-02]
 [-4.82317365e-02  1.79259158e-02  1.01652899e-01 -1.59426646e-02
  -6.31163637e-02]
 [-3.32375147e-02 -1.19925267e-01 -2.10346007e-01 -1.47073844e-01
   1.32246978e-04]]
U = [[ 0.15228756  0.14129769  0.23408851  0.32727172 -0.0254508 ]
 [-0.30710097 -0.13535146  0.09819637  0.08887782  0.1466982 ]
 [ 0.06182014 -0.09496739 -0.1956156  -0.14059066  0.17355057]
 [ 0.27215268 -0.07859727  0.29293112 -0.1022374  -0.14123808]
 [-0.10217947 -0.02992366 -0.33153459  0.04431435 -0.05864532]]
Matrix Pair 31; W = [[ 0.27760845 -0.02448499  0.17792641 -0.12473532  0.10274797]
 [-0.1269934  -0.31993972 -0.06120854  0.26179499 -0.13652274]
 [-0.04772999 -0.02619947 -0.12072932  0.12017087 -0.06259542]
 [-0.05405224  0.06831438  0.11506715 -0.09457084 -0.06648675]
 [-0.07884182 -0.09869934 -0.24663853 -0.13138281 -0.03747974]]
U = [[ 0.12324026  0.1310782   0.28764917  0.34652866 -0.01863828]
 [-0.33003021 -0.13792619  0.06264319  0.10979294  0.15501916]
 [ 0.06139764 -0.11615245 -0.18580615 -0.09503966  0.16950551]
 [ 0.21041705 -0.03561291  0.27858181 -0.12312578 -0.13937448]
 [-0.04650092  0.0053118  -0.30213212 -0.00943638 -0.00887707]]
Matrix Pair 32; W = [[ 0.19721758 -0.02972896  0.08973537 -0.09543714  0.09477226]
 [-0.15025471 -0.3252367  -0.08403193  0.28067973 -0.09784091]
 [-0.06288001  0.01354369 -0.08043053  0.07699493 -0.04724119]
 [-0.05816928  0.06536094  0.07733097 -0.00653598 -0.04552547]
 [-0.16125984 -0.07030343 -0.2057774  -0.10954972 -0.09288861]]
U = [[ 0.1732186   0.11676271  0.31974768  0.32778521 -0.09176182]
 [-0.27806983 -0.06261413  0.0113573   0.07909415  0.19964619]
 [ 0.09817824 -0.0510443  -0.1733551  -0.15008103  0.12771938]
 [ 0.30564824 -0.02032372  0.2315722  -0.01696961 -0.19830639]
 [-0.04183386  0.05383411 -0.28383139 -0.05939039 -0.05280333]]
Matrix Pair 33; W = [[ 0.20556897  0.01637193  0.11082451 -0.17319551  0.06648923]
 [-0.16818099 -0.38413647 -0.02546373  0.28367755 -0.1556975 ]
 [-0.10186737 -0.00721772 -0.13366615  0.08016894 -0.00223744]
 [-0.02143812  0.0734464   0.09471079 -0.04681174 -0.04108931]
 [-0.14324895 -0.13978854 -0.2018143  -0.19447209 -0.04670565]]
U = [[ 0.16165602  0.0955097   0.28380673  0.38784384 -0.02046702]
 [-0.31173038 -0.03630097  0.08114338  0.15651739  0.12344833]
 [ 0.03323185 -0.07270914 -0.26731347 -0.1679541   0.1346372 ]
 [ 0.33723669 -0.09621432  0.23792501 -0.03832482 -0.17298113]
 [-0.0616874   0.05071746 -0.29621705 -0.01282885 -0.00429766]]
Matrix Pair 34; W = [[ 0.25847386  0.00595154  0.16719469 -0.12677015  0.03867243]
 [-0.18564513 -0.37751044 -0.08160026  0.26205375 -0.11037382]
 [-0.02802818 -0.02836971 -0.12447814  0.05538244 -0.03900968]
 [ 0.02255775  0.08839896  0.13030737 -0.01328614 -0.08353568]
 [-0.16183037 -0.14665162 -0.19764099 -0.15827528 -0.04469117]]
U = [[ 1.85832977e-01  1.20512506e-01  2.68175137e-01  3.18122028e-01
  -2.19091237e-02]
 [-2.69597961e-01 -3.46796634e-02  7.60073980e-02  1.44423681e-01
   1.48456578e-01]
 [ 7.20566069e-02 -7.43871649e-02 -2.21387556e-01 -1.40091136e-01
   1.40352305e-01]
 [ 3.24348197e-01 -4.47336838e-02  2.88509062e-01 -5.13554612e-02
  -1.08116485e-01]
 [-8.54917037e-02  2.69484757e-02 -2.40437219e-01  3.11901819e-04
   7.86838173e-03]]
Matrix Pair 35; W = [[ 0.25881498  0.03079036  0.13746351 -0.10878348  0.05728186]
 [-0.17387155 -0.34765041 -0.03501216  0.23341359 -0.12940955]
 [-0.06263651 -0.03204803 -0.07187615  0.00077575 -0.02610507]
 [-0.00803166  0.10524293  0.068677    0.00614112 -0.03683104]
 [-0.12005161 -0.09990883 -0.25021807 -0.13711993 -0.06090449]]
U = [[ 0.14373568  0.18159987  0.26484093  0.38759334 -0.07738209]
 [-0.35570671 -0.07574115  0.10387665  0.12296355  0.13953405]
 [ 0.07844922 -0.07346476 -0.24213034 -0.13246996  0.12919235]
 [ 0.27557524 -0.0205541   0.21522642 -0.0626767  -0.18757101]
 [-0.02624972  0.00372589 -0.24364365 -0.03056379 -0.01452306]]
Matrix Pair 36; W = [[ 0.24534356  0.03123986  0.165133   -0.1016176   0.06516988]
 [-0.17625615 -0.36180242 -0.01627048  0.22091125 -0.14347577]
 [-0.08988067  0.03577271 -0.11510375  0.04734245 -0.03652182]
 [ 0.02754462  0.10616374  0.11963788 -0.06817367 -0.03105744]
 [-0.10559315 -0.15381641 -0.17119982 -0.1413004  -0.08408988]]
U = [[ 0.15244967  0.1444095   0.31347659  0.35826609 -0.07055486]
 [-0.30247459 -0.12038022  0.08162926  0.0939877   0.18782583]
 [ 0.04828126 -0.10105966 -0.20795409 -0.17871956  0.12190527]
 [ 0.30316586 -0.06586722  0.28823696 -0.00250796 -0.18392693]
 [-0.04772101  0.05692154 -0.22008526 -0.01636569 -0.05261688]]
Matrix Pair 37; W = [[ 0.1897128  -0.03188992  0.08198839 -0.13147292  0.04327368]
 [-0.13250542 -0.30077369 -0.05952909  0.24110291 -0.15668271]
 [-0.02495972 -0.02554622 -0.06700129  0.08310258 -0.00909855]
 [-0.06839841  0.05839927  0.0897169  -0.03553424 -0.0429535 ]
 [-0.12656617 -0.09369271 -0.22952025 -0.13211528 -0.03094082]]
U = [[ 0.13951343  0.16202235  0.28518564  0.30503684 -0.02572489]
 [-0.33320328 -0.04434947  0.01262651  0.13819214  0.14642936]
 [ 0.0348327  -0.03994224 -0.22377528 -0.13006854  0.10999529]
 [ 0.25281873 -0.0920023   0.27674635  0.01021675 -0.14957916]
 [-0.06761416  0.05108121 -0.23693564 -0.01359113 -0.04432821]]
Matrix Pair 38; W = [[ 0.19414416  0.01213642  0.09938602 -0.08947967  0.07728101]
 [-0.14623789 -0.38749287 -0.10031468  0.27376562 -0.14585062]
 [-0.07936545 -0.06232666 -0.06461717  0.03932321 -0.07031098]
 [-0.05952401  0.10275424  0.10212491  0.01163296 -0.06600023]
 [-0.15012486 -0.12156952 -0.1908891  -0.19017734 -0.07031924]]
U = [[ 0.14217087  0.13924619  0.32913574  0.29541137 -0.08695054]
 [-0.278666   -0.06364875  0.0178049   0.13399246  0.14889253]
 [ 0.10093065 -0.11076752 -0.22333266 -0.16491057  0.1419092 ]
 [ 0.30504232 -0.0392291   0.22148568  0.00184005 -0.19099651]
 [-0.10753196 -0.0074966  -0.28839187 -0.05580727 -0.00879485]]
Matrix Pair 39; W = [[ 0.23512922  0.04273002  0.12554229 -0.0961514   0.04831357]
 [-0.14772992 -0.29556538 -0.09854332  0.26220483 -0.06760442]
 [-0.08767582  0.02619871 -0.08780379  0.0768043  -0.0483929 ]
 [ 0.00341744  0.10415691  0.11584228 -0.06582201 -0.04339176]
 [-0.09431152 -0.06778295 -0.24512477 -0.19190458 -0.01042653]]
U = [[ 0.16452297  0.16898985  0.28378067  0.34250326 -0.00786694]
 [-0.31292655 -0.07022241  0.09176354  0.08828265  0.18973709]
 [ 0.05372936 -0.09302683 -0.24280736 -0.09318192  0.16061019]
 [ 0.31569045 -0.06448382  0.21903126 -0.03479962 -0.15078645]
 [-0.11240131  0.07022363 -0.26500874 -0.00164238 -0.03658605]]
Matrix Pair 40; W = [[ 0.20691965  0.03500272  0.09224214 -0.13944461  0.02631052]
 [-0.09274439 -0.34952429 -0.05670425  0.26688254 -0.06585074]
 [-0.01874212 -0.00061509 -0.15577461  0.07628221 -0.03209781]
 [-0.01433875  0.07753492  0.07961386  0.02324905 -0.01609407]
 [-0.18535708 -0.10778781 -0.24352298 -0.1133269  -0.01069104]]
U = [[ 0.13953173  0.19036914  0.25834125  0.3875796  -0.09980005]
 [-0.3253863  -0.04090455  0.01576237  0.1424939   0.13134586]
 [ 0.05014256 -0.11138848 -0.22987882 -0.16578882  0.12791903]
 [ 0.30154014 -0.05691319  0.25567281  0.02278277 -0.20553815]
 [-0.02136136  0.04240843 -0.29645008 -0.02104712 -0.04102543]]
Matrix Pair 41; W = [[ 0.16986058 -0.02706599  0.13611131 -0.12418586  0.01453234]
 [-0.11998206 -0.34351167 -0.05889738  0.2425295  -0.15105857]
 [-0.05961117 -0.02904476 -0.13167871  0.05703776 -0.02190491]
 [-0.06690549  0.06019806  0.06702536  0.00513766 -0.0641088 ]
 [-0.19194321 -0.11914585 -0.24704761 -0.11369691 -0.03919243]]
U = [[ 0.18575224  0.112677    0.34234338  0.33654587 -0.07863097]
 [-0.30478201 -0.05068047  0.04346935  0.15892609  0.17612805]
 [ 0.06996    -0.11422613 -0.21527841 -0.10948303  0.17594065]
 [ 0.27422517 -0.07789315  0.26623869 -0.05863105 -0.11252345]
 [-0.05381328  0.0215796  -0.27372204 -0.00603764 -0.06261753]]
Matrix Pair 42; W = [[ 0.19503391 -0.00066925  0.09416514 -0.14093321  0.07538312]
 [-0.18532029 -0.39507408 -0.04104696  0.21834336 -0.07182019]
 [-0.00578316  0.02764026 -0.07925658  0.02516895 -0.03846511]
 [-0.04890874  0.09630115  0.07395998  0.0059645  -0.03861468]
 [-0.18107905 -0.10754568 -0.24445159 -0.10310083  0.00256572]]
U = [[ 0.13682989  0.16618058  0.31541454  0.34185705 -0.02938519]
 [-0.28599609 -0.05903707  0.03588939  0.10534065  0.19475281]
 [ 0.02259424 -0.05527589 -0.25697101 -0.10473209  0.18642296]
 [ 0.26070437 -0.0593021   0.24846603  0.01898393 -0.11706077]
 [-0.08227225  0.01206879 -0.26211068 -0.07554427 -0.02384351]]
Matrix Pair 43; W = [[ 0.22149032  0.0102959   0.15510348 -0.16805719  0.00703684]
 [-0.16015647 -0.36328135 -0.07499351  0.2157333  -0.07328453]
 [-0.01453407 -0.02118602 -0.12972898  0.02274259 -0.03559208]
 [-0.02045331  0.11011337  0.1163246  -0.04182808 -0.08522029]
 [-0.10146044 -0.06915667 -0.19499621 -0.09916139 -0.00682222]]
U = [[ 0.22649336  0.09932363  0.34080129  0.36034236 -0.00524935]
 [-0.35176633 -0.06683284  0.099629    0.14162572  0.16917279]
 [ 0.07248668 -0.10263507 -0.17278808 -0.11421625  0.11098583]
 [ 0.25195155 -0.10168837  0.2150627   0.02381932 -0.15580802]
 [-0.1055492   0.02066368 -0.25334958 -0.04064161 -0.0647869 ]]
Matrix Pair 44; W = [[ 0.17850708 -0.04102724  0.15249861 -0.14970886  0.04410793]
 [-0.11716176 -0.3872983  -0.07455947  0.23931264 -0.15266296]
 [-0.07507449  0.03105089 -0.14695463  0.05786636 -0.00376947]
 [-0.01661479  0.10185996  0.1115943  -0.05807167 -0.07204892]
 [-0.09732551 -0.1292533  -0.17760264 -0.16883815 -0.05407827]]
U = [[ 0.20153171  0.18217781  0.25997358  0.33643501 -0.01447088]
 [-0.32274818 -0.0962851   0.05364736  0.106102    0.17081071]
 [ 0.03866617 -0.0758266  -0.18884369 -0.15097842  0.18540385]
 [ 0.30806497 -0.07278613  0.25432762 -0.0110603  -0.18227567]
 [-0.09192829  0.05325493 -0.28049538 -0.06613838  0.00523182]]
Matrix Pair 45; W = [[ 0.2212509  -0.02765443  0.1313503  -0.14867871  0.04688671]
 [-0.09583062 -0.39508265 -0.10378501  0.23590141 -0.0761224 ]
 [-0.04602055 -0.03853    -0.07874447  0.07039435 -0.06770169]
 [-0.01196224  0.03461917  0.0941569  -0.02012049 -0.05337997]
 [-0.11593366 -0.09917139 -0.20148974 -0.19122007 -0.02242218]]
U = [[ 0.16909458  0.12954295  0.28811835  0.29661585 -0.01722458]
 [-0.30596129 -0.07642009  0.01312586  0.09449958  0.11571288]
 [ 0.09363099 -0.08811461 -0.17758407 -0.16460178  0.13634818]
 [ 0.28323549 -0.05694909  0.25717166 -0.01818969 -0.13334539]
 [-0.05672573  0.04523684 -0.2882091  -0.05428902 -0.00866032]]
Matrix Pair 46; W = [[ 0.23202205  0.04521183  0.12853989 -0.14996804  0.00353085]
 [-0.10700945 -0.38838072 -0.04898135  0.28391375 -0.10674279]
 [-0.0557063   0.01801238 -0.15549327  0.04119046 -0.05520333]
 [-0.050513    0.06860525  0.08156113  0.02870647 -0.01650712]
 [-0.16505215 -0.14947512 -0.21403955 -0.12904062 -0.06231423]]
U = [[ 0.22525576  0.14237332  0.32732463  0.33739887 -0.09220856]
 [-0.27227795 -0.12017845  0.09643324  0.13283795  0.16302243]
 [ 0.04781237 -0.07799342 -0.20600036 -0.14437503  0.12188071]
 [ 0.24164728 -0.08620755  0.27192637 -0.01426147 -0.15761722]
 [-0.07719467 -0.02355938 -0.2427931  -0.07138606  0.01795916]]
Matrix Pair 47; W = [[ 0.19115991  0.00497747  0.13614745 -0.17170086  0.05274103]
 [-0.16507071 -0.32520605 -0.06598285  0.21476151 -0.07799122]
 [-0.05840414 -0.05322527 -0.12138289  0.00714911  0.01663386]
 [ 0.02576778  0.01912657  0.11691838  0.024898   -0.08217322]
 [-0.13604509 -0.15424437 -0.2006747  -0.14883944 -0.06021262]]
U = [[ 0.21363051  0.12814257  0.32533692  0.29675702 -0.06575472]
 [-0.27934009 -0.08239185  0.05871018  0.14936121  0.16037123]
 [ 0.11200735 -0.04690666 -0.26091186 -0.15417012  0.1194588 ]
 [ 0.26526685 -0.02203319  0.27333151 -0.04726106 -0.1141082 ]
 [-0.07392183  0.02087167 -0.23224833 -0.08012156 -0.01870074]]
Matrix Pair 48; W = [[ 0.24447324 -0.06986014  0.18152753 -0.11909873  0.0939363 ]
 [-0.150224   -0.34244561 -0.07765701  0.21386408 -0.07409624]
 [-0.01681444 -0.03619105 -0.07554013  0.02976263 -0.02820147]
 [-0.0603088   0.08051911  0.05551712 -0.06593239 -0.00680609]
 [-0.1242267  -0.13489802 -0.28342895 -0.14925015 -0.04303001]]
U = [[ 0.15804135  0.10933449  0.26847301  0.29476734 -0.04821887]
 [-0.22833995 -0.03446045  0.0709648   0.12053567  0.16210235]
 [ 0.03163201 -0.10819388 -0.23482387 -0.19912151  0.15894276]
 [ 0.2589609  -0.11671074  0.23369624 -0.08882642 -0.11562396]
 [-0.08324303 -0.05985182 -0.2785101   0.05297144  0.00816135]]
Matrix Pair 49; W = [[ 0.25063166 -0.06752873  0.11235913 -0.13299297  0.03275613]
 [-0.15088221 -0.34306922 -0.0365723   0.20375047 -0.12017959]
 [-0.09302006  0.01667823 -0.12150192  0.05842144 -0.00945106]
 [-0.02543029  0.12893521  0.03279153 -0.06327559 -0.05065963]
 [-0.14461403 -0.1584638  -0.24108242 -0.15149743 -0.05527006]]
U = [[ 0.2025174   0.1199532   0.28257457  0.29242748 -0.06652713]
 [-0.28229052 -0.11908109  0.00976826  0.1817213   0.18908702]
 [ 0.06007362 -0.06303899 -0.2076283  -0.15751475  0.19789753]
 [ 0.26316292 -0.1013712   0.17090401 -0.07879635 -0.15430943]
 [-0.0200627  -0.0394293  -0.27329469 -0.03467297 -0.00132512]]
Matrix Pair 50; W = [[ 0.27292932 -0.05520452  0.10213922 -0.21356078  0.0305055 ]
 [-0.18640998 -0.3325802  -0.02431861  0.19779571 -0.10530187]
 [-0.06875331  0.01997303 -0.14648171  0.02218049  0.01442635]
 [-0.0606347   0.1004498   0.10283025 -0.05194278 -0.06655799]
 [-0.14029776 -0.13836809 -0.29844413 -0.12167952  0.00110684]]
U = [[ 0.24554897  0.11460835  0.24820011  0.27805363  0.00444023]
 [-0.29713327 -0.03615319  0.03190992  0.15879418  0.16194887]
 [ 0.08710963 -0.14437091 -0.25702064 -0.11478159  0.13245587]
 [ 0.279026   -0.06760829  0.26707154 -0.05116875 -0.1425951 ]
 [-0.11426954 -0.01116039 -0.20627879 -0.00860903 -0.01164638]]
Matrix Pair 51; W = [[ 0.25782146 -0.01389296  0.18347502 -0.17954795  0.05207865]
 [-0.09883619 -0.33291388  0.00932729  0.19867783 -0.08317414]
 [-0.09226581  0.0005935  -0.11260458  0.02379381  0.04347456]
 [ 0.00908304  0.14035555  0.12439002 -0.04627488 -0.05515501]
 [-0.10369314 -0.18780829 -0.24958734 -0.15550321 -0.04726278]]
U = [[ 0.21600122  0.09358977  0.31235587  0.28697348  0.01171347]
 [-0.22703564 -0.04735089  0.01143203  0.09026765  0.24702071]
 [ 0.08222476 -0.10261882 -0.2213344  -0.18654177  0.18073848]
 [ 0.26824617 -0.09251293  0.22874071 -0.10506646 -0.10813034]
 [-0.03171801 -0.05764545 -0.23415532  0.05062078 -0.01890436]]
Matrix Pair 52; W = [[ 0.24275737 -0.01894838  0.13623488 -0.12753533  0.09952308]
 [-0.13671906 -0.29060574  0.01644176  0.19729521 -0.12942538]
 [-0.02229264 -0.04960289 -0.09434558  0.10729892 -0.0186403 ]
 [ 0.02565696  0.08413815  0.09420202 -0.0779692  -0.08783811]
 [-0.09786168 -0.13553523 -0.24391372 -0.1269468  -0.05697633]]
U = [[ 0.19767952  0.17575737  0.26721414  0.25732501 -0.04070369]
 [-0.25951355 -0.05079812 -0.01584996  0.15389696  0.15597118]
 [ 0.09201655 -0.1466599  -0.20226919 -0.11375595  0.17524633]
 [ 0.27433326 -0.10671738  0.17270187 -0.02871655 -0.1350343 ]
 [-0.05293098 -0.06910786 -0.25480021  0.04348228 -0.00152093]]
Matrix Pair 53; W = [[ 0.25335514 -0.03699695  0.17407232 -0.14595789  0.01858355]
 [-0.10451259 -0.35759774 -0.01077519  0.20674372 -0.13093585]
 [-0.05810969 -0.02820562 -0.16276994  0.02189355  0.04165934]
 [-0.05648365  0.10788651  0.07654479 -0.05176438 -0.00523577]
 [-0.11105191 -0.1580347  -0.21917986 -0.15512977 -0.06913373]]
U = [[ 0.15553353  0.13129661  0.24997782  0.3328834  -0.06124364]
 [-0.23589858 -0.10767038 -0.00616684  0.16365975  0.25102966]
 [ 0.04955062 -0.10475585 -0.29673723 -0.1565518   0.1529097 ]
 [ 0.27167802 -0.03464153  0.26466068 -0.11088195 -0.12371662]
 [-0.0878959  -0.06522215 -0.25962948  0.01637405 -0.00255907]]
Matrix Pair 54; W = [[ 0.20659288 -0.01605947  0.09380253 -0.18664372  0.03535223]
 [-0.16182591 -0.30597915 -0.00569289  0.22372459 -0.10466309]
 [-0.10168195 -0.02094602 -0.0961935   0.05139185  0.03440251]
 [-0.0103851   0.06373705  0.10729718 -0.02767161 -0.03971683]
 [-0.15122935 -0.11274623 -0.2202488  -0.10572036 -0.05454755]]
U = [[ 0.23410884  0.11502464  0.30595576  0.2579      0.01839245]
 [-0.3151315  -0.06993165  0.01243513  0.16449296  0.24964437]
 [ 0.10332304 -0.06954622 -0.28886456 -0.18000893  0.19807374]
 [ 0.26593462 -0.08487107  0.20393685 -0.11890295 -0.08682302]
 [-0.03771286 -0.06170387 -0.20929507  0.05568871  0.05681898]]
Matrix Pair 55; W = [[ 0.20518598 -0.02435249  0.14069878 -0.12761919  0.08592629]
 [-0.14046229 -0.35031094  0.00109226  0.25426482 -0.12219424]
 [-0.06425658  0.0413441  -0.13673696  0.09177096 -0.01791147]
 [ 0.0277861   0.12854289  0.12114243 -0.02499794 -0.0293779 ]
 [-0.12976255 -0.18704218 -0.27684789 -0.13330769  0.01277986]]
U = [[ 0.18908349  0.13248939  0.25830464  0.29648526  0.00709547]
 [-0.26535288 -0.12331168  0.03824934  0.1653231   0.2123415 ]
 [ 0.0375278  -0.11983943 -0.26225192 -0.18251222  0.13377088]
 [ 0.29559517 -0.04645539  0.22446309 -0.10112592 -0.14458197]
 [-0.10493756 -0.03874667 -0.27296804 -0.02875394 -0.01795697]]
Matrix Pair 56; W = [[ 0.28453473 -0.0297449   0.09405715 -0.13064832  0.04427952]
 [-0.14045152 -0.35143252 -0.06886706  0.16083992 -0.1166554 ]
 [-0.09272697 -0.01400874 -0.08354953  0.09305323 -0.00071936]
 [-0.02101408  0.10650727  0.09731934 -0.09256171 -0.00506253]
 [-0.10214363 -0.1073363  -0.26853618 -0.11994093 -0.03611653]]
U = [[ 0.2320782   0.15407478  0.33686634  0.27881716  0.02009139]
 [-0.24041191 -0.07892728  0.02019909  0.11868261  0.23340354]
 [ 0.12029485 -0.10204361 -0.25101276 -0.11843468  0.14785141]
 [ 0.26901565 -0.070445    0.19811159 -0.05243805 -0.16536747]
 [-0.09552879 -0.00112933 -0.24995496 -0.00201437 -0.02337929]]
Matrix Pair 57; W = [[ 0.20987269 -0.01525362  0.09581754 -0.14264496  0.05588397]
 [-0.17612239 -0.2824333  -0.07363998  0.23807042 -0.06227103]
 [-0.09393043  0.0367619  -0.11523478  0.08473878 -0.02118134]
 [ 0.00206509  0.10928259  0.04467762 -0.017346   -0.07892523]
 [-0.06559818 -0.16018822 -0.22149124 -0.1735866   0.01306172]]
U = [[ 0.24780906  0.13969397  0.28448674  0.32811151  0.0125086 ]
 [-0.21855959 -0.10036576  0.03131767  0.14943287  0.20593008]
 [ 0.09924045 -0.06874628 -0.26694079 -0.14902734  0.14199011]
 [ 0.24988894 -0.12247989  0.24602743 -0.03517284 -0.08712054]
 [-0.03288763  0.01099623 -0.26332327 -0.03487012  0.03024361]]
Matrix Pair 58; W = [[ 0.23917084 -0.02982799  0.09799433 -0.20951222  0.04379836]
 [-0.16099718 -0.32058317 -0.03098352  0.17721626 -0.07667894]
 [-0.09561492 -0.04214392 -0.08655304  0.01639828  0.01949207]
 [-0.01906954  0.1334156   0.09322604 -0.09232391 -0.07535884]
 [-0.06621848 -0.13831532 -0.29964205 -0.16170264 -0.00215167]]
U = [[ 0.20195669  0.15596449  0.31659432  0.28568901 -0.04421739]
 [-0.31104312 -0.09397112  0.03415842  0.15419551  0.16214502]
 [ 0.04588319 -0.1388886  -0.20103512 -0.13817703  0.15562071]
 [ 0.23071723 -0.03585654  0.23612299 -0.07814808 -0.11962955]
 [-0.05206948 -0.00672153 -0.19470658 -0.02604518 -0.03000868]]
Matrix Pair 59; W = [[ 0.19366379  0.0166904   0.16123949 -0.19903264  0.03978131]
 [-0.18117713 -0.29744029 -0.04912105  0.19829583 -0.05266873]
 [-0.10284874  0.0398025  -0.07767995  0.03494599  0.01639939]
 [-0.06135975  0.07176586  0.0727815  -0.04394246 -0.02856885]
 [-0.1424135  -0.10399182 -0.24858827 -0.18839572  0.01295755]]
U = [[ 0.204155    0.09194264  0.28501345  0.31939561 -0.01803757]
 [-0.26727645 -0.03433046  0.00245063  0.14346036  0.2291186 ]
 [ 0.08843419 -0.09367716 -0.28627671 -0.16255358  0.20697051]
 [ 0.31417067 -0.10848089  0.23046483 -0.03819739 -0.14374447]
 [-0.0379235  -0.03202744 -0.25211685 -0.00033292  0.04513409]]
Matrix Pair 60; W = [[ 2.48437030e-01  2.64326907e-02  9.92227787e-02 -1.56951552e-01
   5.72554351e-02]
 [-9.91363019e-02 -2.96592788e-01 -3.28644286e-02  1.87611065e-01
  -3.75504594e-02]
 [-9.77730704e-02 -8.16505919e-05 -1.65268979e-01  7.80573013e-02
  -4.17939807e-03]
 [ 5.76877896e-03  1.47112569e-01  6.83362043e-02 -3.09589628e-02
  -7.90413900e-02]
 [-9.06374085e-02 -1.53232260e-01 -3.03916618e-01 -1.22504110e-01
  -3.96662000e-02]]
U = [[ 0.23671048  0.10447689  0.321113    0.25692978 -0.06604981]
 [-0.29961532 -0.1263353   0.07584719  0.11993466  0.17724562]
 [ 0.08517462 -0.15306741 -0.27818823 -0.13683391  0.18720436]
 [ 0.2528993  -0.06994102  0.21432664 -0.09039888 -0.08844289]
 [-0.086384   -0.02802142 -0.23695563  0.04734564  0.05530438]]
Matrix Pair 61; W = [[ 0.23216314 -0.06900664  0.10861933 -0.16016259  0.07068612]
 [-0.11403239 -0.34756038 -0.03925176  0.21878214 -0.04359943]
 [-0.06953298  0.01250253 -0.11227732  0.04236092 -0.0478618 ]
 [-0.03933225  0.08947571  0.07365597 -0.06001987 -0.00605038]
 [-0.12737864 -0.13137629 -0.27718808 -0.12856012  0.01644996]]
U = [[ 0.16481858  0.10863638  0.29085414  0.29137276  0.00779964]
 [-0.26484179 -0.05907985  0.06658778  0.1378617   0.19116232]
 [ 0.11751501 -0.12983082 -0.20860754 -0.19137184  0.20300407]
 [ 0.23104499 -0.09456367  0.20260928 -0.10155238 -0.10453571]
 [-0.03967495 -0.05193369 -0.19968664 -0.03128729  0.05181923]]
Matrix Pair 62; W = [[ 0.23647703 -0.03095567  0.16442268 -0.12565034  0.1089898 ]
 [-0.18291462 -0.30123618 -0.03095548  0.24593988 -0.11380794]
 [-0.05099903 -0.02107482 -0.15759148  0.03463669 -0.00603767]
 [-0.02527697  0.0964867   0.0796614  -0.051819   -0.00284332]
 [-0.15934978 -0.14778372 -0.21965715 -0.15834282 -0.03688744]]
U = [[ 0.19620367  0.08334401  0.28647309  0.32527066  0.01395244]
 [-0.22440158 -0.11310073  0.01237004  0.12112218  0.24417353]
 [ 0.11814637 -0.14906249 -0.2881091  -0.1392725   0.15620773]
 [ 0.24723588 -0.04285153  0.19486965 -0.12166584 -0.09000115]
 [-0.0846851  -0.01025636 -0.20479472  0.03392129  0.01192631]]
Matrix Pair 63; W = [[ 0.24261583 -0.03108188  0.14680339 -0.13584334  0.08840948]
 [-0.17320251 -0.28509071 -0.05910094  0.21687994 -0.0973273 ]
 [-0.0497559   0.03510027 -0.16243892  0.03856933 -0.03461717]
 [ 0.00303971  0.06820082  0.11747172 -0.06021516 -0.06718905]
 [-0.14842902 -0.13606554 -0.23366931 -0.17905468 -0.00401943]]
U = [[ 0.15989926  0.17199154  0.33952616  0.30867946 -0.02925325]
 [-0.21765513 -0.02991931  0.0537566   0.08910564  0.16318773]
 [ 0.08821545 -0.07291457 -0.22653393 -0.11105423  0.19125532]
 [ 0.25391941 -0.10998891  0.25887831 -0.11826552 -0.11281543]
 [-0.09418259  0.00808627 -0.19386575 -0.00850515  0.04113997]]
Matrix Pair 64; W = [[ 0.19817811  0.00752083  0.11040542 -0.15987779  0.05570036]
 [-0.09431824 -0.2662882  -0.12579401  0.25116652 -0.08466643]
 [-0.06248121  0.0114759  -0.02064327  0.01488114  0.00905067]
 [ 0.05406048  0.01463901  0.07705613 -0.04495717 -0.04601386]
 [-0.09190852 -0.1440033  -0.2673597  -0.14595552 -0.07147659]]
U = [[ 2.54645682e-01  1.78812041e-01  2.96383853e-01  3.19487651e-01
  -4.02022396e-02]
 [-3.71405350e-01 -1.35383437e-01  7.87947365e-02  2.07379436e-01
   2.56638860e-01]
 [ 5.31809096e-02 -1.38685054e-01 -2.52000721e-01 -2.07354614e-01
   1.63641188e-01]
 [ 2.66030807e-01 -1.27314960e-02  1.55637143e-01 -1.94052393e-02
  -1.15461164e-01]
 [-1.74407717e-01 -5.59336113e-02 -2.63259058e-01  2.54197127e-04
  -2.29345734e-02]]
Matrix Pair 65; W = [[ 0.19517008 -0.03058864  0.08606102 -0.11038263  0.00765542]
 [-0.15291014 -0.34149895 -0.10089938  0.33133299 -0.07422862]
 [-0.033921    0.00536919 -0.02544022  0.03912701  0.01711899]
 [ 0.02334427  0.08504656  0.12405258  0.01357027 -0.03083755]
 [-0.08366733 -0.15849027 -0.29043222 -0.1672809   0.01105914]]
U = [[ 0.25005029  0.21004773  0.30181731  0.30171703 -0.04450861]
 [-0.33581662 -0.06334971 -0.00649827  0.18982001  0.22009783]
 [ 0.00297114 -0.11045299 -0.21005166 -0.12759309  0.19617448]
 [ 0.30493016 -0.00318037  0.25147075 -0.05492289 -0.10150073]
 [-0.1606265   0.00936547 -0.23548745 -0.08510615 -0.06747336]]
Matrix Pair 66; W = [[ 0.18363572  0.04104285  0.06933366 -0.18555724  0.08058248]
 [-0.09587376 -0.30999966 -0.12522419  0.32203204 -0.07743156]
 [-0.06295468 -0.06166762 -0.06246815  0.09214068 -0.05031129]
 [ 0.04268225  0.04357105  0.09311831 -0.06924915 -0.0812629 ]
 [-0.1627817  -0.19059886 -0.28452927 -0.2097994  -0.00256722]]
U = [[ 0.18873736  0.18665673  0.27586586  0.36692065 -0.01705272]
 [-0.36201504 -0.15590119  0.01443803  0.1601543   0.19901743]
 [ 0.08573684 -0.08344411 -0.17839015 -0.1485606   0.17342275]
 [ 0.28336204 -0.04903582  0.25158208 -0.08751076 -0.13156488]
 [-0.13470007  0.0178829  -0.28459252 -0.05088729 -0.02323068]]
Matrix Pair 67; W = [[ 0.1627827  -0.00584972  0.142846   -0.17590001  0.00395753]
 [-0.13877455 -0.27051387 -0.12167556  0.2597922  -0.07052844]
 [-0.00179739  0.00722374 -0.06216437  0.03399608 -0.00120263]
 [ 0.00747145  0.05218912  0.14193866 -0.05695596 -0.06783116]
 [-0.16676967 -0.2279387  -0.26075391 -0.11301957 -0.02238173]]
U = [[ 0.17246639  0.19411431  0.30473855  0.36802436 -0.01442853]
 [-0.35793352 -0.0935526   0.03848104  0.1611278   0.25706426]
 [ 0.07243295 -0.07703999 -0.17539372 -0.13130302  0.17774224]
 [ 0.27052565 -0.06457478  0.18544043 -0.04899965 -0.15294648]
 [-0.14869363  0.01373951 -0.22882651 -0.04936563 -0.00319697]]
Matrix Pair 68; W = [[ 0.17821862 -0.01736717  0.15336629 -0.18311572  0.02246529]
 [-0.12983389 -0.30484361 -0.07148847  0.301235   -0.10349193]
 [-0.03916342 -0.04894115 -0.0882885   0.06252562  0.03396406]
 [ 0.00673255  0.02809066  0.10793199 -0.04191831 -0.09848168]
 [-0.09203792 -0.15515078 -0.24899028 -0.18409061 -0.03315138]]
U = [[ 0.25263285  0.14398021  0.34726188  0.36592463 -0.00982638]
 [-0.34029297 -0.06394953  0.02680464  0.18877061  0.18130566]
 [ 0.05689893 -0.09538132 -0.17338358 -0.15537106  0.20805275]
 [ 0.28091345 -0.02718203  0.21652618 -0.11311122 -0.15330213]
 [-0.11205927 -0.05396425 -0.24925337 -0.04906537 -0.0685163 ]]
Matrix Pair 69; W = [[ 0.13983626 -0.00595584  0.06800669 -0.09356246  0.08880705]
 [-0.11154457 -0.3314883  -0.05452864  0.32151502 -0.10202503]
 [-0.06850757 -0.00114101 -0.00788297  0.04923615  0.01068678]
 [ 0.03768075  0.06089983  0.08996523 -0.02476546 -0.07280222]
 [-0.09387148 -0.18155168 -0.22377921 -0.18537078 -0.00110314]]
U = [[ 0.21842647  0.13782666  0.35010815  0.37591693 -0.07337754]
 [-0.30717101 -0.09799923  0.05350496  0.20518798  0.19372542]
 [ 0.01213891 -0.07506307 -0.16431444 -0.14266481  0.16541967]
 [ 0.22821442  0.02384845  0.19735902 -0.0243717  -0.1375089 ]
 [-0.07851097 -0.04347615 -0.24671743 -0.07835132 -0.0291613 ]]
Matrix Pair 70; W = [[ 0.19974281 -0.02298349  0.07926986 -0.11524578  0.05981874]
 [-0.12373065 -0.27376665 -0.08858046  0.30760051 -0.05568524]
 [-0.05728876 -0.05388815 -0.03369089  0.0712313  -0.04287285]
 [ 0.01738783  0.03761089  0.07061272 -0.07376245 -0.06209791]
 [-0.13495023 -0.22284225 -0.26567022 -0.15939607 -0.03235127]]
U = [[ 0.1948306   0.19126314  0.26810533  0.34254425 -0.02955041]
 [-0.30185017 -0.13342009 -0.00334487  0.18864445  0.16492175]
 [-0.00928886 -0.0955222  -0.18801899 -0.15166971  0.11390195]
 [ 0.31274202  0.01395617  0.17622849 -0.0217985  -0.16449261]
 [-0.16169914  0.00297334 -0.31999139 -0.03170576 -0.07326429]]
Matrix Pair 71; W = [[ 0.20520818  0.03239629  0.14146177 -0.10415062  0.04999554]
 [-0.11457802 -0.34060556 -0.09526744  0.25740471 -0.03139837]
 [-0.08005314 -0.06317204 -0.01173505  0.09293927 -0.05019438]
 [-0.02345041  0.02099328  0.05926668 -0.04781234 -0.04535418]
 [-0.10225827 -0.21587276 -0.27369654 -0.18308497 -0.07247744]]
U = [[ 0.23123974  0.16859014  0.30965446  0.38019945 -0.00091522]
 [-0.37338788 -0.08517755  0.07283818  0.12423535  0.22613382]
 [ 0.08128628 -0.14202753 -0.23543508 -0.14643015  0.16970037]
 [ 0.26198893 -0.04900305  0.20861515 -0.11004242 -0.18643899]
 [-0.11343947  0.00995376 -0.30292751 -0.08410258  0.01388669]]
Matrix Pair 72; W = [[ 0.12900703  0.04577219  0.10963709 -0.11734441 -0.00522731]
 [-0.07134439 -0.27508705 -0.11107068  0.33289032 -0.11686366]
 [-0.04611279 -0.05952523 -0.04866803  0.09906427  0.02998993]
 [ 0.04786634  0.08290802  0.08628992  0.01070789 -0.06804964]
 [-0.13913999 -0.21379339 -0.24102942 -0.13951517 -0.02531679]]
U = [[ 0.19747301  0.20086813  0.34372418  0.37341751 -0.02965329]
 [-0.30645613 -0.07744067  0.07400522  0.11643671  0.22105025]
 [ 0.02636657 -0.09813943 -0.25112799 -0.18354696  0.19909469]
 [ 0.24154893 -0.05811952  0.2160574  -0.04707247 -0.1709268 ]
 [-0.16377023 -0.04277272 -0.28735755 -0.053299   -0.03738817]]
Matrix Pair 73; W = [[ 0.18827845  0.00408686  0.0936955  -0.0961677   0.0776299 ]
 [-0.11919632 -0.28285434 -0.03819715  0.26911253 -0.05059171]
 [-0.00508213 -0.01541185 -0.03939048  0.09551944  0.0417561 ]
 [-0.01333996  0.05509301  0.05397746 -0.01013553 -0.01850844]
 [-0.12227721 -0.16102664 -0.23966475 -0.17729697  0.01480633]]
U = [[ 0.20361321  0.18828361  0.30392438  0.31715686  0.01650575]
 [-0.35198119 -0.14566642  0.01355078  0.17497389  0.16942773]
 [ 0.07415922 -0.06922231 -0.19496086 -0.1994464   0.19059595]
 [ 0.22872998 -0.06437396  0.23701524 -0.06727511 -0.17013787]
 [-0.16302827  0.01335779 -0.27471433 -0.00908586 -0.02404593]]
Matrix Pair 74; W = [[ 0.22009549  0.02709874  0.16307466 -0.13993208  0.00707379]
 [-0.11705549 -0.30371037 -0.04177895  0.31667516 -0.04910829]
 [-0.05311513  0.00484494 -0.03223294  0.05083753 -0.04974956]
 [-0.00281136  0.09205472  0.07491116 -0.03953225 -0.07600888]
 [-0.13268239 -0.1430402  -0.25562315 -0.16191542 -0.04692495]]
U = [[ 2.66288864e-01  1.58604060e-01  2.72467654e-01  3.23021007e-01
  -9.08859542e-03]
 [-3.59643525e-01 -1.16500611e-01  4.39168795e-02  2.01087473e-01
   2.42883444e-01]
 [ 2.32614221e-04 -8.75929010e-02 -2.24305237e-01 -1.70428872e-01
   1.28114973e-01]
 [ 2.27833604e-01 -5.00986826e-02  2.39391465e-01 -8.53498118e-02
  -1.53456381e-01]
 [-1.71736279e-01 -4.05286464e-03 -2.62069160e-01 -6.33854088e-02
  -5.19597779e-02]]
Matrix Pair 75; W = [[ 0.15449749  0.0383823   0.13165158 -0.16906746  0.05233962]
 [-0.145946   -0.34153476 -0.05907081  0.25869295 -0.08225637]
 [-0.07552732 -0.07557055 -0.01226943  0.03838472 -0.03252968]
 [-0.01065694  0.05017314  0.06791926 -0.06258899 -0.03260344]
 [-0.12591703 -0.1747549  -0.27051808 -0.19797106 -0.00876125]]
U = [[ 0.21895166  0.18257083  0.32927721  0.36528009 -0.04478009]
 [-0.32611016 -0.08120264  0.07988829  0.17387361  0.21990429]
 [ 0.00750455 -0.11753089 -0.16872268 -0.19076087  0.16039187]
 [ 0.31675058 -0.01425249  0.25495099 -0.06777308 -0.11551746]
 [-0.1370518  -0.01765806 -0.25748739 -0.08871338 -0.0502292 ]]
Matrix Pair 76; W = [[ 0.1752815   0.04404229  0.12469116 -0.18698105  0.00570894]
 [-0.15344762 -0.31809475 -0.08495766  0.32781185 -0.05737143]
 [-0.08882586 -0.0656554  -0.06545813  0.08665856  0.03676724]
 [ 0.02782389  0.07247214  0.09178621 -0.02929183 -0.02381938]
 [-0.14363492 -0.13851343 -0.23154745 -0.11320739 -0.06333985]]
U = [[ 0.21299877  0.2020953   0.32122193  0.37801489 -0.0671502 ]
 [-0.30143476 -0.14136875  0.04099737  0.1298496   0.2503903 ]
 [ 0.03626436 -0.06985609 -0.18650339 -0.16328233  0.15133061]
 [ 0.25081873 -0.00660866  0.24591739 -0.02494452 -0.18970287]
 [-0.14724553  0.02392129 -0.27896305 -0.0132018  -0.025068  ]]
Matrix Pair 77; W = [[ 0.15523299 -0.03115942  0.1599744  -0.11615301  0.07528226]
 [-0.09807166 -0.33585331 -0.06154483  0.28339441 -0.0205002 ]
 [-0.03579555 -0.02608421 -0.06187703  0.00818591  0.00724977]
 [-0.03674073  0.10059507  0.09318251 -0.00199725 -0.06897666]
 [-0.08115083 -0.22278901 -0.20723488 -0.17153777 -0.0114343 ]]
U = [[ 0.24240794  0.15016097  0.28335225  0.31198019 -0.04814741]
 [-0.36630093 -0.15175681  0.06474879  0.16613957  0.18404788]
 [-0.01286776 -0.08517561 -0.17823671 -0.18776605  0.19524833]
 [ 0.27864487 -0.00915495  0.18784185 -0.08414287 -0.12871762]
 [-0.11113901 -0.06408419 -0.22531259 -0.05513306  0.00571656]]
Matrix Pair 78; W = [[ 0.18043838 -0.01338973  0.1651497  -0.15762367  0.06275278]
 [-0.12667015 -0.31435903 -0.04867388  0.30265412 -0.03248225]
 [-0.0135502  -0.07817416 -0.0379693   0.08086393  0.01985478]
 [ 0.00477039  0.0656255   0.09017849 -0.02431014 -0.04436517]
 [-0.12243751 -0.18460077 -0.21008699 -0.21006488 -0.05867429]]
U = [[ 0.26669131  0.13586117  0.32451646  0.32426063  0.00404172]
 [-0.28469966 -0.15344193  0.06178019  0.17259068  0.23715255]
 [ 0.02838204 -0.13535361 -0.21397602 -0.15016449  0.11616364]
 [ 0.24473749 -0.05766655  0.23736518 -0.09054075 -0.18062307]
 [-0.09694481 -0.04591808 -0.30508285 -0.03255383  0.01105877]]
Matrix Pair 79; W = [[ 0.15172435  0.03692606  0.10847423 -0.11255277  0.04224043]
 [-0.13069284 -0.33162933 -0.06015049  0.25612156 -0.07276512]
 [-0.08768137 -0.03150647 -0.01019376  0.07059957  0.01588877]
 [-0.03908191  0.05851436  0.06562693 -0.06088942 -0.0455065 ]
 [-0.07398033 -0.1819485  -0.24698766 -0.19486405 -0.0528624 ]]
U = [[ 0.19023666  0.13841179  0.2677498   0.31873907 -0.07592793]
 [-0.29328532 -0.12460501  0.01168255  0.20697774  0.2386614 ]
 [ 0.08402686 -0.14642458 -0.17880051 -0.15153076  0.20016873]
 [ 0.25616978 -0.06195456  0.22707882 -0.10298802 -0.15381447]
 [-0.08126811  0.00471261 -0.25943493  0.0079626  -0.02586415]]
Matrix Pair 80; W = [[ 0.24178691  0.09188849  0.08813217 -0.11241229  0.09076293]
 [-0.16184529 -0.38443842 -0.05437008  0.23287945 -0.07475932]
 [-0.03884839  0.05850702 -0.08094799  0.04321277 -0.07953879]
 [ 0.04621461 -0.01213246  0.09628543 -0.08124856 -0.12659168]
 [-0.10208544 -0.13361425 -0.2734464  -0.12812756 -0.016654  ]]
U = [[ 0.17207421  0.17000991  0.3147937   0.34563454 -0.03136718]
 [-0.28401128 -0.05224626  0.10576874  0.21071944  0.2337388 ]
 [ 0.08241289 -0.1625036  -0.23653247 -0.1154054   0.19103924]
 [ 0.26448654 -0.06833246  0.22778248 -0.06542558 -0.08018088]
 [-0.08610143 -0.07159835 -0.2656566  -0.02856635 -0.09440406]]
Matrix Pair 81; W = [[ 1.65559638e-01  6.86378941e-02  1.61437621e-01 -1.22304781e-01
   7.01604781e-02]
 [-6.88397414e-02 -3.72286485e-01 -6.56159272e-02  2.69570651e-01
  -9.42221593e-02]
 [ 2.05320897e-02 -2.43489016e-03 -1.26484127e-01  6.12552118e-02
  -2.02212470e-02]
 [ 4.93392341e-02  6.36362453e-02  1.02157689e-01 -7.10069176e-02
  -8.35656693e-02]
 [-1.02866383e-01 -1.06425999e-01 -2.49502809e-01 -1.62599445e-01
  -3.68318810e-06]]
U = [[ 0.16091633  0.14046591  0.30161308  0.31197908 -0.02447932]
 [-0.33320551 -0.12073725  0.04929601  0.20787445  0.22779294]
 [ 0.04068778 -0.11564667 -0.22825022 -0.16904491  0.18058508]
 [ 0.200731   -0.01797188  0.27186194 -0.07955942 -0.08918338]
 [-0.15992624 -0.04179983 -0.30013857 -0.04889364 -0.09399163]]
Matrix Pair 82; W = [[ 0.19699908  0.02508746  0.09930012 -0.08897023  0.02941223]
 [-0.08486754 -0.35895337 -0.06469657  0.2393219  -0.02308679]
 [-0.01629584 -0.00668965 -0.05321951  0.11236371 -0.06438326]
 [-0.03500992  0.0634773   0.0878404  -0.09319985 -0.10011102]
 [-0.02403679 -0.12143957 -0.24004138 -0.17090428 -0.02642805]]
U = [[ 0.11077498  0.13974707  0.35708295  0.32964602 -0.07148202]
 [-0.3478525  -0.10726273  0.07749438  0.14992647  0.20315906]
 [ 0.03532367 -0.12383998 -0.19213566 -0.10348737  0.24502387]
 [ 0.21894189 -0.03228261  0.20221568 -0.07341194 -0.0954779 ]
 [-0.13486114 -0.02855945 -0.23858521 -0.00690155 -0.01199281]]
Matrix Pair 83; W = [[ 0.23025499  0.05055281  0.16081095 -0.14125041  0.04799628]
 [-0.0787093  -0.3547596  -0.01161812  0.22557051 -0.05166499]
 [-0.0056732  -0.00571164 -0.11720854  0.09524722 -0.01268902]
 [ 0.04452864 -0.00542042  0.14607216 -0.11465274 -0.06392126]
 [-0.04789811 -0.1789064  -0.28101597 -0.14906718  0.0371067 ]]
U = [[ 0.14617468  0.10525169  0.29676108  0.30538359 -0.03066827]
 [-0.26279194 -0.07953124  0.14010229  0.16379865  0.25846669]
 [ 0.12242957 -0.10614195 -0.23092706 -0.08207061  0.22976009]
 [ 0.26459049 -0.08070708  0.24192967 -0.03721988 -0.13748015]
 [-0.14916603 -0.06099054 -0.28184775  0.02631787 -0.0394448 ]]
Matrix Pair 84; W = [[ 0.24480706  0.08358002  0.07356723 -0.13407085  0.0850673 ]
 [-0.10999188 -0.38439858 -0.06729777  0.24395772 -0.06161425]
 [ 0.00814662 -0.01746096 -0.0979409   0.04497548 -0.03986534]
 [ 0.03494451  0.01125447  0.08475174 -0.09489015 -0.07301726]
 [-0.04075012 -0.17899251 -0.26699066 -0.18716394  0.03192301]]
U = [[ 0.18516571  0.1162198   0.3701153   0.34674651 -0.06252248]
 [-0.31165074 -0.06499395  0.13089317  0.21687393  0.23960812]
 [ 0.11578405 -0.14809686 -0.19544627 -0.1157776   0.2445449 ]
 [ 0.18530633 -0.04942428  0.26120434 -0.04946459 -0.09570531]
 [-0.10986637 -0.03169056 -0.30937412 -0.04737393 -0.05089332]]
Matrix Pair 85; W = [[ 0.1619249   0.02146612  0.1661959  -0.09946447  0.03784888]
 [-0.109436   -0.33769974 -0.01308058  0.26238265 -0.06128373]
 [ 0.00632397  0.01292689 -0.04337825  0.07499761 -0.08307362]
 [ 0.00751202  0.00459524  0.15289494 -0.09869853 -0.10665961]
 [-0.02461223 -0.09798302 -0.28267874 -0.17766747  0.0364928 ]]
U = [[ 0.12919575  0.08438077  0.34643316  0.3208809  -0.08287996]
 [-0.28913244 -0.05858436  0.10955025  0.16347758  0.24720269]
 [ 0.10286075 -0.11312549 -0.16646025 -0.08238944  0.17991158]
 [ 0.18554294 -0.06474714  0.27101942 -0.11997354 -0.09692828]
 [-0.09757551 -0.01478077 -0.25598753  0.00638024 -0.10698254]]
Matrix Pair 86; W = [[ 0.18689648  0.0981741   0.1701756  -0.13738876  0.03759959]
 [-0.12676476 -0.38179908 -0.05348089  0.26872252 -0.05525737]
 [-0.0035072   0.07473184 -0.09174823  0.06925849 -0.03071945]
 [ 0.03987728  0.05350244  0.1478847  -0.09257464 -0.08553115]
 [-0.04862839 -0.13966387 -0.24600833 -0.18052478 -0.0250488 ]]
U = [[ 1.44493130e-01  1.22227267e-01  3.36490672e-01  3.67113441e-01
  -7.82491955e-02]
 [-2.60022192e-01 -9.10563638e-02  7.11066405e-02  2.01751267e-01
   2.08201244e-01]
 [ 1.33132316e-01 -9.59503648e-02 -2.29235296e-01 -1.40558327e-01
   2.05529000e-01]
 [ 1.70492888e-01 -2.43935629e-02  2.14266268e-01 -5.37745914e-02
  -1.47331514e-01]
 [-1.07210528e-01 -9.06524183e-03 -3.22314732e-01 -3.36420823e-04
  -9.55131134e-02]]
Matrix Pair 87; W = [[ 0.22894503  0.09797688  0.16708506 -0.09063069  0.08069047]
 [-0.10339272 -0.28991825 -0.0379872   0.26867849 -0.08071986]
 [ 0.01741639  0.03879423 -0.07769263  0.08282624 -0.0926212 ]
 [ 0.01125753  0.03296673  0.09078644 -0.09107203 -0.10398362]
 [-0.06941714 -0.174508   -0.26984869 -0.09467973  0.01848887]]
U = [[ 0.15340887  0.12886165  0.34895163  0.36000133 -0.08554969]
 [-0.2932754  -0.05809035  0.09838059  0.17662999  0.20467675]
 [ 0.10140798 -0.0976624  -0.19465662 -0.14498115  0.24746871]
 [ 0.18231972 -0.06386495  0.24881751 -0.06284155 -0.14151638]
 [-0.1688799  -0.03082355 -0.32585089 -0.01075655 -0.09450964]]
Matrix Pair 88; W = [[ 0.18789364  0.07184467  0.12618002 -0.09199663  0.02284605]
 [-0.09688033 -0.29370092 -0.01143899  0.26505328 -0.08021974]
 [-0.04346503  0.00633923 -0.05654089  0.11481993 -0.01416656]
 [ 0.04197492  0.02441655  0.15095531 -0.08280924 -0.08990173]
 [-0.10475823 -0.12352781 -0.28260568 -0.11964928 -0.00235625]]
U = [[ 0.10141361  0.15994487  0.30167955  0.34707971 -0.05477756]
 [-0.27149065 -0.08600499  0.09162862  0.1832202   0.16944121]
 [ 0.08657091 -0.11732836 -0.21025737 -0.15901048  0.20805579]
 [ 0.25117741 -0.05395008  0.21437309 -0.04974515 -0.16925078]
 [-0.13571142 -0.0189102  -0.27080207  0.03855236 -0.0717712 ]]
Matrix Pair 89; W = [[ 0.25235477  0.08187095  0.1091513  -0.12465465  0.1016186 ]
 [-0.10762751 -0.30931898  0.01470193  0.21563439 -0.05752948]
 [-0.01993879  0.02345791 -0.04864355  0.11681729 -0.05791752]
 [ 0.05759786  0.06087371  0.09376563 -0.11692331 -0.03902419]
 [-0.04404001 -0.13002245 -0.25525993 -0.13468511  0.00897968]]
U = [[ 0.1120965   0.1693122   0.28147194  0.38481677 -0.0021938 ]
 [-0.29370995 -0.03402707  0.06171196  0.20038625  0.24617119]
 [ 0.06727676 -0.15772715 -0.23297256 -0.09011634  0.16526859]
 [ 0.18602314 -0.00478232  0.26274463 -0.0831954  -0.17025104]
 [-0.14286517 -0.04586995 -0.32012011 -0.01562317 -0.07385123]]
Matrix Pair 90; W = [[ 0.16407615  0.0288544   0.09620882 -0.05414313  0.1126077 ]
 [-0.11414098 -0.35254839 -0.00532519  0.28777491 -0.07396733]
 [ 0.02675704  0.0505084  -0.09475322  0.11457469 -0.06669825]
 [-0.01334743 -0.01845343  0.07408144 -0.03879016 -0.12264708]
 [-0.06116252 -0.14982633 -0.24173164 -0.10450954 -0.02388541]]
U = [[ 0.13925168  0.10725856  0.36234434  0.33156324 -0.03232722]
 [-0.3335459  -0.03871468  0.12540503  0.13579914  0.20067847]
 [ 0.07194057 -0.14244138 -0.20664074 -0.16767579  0.1829302 ]
 [ 0.24866586  0.01152456  0.26416268 -0.05796204 -0.16051129]
 [-0.17562518 -0.00397351 -0.29724893 -0.03948577 -0.08026664]]
Matrix Pair 91; W = [[ 0.16691156  0.0285763   0.17187553 -0.12719254  0.02984824]
 [-0.09921004 -0.28756261 -0.0702606   0.23586055 -0.10089957]
 [ 0.03826586  0.04667233 -0.0696407   0.05651819 -0.08737691]
 [ 0.04760569 -0.02127967  0.14348035 -0.05525419 -0.10948567]
 [-0.05493728 -0.18236646 -0.30546041 -0.15566869  0.07111864]]
U = [[ 0.18002451  0.09314294  0.34324998  0.39239862 -0.02477486]
 [-0.27311916 -0.03080419  0.09995964  0.21640052  0.16554561]
 [ 0.12829672 -0.15021067 -0.19654359 -0.1158342   0.17866761]
 [ 0.24784557 -0.08363874  0.26628528 -0.07514686 -0.11342618]
 [-0.11846799 -0.06573683 -0.28699886  0.02187286 -0.04094106]]
Matrix Pair 92; W = [[ 0.2544854   0.07832323  0.08048422 -0.13472242  0.09660537]
 [-0.13318805 -0.31340088 -0.05130814  0.23354404 -0.06725559]
 [ 0.01340823  0.0310923  -0.13663412  0.05284827 -0.01129614]
 [-0.0279648   0.03908573  0.07128408 -0.07490708 -0.045291  ]
 [-0.10601744 -0.13635969 -0.2274695  -0.09907931 -0.02264778]]
U = [[ 0.12522272  0.13733223  0.32901476  0.31206559 -0.05529042]
 [-0.26039508 -0.08519048  0.09062363  0.20190598  0.2048228 ]
 [ 0.04357621 -0.11110805 -0.21095087 -0.16271009  0.17886608]
 [ 0.26023292 -0.06379619  0.21001139 -0.11291636 -0.10901422]
 [-0.07896206 -0.00949888 -0.31989117  0.02824649 -0.05635271]]
Matrix Pair 93; W = [[ 0.22877538  0.03017065  0.11927692 -0.09993209  0.07040838]
 [-0.08494006 -0.357382   -0.06443702  0.30654409 -0.11489009]
 [-0.03413803  0.03798292 -0.04840456  0.11977483 -0.07671402]
 [ 0.02621001  0.0335372   0.10397706 -0.11368078 -0.05736027]
 [-0.09295151 -0.11896024 -0.2962562  -0.1138153   0.02006116]]
U = [[ 0.15316419  0.15368822  0.33324555  0.37402743 -0.03892727]
 [-0.32289285 -0.11662411  0.07365644  0.20026005  0.25175366]
 [ 0.04987679 -0.11467646 -0.22167397 -0.08652967  0.2327797 ]
 [ 0.21019017 -0.07525176  0.20505015 -0.07634974 -0.12321173]
 [-0.15420182 -0.04394103 -0.23716155 -0.04255332 -0.05096055]]
Matrix Pair 94; W = [[ 0.18596847  0.02042183  0.10122672 -0.09048018  0.04537476]
 [-0.14143584 -0.36525619 -0.04496653  0.27905411 -0.02485693]
 [ 0.0217374   0.07263137 -0.05911542  0.07264056 -0.0536518 ]
 [ 0.00833479  0.02653328  0.07145952 -0.10996376 -0.06385286]
 [-0.07288831 -0.09131913 -0.23816663 -0.09905832  0.01365515]]
U = [[ 0.18600329  0.13574837  0.27816722  0.30022367 -0.0622082 ]
 [-0.27283719 -0.02919488  0.14615025  0.13082074  0.20802767]
 [ 0.12726657 -0.09656764 -0.24096181 -0.11622662  0.20538155]
 [ 0.20664512  0.00471149  0.22976057 -0.07261918 -0.10946733]
 [-0.13441249 -0.02719452 -0.27539022 -0.01991794 -0.08429643]]
Matrix Pair 95; W = [[ 0.21780615  0.0312918   0.07320849 -0.15211401  0.01747231]
 [-0.15369227 -0.32192629 -0.03057466  0.2935003  -0.08996655]
 [ 0.00363493  0.03924286 -0.0747536   0.0674927  -0.06993865]
 [ 0.06172551  0.04509353  0.1125456  -0.09374472 -0.11175358]
 [-0.01145008 -0.09667206 -0.28668883 -0.15827322  0.02107303]]
U = [[ 1.14150125e-01  1.70535643e-01  3.76630651e-01  3.08996394e-01
  -3.83445358e-02]
 [-2.69672686e-01 -4.69121608e-02  1.21806386e-01  1.27485299e-01
   1.83120782e-01]
 [ 8.47212035e-02 -1.30111294e-01 -1.82572003e-01 -9.56729955e-02
   2.18334225e-01]
 [ 2.37001267e-01 -3.32709431e-02  2.65559840e-01 -8.71721054e-02
  -1.58784486e-01]
 [-1.44910260e-01  1.68042136e-04 -3.14252693e-01  4.11447914e-02
  -1.55967729e-02]]
Matrix Pair 96; W = [[ 0.17749482  0.05992086  0.18280291 -0.05887208  0.04645371]
 [-0.16291524 -0.31869636 -0.01917175  0.30684457 -0.0626251 ]
 [-0.01679342  0.0074644  -0.06680788  0.08261351 -0.06771068]
 [-0.01051046  0.12803494  0.14698447 -0.00366087 -0.05182308]
 [-0.08274942 -0.06473062 -0.21614225 -0.1242316  -0.08140041]]
U = [[ 0.1308606   0.22795441  0.29174034  0.31226498 -0.06555982]
 [-0.33344242 -0.07350952  0.0399389   0.07873612  0.14274109]
 [ 0.00070259 -0.04412511 -0.19024126 -0.12741553  0.07621667]
 [ 0.29610057  0.01012276  0.31748284 -0.00337321 -0.09998164]
 [-0.10096016 -0.00640284 -0.28093617 -0.00849823 -0.02184807]]
Matrix Pair 97; W = [[ 0.20814682  0.11739006  0.18130853 -0.12084448  0.00341339]
 [-0.16523068 -0.38658663 -0.06709415  0.23559796 -0.11128993]
 [-0.04189752  0.00930119 -0.12966381  0.0574238  -0.04309816]
 [-0.00177952  0.12871748  0.15642658 -0.0323198  -0.11937518]
 [-0.07083839 -0.07735083 -0.14834008 -0.15830802 -0.08072586]]
U = [[ 0.11424268  0.22862138  0.28172867  0.31428398 -0.12165937]
 [-0.35495717 -0.05438122  0.08496285  0.12766319  0.21637229]
 [ 0.05216495 -0.10150354 -0.2167285  -0.09943534  0.16231188]
 [ 0.3044033  -0.00100531  0.26358341 -0.08983581 -0.06879146]
 [-0.13450612 -0.01050802 -0.31078162  0.00397154  0.00044546]]
Matrix Pair 98; W = [[ 0.1960078   0.03975822  0.1276955  -0.08343597  0.0540393 ]
 [-0.07678662 -0.29183924 -0.06006466  0.28138024 -0.09379542]
 [-0.06454837 -0.02441674 -0.1160035   0.08495133 -0.05787924]
 [-0.0391079   0.11096369  0.14968971 -0.08310717 -0.03060797]
 [-0.08934022 -0.0621491  -0.20279031 -0.16994778 -0.03580867]]
U = [[ 0.08539172  0.16626568  0.31602793  0.34029399 -0.11129087]
 [-0.37655096 -0.04425395  0.13483734  0.14398647  0.22978822]
 [ 0.03730355 -0.07195642 -0.26082976 -0.12393085  0.11820653]
 [ 0.33120176  0.06995108  0.32548185 -0.04285705 -0.09771085]
 [-0.13691139  0.0386932  -0.22953889 -0.08545672 -0.01597375]]
Matrix Pair 99; W = [[ 0.16901928  0.11472951  0.10975672 -0.10913547  0.07093875]
 [-0.14817847 -0.38898715 -0.00595134  0.29676244 -0.1010419 ]
 [-0.01313809  0.05673133 -0.13418637  0.06359548  0.00672213]
 [-0.05493495  0.06313804  0.18388168  0.00460888 -0.05498094]
 [-0.11960997 -0.05567116 -0.23835278 -0.13524889 -0.02587574]]
U = [[ 0.10382077  0.18890204  0.27426073  0.36559202 -0.11216963]
 [-0.38097301 -0.08887568  0.06424599  0.10009229  0.2341774 ]
 [ 0.00703233 -0.10765173 -0.22955075 -0.14342819  0.13642462]
 [ 0.32789257  0.077159    0.32436882 -0.08390792 -0.04655794]
 [-0.1562492   0.03167773 -0.21836157 -0.0041932  -0.05853438]]
Matrix Pair 100; W = [[ 0.20815433  0.06502166  0.11872334 -0.13332331  0.01833805]
 [-0.14282525 -0.30261409 -0.03703471  0.29658086 -0.11218176]
 [-0.07932659 -0.01674349 -0.14297871  0.10084592 -0.04961663]
 [-0.03791818  0.11738908  0.19307753 -0.02647997 -0.0230144 ]
 [-0.16477577 -0.09869299 -0.18842074 -0.12178575 -0.04494758]]
U = [[ 0.08727437  0.15775784  0.31475229  0.31099304 -0.09933538]
 [-0.35759592 -0.07579534  0.06483519  0.15997481  0.2268193 ]
 [ 0.01989916 -0.05165089 -0.2098212  -0.09243452  0.09146347]
 [ 0.24542567  0.0595952   0.25753961 -0.02096064 -0.09886177]
 [-0.1355315  -0.01543636 -0.22273417 -0.00062233 -0.0206967 ]]
Matrix Pair 101; W = [[ 0.14782854  0.06078999  0.14327658 -0.14304413  0.06671617]
 [-0.1251667  -0.31938378 -0.01618457  0.30471066 -0.14887512]
 [-0.00864322  0.0515653  -0.09140525  0.09317937  0.00448745]
 [-0.07046153  0.03689217  0.13275925 -0.00480115 -0.03155767]
 [-0.14216008 -0.06303633 -0.23480696 -0.11408048 -0.06358739]]
U = [[ 0.09738035  0.14029803  0.31627539  0.30347489 -0.10961714]
 [-0.35417541 -0.08249953  0.09396928  0.14303186  0.17248403]
 [ 0.06925789 -0.0763188  -0.2535409  -0.16806442  0.12129703]
 [ 0.24989549  0.07688011  0.27766463 -0.02986357 -0.05668484]
 [-0.16946801 -0.00097746 -0.25535279 -0.06060078  0.00865502]]
Matrix Pair 102; W = [[ 0.19513013  0.05501776  0.14515613 -0.09064273  0.07533879]
 [-0.10060041 -0.35647692 -0.00334705  0.2849968  -0.11124473]
 [-0.00483751 -0.00267754 -0.12494373  0.03626619  0.00303811]
 [-0.00057751  0.05180689  0.13766137 -0.05831881 -0.06764783]
 [-0.16408848 -0.06069603 -0.2169687  -0.13360965 -0.05099471]]
U = [[ 0.13413228  0.16605715  0.33978315  0.31145186 -0.03246502]
 [-0.38085312 -0.06015195  0.10405138  0.15871499  0.14016214]
 [ 0.02467313 -0.09435001 -0.22083923 -0.14754434  0.14996842]
 [ 0.32358496  0.07267767  0.32163874 -0.05173636 -0.11102732]
 [-0.10340424  0.06763868 -0.25194826 -0.03454361  0.016495  ]]
Matrix Pair 103; W = [[ 0.18096721  0.0395106   0.09935512 -0.09411485  0.04504741]
 [-0.12869755 -0.38744484 -0.05705487  0.30016458 -0.13712387]
 [-0.03585524 -0.0125502  -0.10098142  0.04085003 -0.01994124]
 [-0.01013489  0.10331509  0.19556848 -0.00520526 -0.04910454]
 [-0.11010664 -0.15197407 -0.17003626 -0.09984751 -0.04237623]]
U = [[ 0.08884172  0.15675955  0.32025996  0.39007507 -0.03290313]
 [-0.37902099 -0.02463463  0.08062915  0.07660598  0.17635882]
 [ 0.06808494 -0.10496408 -0.23697097 -0.15475808  0.14254899]
 [ 0.30185787  0.07655654  0.2555149  -0.06519242 -0.06141543]
 [-0.09320126  0.02258563 -0.31774562 -0.05232289 -0.02615784]]
Matrix Pair 104; W = [[ 0.21232849  0.08657818  0.18713951 -0.06682432  0.02763033]
 [-0.13278369 -0.30571368 -0.0116288   0.22170488 -0.11813981]
 [-0.06139311 -0.01122123 -0.06709835  0.04231901 -0.02911735]
 [-0.01885168  0.10117401  0.16759276 -0.06170644 -0.09094619]
 [-0.07284135 -0.12033802 -0.17625408 -0.11281598 -0.05434764]]
U = [[ 0.09222719  0.17632108  0.31923559  0.32173604 -0.10340054]
 [-0.35250701 -0.11067532  0.10268993  0.15987158  0.21488938]
 [ 0.06317614 -0.04203465 -0.27497268 -0.09110497  0.12775884]
 [ 0.30410468  0.05744213  0.23956305 -0.07059367 -0.05604989]
 [-0.07879226  0.06055801 -0.2367568  -0.01605823 -0.03187568]]
Matrix Pair 105; W = [[ 0.15609224  0.05897553  0.11772149 -0.13124243  0.0747264 ]
 [-0.07194804 -0.388198   -0.07082347  0.25605973 -0.05842891]
 [-0.05440685  0.05161306 -0.14381789  0.07872108  0.00276281]
 [-0.07307619  0.04060518  0.1379915  -0.09043654 -0.11793511]
 [-0.10330888 -0.14135115 -0.21720429 -0.12867749 -0.05553667]]
U = [[ 0.1179745   0.17982907  0.33969838  0.3712022  -0.06447086]
 [-0.31534357 -0.05613073  0.11974371  0.08535172  0.22717075]
 [-0.00829787 -0.12981237 -0.2485179  -0.14107887  0.08623165]
 [ 0.30032927  0.0606879   0.27905421 -0.01017851 -0.11161968]
 [-0.12153357  0.02550189 -0.30560692 -0.07533167 -0.02366366]]
Matrix Pair 106; W = [[ 0.1305173   0.11582072  0.15754136 -0.12675399  0.02793524]
 [-0.1159063  -0.38879554 -0.01787227  0.29950664 -0.12571457]
 [-0.0686466   0.0086243  -0.11331148  0.10356605 -0.05121252]
 [-0.0431296   0.09833426  0.19957228 -0.03014577 -0.11714405]
 [-0.14949526 -0.13632053 -0.18002435 -0.13148227 -0.01669041]]
U = [[ 0.17804881  0.15204114  0.33811439  0.3333687  -0.10679596]
 [-0.40356137 -0.11871824  0.10891869  0.15876358  0.21628313]
 [ 0.00419941 -0.08924035 -0.26866619 -0.16269754  0.16450621]
 [ 0.26042702  0.01134251  0.23727399 -0.04881647 -0.0826742 ]
 [-0.134872   -0.00999299 -0.25466996 -0.02177941 -0.06912751]]
Matrix Pair 107; W = [[ 0.19247129  0.10099354  0.17482348 -0.06354759 -0.0003897 ]
 [-0.12851875 -0.32642737  0.0006274   0.2523944  -0.14191476]
 [-0.00387935  0.02714254 -0.09572948  0.05550452 -0.01977912]
 [-0.08904889  0.06043934  0.20897237 -0.00503825 -0.0934107 ]
 [-0.15836762 -0.12694468 -0.22601126 -0.11612467 -0.08465752]]
U = [[ 0.11861525  0.15260547  0.29504871  0.36759642 -0.08036332]
 [-0.3412501  -0.07910172  0.10260061  0.07273069  0.14645363]
 [-0.00631628 -0.04241697 -0.26429032 -0.10050051  0.13666045]
 [ 0.27269247  0.03936339  0.3053874  -0.07109114 -0.07539518]
 [-0.15189663  0.0634487  -0.24842524 -0.06547429 -0.01527711]]
Matrix Pair 108; W = [[ 0.20050561  0.09214858  0.11888886 -0.14135215  0.07183552]
 [-0.06986574 -0.29897167  0.00071451  0.23694113 -0.06867896]
 [-0.05031889 -0.01310629 -0.07855706  0.08605025  0.00298421]
 [-0.02732987  0.11672707  0.1517393  -0.01218786 -0.10267935]
 [-0.12538348 -0.09355864 -0.23405521 -0.18376595 -0.03797832]]
U = [[ 0.15755822  0.15404427  0.29313135  0.38386202 -0.02889978]
 [-0.37580685 -0.06304251  0.11336425  0.08466744  0.14889913]
 [ 0.06349765 -0.10535388 -0.20867832 -0.15878655  0.09556978]
 [ 0.29379638  0.05471964  0.23048143 -0.06001067 -0.07017372]
 [-0.09233982  0.07681011 -0.23380304 -0.03224129  0.01196358]]
Matrix Pair 109; W = [[ 0.129498    0.08622348  0.1623263  -0.07061901  0.04805223]
 [-0.15186927 -0.29335816 -0.00791302  0.23620077 -0.1130862 ]
 [-0.06528603 -0.0160274  -0.15808641  0.03741328  0.01551178]
 [-0.08679979  0.03986692  0.14321584 -0.07882908 -0.11940775]
 [-0.1038185  -0.12354653 -0.16593414 -0.17541555 -0.0294738 ]]
U = [[ 0.09354975  0.1646286   0.27786485  0.34944005 -0.04811885]
 [-0.34676768 -0.09015822  0.1309593   0.12847667  0.1573911 ]
 [-0.01464497 -0.03813573 -0.27417423 -0.16616246  0.15972767]
 [ 0.23808077  0.04595485  0.27373873 -0.08004447 -0.06015782]
 [-0.12568715  0.07740109 -0.22650323  0.01111503 -0.0463851 ]]
Matrix Pair 110; W = [[ 0.13496382  0.10614321  0.13650585 -0.11865089  0.02363774]
 [-0.16356982 -0.35066882  0.01513464  0.21512842 -0.1331106 ]
 [-0.06875918  0.06521135 -0.1353627   0.07095657 -0.03191265]
 [-0.04951193  0.06353613  0.14498029 -0.0285426  -0.02314462]
 [-0.13752051 -0.12626357 -0.22117233 -0.13795703 -0.01558889]]
U = [[ 0.16111996  0.21891567  0.3285034   0.33231156 -0.0773211 ]
 [-0.32097277 -0.07958252  0.06765398  0.12436485  0.20424546]
 [ 0.02719496 -0.09160289 -0.27781488 -0.13614092  0.09144186]
 [ 0.24088863 -0.01256261  0.25026072 -0.09456315 -0.08896859]
 [-0.15933785 -0.00174157 -0.2301783  -0.03426751 -0.0236322 ]]
Matrix Pair 111; W = [[ 0.14071295  0.05610525  0.15545042 -0.08635023 -0.00728019]
 [-0.1592477  -0.35896222 -0.05919128  0.30017688 -0.07009305]
 [-0.0845127   0.00533308 -0.06770345  0.02444944 -0.05311375]
 [-0.07103449  0.08530398  0.17523504 -0.09152834 -0.08244316]
 [-0.16642803 -0.14917645 -0.22992517 -0.15720693 -0.04538384]]
U = [[ 0.16684082  0.21508006  0.2624922   0.3083803  -0.07461084]
 [-0.32690836 -0.04074617  0.067911    0.14023117  0.17954275]
 [-0.01078352 -0.12262227 -0.20202927 -0.14810415  0.07914944]
 [ 0.27809975  0.01356221  0.23708597 -0.07875964 -0.1086752 ]
 [-0.09449594  0.0172738  -0.25164488 -0.02249551 -0.01905812]]
Matrix Pair 112; W = [[ 0.17466727  0.00422192  0.12875204 -0.09535569  0.01731064]
 [-0.12603312 -0.31400704  0.02636477  0.181072   -0.08841002]
 [-0.02083759  0.01164788 -0.04843123  0.07904647 -0.05744005]
 [-0.06795206  0.0849802   0.19990652 -0.05928675  0.01232535]
 [-0.08806477 -0.15286101 -0.23439931 -0.15801528  0.01216823]]
U = [[ 0.12649112  0.13521101  0.3005451   0.36253573 -0.0265872 ]
 [-0.28576536 -0.11451443  0.03127955  0.10393851  0.14000287]
 [ 0.14492082 -0.11260962 -0.20856966 -0.07683386  0.21139601]
 [ 0.27375193 -0.07221922  0.21208954 -0.10828909 -0.07831719]
 [-0.11330551 -0.01210008 -0.27168581 -0.03880841 -0.00978201]]
Matrix Pair 113; W = [[ 0.16874961 -0.0056502   0.19202652 -0.15267312  0.07432022]
 [-0.16910835 -0.32240357 -0.03171896  0.17541738 -0.16357366]
 [-0.06394666  0.02799758 -0.03728388  0.11935919 -0.01282394]
 [-0.06248936  0.06941193  0.16513723 -0.10720481 -0.07622087]
 [-0.05741686 -0.11825755 -0.28036589 -0.19134922 -0.04300301]]
U = [[ 0.15460502  0.13786495  0.24474375  0.36826522  0.01245515]
 [-0.29132046 -0.12972341  0.08270005  0.1236679   0.12799153]
 [ 0.07759711 -0.15877312 -0.22752255 -0.14007253  0.18703811]
 [ 0.3027646  -0.00707445  0.25778671 -0.05715348 -0.07402438]
 [-0.11431848 -0.00539987 -0.25371308 -0.04905743 -0.02127587]]
Matrix Pair 114; W = [[ 0.21790678  0.01220707  0.19982902 -0.10665762  0.02825072]
 [-0.18013924 -0.38235147  0.01284598  0.18888743 -0.14422529]
 [-0.07602014  0.02105782 -0.04352488  0.13941973 -0.03872413]
 [-0.03479508  0.09023315  0.19616881 -0.09644942 -0.00926713]
 [-0.10865536 -0.07362015 -0.25238108 -0.18559744  0.05085746]]
U = [[ 0.19080287  0.15820725  0.29726274  0.32287609  0.02948304]
 [-0.36700887 -0.13577462  0.09761486  0.16475756  0.1573557 ]
 [ 0.06903039 -0.0913696  -0.22815644 -0.07637217  0.22601175]
 [ 0.31952798  0.01690979  0.21954702 -0.12554605 -0.09703172]
 [-0.12945738  0.04374535 -0.23621483 -0.03898421 -0.01423078]]
Matrix Pair 115; W = [[ 1.48484281e-01  1.15301212e-03  2.04534170e-01 -1.10441151e-01
   2.83290853e-02]
 [-1.66436376e-01 -3.53570121e-01  3.76325222e-03  2.45382422e-01
  -1.54214352e-01]
 [-9.64911691e-02  5.43766499e-02 -2.88851117e-03  1.11099825e-01
  -5.97606675e-02]
 [-8.67537923e-02  1.02635841e-01  1.68954541e-01 -7.57738274e-02
  -6.14696636e-02]
 [-3.77963264e-02 -1.15007415e-01 -2.91822041e-01 -1.49880368e-01
  -2.76483642e-04]]
U = [[ 0.15844756  0.1543186   0.27702312  0.34273959  0.01292553]
 [-0.30771983 -0.14700398  0.03227975  0.14791706  0.13941471]
 [ 0.10652935 -0.12896037 -0.22383678 -0.10224622  0.18535239]
 [ 0.31034614  0.01950218  0.21827344 -0.07926538 -0.07423332]
 [-0.09743364  0.03431571 -0.27467288 -0.00534283 -0.07309544]]
Matrix Pair 116; W = [[ 0.18369796  0.05376654  0.18588215 -0.14204966  0.01104991]
 [-0.18810236 -0.30353669  0.04441653  0.24446241 -0.16896406]
 [-0.01309352 -0.01439545 -0.08755514  0.10440547 -0.00611744]
 [-0.09210039  0.09155702  0.16964107 -0.05565428 -0.06289592]
 [-0.06839077 -0.09519481 -0.27657319 -0.17511625 -0.0265601 ]]
U = [[ 0.18454841  0.12677641  0.27048549  0.31505168 -0.04929835]
 [-0.35833611 -0.09115686  0.0760457   0.15693205  0.15627219]
 [ 0.0804496  -0.13405167 -0.13617548 -0.07888968  0.20597827]
 [ 0.29283697 -0.04793707  0.20166974 -0.08056256 -0.07270845]
 [-0.09522032  0.00038079 -0.24762614 -0.04141463 -0.05683049]]
Matrix Pair 117; W = [[ 2.45757427e-01  7.02780539e-02  1.74499253e-01 -1.56063770e-01
   3.04439953e-02]
 [-1.52688651e-01 -3.08841324e-01  5.37020403e-02  2.65154120e-01
  -1.57474744e-01]
 [-6.18091902e-02 -1.58108752e-02 -8.84380944e-02  1.37205824e-01
  -6.82551870e-02]
 [-7.98476699e-02  1.28079968e-01  1.59866258e-01 -6.92159729e-02
  -1.30681762e-04]
 [-4.49268710e-02 -7.45025184e-02 -2.95504086e-01 -1.97871519e-01
   2.83461740e-02]]
U = [[ 0.14072103  0.15508086  0.28120353  0.34937443 -0.00262985]
 [-0.36918633 -0.07492275  0.05764712  0.10113827  0.11976867]
 [ 0.14233171 -0.101328   -0.15668275 -0.12992291  0.24562532]
 [ 0.28734299 -0.01486702  0.20581181 -0.11588687 -0.04937034]
 [-0.04056873 -0.02839941 -0.23466039 -0.0313958  -0.08284006]]
Matrix Pair 118; W = [[ 0.16559488  0.06463671  0.11847571 -0.12266796  0.1007769 ]
 [-0.1238635  -0.34540824 -0.01169094  0.19182318 -0.12647391]
 [-0.07765112  0.00804053 -0.02139893  0.09540437  0.00107308]
 [-0.02636825  0.14001052  0.14991781 -0.0960753  -0.0144918 ]
 [-0.09428246 -0.06869314 -0.32436028 -0.16500994  0.03704212]]
U = [[ 0.17219268  0.09318213  0.2898859   0.38797891 -0.01875816]
 [-0.31487426 -0.11306349  0.03122467  0.1585888   0.14344166]
 [ 0.11946133 -0.112943   -0.16698177 -0.13909741  0.24464689]
 [ 0.22498751 -0.04753222  0.2911999  -0.09221349 -0.10471489]
 [-0.11362813  0.00181677 -0.25566837  0.02814825 -0.00814976]]
Matrix Pair 119; W = [[ 0.22116495  0.00874606  0.18267099 -0.14342212  0.03731406]
 [-0.11329953 -0.38617723 -0.02685557  0.23795702 -0.12675506]
 [-0.0304538  -0.00105168 -0.0182439   0.08905358 -0.06411206]
 [-0.09368747  0.13258535  0.13817798 -0.06948599 -0.06475224]
 [-0.01890256 -0.08274184 -0.31950758 -0.19483552 -0.03038078]]
U = [[ 0.14668732  0.09790337  0.32620203  0.35450138  0.03719283]
 [-0.30820067 -0.1075418   0.10941621  0.09526023  0.09039914]
 [ 0.10217631 -0.10604298 -0.15865444 -0.13364486  0.15817907]
 [ 0.26096696 -0.0292486   0.24459818 -0.0817553  -0.14513835]
 [-0.11371321  0.03851229 -0.2254731  -0.05083872 -0.06624604]]
Matrix Pair 120; W = [[ 0.18833826  0.04307943  0.16571885 -0.18070179  0.04938859]
 [-0.15210565 -0.36379454  0.01327915  0.17317427 -0.12562543]
 [-0.06190089  0.02193565 -0.05690912  0.05715965 -0.09839931]
 [-0.05676012  0.08060447  0.15546331 -0.09815718 -0.06511282]
 [-0.03649026 -0.11573181 -0.26353393 -0.14913042  0.01790269]]
U = [[ 0.17830045  0.15004342  0.27037794  0.32304534 -0.01214817]
 [-0.33807514 -0.07611594  0.11576728  0.10055232  0.15364544]
 [ 0.10888484 -0.14630917 -0.16944788 -0.13674479  0.21540815]
 [ 0.3183933  -0.05201235  0.2392185  -0.05489063 -0.10219503]
 [-0.07340503 -0.02371505 -0.24060324 -0.057205   -0.0053773 ]]
Matrix Pair 121; W = [[ 0.19335388  0.06799861  0.15907817 -0.16012399  0.08016026]
 [-0.1304699  -0.31084474  0.01437289  0.19346679 -0.17645868]
 [-0.10282128 -0.02791173 -0.01298525  0.13803651 -0.0072109 ]
 [-0.09232305  0.05197954  0.20170537 -0.069574   -0.03695394]
 [-0.08574476 -0.13241826 -0.29446939 -0.16197259 -0.01748674]]
U = [[ 0.214441    0.15655681  0.33365369  0.37203683 -0.01478456]
 [-0.30074379 -0.1517999   0.09250103  0.1100099   0.11066594]
 [ 0.1083921  -0.17244687 -0.21076083 -0.13237178  0.22195877]
 [ 0.25064084 -0.0374809   0.27863466 -0.06221946 -0.13802792]
 [-0.09102367 -0.02415414 -0.22946064  0.02090828 -0.01461139]]
Matrix Pair 122; W = [[ 0.21512601  0.06840337  0.11765532 -0.19345287  0.03410769]
 [-0.19886023 -0.31450577  0.03170122  0.24055816 -0.09038821]
 [-0.02726724  0.02369652 -0.06141948  0.1380811  -0.09356876]
 [-0.01501001  0.12518264  0.11149705 -0.11674894 -0.06646142]
 [-0.04061123 -0.1339981  -0.27924825 -0.2134778   0.00602719]]
U = [[ 0.16586921  0.1216419   0.28600651  0.34058765 -0.03028228]
 [-0.35361295 -0.13308166  0.07820638  0.11227543  0.10920474]
 [ 0.13913885 -0.18066543 -0.14859273 -0.10987404  0.18344301]
 [ 0.27524591 -0.04148037  0.26441174 -0.04720598 -0.12999596]
 [-0.07013606  0.00643249 -0.25251346 -0.03197054 -0.05221982]]
Matrix Pair 123; W = [[ 0.15399134  0.00380825  0.14516974 -0.16726523  0.08030978]
 [-0.16710248 -0.31740399  0.04912485  0.20979612 -0.09753323]
 [-0.0958258  -0.01955816 -0.075446    0.10198833 -0.04744619]
 [-0.04475008  0.05134607  0.14547855 -0.05033922 -0.07745498]
 [-0.02025951 -0.1499587  -0.26745543 -0.20715974  0.04407357]]
U = [[ 2.14728528e-01  7.81363905e-02  2.46209976e-01  3.39479760e-01
  -1.92280398e-04]
 [-3.06273512e-01 -1.33059482e-01  7.06967628e-02  1.10424344e-01
   8.39354211e-02]
 [ 1.10468595e-01 -1.81838927e-01 -1.63429961e-01 -5.70987722e-02
   1.64296785e-01]
 [ 2.77275551e-01  1.81935225e-02  2.27732700e-01 -7.21235978e-02
  -1.28843274e-01]
 [-4.25355358e-02 -3.07004731e-02 -2.56307066e-01  2.81974772e-02
  -8.24286359e-02]]
Matrix Pair 124; W = [[ 0.15489477  0.04521027  0.17070658 -0.10889431  0.05334518]
 [-0.19158431 -0.3575386   0.05519045  0.1880271  -0.17440177]
 [-0.07935901  0.02617884 -0.0292766   0.08547922 -0.01973897]
 [-0.05962365  0.11336113  0.11940893 -0.04779787  0.00474741]
 [-0.02241473 -0.12562994 -0.27683853 -0.22886989  0.00259387]]
U = [[ 0.16170893  0.07542098  0.2753663   0.29822108 -0.03329292]
 [-0.32745435 -0.1198853   0.02869788  0.07007664  0.11848951]
 [ 0.07960598 -0.13419687 -0.22572495 -0.10748497  0.21763348]
 [ 0.22010092 -0.0172511   0.25095268 -0.1253381  -0.10428826]
 [-0.06752878 -0.04630145 -0.2648546  -0.05384882 -0.07319517]]
Matrix Pair 125; W = [[ 0.17607758  0.0603597   0.16490537 -0.19046051  0.08996532]
 [-0.12110999 -0.31823151 -0.03230677  0.22186189 -0.17011088]
 [-0.02075046 -0.03388843  0.0081966   0.08256018  0.00119582]
 [-0.05054167  0.12349163  0.18567094 -0.02741071 -0.02040624]
 [-0.02712314 -0.16583806 -0.30964218 -0.22888138  0.01385181]]
U = [[ 0.22181611  0.15855152  0.30075031  0.29945305  0.01599616]
 [-0.28301304 -0.10291329  0.06898043  0.14109023  0.11972627]
 [ 0.09165424 -0.17579338 -0.19571931 -0.05608705  0.16185159]
 [ 0.22403989 -0.03463034  0.28638618 -0.10048223 -0.06780504]
 [-0.10624787  0.01226253 -0.28739284 -0.04414747 -0.06463772]]
Matrix Pair 126; W = [[ 0.22226601  0.0099199   0.14426405 -0.16060232  0.05450705]
 [-0.11499252 -0.34148444 -0.03774886  0.24682322 -0.11105439]
 [-0.06174708  0.04415861 -0.02483597  0.07445386 -0.03151151]
 [-0.09338732  0.14423934  0.19329589 -0.11786256 -0.02212314]
 [-0.0152614  -0.09545785 -0.30262996 -0.2399576   0.02708082]]
U = [[ 0.15403679  0.07488756  0.24728905  0.31791546 -0.00556956]
 [-0.29481631 -0.12522769  0.04118005  0.15378321  0.10269695]
 [ 0.14094662 -0.1095471  -0.20647281 -0.06268905  0.23754382]
 [ 0.25106973 -0.05898295  0.26978255 -0.11137689 -0.1237087 ]
 [-0.06109446 -0.04370215 -0.31879892 -0.05532854 -0.0191283 ]]
Matrix Pair 127; W = [[ 0.20069475  0.03648764  0.14963659 -0.16793244  0.08172635]
 [-0.19690144 -0.29478733  0.01659131  0.22466722 -0.17051464]
 [-0.04139491 -0.02957917  0.01008767  0.06796103 -0.09696953]
 [-0.02934801  0.05260854  0.20541521 -0.04522458 -0.07259753]
 [-0.08558032 -0.08974233 -0.29951309 -0.1995916   0.00120137]]
U = [[ 0.1480954   0.07487748  0.26895383  0.31630162  0.03451293]
 [-0.32567322 -0.12981292  0.06759829  0.07165138  0.16271769]
 [ 0.09492055 -0.0882039  -0.21991563 -0.07179962  0.15818825]
 [ 0.25785786  0.0174057   0.27746475 -0.11137913 -0.0615068 ]
 [-0.06445079 -0.02823564 -0.2855234  -0.03398396 -0.06858137]]
