Epoch: 68Matrix Pair 0; W = [[-0.10344619  0.04361914  0.14600733  0.03348838 -0.14669182]
 [ 0.0432256  -0.24572947 -0.1292446  -0.10798709  0.21893686]
 [-0.10394273  0.09025728 -0.16817889 -0.02696261  0.16492691]
 [-0.00710672 -0.06132912 -0.00082722  0.02214469  0.06604588]
 [-0.15948586 -0.20437324 -0.03534384  0.13609132 -0.05721218]]
U = [[-0.00064002 -0.07419276  0.16309664 -0.07700419  0.20894188]
 [-0.17925942  0.09202422  0.13959107  0.17799233  0.03587737]
 [ 0.24774052  0.03996173  0.09646462  0.0651673   0.14057336]
 [ 0.06711791  0.2374953   0.08925538  0.06566663  0.05495636]
 [-0.20466573  0.19368034  0.26586009  0.17549869  0.02633749]]
Matrix Pair 1; W = [[-0.06034379  0.01111127  0.12456423  0.0272811  -0.10241021]
 [ 0.09275038 -0.26273509 -0.18390436 -0.14808631  0.19479795]
 [-0.11766061  0.07441662 -0.16176147 -0.09583189  0.21717313]
 [-0.06297656 -0.08055254 -0.04752473 -0.01019644  0.0581868 ]
 [-0.10515212 -0.17006407  0.00785829  0.14069532 -0.03233285]]
U = [[ 0.03847129 -0.07668681  0.16714141 -0.01222993  0.20255122]
 [-0.11307048  0.02443868  0.17012391  0.14516737 -0.02434487]
 [ 0.24506821  0.08426873  0.04502018  0.09916389  0.09277219]
 [ 0.0619485   0.2964414   0.01906237  0.00839773  0.07318286]
 [-0.23377428  0.16241853  0.30959761  0.22421108  0.05350492]]
Matrix Pair 2; W = [[-0.06168683  0.06188158  0.20473814  0.095002   -0.10146948]
 [ 0.10200077 -0.23283742 -0.15246991 -0.0875233   0.16268943]
 [-0.09805087  0.03869095 -0.11392578 -0.06449883  0.22278651]
 [ 0.03102828 -0.08380854  0.03895547 -0.02534384  0.01356761]
 [-0.11376201 -0.19646536 -0.0026639   0.07766501 -0.02555478]]
U = [[ 0.07801267 -0.08109219  0.19958528 -0.07919467  0.1659397 ]
 [-0.16876617  0.0611153   0.09803844  0.1317956   0.03273339]
 [ 0.30562602  0.03999276  0.03929954  0.15309701  0.15744921]
 [ 0.01527221  0.29070608  0.03507061  0.05888277  0.11534675]
 [-0.28234623  0.21963405  0.29979779  0.17604017  0.01813884]]
Matrix Pair 3; W = [[-0.08468445  0.08324865  0.12390678  0.02795917 -0.09971482]
 [ 0.05121063 -0.22495415 -0.11086708 -0.06766326  0.21626788]
 [-0.08096499  0.07459776 -0.08901697 -0.06745438  0.19291206]
 [-0.03892465 -0.06405632 -0.05710648 -0.01150523  0.06860856]
 [-0.065459   -0.23446284 -0.00623478  0.0968171  -0.04586478]]
U = [[ 0.05583288 -0.05556159  0.15362492 -0.10110045  0.22485863]
 [-0.09753691  0.05187906  0.14514791  0.17878946  0.03512646]
 [ 0.24545895  0.10427843  0.08408411  0.07421192  0.1619251 ]
 [ 0.01354194  0.23329299  0.07987494  0.03866912  0.09724486]
 [-0.27692056  0.16459433  0.32529334  0.15300499  0.00455082]]
Matrix Pair 4; W = [[-1.04780651e-02  1.26289831e-01  9.56344784e-02  1.11701293e-01
  -1.33902249e-01]
 [ 1.05840474e-01 -2.62711067e-01 -3.02765600e-02 -1.13182778e-01
   1.68677588e-01]
 [-7.75592944e-02 -2.89555092e-02 -9.51763251e-02 -8.73121197e-05
   2.18064004e-01]
 [-7.49490592e-02 -5.96586886e-02 -1.62046944e-02 -4.52900767e-02
   8.60941978e-02]
 [-1.34391434e-01 -1.60606204e-01 -8.85589641e-04  1.05605089e-01
  -6.37178432e-02]]
U = [[ 0.05069631 -0.09159521  0.12665234 -0.06406166  0.25744941]
 [-0.14756954  0.01269228  0.11471125  0.15256278  0.03592529]
 [ 0.27347236 -0.02317565  0.11457808  0.12336629  0.11762421]
 [ 0.10734633  0.22891105  0.09883781  0.06600375  0.03307736]
 [-0.21194583  0.11016033  0.38776798  0.20985539  0.02742524]]
Matrix Pair 5; W = [[-0.08035689  0.05462506  0.13477801  0.08892306 -0.0459601 ]
 [ 0.10044898 -0.2055403  -0.09639236 -0.09740976  0.2595339 ]
 [-0.02050565  0.02401331 -0.06986384  0.04175532  0.2136851 ]
 [-0.03788182 -0.09033679 -0.01294692 -0.02544318  0.02822809]
 [-0.11410441 -0.19441389  0.04394012  0.14781074 -0.02597594]]
U = [[ 0.04376391 -0.10809873  0.19711759 -0.09266478  0.21761904]
 [-0.23006297  0.03715267  0.18954835  0.13064524 -0.00548045]
 [ 0.20824652  0.01610574  0.1542977   0.08366761  0.1148616 ]
 [ 0.11900191  0.23432369  0.07344292  0.0895539   0.09357763]
 [-0.18953069  0.16327166  0.35727093  0.1590133  -0.02612578]]
Matrix Pair 6; W = [[-0.06647668  0.0772162   0.16355085  0.08461993 -0.08545671]
 [ 0.11116346 -0.20436222 -0.06697964 -0.0722882   0.18141111]
 [-0.09852579  0.04081137 -0.04247899  0.01654596  0.21311162]
 [-0.00969488 -0.09161893  0.02665751  0.01554563  0.03243329]
 [-0.08127431 -0.22616358 -0.03425494  0.13774795 -0.08986224]]
U = [[ 0.10995747 -0.12563329  0.1666887  -0.06322159  0.26298679]
 [-0.13897876  0.06863214  0.19247412  0.16925937  0.00970389]
 [ 0.18609204 -0.02731726  0.12208652  0.08848807  0.07999764]
 [ 0.13677346  0.17377562  0.12624435  0.07107764  0.11531245]
 [-0.18705023  0.16086743  0.36391944  0.19363732 -0.03835393]]
Matrix Pair 7; W = [[-0.00303762  0.04455519  0.10155411  0.04877607 -0.04403287]
 [ 0.1101785  -0.26375046 -0.10910384 -0.07652466  0.19194213]
 [-0.09917656  0.03620927 -0.13012898  0.05217064  0.21639856]
 [-0.08096476 -0.10221522 -0.03069046 -0.0486784   0.03360778]
 [-0.15495309 -0.18028313  0.0217425   0.0962544  -0.04854756]]
U = [[ 0.10396532 -0.09992925  0.15395316 -0.03214327  0.17927019]
 [-0.16790124  0.04159071  0.11931177  0.14382312  0.04760663]
 [ 0.17913753  0.0159866   0.06099835  0.04923148  0.08526207]
 [ 0.0911741   0.21943878  0.10775191  0.04863073  0.06663426]
 [-0.19384405  0.16227204  0.34918297  0.23018406  0.0317217 ]]
Matrix Pair 8; W = [[-0.12690944  0.11084951  0.15064058  0.09762193 -0.13183803]
 [ 0.18000763 -0.22069573 -0.07248103 -0.1142334   0.24006723]
 [-0.07573697  0.0411604  -0.04683202 -0.04551021  0.23906456]
 [ 0.05227349 -0.05087117 -0.04321117  0.03125203  0.05282174]
 [-0.10596128 -0.20878633  0.04744886  0.15302285 -0.0038165 ]]
U = [[ 0.09550222 -0.14079362  0.07447341 -0.03367505  0.22524304]
 [-0.08754489  0.08937834  0.12510635  0.19975424 -0.04226096]
 [ 0.2347029   0.01585287  0.08067124  0.12447846  0.09151737]
 [ 0.09708329  0.22636121  0.11405817  0.01529179  0.0234254 ]
 [-0.26369479  0.17866065  0.309949    0.18643265 -0.07740263]]
Matrix Pair 9; W = [[-0.14152684  0.05824387  0.20921732  0.10243909 -0.13000127]
 [ 0.17825143 -0.21676156 -0.13207168 -0.08971948  0.2778546 ]
 [-0.12583874  0.05615921 -0.02947969 -0.02919279  0.23609362]
 [-0.01462981 -0.04040586  0.00742514  0.06826878  0.07784007]
 [-0.16442431 -0.15807032  0.02724079  0.16960947 -0.02803508]]
U = [[ 0.07975279 -0.12333743  0.15963505 -0.0629352   0.24205585]
 [-0.16471429  0.05298111  0.0826365   0.18044374  0.01716977]
 [ 0.24806878 -0.04133273  0.11934058  0.18167671  0.16681026]
 [ 0.09430435  0.264575    0.07018831  0.03332147  0.04996241]
 [-0.26973425  0.22205126  0.27264491  0.15707579 -0.07456502]]
Matrix Pair 10; W = [[-0.11632595  0.13430255  0.21657118  0.11798153 -0.1339252 ]
 [ 0.0959328  -0.23689432 -0.1274286  -0.13905882  0.21404098]
 [-0.10923019  0.09573489 -0.03566938 -0.02734698  0.17990745]
 [ 0.0392517  -0.08537113 -0.03877398  0.0280562  -0.01019265]
 [-0.14671035 -0.17344518  0.0942013   0.16085401 -0.04734384]]
U = [[ 0.07972631 -0.14617429  0.1037561  -0.1147067   0.21282555]
 [-0.09620641  0.09176373  0.10302886  0.23693611  0.00192166]
 [ 0.22798772 -0.03426598  0.16530313  0.12110468  0.17289166]
 [ 0.02058007  0.21807675  0.09853756  0.05097372  0.05359334]
 [-0.19411234  0.26499172  0.27904661  0.13702715 -0.04110916]]
Matrix Pair 11; W = [[-0.13589505  0.10170612  0.16416449  0.05886612 -0.19739121]
 [ 0.13386232 -0.28725859 -0.09239534 -0.12166477  0.27434735]
 [-0.12158603  0.07714574 -0.07651492 -0.06679276  0.26125304]
 [-0.02735234 -0.02937063 -0.04030006  0.0090495   0.07328465]
 [-0.13711856 -0.14122341  0.08359861  0.13399994 -0.01509498]]
U = [[ 0.10781049 -0.16201575  0.15284177 -0.11744367  0.19065721]
 [-0.15465411  0.07285591  0.12769358  0.23081829 -0.0181444 ]
 [ 0.30313711 -0.03353586  0.09000326  0.11231443  0.11591278]
 [ 0.03709904  0.2375881   0.10711118  0.03781069  0.10891084]
 [-0.2686436   0.25257537  0.25361786  0.13216619 -0.00736173]]
Matrix Pair 12; W = [[-0.0188261   0.06334238  0.21992535  0.09246689 -0.17022067]
 [-0.00199317 -0.21340311 -0.08437827 -0.12915999  0.24879898]
 [-0.08530769  0.00159415 -0.1842789  -0.01159393  0.2194472 ]
 [-0.05017089 -0.0519504  -0.02449101 -0.0047052   0.07461713]
 [-0.13861469 -0.17551163  0.01324581  0.17455532 -0.01940327]]
U = [[ 0.02534699 -0.15755015  0.12632843 -0.13539785  0.23510084]
 [-0.15438415  0.03724345  0.16862365  0.13917926  0.04643639]
 [ 0.28376914 -0.0161072   0.08176126  0.09593497  0.06676449]
 [ 0.16511575  0.15853183 -0.03977601  0.07183852  0.1831839 ]
 [-0.1890388   0.2631311   0.38597587  0.19181755 -0.01303781]]
Matrix Pair 13; W = [[-0.02065164  0.00541229  0.24225469  0.06305848 -0.20425018]
 [ 0.01215377 -0.2457117  -0.05996732 -0.13130648  0.23198034]
 [-0.10263778  0.07351505 -0.13606151 -0.03116962  0.25117075]
 [-0.00333355 -0.11388653 -0.01771854  0.04302891  0.09511902]
 [-0.07008197 -0.13658621  0.06734782  0.16374155  0.02073902]]
U = [[ 0.07765534 -0.15992716  0.10467066 -0.10772243  0.23306724]
 [-0.15692988  0.11048042  0.15660179  0.11197922 -0.01067957]
 [ 0.23217735  0.00349296  0.07005996  0.12775871  0.08432709]
 [ 0.22598326  0.18473429 -0.06427525  0.11926672  0.13655572]
 [-0.17743099  0.19415166  0.32085675  0.18592136  0.02395022]]
Matrix Pair 14; W = [[-0.01954027  0.02589818  0.22087104  0.09517958 -0.10852919]
 [ 0.00505173 -0.28447013 -0.08878567 -0.13607335  0.18593614]
 [-0.07599181 -0.00662051 -0.16802216 -0.01062743  0.23179176]
 [-0.00191837 -0.11618746 -0.02614834  0.01766984  0.13814784]
 [-0.08634922 -0.14474131  0.01923886  0.13437211  0.01366899]]
U = [[ 0.08765404 -0.11638088  0.05453455 -0.07494319  0.25606559]
 [-0.17044768  0.0523477   0.18020372  0.11011303  0.0266532 ]
 [ 0.31813822  0.04189069  0.12652941  0.0930494   0.11369945]
 [ 0.16784928  0.212529   -0.03628726  0.06763456  0.17793962]
 [-0.21374563  0.18317748  0.35923873  0.16471277  0.02905507]]
Matrix Pair 15; W = [[ 0.04134581 -0.00358198  0.23788332  0.09724814 -0.12700476]
 [-0.00237448 -0.2536847  -0.07047182 -0.10374688  0.21330693]
 [-0.12081362  0.00535574 -0.16105512 -0.05214157  0.22467218]
 [-0.02821324 -0.0258138  -0.08951605  0.04314944  0.0913289 ]
 [-0.0773421  -0.14214323  0.03083955  0.14107472  0.01632157]]
U = [[ 0.02369449 -0.16352433  0.0596083  -0.06234806  0.26126846]
 [-0.12701239  0.12204437  0.17201299  0.16897643 -0.04872248]
 [ 0.24717965  0.02384798  0.09653742  0.15421828  0.065989  ]
 [ 0.21680327  0.20649225 -0.05653191  0.09051437  0.12005006]
 [-0.22274007  0.2199733   0.3588513   0.1350452  -0.032275  ]]
Matrix Pair 16; W = [[-0.15062006  0.07221244  0.18297597  0.14162477 -0.08380191]
 [ 0.09261583 -0.18977785 -0.10924802 -0.1483518   0.31653906]
 [-0.06011668 -0.02144391 -0.16132458 -0.01112866  0.10104287]
 [-0.02361469 -0.01028392 -0.04327716 -0.05352409 -0.03392778]
 [-0.12191144 -0.25513853  0.10165223  0.13980036 -0.1200602 ]]
U = [[ 0.01498132 -0.03695932  0.05180936 -0.08167693  0.2110113 ]
 [-0.08242601  0.18075098  0.1611356   0.19854554  0.00349113]
 [ 0.33226406  0.10080939  0.11964934  0.20132726  0.07611744]
 [ 0.0965676   0.30933001  0.09022173 -0.012353    0.16899456]
 [-0.2618646   0.23959315  0.25258011  0.17423384 -0.09389116]]
Matrix Pair 17; W = [[-0.14217888  0.10729752  0.10855373  0.08042058 -0.12319538]
 [ 0.08181297 -0.26766724 -0.07754417 -0.15353538  0.34203556]
 [-0.10933382  0.00170434 -0.12072751  0.02784656  0.0896835 ]
 [-0.03273529 -0.06437649 -0.03851226 -0.05340636  0.0152449 ]
 [-0.13693045 -0.25117838  0.08895483  0.08863933 -0.05187907]]
U = [[ 0.09074887 -0.1190526   0.06436702 -0.06591908  0.20817742]
 [-0.0928073   0.16520623  0.18564282  0.2173637   0.0322141 ]
 [ 0.31410481  0.05541723  0.15206275  0.1874769   0.10092804]
 [ 0.08642493  0.31045659  0.09597406  0.05437968  0.12087288]
 [-0.25557469  0.26783049  0.3161645   0.20947515 -0.02859615]]
Matrix Pair 18; W = [[-0.12644677  0.11276653  0.18864798  0.10282949 -0.10985884]
 [ 0.09074965 -0.26686328 -0.07151954 -0.14709433  0.2612603 ]
 [-0.06611149  0.02377347 -0.18390537 -0.00802996  0.10304171]
 [-0.02674928 -0.04215421 -0.04339167 -0.07002123  0.01291434]
 [-0.11844712 -0.2023829   0.10222068  0.07138603 -0.06045859]]
U = [[ 0.02347003 -0.06413261  0.10781551 -0.11294468  0.25078431]
 [-0.12183924  0.11533494  0.14329785  0.13724352 -0.00942597]
 [ 0.24570612  0.08097842  0.18533241  0.13318997  0.06027961]
 [ 0.11915886  0.31203999  0.08380934  0.02224331  0.12042441]
 [-0.22215874  0.23976021  0.26546618  0.21274295 -0.06415723]]
Matrix Pair 19; W = [[-0.13528337  0.16633752  0.1167183   0.0903601  -0.17586239]
 [ 0.06800636 -0.28896641 -0.09289006 -0.07887362  0.31410208]
 [-0.10826798 -0.0363804  -0.09709838 -0.00232532  0.14361356]
 [-0.03698872 -0.02971023 -0.02235601 -0.01904658  0.05432035]
 [-0.05311641 -0.27667691  0.10725449  0.11562677 -0.0683234 ]]
U = [[ 0.08764147 -0.11798477  0.08798645 -0.06488153  0.2606011 ]
 [-0.11671999  0.11482241  0.1095992   0.22181117  0.04141803]
 [ 0.27726971  0.03654985  0.17070221  0.2009363   0.0460644 ]
 [ 0.11654587  0.26178364  0.05120544 -0.00736368  0.14722048]
 [-0.22516937  0.22203476  0.32134961  0.11799239 -0.0696226 ]]
Matrix Pair 20; W = [[-0.08079278  0.085279    0.14993508  0.00982704 -0.11042809]
 [ 0.06615813 -0.20581152 -0.08902172 -0.09995828  0.21549571]
 [-0.06483898  0.02961111 -0.04234358 -0.01134124  0.18177818]
 [-0.06545208 -0.04314425 -0.07565145  0.0354721   0.07895015]
 [-0.17099237 -0.14591561  0.02745019  0.05280819 -0.10218032]]
U = [[ 0.09084526 -0.11030168  0.09754977 -0.0925908   0.26157694]
 [-0.18965654  0.05284699  0.17493768  0.20234248 -0.07864596]
 [ 0.3102388   0.01911739  0.15373782  0.08063679  0.16028604]
 [ 0.08577305  0.17597414 -0.00775     0.01277962  0.11098024]
 [-0.28079777  0.1799536   0.33436296  0.11145913  0.03172198]]
Matrix Pair 21; W = [[-0.0104415   0.07672032  0.17358158  0.01824806 -0.07670108]
 [ 0.1466525  -0.19868589 -0.07927226 -0.17984881  0.18412281]
 [-0.11519599  0.0522149  -0.09320653 -0.00255582  0.21665787]
 [-0.01942774 -0.01689196 -0.09779239  0.03578759  0.05085928]
 [-0.16790123 -0.12216282 -0.01371178  0.07974621 -0.07967934]]
U = [[ 0.03906278 -0.06391359  0.1182139  -0.10921537  0.31703641]
 [-0.21762207  0.06146848  0.08029647  0.2009787  -0.049807  ]
 [ 0.23540013  0.10933487  0.17315876  0.1060938   0.1267799 ]
 [ 0.11362141  0.18783699  0.08569927  0.04498784  0.09017855]
 [-0.28898234  0.13695     0.28224799  0.18165289  0.02230225]]
Matrix Pair 22; W = [[-0.05864862  0.07479649  0.12630292  0.04458118 -0.10747871]
 [ 0.09054269 -0.230577   -0.13761134 -0.11687333  0.19070498]
 [-0.03059268  0.06042534 -0.12908056  0.05882544  0.27896227]
 [-0.04941866 -0.04881746 -0.10713502  0.02350502  0.09458254]
 [-0.13340108 -0.14875766  0.08455049  0.00575385 -0.06053995]]
U = [[ 0.11750938 -0.07780213  0.11625257 -0.08633304  0.30106664]
 [-0.21200653  0.12455844  0.17104146  0.21969609 -0.07711074]
 [ 0.23609539  0.0728491   0.08647386  0.06727946  0.12503666]
 [ 0.09130208  0.19896271  0.02081951  0.0845761   0.03836373]
 [-0.23080115  0.11463843  0.36300133  0.12320363  0.00984337]]
Matrix Pair 23; W = [[-0.00817737  0.07926253  0.11883737  0.07306858 -0.09016402]
 [ 0.07337016 -0.22832805 -0.11455065 -0.08936304  0.18000223]
 [-0.0817075   0.00852348 -0.10885123  0.03524679  0.23716059]
 [ 0.0128291  -0.08821937 -0.00995224  0.03422121  0.0640395 ]
 [-0.14230476 -0.09781834  0.06220188  0.07044919 -0.08139446]]
U = [[ 0.0758965  -0.13004372  0.11931738 -0.05060444  0.27999909]
 [-0.20630617  0.04877423  0.12937813  0.16785555 -0.03462698]
 [ 0.24850976  0.01965058  0.10390752  0.11665499  0.13456012]
 [ 0.0896828   0.24356345  0.0439591   0.05858703  0.08001046]
 [-0.29899934  0.16029365  0.28995007  0.17258258  0.00296894]]
Matrix Pair 24; W = [[-0.04031735  0.03214876  0.20748521 -0.00395051 -0.07308061]
 [ 0.09820141 -0.25929459 -0.12403215 -0.05890019  0.16546468]
 [-0.08038797 -0.01290556 -0.14860726 -0.05609887  0.20628617]
 [ 0.00293456 -0.11528684 -0.02028168  0.01537559 -0.02360005]
 [-0.1495215  -0.16729443  0.09880618  0.15376507 -0.04264483]]
U = [[ 0.04987813 -0.13115519  0.13402676 -0.05164422  0.23355842]
 [-0.11620002  0.11339997  0.1339228   0.21966985 -0.01843941]
 [ 0.26259294  0.02719679  0.1551562   0.17330298  0.1228345 ]
 [ 0.08308763  0.19625256  0.05018681  0.03660763  0.12760979]
 [-0.23717339  0.23473173  0.28143278  0.22247657 -0.03452403]]
Matrix Pair 25; W = [[-0.04493075  0.03970147  0.21274496  0.03631139 -0.13174081]
 [ 0.07844571 -0.25714365 -0.11891013 -0.08277589  0.19973639]
 [-0.06440829 -0.01307791 -0.13555372  0.03567214  0.2265794 ]
 [-0.01554547 -0.10655824  0.02410383 -0.03428669 -0.00271735]
 [-0.14873803 -0.17040075  0.02097971  0.10272833 -0.0678834 ]]
U = [[ 0.05486418 -0.11838246  0.08335224 -0.05032141  0.197735  ]
 [-0.15046209  0.1013724   0.16077953  0.1700068  -0.07311955]
 [ 0.27380482  0.1126332   0.1561821   0.09263623  0.10387977]
 [ 0.10523246  0.13614347  0.07950479  0.06759596  0.10902187]
 [-0.24191446  0.16299557  0.35463296  0.17861456  0.00395925]]
Matrix Pair 26; W = [[-0.05393993  0.01948276  0.17382505  0.04229602 -0.13596561]
 [ 0.0995487  -0.26152892 -0.06245439 -0.09253281  0.18604533]
 [-0.06475705  0.044855   -0.12953435 -0.05290089  0.1619241 ]
 [-0.03665247 -0.08652026  0.00284212 -0.03340642  0.03480956]
 [-0.10731228 -0.18037595  0.06347033  0.10029731  0.00846194]]
U = [[ 0.03168341 -0.1551194   0.13725214 -0.07396673  0.21860083]
 [-0.14939099  0.07270418  0.1292853   0.16863332 -0.03873235]
 [ 0.30547056  0.08176733  0.12797228  0.15159131  0.11820834]
 [ 0.12691504  0.15293275  0.00530014  0.09892653  0.08026016]
 [-0.18127401  0.19174688  0.34617303  0.13693218  0.0149114 ]]
Matrix Pair 27; W = [[-0.04671578  0.0565286   0.20299131  0.08523237 -0.11946978]
 [ 0.06803756 -0.22712717 -0.11740944 -0.10616576  0.16469856]
 [-0.1359462   0.01657681 -0.07321592 -0.02133813  0.22717939]
 [ 0.02101791 -0.12187897 -0.01091341 -0.02325224  0.00327109]
 [-0.09894649 -0.17555168  0.06273655  0.10694885  0.00937742]]
U = [[ 0.06601838 -0.14507974  0.13151662 -0.05521229  0.20999551]
 [-0.08685756  0.14505053  0.13489     0.21736247 -0.04022226]
 [ 0.26970384  0.06653847  0.11642553  0.14733132  0.15343725]
 [ 0.09384396  0.12988838 -0.00338852  0.03123827  0.14987372]
 [-0.17897338  0.16865858  0.26808957  0.17832869 -0.03546038]]
Matrix Pair 28; W = [[-0.09452632  0.11063146  0.19508536  0.15809227 -0.16575329]
 [ 0.08280592 -0.25412435 -0.15267367 -0.10367805  0.31151375]
 [-0.05183811  0.05357755 -0.09601003 -0.03921006  0.22513057]
 [-0.03956557 -0.05432861 -0.03458982 -0.00567279 -0.02611309]
 [-0.14780325 -0.08000437 -0.02898654  0.07738052  0.02206727]]
U = [[-0.02705073 -0.13581583  0.06266275 -0.14899987  0.27581294]
 [-0.23602733  0.0673691   0.18396619  0.10405827  0.03836575]
 [ 0.32761672  0.00926435  0.10309739  0.12532225  0.14193368]
 [ 0.13380916  0.22035722  0.01290952 -0.03843822  0.06457369]
 [-0.24970249  0.24383399  0.36502187  0.13458908 -0.07429333]]
Matrix Pair 29; W = [[-0.11185327  0.03507888  0.2074401   0.11370629 -0.09034764]
 [ 0.07600563 -0.29756051 -0.12209421 -0.05855325  0.22297773]
 [-0.084651    0.06114651 -0.14638887 -0.03946694  0.25109466]
 [-0.03936008 -0.04883169 -0.06173682 -0.00294643 -0.01556351]
 [-0.15747423 -0.12359587  0.03534493  0.16771085 -0.05186597]]
U = [[ 0.05883227 -0.07658925  0.15613657 -0.09487239  0.28631081]
 [-0.22859529  0.07448082  0.20111396  0.14126327 -0.02721984]
 [ 0.3008936  -0.0344337   0.14828468  0.09654069  0.11292829]
 [ 0.06581606  0.22539327  0.10102961 -0.05016473  0.09103042]
 [-0.23655683  0.27474125  0.35981661  0.22163616 -0.03718935]]
Matrix Pair 30; W = [[-0.13091326  0.10044128  0.22730158  0.07859439 -0.15980598]
 [ 0.15000335 -0.27638342 -0.06338751 -0.080902    0.30480595]
 [-0.09712237  0.06607527 -0.07496295 -0.01054553  0.23018372]
 [-0.06052043 -0.05863336 -0.05925537  0.068186    0.03423589]
 [-0.13843879 -0.0792259   0.00482272  0.07718886  0.01598164]]
U = [[ 0.01637298 -0.06490241  0.14715794 -0.06848648  0.23296398]
 [-0.18388986  0.06266687  0.18031044  0.13124778 -0.01408134]
 [ 0.31125928 -0.0218862   0.15484371  0.12481843  0.16983199]
 [ 0.11821424  0.15132221  0.05304506  0.02753218  0.06721844]
 [-0.27520517  0.2367782   0.34519699  0.21608682 -0.03413543]]
Matrix Pair 31; W = [[-0.11717693  0.09233431  0.22611413  0.10727827 -0.13222205]
 [ 0.12464119 -0.28587088 -0.12952389 -0.04322992  0.31102076]
 [-0.04272264  0.02193284 -0.12885639  0.02405393  0.23415163]
 [ 0.00216447 -0.13211434 -0.06512561  0.08012086 -0.02544445]
 [-0.11690093 -0.0681598  -0.0369145   0.13927409 -0.01846431]]
U = [[ 0.02405529 -0.05745172  0.08190205 -0.06962596  0.23725503]
 [-0.17021034  0.09200515  0.17734977  0.12561313 -0.01340866]
 [ 0.25310443  0.03650122  0.15179941  0.164578    0.1443775 ]
 [ 0.07312672  0.16673196  0.03532627 -0.03102604  0.08869124]
 [-0.23491574  0.25423705  0.36991945  0.19828629 -0.04231158]]
Matrix Pair 32; W = [[-0.10484058  0.07932087  0.13300324  0.04626628 -0.1296297 ]
 [ 0.16951206 -0.29365013 -0.16220264 -0.11605484  0.30852867]
 [-0.1566883  -0.05350866 -0.10249507 -0.02825658  0.23616784]
 [ 0.00649059 -0.0469001  -0.06873581  0.02753539  0.05808436]
 [-0.08644769 -0.22215198  0.03202721  0.10323988 -0.04852183]]
U = [[ 0.02667407 -0.13955063  0.14847251 -0.14976338  0.2454    ]
 [-0.0901757   0.11664191  0.07633495  0.15956645  0.02756965]
 [ 0.30288025  0.03587294  0.11943018  0.1979527   0.08447659]
 [ 0.11241701  0.25395565  0.05866133  0.02119586  0.10143235]
 [-0.20076911  0.24346055  0.34994314  0.14009835 -0.027648  ]]
Matrix Pair 33; W = [[-0.11046533  0.08375718  0.19093974  0.06239993 -0.19682961]
 [ 0.15481297 -0.29231596 -0.13206272 -0.07082775  0.24093285]
 [-0.08314889 -0.0531198  -0.06827702 -0.07391592  0.21017672]
 [-0.05143716 -0.04346218 -0.03735361  0.04223383  0.08904319]
 [-0.15013314 -0.22560123  0.01211275  0.13542424 -0.03336415]]
U = [[ 0.01845649 -0.0929641   0.14267161 -0.13419649  0.22316499]
 [-0.08749598  0.1157637   0.03896776  0.14698144  0.00448532]
 [ 0.35160566  0.04093415  0.14510146  0.13460415  0.05132868]
 [ 0.10678395  0.28821087  0.09698563  0.07472244  0.13763153]
 [-0.22465585  0.2014255   0.29972296  0.16049815 -0.00999797]]
Matrix Pair 34; W = [[-0.07274679  0.11755695  0.1203884   0.00533099 -0.13810553]
 [ 0.09583506 -0.22990196 -0.08256661 -0.13667184  0.30285294]
 [-0.08290625 -0.00290827 -0.15197752 -0.02229193  0.21486774]
 [-0.00444509 -0.08610586 -0.06600696  0.04021259  0.02092441]
 [-0.13505525 -0.17889583  0.04341879  0.07225508 -0.02584955]]
U = [[ 0.0469829  -0.14141921  0.09251918 -0.06712318  0.24672826]
 [-0.09949455  0.15733398  0.11495582  0.12724426  0.01453702]
 [ 0.31247646  0.04342166  0.07252368  0.17477382  0.06629911]
 [ 0.12146298  0.24482508  0.09802185  0.03249833  0.13177531]
 [-0.24263753  0.24256506  0.38981435  0.09156485 -0.02045187]]
Matrix Pair 35; W = [[-0.10294143  0.07850958  0.15499971 -0.00626489 -0.11771995]
 [ 0.1072886  -0.31474931 -0.14194413 -0.13364005  0.32612273]
 [-0.06696565 -0.00483261 -0.11158115  0.00972927  0.21220863]
 [-0.02967684 -0.01852576 -0.07642511  0.07306944  0.01395878]
 [-0.12893952 -0.21721161  0.02101845  0.10784586 -0.04494568]]
U = [[ 5.67295359e-02 -1.45843280e-01  7.87606503e-02 -1.63891508e-01
   2.26730109e-01]
 [-1.61405736e-01  9.79061120e-02  1.13204919e-01  1.27201544e-01
   4.72320287e-02]
 [ 3.36871675e-01  1.05427267e-01  1.18143450e-01  1.33026341e-01
   1.13885421e-01]
 [ 9.70598648e-02  2.28683681e-01  5.73751774e-02  8.06996031e-02
   9.15220541e-02]
 [-2.35954959e-01  2.35662763e-01  3.76980976e-01  1.83248899e-01
  -9.18615993e-06]]
Matrix Pair 36; W = [[-0.0168133   0.07102476  0.20414256  0.02246512 -0.1852561 ]
 [ 0.11614129 -0.22428149 -0.06951636 -0.15674445  0.21289239]
 [-0.10160738  0.03747726 -0.0999342  -0.05488751  0.19475466]
 [ 0.00600064 -0.0258077   0.00742994  0.05398402 -0.01392104]
 [-0.19136361 -0.19898034  0.00436913  0.08402998 -0.10426022]]
U = [[ 0.05075772 -0.06481072  0.10069042 -0.05851922  0.24706653]
 [-0.20885476  0.10339516  0.16137012  0.18969801 -0.07540032]
 [ 0.26683102  0.08651544  0.10894156  0.2110806   0.13999689]
 [ 0.11469029  0.19459727 -0.00449263  0.05276665  0.11812557]
 [-0.26718496  0.20388863  0.28092276  0.118393    0.0307905 ]]
Matrix Pair 37; W = [[-0.02363922  0.04895857  0.16829277  0.06945129 -0.11481704]
 [ 0.13529437 -0.20784735 -0.01230832 -0.13654672  0.20542521]
 [-0.04424611  0.0515374  -0.12353402 -0.01132205  0.18558777]
 [ 0.01507055 -0.07878279 -0.03693625  0.06388829 -0.03550877]
 [-0.11128055 -0.15191549 -0.00149463  0.12166869 -0.04156527]]
U = [[-0.00208402 -0.10711534  0.1670006  -0.06324358  0.22050168]
 [-0.20475952  0.09085868  0.15968498  0.12457934 -0.07271551]
 [ 0.2575105   0.0199027   0.11593334  0.1781213   0.1536122 ]
 [ 0.07299816  0.18918921 -0.00229387  0.06906485  0.09546624]
 [-0.21991562  0.20073595  0.36825387  0.14060938 -0.03683238]]
Matrix Pair 38; W = [[-0.04274116  0.03880469  0.18161839  0.11220783 -0.17113201]
 [ 0.08953172 -0.28540988 -0.00045151 -0.10290925  0.182885  ]
 [-0.05952568  0.02449599 -0.12642369 -0.04645479  0.23034805]
 [-0.05788006 -0.04899398 -0.03346975 -0.0122064   0.01210104]
 [-0.11232487 -0.17758951  0.00661601  0.09141714 -0.0859527 ]]
U = [[ 0.02219942 -0.10052155  0.11255368 -0.05056496  0.25208947]
 [-0.21126092  0.17603688  0.09678124  0.16834729 -0.07276354]
 [ 0.22475122  0.04277496  0.11832412  0.16420052  0.14925566]
 [ 0.08017604  0.20290006 -0.04437477 -0.00324898  0.13005827]
 [-0.29862754  0.17563723  0.30802609  0.21481698 -0.02209349]]
Matrix Pair 39; W = [[-0.03997127  0.05692977  0.17165249  0.11638104 -0.14122853]
 [ 0.13541761 -0.28991005 -0.05407693 -0.14378144  0.15359659]
 [-0.03887796 -0.00397579 -0.13548281 -0.03518731  0.14949625]
 [-0.02330838 -0.06894127 -0.06226719  0.05430499 -0.00184317]
 [-0.16352629 -0.15121664  0.06327844  0.13599512 -0.03038628]]
U = [[ 0.05059933 -0.07602637  0.18380673 -0.01429023  0.21504183]
 [-0.12130531  0.148962    0.14817666  0.1392295  -0.09632812]
 [ 0.30433614  0.04980563  0.13140378  0.15749797  0.07106775]
 [ 0.10972173  0.1643362   0.00655102  0.01914137  0.09813721]
 [-0.24635318  0.11953225  0.35539662  0.18035229  0.04014743]]
Matrix Pair 40; W = [[-0.032645    0.00842483  0.21728746  0.09655201 -0.1140938 ]
 [ 0.05901994 -0.23435181 -0.16115869 -0.10448979  0.20993024]
 [-0.09639935  0.03834712 -0.12372205  0.04301904  0.27722639]
 [-0.03651893 -0.06956009 -0.03843829  0.06150231  0.08974193]
 [-0.19158614 -0.13073368 -0.04218808  0.18027364  0.00939086]]
U = [[ 0.07593182 -0.05477812  0.15824937 -0.07809526  0.25692357]
 [-0.11995058  0.10039226  0.15288934  0.14973561  0.01921222]
 [ 0.28040719 -0.03830532  0.05717954  0.02366877  0.12558957]
 [ 0.07463228  0.19561702  0.07979126  0.01540154  0.10274094]
 [-0.21125924  0.18480643  0.40426517  0.13200385  0.00166018]]
Matrix Pair 41; W = [[ 0.01979919  0.09240088  0.19773775  0.10615438 -0.16875089]
 [ 0.10884513 -0.20490769 -0.07581353 -0.08572587  0.17623699]
 [-0.04764012 -0.01738577 -0.09458698  0.00093384  0.24753018]
 [ 0.02620687 -0.05004141 -0.03559278 -0.02586238  0.0181705 ]
 [-0.12417423 -0.16925442 -0.02204739  0.1869403   0.03509604]]
U = [[ 0.05547183 -0.08580519  0.17363312 -0.07218792  0.21688029]
 [-0.1979854   0.07513779  0.13519529  0.10551682  0.07688489]
 [ 0.3492789  -0.02649107  0.07814191  0.10921404  0.07540343]
 [ 0.03974853  0.20146399  0.11553374 -0.03862486  0.12424802]
 [-0.25396817  0.16172469  0.3304344   0.1487706  -0.02504913]]
Matrix Pair 42; W = [[-0.00838668  0.01242397  0.1590974   0.06803535 -0.11948098]
 [ 0.10306092 -0.23466596 -0.1408126  -0.09310673  0.23467891]
 [-0.06431424 -0.01209191 -0.12690658  0.02457026  0.2105658 ]
 [-0.02942757 -0.09290449 -0.05712629  0.06070161  0.08591469]
 [-0.11503537 -0.103789    0.00185927  0.18556843 -0.02501495]]
U = [[ 0.07972329 -0.12834469  0.09263513 -0.05529515  0.26872674]
 [-0.14971983  0.09534512  0.08295961  0.1685933   0.08156418]
 [ 0.28638505 -0.04184251  0.05989493  0.046313    0.12320708]
 [ 0.03048998  0.16433347  0.11159528 -0.01495847  0.12929305]
 [-0.2818335   0.23337032  0.31069477  0.13328809 -0.01680584]]
Matrix Pair 43; W = [[ 0.036128    0.03478338  0.21463234  0.06174724 -0.08867579]
 [ 0.10800993 -0.26958653 -0.15066067 -0.10659044  0.22412052]
 [-0.02827177 -0.01674562 -0.08726203  0.01895508  0.24867761]
 [ 0.02198043 -0.04667825  0.00199225  0.02329904  0.04436022]
 [-0.10200119 -0.19147168  0.05453734  0.15665878 -0.00666987]]
U = [[ 0.03725335 -0.11527633  0.12337883 -0.09605896  0.19783314]
 [-0.14539699  0.06209381  0.14928693  0.0929237   0.04559323]
 [ 0.35918218 -0.02635166  0.08141348  0.10452891  0.09267815]
 [ 0.03647648  0.18837408  0.09293998 -0.00129888  0.11417515]
 [-0.23376575  0.15746646  0.39539978  0.17245906 -0.01308053]]
Matrix Pair 44; W = [[-0.10424237 -0.01196809  0.21004175  0.13610081 -0.12481351]
 [ 0.07364558 -0.29920551 -0.07064546 -0.11796041  0.1733754 ]
 [-0.10339318  0.06010452 -0.13727647 -0.03131938  0.17968932]
 [ 0.02993014 -0.10113106 -0.00080013 -0.05146096  0.0041693 ]
 [-0.13645754 -0.17387605 -0.00427346  0.11034936 -0.11414189]]
U = [[ 0.05612424 -0.15494585  0.11540257 -0.06503994  0.25581722]
 [-0.12366511  0.12876057  0.10209502  0.15319928  0.00099457]
 [ 0.31605447  0.11689837  0.08487793  0.09852698  0.14356083]
 [ 0.15053939  0.20514308  0.04238735  0.12173924  0.05561352]
 [-0.19256743  0.23142847  0.35244507  0.19820782  0.0039792 ]]
Matrix Pair 45; W = [[-0.05389864 -0.00629662  0.22557625  0.06916512 -0.16865465]
 [ 0.13424167 -0.24601652 -0.07003127 -0.15301022  0.18729132]
 [-0.11640783 -0.01116373 -0.05242728 -0.02473268  0.18467329]
 [-0.05230067 -0.04036496 -0.01695987 -0.04382231  0.04369964]
 [-0.14030142 -0.11475717 -0.03879464  0.10646877 -0.1054041 ]]
U = [[ 0.01764164 -0.19433184  0.05677497 -0.10956926  0.25437313]
 [-0.1172886   0.13785458  0.10689864  0.18234602 -0.00436387]
 [ 0.33371866  0.1140658   0.05030011  0.16451445  0.11243922]
 [ 0.07933199  0.22437587  0.08615352  0.08013803  0.13738409]
 [-0.24166164  0.1674981   0.32458236  0.17641438 -0.02553317]]
Matrix Pair 46; W = [[-0.10907097  0.05628164  0.17796915  0.06202249 -0.13534119]
 [ 0.11968145 -0.27890804 -0.12505526 -0.15342556  0.2437746 ]
 [-0.08808979  0.01409518 -0.12468044 -0.03132295  0.17411549]
 [-0.04302969 -0.07889025  0.02594005 -0.00786315  0.07040816]
 [-0.15221884 -0.11842808 -0.02105944  0.12713652 -0.11997751]]
U = [[ 0.08655857 -0.12472358  0.0379534  -0.0393778   0.23605705]
 [-0.10118185  0.08013194  0.18975924  0.17383709  0.01078721]
 [ 0.25649806  0.09092282  0.04320412  0.1872391   0.13080881]
 [ 0.10193987  0.14423082  0.06153006  0.07666794  0.12161637]
 [-0.17902203  0.25365487  0.35591278  0.16051661 -0.04587269]]
Matrix Pair 47; W = [[-0.03276427  0.05653682  0.24819826  0.05417245 -0.10352299]
 [ 0.16206686 -0.277698   -0.03947858 -0.08651789  0.20777071]
 [-0.10781438  0.02403424 -0.05554942 -0.04242979  0.19154814]
 [-0.00310883 -0.05213028 -0.03182547 -0.04540192  0.03104698]
 [-0.18796519 -0.10575948 -0.00044928  0.06354323 -0.08214178]]
U = [[ 0.04371352 -0.11360836  0.11318415 -0.11570666  0.22632025]
 [-0.09991558  0.15403202  0.20083626  0.11898869  0.01337809]
 [ 0.29729881  0.13354426  0.09709047  0.13750658  0.16030076]
 [ 0.08853469  0.15773244  0.05486634  0.08151894  0.05888661]
 [-0.18877365  0.19547542  0.27706165  0.16952818  0.01669103]]
Matrix Pair 48; W = [[-0.11729115  0.09743099  0.23349828  0.03072845 -0.09757208]
 [ 0.07107958 -0.23843576 -0.06760057 -0.17946706  0.24632406]
 [-0.03416735  0.0071182  -0.02130578 -0.03890298  0.21189622]
 [-0.06130862  0.03051026  0.00205815 -0.03052864  0.06366571]
 [-0.07058549 -0.20752735  0.06629851  0.10228499 -0.0739412 ]]
U = [[ 0.07746513 -0.05158727  0.1167057  -0.03094897  0.22788485]
 [-0.17487828  0.12344818  0.18273146  0.15972188 -0.01826919]
 [ 0.33130149  0.04262526  0.1577435   0.14865779  0.0936392 ]
 [ 0.0671343   0.19604081  0.02317108  0.06069529  0.08708537]
 [-0.19736235  0.16328842  0.32058692  0.15344522  0.0657345 ]]
Matrix Pair 49; W = [[-0.12079637  0.082615    0.23038014  0.08084684 -0.1424589 ]
 [ 0.04388621 -0.27651576 -0.12359926 -0.15209615  0.19951092]
 [-0.05159225  0.01596633 -0.09674036 -0.04116255  0.27226165]
 [-0.01770882 -0.00400816  0.00659647 -0.04334437  0.06659289]
 [-0.0477035  -0.11826737  0.00216944  0.15350386 -0.09965035]]
U = [[ 0.01550157 -0.10741189  0.0744704  -0.0515201   0.19192703]
 [-0.17881687  0.17499486  0.17981856  0.19127608 -0.06780237]
 [ 0.2516876   0.00313795  0.07836277  0.14236376  0.10030217]
 [ 0.14420342  0.25987441 -0.05224843  0.05588948  0.12201879]
 [-0.22047318  0.10030601  0.37732933  0.1308183   0.01544373]]
Matrix Pair 50; W = [[-0.08267799  0.13627715  0.20602109  0.05497573 -0.1501622 ]
 [ 0.13079399 -0.19525435 -0.07978546 -0.23457888  0.20461484]
 [-0.12823823  0.03603283 -0.06141403 -0.03122486  0.24027035]
 [-0.03844625 -0.03781879  0.04144    -0.0013836   0.02793562]
 [-0.08785612 -0.12131704  0.05400014  0.14432844 -0.07520689]]
U = [[ 0.04187011 -0.10938134  0.116745   -0.00580493  0.19558461]
 [-0.17500984  0.18085553  0.218714    0.12570906  0.0066988 ]
 [ 0.25624611  0.02908112  0.11451772  0.15453356  0.09569172]
 [ 0.13607009  0.22571603 -0.05488106  0.08072898  0.06710356]
 [-0.24848549  0.10097639  0.31578219  0.12517213  0.05178136]]
Matrix Pair 51; W = [[-0.09847933  0.1304836   0.16983274 -0.00136216 -0.12094728]
 [ 0.1199273  -0.27779656 -0.11015005 -0.23242433  0.26905556]
 [-0.09211503  0.04718443 -0.0533427   0.01597452  0.19722857]
 [-0.064187   -0.00704378 -0.02709546  0.00352156  0.01988257]
 [-0.0538459  -0.15704619  0.05261986  0.1344083  -0.02561458]]
U = [[ 0.02863948 -0.140403    0.06209184 -0.02913012  0.17794021]
 [-0.12875647  0.12055341  0.20309335  0.1183154  -0.04345454]
 [ 0.28352264  0.0455192   0.09469544  0.15739018  0.08737468]
 [ 0.12951159  0.23381869 -0.02872635  0.04513005  0.12777114]
 [-0.20869254  0.19142441  0.3545232   0.18928579  0.02150251]]
Matrix Pair 52; W = [[-0.09718145  0.09800999  0.20495223  0.07692676 -0.13466128]
 [ 0.15695401 -0.25838287 -0.03827259 -0.07422344  0.22939368]
 [ 0.00599764  0.03823101 -0.05662805  0.005559    0.18308521]
 [ 0.04014895 -0.08115825 -0.03981843  0.02415318  0.0424318 ]
 [-0.07954673 -0.17718574 -0.01113312  0.08723489 -0.04592896]]
U = [[ 0.05794674 -0.12345734  0.17084034 -0.08516354  0.30845155]
 [-0.1746216   0.09693492  0.09744148  0.21206276 -0.00507024]
 [ 0.2847826   0.03708695  0.16019708  0.10819664  0.19095405]
 [ 0.09248142  0.2022151  -0.02711648  0.07198804  0.12435226]
 [-0.26400712  0.17012924  0.30143222  0.20112241 -0.00636652]]
Matrix Pair 53; W = [[-0.05189318  0.1100695   0.15321361  0.0842838  -0.09333758]
 [ 0.12741804 -0.23443578 -0.07119468 -0.12941702  0.19520177]
 [-0.0358003   0.10575526 -0.10491138 -0.05646177  0.24845694]
 [ 0.03856064 -0.04430631 -0.01235802 -0.02633874  0.00777567]
 [-0.15939108 -0.18180063 -0.00833471  0.13581751 -0.07364088]]
U = [[ 0.03391907 -0.15057301  0.08422702 -0.13409246  0.22046098]
 [-0.13484716  0.08819681  0.13243003  0.24838143  0.00579154]
 [ 0.25735021  0.04691906  0.08185477  0.14832404  0.19093814]
 [ 0.13826461  0.20182228  0.02701835  0.00797619  0.12532591]
 [-0.27592749  0.15946314  0.3577034   0.26903024 -0.06224987]]
Matrix Pair 54; W = [[-0.08843891  0.08789456  0.18097054  0.02813715 -0.07728912]
 [ 0.16741546 -0.25368056 -0.06253444 -0.07451252  0.16089639]
 [-0.00810987  0.0894622  -0.04760781 -0.05048058  0.16314269]
 [ 0.03918682 -0.0482693  -0.04555515 -0.04825991  0.06402562]
 [-0.06692767 -0.15574241 -0.03009389  0.08325911  0.01226412]]
U = [[ 0.06081611 -0.07160774  0.17700927 -0.11790514  0.27709902]
 [-0.18587514  0.08173999  0.09844496  0.23821535  0.00651534]
 [ 0.29867593  0.06535717  0.11357844  0.08564081  0.1988554 ]
 [ 0.13009837  0.20950271  0.01765534  0.0056741   0.0975412 ]
 [-0.26294202  0.1808012   0.29218801  0.28597506  0.01926125]]
Matrix Pair 55; W = [[-9.94779417e-02  8.97123099e-02  2.03445482e-01  4.56901281e-02
  -7.64606865e-02]
 [ 1.95220492e-01 -2.57603203e-01 -7.70765361e-02 -1.38416342e-01
   2.17691499e-01]
 [-5.71418240e-02  6.56585865e-02 -6.84721229e-02 -4.00564380e-02
   2.49222750e-01]
 [ 1.21268973e-02 -4.69473422e-02 -4.05424454e-05 -6.31050850e-02
   3.43111896e-02]
 [-6.65958561e-02 -1.75278046e-01  2.67887991e-02  6.95400043e-02
  -3.45213880e-02]]
U = [[-0.00278097 -0.08847013  0.15182531 -0.10480694  0.21663357]
 [-0.18945784  0.05337618  0.09651776  0.17568932 -0.05952757]
 [ 0.26478761  0.03193171  0.16370901  0.15314234  0.14995753]
 [ 0.0837927   0.18096594 -0.04203344  0.05420843  0.07742018]
 [-0.26231647  0.2215528   0.36225132  0.21428762 -0.06439306]]
Matrix Pair 56; W = [[-0.10908099  0.04786498  0.18633725  0.03843072 -0.15723618]
 [ 0.10277716 -0.2754341  -0.04547846 -0.09959494  0.23130573]
 [-0.08631094 -0.03168578 -0.06810398 -0.10854682  0.23528655]
 [ 0.0168414  -0.06607665 -0.11423671 -0.01130553  0.00033806]
 [-0.15331728 -0.18745838  0.03028304  0.07628135 -0.04321311]]
U = [[ 0.06521552 -0.06084157  0.08340559 -0.06428845  0.22701668]
 [-0.15421269  0.08237071  0.13624515  0.11452375  0.00831754]
 [ 0.31590555  0.00156628  0.11810766  0.11805762  0.15837753]
 [ 0.17302442  0.24100612  0.04490333 -0.01860854  0.04918991]
 [-0.23699129  0.19686083  0.33523476  0.21681806  0.0105277 ]]
Matrix Pair 57; W = [[-0.10836688  0.04093729  0.15697664  0.04838557 -0.20262186]
 [ 0.17010915 -0.28661926 -0.13098126 -0.11051966  0.20782472]
 [-0.13158302  0.01044528 -0.0826698  -0.02038415  0.22407649]
 [ 0.00157    -0.06859092 -0.07907457 -0.05127142  0.0311017 ]
 [-0.13771716 -0.19846514  0.05205204  0.16206956 -0.03462813]]
U = [[ 0.11945972 -0.06289317  0.14656245 -0.02311332  0.2186266 ]
 [-0.15832208  0.15542108  0.20517258  0.11875973 -0.02885702]
 [ 0.37203872 -0.03453375  0.18928139  0.13449979  0.10667406]
 [ 0.16196835  0.2667312   0.09434895 -0.01009123  0.04527375]
 [-0.25787845  0.18763536  0.33623417  0.16424886  0.07088478]]
Matrix Pair 58; W = [[-0.05811793  0.11440224  0.14314432  0.07102133 -0.1660224 ]
 [ 0.14725663 -0.31045685 -0.08815255 -0.10200279  0.15884086]
 [-0.14603229  0.01238042 -0.06572972 -0.04091669  0.21119416]
 [ 0.00546952 -0.10652785 -0.11672734 -0.07309205  0.0673382 ]
 [-0.10424195 -0.12048397 -0.03388715  0.16425994 -0.0536607 ]]
U = [[ 0.08779702 -0.07850824  0.07521841 -0.05926353  0.20398965]
 [-0.13193344  0.12955442  0.1569463   0.11621417 -0.05312921]
 [ 0.33200538 -0.02993942  0.16688719  0.18848908  0.18246701]
 [ 0.15577     0.29303641  0.05467184  0.0127931  -0.01081875]
 [-0.25854218  0.19204922  0.30842423  0.24172765  0.02509982]]
Matrix Pair 59; W = [[-0.0553795   0.07918722  0.17303728  0.08383397 -0.21064505]
 [ 0.09231382 -0.30070101 -0.09010745 -0.14832622  0.16720626]
 [-0.1014742  -0.0489759  -0.1027652  -0.10728928  0.27149394]
 [-0.04660847 -0.12319726 -0.03190458 -0.02980029  0.02532154]
 [-0.1261073  -0.18161478 -0.00417731  0.07542684 -0.01347132]]
U = [[ 0.08096397 -0.08189233  0.13688028 -0.03530423  0.19683031]
 [-0.17405644  0.13846796  0.13400308  0.19570562 -0.00705261]
 [ 0.3298203   0.01377929  0.13520441  0.11703771  0.16734402]
 [ 0.17968464  0.27046228  0.0880688  -0.01535467  0.02968367]
 [-0.24387958  0.16093792  0.37398304  0.18163231  0.02372635]]
Matrix Pair 60; W = [[-0.09683616  0.05061556  0.1905938   0.10647461 -0.16241409]
 [ 0.09064167 -0.24011476 -0.02904962 -0.1366858   0.15113493]
 [-0.00405042  0.04361945 -0.18563593 -0.0607473   0.16701962]
 [ 0.04018593 -0.00494962 -0.08168394  0.01309955  0.05112522]
 [-0.08525496 -0.12918885 -0.00352988  0.07852464 -0.09245513]]
U = [[-0.01225449 -0.11190262  0.17197666 -0.11112546  0.23896149]
 [-0.2042826   0.13072096  0.12548348  0.09553377  0.04230969]
 [ 0.31318012  0.01053928  0.08403091  0.20617275  0.16264598]
 [ 0.10486851  0.25011734  0.06759369  0.067372    0.07806884]
 [-0.24729201  0.20612267  0.29094465  0.16235143  0.02845243]]
Matrix Pair 61; W = [[-0.08078247  0.07290907  0.23102525  0.05725779 -0.08213397]
 [ 0.08966804 -0.30349215 -0.02288743 -0.18721686  0.14284022]
 [-0.04280614  0.07834169 -0.11699537 -0.05154708  0.18899517]
 [-0.00366504 -0.01408104 -0.04200391 -0.01259191  0.03617851]
 [-0.10252673 -0.09662759 -0.0236864   0.07482978 -0.0565288 ]]
U = [[ 0.02346235 -0.14423292  0.16812946 -0.12637041  0.33071234]
 [-0.21868242  0.08765076  0.18918629  0.15055945  0.02705428]
 [ 0.2473573  -0.02074909  0.10103318  0.1896852   0.19624062]
 [ 0.11068554  0.22340436 -0.01687862  0.08183855  0.12992229]
 [-0.28525067  0.13621389  0.31903502  0.23613137  0.00909621]]
Matrix Pair 62; W = [[-0.10050452  0.1086343   0.22971036  0.07424952 -0.15221859]
 [ 0.07983437 -0.27105712 -0.0369295  -0.1151683   0.16087467]
 [-0.06918229  0.04818033 -0.09470218 -0.1054233   0.18756237]
 [ 0.03180567 -0.0299854  -0.04962307  0.01788003  0.04953373]
 [-0.11557739 -0.0897279   0.01542241  0.09184308 -0.01014128]]
U = [[ 0.02041414 -0.14242979  0.11700106 -0.04923767  0.29918368]
 [-0.2151046   0.08861031  0.18896529  0.17607149 -0.0012773 ]
 [ 0.25575485 -0.00272192  0.07680016  0.21336702  0.15700965]
 [ 0.13486957  0.23468985 -0.00494544  0.07439268  0.15344594]
 [-0.26874334  0.17856227  0.30288566  0.20416405  0.03608518]]
Matrix Pair 63; W = [[-0.10635243  0.04721084  0.22059327  0.10108691 -0.08786323]
 [ 0.08500848 -0.29379031 -0.08516588 -0.09872632  0.14670196]
 [-0.0016497   0.06135149 -0.12896139 -0.073819    0.21814478]
 [ 0.03932554  0.00707124  0.0020518   0.05365795  0.07927984]
 [-0.0749902  -0.0987461   0.01077699  0.11633517 -0.05912368]]
U = [[-0.00975695 -0.13079884  0.14517802 -0.0901954   0.27382469]
 [-0.19015185  0.06119812  0.19400766  0.1291091   0.03629021]
 [ 0.22508119 -0.0109523   0.12175979  0.20056635  0.1775729 ]
 [ 0.1263511   0.20470874  0.03508646  0.06273507  0.10202549]
 [-0.30582314  0.21431941  0.32708411  0.24727279 -0.0110733 ]]
