Epoch: 3Matrix Pair 0; W = [[-0.50723773 -0.31822525  0.14375461  0.17655824 -0.51780026]
 [ 0.40079996 -0.66637433  0.29482354 -0.2893645   0.54997469]
 [-0.12495317  0.37199135  0.08411412 -0.23739904  0.2023392 ]
 [-0.07809217 -0.25833473  0.21940609  0.46551526  0.05320189]
 [-0.18201308 -0.11277391 -0.4401917   0.0780083   0.14162815]]
U = [[-0.27409901 -0.04845315  0.154838   -0.01979779  0.33679249]
 [-0.26262525  0.48161633 -0.39589105  0.30020508  0.27410571]
 [ 0.28386587  0.01418674 -0.05504704  0.27598861  0.32577012]
 [-0.09200337 -0.32590313 -0.24400659  0.21781567  0.33841231]
 [-0.17389593  0.13971701 -0.14590819 -0.11924455 -0.09257318]]
Matrix Pair 1; W = [[-0.51055188 -0.40068092  0.1510169   0.24116254 -0.52289143]
 [ 0.37780025 -0.68986183  0.30165201 -0.23038958  0.53861773]
 [-0.11905228  0.37934708  0.05898737 -0.231009    0.186093  ]
 [-0.05648164 -0.26258061  0.21713884  0.46182377  0.05350076]
 [-0.22983388 -0.1887375  -0.37319882  0.09564667  0.14599302]]
U = [[-0.2334102  -0.06411098  0.17822878 -0.05658033  0.33493413]
 [-0.22417274  0.47832744 -0.40525246  0.34993658  0.22359468]
 [ 0.28556799 -0.0366273  -0.05266518  0.3297832   0.38935264]
 [-0.01981697 -0.3274097  -0.25761341  0.20420718  0.33042394]
 [-0.19497817  0.13556203 -0.14428309 -0.09484293 -0.13132682]]
Matrix Pair 2; W = [[-0.47309518 -0.37709712  0.17018963  0.21287387 -0.48377059]
 [ 0.42590246 -0.66314913  0.3099705  -0.24491198  0.5030028 ]
 [-0.17100596  0.37691771  0.12704891 -0.27118599  0.14948593]
 [-0.03892429 -0.23904021  0.1913229   0.47671516  0.05596455]
 [-0.25332811 -0.18462655 -0.4499794   0.09752546  0.1924686 ]]
U = [[-0.28097544 -0.01842141  0.18964263  0.0161898   0.34508791]
 [-0.20307719  0.45241139 -0.44382972  0.31435098  0.21384631]
 [ 0.2319392  -0.01939599 -0.02753045  0.33097618  0.40389829]
 [-0.03872894 -0.23786358 -0.19038572  0.26131994  0.27634482]
 [-0.1949028   0.13001501 -0.09137218 -0.10239519 -0.11445697]]
Matrix Pair 3; W = [[-0.45677272 -0.34692014  0.09799345  0.2242871  -0.50643405]
 [ 0.43331413 -0.65670716  0.23407116 -0.21745366  0.51983822]
 [-0.13819133  0.43601284  0.07160691 -0.24178694  0.13807725]
 [-0.04820376 -0.25612136  0.19003597  0.43620078  0.08672463]
 [-0.2088905  -0.12492356 -0.41017804  0.07395256  0.16173596]]
U = [[-0.284289   -0.01727878  0.12462045  0.00331781  0.38993688]
 [-0.17894066  0.47756064 -0.41547805  0.29072228  0.18750251]
 [ 0.26366688 -0.00519208 -0.07202137  0.32815706  0.35539127]
 [-0.0585947  -0.28298626 -0.27214526  0.21200957  0.33869869]
 [-0.19693051  0.10108968 -0.10162682 -0.11306875 -0.07771947]]
Matrix Pair 4; W = [[-0.22822397 -0.08581578  0.31254716 -0.07473234 -0.16480098]
 [ 0.01230679 -0.44842446  0.00907413  0.03615863  0.12778561]
 [-0.09456597  0.11307131 -0.3099711   0.31832213  0.0646289 ]
 [-0.02239669 -0.36987613  0.05579996  0.07960737 -0.33825479]
 [ 0.05856759 -0.25126469 -0.03856943  0.1316818  -0.22883839]]
U = [[ 0.21244113 -0.00074835  0.3885161  -0.1641854   0.43850316]
 [-0.30368829  0.0202603   0.04199607  0.43523967 -0.03889703]
 [ 0.39440797 -0.03604639  0.35950956  0.31068247  0.25551262]
 [ 0.06642094  0.16470213  0.06613687 -0.12806061  0.2171276 ]
 [-0.050584    0.34513416  0.24308305  0.05972295 -0.05502593]]
Matrix Pair 5; W = [[-0.15231894 -0.13318814  0.32430104 -0.12896313 -0.14310414]
 [ 0.05606762 -0.52526782 -0.08486774 -0.01048559  0.04762526]
 [-0.08857575  0.07185914 -0.24405965  0.23192908  0.07766223]
 [-0.03568804 -0.45382982  0.09693406  0.08355811 -0.29098421]
 [ 0.01361657 -0.18874834 -0.01963237  0.15591375 -0.1763923 ]]
U = [[ 0.15994319 -0.02879417  0.40314793 -0.1409768   0.44083455]
 [-0.33977421  0.1163601  -0.01549263  0.45585934 -0.11316753]
 [ 0.43786659 -0.08076651  0.37555008  0.27414606  0.28934122]
 [ 0.02143672  0.18051633  0.10616536 -0.13389684  0.13631401]
 [-0.12285604  0.34637425  0.27552582 -0.02151151  0.00791585]]
Matrix Pair 6; W = [[-0.16321626 -0.07932154  0.28875909 -0.15234519 -0.1403329 ]
 [ 0.03532432 -0.51416077 -0.06417991  0.04517793  0.10499748]
 [-0.08901405  0.0823852  -0.30270811  0.24489778  0.13696264]
 [-0.00882059 -0.41202464  0.06281501  0.0863477  -0.30891133]
 [ 0.03757422 -0.26913878 -0.04412987  0.11893381 -0.22715978]]
U = [[ 2.29302213e-01 -1.73381697e-02  4.18381201e-01 -1.37248591e-01
   3.71345185e-01]
 [-3.06567670e-01  9.36284312e-02  3.74970173e-04  4.48810087e-01
  -3.41957120e-02]
 [ 3.63312617e-01 -1.09552521e-01  4.00985584e-01  2.96818675e-01
   2.60217169e-01]
 [-1.06861775e-02  1.23021326e-01  7.38235116e-02 -1.27463340e-01
   1.75055312e-01]
 [-9.09058725e-02  3.77363327e-01  2.67971615e-01 -1.19925513e-02
  -5.35445719e-02]]
Matrix Pair 7; W = [[-0.16804924 -0.14496233  0.35005593 -0.08942411 -0.15673111]
 [ 0.01632798 -0.53648763 -0.07684477 -0.0200734   0.0971784 ]
 [-0.14344281  0.06631982 -0.2425957   0.31304734  0.10502496]
 [ 0.00195589 -0.40809313  0.04162336  0.06068564 -0.32801338]
 [ 0.04821968 -0.22820795 -0.06608962  0.09632569 -0.17407587]]
U = [[ 0.19672468  0.03464648  0.41586587 -0.10639622  0.41595565]
 [-0.26477132  0.06688415  0.07386861  0.433437   -0.10011339]
 [ 0.45388983 -0.03715325  0.38425861  0.27487678  0.23387917]
 [ 0.04544227  0.13818066  0.10256553 -0.19981512  0.14290579]
 [-0.05613606  0.35721932  0.27915789  0.00473304 -0.01789678]]
Matrix Pair 8; W = [[-0.29367196  0.12565853 -0.10014233  0.11358496  0.0329589 ]
 [-0.30905188 -0.17262691  0.10111474 -0.369899    0.15515367]
 [-0.25953126 -0.0387554  -0.46747721  0.01442581 -0.10444279]
 [ 0.02940576 -0.04768526  0.01825226  0.13593013 -0.07809836]
 [-0.04676577 -0.11452796  0.0990045   0.0228098  -0.33979726]]
U = [[ 0.41856639 -0.25043092  0.11970915 -0.04377334  0.19987805]
 [-0.24996633 -0.18072444  0.17608723  0.40062714 -0.1648477 ]
 [ 0.17440596  0.05178824  0.45339903  0.05738979  0.33930111]
 [ 0.25722843  0.25078656  0.02561612  0.11643991 -0.00067675]
 [ 0.12470949  0.18453744  0.21303605  0.02873607 -0.19990648]]
Matrix Pair 9; W = [[-0.24206096  0.12062147 -0.10625304  0.16884377 -0.01548651]
 [-0.28062952 -0.21142711  0.13498097 -0.3629613   0.17781645]
 [-0.25778117 -0.10411248 -0.52079745  0.03110993 -0.06528926]
 [-0.01782086 -0.03663543 -0.01473893  0.10977371 -0.02629061]
 [-0.06607164 -0.06103679  0.07032446  0.11651133 -0.36975083]]
U = [[ 0.4008555  -0.30035267  0.13450726 -0.09842067  0.25246079]
 [-0.25315457 -0.17972917  0.17089121  0.37059582 -0.11084922]
 [ 0.21464582  0.04587735  0.40763032  0.05340074  0.29039105]
 [ 0.23723113  0.23053003 -0.01823571  0.15808541  0.05013613]
 [ 0.09364623  0.11570763  0.18118193 -0.00933448 -0.19574869]]
Matrix Pair 10; W = [[-2.38560182e-01  1.22228005e-01 -1.36827423e-01  1.32284909e-01
  -2.18076792e-02]
 [-2.42870427e-01 -1.45666593e-01  1.47368065e-01 -3.77100419e-01
   1.08467644e-01]
 [-3.30464263e-01 -9.45307898e-02 -4.93312962e-01  7.52833660e-02
  -8.36614663e-02]
 [-2.82422544e-02  3.16680495e-02  3.84153489e-04  1.59915813e-01
  -9.24143842e-02]
 [-3.68856363e-02 -1.20204884e-01  3.42752438e-02  5.70017051e-02
  -2.85989144e-01]]
U = [[ 0.41629407 -0.29709159  0.16651508 -0.06239781  0.24048192]
 [-0.22996413 -0.1654102   0.20396119  0.45286061 -0.15749911]
 [ 0.21451592  0.08884357  0.46448621  0.0191304   0.31101128]
 [ 0.20211023  0.27875518 -0.02369763  0.15000943  0.00286112]
 [ 0.16963554  0.12735934  0.24679248 -0.01940551 -0.17239378]]
Matrix Pair 11; W = [[-0.29648532  0.13939499 -0.10332341  0.08211515  0.00786947]
 [-0.32623468 -0.19769273  0.10037302 -0.36838023  0.13577969]
 [-0.23488368 -0.08732616 -0.45980732  0.01453022 -0.07934086]
 [ 0.00412486  0.03413546  0.01634459  0.16982858 -0.06493503]
 [-0.09665005 -0.0349295   0.02271297  0.10922789 -0.36324498]]
U = [[ 0.39215142 -0.24534397  0.13765779 -0.09977238  0.23583087]
 [-0.25232959 -0.1028095   0.15081439  0.37905852 -0.15159213]
 [ 0.17782067  0.05507801  0.38596161  0.04500519  0.30170797]
 [ 0.26030432  0.19054706 -0.00526141  0.16219215  0.04674183]
 [ 0.09935383  0.15467724  0.19332191 -0.03566291 -0.18951062]]
Matrix Pair 12; W = [[-0.10998415  0.04896979  0.06761453  0.12840918 -0.02592916]
 [ 0.09831242  0.21737368 -0.18285903 -0.27188934  0.16732621]
 [-0.00847666  0.16006813  0.04579675 -0.13779938  0.32122287]
 [ 0.15115024  0.26982737  0.01443372 -0.09979177  0.17102159]
 [-0.17635999  0.00592485 -0.10014735 -0.0304881  -0.01988021]]
U = [[ 0.08704941 -0.21252422  0.09293916  0.07063422  0.14375406]
 [-0.31852189  0.0075155   0.26302925  0.15973058  0.21662868]
 [ 0.23305517  0.04154269  0.01505846  0.1058832  -0.10549737]
 [-0.07094005  0.29111005  0.13572289 -0.15671176  0.36217479]
 [-0.33311745 -0.14906855  0.24494426  0.3145294  -0.13145603]]
Matrix Pair 13; W = [[-0.06273965  0.11065422  0.09083341  0.12143072 -0.00635758]
 [ 0.17336538  0.16229333 -0.14817498 -0.29313111  0.18945186]
 [ 0.07045097  0.16242604 -0.01268186 -0.15734404  0.34881158]
 [ 0.17884727  0.22693438  0.08293838 -0.16275006  0.16450116]
 [-0.20958331  0.05000438 -0.06598233  0.03822025 -0.06904157]]
U = [[ 0.05673483 -0.17215482  0.07962837  0.10394249  0.16094688]
 [-0.28412828 -0.02930001  0.31177552  0.15458024  0.18962965]
 [ 0.27271787  0.09802524  0.00082601  0.10610957 -0.08126001]
 [-0.06176701  0.33601092  0.13778968 -0.1834713   0.38936781]
 [-0.39926821 -0.12196785  0.23149278  0.27407183 -0.14511891]]
Matrix Pair 14; W = [[-0.10815709  0.03655593  0.00795429  0.11193248 -0.04979407]
 [ 0.10682064  0.13708844 -0.16931781 -0.26069429  0.15060974]
 [-0.01055434  0.20743336 -0.03528396 -0.12775084  0.31947472]
 [ 0.09591206  0.19324268  0.02387087 -0.16431992  0.21775471]
 [-0.14988531  0.04550086 -0.02157439  0.03577901 -0.09016551]]
U = [[ 0.09001149 -0.2097048   0.10986628  0.13592065  0.13781578]
 [-0.24798839 -0.03767714  0.24758351  0.16580661  0.25177517]
 [ 0.25913513  0.06857448 -0.04255857  0.09148002 -0.15231791]
 [-0.00712704  0.33052345  0.14694935 -0.15204466  0.39001229]
 [-0.37852322 -0.07011207  0.237136    0.2867007  -0.09571256]]
Matrix Pair 15; W = [[-0.07081977  0.07436498  0.0350146   0.09546649  0.01519266]
 [ 0.14130503  0.15875886 -0.16952914 -0.30303631  0.14216955]
 [ 0.03947988  0.17682332  0.043401   -0.09264491  0.31235514]
 [ 0.11994444  0.18679458  0.01687574 -0.17670487  0.16222041]
 [-0.16522298  0.06231744 -0.06120117  0.00421457 -0.06135686]]
U = [[ 0.09088618 -0.25482421  0.078479    0.09457162  0.12113929]
 [-0.24592296 -0.01271328  0.34221843  0.10731504  0.24113874]
 [ 0.2245781   0.05407659  0.01857566  0.0999646  -0.14502566]
 [ 0.01102869  0.27964041  0.19339346 -0.11586732  0.38975748]
 [-0.35594766 -0.13318005  0.20757455  0.28561079 -0.12123212]]
Matrix Pair 16; W = [[-2.97319133e-01 -4.30957690e-02 -9.15857205e-03  5.54030442e-02
  -1.07304801e-01]
 [ 1.02513127e-01 -2.81225478e-01 -6.46586465e-03 -2.42848298e-01
   1.89563128e-01]
 [-9.60346719e-02  1.46478084e-01  9.31690335e-02  1.76343046e-01
   3.71099286e-01]
 [ 1.15104553e-01 -4.40523237e-02  2.91969953e-02 -4.90511476e-05
   1.97205221e-01]
 [-2.96066536e-01  1.53738155e-01 -2.70086008e-01  1.10722825e-01
  -3.01117244e-02]]
U = [[-0.05988546  0.02643275  0.04890518 -0.00247441  0.28583921]
 [-0.28685474  0.02251256 -0.06748964  0.2258776   0.09981087]
 [ 0.24040119 -0.1251725   0.03815141  0.3011016   0.24375571]
 [-0.10695663 -0.01950337  0.01842034 -0.10874611  0.18306385]
 [-0.21808088  0.10469253 -0.01044754  0.1538431   0.00545702]]
Matrix Pair 17; W = [[-0.34471169 -0.00090257 -0.02729638  0.08333668 -0.10477069]
 [ 0.07000812 -0.32497762 -0.02699654 -0.23638717  0.18422421]
 [-0.08562324  0.17235949  0.08089221  0.10667871  0.3472033 ]
 [ 0.151311   -0.02731074  0.08142461  0.00834274  0.11988231]
 [-0.24557096  0.15662838 -0.33934643  0.08274264 -0.07965031]]
U = [[-0.12774982  0.06067792  0.02870552 -0.03395312  0.25320997]
 [-0.25000863  0.00620002 -0.05179769  0.2252267   0.11240294]
 [ 0.25685781 -0.12488495  0.00987102  0.24301729  0.22398283]
 [-0.10739389 -0.02041211 -0.03594139 -0.06466696  0.23550265]
 [-0.18799585  0.11649007 -0.05175885  0.09850635  0.0029736 ]]
Matrix Pair 18; W = [[-0.2879711  -0.05016162  0.05636655  0.07013385 -0.10471665]
 [ 0.08587491 -0.31345527  0.0017552  -0.23463004  0.21055017]
 [-0.10833973  0.19140225  0.11446647  0.14945434  0.36972089]
 [ 0.16017421 -0.03718379  0.01470936 -0.05070344  0.15830197]
 [-0.29341402  0.14956897 -0.36514623  0.10377159 -0.02209575]]
U = [[-0.06547796  0.02357438  0.06178335 -0.07722527  0.24052368]
 [-0.23673799 -0.0333489  -0.02482665  0.16318981  0.1275302 ]
 [ 0.2403362  -0.07122338 -0.00297331  0.24691625  0.21373295]
 [-0.10297699  0.01202743 -0.03274442 -0.09725042  0.20261842]
 [-0.16670161  0.06811899 -0.04790956  0.15725114 -0.0588671 ]]
Matrix Pair 19; W = [[-0.28051842 -0.03615504  0.04338833 -0.00903522 -0.10952499]
 [ 0.04996922 -0.31635017 -0.02867486 -0.29133066  0.14358909]
 [-0.13148255  0.14520946  0.08164281  0.18504145  0.40284414]
 [ 0.12048094 -0.01760243  0.04177743 -0.07346684  0.12679272]
 [-0.20694853  0.10672922 -0.29194481  0.06125314 -0.08217611]]
U = [[-0.13516866  0.02388467  0.06609424 -0.05172072  0.23540428]
 [-0.2793259   0.03569033 -0.02002954  0.1709355   0.10831284]
 [ 0.19771879 -0.14963708 -0.02343131  0.2262136   0.2603227 ]
 [-0.1060739  -0.02508374  0.03293554 -0.14001348  0.18698156]
 [-0.16413362  0.07652331 -0.00438905  0.08627069 -0.03011075]]
Matrix Pair 20; W = [[-0.30076437 -0.07077063  0.24008125  0.18744406 -0.17149833]
 [ 0.3146923  -0.37223836 -0.01149833 -0.07137232  0.43510215]
 [ 0.13295955  0.25031041  0.36194958 -0.37407301  0.51940336]
 [ 0.25864799  0.09514253  0.35359785 -0.03363654  0.41959713]
 [-0.25290793  0.12814438 -0.45134061  0.19048596  0.27599311]]
U = [[-0.33169967 -0.26356636 -0.13767094 -0.10963077  0.17939789]
 [-0.20034627  0.26626336 -0.41840016  0.06714041  0.14565116]
 [-0.02929887  0.10326298 -0.23090086  0.10374764  0.33282774]
 [-0.1431091  -0.04061935 -0.11298783  0.07210574  0.29531833]
 [-0.58393441 -0.1145142   0.08470252  0.00734898  0.05691202]]
Matrix Pair 21; W = [[-0.2673354  -0.06364221  0.22668621  0.13957449 -0.16821896]
 [ 0.36032977 -0.36909494 -0.07318465 -0.09106872  0.38229589]
 [ 0.09281066  0.30262873  0.36272643 -0.36965311  0.54266946]
 [ 0.27087592  0.12871482  0.36030447 -0.01532087  0.39629292]
 [-0.22526832  0.1670185  -0.48901127  0.1183048   0.21346443]]
U = [[-0.33940335 -0.32135124 -0.10078326 -0.14063579  0.18250757]
 [-0.2138095   0.20015827 -0.39805468  0.13893636  0.1796208 ]
 [-0.05801671  0.14178517 -0.22417997  0.12894332  0.3732018 ]
 [-0.19245234 -0.03848922 -0.09938022  0.00630874  0.28990227]
 [-0.57486617 -0.1381735   0.08735918  0.05313324  0.05123593]]
Matrix Pair 22; W = [[-0.30181873 -0.09880562  0.27869014  0.10295239 -0.23377865]
 [ 0.30701254 -0.34767992  0.0038595  -0.11237745  0.43733695]
 [ 0.13358589  0.32108927  0.39458378 -0.31759687  0.58233592]
 [ 0.29392196  0.06573351  0.30733702 -0.02102587  0.41571273]
 [-0.22262323  0.12236605 -0.41889785  0.16372867  0.23782027]]
U = [[-0.37793216 -0.30482087 -0.07868581 -0.10299498  0.21628345]
 [-0.24230839  0.24692342 -0.41779377  0.10497817  0.15586773]
 [-0.01264225  0.12410104 -0.23094374  0.07301796  0.3861095 ]
 [-0.11490548 -0.00797328 -0.12269762  0.08428503  0.33313045]
 [-0.60844457 -0.12688494  0.0645439   0.07583244  0.01941385]]
Matrix Pair 23; W = [[-0.31150381 -0.08569067  0.25324781  0.09420943 -0.17724912]
 [ 0.30673548 -0.38335963  0.01208194 -0.05435571  0.41689514]
 [ 0.12310783  0.30274585  0.35171827 -0.31243645  0.55863662]
 [ 0.23892021  0.09464201  0.33883051  0.01189568  0.40565115]
 [-0.29775041  0.18461052 -0.47394071  0.10563683  0.23968628]]
U = [[-0.31814959 -0.2723047  -0.13008532 -0.09989872  0.19562485]
 [-0.26052187  0.20900877 -0.42623598  0.13226416  0.21942133]
 [-0.03641484  0.09030802 -0.25027085  0.14165149  0.40670824]
 [-0.11526607 -0.03062831 -0.09864385  0.01291562  0.34040211]
 [-0.5397668  -0.13393503  0.02206494  0.03757151  0.04810388]]
Matrix Pair 24; W = [[-0.19458993 -0.0165013   0.16375458  0.12410888 -0.10231758]
 [ 0.29613907  0.00725829  0.08442221  0.01302888  0.34283295]
 [ 0.11854524  0.3577316  -0.17260682 -0.31801128  0.20664731]
 [-0.20412178  0.02695453  0.10430403 -0.01979748  0.07338183]
 [-0.17687965 -0.22367814 -0.06021343  0.03640719 -0.02061604]]
U = [[-0.04942139 -0.06313184  0.18386133 -0.09438781 -0.04506414]
 [-0.0016684   0.21290576  0.09414513  0.26752527  0.04153749]
 [ 0.2648293  -0.04180663  0.10616978  0.11012335  0.20050723]
 [-0.06833842  0.0519876   0.10664406  0.13119656  0.32704283]
 [-0.21614483  0.13939398  0.1956293   0.1956329  -0.12508513]]
Matrix Pair 25; W = [[-0.1528025  -0.03236299  0.22349234  0.14078397 -0.10059455]
 [ 0.32210427 -0.08152061  0.04644713  0.04613153  0.31365108]
 [ 0.07719778  0.38382298 -0.18394568 -0.29093178  0.13591013]
 [-0.17449185  0.04888786  0.12708869  0.02765839  0.06070992]
 [-0.13856919 -0.23088714 -0.079336    0.01023798 -0.10077251]]
U = [[-0.08708641 -0.085028    0.18753799 -0.00482662 -0.06367873]
 [-0.00562686  0.23951108  0.11300762  0.24493189  0.11268871]
 [ 0.16665669  0.01645608  0.15509268  0.06466148  0.14246269]
 [-0.09663951  0.11839041  0.15091536  0.19823715  0.25471762]
 [-0.19003029  0.18662739  0.13682578  0.14586376 -0.09908741]]
Matrix Pair 26; W = [[-0.2060061  -0.00863858  0.21411791  0.1391967  -0.12768658]
 [ 0.22986712 -0.07165825  0.06824864  0.00952096  0.28476308]
 [ 0.10733968  0.36384332 -0.1685599  -0.30884432  0.20626725]
 [-0.22454153  0.06267496  0.16160201 -0.04592412  0.13752425]
 [-0.16597577 -0.27028543 -0.08122948  0.01897436 -0.07278963]]
U = [[-0.02612776 -0.11404196  0.11924732 -0.06465628 -0.0550397 ]
 [ 0.03034995  0.25261996  0.09093386  0.24587332  0.09034029]
 [ 0.25391623  0.03186832  0.10625927  0.0468288   0.10751102]
 [-0.09340745  0.05993295  0.11158003  0.18169733  0.25761451]
 [-0.20449787  0.15775072  0.22285758  0.14569925 -0.06196887]]
Matrix Pair 27; W = [[-0.17666756 -0.00808676  0.16550439  0.19546153 -0.13517396]
 [ 0.31498048 -0.03902921  0.06090963  0.04917206  0.27719149]
 [ 0.02989844  0.32582429 -0.1544805  -0.30990256  0.21078201]
 [-0.19147673 -0.00814229  0.18516794 -0.02165359  0.15280552]
 [-0.12516098 -0.28571679 -0.04365161 -0.01660589 -0.03376958]]
U = [[-0.07690978 -0.10853809  0.18744989 -0.03868896 -0.03111017]
 [ 0.01805431  0.24842451  0.07318473  0.19951875  0.08249592]
 [ 0.2287323   0.01249382  0.15522921  0.12643698  0.17693524]
 [-0.08238649  0.06159333  0.08341471  0.18151809  0.32190189]
 [-0.18538019  0.21695691  0.22814627  0.21619143 -0.04475436]]
Matrix Pair 28; W = [[-0.04748846  0.08508422  0.24107338  0.06449891 -0.02267909]
 [ 0.15882689 -0.16873416 -0.10552051  0.09086165  0.26316749]
 [ 0.10435522  0.1235597  -0.23378156 -0.04173294  0.15035991]
 [-0.1295669  -0.15954865  0.10578025 -0.00579437  0.0161973 ]
 [-0.12698196 -0.23680682  0.04186497  0.02666027 -0.07307108]]
U = [[ 0.05337411 -0.14358622  0.19015627 -0.13808427  0.07683815]
 [-0.09057609  0.06545153  0.08109138  0.12765532 -0.02385913]
 [ 0.24815294  0.01584385  0.2862365   0.07747312  0.20433644]
 [ 0.06220862  0.2355909   0.17546742  0.04525333  0.31351237]
 [-0.21354084  0.24219892  0.35719319  0.17570401 -0.06122723]]
Matrix Pair 29; W = [[-0.09157299  0.04127553  0.27951955  0.06954716 -0.00611737]
 [ 0.2508763  -0.14375427 -0.12639945  0.14913226  0.28076868]
 [ 0.09475137  0.11095238 -0.23019792 -0.07065528  0.11172676]
 [-0.18157019 -0.10810456  0.12147592 -0.07178823  0.01652791]
 [-0.05615164 -0.18760488 -0.00919177  0.01381704 -0.0890494 ]]
U = [[ 0.08082084 -0.13769489  0.16005033 -0.18602667  0.08297744]
 [ 0.00161923  0.1594168   0.12950284  0.1810541  -0.05183141]
 [ 0.20501548 -0.00537164  0.28177079 -0.00276391  0.20296767]
 [ 0.0689485   0.20537849  0.16407751  0.09767319  0.28602071]
 [-0.27045352  0.26911576  0.41442666  0.23600063 -0.04598708]]
Matrix Pair 30; W = [[-0.01018427  0.09826132  0.30749274  0.04714097  0.00066724]
 [ 0.20078513 -0.09827904 -0.08240687  0.13018429  0.28079894]
 [ 0.08752909  0.09382386 -0.17484049 -0.03818848  0.12123458]
 [-0.10900755 -0.14236048  0.06299886 -0.07311353  0.02612593]
 [-0.09062662 -0.21513353  0.05300175 -0.02645033 -0.08764392]]
U = [[ 0.01747851 -0.08103081  0.24030734 -0.09501088  0.12766768]
 [-0.02596018  0.15022027  0.07993354  0.15138312 -0.11293159]
 [ 0.22309897  0.02807318  0.2765488   0.09095197  0.14592314]
 [ 0.10919964  0.21924373  0.14110584  0.08545988  0.296641  ]
 [-0.21932159  0.21311326  0.45258231  0.16775766 -0.03624698]]
Matrix Pair 31; W = [[-0.02103981  0.10809223  0.30292677  0.01068373  0.0161451 ]
 [ 0.21097086 -0.17447127 -0.12818541  0.17819072  0.25057522]
 [ 0.10002164  0.11923886 -0.22816583 -0.02636976  0.09691818]
 [-0.13862328 -0.13021415  0.15445093 -0.08192808  0.02769706]
 [-0.09578228 -0.23683413  0.07755494  0.01680101 -0.06098252]]
U = [[ 0.02984911 -0.14439919  0.25404393 -0.09084084  0.0933046 ]
 [-0.04483177  0.14886599  0.12692409  0.20654632 -0.11485178]
 [ 0.16595885  0.04171634  0.26540596  0.02381289  0.18410723]
 [ 0.05834249  0.21556252  0.19842691  0.00423313  0.36599687]
 [-0.26229028  0.21970707  0.39329972  0.25190327 -0.04795494]]
Matrix Pair 32; W = [[ 1.85583692e-01  1.83742491e-01  2.41120214e-01 -2.05070482e-03
   6.35958729e-02]
 [ 1.44082698e-01  4.94197121e-02 -3.01027452e-01  4.34470246e-02
   1.71121648e-01]
 [ 2.48424676e-01  4.49184536e-02 -4.99642725e-03 -1.74081453e-01
   4.68067520e-01]
 [ 4.52482345e-04  3.23084534e-02  9.07640786e-02 -2.68187561e-01
   2.13362315e-01]
 [-7.07043711e-02 -1.59181901e-02  1.32574089e-01  7.92754549e-02
   7.08053398e-02]]
U = [[ 0.12439975 -0.15338538 -0.02733104 -0.15763672  0.06173784]
 [ 0.00143262  0.10270573  0.19700188 -0.20257132  0.10160584]
 [ 0.01356721  0.02058783  0.022966   -0.24887242  0.04015437]
 [-0.09051503  0.47958995  0.09414231  0.03758888  0.0241344 ]
 [-0.42661695 -0.06200639  0.53793461  0.42874622 -0.07026137]]
Matrix Pair 33; W = [[ 0.19787483  0.15336324  0.250712    0.00553942  0.07490638]
 [ 0.09590298 -0.02472558 -0.30984375  0.05331342  0.11591345]
 [ 0.26931125  0.10438571 -0.03572354 -0.16965573  0.4461817 ]
 [-0.04935192  0.01339862  0.14387237 -0.19580655  0.23029776]
 [-0.13163059 -0.00318681  0.11372003  0.06780525  0.02057322]]
U = [[ 0.05802173 -0.18049191 -0.05065566 -0.15424064  0.00066415]
 [-0.01807476  0.10847392  0.21533687 -0.20302576  0.00666013]
 [ 0.009725    0.00671588  0.04612627 -0.28088014  0.08960359]
 [-0.11176267  0.47499684  0.12540715  0.02768472  0.02680634]
 [-0.36732425 -0.10683152  0.5915166   0.40911012 -0.04016614]]
Matrix Pair 34; W = [[ 0.25443686  0.17810012  0.28006891  0.02142022  0.05842939]
 [ 0.17038523 -0.01117139 -0.31351631  0.06069577  0.1023457 ]
 [ 0.29982338  0.13108754 -0.06171506 -0.19930799  0.45347781]
 [-0.08218466  0.01126465  0.16124519 -0.18051513  0.24497495]
 [-0.04807359 -0.00092384  0.13235097  0.07495655  0.0989702 ]]
U = [[ 0.12541462 -0.1954137  -0.03613825 -0.20457763  0.03599043]
 [ 0.00110785  0.0716009   0.19400259 -0.14993743  0.08517368]
 [-0.0423642   0.03125184  0.06682917 -0.23920804  0.03665239]
 [-0.0654074   0.50241617  0.12726373  0.04179726  0.01551485]
 [-0.34651451 -0.08234952  0.51552398  0.40404423 -0.06929514]]
Matrix Pair 35; W = [[ 0.22163321  0.15010834  0.25357055  0.04145424  0.10446322]
 [ 0.17070915 -0.03424933 -0.33835511  0.11230284  0.17697131]
 [ 0.27350351  0.11652624 -0.03170362 -0.22214143  0.44447495]
 [-0.0436367   0.03274747  0.10648366 -0.21101766  0.22725583]
 [-0.09285826 -0.02336674  0.1121065   0.16124541  0.06637301]]
U = [[ 0.07103588 -0.17494391  0.03755862 -0.20724187  0.02479614]
 [-0.00641333  0.16596909  0.2237978  -0.15941843  0.0275897 ]
 [ 0.03493039  0.04056819  0.10863593 -0.30915044  0.09807601]
 [-0.05180317  0.54175805  0.10495932  0.06833352  0.04961377]
 [-0.40044206 -0.08676735  0.51793722  0.4563821  -0.0099606 ]]
Matrix Pair 36; W = [[ 0.00418684  0.04131454  0.23947176 -0.04683592  0.09957827]
 [-0.13071829 -0.21539543 -0.18185036  0.02044856 -0.18580286]
 [ 0.02989449 -0.15647431  0.05273961  0.17468116  0.32056766]
 [ 0.12401995 -0.05565376 -0.10284864  0.0433821  -0.04415899]
 [-0.05988009  0.09245192  0.12501478  0.24812004 -0.12428875]]
U = [[ 0.27680205  0.21732462  0.25658832 -0.15683119  0.03663886]
 [-0.01270098 -0.04356142  0.3237774   0.23771977 -0.03010808]
 [ 0.30867193 -0.07588094  0.22728238  0.12613257  0.22483223]
 [ 0.03601496  0.2022632   0.01368752 -0.12223984 -0.06463566]
 [ 0.09262582  0.14043738  0.20162022  0.02279739 -0.00104525]]
Matrix Pair 37; W = [[ 0.03549923  0.05116942  0.23423953 -0.0587432   0.11997319]
 [-0.07339525 -0.14899108 -0.1871381   0.01136603 -0.20861347]
 [ 0.03919175 -0.10952856 -0.0257928   0.19710317  0.31576788]
 [ 0.07347082 -0.09510425 -0.07121222  0.07349786 -0.00330653]
 [-0.01474418  0.06087306  0.07220925  0.2189695  -0.20426161]]
U = [[ 0.2040958   0.2226087   0.26313894 -0.14626724  0.0744216 ]
 [-0.07378677  0.00432524  0.36309858  0.27260979 -0.05223146]
 [ 0.31165927 -0.05862834  0.21758549  0.07797942  0.22519544]
 [ 0.04634238  0.22365387  0.02036167 -0.15216701 -0.08670066]
 [ 0.07734294  0.16647857  0.20308386  0.06230721  0.05117914]]
Matrix Pair 38; W = [[ 0.00189782  0.09769252  0.16666989 -0.11564824  0.0991907 ]
 [-0.0689753  -0.14387809 -0.15215588 -0.04239599 -0.18709076]
 [-0.03726663 -0.16812432  0.05237312  0.20668872  0.34918439]
 [ 0.10365207 -0.10685015 -0.14498407  0.03774599 -0.01005519]
 [-0.04182609  0.09622265  0.16278086  0.25514517 -0.14930404]]
U = [[ 0.2182202   0.18575522  0.31900629 -0.21987236  0.09007673]
 [-0.01962783 -0.06419791  0.2985312   0.27691318 -0.0109659 ]
 [ 0.31107714 -0.10083812  0.21222866  0.0935507   0.22885337]
 [ 0.1018469   0.20969276  0.01974187 -0.12926103 -0.02771713]
 [ 0.03083711  0.16759056  0.28732268  0.01621214  0.05665015]]
Matrix Pair 39; W = [[-0.00205715  0.06331776  0.22277294 -0.09954033  0.12840237]
 [-0.05474744 -0.18249577 -0.22129238 -0.01973845 -0.2017233 ]
 [ 0.01116037 -0.10889704  0.05093349  0.19237864  0.29296976]
 [ 0.10512616 -0.08791449 -0.13844805  0.09896516 -0.02762017]
 [ 0.00388698  0.0607689   0.12739416  0.19060628 -0.19816513]]
U = [[ 0.25554512  0.1952637   0.28640541 -0.1776032   0.0682527 ]
 [-0.02574787 -0.05765713  0.35788269  0.25460203  0.04053896]
 [ 0.3057906  -0.04898196  0.15063843  0.11198754  0.17730874]
 [ 0.03689062  0.23778919 -0.0391221  -0.11018176 -0.08081399]
 [ 0.09689637  0.14039099  0.23246052  0.08868017  0.01067877]]
Matrix Pair 40; W = [[-0.00711382  0.1921805  -0.08475882  0.21886731 -0.02997313]
 [ 0.07842567  0.09876942 -0.01670865 -0.08475291  0.2766155 ]
 [ 0.02510541  0.13669062 -0.25444766 -0.15438195  0.05368265]
 [-0.03668024  0.16563617 -0.06164311  0.07374358  0.08760118]
 [-0.10018646 -0.13943516  0.14615876 -0.06018674 -0.21127534]]
U = [[ 0.17047911 -0.29907529  0.11063179 -0.08232147  0.00283366]
 [-0.10686773 -0.03686713  0.43607487  0.07736187 -0.06698602]
 [ 0.22688883  0.06026782  0.09286413  0.1373846  -0.07162537]
 [ 0.25078149  0.2693714   0.27985818 -0.04308062  0.46590332]
 [-0.17705922  0.10528798  0.39426079  0.22209998 -0.1941577 ]]
Matrix Pair 41; W = [[ 0.0569819   0.15132284 -0.05795924  0.22953162 -0.08036298]
 [ 0.10298519  0.14169303  0.05381599 -0.09119554  0.22813329]
 [ 0.05300087  0.12045507 -0.22597564 -0.19806906  0.04522609]
 [-0.02372562  0.12391309 -0.06301835  0.08302543  0.12526975]
 [-0.01310065 -0.14107537  0.18342685 -0.07103225 -0.17903714]]
U = [[ 0.24972818 -0.21833389  0.06445121 -0.11884874  0.00073609]
 [-0.12184921 -0.01232305  0.41910734  0.05052143 -0.05158085]
 [ 0.25279958  0.07756095  0.13139011  0.0668038  -0.11446135]
 [ 0.20273801  0.22970885  0.229827   -0.02116353  0.51897996]
 [-0.20202775  0.1497739   0.39587113  0.21407812 -0.1964151 ]]
Matrix Pair 42; W = [[ 0.00684668  0.18277799 -0.06567141  0.15947858 -0.01641517]
 [ 0.03412821  0.06648098  0.0307616  -0.09903819  0.23052576]
 [ 0.07608043  0.05611753 -0.26636249 -0.17059234  0.08441101]
 [-0.04203369  0.20750821 -0.00547316  0.02608533  0.09479742]
 [-0.09994156 -0.06549355  0.15281184 -0.05100455 -0.22778297]]
U = [[ 0.17144961 -0.2266492   0.15458748 -0.09210946  0.04198662]
 [-0.17769441 -0.07707863  0.38804817  0.1062863  -0.09074809]
 [ 0.2527944   0.02776327  0.16791308  0.11342159 -0.03590955]
 [ 0.22938655  0.29447707  0.31115235 -0.03701553  0.48865691]
 [-0.16446907  0.11360961  0.39824099  0.24808044 -0.20617593]]
Matrix Pair 43; W = [[ 0.02749663  0.17372508 -0.05524632  0.18178431 -0.06913808]
 [ 0.03929067  0.08232096 -0.02842044 -0.09179643  0.23958214]
 [ 0.03523315  0.09399291 -0.22666945 -0.20027346  0.02801038]
 [ 0.03980892  0.19608014 -0.05615658  0.01483439  0.1474268 ]
 [-0.08139065 -0.04986582  0.20535961 -0.07001602 -0.23996169]]
U = [[ 0.19315388 -0.2361473   0.10923024 -0.04575473 -0.02705516]
 [-0.08298801 -0.00480032  0.45689808  0.04853647 -0.02962359]
 [ 0.216485    0.10400894  0.09220333  0.08940939 -0.0913582 ]
 [ 0.23494999  0.30698217  0.2591047  -0.02752659  0.4971784 ]
 [-0.12032761  0.16843606  0.48098053  0.20874722 -0.20137994]]
Matrix Pair 44; W = [[ 0.03051971  0.09983407  0.07501244  0.15212664 -0.00691757]
 [ 0.05389932 -0.2798488  -0.06084281  0.05251198  0.11039067]
 [-0.04682783 -0.08654122 -0.11950391  0.03191094  0.15873486]
 [-0.16088201 -0.15732641 -0.14966083  0.4280049  -0.09133984]
 [-0.01671343 -0.17489407  0.25283332  0.11155826  0.06684112]]
U = [[ 0.32590291  0.20765935  0.25239466 -0.2722724  -0.02270038]
 [ 0.06467841  0.11203352  0.24572689  0.29534188 -0.11864299]
 [ 0.32919456 -0.00061184  0.18999849  0.23908918  0.1170148 ]
 [ 0.21631581  0.071609   -0.0214193  -0.0470465   0.03341662]
 [ 0.11783544  0.34066692  0.46241716 -0.07725814  0.04888969]]
Matrix Pair 45; W = [[ 0.03792623  0.10234007  0.10076481  0.13915131  0.03875359]
 [ 0.11554177 -0.24900898 -0.07557483 -0.00102344  0.07709225]
 [ 0.00297632 -0.06662289 -0.08235432 -0.00729229  0.11346744]
 [-0.14480982 -0.20674998 -0.12161039  0.39303481 -0.16757008]
 [-0.08430565 -0.11505775  0.20787769  0.10913147 -0.01087574]]
U = [[ 0.34134743  0.1506122   0.25885463 -0.20104447 -0.03581286]
 [ 0.09516003  0.14316794  0.22909002  0.33249442 -0.0690252 ]
 [ 0.29019879 -0.0305586   0.21724468  0.2836826   0.16382819]
 [ 0.25922843  0.1397733  -0.03284977  0.00237961  0.08143884]
 [ 0.1050922   0.28886919  0.47684846 -0.06056977  0.05464397]]
Matrix Pair 46; W = [[-0.03689252  0.10936157  0.05347861  0.15094116  0.0608432 ]
 [ 0.12802708 -0.31333177 -0.05291609 -0.01369125  0.08702222]
 [ 0.04041924 -0.08226552 -0.13121832 -0.01585843  0.11734938]
 [-0.13723329 -0.13789627 -0.11467509  0.45308231 -0.12423557]
 [-0.084183   -0.16144206  0.29379596  0.07741294  0.03303423]]
U = [[ 0.38250831  0.21826213  0.31699024 -0.26316259  0.03302656]
 [ 0.032969    0.13713708  0.24898942  0.30502775 -0.04421408]
 [ 0.35113893  0.02009695  0.17215778  0.27441849  0.16001954]
 [ 0.28839612  0.12461786 -0.06390816 -0.04934566  0.088826  ]
 [ 0.16049027  0.34848948  0.38924159 -0.04180761  0.06998263]]
Matrix Pair 47; W = [[-0.00325892  0.17614234  0.10867185  0.13695366  0.08592461]
 [ 0.10028148 -0.24043027 -0.04029388  0.04242946  0.14399236]
 [ 0.00135388 -0.08139282 -0.10281426 -0.0299031   0.09968009]
 [-0.12731617 -0.22614347 -0.1417618   0.44488922 -0.11237467]
 [-0.03058152 -0.1502746   0.24936836  0.10285111  0.04429662]]
U = [[ 3.53155568e-01  2.08741695e-01  2.86298906e-01 -2.67375671e-01
   5.17557247e-02]
 [ 2.65062305e-02  8.45122551e-02  2.24534578e-01  2.68953491e-01
  -9.47059639e-02]
 [ 3.12793115e-01 -5.92584599e-05  2.44479718e-01  2.50050721e-01
   1.17351985e-01]
 [ 2.41390781e-01  1.17302291e-01 -2.23810228e-02 -3.36614864e-02
   6.99413913e-02]
 [ 8.60995302e-02  2.95323465e-01  4.56950400e-01 -1.12530708e-01
   1.27270589e-02]]
Matrix Pair 48; W = [[-0.17313899  0.02605064  0.40110841 -0.05476351 -0.12276128]
 [ 0.1932399  -0.25697922 -0.12543523  0.14044609  0.27340021]
 [ 0.05021427  0.33803473 -0.2595284  -0.0245719   0.13975976]
 [-0.21152664 -0.31626446  0.1922313  -0.09632336 -0.06471381]
 [-0.17374892 -0.43147517 -0.05355173  0.05317993 -0.10526808]]
U = [[-0.0261438  -0.02966111  0.30148738 -0.13717552  0.29233647]
 [-0.10784839  0.34589966  0.02011666  0.28013271  0.07952648]
 [ 0.28823126 -0.00894135  0.34527598 -0.06860824  0.18770148]
 [-0.06640728  0.30358765  0.21312635  0.12260932  0.21558807]
 [-0.30510005  0.21069001  0.32219021  0.25918112  0.02133563]]
Matrix Pair 49; W = [[-0.21327293 -0.03239093  0.34397878 -0.12794274 -0.16117206]
 [ 0.21557858 -0.24160316 -0.12329644  0.13863566  0.26593258]
 [ 0.02387203  0.32593901 -0.25233232 -0.08855519  0.17497339]
 [-0.19375094 -0.26254883  0.19360705 -0.0247588  -0.10079218]
 [-0.14972266 -0.42682905 -0.05726602  0.05969416 -0.13592618]]
U = [[ 0.05080212 -0.03630355  0.28496708 -0.15032126  0.22308377]
 [-0.04383545  0.31732686 -0.06008577  0.24840445  0.11383862]
 [ 0.24368391 -0.00145602  0.27681468 -0.01630698  0.15637649]
 [-0.05614499  0.25695564  0.21444065  0.10201281  0.28523326]
 [-0.28442339  0.26453793  0.38133753  0.26179211 -0.06811988]]
Matrix Pair 50; W = [[-0.12815557  0.02464602  0.42175635 -0.10423011 -0.14270461]
 [ 0.19277907 -0.21516265 -0.05970493  0.13579887  0.25937816]
 [ 0.04749372  0.29247297 -0.21983799 -0.08239219  0.11488149]
 [-0.21560508 -0.22599537  0.19995838  0.00055949 -0.14512843]
 [-0.16469317 -0.45592181 -0.03324546 -0.00047002 -0.1460595 ]]
U = [[ 0.07001644 -0.0395572   0.33138199 -0.14067098  0.28999915]
 [-0.08439327  0.27697092  0.00262436  0.2483188   0.07162303]
 [ 0.21468454 -0.06489909  0.277822   -0.00088094  0.16100831]
 [-0.04725623  0.2522428   0.15132754  0.15157177  0.21685142]
 [-0.30235354  0.28383451  0.3922251   0.17737486 -0.06149127]]
Matrix Pair 51; W = [[-0.15154426 -0.03163181  0.41977172 -0.09224513 -0.06963521]
 [ 0.20210822 -0.26456687 -0.0715559   0.15304516  0.33418513]
 [-0.00363739  0.35993757 -0.18204914 -0.09975018  0.15958115]
 [-0.18905806 -0.28017489  0.25465158 -0.07343672 -0.06823421]
 [-0.10343461 -0.39240846 -0.07670053 -0.02264448 -0.07265065]]
U = [[-0.01107257  0.02039868  0.31027915 -0.1208594   0.29238914]
 [-0.09906286  0.33864178  0.00105958  0.24950174  0.08770734]
 [ 0.27778135  0.00198983  0.3225976  -0.06903775  0.2111589 ]
 [ 0.00583606  0.27915023  0.22686397  0.1258099   0.27770541]
 [-0.24341661  0.241255    0.38811061  0.23314812 -0.02481477]]
Matrix Pair 52; W = [[-0.03232095  0.19376901 -0.16419902  0.1362526   0.13389371]
 [-0.35745165 -0.0546433  -0.10960284 -0.45492929 -0.01116879]
 [-0.16770608 -0.1128085  -0.28659979  0.00091525  0.10634406]
 [ 0.06171559  0.28949254  0.01726366 -0.12033427  0.20196823]
 [-0.11461171  0.21123286  0.07767984  0.26257662 -0.20398555]]
U = [[ 0.42985207 -0.30334355 -0.11962613 -0.09184161  0.13480325]
 [-0.18143047 -0.21246908  0.20347126  0.11751681 -0.08427412]
 [-0.01858959  0.14821672  0.34123653 -0.28259071  0.25152481]
 [ 0.12878424  0.48864977 -0.0914605   0.13145265 -0.17647984]
 [ 0.03614145 -0.18106853  0.39186436  0.21867271 -0.19834723]]
Matrix Pair 53; W = [[-0.01805343  0.1957507  -0.09970454  0.1217282   0.15366417]
 [-0.38523727 -0.02740913 -0.16281669 -0.37427461  0.00441882]
 [-0.2005079  -0.15140875 -0.3125138   0.01166335  0.14148156]
 [ 0.10762653  0.25919064  0.017879   -0.0436263   0.25235445]
 [-0.05740486  0.19889401  0.0244039   0.20034268 -0.14803728]]
U = [[ 0.45954886 -0.32818758 -0.06440795 -0.17617183  0.14499073]
 [-0.18156106 -0.18734752  0.27799194  0.04931595 -0.07922363]
 [-0.02329925  0.11492173  0.33001633 -0.24856708  0.23401565]
 [ 0.09127002  0.4551487  -0.15456016  0.05629982 -0.22120256]
 [ 0.04383753 -0.17512895  0.37678436  0.20020354 -0.2611444 ]]
Matrix Pair 54; W = [[-0.02290691  0.28926052 -0.13122195  0.1067765   0.10071706]
 [-0.30325273 -0.07939392 -0.14792164 -0.46402189  0.04986389]
 [-0.20722884 -0.13087922 -0.34878192 -0.02331169  0.18120149]
 [ 0.06709014  0.23544106  0.01590136 -0.10004177  0.28676028]
 [-0.10213949  0.21557342  0.07909135  0.2481826  -0.17577075]]
U = [[ 0.40314249 -0.29925548 -0.06769851 -0.13667539  0.20997921]
 [-0.22331313 -0.15656346  0.21341878  0.04396521 -0.11373311]
 [-0.00453846  0.11176076  0.2519533  -0.32281341  0.28126076]
 [ 0.13042167  0.43943773 -0.16341726  0.10476809 -0.17922788]
 [ 0.006473   -0.18948607  0.33506201  0.19126333 -0.18340681]]
Matrix Pair 55; W = [[-0.00808161  0.26883512 -0.10883204  0.10567567  0.10908756]
 [-0.30014141 -0.07976455 -0.12792833 -0.40776648 -0.01346602]
 [-0.23129705 -0.154648   -0.27388361 -0.0739285   0.12349159]
 [ 0.08647581  0.24593352  0.00821119 -0.08706989  0.24039467]
 [-0.03532301  0.16251934  0.11308641  0.24450907 -0.18538037]]
U = [[ 0.42934524 -0.28185289 -0.10697727 -0.08754553  0.2055282 ]
 [-0.1808174  -0.19938503  0.25025945  0.03727151 -0.0749935 ]
 [-0.03042778  0.05303916  0.26129578 -0.31881985  0.26925219]
 [ 0.09392115  0.43127678 -0.11491501  0.0659933  -0.2075002 ]
 [ 0.05093546 -0.10713349  0.32668871  0.20286796 -0.27499944]]
Matrix Pair 56; W = [[-0.11765275 -0.18942426 -0.0065203   0.29802779 -0.26550841]
 [ 0.37941684 -0.44181811 -0.00117856 -0.26925885  0.41032036]
 [-0.05404507  0.21383467  0.34031433 -0.37089122  0.42803999]
 [ 0.10007587  0.11065448  0.09941014  0.27757893  0.42821972]
 [-0.17871357  0.32185965 -0.27347934  0.25782735  0.36745844]]
U = [[-0.13430546 -0.2252399  -0.23209676 -0.06109448  0.14252165]
 [-0.12962925  0.293436   -0.22260777 -0.00485189  0.24097891]
 [ 0.02421435  0.03720642 -0.28576561  0.03947562  0.33228262]
 [-0.1164381  -0.08368203 -0.34499087  0.17584609  0.17202091]
 [-0.35210656 -0.07237887  0.06468886  0.02732661 -0.03572572]]
Matrix Pair 57; W = [[-0.19573016 -0.12558393  0.02224745  0.30624539 -0.26111532]
 [ 0.37271408 -0.37547084 -0.02171846 -0.29858715  0.40188448]
 [ 0.00908939  0.16547904  0.2554056  -0.42912208  0.45017243]
 [ 0.1253047   0.11078207  0.07788163  0.2383403   0.46808927]
 [-0.16308099  0.33574887 -0.29160072  0.21994112  0.30732851]]
U = [[-0.09902531 -0.1779805  -0.1624578  -0.07196409  0.13560317]
 [-0.10087761  0.3442946  -0.18451219 -0.0116225   0.20255619]
 [ 0.06778342  0.05652162 -0.26081374  0.08257036  0.31420445]
 [-0.12380335 -0.05258845 -0.26366052  0.17030912  0.15150283]
 [-0.39133819 -0.10353142  0.07004985  0.03943101 -0.01984282]]
Matrix Pair 58; W = [[-0.14664539 -0.20778482 -0.02529467  0.23000236 -0.28307245]
 [ 0.31054952 -0.40160927  0.00733235 -0.28702119  0.3958975 ]
 [-0.03194449  0.2578441   0.31782096 -0.4209657   0.49022698]
 [ 0.12250038  0.17200963  0.11501884  0.21763801  0.51313867]
 [-0.19114432  0.28798245 -0.31453207  0.18142107  0.37861053]]
U = [[-0.15138162 -0.21098047 -0.17362006 -0.10182652  0.12468947]
 [-0.18078752  0.27527131 -0.17906865 -0.01585927  0.23717407]
 [ 0.01600196  0.02950952 -0.3064719   0.02178888  0.2888387 ]
 [-0.10505814 -0.01678448 -0.30737484  0.15965878  0.19895518]
 [-0.33843708 -0.06466282  0.11727979  0.08396844 -0.09695051]]
Matrix Pair 59; W = [[-0.18881949 -0.12249874 -0.04373881  0.24446502 -0.22135791]
 [ 0.38106971 -0.42069044 -0.02558159 -0.26684914  0.3448599 ]
 [ 0.04096854  0.24355853  0.30220467 -0.41767618  0.45144311]
 [ 0.15300874  0.0808339   0.11607448  0.27529413  0.49602926]
 [-0.13891331  0.28514019 -0.24025415  0.25860583  0.35105347]]
U = [[-0.1295874  -0.17608301 -0.1734829  -0.05865832  0.16120134]
 [-0.18403441  0.25873682 -0.17523567 -0.03204225  0.21994449]
 [ 0.04937691  0.0247139  -0.26018153  0.05936381  0.36189009]
 [-0.17058327 -0.07808632 -0.2631156   0.11388555  0.13522912]
 [-0.35027604 -0.0554358   0.07075122  0.03145082 -0.00531573]]
Matrix Pair 60; W = [[-0.2341316   0.08340731 -0.00683138  0.03634076  0.04100266]
 [ 0.07386456  0.07738527 -0.10381083 -0.31650401  0.18495855]
 [-0.24946175  0.03428987  0.01494557  0.17715515  0.26840834]
 [-0.01164133  0.1708841  -0.11710825 -0.00341434  0.20235542]
 [-0.26914441 -0.01315982 -0.06726511 -0.17792298 -0.17715497]]
U = [[ 0.08857027  0.0043842   0.09163383  0.08949012  0.15063009]
 [-0.24372262 -0.18092302  0.24533301  0.28346212  0.03057328]
 [ 0.26842772 -0.203264   -0.07146798  0.32858046 -0.04110152]
 [-0.02910271  0.06051769  0.04262578 -0.1518014   0.19575248]
 [-0.02758126 -0.13006449  0.02759383  0.17733595 -0.06107198]]
Matrix Pair 61; W = [[-0.24097514  0.06236944  0.0160287   0.03517615  0.01090035]
 [ 0.11021906  0.10360606 -0.10143479 -0.36171144  0.11834718]
 [-0.2371369   0.02625471  0.06328387  0.23389164  0.35135313]
 [-0.04391346  0.20546738 -0.14024351 -0.03990803  0.19758205]
 [-0.18842573  0.01825428 -0.12419884 -0.13375033 -0.16958214]]
U = [[ 0.09448584  0.04365718  0.09867981  0.0611023   0.15320831]
 [-0.20634205 -0.17945333  0.29356851  0.2560217   0.07219383]
 [ 0.32942197 -0.18018234 -0.08200689  0.30698044 -0.10896628]
 [-0.05020133  0.04429964  0.10289419 -0.15784693  0.2294939 ]
 [-0.07862704 -0.05856868  0.05291196  0.17611409 -0.04505037]]
Matrix Pair 62; W = [[-0.23647156  0.0460421  -0.00618577  0.05941374  0.00577731]
 [ 0.12453748  0.1277493  -0.06815966 -0.32289783  0.17472387]
 [-0.28352551  0.09311628 -0.01024732  0.18859521  0.26278746]
 [ 0.00970433  0.1889336  -0.18997248  0.02030288  0.17401192]
 [-0.19103622 -0.05694181 -0.09277078 -0.16756659 -0.11373417]]
U = [[ 0.03478803  0.08537586  0.08975977  0.11076462  0.17174339]
 [-0.16618115 -0.14911434  0.22225473  0.19927728  0.06788511]
 [ 0.30275379 -0.1992746  -0.06715497  0.32643123 -0.04325228]
 [-0.03358726  0.05822967  0.0445553  -0.09101139  0.18160057]
 [-0.03889999 -0.14352713  0.07760156  0.22583814 -0.06915311]]
Matrix Pair 63; W = [[-0.2749688   0.08892506 -0.01550295 -0.0274036   0.03904988]
 [ 0.15298382  0.07593367 -0.08258859 -0.34031374  0.10156826]
 [-0.31015454  0.0303869   0.02943271  0.22474511  0.28727745]
 [ 0.03131376  0.12182386 -0.18420425  0.04085524  0.15980253]
 [-0.22654908 -0.00624071 -0.04104847 -0.1043755  -0.20142026]]
U = [[ 0.00361647  0.04844004  0.08193944  0.09563166  0.09590799]
 [-0.16066563 -0.13020335  0.24309234  0.26857718  0.09172186]
 [ 0.34106033 -0.21045311 -0.09826596  0.29911092 -0.10213233]
 [-0.09307506  0.063368    0.10555999 -0.10259695  0.20998837]
 [-0.00347774 -0.1362078   0.09712715  0.19964241 -0.07995805]]
