Epoch: 47Matrix Pair 0; W = [[ 0.11824004  0.03481378  0.19298552 -0.15995587 -0.07230651]
 [-0.12636974 -0.38985617 -0.08522284  0.26344495 -0.08873623]
 [-0.06959311  0.04457999 -0.14076175  0.0893189  -0.08113203]
 [ 0.01590196  0.0785056   0.08182506 -0.0933993  -0.04134944]
 [-0.11911624 -0.09963948 -0.26912448 -0.23138392 -0.03763839]]
U = [[ 0.20703367  0.22722708  0.25372727  0.32857987  0.01787231]
 [-0.22711968 -0.14475676  0.01623176  0.16399237  0.23485236]
 [ 0.05807657 -0.10094932 -0.11722573 -0.15668195  0.24827846]
 [ 0.17766776 -0.13203758  0.23150718 -0.12018593 -0.10626572]
 [-0.0833018   0.00807771 -0.2705808   0.0028477  -0.02205201]]
Matrix Pair 1; W = [[ 0.13136418  0.00381218  0.20085253 -0.08176569 -0.01655402]
 [-0.1463322  -0.44244374 -0.15860235  0.25571255 -0.09067819]
 [-0.05624591  0.08961015 -0.09070029  0.12715532 -0.10399073]
 [-0.0246754   0.09371159  0.1241495  -0.06559382 -0.03848628]
 [-0.18851026 -0.10059629 -0.3303997  -0.22046351 -0.04570503]]
U = [[ 0.22820717  0.23707219  0.31723549  0.30865312  0.01744572]
 [-0.28611985 -0.09533576  0.08849079  0.16591508  0.26182342]
 [ 0.0587366  -0.17465832 -0.12093089 -0.16953876  0.18753089]
 [ 0.2718774  -0.04742817  0.24784641 -0.15704271 -0.0655675 ]
 [ 0.00130223 -0.00320292 -0.18499359 -0.0508398  -0.03866448]]
Matrix Pair 2; W = [[ 0.12826768  0.03774946  0.1155859  -0.08152385 -0.08864792]
 [-0.07215427 -0.37964393 -0.16529632  0.20110322 -0.09798711]
 [-0.06159839  0.04214148 -0.09151171  0.1264985  -0.10689314]
 [ 0.03607691  0.07225428  0.12937788 -0.08667594 -0.03900935]
 [-0.1410299  -0.08154167 -0.31556991 -0.19945152 -0.05194835]]
U = [[ 0.23675979  0.22881304  0.26551743  0.35816061 -0.02184325]
 [-0.21161971 -0.14601268  0.01253939  0.10810649  0.23607812]
 [ 0.1090682  -0.09729018 -0.14813589 -0.13187605  0.17319333]
 [ 0.27146476 -0.05280828  0.27263893 -0.14574236 -0.09998915]
 [-0.04595763  0.01193702 -0.23966814  0.03636827 -0.03334847]]
Matrix Pair 3; W = [[ 0.12473452  0.03905568  0.15252394 -0.11619178 -0.05637023]
 [-0.11399842 -0.40209288 -0.08852079  0.21371133 -0.07952955]
 [-0.14658609  0.03839639 -0.10486352  0.13772113 -0.15023313]
 [ 0.01508642  0.10641519  0.10984662 -0.07211844 -0.02862267]
 [-0.15492298 -0.10776498 -0.31905956 -0.20766413  0.01787709]]
U = [[ 0.22341592  0.16599053  0.24575179  0.38234995  0.02904247]
 [-0.23523359 -0.13399916  0.07016278  0.09330468  0.2551921 ]
 [ 0.06752298 -0.10399642 -0.15189094 -0.18733799  0.1964472 ]
 [ 0.21227724 -0.11084782  0.19979247 -0.16397574 -0.09136104]
 [-0.07834075 -0.03597081 -0.24560432 -0.04344761 -0.03157983]]
Matrix Pair 4; W = [[ 0.09994216  0.07241976  0.16080447 -0.09872741 -0.06230233]
 [-0.15036383 -0.36992805 -0.17852553  0.25300995 -0.12410585]
 [-0.13924793  0.06008078 -0.14286011  0.1028079  -0.12403276]
 [ 0.02537367  0.14237369  0.09813677 -0.1235799  -0.0806052 ]
 [-0.15923455 -0.09910495 -0.34955034 -0.1469255  -0.02490565]]
U = [[ 0.20993449  0.1958333   0.31574438  0.33915507 -0.02379524]
 [-0.24908942 -0.13458602  0.02188839  0.12391411  0.18957058]
 [ 0.13310482 -0.10022511 -0.11817257 -0.15196746  0.15580194]
 [ 0.22395565 -0.06664408  0.25509042 -0.15110554 -0.12286704]
 [-0.00551507 -0.01647947 -0.2700227  -0.04871929 -0.08860896]]
Matrix Pair 5; W = [[ 0.12384889 -0.00668228  0.18724627 -0.15279087 -0.09586529]
 [-0.14779378 -0.43900562 -0.17679446  0.2014883  -0.13486544]
 [-0.11559188  0.08973077 -0.17424308  0.11400119 -0.10641067]
 [ 0.02896855  0.06695983  0.14053501 -0.0849716  -0.08261255]
 [-0.11190428 -0.08352209 -0.27290692 -0.2147713  -0.03766062]]
U = [[ 0.21724838  0.23800896  0.25092776  0.37896232 -0.03749205]
 [-0.23379711 -0.0896892   0.09056221  0.16540145  0.23054892]
 [ 0.06435903 -0.13850653 -0.15137139 -0.16481227  0.23896587]
 [ 0.27132395 -0.04576315  0.20411625 -0.11182402 -0.07340536]
 [-0.03726465 -0.0402522  -0.23304681 -0.04183734 -0.01477272]]
Matrix Pair 6; W = [[ 0.14729714  0.0644227   0.13689737 -0.10318239 -0.04691189]
 [-0.10352482 -0.40070377 -0.11307985  0.24819723 -0.08076497]
 [-0.09156232  0.06853221 -0.08444898  0.13618972 -0.1414498 ]
 [ 0.01812915  0.0482979   0.17202719 -0.1307456  -0.08160851]
 [-0.15974036 -0.17042298 -0.34655748 -0.23202684 -0.01184399]]
U = [[ 2.33988664e-01  1.89437478e-01  2.91521245e-01  3.41190734e-01
   2.25720670e-04]
 [-2.70138609e-01 -6.19967095e-02  3.86707097e-02  1.27999730e-01
   2.77077528e-01]
 [ 1.21240773e-01 -1.01718011e-01 -1.17817496e-01 -2.15212966e-01
   1.89841271e-01]
 [ 2.27768562e-01 -3.68831036e-02  2.14032535e-01 -1.15169823e-01
  -1.22886351e-01]
 [-1.99061893e-02  4.21351173e-03 -2.35647840e-01 -3.95434494e-02
  -5.38965222e-02]]
Matrix Pair 7; W = [[ 0.17107054  0.01681534  0.1513688  -0.09330402 -0.07896766]
 [-0.11320569 -0.4169596  -0.13724032  0.23499697 -0.07166051]
 [-0.08953395  0.08615786 -0.12172689  0.1240835  -0.0874832 ]
 [ 0.03736444  0.08584787  0.1114532  -0.0661341  -0.08532814]
 [-0.16684019 -0.14771224 -0.26981142 -0.14603173  0.01453221]]
U = [[ 0.25627835  0.24348365  0.25635191  0.33264177 -0.06843385]
 [-0.22141526 -0.09897149  0.10453683  0.1409517   0.21825779]
 [ 0.10477741 -0.09882618 -0.122007   -0.16755968  0.20333335]
 [ 0.19264259 -0.12708841  0.26265764 -0.09067608 -0.08327974]
 [-0.06079775 -0.01267584 -0.21423374 -0.00951284 -0.0367865 ]]
Matrix Pair 8; W = [[ 0.10598661  0.02604468  0.15295845 -0.13165823 -0.10291689]
 [-0.12724113 -0.39605726 -0.08445202  0.25884656 -0.05167109]
 [-0.08826235  0.02643656 -0.15034986  0.07546766 -0.14959645]
 [ 0.03651669  0.09801237  0.15363357 -0.07599372 -0.04815916]
 [-0.19864962 -0.16515917 -0.29982083 -0.15717641 -0.01630656]]
U = [[ 0.22727687  0.18073712  0.26871603  0.30769321  0.01104478]
 [-0.30077294 -0.112198    0.08579141  0.13841167  0.25970471]
 [ 0.05530767 -0.13356817 -0.11760487 -0.21974037  0.24024539]
 [ 0.23484447 -0.12899202  0.20283074 -0.17134523 -0.11875714]
 [-0.07424513 -0.01201833 -0.26797184  0.00113648 -0.09398377]]
Matrix Pair 9; W = [[ 0.11528463  0.0265215   0.17261988 -0.1609374  -0.07155652]
 [-0.07665858 -0.35445117 -0.09856753  0.25924628 -0.0572368 ]
 [-0.06090658  0.02924423 -0.1524789   0.07062794 -0.06480574]
 [ 0.04019705  0.08898954  0.15378505 -0.09196123 -0.06916241]
 [-0.17486626 -0.09816165 -0.31929633 -0.19323322 -0.02282321]]
U = [[ 0.18727327  0.23454438  0.26948277  0.35608726 -0.06929502]
 [-0.27875269 -0.10370729  0.08134773  0.17373861  0.19974708]
 [ 0.08987293 -0.14727516 -0.15771731 -0.2133838   0.16313064]
 [ 0.24997107 -0.12448406  0.25857756 -0.15477506 -0.09362382]
 [-0.07726504  0.03288199 -0.24219119  0.01769159 -0.04842269]]
Matrix Pair 10; W = [[ 0.10423722  0.06542857  0.14043351 -0.08605992 -0.08668678]
 [-0.07706679 -0.36535074 -0.12084954  0.25918354 -0.06884976]
 [-0.07434864  0.07795196 -0.15039818  0.11452558 -0.11589447]
 [ 0.05790401  0.09531975  0.11605025 -0.06233317 -0.07361756]
 [-0.11140833 -0.15296802 -0.26276462 -0.20787119 -0.00583099]]
U = [[ 0.2566974   0.22396586  0.23691875  0.37011827  0.02831714]
 [-0.29455112 -0.08997226  0.09526883  0.16665749  0.21063789]
 [ 0.13520236 -0.13723534 -0.10910701 -0.19578761  0.19489138]
 [ 0.17676934 -0.13075622  0.29384437 -0.1567275  -0.03444041]
 [-0.00471706 -0.02357394 -0.19594645 -0.02788849 -0.02246786]]
Matrix Pair 11; W = [[ 0.11624448  0.05888765  0.1557604  -0.11279528 -0.05417958]
 [-0.1201024  -0.40251661 -0.12565332  0.20820325 -0.13417567]
 [-0.0638243   0.00204262 -0.09528289  0.09457777 -0.14339173]
 [ 0.00492776  0.09651185  0.16756837 -0.15547072 -0.07403374]
 [-0.11233948 -0.11861786 -0.29990234 -0.22339549 -0.03283212]]
U = [[ 0.19632849  0.1652877   0.24616209  0.37862873 -0.06402434]
 [-0.29031134 -0.09748764  0.09209539  0.10821804  0.22557603]
 [ 0.07697974 -0.09739921 -0.12637441 -0.13712399  0.19747838]
 [ 0.19193816 -0.06048357  0.24949533 -0.11236264 -0.09229012]
 [-0.07151958 -0.06011539 -0.23949641 -0.043576   -0.0161419 ]]
Matrix Pair 12; W = [[ 0.13416144  0.00221483  0.17248013 -0.16700625 -0.07759955]
 [-0.10289656 -0.34804141 -0.14025169  0.27704966 -0.12192381]
 [-0.14390123  0.02309763 -0.1595639   0.13971185 -0.116591  ]
 [ 0.00465618  0.10883042  0.09943745 -0.07823012 -0.07248564]
 [-0.19953568 -0.12872849 -0.33102188 -0.21808541  0.01306908]]
U = [[ 0.24996906  0.16961537  0.31671438  0.33608703  0.01201921]
 [-0.26788331 -0.07341057  0.04844198  0.12614436  0.26587339]
 [ 0.14477384 -0.08052367 -0.10884909 -0.1227646   0.23672297]
 [ 0.2485607  -0.10284116  0.20486448 -0.10726955 -0.09322965]
 [-0.00787292 -0.0242059  -0.26322878 -0.03599872 -0.08638679]]
Matrix Pair 13; W = [[ 1.63142907e-01 -1.26095209e-02  1.61604831e-01 -8.16656083e-02
  -1.71918434e-02]
 [-1.27437714e-01 -3.64661206e-01 -1.07591333e-01  2.00431974e-01
  -5.52222723e-02]
 [-9.08741578e-02 -3.44859350e-04 -1.09705607e-01  6.46525650e-02
  -1.45127536e-01]
 [ 3.21930276e-02  8.21204765e-02  1.27818560e-01 -9.68277203e-02
  -6.98340150e-02]
 [-1.82931300e-01 -9.61862460e-02 -3.15084988e-01 -1.57784519e-01
  -5.22771459e-02]]
U = [[ 0.24997809  0.14914106  0.30015916  0.34426243  0.00058421]
 [-0.28505687 -0.08999705  0.03418784  0.09846789  0.18612204]
 [ 0.07290446 -0.09801266 -0.15489482 -0.15735872  0.15305549]
 [ 0.21373711 -0.10976773  0.284492   -0.1283063  -0.08785297]
 [-0.0900438  -0.06095295 -0.26959933 -0.05039349 -0.03811518]]
Matrix Pair 14; W = [[ 0.13291116  0.07035922  0.12541849 -0.07700364 -0.09480938]
 [-0.1643532  -0.36460917 -0.1828932   0.27777747 -0.0944585 ]
 [-0.14493438  0.02261659 -0.15090676  0.11628397 -0.09356363]
 [-0.02813595  0.14136389  0.13529396 -0.09136376 -0.08847598]
 [-0.17123741 -0.13844178 -0.3517544  -0.21582501 -0.01661954]]
U = [[ 0.25750532  0.2415917   0.27114688  0.34314582  0.00088538]
 [-0.24593174 -0.09090346  0.08009561  0.19088253  0.25098504]
 [ 0.12029882 -0.08785072 -0.11425881 -0.1877745   0.20189158]
 [ 0.23640317 -0.03522943  0.23258125 -0.08705564 -0.05416507]
 [-0.00599621 -0.02133092 -0.18928723 -0.00327299 -0.09794349]]
Matrix Pair 15; W = [[ 0.12162005  0.00817351  0.13855291 -0.1126991  -0.06016155]
 [-0.07672719 -0.38459917 -0.16016063  0.29682388 -0.03680849]
 [-0.10187623  0.0842019  -0.15935116  0.09148    -0.08347518]
 [ 0.05940905  0.0652987   0.14638486 -0.07797124 -0.05285734]
 [-0.13808616 -0.07680103 -0.3215129  -0.17576117 -0.02818906]]
U = [[ 0.26714036  0.157551    0.31495623  0.31086857 -0.03067909]
 [-0.25538643 -0.12352896  0.05326287  0.17991477  0.22944497]
 [ 0.12547697 -0.10363596 -0.14063632 -0.14757641  0.15587809]
 [ 0.26222343 -0.06723104  0.1990333  -0.09049768 -0.04918738]
 [-0.0083586  -0.03477287 -0.17880747  0.01530322 -0.07576266]]
Matrix Pair 16; W = [[ 1.37542512e-01  8.13031808e-03  1.78953566e-01 -8.94245661e-02
  -1.64490715e-04]
 [-1.58366706e-01 -3.81282153e-01 -9.85297309e-02  2.67526172e-01
  -7.34043915e-02]
 [-9.95753076e-02  5.18008826e-02 -8.54895135e-02  1.15925891e-01
  -1.07387176e-01]
 [ 8.84754475e-02  6.43902588e-04  1.19571037e-01 -6.71728353e-02
  -1.20002433e-01]
 [-2.14518596e-01 -1.15614869e-01 -2.63276746e-01 -1.46631763e-01
  -4.43263201e-02]]
U = [[ 0.25114745  0.21321987  0.27797235  0.32582739 -0.01445037]
 [-0.29500685 -0.03382169  0.00625213  0.13789695  0.20581426]
 [ 0.14402542 -0.15618877 -0.12053088 -0.07824649  0.2144817 ]
 [ 0.23248818 -0.11564229  0.26137796 -0.14773888 -0.04082691]
 [-0.06852174 -0.00447786 -0.20952856  0.03158705 -0.10938731]]
Matrix Pair 17; W = [[ 0.11681111  0.07105418  0.14231712 -0.1222996   0.00174914]
 [-0.09781065 -0.38936069 -0.12926512  0.29262312 -0.12811945]
 [-0.11108494  0.0200723  -0.1231541   0.04729212 -0.11440511]
 [ 0.04473554  0.03273294  0.09337359 -0.1057579  -0.09610998]
 [-0.14071799 -0.13207995 -0.28039383 -0.14538775  0.04350967]]
U = [[ 0.21181378  0.18268864  0.27238311  0.30462624 -0.0042635 ]
 [-0.30937046 -0.10902898 -0.0213903   0.12498355  0.20667506]
 [ 0.1042274  -0.13082756 -0.11109612 -0.13803871  0.17651848]
 [ 0.20351433 -0.06045396  0.28346245 -0.10525305 -0.04686732]
 [-0.08114911  0.01839662 -0.1859317  -0.01705705 -0.07935909]]
Matrix Pair 18; W = [[ 0.14773202  0.05139765  0.09667885 -0.13966234 -0.02738943]
 [-0.15435185 -0.41067    -0.08256638  0.21934754 -0.06028757]
 [-0.07372386  0.01343773 -0.07987708  0.05204204 -0.09760348]
 [ 0.08270167  0.02245577  0.03612361 -0.04905799 -0.05431528]
 [-0.16902644 -0.10730713 -0.26056108 -0.12307134  0.03626852]]
U = [[ 0.2261736   0.18028727  0.27391721  0.33293079 -0.04041533]
 [-0.27600353 -0.10534765  0.01984366  0.09527036  0.19349331]
 [ 0.09827735 -0.11234561 -0.11935921 -0.15630026  0.17150481]
 [ 0.23743798 -0.06441992  0.19127517 -0.08966453 -0.09360659]
 [-0.06314048 -0.04792219 -0.24437453 -0.01960914 -0.06958753]]
Matrix Pair 19; W = [[ 0.10202068  0.03027746  0.11584707 -0.12949435 -0.0168752 ]
 [-0.11580956 -0.39060117 -0.09749388  0.29289325 -0.06832567]
 [-0.07316463 -0.01392466 -0.07915553  0.09331791 -0.11058918]
 [ 0.08282745  0.05995429  0.05902942 -0.03962436 -0.10520499]
 [-0.22030601 -0.17579328 -0.26439436 -0.12626557 -0.02991329]]
U = [[ 0.16381303  0.14739989  0.3006297   0.37604653 -0.04924997]
 [-0.31004016 -0.09997607 -0.03010288  0.13451964  0.21615371]
 [ 0.11903391 -0.07900455 -0.15977451 -0.09544406  0.22832426]
 [ 0.2010029  -0.07941785  0.28730709 -0.08905874 -0.06619316]
 [-0.08236283  0.01804537 -0.2104732   0.02093539 -0.06860405]]
Matrix Pair 20; W = [[ 0.17661065  0.03930015  0.10756234 -0.14433315 -0.00853559]
 [-0.12235188 -0.39796846 -0.14788486  0.25770543 -0.11260146]
 [-0.08456827 -0.02259099 -0.14320558  0.07795054 -0.04294783]
 [ 0.007611    0.02333869  0.07735295 -0.03203705 -0.13175434]
 [-0.18588862 -0.09048342 -0.27501508 -0.12450038  0.00325556]]
U = [[ 0.17293424  0.15116588  0.30796106  0.31980175 -0.05592266]
 [-0.27652642 -0.08182335 -0.04502736  0.15948502  0.23332433]
 [ 0.10899805 -0.12910615 -0.13628901 -0.10775343  0.20796249]
 [ 0.18872074 -0.04158108  0.27718673 -0.06108585 -0.03800058]
 [-0.08580074 -0.03061148 -0.21893123  0.00921752 -0.05332225]]
Matrix Pair 21; W = [[ 0.109187    0.0532862   0.16638821 -0.13480715 -0.07326877]
 [-0.17525764 -0.38272992 -0.1061559   0.26277166 -0.07956836]
 [-0.11139103  0.05645907 -0.09978526  0.0606053  -0.06741296]
 [ 0.03651129  0.01951841  0.05942674 -0.11882352 -0.12055631]
 [-0.18541482 -0.15790663 -0.32134834 -0.09640614 -0.02433428]]
U = [[ 0.25399918  0.18631144  0.24075843  0.30622489  0.00401426]
 [-0.29452602 -0.11883878 -0.0251723   0.17209764  0.2052158 ]
 [ 0.11297839 -0.1589689  -0.19132575 -0.10132473  0.1479521 ]
 [ 0.1978471  -0.04437777  0.25074136 -0.14681727 -0.04082743]
 [-0.09059555  0.01538119 -0.20570613 -0.00842656 -0.09675276]]
Matrix Pair 22; W = [[ 0.11471535  0.03009704  0.16039607 -0.1039005  -0.03414293]
 [-0.14148519 -0.3591868  -0.1349157   0.26780977 -0.11832797]
 [-0.02417009  0.01932919 -0.16208554  0.08389987 -0.12424717]
 [ 0.10473018  0.02239323  0.04939648 -0.11688913 -0.07221248]
 [-0.2127893  -0.10211237 -0.28735558 -0.09310641  0.01692673]]
U = [[ 0.25613262  0.22923459  0.24065665  0.30590594 -0.0427882 ]
 [-0.28570435 -0.06679673  0.0173518   0.12923925  0.16471289]
 [ 0.1534675  -0.09403162 -0.14260665 -0.15189644  0.19916719]
 [ 0.22935266 -0.07936914  0.20315264 -0.11129042 -0.08103518]
 [-0.09396411 -0.02297663 -0.22645335 -0.0472031  -0.06210223]]
Matrix Pair 23; W = [[ 0.16664198  0.05217077  0.16539527 -0.13944742 -0.00789488]
 [-0.1452496  -0.34108038 -0.14956277  0.27715601 -0.11781438]
 [-0.02339772  0.03148766 -0.17248572  0.11004054 -0.04620913]
 [ 0.03199523  0.07854558  0.12437694 -0.05767957 -0.12488546]
 [-0.23001193 -0.18156367 -0.3012395  -0.12977085 -0.0445226 ]]
U = [[ 0.17448575  0.16162201  0.23622053  0.39010471  0.01703883]
 [-0.28360901 -0.06673683  0.0179137   0.08763608  0.14197696]
 [ 0.12525417 -0.14507534 -0.15271652 -0.11511087  0.18873013]
 [ 0.23788397 -0.03063088  0.2282195  -0.052627   -0.06290503]
 [-0.06499116  0.00580595 -0.25701012 -0.01345159 -0.06934516]]
Matrix Pair 24; W = [[ 0.15842087  0.05993859  0.18948352 -0.12232312 -0.0544077 ]
 [-0.12536602 -0.38717425 -0.1055775   0.256158   -0.06293471]
 [-0.05633801 -0.02570784 -0.09669009  0.12026403 -0.11000109]
 [ 0.06061303  0.08391238  0.03876861 -0.06030918 -0.10177438]
 [-0.18743109 -0.13780616 -0.28872849 -0.1550835   0.00518167]]
U = [[ 0.19067822  0.2077763   0.27772374  0.32853141 -0.03739331]
 [-0.32483068 -0.12373284 -0.0200888   0.14928282  0.13739998]
 [ 0.09815903 -0.14998019 -0.17385843 -0.11232057  0.24544677]
 [ 0.2587495  -0.09382666  0.27517954 -0.14774454 -0.07373252]
 [-0.04438078 -0.00279843 -0.20523684  0.01908893 -0.09467946]]
Matrix Pair 25; W = [[ 0.12032465 -0.0028131   0.18982392 -0.09046879 -0.02291369]
 [-0.19161852 -0.40135595 -0.12717426  0.22949049 -0.13474762]
 [-0.09979825  0.04015507 -0.16524991  0.14245309 -0.05398282]
 [ 0.08255721  0.03132063  0.08355729 -0.07884319 -0.11564811]
 [-0.18178082 -0.13220636 -0.27212174 -0.08076718 -0.04851182]]
U = [[ 0.2236267   0.14808994  0.24736245  0.33895009 -0.05046166]
 [-0.25254897 -0.07472251 -0.02034563  0.17667174  0.13961391]
 [ 0.1104898  -0.08014757 -0.11376089 -0.07539242  0.17011544]
 [ 0.26713167 -0.03368203  0.24575968 -0.12650651 -0.09166384]
 [-0.1190637   0.03290655 -0.17685874  0.04461239 -0.09164357]]
Matrix Pair 26; W = [[ 0.09979723 -0.019131    0.12587202 -0.13787976 -0.01279291]
 [-0.16525301 -0.36190675 -0.10470852  0.21452717 -0.0541148 ]
 [-0.06394646  0.00795541 -0.13754904  0.08783885 -0.09963663]
 [ 0.02636631  0.09146379  0.04690711 -0.08632541 -0.08665935]
 [-0.15226625 -0.13787747 -0.29700806 -0.14865604  0.03221227]]
U = [[ 0.17129922  0.1804342   0.22042526  0.40169393  0.03262119]
 [-0.26891881 -0.12011815 -0.00601586  0.08410787  0.18551993]
 [ 0.07449613 -0.07478878 -0.11905909 -0.15180185  0.17990358]
 [ 0.20044526 -0.07979389  0.28271138 -0.12577629 -0.04381207]
 [-0.08875389  0.0124159  -0.19663323 -0.03009767 -0.05925159]]
Matrix Pair 27; W = [[ 1.22234012e-01  7.04772530e-02  1.10816436e-01 -1.56699680e-01
  -8.35218408e-02]
 [-1.27949002e-01 -3.92808573e-01 -9.87688338e-02  2.20725071e-01
  -7.38578959e-02]
 [-8.47118460e-02 -4.62519461e-03 -1.35708925e-01  9.73753592e-02
  -5.10349566e-02]
 [ 6.91167425e-02  1.77018477e-04  7.47849761e-02 -4.12635523e-02
  -8.29103067e-02]
 [-1.35448710e-01 -1.73594443e-01 -3.09765311e-01 -1.64922449e-01
  -2.93112813e-02]]
U = [[ 0.2222965   0.16011076  0.29263325  0.39454062  0.00534897]
 [-0.32160939 -0.09002047  0.03700302  0.11281585  0.15226745]
 [ 0.103191   -0.10803879 -0.14035425 -0.15032604  0.19066177]
 [ 0.18006918 -0.12420003  0.2031448  -0.11215421 -0.05239346]
 [-0.03703611 -0.0560539  -0.23205319  0.02986655 -0.14871746]]
Matrix Pair 28; W = [[ 0.16508917  0.07715622  0.15439996 -0.13088746  0.00232158]
 [-0.09693979 -0.37409589 -0.14112279  0.26228777 -0.08519208]
 [-0.08383079 -0.01865778 -0.14373161  0.04705751 -0.05710694]
 [ 0.08407493  0.03792305  0.13219138 -0.09933584 -0.10348438]
 [-0.15893809 -0.15818173 -0.31924127 -0.1610673  -0.01874814]]
U = [[ 0.18097749  0.18204551  0.24087543  0.34257189 -0.03131868]
 [-0.24266975 -0.03527613 -0.00598946  0.15248939  0.19710769]
 [ 0.10889456 -0.14023295 -0.1216784  -0.15410972  0.17701784]
 [ 0.25472427 -0.05444811  0.2681759  -0.1492394  -0.01829844]
 [-0.10970721  0.01411083 -0.25604433  0.03217694 -0.06986575]]
Matrix Pair 29; W = [[ 0.18840002 -0.00243897  0.10880344 -0.11218903 -0.01347224]
 [-0.17586242 -0.36615561 -0.12150677  0.22073353 -0.0813997 ]
 [-0.05367899 -0.00605272 -0.14193711  0.07373294 -0.10361516]
 [ 0.05479171  0.02613949  0.05658501 -0.08112765 -0.11877302]
 [-0.21395756 -0.1283031  -0.28183262 -0.09930778  0.04159736]]
U = [[ 0.1917286   0.22543936  0.23204098  0.39973033  0.00424199]
 [-0.24838683 -0.09723832  0.00883437  0.09820238  0.21325009]
 [ 0.14417272 -0.16626443 -0.18792666 -0.13649054  0.21796332]
 [ 0.20593832 -0.09488895  0.20590705 -0.1477392  -0.06552145]
 [-0.11461504  0.01715748 -0.24439918  0.01403406 -0.13950074]]
Matrix Pair 30; W = [[ 0.09827703  0.03081293  0.18235169 -0.08337634 -0.0636598 ]
 [-0.10137236 -0.37165517 -0.06111088  0.23085678 -0.06296416]
 [-0.06649032  0.04535426 -0.10458617  0.14224347 -0.05586502]
 [ 0.0667758   0.0069259   0.05518771 -0.04469049 -0.06086094]
 [-0.14746417 -0.15480705 -0.31383648 -0.13843246 -0.00433594]]
U = [[ 0.17812727  0.23015984  0.30534401  0.32289513  0.01566012]
 [-0.28958086 -0.11749098  0.04747923  0.11107889  0.17668948]
 [ 0.15438967 -0.13056478 -0.17633981 -0.10266918  0.1870244 ]
 [ 0.20206218 -0.04355708  0.20374677 -0.07887105 -0.0745649 ]
 [-0.10630573 -0.05903801 -0.17336773  0.00986581 -0.07878519]]
Matrix Pair 31; W = [[ 0.1518266   0.04336269  0.14774628 -0.15810024 -0.05349144]
 [-0.14820447 -0.37455641 -0.1452349   0.21347468 -0.11966863]
 [-0.04270497 -0.0225672  -0.12371618  0.1370146  -0.03547965]
 [ 0.09326619  0.04264787  0.12513877 -0.06963505 -0.06314049]
 [-0.19981738 -0.16773408 -0.31102249 -0.08948973 -0.05198738]]
U = [[ 0.23968963  0.21353075  0.27908237  0.34531944 -0.01400733]
 [-0.30891721 -0.11978962 -0.0052104   0.17326662  0.20681038]
 [ 0.09062107 -0.11535456 -0.13154901 -0.13499032  0.2418079 ]
 [ 0.18655564 -0.12622627  0.22693097 -0.11480441 -0.0973091 ]
 [-0.08895734 -0.0126645  -0.25893124 -0.00320217 -0.07427223]]
Matrix Pair 32; W = [[ 1.85939912e-01  8.73452387e-02  1.31944222e-01 -4.71678059e-02
  -2.95822487e-02]
 [-1.42957741e-01 -3.70427129e-01 -1.20556248e-01  2.69056783e-01
  -1.43769123e-01]
 [-3.93891873e-02  3.04083994e-02 -1.00517740e-01  3.39529576e-04
  -1.01846185e-01]
 [-5.29993333e-02  1.02080430e-01  1.32827507e-01 -7.00581119e-02
  -1.02945174e-01]
 [-1.27817074e-01 -1.09961282e-01 -3.02942368e-01 -1.73979852e-01
  -5.63105760e-02]]
U = [[ 0.19836042  0.1351671   0.38077056  0.3253371  -0.05487399]
 [-0.36292589 -0.05230479  0.00336962  0.15388367  0.22572542]
 [ 0.10842077 -0.08140042 -0.18359094 -0.08238426  0.11589019]
 [ 0.10716447  0.01241052  0.16612105 -0.10966707 -0.05721648]
 [-0.08670361 -0.03704014 -0.20072508 -0.07304673 -0.06845144]]
Matrix Pair 33; W = [[ 0.23809187  0.06548705  0.08555676 -0.08917884  0.04735119]
 [-0.06775283 -0.3371366  -0.08570255  0.22349839 -0.15802794]
 [-0.04075993 -0.04849712 -0.16015985  0.07466781 -0.07432101]
 [-0.02838551  0.15721275  0.0966669  -0.08193346 -0.1141782 ]
 [-0.21214547 -0.11938209 -0.29534943 -0.11843667 -0.02291973]]
U = [[ 0.11903032  0.16857421  0.3517822   0.3782293  -0.02165905]
 [-0.39377096 -0.03524212  0.09368857  0.14343347  0.20021724]
 [ 0.05367755 -0.11852908 -0.18728921 -0.02034101  0.15895838]
 [ 0.10335928  0.00292542  0.20339547 -0.12582033 -0.12270243]
 [-0.03186391  0.00849981 -0.21298563 -0.06037505 -0.00644024]]
Matrix Pair 34; W = [[ 0.15140737  0.0618813   0.0823606  -0.08301973 -0.00500906]
 [-0.14495784 -0.39784439 -0.03203507  0.31724693 -0.13815349]
 [-0.03940557  0.03069078 -0.15739567 -0.0006201  -0.06034898]
 [-0.00481675  0.17245864  0.10022026 -0.08670258 -0.03032718]
 [-0.21351798 -0.08731845 -0.26130174 -0.15669679 -0.04624949]]
U = [[ 0.13240647  0.12772808  0.31801984  0.39983568 -0.03146572]
 [-0.37931417 -0.08296496  0.06097463  0.13113934  0.24875759]
 [ 0.08743825 -0.0945401  -0.14493733 -0.01332936  0.12215198]
 [ 0.13300915 -0.03921139  0.13873183 -0.09057472 -0.09760141]
 [-0.08610153 -0.04351884 -0.17423227 -0.02686681 -0.03631481]]
Matrix Pair 35; W = [[ 0.21669345  0.02815665  0.10023235 -0.02335029  0.00515596]
 [-0.0915312  -0.37995399 -0.03274719  0.29649652 -0.13019626]
 [-0.06829286 -0.06437065 -0.13602584  0.01876738 -0.11691217]
 [-0.03255847  0.16257622  0.12005357 -0.02892345 -0.05949042]
 [-0.17214761 -0.13029415 -0.26561112 -0.11401144 -0.10275247]]
U = [[ 0.10928849  0.19221067  0.40009112  0.34228489 -0.06422304]
 [-0.33053582 -0.06780895  0.00826653  0.09393423  0.25859109]
 [ 0.05393613 -0.10127049 -0.23936547 -0.04657568  0.14876493]
 [ 0.10425253 -0.0209161   0.15483475 -0.11182895 -0.11081291]
 [-0.07556622 -0.01686097 -0.22711219  0.00755679 -0.01281795]]
Matrix Pair 36; W = [[ 1.89403649e-01  8.80235228e-02  1.76310060e-01 -9.00070126e-02
   3.52993844e-02]
 [-1.47862538e-01 -4.13090275e-01 -4.06602755e-02  2.36356142e-01
  -1.32455775e-01]
 [ 4.14037879e-04  6.94109925e-05 -1.17459491e-01  3.86856970e-02
  -5.31392492e-02]
 [ 4.92365477e-03  1.66783659e-01  1.72521234e-01 -9.66503381e-02
  -3.07158331e-02]
 [-1.28077404e-01 -1.07275742e-01 -3.18947612e-01 -1.67593881e-01
  -3.78946241e-02]]
U = [[ 0.14604002  0.13386743  0.39192609  0.3778148  -0.06928526]
 [-0.30342604 -0.08455539  0.00779035  0.09575227  0.26705081]
 [ 0.09158321 -0.11112845 -0.16044702 -0.04040515  0.15883973]
 [ 0.1401926   0.00447298  0.18936468 -0.06108957 -0.12333738]
 [-0.03560732 -0.00340354 -0.1651032  -0.00177302 -0.070652  ]]
Matrix Pair 37; W = [[ 0.17027936  0.09125616  0.18086635 -0.12308796 -0.03820679]
 [-0.12132654 -0.3373443  -0.07808498  0.30027135 -0.09996468]
 [-0.08432461 -0.06441269 -0.08800061  0.08605229 -0.09137606]
 [ 0.00309434  0.10161361  0.10095294 -0.03023005 -0.12024714]
 [-0.13577671 -0.08459704 -0.28116602 -0.16059428 -0.0654004 ]]
U = [[ 0.14132905  0.16762452  0.31447851  0.37384561 -0.08700917]
 [-0.36167372 -0.04023075  0.02693882  0.08778603  0.20636357]
 [ 0.03053574 -0.08635236 -0.21440167 -0.08035812  0.18195891]
 [ 0.11097031 -0.01449745  0.18990354 -0.12445525 -0.12896584]
 [-0.0716873   0.01822817 -0.24216951 -0.01659308 -0.06476989]]
Matrix Pair 38; W = [[ 0.16597434  0.06625135  0.1461188  -0.11554814  0.05345022]
 [-0.0890763  -0.34944256 -0.07206579  0.27929257 -0.10437567]
 [-0.03757455 -0.02909977 -0.13774959  0.06508288 -0.12800463]
 [-0.06328542  0.16641727  0.10319086 -0.04497777 -0.09701566]
 [-0.18675854 -0.10624381 -0.29834115 -0.0941518  -0.02227961]]
U = [[ 0.14180101  0.15668357  0.31666967  0.37460625 -0.06091342]
 [-0.34912434 -0.05453373  0.00306498  0.13185224  0.19844336]
 [ 0.09120418 -0.11430417 -0.23786348 -0.04516414  0.18517304]
 [ 0.10823871 -0.04569139  0.19409935 -0.07002068 -0.05891246]
 [-0.10661498  0.02595375 -0.14955509  0.00365489 -0.09196673]]
Matrix Pair 39; W = [[ 0.177891    0.09775143  0.1721923  -0.08250385  0.00776295]
 [-0.09443657 -0.40106396 -0.04415849  0.28892422 -0.13587538]
 [-0.00381539 -0.02589168 -0.10534912  0.05863336 -0.07132684]
 [-0.01615155  0.09936754  0.16961874 -0.0607233  -0.12257101]
 [-0.13835479 -0.08454796 -0.30259364 -0.10936475 -0.07431788]]
U = [[ 0.13344975  0.16981842  0.36335374  0.3593601  -0.07610166]
 [-0.3104968  -0.04946071  0.06492128  0.15974967  0.26013019]
 [ 0.08602036 -0.07551039 -0.21185993 -0.08718869  0.20643386]
 [ 0.17697854 -0.0121143   0.198093   -0.12399739 -0.09040535]
 [-0.10129727 -0.00764963 -0.21467093 -0.05648301 -0.07045427]]
Matrix Pair 40; W = [[ 0.23559667  0.06955448  0.14094173 -0.0829559   0.01517821]
 [-0.15118986 -0.37173454 -0.09618437  0.22526902 -0.07693495]
 [-0.02502133  0.01841838 -0.11214228  0.04048016 -0.07100264]
 [-0.06861887  0.16221618  0.13469395 -0.1191982  -0.05660994]
 [-0.22428981 -0.11955769 -0.29348166 -0.14670978 -0.0446376 ]]
U = [[ 0.16008562  0.21259056  0.37665515  0.40623605 -0.07389641]
 [-0.32264228 -0.09607314  0.05776691  0.12633519  0.25249897]
 [ 0.07500725 -0.08746885 -0.15207698 -0.01025851  0.18977547]
 [ 0.12847622 -0.0261391   0.16663044 -0.07806268 -0.13841633]
 [-0.09625263 -0.04665208 -0.2419114  -0.0071061  -0.06247532]]
Matrix Pair 41; W = [[ 0.20740211  0.00078828  0.17727012 -0.06370216 -0.03071484]
 [-0.05878304 -0.3825365  -0.04761616  0.29998017 -0.09803996]
 [ 0.00489765  0.0039808  -0.1363299   0.0911842  -0.08222019]
 [ 0.00425523  0.15608235  0.15416415 -0.05800496 -0.07994353]
 [-0.18502703 -0.08982187 -0.2630114  -0.14024834 -0.06562913]]
U = [[ 0.16921788  0.1431154   0.30673893  0.39735092 -0.04392654]
 [-0.31909555 -0.07706666  0.09592494  0.15653227  0.23909108]
 [ 0.09282988 -0.13238338 -0.20237511 -0.02414788  0.15953056]
 [ 0.12543369 -0.05453961  0.20140571 -0.0826906  -0.12831511]
 [-0.10098193  0.03086778 -0.21387878 -0.07412786 -0.01511632]]
Matrix Pair 42; W = [[ 0.14894349  0.04557971  0.17844706 -0.09534281  0.01521873]
 [-0.12639689 -0.43025413 -0.03924889  0.30819753 -0.14218086]
 [-0.02948104 -0.01055269 -0.16214202  0.01402813 -0.11190591]
 [-0.02000836  0.16790126  0.1075191  -0.0285164  -0.12239729]
 [-0.17830211 -0.11177372 -0.31024589 -0.16567893 -0.07970659]]
U = [[ 0.13678617  0.16389416  0.3492333   0.35923819 -0.09999143]
 [-0.3741433  -0.04877603  0.08018965  0.13960298  0.27204006]
 [ 0.09109618 -0.13441392 -0.19760433 -0.0658308   0.20547895]
 [ 0.12820614 -0.0420197   0.1582501  -0.12329666 -0.10566777]
 [-0.09003814  0.0191632  -0.22324498  0.00642221 -0.06794374]]
Matrix Pair 43; W = [[ 0.18985409  0.02690444  0.0909117  -0.08359653 -0.01176416]
 [-0.10690268 -0.41181432 -0.05187228  0.27345349 -0.10368396]
 [-0.05344064  0.01957713 -0.14772088  0.03419541 -0.03809426]
 [ 0.01161006  0.18541082  0.14746452 -0.07690769 -0.06743122]
 [-0.19349126 -0.08065405 -0.27686324 -0.11900337 -0.06395366]]
U = [[ 0.19672847  0.18951875  0.36733302  0.31743939 -0.10652631]
 [-0.37414475 -0.06125127  0.07009959  0.14547161  0.2538369 ]
 [ 0.01584357 -0.05800261 -0.2219647  -0.01332194  0.18754017]
 [ 0.19728972 -0.01861525  0.21804842 -0.11777001 -0.13972548]
 [-0.08494333 -0.05434346 -0.23622555 -0.0373081  -0.08778383]]
Matrix Pair 44; W = [[ 0.16806239  0.02870181  0.09599692 -0.03203535  0.02794685]
 [-0.07031456 -0.40602374 -0.02964019  0.2297274  -0.16296323]
 [-0.02634779 -0.01531584 -0.14566812  0.05770742 -0.04992795]
 [-0.04265665  0.09947079  0.13819683 -0.05228435 -0.06775459]
 [-0.17681001 -0.13181454 -0.30377591 -0.09936774 -0.05553382]]
U = [[ 0.12459745  0.14318861  0.38573144  0.3136221  -0.08364519]
 [-0.38138293 -0.11792074  0.03572101  0.17030253  0.22590376]
 [ 0.07930248 -0.05990192 -0.23145136  0.00427988  0.21019259]
 [ 0.19956917 -0.07182893  0.20589955 -0.04912728 -0.0863439 ]
 [-0.03190146  0.03395329 -0.22683181 -0.05822726 -0.03432384]]
Matrix Pair 45; W = [[ 0.15172149  0.07066045  0.13561607 -0.0437005   0.00383093]
 [-0.14742789 -0.37094234 -0.04888934  0.25143469 -0.11658708]
 [-0.01631893 -0.00516191 -0.09612373  0.06048258 -0.10331419]
 [-0.02395566  0.15663863  0.08324854 -0.06871069 -0.07914546]
 [-0.18152492 -0.16855503 -0.30440495 -0.09364635 -0.0451332 ]]
U = [[ 0.17864447  0.12956368  0.38636746  0.31998945 -0.09337697]
 [-0.33831261 -0.05085355  0.03944892  0.13652729  0.19873163]
 [ 0.10166489 -0.06831309 -0.21394746 -0.01817778  0.15215923]
 [ 0.13884258 -0.060655    0.20100458 -0.12192574 -0.1207675 ]
 [-0.09969539 -0.05780793 -0.17214221  0.01649644 -0.04802246]]
Matrix Pair 46; W = [[ 0.22150546  0.08173417  0.10557584 -0.0779312   0.00305825]
 [-0.1370243  -0.35273297 -0.07042147  0.26025131 -0.13078207]
 [-0.08134093 -0.03883452 -0.15732177  0.09218948 -0.07765088]
 [-0.01346235  0.17803091  0.1246697  -0.10026884 -0.04715858]
 [-0.22175839 -0.11225628 -0.35351326 -0.09609652 -0.03854319]]
U = [[ 0.19437176  0.17661766  0.30468039  0.35044033 -0.08439079]
 [-0.32593381 -0.1178203   0.01755498  0.16208842  0.23947212]
 [ 0.05900132 -0.10039537 -0.21210479 -0.08202095  0.15197289]
 [ 0.10094645 -0.0702199   0.16261317 -0.1026478  -0.05780693]
 [-0.03209486 -0.02886746 -0.23427368  0.01451505 -0.02614673]]
Matrix Pair 47; W = [[ 0.20193339  0.00539093  0.08423527 -0.12291366 -0.03514752]
 [-0.14907179 -0.38921367 -0.04154182  0.29447889 -0.11526357]
 [-0.01461407 -0.0546732  -0.08649298  0.00680283 -0.0811279 ]
 [-0.04760105  0.09829505  0.1281127  -0.10119373 -0.10246141]
 [-0.17623181 -0.13838344 -0.2871942  -0.1503679  -0.04396401]]
U = [[ 0.14147653  0.17057541  0.33117462  0.32872492 -0.10407545]
 [-0.36491825 -0.0879632   0.05541158  0.16913134  0.19072252]
 [ 0.0986739  -0.10137799 -0.23961538 -0.0211171   0.13958888]
 [ 0.18581291  0.00530109  0.23619428 -0.10284226 -0.10438971]
 [-0.07820681  0.03435517 -0.23533516 -0.00282216 -0.03795975]]
Matrix Pair 48; W = [[ 0.14292725 -0.01397864  0.17099239 -0.02937216 -0.04978486]
 [-0.1495221  -0.42378375 -0.10775538  0.26372127 -0.14751627]
 [-0.04557851  0.00593721 -0.12112195  0.04305629 -0.06426095]
 [ 0.00242063  0.18716965  0.17003116 -0.06201492 -0.09941483]
 [-0.14137263 -0.17335295 -0.31191621 -0.2013797  -0.05872834]]
U = [[ 2.18995879e-01  1.35925358e-01  3.22590360e-01  3.73621881e-01
   1.28164757e-02]
 [-2.99314996e-01 -9.32758092e-02  2.49407761e-02  1.61690010e-01
   2.16643122e-01]
 [ 9.10595309e-02 -3.02752820e-02 -1.79979509e-01 -2.34446921e-02
   2.25458109e-01]
 [ 1.51570245e-01  3.37559013e-04  1.75712695e-01 -1.07458082e-01
  -1.03301848e-01]
 [-6.41460535e-02 -6.67673226e-02 -2.70428175e-01  4.44599788e-02
  -4.62331669e-02]]
Matrix Pair 49; W = [[ 0.17289825  0.01897198  0.16463218 -0.02906405 -0.03236831]
 [-0.10666329 -0.3842264  -0.03075471  0.24200062 -0.10695869]
 [-0.00424772  0.06749921 -0.11686581  0.07158055 -0.06454172]
 [ 0.03489738  0.19215151  0.12471327 -0.02556701 -0.10693077]
 [-0.18592634 -0.14888984 -0.23363267 -0.19261447 -0.05397593]]
U = [[ 0.23487949  0.08051322  0.35996519  0.32570435 -0.025844  ]
 [-0.26395034 -0.08199061 -0.02744812  0.14815032  0.25126185]
 [ 0.08637198 -0.06739972 -0.21627423 -0.02250393  0.18933494]
 [ 0.18931866 -0.0320638   0.22598769 -0.09999796 -0.13097085]
 [-0.05628114 -0.02720057 -0.21299612  0.02185962  0.04114594]]
Matrix Pair 50; W = [[ 0.19878543 -0.03867657  0.14235225 -0.05547678 -0.05755613]
 [-0.1391054  -0.3778693  -0.08276707  0.28477684 -0.08045213]
 [-0.05743472  0.03405172 -0.16504445  0.07457924 -0.10420932]
 [ 0.07171287  0.18041266  0.15721802 -0.0260309  -0.11420223]
 [-0.15848754 -0.15067776 -0.2571686  -0.11180815 -0.07693124]]
U = [[ 0.20309302  0.12112939  0.34984972  0.37903535 -0.03112869]
 [-0.33095816 -0.11192587 -0.01650611  0.07303309  0.22978832]
 [ 0.03753742 -0.02442375 -0.16808747 -0.05042802  0.15446896]
 [ 0.14369082  0.00804167  0.2041622  -0.08119675 -0.15770633]
 [-0.13426983 -0.07182211 -0.26251925 -0.0129803   0.01379698]]
Matrix Pair 51; W = [[ 0.15453433 -0.00587567  0.15515476 -0.05576225 -0.02811347]
 [-0.13502106 -0.43043821 -0.09644179  0.26864339 -0.0656535 ]
 [-0.00746914  0.01040689 -0.11792989  0.07596119 -0.12626508]
 [-0.00079621  0.11288579  0.1455118  -0.02676226 -0.12439694]
 [-0.17970297 -0.11400572 -0.24890583 -0.19971341 -0.04489275]]
U = [[ 0.2381782   0.13308202  0.32869998  0.33865726  0.01151571]
 [-0.28099937 -0.08173637  0.03698953  0.09243005  0.27118944]
 [ 0.08955755 -0.09535993 -0.15694335 -0.11560952  0.2094083 ]
 [ 0.17125645  0.0142606   0.19028528 -0.08830279 -0.10627358]
 [-0.12109134 -0.02342598 -0.25625574 -0.00750568  0.00076216]]
Matrix Pair 52; W = [[ 0.1279265   0.04522857  0.10985864 -0.06945457 -0.04367338]
 [-0.11259962 -0.36225555 -0.09866517  0.27757619 -0.15664618]
 [-0.04427914  0.01587944 -0.160252    0.03934886 -0.10577539]
 [ 0.07578851  0.12631646  0.11680288 -0.03286846 -0.10787588]
 [-0.12562045 -0.14565685 -0.25061615 -0.12731219 -0.01179963]]
U = [[ 0.203324    0.15305191  0.35359518  0.36588667 -0.06920433]
 [-0.34593782 -0.03919569 -0.01074123  0.09465032  0.2721345 ]
 [ 0.09636257 -0.0426954  -0.1829078  -0.08685966  0.2264712 ]
 [ 0.16606517  0.01793729  0.24902068 -0.09684    -0.07114934]
 [-0.07527452 -0.0346988  -0.22385582  0.03366698 -0.01560859]]
Matrix Pair 53; W = [[ 0.16954413  0.05512558  0.16151165 -0.06378293 -0.0419444 ]
 [-0.09520242 -0.38126828 -0.11027275  0.33085001 -0.10693803]
 [ 0.01720187  0.05817607 -0.12881409  0.09148844 -0.10158622]
 [ 0.04187712  0.1825263   0.15399621 -0.08959716 -0.06792805]
 [-0.13612738 -0.09833883 -0.26472704 -0.14516722 -0.03262989]]
U = [[ 0.1702429   0.0892559   0.31850386  0.31394154  0.01060271]
 [-0.30502365 -0.06478357  0.03720955  0.16175272  0.2354558 ]
 [ 0.03877877 -0.05831427 -0.1908657  -0.08859395  0.2536662 ]
 [ 0.1343444  -0.03142522  0.21276465 -0.04753739 -0.13098953]
 [-0.13447703 -0.09702184 -0.25195074  0.01044018  0.02404083]]
Matrix Pair 54; W = [[ 0.15024818 -0.00671542  0.11855854 -0.0758249  -0.01319179]
 [-0.07042207 -0.42568977 -0.01367015  0.29028473 -0.07947998]
 [ 0.02276756 -0.00955581 -0.16387248  0.07094958 -0.10871951]
 [ 0.05079414  0.13984198  0.12291967 -0.10312857 -0.12402252]
 [-0.10994718 -0.13015448 -0.25664856 -0.18409111 -0.10625906]]
U = [[ 0.24403371  0.15632319  0.36364445  0.39716566 -0.01014754]
 [-0.28447415 -0.0827506   0.04279435  0.13715695  0.2026278 ]
 [ 0.10334154 -0.0314818  -0.13397977 -0.10479933  0.16888591]
 [ 0.13768138 -0.00685193  0.26285152 -0.09249142 -0.07119841]
 [-0.09023784 -0.08867722 -0.25028108  0.03947486 -0.05327928]]
Matrix Pair 55; W = [[ 0.12592055 -0.00232885  0.15630696 -0.01881222 -0.0057296 ]
 [-0.0559384  -0.40571384 -0.10273195  0.276387   -0.1521275 ]
 [-0.00807228  0.07066033 -0.14653123  0.09479344 -0.12785986]
 [-0.00171074  0.17478795  0.15353984 -0.08525194 -0.10092296]
 [-0.12417405 -0.13578627 -0.26005001 -0.13902183 -0.0689106 ]]
U = [[ 0.20439825  0.12164272  0.33291801  0.36210675 -0.00961456]
 [-0.3480045  -0.06991261  0.05179046  0.09846998  0.28076166]
 [ 0.11518348 -0.06766559 -0.18416242 -0.11230479  0.16840206]
 [ 0.15616908 -0.04572931  0.23566179 -0.13146705 -0.12243309]
 [-0.1093815  -0.0964259  -0.24247335 -0.02404769  0.03650893]]
Matrix Pair 56; W = [[ 0.22083911  0.03381403  0.19858305  0.00980865 -0.04549988]
 [-0.09348938 -0.3923833  -0.04036202  0.27716227 -0.14394419]
 [ 0.02598734  0.01860133 -0.12839757  0.08308956 -0.10652704]
 [ 0.00083734  0.13476498  0.14548596 -0.05151384 -0.09239634]
 [-0.11784517 -0.1640408  -0.27451409 -0.17666068 -0.10286446]]
U = [[ 0.18206959  0.09393975  0.28249655  0.36888705 -0.0185201 ]
 [-0.34777006 -0.1149755  -0.03147644  0.07113325  0.23602527]
 [ 0.05375055 -0.0088493  -0.15170987 -0.04856962  0.168101  ]
 [ 0.14032013 -0.02449271  0.20036177 -0.07278701 -0.10727847]
 [-0.05412302 -0.04044777 -0.2241305   0.0104641  -0.02625994]]
Matrix Pair 57; W = [[ 1.98633249e-01  5.17312039e-02  1.72622081e-01 -5.08424118e-02
   1.21046428e-04]
 [-5.96275924e-02 -3.59630706e-01 -4.18896706e-02  2.56877188e-01
  -1.29857530e-01]
 [-4.57019028e-02  7.81275976e-02 -1.18904091e-01  3.65746353e-02
  -5.70937407e-02]
 [ 7.03807042e-02  1.25272524e-01  1.35107577e-01 -9.31256807e-02
  -7.14237631e-02]
 [-1.05708794e-01 -1.25088508e-01 -2.28738669e-01 -1.26176099e-01
  -3.87306890e-02]]
U = [[ 0.2135535   0.14390999  0.28355897  0.3450806  -0.00064528]
 [-0.27002026 -0.11710638  0.01544035  0.14508912  0.24985303]
 [ 0.07402552 -0.018891   -0.17839084 -0.03501886  0.16720825]
 [ 0.1402674   0.0052544   0.23932052 -0.08931724 -0.15337966]
 [-0.10559907 -0.08680616 -0.24062113  0.01362274  0.03429646]]
Matrix Pair 58; W = [[ 0.17856526  0.00178708  0.1180711  -0.08664818 -0.02085602]
 [-0.14797739 -0.40519422 -0.02656166  0.33983981 -0.07021535]
 [-0.03846897  0.02516112 -0.17502261  0.04951814 -0.05514842]
 [ 0.04882185  0.17281904  0.1660773  -0.09257416 -0.05499136]
 [-0.13838984 -0.12398023 -0.30909313 -0.15064459 -0.10774556]]
U = [[ 0.19153253  0.13144725  0.30561215  0.3166417  -0.03786109]
 [-0.26974948 -0.05318536 -0.03332689  0.12057972  0.21830383]
 [ 0.10230209 -0.08467235 -0.1694508  -0.09379371  0.16957134]
 [ 0.12583346 -0.02952741  0.21355342 -0.13923687 -0.0676071 ]
 [-0.14779581 -0.06117453 -0.2173876   0.02444114  0.0227749 ]]
Matrix Pair 59; W = [[ 0.22241419 -0.01752638  0.18477153 -0.05336028 -0.06942199]
 [-0.09446442 -0.42868756 -0.07001693  0.32379532 -0.10413936]
 [-0.05312236  0.06723498 -0.10362425  0.08661114 -0.11929576]
 [ 0.06584059  0.11762736  0.14932972 -0.09319688 -0.0584798 ]
 [-0.12455791 -0.10427833 -0.31302428 -0.15690106 -0.07024953]]
U = [[ 0.24433615  0.1728457   0.27861461  0.39813468 -0.02617742]
 [-0.26139768 -0.07621582 -0.02402286  0.12297629  0.24976639]
 [ 0.07067908 -0.00852238 -0.1399783  -0.04997728  0.25250649]
 [ 0.17289115  0.01433428  0.18610488 -0.05287108 -0.08005992]
 [-0.08291658 -0.08193753 -0.22477943  0.03613588  0.00813177]]
Matrix Pair 60; W = [[ 0.18129455 -0.02991523  0.18714741 -0.02884885 -0.02642462]
 [-0.09019334 -0.3811009  -0.086984    0.32466387 -0.07442858]
 [ 0.02659493 -0.00245153 -0.10870629  0.05791103 -0.11124994]
 [ 0.053199    0.17973469  0.11273238 -0.01800608 -0.07445855]
 [-0.11404405 -0.17071079 -0.27381043 -0.19890315 -0.03050896]]
U = [[ 0.24947097  0.11590213  0.30778282  0.36693156  0.01183668]
 [-0.31808063 -0.06524299  0.03697914  0.12812996  0.27190828]
 [ 0.07848161 -0.099656   -0.18415206 -0.09303484  0.21161458]
 [ 0.17301638 -0.02429733  0.19483103 -0.05122343 -0.12486355]
 [-0.130297   -0.06193939 -0.29456974 -0.04694519 -0.0289718 ]]
Matrix Pair 61; W = [[ 0.20001644  0.02327041  0.13686764 -0.05143709 -0.02949677]
 [-0.11162855 -0.443517   -0.03922218  0.328914   -0.13513346]
 [-0.00888353 -0.01350274 -0.16103828  0.08251653 -0.11556021]
 [ 0.06614757  0.13871137  0.13570381 -0.06786644 -0.05126888]
 [-0.17847484 -0.15572495 -0.27811543 -0.11668907 -0.09888323]]
U = [[ 0.19390283  0.10454896  0.29214044  0.34664713 -0.04681283]
 [-0.31262723 -0.08139611 -0.02260125  0.1320693   0.28317038]
 [ 0.02971065 -0.06408604 -0.19663046 -0.0606139   0.22740069]
 [ 0.2003864  -0.07053466  0.19224455 -0.05197043 -0.12818286]
 [-0.08743499 -0.03201972 -0.24597829  0.04693357 -0.05858717]]
Matrix Pair 62; W = [[ 0.16250809  0.02010205  0.15404916 -0.05109579 -0.08035213]
 [-0.09745991 -0.3591312  -0.06177316  0.29994589 -0.09050743]
 [-0.02472413  0.00528295 -0.09272896  0.11986212 -0.14726108]
 [ 0.00200009  0.13213886  0.17591798 -0.08299721 -0.07535359]
 [-0.16376913 -0.08209204 -0.25933661 -0.11191629 -0.10075193]]
U = [[ 0.23867478  0.10699235  0.27800306  0.35334115 -0.02952351]
 [-0.27880116 -0.03666617  0.00887705  0.13768066  0.26052007]
 [ 0.09255662 -0.03188278 -0.13964279 -0.03911315  0.20822233]
 [ 0.19926488 -0.02215121  0.24600606 -0.08382596 -0.138114  ]
 [-0.10070004 -0.08511376 -0.28651241  0.03287658 -0.00721296]]
Matrix Pair 63; W = [[ 0.18798689  0.04155714  0.11967216 -0.00252858 -0.07907058]
 [-0.13395649 -0.43314162 -0.02888403  0.27729204 -0.11696603]
 [-0.02197337  0.07553463 -0.11743252  0.03652573 -0.09044111]
 [-0.01330277  0.19334599  0.1401662  -0.03712478 -0.11959076]
 [-0.12599726 -0.11761693 -0.29636014 -0.20037823 -0.104125  ]]
U = [[ 0.22470083  0.16433439  0.33820843  0.34483888 -0.02196151]
 [-0.26238889 -0.08792308 -0.00808814  0.16935862  0.21371889]
 [ 0.04571838 -0.02642574 -0.16653351 -0.08885711  0.18518009]
 [ 0.20696766 -0.0623287   0.23920675 -0.06391185 -0.06980149]
 [-0.11000969 -0.04796489 -0.23212809  0.01464657  0.04122872]]
Matrix Pair 64; W = [[ 0.23221119  0.03351637  0.11573164 -0.09873754 -0.04256031]
 [-0.09987905 -0.30138096 -0.11840261  0.19372893 -0.14879024]
 [-0.01258037  0.08599178 -0.07373244  0.08676152 -0.03960411]
 [-0.02007817  0.03754598  0.12760982 -0.0648828  -0.08712521]
 [-0.19245495 -0.16869547 -0.35942401 -0.15198019 -0.1086019 ]]
U = [[ 0.14617761  0.13014146  0.33684459  0.39190346 -0.0556391 ]
 [-0.34876659 -0.11506988  0.07153407  0.12994319  0.2633645 ]
 [ 0.07890703 -0.09337809 -0.23570164 -0.14970671  0.15929501]
 [ 0.19951661 -0.00341559  0.26340047 -0.11897531 -0.11843306]
 [-0.05638721 -0.06256866 -0.19357304 -0.0690433  -0.02175771]]
Matrix Pair 65; W = [[ 0.18870042 -0.02413516  0.18421544 -0.14494254  0.02975213]
 [-0.08382804 -0.30866342 -0.12745411  0.14685384 -0.13694666]
 [-0.01897319 -0.00041681 -0.15586528  0.05817951 -0.01412664]
 [-0.01919186  0.08053924  0.16074564 -0.11701356 -0.07930394]
 [-0.15052139 -0.14276161 -0.26325653 -0.12739598 -0.07944769]]
U = [[ 0.14328793  0.1740967   0.25013829  0.36077584 -0.0005902 ]
 [-0.31341606 -0.08156088 -0.00408237  0.12195187  0.24163218]
 [ 0.12398512 -0.03162797 -0.28471656 -0.13267534  0.15407412]
 [ 0.13812897 -0.04650582  0.22787493 -0.10971944 -0.0917742 ]
 [-0.09261351 -0.06445872 -0.21938547 -0.08082897 -0.05162907]]
Matrix Pair 66; W = [[ 0.1359008   0.0101917   0.1496675  -0.10521584 -0.01536539]
 [-0.13952117 -0.35006982 -0.15503523  0.17803031 -0.1048827 ]
 [-0.04365458  0.08381109 -0.10662079  0.04429472 -0.05675541]
 [-0.0415144   0.09702163  0.15993701 -0.07039887 -0.06767602]
 [-0.19737392 -0.17181626 -0.35878634 -0.20244302 -0.0871332 ]]
U = [[ 0.16218443  0.19463224  0.33893671  0.42456473  0.00051324]
 [-0.3528341  -0.0669915   0.00183786  0.09986774  0.2726379 ]
 [ 0.06882207 -0.03538149 -0.23229816 -0.15994029  0.20510118]
 [ 0.19186378 -0.00788026  0.28297095 -0.12235563 -0.08983282]
 [-0.06080099 -0.03383876 -0.14836721 -0.1020926  -0.02143922]]
Matrix Pair 67; W = [[ 0.21838665  0.02033751  0.16895473 -0.13306287 -0.03656629]
 [-0.12884058 -0.28868708 -0.1474392   0.21080726 -0.14779018]
 [-0.03908942  0.03457529 -0.08869018  0.05551182 -0.08728358]
 [-0.00927952  0.10453663  0.16176641 -0.05822396 -0.09587314]
 [-0.1304449  -0.1727205  -0.33878071 -0.21154398 -0.12784307]]
U = [[ 0.1439575   0.14460044  0.27863741  0.40773477 -0.00073563]
 [-0.30771386 -0.08650503  0.03485774  0.11194643  0.29718425]
 [ 0.14835455 -0.05678891 -0.21763685 -0.08653735  0.21964098]
 [ 0.18714948 -0.04766325  0.26985953 -0.13032454 -0.12798026]
 [-0.04537728 -0.09051839 -0.19280939 -0.08938928 -0.04812543]]
Matrix Pair 68; W = [[ 0.15049526  0.06588348  0.16124973 -0.07735     0.01874451]
 [-0.13719559 -0.34737253 -0.16194906  0.19071179 -0.07080114]
 [-0.04475904  0.00252787 -0.15320447  0.11784867 -0.00935753]
 [-0.01330432  0.05526244  0.15859714 -0.03757107 -0.08612015]
 [-0.15109182 -0.11469555 -0.35020759 -0.17239581 -0.06295646]]
U = [[ 0.16809732  0.17377609  0.29238941  0.37314353  0.01319106]
 [-0.31592386 -0.10677016  0.01629702  0.13055688  0.30236053]
 [ 0.10378297 -0.03682918 -0.22439391 -0.15806925  0.20100398]
 [ 0.16244099 -0.02174338  0.27975195 -0.11078176 -0.07010147]
 [-0.0959081  -0.02123815 -0.21954128 -0.08163835 -0.0704471 ]]
Matrix Pair 69; W = [[ 0.20568428  0.00940796  0.20434083 -0.09514416  0.03231535]
 [-0.12245833 -0.35457131 -0.11451624  0.16951799 -0.081138  ]
 [-0.03943664  0.05019384 -0.16184936  0.09616944 -0.01992941]
 [-0.05001231  0.03622709  0.15635219 -0.11326806 -0.0250629 ]
 [-0.20574343 -0.18904788 -0.32419618 -0.14182962 -0.09564707]]
U = [[ 0.20573921  0.18246223  0.31363075  0.40309312 -0.06897004]
 [-0.34854277 -0.14584253  0.04030511  0.19368106  0.28841698]
 [ 0.14449724 -0.10626986 -0.28283759 -0.17667055  0.19643514]
 [ 0.15012621 -0.06101074  0.24104277 -0.06502893 -0.08575906]
 [-0.10290496 -0.03020947 -0.20379883 -0.040849   -0.04169889]]
Matrix Pair 70; W = [[ 0.18753837  0.06748241  0.20082838 -0.06607639  0.01582417]
 [-0.1554625  -0.35771112 -0.1262142   0.14401934 -0.12000601]
 [ 0.01110761  0.04734339 -0.12059244  0.05915398 -0.07108983]
 [-0.00208467  0.09585331  0.12872278 -0.05490424 -0.0848176 ]
 [-0.14734386 -0.13994371 -0.34427688 -0.19816596 -0.09016973]]
U = [[ 0.18991162  0.2101354   0.32488129  0.3529495  -0.05470468]
 [-0.31289546 -0.09649909  0.00255339  0.14186396  0.31166512]
 [ 0.13068956 -0.0881982  -0.23238963 -0.13779767  0.16658033]
 [ 0.20719437 -0.0011458   0.28178714 -0.11767244 -0.16512915]
 [-0.09697348 -0.08832825 -0.18432397 -0.06846361 -0.07614358]]
Matrix Pair 71; W = [[ 0.16194628 -0.0200553   0.20573713 -0.08189371  0.00592206]
 [-0.10699454 -0.34507676 -0.09300607  0.21483837 -0.10008978]
 [-0.08536456  0.05407694 -0.07953037  0.03935226 -0.05124482]
 [-0.06822897  0.09878861  0.12697459 -0.08045031 -0.0881489 ]
 [-0.19305779 -0.15396438 -0.34138318 -0.12033535 -0.1177157 ]]
U = [[ 0.15206463  0.19664233  0.32471304  0.39253166  0.01962188]
 [-0.35672736 -0.14985285  0.00227274  0.10018278  0.23109165]
 [ 0.07199602 -0.10483737 -0.29551254 -0.15256991  0.16199741]
 [ 0.13583654  0.02864224  0.26570673 -0.10520653 -0.10302674]
 [-0.09776377 -0.03306737 -0.16670393 -0.05387525 -0.04905434]]
Matrix Pair 72; W = [[ 0.18666597 -0.00244898  0.15029417 -0.10223588 -0.01521979]
 [-0.14486224 -0.29833761 -0.13533173  0.18512037 -0.09644848]
 [-0.06551112  0.01813302 -0.11025972  0.1061332  -0.06483208]
 [-0.01808976  0.05823043  0.149094   -0.11322058 -0.06242234]
 [-0.17894419 -0.15564774 -0.30571127 -0.21494918 -0.090767  ]]
U = [[ 0.19020574  0.19658394  0.28160317  0.3804421  -0.07160835]
 [-0.37439512 -0.07986335  0.00619865  0.13940771  0.21861891]
 [ 0.07135805 -0.06199248 -0.26482066 -0.13987351  0.20233449]
 [ 0.14695299 -0.01169694  0.2614534  -0.15790394 -0.10580956]
 [-0.04768444 -0.00592935 -0.14889421 -0.13472568 -0.06483752]]
Matrix Pair 73; W = [[ 0.17836467  0.02166678  0.19445974 -0.12204386  0.01029935]
 [-0.09954646 -0.33250086 -0.0981353   0.17052026 -0.13451344]
 [-0.0206547   0.09128396 -0.14881751  0.05211725 -0.01979702]
 [ 0.00407393  0.05703688  0.20974882 -0.07594793 -0.01901309]
 [-0.11998402 -0.17219926 -0.35959464 -0.1884382  -0.14917952]]
U = [[ 0.11865194  0.14969344  0.32020352  0.37186772 -0.02264181]
 [-0.33623702 -0.12206305  0.02792591  0.16513646  0.24236607]
 [ 0.05343513 -0.03529465 -0.2704466  -0.14576874  0.17409743]
 [ 0.1808535   0.00746399  0.24619536 -0.1432721  -0.1096234 ]
 [-0.02358182 -0.04286339 -0.15669242 -0.04209356 -0.07633425]]
Matrix Pair 74; W = [[ 0.22230783 -0.00981503  0.19357383 -0.08524533 -0.02913071]
 [-0.15008038 -0.30274599 -0.09317169  0.18044887 -0.10520499]
 [-0.06780971  0.00749588 -0.08256393  0.06678941 -0.04235861]
 [-0.07220033  0.08484119  0.19221448 -0.05333991 -0.02956071]
 [-0.17279916 -0.16689749 -0.33731441 -0.14552152 -0.11095738]]
U = [[ 0.20067389  0.2227293   0.33874041  0.35915779 -0.07308438]
 [-0.34354834 -0.12035067  0.07771053  0.13179716  0.2817837 ]
 [ 0.10124433 -0.09524743 -0.24507228 -0.17355018  0.23989986]
 [ 0.13799468  0.00258273  0.28307244 -0.10757198 -0.15243979]
 [-0.10224304 -0.08050997 -0.16462437 -0.1372826  -0.03733486]]
Matrix Pair 75; W = [[ 0.21096452 -0.02642859  0.1590177  -0.09645884  0.03678104]
 [-0.0794326  -0.32335205 -0.13307856  0.19461837 -0.08179785]
 [ 0.00810613  0.01095845 -0.1647957   0.06057951 -0.06097085]
 [-0.05225673  0.04123812  0.20903772 -0.04451175 -0.0906984 ]
 [-0.14511212 -0.10931809 -0.2801604  -0.18707544 -0.11144846]]
U = [[ 0.1681875   0.16391465  0.30639098  0.32885965  0.0078391 ]
 [-0.29308864 -0.11182759  0.02997356  0.10642333  0.315978  ]
 [ 0.13498514 -0.10528795 -0.26130066 -0.08744944  0.2010578 ]
 [ 0.2006725  -0.04019336  0.2319689  -0.11976524 -0.10524233]
 [-0.08994917 -0.06054278 -0.148191   -0.11471405 -0.10954546]]
Matrix Pair 76; W = [[ 0.16091281  0.00467372  0.18223213 -0.05364589 -0.05873733]
 [-0.14844532 -0.38522382 -0.1699664   0.142956   -0.09758637]
 [-0.02596963  0.00575533 -0.13150557  0.08035674 -0.05652404]
 [-0.03797316  0.03453273  0.21824266 -0.09565724 -0.04701384]
 [-0.20346887 -0.13470457 -0.30014661 -0.16508962 -0.14235361]]
U = [[ 0.13788488  0.13247445  0.33205369  0.33823404 -0.0272335 ]
 [-0.37946232 -0.08074213  0.07902475  0.1717328   0.26437107]
 [ 0.13193012 -0.0766305  -0.22222011 -0.13955741  0.23241821]
 [ 0.12361572 -0.05354234  0.27314057 -0.05903335 -0.08257296]
 [-0.06966352 -0.0508349  -0.22744129 -0.05318128 -0.08142616]]
Matrix Pair 77; W = [[ 1.39186291e-01  4.41010182e-02  1.55175988e-01 -1.11046544e-01
   3.45378979e-02]
 [-1.54155085e-01 -3.83524183e-01 -1.01802410e-01  2.27623083e-01
  -1.11290674e-01]
 [-4.47022460e-02  6.26568994e-02 -9.08024806e-02  8.57687748e-02
  -8.29096827e-06]
 [-1.19250874e-02  2.97032021e-02  1.86882872e-01 -4.95612001e-02
  -8.89500798e-02]
 [-2.09061694e-01 -1.56483502e-01 -3.51424737e-01 -1.35024960e-01
  -1.16627888e-01]]
U = [[ 0.13594339  0.1875181   0.29303301  0.3587413  -0.03008594]
 [-0.36699302 -0.08596035  0.0564654   0.16169184  0.2617967 ]
 [ 0.05634776 -0.02533055 -0.28944569 -0.1589957   0.20290146]
 [ 0.16199301 -0.02214585  0.21398828 -0.11321488 -0.14265091]
 [-0.04157739 -0.0019824  -0.16161091 -0.06703599 -0.01971299]]
Matrix Pair 78; W = [[ 0.15707345  0.02014508  0.15298046 -0.06504767 -0.03820153]
 [-0.09168304 -0.36617832 -0.1426303   0.22921215 -0.12201301]
 [-0.03046112  0.02463706 -0.15790078  0.04990891 -0.04161573]
 [ 0.01524924  0.03213262  0.17986827 -0.12001162 -0.08441545]
 [-0.16157987 -0.12302719 -0.27253646 -0.16255357 -0.07812132]]
U = [[ 0.16816693  0.20646033  0.32124013  0.35744095 -0.02943439]
 [-0.31537627 -0.14253591  0.04217154  0.18739991  0.29151593]
 [ 0.13053412 -0.03362163 -0.27493639 -0.11221442  0.16040863]
 [ 0.16887986 -0.0640936   0.26999201 -0.13613336 -0.07861977]
 [-0.11774117 -0.00882166 -0.15680643 -0.11028122 -0.01516429]]
Matrix Pair 79; W = [[ 0.14834385  0.00261248  0.17762956 -0.05485533 -0.05643299]
 [-0.16220575 -0.3072514  -0.1608538   0.16971344 -0.13297065]
 [-0.05137633  0.02188283 -0.17040978  0.11235772 -0.01681153]
 [-0.05184527  0.0710276   0.17038718 -0.10059777 -0.03859844]
 [-0.17446024 -0.10254955 -0.26426714 -0.16373984 -0.10009362]]
U = [[ 0.16580903  0.19775295  0.26348015  0.38235525 -0.03337658]
 [-0.29690121 -0.09802066  0.06615723  0.19688529  0.25068719]
 [ 0.06280295 -0.0810429  -0.26565033 -0.14450854  0.23575784]
 [ 0.11623254 -0.0198326   0.26592886 -0.14938623 -0.08028919]
 [-0.02209571 -0.05154144 -0.16068034 -0.08734024 -0.04080152]]
Matrix Pair 80; W = [[ 0.16590652  0.00988476  0.10300555 -0.16943812 -0.03267597]
 [-0.1558574  -0.43902122 -0.01086998  0.29778775 -0.09857869]
 [ 0.06052926  0.00690198 -0.13201673  0.06576559 -0.06128981]
 [-0.06047603  0.1014505   0.13018916 -0.10308235 -0.07745124]
 [-0.14073067 -0.17942958 -0.26924829 -0.16885748 -0.14184714]]
U = [[ 0.19834362  0.18730222  0.32460973  0.41422919 -0.05952425]
 [-0.31220849 -0.03736295  0.04366284  0.11438413  0.2817514 ]
 [ 0.0884263  -0.13132016 -0.20274958 -0.07211134  0.21379581]
 [ 0.15777411  0.05536036  0.2371476  -0.07478327 -0.13714839]
 [-0.16378164 -0.04224765 -0.22529926 -0.11546593  0.02154572]]
Matrix Pair 81; W = [[ 0.17199371  0.03362991  0.11700407 -0.13066047 -0.01387437]
 [-0.19692944 -0.36966292 -0.08028443  0.28935293 -0.08700858]
 [-0.02359433 -0.01828373 -0.1555303   0.04868037 -0.06147698]
 [-0.06059232  0.05245279  0.117751   -0.05502154 -0.0849311 ]
 [-0.16149027 -0.18402002 -0.24243079 -0.19560839 -0.11683415]]
U = [[ 0.15908528  0.18011458  0.36001388  0.44130883 -0.08283586]
 [-0.33753684 -0.01551489  0.01393228  0.13482273  0.27766901]
 [ 0.07760343 -0.11013559 -0.19085215 -0.06894893  0.17968921]
 [ 0.15642698  0.04495955  0.18293813 -0.05360781 -0.10874559]
 [-0.1090775   0.04909693 -0.1907589  -0.02804683 -0.0433982 ]]
Matrix Pair 82; W = [[ 0.14853419  0.05258671  0.10353718 -0.12140492 -0.1031502 ]
 [-0.18763511 -0.35260949 -0.04356283  0.30539917 -0.12080056]
 [ 0.05727834  0.06925922 -0.1569902   0.10359373 -0.07329399]
 [-0.02289655  0.14502883  0.07774332 -0.06541444 -0.12963329]
 [-0.20013509 -0.19277208 -0.25851414 -0.2160028  -0.0463347 ]]
U = [[ 0.1454693   0.14267785  0.27930889  0.38906788 -0.03265759]
 [-0.29884138 -0.05338029  0.05018502  0.1029745   0.25259036]
 [ 0.03341736 -0.05081324 -0.24339522 -0.04746667  0.18772032]
 [ 0.15519772 -0.01922002  0.20532442 -0.05722159 -0.1456159 ]
 [-0.140475    0.04471685 -0.23994049 -0.02618249 -0.00896174]]
Matrix Pair 83; W = [[ 0.16196519  0.04395874  0.07342599 -0.15596401 -0.0210051 ]
 [-0.1816933  -0.34621379 -0.00835289  0.26753145 -0.11786854]
 [ 0.05744627  0.07435639 -0.10270463  0.06025591 -0.13189572]
 [-0.02032428  0.13081866  0.13734379 -0.05944204 -0.10841445]
 [-0.13138312 -0.15388278 -0.24824928 -0.1666334  -0.08832244]]
U = [[ 0.16886817  0.20253639  0.35900781  0.34970608 -0.02988512]
 [-0.28748933 -0.02628128  0.04232003  0.16865485  0.21675083]
 [ 0.01513016 -0.09422975 -0.23303905 -0.06507059  0.18676358]
 [ 0.15247622  0.0503237   0.18809983 -0.06648387 -0.11949722]
 [-0.1417243  -0.0034149  -0.19757556 -0.04589677 -0.03994127]]
Matrix Pair 84; W = [[ 0.19165974  0.07195198  0.07962666 -0.10845534 -0.09232648]
 [-0.22135689 -0.39521645 -0.01515614  0.30426223 -0.07137312]
 [ 0.02237156 -0.01009226 -0.15924821  0.0536619  -0.09871806]
 [-0.04329091  0.11465478  0.12266518 -0.14252947 -0.15349108]
 [-0.1243217  -0.11599158 -0.27595809 -0.15980935 -0.04633791]]
U = [[ 0.172538    0.14286123  0.37480391  0.35227573 -0.07625918]
 [-0.3206896  -0.05996471  0.06268145  0.11197962  0.26634198]
 [ 0.08467142 -0.12352865 -0.17724765 -0.09887079  0.23752067]
 [ 0.11443279  0.00574942  0.1823731  -0.04420924 -0.10825909]
 [-0.15208933  0.00785744 -0.21049965 -0.06717497 -0.06092636]]
Matrix Pair 85; W = [[ 0.19512073  0.02567298  0.16458516 -0.16745342 -0.0421114 ]
 [-0.21118773 -0.43888875 -0.0720461   0.30101364 -0.07588634]
 [ 0.0332605   0.0340899  -0.14945645  0.09918042 -0.09554603]
 [-0.06643574  0.11821327  0.08540033 -0.13749906 -0.15247288]
 [-0.15981995 -0.14147042 -0.23668052 -0.23743224 -0.05710348]]
U = [[ 0.10617407  0.22071463  0.32055374  0.41310686 -0.11163147]
 [-0.28573541 -0.09611576  0.02086219  0.11312866  0.29986149]
 [ 0.05723528 -0.05231183 -0.20499496 -0.10659801  0.19057243]
 [ 0.17383834  0.04311176  0.14069861 -0.08157541 -0.13187672]
 [-0.14812439 -0.03877326 -0.26428204 -0.05803765 -0.02609166]]
Matrix Pair 86; W = [[ 0.23399793  0.08431804  0.0933472  -0.0724492  -0.0900542 ]
 [-0.19797249 -0.37517273 -0.05839131  0.25156979 -0.04212372]
 [ 0.02680441  0.05750418 -0.15517475  0.00914234 -0.06322295]
 [ 0.01865768  0.1132698   0.15762077 -0.06776476 -0.16218539]
 [-0.10386604 -0.14978219 -0.28089661 -0.20059109 -0.06375887]]
U = [[ 0.1689108   0.18539451  0.37730134  0.36088955 -0.05442353]
 [-0.32812745 -0.06864268 -0.00767441  0.15521646  0.2221841 ]
 [ 0.10656529 -0.0762288  -0.23409745 -0.04316442  0.25287533]
 [ 0.1773152   0.01396215  0.23124541 -0.02935929 -0.12858734]
 [-0.09665709  0.00838298 -0.21523569 -0.09944958 -0.02982757]]
Matrix Pair 87; W = [[ 0.22080879  0.03295385  0.13059964 -0.13086148 -0.00664396]
 [-0.13415816 -0.37093454 -0.00723376  0.24236462 -0.08980314]
 [ 0.03857679  0.01998669 -0.12664557  0.08109176 -0.11602012]
 [-0.04407717  0.08486859  0.0938683  -0.13922031 -0.14792943]
 [-0.16015355 -0.17650273 -0.26284709 -0.2147727  -0.12642651]]
U = [[ 0.18174515  0.20659106  0.3265377   0.38611923 -0.0905202 ]
 [-0.28359262 -0.08386179  0.06161345  0.18206974  0.26040772]
 [ 0.075603   -0.08683051 -0.19673173 -0.01468609  0.27208621]
 [ 0.0904366   0.0439723   0.20093173 -0.09399189 -0.12630143]
 [-0.18512469 -0.0420434  -0.25337731 -0.08073663  0.01715355]]
Matrix Pair 88; W = [[ 0.18767282  0.03748359  0.07622306 -0.14021312 -0.06964945]
 [-0.18574605 -0.42697836 -0.02940594  0.2813945  -0.0851946 ]
 [ 0.02827291  0.06387773 -0.0982068   0.02936256 -0.06085179]
 [-0.04098758  0.10324864  0.09303782 -0.14241381 -0.12374094]
 [-0.19695712 -0.12464955 -0.26767472 -0.23459576 -0.10543705]]
U = [[ 0.13474397  0.15910385  0.35233472  0.39901397 -0.04777453]
 [-0.31813615 -0.10448951 -0.01635026  0.14182865  0.24915657]
 [ 0.02681345 -0.13802673 -0.22247923 -0.10707905  0.26466013]
 [ 0.14617607  0.00760597  0.21887593 -0.0866646  -0.09522637]
 [-0.11372889  0.03166338 -0.20385388 -0.07083113 -0.06458148]]
Matrix Pair 89; W = [[ 0.15345322  0.08195884  0.16221067 -0.10983283 -0.04198672]
 [-0.13587844 -0.34795588  0.00500341  0.24490986 -0.0603137 ]
 [ 0.02909076  0.03365097 -0.14389707  0.06704344 -0.1249382 ]
 [ 0.0066496   0.06176042  0.17172811 -0.09235102 -0.11941822]
 [-0.19314539 -0.13147189 -0.24312694 -0.23664285 -0.10616639]]
U = [[ 0.15474083  0.17605928  0.31929164  0.41841143 -0.01466942]
 [-0.30563723 -0.03373544 -0.02645543  0.10803827  0.26251109]
 [ 0.01210526 -0.10777505 -0.21108453 -0.03083922  0.24008296]
 [ 0.15132604  0.01783481  0.23373019 -0.11284531 -0.11092819]
 [-0.13906597 -0.03947844 -0.18988778 -0.02843527 -0.05247962]]
Matrix Pair 90; W = [[ 1.42219214e-01  8.04886761e-02  1.53587477e-01 -7.80531674e-02
  -5.58574802e-02]
 [-1.50625758e-01 -3.43752737e-01 -9.09913811e-03  2.98989003e-01
  -1.21558050e-01]
 [ 1.11278711e-04 -3.83313329e-03 -1.06118456e-01  1.05669364e-02
  -1.22948674e-01]
 [ 2.16557615e-02  7.80850490e-02  1.63112753e-01 -1.25276146e-01
  -1.44092348e-01]
 [-1.75027731e-01 -1.18773509e-01 -2.84307783e-01 -2.39843900e-01
  -5.23822038e-02]]
U = [[ 0.15267635  0.14099068  0.3120478   0.37192442 -0.06292106]
 [-0.34509039 -0.04714295  0.07136895  0.10702001  0.25657385]
 [ 0.02125696 -0.12358131 -0.25248888 -0.02041404  0.23430385]
 [ 0.16476162  0.05265983  0.22349512 -0.10543925 -0.14884524]
 [-0.09100493  0.02856435 -0.25961565 -0.08198545 -0.05467202]]
Matrix Pair 91; W = [[ 0.18677175 -0.00425896  0.14838244 -0.13018152 -0.03833578]
 [-0.1333945  -0.40338741 -0.03431836  0.2305     -0.10220106]
 [ 0.07130285 -0.02246862 -0.1301901   0.07825415 -0.09367054]
 [-0.02219763  0.11022596  0.13527423 -0.14075198 -0.11672369]
 [-0.15898526 -0.16790287 -0.26418907 -0.21038497 -0.10701571]]
U = [[ 0.18334876  0.20470384  0.32620021  0.40289284 -0.02902328]
 [-0.2734312  -0.0178154   0.01963653  0.11479596  0.31423507]
 [ 0.09238184 -0.10981617 -0.18327542 -0.1073844   0.26147298]
 [ 0.17888969  0.04010053  0.1899606  -0.10679777 -0.1051149 ]
 [-0.18983789  0.03962797 -0.23475472 -0.07673728 -0.03480583]]
Matrix Pair 92; W = [[ 0.13480342  0.01436077  0.13502902 -0.08176535 -0.09074643]
 [-0.21020327 -0.36256858 -0.03878816  0.22308252 -0.1064251 ]
 [ 0.010614    0.01733862 -0.12049077  0.05059311 -0.13602413]
 [ 0.01718358  0.09878223  0.13174471 -0.09776898 -0.15785052]
 [-0.14523468 -0.15285966 -0.24701993 -0.22193815 -0.08282905]]
U = [[ 0.18474593  0.1561035   0.36572461  0.35026058 -0.05562116]
 [-0.28579615 -0.03762355  0.0439858   0.1841275   0.22277568]
 [ 0.04746075 -0.13389674 -0.20095621 -0.07140137  0.26104538]
 [ 0.14357728  0.04511745  0.22494722 -0.03824044 -0.14708445]
 [-0.13170712  0.03280206 -0.22038578 -0.09950014 -0.0568069 ]]
Matrix Pair 93; W = [[ 0.16873721  0.0579453   0.11934018 -0.07052793 -0.00540992]
 [-0.18047274 -0.39316224 -0.05359441  0.26354003 -0.11960746]
 [ 0.0174393   0.03432813 -0.14610735  0.04281305 -0.14310917]
 [-0.02115955  0.117894    0.11306365 -0.09152278 -0.10411422]
 [-0.11144386 -0.15635438 -0.25970823 -0.15235683 -0.12559908]]
U = [[ 0.18569696  0.14988757  0.28551806  0.38643532 -0.0327557 ]
 [-0.34899335 -0.09854492 -0.01958859  0.10522281  0.2880806 ]
 [ 0.09304959 -0.07025269 -0.18540424 -0.01548526  0.22303599]
 [ 0.11624632  0.00294577  0.14910355 -0.10129131 -0.17602849]
 [-0.16398611 -0.02654759 -0.22510997 -0.04276035  0.02839273]]
Matrix Pair 94; W = [[ 0.17253086  0.02013921  0.10872262 -0.12336553 -0.08410859]
 [-0.21596291 -0.4035736  -0.03153209  0.29384569 -0.02945631]
 [-0.02235244  0.01053429 -0.15713047  0.08435529 -0.12819203]
 [ 0.00118453  0.13169489  0.07649793 -0.09456349 -0.1373281 ]
 [-0.19951375 -0.12872181 -0.29091875 -0.16896298 -0.08214593]]
U = [[ 0.18418075  0.15047916  0.32901316  0.38793776 -0.08672799]
 [-0.31035042 -0.0800515   0.0179721   0.10202314  0.29590182]
 [ 0.09278174 -0.10928453 -0.18623166 -0.0897345   0.27296726]
 [ 0.16015769  0.06097212  0.21720986 -0.0541645  -0.11961466]
 [-0.14286367 -0.02546571 -0.18792723 -0.04915737 -0.01053729]]
Matrix Pair 95; W = [[ 0.19590824  0.01230006  0.10772265 -0.14686437 -0.0855342 ]
 [-0.2238723  -0.41263818 -0.07790511  0.23042923 -0.04878519]
 [ 0.01371835  0.04829759 -0.11953438  0.08009629 -0.15087029]
 [-0.03509572  0.05899621  0.15070034 -0.14075331 -0.08323007]
 [-0.10702723 -0.09848883 -0.22105072 -0.14853915 -0.12217659]]
U = [[ 0.11160023  0.16574878  0.32947325  0.39135212 -0.02832553]
 [-0.29617046 -0.04422971  0.03381056  0.10113064  0.2360361 ]
 [ 0.05480003 -0.04590152 -0.24138926 -0.06215235  0.21292658]
 [ 0.14001513  0.04644074  0.15024871 -0.07047409 -0.16573969]
 [-0.09558086  0.01251911 -0.25791534 -0.0845788  -0.03191414]]
Matrix Pair 96; W = [[ 0.19182134  0.00963103  0.11902977 -0.14634157 -0.00293617]
 [-0.19981276 -0.33034499 -0.02214541  0.24130199 -0.1514875 ]
 [-0.07555811  0.00532149 -0.11096786  0.09636227 -0.10116962]
 [-0.10771342  0.07293677  0.19041161 -0.02188128 -0.06809202]
 [-0.10243397 -0.18243052 -0.26727523 -0.15912536  0.02102873]]
U = [[ 0.0837981   0.11593872  0.26272145  0.36296821 -0.05346036]
 [-0.27727521 -0.04118932  0.02072197  0.17523795  0.18262668]
 [ 0.10139467 -0.0911356  -0.14096093 -0.10379056  0.2546519 ]
 [ 0.17198022  0.02949552  0.21641394 -0.10205138 -0.08688364]
 [-0.07974116 -0.01497546 -0.26270914 -0.06874948 -0.13294784]]
Matrix Pair 97; W = [[ 0.18090331 -0.00124324  0.09065807 -0.05940372  0.00933919]
 [-0.16342288 -0.38209314 -0.09858103  0.16873065 -0.15824131]
 [-0.01007534  0.03634904 -0.08030255  0.09100142 -0.06848934]
 [-0.0758568   0.07038015  0.13672771 -0.07436081 -0.1097199 ]
 [-0.14191099 -0.2027647  -0.30016634 -0.13611987 -0.04820825]]
U = [[ 0.11104742  0.14728485  0.25935826  0.39799846 -0.03757539]
 [-0.33866128 -0.02140483  0.02512907  0.14369652  0.20310955]
 [ 0.06900208 -0.06502045 -0.18666047 -0.16532172  0.21803566]
 [ 0.24002957  0.03218492  0.2241054  -0.07732892 -0.09068175]
 [-0.02970771 -0.04080592 -0.27975247 -0.01747503 -0.16043916]]
Matrix Pair 98; W = [[ 0.2464396   0.01292082  0.17033755 -0.09695751 -0.0629449 ]
 [-0.19086288 -0.40841945 -0.07202269  0.20910549 -0.16602962]
 [-0.03499172 -0.01669594 -0.07289725  0.09668697 -0.15775379]
 [-0.10529916  0.09085297  0.10016881 -0.07405087 -0.11185392]
 [-0.13590594 -0.19979135 -0.22943317 -0.19154014 -0.04014875]]
U = [[ 0.08400151  0.14020806  0.30107319  0.44980239 -0.04650896]
 [-0.27764169 -0.07696536  0.09804391  0.19307674  0.1971826 ]
 [ 0.11924101 -0.0650026  -0.19743853 -0.10153384  0.25087859]
 [ 0.24022581  0.01397186  0.21677576 -0.05027949 -0.12791565]
 [-0.10293386 -0.04896361 -0.28631778 -0.05971018 -0.13787072]]
Matrix Pair 99; W = [[ 2.14970261e-01  6.90763669e-02  8.60766823e-02 -5.19403394e-02
  -8.53351419e-03]
 [-1.86372265e-01 -3.75147226e-01 -8.46227313e-02  1.56624112e-01
  -1.16634620e-01]
 [ 3.52069488e-04 -4.24613738e-03 -1.17496029e-01  4.77102428e-02
  -1.49703424e-01]
 [-5.42271642e-02  4.73839038e-02  1.65016114e-01 -6.82093101e-02
  -1.17067624e-01]
 [-1.56726824e-01 -1.54781493e-01 -3.19564864e-01 -1.37781889e-01
  -1.74706493e-02]]
U = [[ 0.15137019  0.09386372  0.23670124  0.37729118 -0.02023894]
 [-0.28165648 -0.07228952  0.03804605  0.11902375  0.22607832]
 [ 0.09900038 -0.02660092 -0.12916623 -0.15440555  0.25378641]
 [ 0.18703909  0.04960047  0.28182656 -0.0897939  -0.16524979]
 [-0.08169577 -0.06145036 -0.25198196 -0.03781139 -0.11072294]]
Matrix Pair 100; W = [[ 0.23101964  0.02524391  0.11725815 -0.07141573 -0.01225067]
 [-0.22464826 -0.38138125 -0.11066199  0.1800315  -0.09791259]
 [-0.01236985 -0.03002516 -0.11428543  0.08927784 -0.13953829]
 [-0.08123583  0.11827452  0.19110285 -0.04095156 -0.06292094]
 [-0.08983782 -0.15468142 -0.32045894 -0.21562152 -0.03097466]]
U = [[ 0.15276185  0.10315606  0.29416477  0.38442252 -0.01946456]
 [-0.31072493 -0.0108611   0.09999977  0.19364858  0.21773608]
 [ 0.03797197 -0.05638681 -0.20841743 -0.15454364  0.22647383]
 [ 0.15972136  0.01656493  0.24870467 -0.10367942 -0.0984635 ]
 [-0.0165921  -0.09717377 -0.30244947  0.00579851 -0.11345396]]
Matrix Pair 101; W = [[ 0.23619969  0.03406673  0.11559316 -0.0574563  -0.05929563]
 [-0.17472541 -0.39051222 -0.07704776  0.24355135 -0.14886332]
 [-0.00136373 -0.0157516  -0.1176516   0.05750475 -0.07474367]
 [-0.04573418  0.03166339  0.1650793  -0.08949806 -0.10115659]
 [-0.17148765 -0.16862417 -0.25648041 -0.21314405 -0.05510538]]
U = [[ 0.08683573  0.0779228   0.31247002  0.3937055  -0.00643536]
 [-0.29050569 -0.01471647  0.05385915  0.20156698  0.21092027]
 [ 0.0279607  -0.05336443 -0.13177431 -0.13650603  0.297451  ]
 [ 0.23616622 -0.02273999  0.252722   -0.07806312 -0.15624711]
 [-0.02462013 -0.06858553 -0.26026007  0.00403939 -0.15314765]]
Matrix Pair 102; W = [[ 0.22732009  0.00420535  0.13075599 -0.13144667 -0.02411945]
 [-0.13170856 -0.37445828 -0.05514257  0.15497879 -0.0950326 ]
 [ 0.00540462 -0.00241393 -0.0740606   0.02496932 -0.10857349]
 [-0.02958271  0.07548091  0.12633721 -0.04043071 -0.12695162]
 [-0.17662853 -0.15988613 -0.22662608 -0.13231522  0.00361053]]
U = [[ 0.08741344  0.14906511  0.24847695  0.46084779 -0.06885917]
 [-0.25994892 -0.05839835  0.06419981  0.19524423  0.18489698]
 [ 0.07934254 -0.03604033 -0.12487145 -0.08634249  0.23293375]
 [ 0.23801101 -0.02823217  0.24174955 -0.0727333  -0.09737128]
 [-0.11100925 -0.08480045 -0.20938657  0.00188965 -0.09842832]]
Matrix Pair 103; W = [[ 0.1575354   0.04828781  0.14655223 -0.10947105 -0.02319212]
 [-0.12860128 -0.35310383 -0.08698356  0.1828263  -0.09380446]
 [-0.07875824  0.02515878 -0.09744292  0.01890043 -0.10636826]
 [-0.09678314  0.10499806  0.15586034 -0.08490869 -0.09175867]
 [-0.17557116 -0.15923976 -0.32515005 -0.21028026 -0.01602168]]
U = [[ 0.14749547  0.0984433   0.23635612  0.43092434 -0.10226924]
 [-0.25290718 -0.03980403  0.06360253  0.17775281  0.22165384]
 [ 0.08849671 -0.07677038 -0.20115372 -0.17188152  0.27296833]
 [ 0.21061404 -0.01448548  0.30391793 -0.02200491 -0.15552171]
 [-0.03338879 -0.03306133 -0.25996278 -0.04183978 -0.14109602]]
Matrix Pair 104; W = [[ 0.14845154  0.05507284  0.15147835 -0.14033274 -0.04661864]
 [-0.21923362 -0.37568656 -0.0909284   0.15448374 -0.10582344]
 [-0.07811559  0.05139759 -0.13783446  0.05845432 -0.14844326]
 [-0.02332851  0.10712906  0.15624578 -0.0429144  -0.12080896]
 [-0.16295634 -0.1526235  -0.25022913 -0.15591928 -0.0580475 ]]
U = [[ 0.12519327  0.08084512  0.23099141  0.43319197 -0.08631567]
 [-0.29489988  0.00747651  0.10320238  0.17345552  0.2431474 ]
 [ 0.11515415 -0.03908155 -0.1802679  -0.14223228  0.30065615]
 [ 0.15433547 -0.03604939  0.29223066 -0.1077105  -0.12553569]
 [-0.06817718 -0.02278208 -0.23911985 -0.04893852 -0.13943122]]
Matrix Pair 105; W = [[ 0.23392418  0.05720945  0.10019991 -0.14377249 -0.05191824]
 [-0.14015857 -0.41186894 -0.05126012  0.23969526 -0.13862694]
 [-0.02250407  0.01575947 -0.09485781  0.09050877 -0.06445475]
 [-0.06323555  0.06985385  0.1428159  -0.0093176  -0.11268244]
 [-0.09996044 -0.14108954 -0.31544488 -0.18832189 -0.04757734]]
U = [[ 0.1541455   0.07209257  0.24818117  0.45584038 -0.07126367]
 [-0.33525744  0.00836583  0.02069601  0.11245123  0.22294418]
 [ 0.10316006 -0.07898417 -0.17085934 -0.11274349  0.30089789]
 [ 0.17387716 -0.03473108  0.22658784 -0.07648184 -0.15850973]
 [-0.02151673 -0.08658537 -0.25546438 -0.01269914 -0.06841245]]
Matrix Pair 106; W = [[ 0.19106051  0.01782174  0.09444121 -0.13602485  0.00360378]
 [-0.13626242 -0.38381019 -0.09988404  0.18740693 -0.11065927]
 [-0.02449125  0.04434913 -0.05439398  0.06785361 -0.14468009]
 [-0.0653033   0.10455406  0.16692285 -0.04486041 -0.09415255]
 [-0.1534856  -0.15923506 -0.27874338 -0.16473985  0.01568804]]
U = [[ 0.1363072   0.09896762  0.24759643  0.36307931 -0.03426327]
 [-0.28100674 -0.06416207  0.03636202  0.10910724  0.25939775]
 [ 0.11293154 -0.0751116  -0.14386366 -0.07661022  0.2423585 ]
 [ 0.20952393  0.04775894  0.25932249 -0.06330659 -0.11917535]
 [-0.05932272 -0.00898363 -0.30699318 -0.0759037  -0.0777702 ]]
Matrix Pair 107; W = [[ 0.20348111  0.02170406  0.16411591 -0.06959673  0.01672094]
 [-0.21021257 -0.38907975 -0.07645685  0.21511386 -0.11979123]
 [-0.01680316  0.04136897 -0.10773282  0.08062989 -0.09786732]
 [-0.02778592  0.11940191  0.15532115 -0.02545468 -0.10404186]
 [-0.09993014 -0.15902238 -0.22936308 -0.16774347  0.01091565]]
U = [[ 0.14327948  0.13147971  0.27277076  0.41365691 -0.01565761]
 [-0.32006621  0.00152059  0.06064879  0.16626799  0.18266666]
 [ 0.11833841 -0.03280655 -0.1206718  -0.14252451  0.21836324]
 [ 0.22010449  0.04527194  0.22235214 -0.11002611 -0.15102581]
 [-0.0506264  -0.0505148  -0.21958422 -0.01009927 -0.07595782]]
Matrix Pair 108; W = [[ 0.20920829  0.02170721  0.13533185 -0.09674441 -0.02875642]
 [-0.12914532 -0.34535509 -0.05647275  0.23638253 -0.17595204]
 [-0.00757492  0.05324487 -0.13975957  0.09123602 -0.10388671]
 [-0.03956068  0.0487119   0.14475539 -0.03890352 -0.11807239]
 [-0.17408479 -0.21802976 -0.31539091 -0.13871762 -0.01826322]]
U = [[ 0.10923892  0.11168311  0.26406561  0.38116969 -0.08643583]
 [-0.32657815 -0.0207063   0.05840307  0.19578014  0.27575747]
 [ 0.06400951 -0.07128603 -0.2017485  -0.1136312   0.25220219]
 [ 0.17509362 -0.02917039  0.28844512 -0.08465339 -0.1325761 ]
 [-0.03961426 -0.04763908 -0.26697169 -0.04058757 -0.14305272]]
Matrix Pair 109; W = [[ 0.22904942  0.02693857  0.10558612 -0.1172538   0.00149464]
 [-0.18644663 -0.32737247 -0.1031576   0.25127229 -0.13218558]
 [-0.0308496  -0.015331   -0.06833214  0.06965271 -0.07511369]
 [-0.05341367  0.0804644   0.16856703 -0.09467642 -0.04347729]
 [-0.16191109 -0.1515713  -0.28931296 -0.14723227 -0.04908405]]
U = [[ 0.15561685  0.13165837  0.2533692   0.44138901 -0.01564927]
 [-0.29734586 -0.04226769  0.06787572  0.16042505  0.18977168]
 [ 0.04064225 -0.08312085 -0.17654123 -0.15099845  0.24969418]
 [ 0.18615224  0.01308749  0.28724245 -0.02394069 -0.13614678]
 [-0.10214011 -0.0470514  -0.29014593 -0.02619437 -0.13945072]]
Matrix Pair 110; W = [[ 0.19853633  0.06464397  0.17729275 -0.09854863  0.01654634]
 [-0.13946309 -0.38767475 -0.06907066  0.17211693 -0.10463482]
 [-0.02778619 -0.03464464 -0.1193049   0.08355785 -0.10947069]
 [-0.08443731  0.0782476   0.10685251 -0.04196716 -0.09375304]
 [-0.13652215 -0.17186376 -0.24126191 -0.18537489 -0.06044492]]
U = [[ 0.1792777   0.08676984  0.26762166  0.43381553 -0.08624753]
 [-0.32106376 -0.03827107  0.0464656   0.16696641  0.18398141]
 [ 0.03919225 -0.07085317 -0.20819436 -0.09317653  0.25106879]
 [ 0.2463674   0.00787784  0.23832828 -0.07084276 -0.09586137]
 [-0.10633297 -0.05580021 -0.28051007 -0.06523274 -0.15844613]]
Matrix Pair 111; W = [[ 0.17747622  0.02093127  0.11263856 -0.13301305 -0.02466765]
 [-0.16145842 -0.41037143 -0.07651797  0.17083889 -0.12452367]
 [-0.05571059  0.03706382 -0.05963181  0.05456374 -0.12508692]
 [-0.10905719  0.12686319  0.13395796  0.00451374 -0.11101196]
 [-0.15267173 -0.17685449 -0.22813274 -0.15086237 -0.04116311]]
U = [[ 0.12215289  0.10220687  0.32044446  0.45993796 -0.0550479 ]
 [-0.33771671  0.00294181  0.09720301  0.12762608  0.18260523]
 [ 0.07901315 -0.03415858 -0.14972396 -0.14947991  0.23841932]
 [ 0.21440887 -0.04120907  0.2539407  -0.04300165 -0.13856062]
 [-0.04511625 -0.09147067 -0.25513281 -0.05690366 -0.14263849]]
Matrix Pair 112; W = [[ 2.16530909e-01 -2.22487865e-02  1.07954131e-01 -9.09262321e-02
  -2.96885008e-02]
 [-1.59498372e-01 -3.17505305e-01 -1.01123180e-01  2.67464854e-01
  -1.45606783e-01]
 [-2.90847085e-02 -3.53492701e-02 -5.01365082e-02  7.66147680e-02
  -3.05678489e-02]
 [-6.83714532e-02 -3.01822159e-04  1.58265482e-01  2.09979595e-02
  -4.57446551e-02]
 [-1.21661389e-01 -1.37716508e-01 -2.72352945e-01 -1.41292869e-01
  -1.43919364e-02]]
U = [[ 0.16735505  0.14432506  0.34397156  0.39000848 -0.03633156]
 [-0.29479333 -0.06160656  0.07095502  0.17441664  0.21387963]
 [ 0.09538171 -0.09263397 -0.17939059 -0.06168434  0.20402273]
 [ 0.20392709 -0.04669927  0.2912645  -0.05627182 -0.09707588]
 [-0.10508903 -0.09353085 -0.22924751 -0.07822035 -0.07899274]]
Matrix Pair 113; W = [[ 0.21495414  0.00936532  0.10197216 -0.13583372 -0.03926006]
 [-0.15262753 -0.29032322 -0.12376083  0.2791465  -0.12517269]
 [-0.05300488 -0.02590747 -0.1007676   0.09547322 -0.01064064]
 [-0.0888202   0.06041487  0.17696878 -0.00223479 -0.05764791]
 [-0.17699987 -0.14513097 -0.29727306 -0.14330678 -0.03049365]]
U = [[ 0.18803651  0.10384936  0.35334062  0.34275171 -0.04179081]
 [-0.32127093 -0.04911472  0.07764854  0.18550942  0.22327675]
 [ 0.11541165 -0.12651894 -0.22196495 -0.10252456  0.19116616]
 [ 0.24590126 -0.01332681  0.27576366 -0.13992887 -0.12175954]
 [-0.07335853 -0.08682342 -0.26779726 -0.05511341 -0.06929791]]
Matrix Pair 114; W = [[ 0.18601242  0.07311001  0.15954739 -0.08307685  0.02425797]
 [-0.07597354 -0.27707684 -0.12946473  0.29965658 -0.08158731]
 [-0.09944815 -0.00115303 -0.05464804  0.04578369 -0.03280032]
 [-0.06293833  0.00601383  0.12651125  0.01839224 -0.09098809]
 [-0.12874451 -0.09024675 -0.3380055  -0.13532577 -0.02261851]]
U = [[ 0.14308432  0.10269962  0.30153006  0.34806132  0.00745212]
 [-0.27890766 -0.03564304  0.07398391  0.12341237  0.14144832]
 [ 0.09802502 -0.04567413 -0.17628681 -0.11328681  0.22608416]
 [ 0.2449287  -0.01982974  0.28010457 -0.09412776 -0.03911436]
 [-0.05853211 -0.0707557  -0.23327627 -0.08274134 -0.04460768]]
Matrix Pair 115; W = [[ 0.21366246  0.02182762  0.17954043 -0.13931837  0.01921917]
 [-0.17012707 -0.29464187 -0.08457452  0.30584568 -0.09593408]
 [-0.03991719  0.02631902 -0.08219686  0.04558163 -0.00236873]
 [-0.01416443  0.01123337  0.11273425 -0.02929805 -0.02036796]
 [-0.17419111 -0.15039505 -0.29992857 -0.19508342 -0.03492463]]
U = [[ 0.14876873  0.112831    0.28234281  0.39243402 -0.01786787]
 [-0.32569697  0.00297987  0.06316054  0.1877188   0.20591117]
 [ 0.08060271 -0.07539265 -0.21507738 -0.12137016  0.27147638]
 [ 0.19185275 -0.06157104  0.27514795 -0.14014689 -0.10845498]
 [-0.05733907 -0.02458223 -0.19648038 -0.03310468 -0.00857353]]
Matrix Pair 116; W = [[ 0.20337155  0.01888753  0.16651054 -0.13356158 -0.04894052]
 [-0.10399238 -0.27256096 -0.11161967  0.24494965 -0.10735259]
 [-0.07794875  0.01222404 -0.08017787  0.06170542 -0.06322247]
 [-0.10032273  0.03239926  0.14544343 -0.02225117 -0.10835689]
 [-0.16569034 -0.1472627  -0.34290487 -0.20289059  0.00483566]]
U = [[ 0.13140095  0.07825374  0.30544986  0.37858805 -0.00042941]
 [-0.2899271  -0.00200879  0.04971948  0.12695284  0.14993073]
 [ 0.13277445 -0.05231301 -0.16350514 -0.06207801  0.22785276]
 [ 0.26894764 -0.03457721  0.20188117 -0.10198687 -0.04693112]
 [-0.06955515 -0.04233603 -0.22186453 -0.08690734 -0.0695434 ]]
Matrix Pair 117; W = [[ 0.22671381 -0.01650558  0.14904083 -0.1130354  -0.03202408]
 [-0.12742519 -0.32476553 -0.10602547  0.2286245  -0.09495253]
 [-0.07024593 -0.02789113 -0.12819377  0.05527266 -0.01665633]
 [-0.01078075  0.04422902  0.15894945  0.02449477 -0.10314336]
 [-0.15323649 -0.08046462 -0.3022714  -0.19210445 -0.02811035]]
U = [[ 0.20181769  0.1087928   0.33697483  0.39610766 -0.03169453]
 [-0.32702525 -0.04840823  0.06788448  0.21730459  0.21812568]
 [ 0.16738678 -0.07069305 -0.20247689 -0.11523197  0.25121249]
 [ 0.18163004  0.01975773  0.24772145 -0.14655058 -0.12035582]
 [-0.05024262 -0.03669443 -0.20099463 -0.07129446 -0.00859371]]
Matrix Pair 118; W = [[ 0.18188878  0.06248543  0.08667829 -0.0823995  -0.05137887]
 [-0.15746377 -0.34880711 -0.07687744  0.22928697 -0.12967531]
 [-0.06256396  0.00684158 -0.11256312  0.1213912  -0.04641356]
 [-0.05694004  0.07653263  0.17078839  0.00872823 -0.10801441]
 [-0.16528034 -0.11737988 -0.26733972 -0.12146671 -0.01102854]]
U = [[ 0.17248569  0.13219299  0.26716097  0.34315478 -0.06237941]
 [-0.32101882 -0.04591439  0.09943977  0.13725865  0.168532  ]
 [ 0.1013122  -0.04808654 -0.2235677  -0.05799397  0.20949435]
 [ 0.21970063 -0.02633403  0.24843857 -0.14474635 -0.10514827]
 [-0.03011513 -0.05503216 -0.21105278 -0.03114321 -0.02216064]]
Matrix Pair 119; W = [[ 0.20083583 -0.01635688  0.09764509 -0.15364497 -0.02787825]
 [-0.1166404  -0.34838533 -0.06102398  0.2729287  -0.08649227]
 [-0.05433921  0.00058499 -0.07917295  0.06787095 -0.08500973]
 [-0.04478466  0.06032553  0.15135365 -0.01300808 -0.10171288]
 [-0.10016069 -0.14505183 -0.25705557 -0.12617468 -0.0257092 ]]
U = [[ 0.13250396  0.11589631  0.28628314  0.30530881 -0.02197051]
 [-0.27608778  0.00614485  0.11150642  0.124698    0.15873178]
 [ 0.09964333 -0.10828791 -0.15688628 -0.13376243  0.26541579]
 [ 0.24807345 -0.06893587  0.24288547 -0.1495184  -0.06544447]
 [-0.08020132 -0.0783708  -0.21387146 -0.10534415 -0.08271408]]
Matrix Pair 120; W = [[ 0.17236127  0.04348217  0.17546936 -0.1628026  -0.04182537]
 [-0.09834146 -0.31500489 -0.13342344  0.28578657 -0.15577972]
 [-0.02622104  0.00501035 -0.13772046  0.03322628 -0.02276101]
 [-0.103118   -0.01124589  0.19570733 -0.05108133 -0.08656793]
 [-0.17428862 -0.1278211  -0.28205804 -0.16762928 -0.04711104]]
U = [[ 0.14455486  0.0842822   0.34863269  0.36941492 -0.01194312]
 [-0.31750724 -0.04973695  0.08854351  0.17448914  0.19153352]
 [ 0.08667427 -0.0495372  -0.20850005 -0.04718879  0.18854556]
 [ 0.26342627 -0.02005972  0.23072493 -0.05459674 -0.07596797]
 [-0.08268348 -0.07355059 -0.2405411  -0.1006893  -0.02850007]]
Matrix Pair 121; W = [[ 0.16274073  0.05928617  0.09528986 -0.08097859  0.0126315 ]
 [-0.1060426  -0.26321346 -0.10914271  0.26287307 -0.1624282 ]
 [-0.08663789 -0.04539762 -0.05537391  0.08228583 -0.01700375]
 [-0.07010472  0.03282161  0.18025811 -0.06670251 -0.01938857]
 [-0.09590872 -0.15359904 -0.34435757 -0.21392525 -0.06113684]]
U = [[ 0.15077951  0.09653988  0.2653522   0.36816738  0.03361464]
 [-0.2658233  -0.03994866  0.11728871  0.17127958  0.2216344 ]
 [ 0.16316771 -0.12181524 -0.16799089 -0.10002239  0.22333926]
 [ 0.23262775 -0.04106212  0.23443589 -0.08901471 -0.08050171]
 [-0.08201692 -0.0387844  -0.25893758 -0.06124503 -0.0288495 ]]
Matrix Pair 122; W = [[ 0.22956318  0.0248512   0.10358013 -0.17818776  0.04179167]
 [-0.12053041 -0.28415993 -0.03763287  0.28985894 -0.14619876]
 [-0.10990919 -0.00204296 -0.06498025  0.0891804  -0.02707882]
 [-0.04713433  0.05014414  0.11689875 -0.03219926 -0.09301098]
 [-0.1328073  -0.09690583 -0.26647352 -0.18614633 -0.08882212]]
U = [[ 0.17012803  0.0958811   0.2999333   0.36296055 -0.04656039]
 [-0.26397047 -0.08990533  0.02419396  0.20450108  0.17628115]
 [ 0.09861442 -0.10097021 -0.18705535 -0.0767225   0.24332148]
 [ 0.25192036 -0.06728277  0.29242838 -0.12106829 -0.06077084]
 [-0.11668867 -0.01429379 -0.24699636 -0.06450454 -0.03276985]]
Matrix Pair 123; W = [[ 0.16311651  0.07037554  0.12778197 -0.09381869 -0.05627883]
 [-0.09210604 -0.349454   -0.0669187   0.26728882 -0.09978614]
 [-0.09362226  0.03373124 -0.06867515  0.07785742 -0.02930677]
 [-0.04494057  0.07733373  0.16490435 -0.01568707 -0.09097176]
 [-0.13350263 -0.17283037 -0.26373541 -0.1680018  -0.05604753]]
U = [[ 0.19606954  0.1382869   0.35194909  0.33791613 -0.05395992]
 [-0.33125407 -0.05038671  0.04837429  0.16861293  0.20319204]
 [ 0.10720837 -0.13524251 -0.22098991 -0.06765272  0.21010522]
 [ 0.26832394 -0.05224953  0.20557384 -0.13501365 -0.09946652]
 [-0.0558481  -0.02226629 -0.23131108 -0.03395205 -0.02917766]]
Matrix Pair 124; W = [[ 0.15328411  0.07408535  0.12416973 -0.11811375 -0.02986111]
 [-0.09858916 -0.28469588 -0.08516686  0.28469951 -0.06734134]
 [-0.05092371  0.04569948 -0.07067295  0.06357088 -0.03726359]
 [-0.08974469  0.06498322  0.16313492  0.00297879 -0.05131679]
 [-0.09278469 -0.1454565  -0.28602234 -0.17593317 -0.02619326]]
U = [[ 0.18743502  0.147662    0.32557849  0.33500319  0.01221248]
 [-0.33439408 -0.07370751  0.07356375  0.1667918   0.22208735]
 [ 0.14501561 -0.04159359 -0.17882964 -0.13622514  0.25570871]
 [ 0.26663338 -0.03818198  0.20128732 -0.07672136 -0.12162368]
 [-0.0539455  -0.04758801 -0.2363162  -0.03107816 -0.0648346 ]]
Matrix Pair 125; W = [[ 0.15759885 -0.00374094  0.09286059 -0.17266972 -0.04466417]
 [-0.16774947 -0.26905986 -0.12727349  0.23220026 -0.14221656]
 [-0.02270974 -0.01753748 -0.08401246  0.07656124 -0.05184168]
 [-0.07288006  0.01329463  0.1569658  -0.05664847 -0.05953264]
 [-0.10263922 -0.11517383 -0.33691004 -0.21462801 -0.08740005]]
U = [[ 0.18065608  0.13555194  0.29984983  0.32003872  0.02120286]
 [-0.27666776 -0.03674059  0.02273384  0.12754401  0.21546437]
 [ 0.14255077 -0.09500387 -0.17025587 -0.03880652  0.26698463]
 [ 0.27130929 -0.01071162  0.23027305 -0.05402496 -0.08249128]
 [-0.04692313 -0.04543681 -0.19748218 -0.02664161 -0.06398229]]
Matrix Pair 126; W = [[ 0.14085045  0.06501787  0.18608663 -0.16303901  0.01734749]
 [-0.16343463 -0.29378773 -0.11632841  0.22871821 -0.10250092]
 [-0.06092459 -0.03297064 -0.04509393  0.05873726 -0.07094098]
 [-0.03790724  0.07375131  0.17910598 -0.00556453 -0.05177413]
 [-0.15513245 -0.09572676 -0.28031828 -0.14048241 -0.02243053]]
U = [[ 0.1173334   0.09854756  0.26274986  0.33821855 -0.02935631]
 [-0.2380301   0.00184052  0.11072312  0.14534406  0.1544434 ]
 [ 0.0870766  -0.12086019 -0.205883   -0.08094384  0.20472676]
 [ 0.2479521  -0.01351789  0.29238184 -0.09002313 -0.05057886]
 [-0.11859745 -0.05539635 -0.22626423 -0.07221433 -0.10252326]]
Matrix Pair 127; W = [[ 0.18788978  0.05998013  0.14894166 -0.13731186 -0.01613194]
 [-0.16779406 -0.27989426 -0.09255236  0.27470363 -0.15157153]
 [-0.04685704 -0.04379991 -0.08064396  0.04452075 -0.08610322]
 [-0.0379921   0.08329831  0.18479892  0.00569012 -0.1100053 ]
 [-0.1819505  -0.08397233 -0.27459902 -0.17662215 -0.06519935]]
U = [[ 0.21102423  0.11615716  0.349354    0.30972957 -0.05449178]
 [-0.24957814 -0.04187852  0.09755072  0.19949053  0.14818893]
 [ 0.12738859 -0.06706937 -0.21180738 -0.11420196  0.25208248]
 [ 0.19719623 -0.04439781  0.19933355 -0.1370422  -0.12478888]
 [-0.05517044 -0.01826821 -0.2701136  -0.09750638 -0.10459576]]
