Epoch: 65Matrix Pair 0; W = [[ 0.21297758 -0.0947323   0.09054583 -0.2108897   0.03379813]
 [-0.18838402 -0.33867705 -0.1511063   0.21338489 -0.11266327]
 [-0.08412099  0.04381787 -0.05888424  0.10416587  0.00521095]
 [-0.08004522  0.08782269  0.07380934 -0.05882597 -0.10560349]
 [-0.09513547 -0.15008232 -0.22936323 -0.09948681 -0.07077222]]
U = [[ 0.12553722  0.137125    0.28966677  0.39604782 -0.1259823 ]
 [-0.3798988  -0.08447763  0.03583998  0.06073583  0.20594237]
 [ 0.12354102 -0.14528801 -0.24496924 -0.05405882  0.19588752]
 [ 0.27430956 -0.06606118  0.22921422 -0.06561931 -0.2008706 ]
 [-0.03550431  0.03924673 -0.31398567 -0.00124565 -0.05628516]]
Matrix Pair 1; W = [[ 0.22016143 -0.114182    0.13056877 -0.12501798  0.04457726]
 [-0.13765997 -0.30174009 -0.13561988  0.2554177  -0.07044826]
 [-0.04836664  0.07258442 -0.05878232  0.14060512 -0.02193987]
 [-0.08250178  0.08039972  0.07253687 -0.113178   -0.06961426]
 [-0.10426081 -0.14670025 -0.19771165 -0.16717823 -0.09753265]]
U = [[ 0.13878168  0.11222189  0.28429099  0.40097259 -0.1038402 ]
 [-0.3990704  -0.12143773  0.06500369  0.06625936  0.22241672]
 [ 0.03731032 -0.12673718 -0.18280658 -0.12305626  0.161982  ]
 [ 0.24675355 -0.09142737  0.22344883  0.01194395 -0.11695275]
 [-0.06526225  0.03700379 -0.27609229 -0.04691656 -0.03735275]]
Matrix Pair 2; W = [[ 0.14728532 -0.12024237  0.17237395 -0.18662745  0.08666748]
 [-0.18267991 -0.34249157 -0.13549832  0.21464596 -0.12843838]
 [-0.03316582  0.0915011  -0.05809498  0.07244858 -0.01280449]
 [-0.07650079  0.06119928  0.06049233 -0.10019555 -0.06670499]
 [-0.05556986 -0.11143155 -0.18376557 -0.11596892 -0.03589491]]
U = [[ 0.12456718  0.16848959  0.32152371  0.35768348 -0.12254175]
 [-0.40615318 -0.12772647 -0.02690998  0.08850755  0.24359122]
 [ 0.13414061 -0.09860952 -0.22970377 -0.08035751  0.20557722]
 [ 0.30420601 -0.0358595   0.28116684 -0.06857083 -0.20233163]
 [-0.10422776  0.01039019 -0.33352687  0.0122394  -0.10299707]]
Matrix Pair 3; W = [[ 0.22482838 -0.05861345  0.1138315  -0.17324067  0.11795837]
 [-0.19091799 -0.34449495 -0.11211679  0.2406133  -0.12858827]
 [-0.08125945  0.0416716  -0.00764483  0.08940354  0.00866067]
 [-0.05050781  0.06829077  0.07501251 -0.14618317 -0.12614612]
 [-0.09660616 -0.1172345  -0.26550608 -0.10483297 -0.11442214]]
U = [[ 0.15097043  0.11863069  0.28626635  0.36916213 -0.14952709]
 [-0.38661198 -0.09480035 -0.00884101  0.05770092  0.20418228]
 [ 0.0854553  -0.12709479 -0.21876424 -0.06929654  0.1220989 ]
 [ 0.33234495 -0.06996198  0.25611089 -0.05658643 -0.13297232]
 [-0.02938268  0.00370175 -0.29285876  0.00602879 -0.11375601]]
Matrix Pair 4; W = [[ 0.19165186 -0.0393229   0.14653932 -0.12994238  0.09052998]
 [-0.11244385 -0.37861813 -0.13419667  0.22641431 -0.12915722]
 [-0.05499039  0.07379892  0.01511214  0.12407706  0.02886746]
 [-0.05547166  0.05367224  0.06698438 -0.07002349 -0.03084896]
 [-0.05879495 -0.12695194 -0.20280621 -0.13208348 -0.04555167]]
U = [[ 0.10677215  0.12931948  0.29014079  0.31744153 -0.12802203]
 [-0.34445347 -0.10730009  0.05882584  0.12542339  0.20774027]
 [ 0.09542228 -0.09363302 -0.22210936 -0.08896628  0.13082048]
 [ 0.31325734 -0.06918862  0.22896208  0.0105932  -0.16922455]
 [-0.06384134 -0.04634908 -0.33289591 -0.05421485 -0.1140202 ]]
Matrix Pair 5; W = [[ 0.20736888 -0.09983813  0.11609903 -0.17520583  0.03080783]
 [-0.15513652 -0.30379582 -0.1143604   0.25478338 -0.07716937]
 [-0.07662952  0.08620093  0.02238712  0.12714568  0.00683478]
 [-0.02719533  0.1021633   0.06377713 -0.12066279 -0.05324706]
 [-0.14180761 -0.17059056 -0.23936596 -0.10694236 -0.03794916]]
U = [[ 0.09758057  0.11341009  0.30365668  0.33694985 -0.09777121]
 [-0.32039497 -0.10157829 -0.02629948  0.07659155  0.22959466]
 [ 0.07635692 -0.05838408 -0.23861055 -0.06717735  0.12254475]
 [ 0.30166095 -0.04207787  0.22138438  0.01642095 -0.18589823]
 [-0.02943135 -0.00517208 -0.33889909 -0.04517773 -0.03312306]]
Matrix Pair 6; W = [[ 0.18066889 -0.11878762  0.09954054 -0.19663421  0.05962358]
 [-0.16738171 -0.29734444 -0.09142781  0.24979747 -0.11867907]
 [-0.05029698  0.00334433 -0.04044377  0.12118547  0.02826211]
 [-0.05590009  0.02421321  0.07118975 -0.09994674 -0.0419744 ]
 [-0.07295037 -0.09222014 -0.21005668 -0.09445127 -0.0431969 ]]
U = [[ 0.09338207  0.09363661  0.32759914  0.35564327 -0.11213874]
 [-0.4043229  -0.05449819  0.0371249   0.05377816  0.21345675]
 [ 0.06647309 -0.09119075 -0.19452103 -0.04791987  0.19122483]
 [ 0.3224738  -0.04587566  0.24704007  0.02227353 -0.13446892]
 [-0.03650973 -0.04795281 -0.32807166 -0.00459165 -0.07298209]]
Matrix Pair 7; W = [[ 0.18601959 -0.04958921  0.16439479 -0.14712302  0.09218965]
 [-0.11744707 -0.35152802 -0.15667072  0.24546518 -0.07538006]
 [-0.08878758  0.09522565 -0.02329897  0.14159861 -0.03656754]
 [-0.02601044  0.09285711  0.02493731 -0.12080678 -0.07866711]
 [-0.09447219 -0.15622088 -0.22681157 -0.11723519 -0.08179414]]
U = [[ 0.11411022  0.116097    0.28353695  0.38602247 -0.09729694]
 [-0.37833711 -0.12764066 -0.00521268  0.14314315  0.21976588]
 [ 0.08594929 -0.07287989 -0.24602802 -0.13261603  0.19485766]
 [ 0.33572506 -0.00523647  0.20682042 -0.00669664 -0.14494201]
 [-0.05341189  0.02819614 -0.31471771  0.0066703  -0.05143213]]
Matrix Pair 8; W = [[ 0.17166733 -0.04471343  0.13427051 -0.1591448   0.07939973]
 [-0.20054421 -0.31832137 -0.15794134  0.22162654 -0.10197883]
 [-0.05974066  0.03715319 -0.02259602  0.14663996  0.03463486]
 [-0.07293364  0.04584217  0.04390612 -0.10678585 -0.11011783]
 [-0.12042726 -0.16749174 -0.22925343 -0.15086413 -0.10604333]]
U = [[ 0.10310481  0.12236847  0.30249636  0.32498389 -0.08984505]
 [-0.34848613 -0.13909703 -0.01091216  0.12402384  0.24579044]
 [ 0.05730276 -0.07344548 -0.23845049 -0.07970525  0.20441586]
 [ 0.30189662 -0.08748745  0.20623138  0.01966462 -0.13507181]
 [-0.04700597 -0.03403986 -0.32372182 -0.02093181 -0.1089853 ]]
Matrix Pair 9; W = [[ 0.19355111 -0.08948155  0.15451786 -0.15799256  0.09882645]
 [-0.15634435 -0.3557524  -0.06811781  0.22744039 -0.06326786]
 [-0.11079651  0.06411237 -0.00572511  0.14235182 -0.00717618]
 [-0.06657982  0.09994874  0.05185346 -0.11919616 -0.10446236]
 [-0.10385434 -0.13886287 -0.17251134 -0.16049805 -0.03315674]]
U = [[ 0.08874915  0.09695825  0.35133687  0.31791137 -0.09569952]
 [-0.39227494 -0.10572457 -0.02059164  0.11799958  0.21254953]
 [ 0.05458958 -0.12992579 -0.24612725 -0.08553569  0.15730581]
 [ 0.32052289 -0.05061593  0.23843063  0.01059639 -0.16216627]
 [-0.07307514 -0.02284034 -0.29350889 -0.02409836 -0.10605474]]
Matrix Pair 10; W = [[ 0.2083508  -0.06467119  0.14930425 -0.13245522  0.0419489 ]
 [-0.11755811 -0.37466266 -0.15047467  0.27548903 -0.10405846]
 [-0.04969038  0.06584638 -0.05716303  0.13890463 -0.01222673]
 [-0.04959292  0.04631727 -0.01151106 -0.12988168 -0.07186424]
 [-0.1106743  -0.12546257 -0.24943309 -0.07698802 -0.04192945]]
U = [[ 0.14149692  0.10029882  0.31990339  0.36063783 -0.14182537]
 [-0.33746583 -0.08727065  0.04922193  0.05735245  0.22417065]
 [ 0.03516093 -0.07654026 -0.22460122 -0.07283914  0.21341703]
 [ 0.31063551 -0.07995041  0.27878208  0.00283741 -0.15764914]
 [-0.04756071 -0.01851134 -0.29529339 -0.00415665 -0.05939539]]
Matrix Pair 11; W = [[ 0.21347973 -0.07526163  0.11740345 -0.19642798  0.05597346]
 [-0.17676814 -0.3054716  -0.14887969  0.20016132 -0.03572881]
 [-0.09293297  0.04463386 -0.00314377  0.10404871 -0.01109916]
 [-0.06682149  0.0656145   0.02106099 -0.14243472 -0.10426313]
 [-0.11252299 -0.12697507 -0.25338352 -0.10216034 -0.10825322]]
U = [[ 0.09123554  0.17527494  0.36713129  0.30233524 -0.08797599]
 [-0.39176713 -0.11469941 -0.0118763   0.11074813  0.23559752]
 [ 0.1158394  -0.05488435 -0.20784491 -0.05268367  0.15718827]
 [ 0.30876602 -0.08488096  0.24878238 -0.00517028 -0.17385003]
 [-0.04972153  0.02785597 -0.35797461 -0.05540428 -0.06601691]]
Matrix Pair 12; W = [[ 0.19448872 -0.04045571  0.10923632 -0.14569243  0.04616738]
 [-0.20052891 -0.34657245 -0.15164065  0.25402007 -0.10258855]
 [-0.11524896  0.0413377   0.01012038  0.16280886 -0.00078772]
 [-0.06848807  0.0854995  -0.00046443 -0.08586182 -0.02944187]
 [-0.10710155 -0.09713759 -0.18248844 -0.11455969 -0.074159  ]]
U = [[ 0.16122461  0.14991991  0.31733453  0.33511982 -0.1103879 ]
 [-0.31484962 -0.07635114  0.05785006  0.05825211  0.28038216]
 [ 0.1130321  -0.05670669 -0.19323191 -0.10002432  0.20032683]
 [ 0.28153879 -0.08685647  0.21528811  0.00465807 -0.11130179]
 [-0.11878452 -0.00332872 -0.29119342  0.00350981 -0.05569071]]
Matrix Pair 13; W = [[ 0.14933956 -0.05108555  0.12398826 -0.15017358  0.07886133]
 [-0.11623021 -0.31475261 -0.09351324  0.26305903 -0.08154102]
 [-0.11348781  0.00389734  0.01752493  0.07243494  0.04953912]
 [-0.06046387  0.0704189  -0.01264652 -0.11829347 -0.03505834]
 [-0.14792768 -0.13954243 -0.21889476 -0.11288077 -0.05188615]]
U = [[ 0.10606693  0.17868828  0.32323519  0.35881572 -0.10946007]
 [-0.33236843 -0.12082744  0.0071751   0.10509698  0.25553054]
 [ 0.05935751 -0.08308489 -0.24414134 -0.06315663  0.16569665]
 [ 0.24287068 -0.08230451  0.27491324 -0.01570964 -0.17859756]
 [-0.09743315  0.0457571  -0.36130699 -0.05333648 -0.08470902]]
Matrix Pair 14; W = [[ 0.14052625 -0.0408181   0.10534218 -0.17021394  0.10275213]
 [-0.17756501 -0.31049476 -0.07260023  0.26284193 -0.03659748]
 [-0.11863903  0.00231711 -0.04575527  0.11761433  0.03544182]
 [-0.06118492  0.02030339 -0.01387494 -0.14442837 -0.10261331]
 [-0.07301063 -0.08814016 -0.1724024  -0.0911679  -0.11750692]]
U = [[ 0.15428473  0.08459864  0.30765723  0.38670069 -0.15257471]
 [-0.38023362 -0.05591817  0.03288241  0.1088612   0.21464604]
 [ 0.03591192 -0.06388645 -0.23144101 -0.06788724  0.14033581]
 [ 0.28374692 -0.03884387  0.19165986 -0.03449225 -0.1674389 ]
 [-0.10712986 -0.02651524 -0.30422507 -0.06201805 -0.10166061]]
Matrix Pair 15; W = [[ 0.16365904 -0.09813162  0.12923193 -0.13401052  0.11237962]
 [-0.13036823 -0.31133068 -0.11589649  0.23403207 -0.10063589]
 [-0.07343986  0.0304696  -0.05151029  0.12418932 -0.0087412 ]
 [-0.09049332  0.09723957  0.06688974 -0.07650117 -0.06060199]
 [-0.08986703 -0.10479351 -0.21887563 -0.08205816 -0.03121167]]
U = [[ 0.15065637  0.13775193  0.37265002  0.32516487 -0.08054263]
 [-0.32445049 -0.05179213  0.02897586  0.07450744  0.19360375]
 [ 0.0358958  -0.13368192 -0.24180445 -0.11366446  0.17974731]
 [ 0.27940206 -0.0624247   0.21410041 -0.06148459 -0.18223842]
 [-0.10695088  0.04842654 -0.28488542 -0.05184105 -0.04411774]]
Matrix Pair 16; W = [[ 0.1432683  -0.04761666  0.13228545 -0.17655797  0.12082511]
 [-0.10765756 -0.29196116 -0.11137738  0.26218507 -0.1414761 ]
 [-0.04912484  0.03083956 -0.03375246  0.15937809  0.05781148]
 [-0.01347427  0.06944423  0.07013476 -0.02757194 -0.08505417]
 [-0.0407126  -0.17015006 -0.29074235 -0.06748754  0.06487499]]
U = [[ 0.08555143  0.15309184  0.32608145  0.3052501  -0.00384173]
 [-0.31242394 -0.10030943  0.08865966  0.13452503  0.19022639]
 [ 0.08595157 -0.10949465 -0.21739577 -0.07321712  0.12019802]
 [ 0.27528667 -0.05704623  0.2967964   0.01694208 -0.08738896]
 [-0.10258617 -0.0122277  -0.29781253 -0.08921301 -0.04854567]]
Matrix Pair 17; W = [[ 0.15427897 -0.03154471  0.21211364 -0.14612723  0.06433747]
 [-0.11579706 -0.38418519 -0.10024335  0.2596918  -0.12238796]
 [-0.00687526  0.01798877 -0.05373085  0.0648747   0.04257407]
 [-0.01260509  0.04114874  0.03977739 -0.0347509  -0.11765534]
 [-0.06992699 -0.07953333 -0.28896782 -0.09391037  0.01491104]]
U = [[ 0.10613916  0.19253817  0.2668994   0.31754674 -0.00242289]
 [-0.32140994 -0.05570354  0.13425896  0.11544885  0.23168278]
 [ 0.13180594 -0.04754024 -0.21116048 -0.14009843  0.1332235 ]
 [ 0.25882543 -0.04418618  0.2367537  -0.04159931 -0.0972865 ]
 [-0.12114831 -0.04212346 -0.22101814 -0.0391602  -0.01277602]]
Matrix Pair 18; W = [[ 0.19637591 -0.06734453  0.15030467 -0.19557877  0.11892899]
 [-0.0780156  -0.35085225 -0.08776471  0.21568021 -0.10801503]
 [-0.04021271 -0.04676196 -0.08263265  0.06287678 -0.01259378]
 [ 0.01062392  0.07429337  0.1118739  -0.09748113 -0.09214894]
 [-0.06565568 -0.14507302 -0.26451087 -0.12779992 -0.02945411]]
U = [[ 0.07853203  0.16412189  0.31002013  0.29158879  0.02549739]
 [-0.33549166 -0.1162057   0.08253952  0.16149421  0.28399856]
 [ 0.17113263 -0.07281614 -0.21076358 -0.0494071   0.18663216]
 [ 0.27382486 -0.0736518   0.24345954  0.00815011 -0.09443773]
 [-0.10678925 -0.01192484 -0.26655195 -0.05010867 -0.02256504]]
Matrix Pair 19; W = [[ 0.17783978  0.00369157  0.13878503 -0.15059403  0.06025375]
 [-0.10468077 -0.37242127 -0.1204863   0.2248899  -0.17817831]
 [-0.05294655  0.03056046 -0.03087055  0.11467171 -0.02586885]
 [-0.00045925  0.0832332   0.08261946 -0.05883851 -0.07817681]
 [-0.03437897 -0.10043964 -0.23993042 -0.14769026 -0.02537707]]
U = [[ 0.14449528  0.14293399  0.3082274   0.29009789 -0.01602602]
 [-0.34137272 -0.12712725  0.07474061  0.09008032  0.24496535]
 [ 0.1354877  -0.05726824 -0.180118   -0.09858969  0.11321614]
 [ 0.27195572 -0.04944116  0.23900018  0.02788754 -0.14995065]
 [-0.10745097 -0.00684733 -0.27895009 -0.11118559 -0.06281283]]
Matrix Pair 20; W = [[ 0.14536787 -0.04608054  0.18772012 -0.16029728  0.12814687]
 [-0.12074774 -0.28879405 -0.03991564  0.28706405 -0.1237983 ]
 [-0.05935784 -0.03447169 -0.09081574  0.09761141 -0.0248667 ]
 [ 0.02471721  0.0543727   0.05685852 -0.07965103 -0.13254517]
 [-0.10082226 -0.14779808 -0.26048103 -0.13570731  0.03930675]]
U = [[ 0.05521521  0.10920425  0.29518496  0.26304254  0.03502884]
 [-0.32838538 -0.08562733  0.06427076  0.09712482  0.27542711]
 [ 0.10748713 -0.0652901  -0.2491392  -0.13808771  0.09625491]
 [ 0.20657995 -0.0072392   0.26852546 -0.02704434 -0.1201856 ]
 [-0.08189042 -0.02662487 -0.27239798 -0.03711648 -0.09394145]]
Matrix Pair 21; W = [[ 0.14115398 -0.03756906  0.19347382 -0.1511345   0.1243615 ]
 [-0.16519562 -0.31223676 -0.08519107  0.2790194  -0.12846356]
 [-0.01684949 -0.02963084 -0.02842321  0.08828173  0.04353989]
 [ 0.04458072  0.07138422  0.11246698 -0.01681461 -0.04462634]
 [-0.06169022 -0.11003059 -0.22977951 -0.06443033  0.00836786]]
U = [[ 0.12873375  0.18820133  0.32286813  0.31875739  0.01150678]
 [-0.37471852 -0.07478073  0.04459156  0.10676582  0.19013472]
 [ 0.10679192 -0.09408212 -0.25236768 -0.05356126  0.09558267]
 [ 0.20730091 -0.02666969  0.28821934  0.0281483  -0.14675126]
 [-0.14265872  0.05340775 -0.27301192 -0.04903805 -0.00534613]]
Matrix Pair 22; W = [[ 0.17239871 -0.06930623  0.13360143 -0.22696542  0.11490875]
 [-0.1701219  -0.31432391 -0.03802501  0.23703923 -0.12415566]
 [-0.06004284 -0.02543499 -0.10031335  0.15665325 -0.00615525]
 [-0.01522928  0.08455669  0.05396824 -0.05218991 -0.09770539]
 [-0.02649018 -0.08273608 -0.2895359  -0.09185539 -0.00213822]]
U = [[ 0.13159498  0.17684581  0.3070854   0.33867692  0.03500213]
 [-0.29503733 -0.04839116  0.13325738  0.12675388  0.2314461 ]
 [ 0.1556588  -0.04700663 -0.20108886 -0.07969196  0.13157699]
 [ 0.2447862  -0.05004013  0.32030647 -0.01578523 -0.15153302]
 [-0.16878203 -0.03610832 -0.22097765 -0.05567631 -0.04043698]]
Matrix Pair 23; W = [[ 0.21029181 -0.06138724  0.16527425 -0.15489514  0.14630444]
 [-0.16716383 -0.31021433 -0.08980375  0.20904053 -0.17379239]
 [-0.01294872  0.00730722 -0.06268129  0.11538901  0.07179096]
 [-0.03392857  0.05275434  0.12436954 -0.02052776 -0.12445106]
 [-0.03648812 -0.08961208 -0.22283075 -0.07418998  0.00637499]]
U = [[ 0.09184771  0.12373163  0.29409427  0.28584093 -0.0346994 ]
 [-0.29454325 -0.07926394  0.05998177  0.12258615  0.21994529]
 [ 0.14794359 -0.10494196 -0.26338541 -0.07679918  0.11477487]
 [ 0.26507953 -0.03504525  0.29162769 -0.05100246 -0.125465  ]
 [-0.10614031 -0.01520182 -0.27244252 -0.05400778 -0.05867062]]
Matrix Pair 24; W = [[ 0.17651076 -0.05502971  0.2020256  -0.17768886  0.10006777]
 [-0.07766932 -0.30502934 -0.06884262  0.25029306 -0.11097206]
 [-0.05485636  0.03806247 -0.04226462  0.06794866  0.012166  ]
 [ 0.03838037  0.05592254  0.05880423 -0.09452647 -0.06146193]
 [-0.10046163 -0.16067628 -0.23479505 -0.12761997  0.02202263]]
U = [[ 0.0536203   0.14586679  0.3103323   0.28047461 -0.0274717 ]
 [-0.30319837 -0.06333083  0.07751837  0.10497326  0.21322292]
 [ 0.14397046 -0.09501172 -0.25479518 -0.08097682  0.17864472]
 [ 0.19117192 -0.00129191  0.31271817 -0.02923037 -0.15858981]
 [-0.16284161 -0.03706965 -0.26422518 -0.04113436 -0.07839437]]
Matrix Pair 25; W = [[ 0.20088176 -0.07057628  0.17638512 -0.17572241  0.15238698]
 [-0.13765572 -0.34996754 -0.09601236  0.22191535 -0.18389351]
 [-0.03431528 -0.0074657  -0.02654576  0.102251   -0.02472075]
 [-0.04201764  0.07510707  0.11805615 -0.10233894 -0.09546765]
 [-0.10106178 -0.10061022 -0.29240712 -0.1003723  -0.008408  ]]
U = [[ 0.08685015  0.14644587  0.26291883  0.27974653 -0.04579724]
 [-0.36453887 -0.10834576  0.03977571  0.09467655  0.2854306 ]
 [ 0.11814863 -0.07624752 -0.17104715 -0.14096028  0.14711075]
 [ 0.23621981 -0.08703875  0.27151833  0.00602096 -0.12096512]
 [-0.16403061  0.03458732 -0.27425656 -0.02412753 -0.06225832]]
Matrix Pair 26; W = [[ 0.13620115 -0.06588821  0.20461163 -0.17011371  0.14756289]
 [-0.08183637 -0.29623198 -0.09046394  0.25854398 -0.16338013]
 [-0.01087795 -0.03521189 -0.01797926  0.15411378  0.02101503]
 [-0.02885226  0.03479713  0.11390767 -0.05913788 -0.06332924]
 [-0.0775729  -0.07955879 -0.21199985 -0.120057    0.03453551]]
U = [[ 0.11342879  0.14399359  0.27608754  0.31610593 -0.03759899]
 [-0.35706357 -0.13847077  0.05768769  0.12020196  0.20434831]
 [ 0.10711372 -0.09464414 -0.21155314 -0.12196154  0.1863077 ]
 [ 0.22635443 -0.06607244  0.31951086  0.03478759 -0.10706269]
 [-0.15854147  0.03181772 -0.23841049 -0.11134915 -0.09142682]]
Matrix Pair 27; W = [[ 0.15440542  0.00803414  0.12262306 -0.2281664   0.14868952]
 [-0.09682008 -0.30905283 -0.0401746   0.29263178 -0.10663356]
 [-0.06174954 -0.03259351 -0.07447653  0.13382663 -0.01219628]
 [ 0.02157714  0.06913499  0.04229643 -0.04478315 -0.05604405]
 [-0.02640017 -0.14533449 -0.27164845 -0.09323973  0.03070108]]
U = [[ 0.13754384  0.11479983  0.27608135  0.29235558  0.01042558]
 [-0.37044148 -0.12482858  0.09384532  0.13618265  0.20559092]
 [ 0.11597649 -0.07211516 -0.23360119 -0.09719596  0.1848247 ]
 [ 0.28510894 -0.06639038  0.30771963  0.03349572 -0.12907606]
 [-0.16145293 -0.00943313 -0.2494359  -0.08277738 -0.07761958]]
Matrix Pair 28; W = [[ 0.15279312 -0.05965407  0.17285473 -0.20273591  0.06248797]
 [-0.08011874 -0.35620186 -0.06030356  0.19948065 -0.10977881]
 [ 0.01106617 -0.00131061 -0.08771643  0.115155    0.01814047]
 [ 0.02474463  0.1110199   0.03859897 -0.05605852 -0.03923711]
 [-0.0105236  -0.12487492 -0.23705414 -0.05447281 -0.02259232]]
U = [[ 0.09971643  0.12586584  0.31086099  0.3087462  -0.02513586]
 [-0.35168542 -0.13381193  0.08614956  0.16259955  0.19609876]
 [ 0.12968914 -0.13505757 -0.23979321 -0.13941382  0.09383553]
 [ 0.28577227 -0.00228208  0.30765666 -0.02788973 -0.10892308]
 [-0.14970393  0.0200946  -0.29779791 -0.03316606 -0.08185796]]
Matrix Pair 29; W = [[ 0.17764537 -0.05932672  0.13961872 -0.18804264  0.15665487]
 [-0.13333392 -0.35226546 -0.08430126  0.2173062  -0.12821138]
 [ 0.02182675 -0.02521654 -0.04572835  0.09481839  0.01163206]
 [ 0.01366979  0.07995959  0.10798278 -0.02491533 -0.10509872]
 [-0.00888271 -0.13463611 -0.24901375 -0.14565241  0.00718533]]
U = [[ 1.10911436e-01  1.87656989e-01  3.04196481e-01  3.45435279e-01
   2.11488883e-02]
 [-3.56001426e-01 -1.42561645e-01  1.21834593e-01  1.56570633e-01
   2.56303486e-01]
 [ 1.45509847e-01 -1.13575612e-01 -2.49158208e-01 -6.09078252e-02
   1.90615738e-01]
 [ 2.84327540e-01 -9.61019349e-02  2.84087198e-01 -2.77234185e-02
  -1.15252205e-01]
 [-1.61106856e-01  2.12562918e-04 -2.43671803e-01 -4.23712963e-02
  -3.00979221e-02]]
Matrix Pair 30; W = [[ 0.20229422  0.00403971  0.18836022 -0.19525092  0.11833622]
 [-0.14688108 -0.37827718 -0.08211469  0.29185552 -0.19590651]
 [ 0.01787512 -0.00788537 -0.08862358  0.14018742  0.0285596 ]
 [-0.0121555   0.08542009  0.11604191 -0.02403614 -0.05290108]
 [-0.02761279 -0.07858578 -0.25630408 -0.0674125   0.0366603 ]]
U = [[ 0.0844847   0.1479267   0.28660113  0.30542518  0.01158374]
 [-0.29504346 -0.04689328  0.07358994  0.1189476   0.28509644]
 [ 0.11773748 -0.13539119 -0.26476608 -0.05212349  0.16895571]
 [ 0.21537289 -0.08211996  0.32239365  0.01643796 -0.14005625]
 [-0.13188647  0.0357245  -0.22658338 -0.07527036 -0.05966295]]
Matrix Pair 31; W = [[ 0.15346951 -0.01023824  0.13462746 -0.16743568  0.11860548]
 [-0.14156787 -0.31710027 -0.11010984  0.21074796 -0.12810121]
 [-0.04143264 -0.03870067 -0.07100519  0.10580762  0.05273258]
 [ 0.02403571  0.12156767  0.04299871 -0.02386553 -0.0867669 ]
 [-0.01125372 -0.10196105 -0.29517251 -0.08513113 -0.01535626]]
U = [[ 0.14243872  0.12545207  0.30438914  0.30214057  0.02339951]
 [-0.29973432 -0.05410458  0.12302345  0.09615394  0.22277362]
 [ 0.09208514 -0.04854331 -0.22248835 -0.05516556  0.10683228]
 [ 0.1910609  -0.09711666  0.26716872 -0.03821559 -0.09877012]
 [-0.11946181  0.04583425 -0.21803338 -0.08139287 -0.09656528]]
Matrix Pair 32; W = [[ 0.16289078 -0.08985554  0.14097353 -0.09673685  0.10121017]
 [-0.07833558 -0.25163346 -0.10133176  0.2361415  -0.09320037]
 [-0.14259687  0.04518746 -0.037285    0.10310256 -0.06120394]
 [ 0.00722406  0.08775926  0.09371193 -0.08722515 -0.07869192]
 [-0.07814528 -0.09982511 -0.19832307 -0.15720937  0.01243745]]
U = [[ 0.1991693   0.09091979  0.34895939  0.36887917 -0.04105721]
 [-0.28094848 -0.06634457 -0.02031166  0.10711394  0.17767523]
 [ 0.04048431 -0.16189954 -0.20146294 -0.13584961  0.17611908]
 [ 0.26254352 -0.10193346  0.25006967  0.006428   -0.13001659]
 [-0.13039789  0.01960269 -0.32341689  0.02077516 -0.05835829]]
Matrix Pair 33; W = [[ 0.17978196 -0.02654333  0.13812456 -0.10496505  0.08984964]
 [-0.07728533 -0.33444625 -0.15346564  0.24998655 -0.10774864]
 [-0.13606915  0.03422205 -0.09186472  0.09841611 -0.02223075]
 [-0.07770621  0.1133115   0.06879234 -0.10710606  0.00223956]
 [-0.0477882  -0.12391357 -0.23660146 -0.13064107  0.01509227]]
U = [[ 0.23264034  0.14844547  0.2595626   0.34811842 -0.09695741]
 [-0.3266842  -0.15189214  0.06665299  0.10794637  0.2185452 ]
 [ 0.12431446 -0.16282995 -0.2006392  -0.1288307   0.16393767]
 [ 0.25045858 -0.13543304  0.26278695 -0.0160301  -0.22807082]
 [-0.10456115 -0.01080054 -0.26427628  0.00232482 -0.10101272]]
Matrix Pair 34; W = [[ 0.15083183 -0.04756406  0.1445041  -0.13092089  0.14399806]
 [-0.0808306  -0.32621535 -0.14876483  0.23551342 -0.09773019]
 [-0.10740642  0.03054282 -0.09003813  0.12809448 -0.07702827]
 [-0.04809043  0.09846315  0.08755872 -0.12187305 -0.02123596]
 [-0.03120424 -0.14457663 -0.27534924 -0.17256478 -0.02856524]]
U = [[ 0.15907499  0.14420813  0.32196402  0.3097897  -0.09859239]
 [-0.3682486  -0.13583218  0.00140464  0.08987141  0.23960187]
 [ 0.07638533 -0.10339729 -0.19110848 -0.06809058  0.17432641]
 [ 0.24170672 -0.13314515  0.23365865 -0.00776103 -0.13023566]
 [-0.09588156 -0.02557203 -0.24254415  0.03936285 -0.04710591]]
Matrix Pair 35; W = [[ 0.17441236 -0.02125093  0.08700855 -0.11216521  0.07829205]
 [-0.08387091 -0.25144907 -0.12945418  0.23940917 -0.12297338]
 [-0.13654729  0.04112612 -0.02661803  0.12212778  0.01098294]
 [-0.05721883  0.06037802  0.05290559 -0.07346352 -0.08354519]
 [-0.08619297 -0.09535518 -0.28386411 -0.10875289 -0.00976695]]
U = [[ 0.15373725  0.09737884  0.35321509  0.38170736 -0.10368988]
 [-0.28751588 -0.06291208  0.03886907  0.16255404  0.19593519]
 [ 0.08274782 -0.09698128 -0.15156597 -0.11321155  0.18032901]
 [ 0.31328005 -0.11916306  0.27492159  0.01298044 -0.21285988]
 [-0.09915928 -0.02159331 -0.24617801  0.03433818 -0.04216897]]
Matrix Pair 36; W = [[ 0.1474146  -0.02645643  0.14517718 -0.13898213  0.09516379]
 [-0.12636855 -0.28575567 -0.14916868  0.26745101 -0.12214344]
 [-0.06826931  0.0455022  -0.04105333  0.06372092 -0.0163071 ]
 [ 0.00294001  0.08221481  0.09132923 -0.10273156 -0.00818428]
 [-0.03200107 -0.183637   -0.2855893  -0.16297296 -0.05149637]]
U = [[ 0.21211856  0.13817699  0.30688415  0.32614896 -0.11817772]
 [-0.35215944 -0.06657302  0.06110211  0.16345152  0.1889786 ]
 [ 0.09947937 -0.09239126 -0.18245267 -0.06505057  0.12200393]
 [ 0.29687639 -0.09725868  0.27651361 -0.0331315  -0.1638399 ]
 [-0.04960428  0.00327721 -0.26140713 -0.01048053 -0.05268371]]
Matrix Pair 37; W = [[ 0.15884728 -0.08776221  0.10455427 -0.08978767  0.10452503]
 [-0.11949615 -0.25207658 -0.15280122  0.29763358 -0.1491475 ]
 [-0.14380409  0.0823297  -0.09374135  0.14745101 -0.04281715]
 [-0.00209989  0.05947313  0.10919239 -0.1260095  -0.03813813]
 [-0.09520446 -0.1076238  -0.22639066 -0.08681245  0.03519354]]
U = [[ 0.15654515  0.14211475  0.35241212  0.3458779  -0.11947953]
 [-0.29134321 -0.12828805  0.04618967  0.15179676  0.26653715]
 [ 0.11275825 -0.1246379  -0.1916374  -0.06455107  0.09226289]
 [ 0.28443789 -0.05268319  0.2130042  -0.00972816 -0.21067081]
 [-0.05862481  0.02712401 -0.29865016  0.00131921 -0.04400947]]
Matrix Pair 38; W = [[ 0.19973115 -0.097171    0.12280432 -0.14967612  0.08586537]
 [-0.16779599 -0.25270174 -0.13667581  0.21480981 -0.11393521]
 [-0.11163323  0.07796608 -0.01659227  0.07507671  0.00973139]
 [-0.02854279  0.09595481  0.06608376 -0.08853342 -0.04648419]
 [-0.05019098 -0.16480653 -0.26353076 -0.17085038  0.01018591]]
U = [[ 0.15745387  0.08314913  0.31854028  0.34431088 -0.12271774]
 [-0.29485839 -0.10806226 -0.00996735  0.15860855  0.2274288 ]
 [ 0.03722772 -0.07978803 -0.18873635 -0.14488006  0.16758551]
 [ 0.2726018  -0.04848241  0.24576372  0.01361269 -0.19435023]
 [-0.11798857 -0.03211423 -0.25908629  0.04964161 -0.08052837]]
Matrix Pair 39; W = [[ 0.12835903 -0.07669349  0.0658334  -0.15163909  0.12302922]
 [-0.11834207 -0.31112506 -0.06915445  0.26441888 -0.12540131]
 [-0.05226029  0.03270452 -0.10067133  0.06461911 -0.00237352]
 [-0.02060956  0.0832434   0.103261   -0.10113464 -0.07731356]
 [-0.07206737 -0.09951825 -0.28027648 -0.1625957   0.01006772]]
U = [[ 0.23874526  0.14195415  0.31550397  0.33179153 -0.06746717]
 [-0.27935425 -0.13040566 -0.00811031  0.10823081  0.25171552]
 [ 0.0701749  -0.09542267 -0.18456381 -0.07815142  0.17920666]
 [ 0.28760465 -0.12125714  0.27322901  0.00564871 -0.1697903 ]
 [-0.14542884 -0.00534904 -0.26988384 -0.04256538 -0.03062744]]
Matrix Pair 40; W = [[ 0.17168584 -0.0685977   0.13998245 -0.0843579   0.10067875]
 [-0.1338357  -0.27929704 -0.07640528  0.2813704  -0.12598418]
 [-0.12598111  0.08082974 -0.06244333  0.09344935  0.01095171]
 [-0.06119641  0.10009561  0.04210535 -0.07597735 -0.07879958]
 [-0.11374208 -0.14146739 -0.20116897 -0.10640854 -0.03684304]]
U = [[ 0.17024491  0.07475011  0.32882346  0.35357517 -0.08362639]
 [-0.35174753 -0.07098413  0.03421511  0.10871134  0.17261154]
 [ 0.09084653 -0.1616019  -0.16166624 -0.0859244   0.1358189 ]
 [ 0.30655492 -0.08789322  0.1975084  -0.06994448 -0.16718018]
 [-0.12702657 -0.03363355 -0.32511012 -0.02246828 -0.11852607]]
Matrix Pair 41; W = [[ 0.1156839  -0.02983775  0.14526466 -0.08399623  0.13925037]
 [-0.10699974 -0.32866959 -0.06232028  0.28534273 -0.12843839]
 [-0.05270843  0.01803526 -0.08164252  0.0656424  -0.04030328]
 [-0.02629894  0.03515452  0.12241704 -0.09623439 -0.05916126]
 [-0.02628601 -0.14633629 -0.26994877 -0.08617395 -0.03308576]]
U = [[ 0.20754813  0.07874353  0.30740025  0.30970934 -0.08542269]
 [-0.35266557 -0.11363844  0.0203797   0.10871535  0.17173935]
 [ 0.03363327 -0.15668097 -0.15129349 -0.08767228  0.1846311 ]
 [ 0.29805202 -0.11483941  0.21970629  0.01110819 -0.20223796]
 [-0.12679101  0.04294775 -0.33253181  0.04877907 -0.10770566]]
Matrix Pair 42; W = [[ 0.19012506 -0.09871889  0.13494125 -0.05822206  0.07285579]
 [-0.17072428 -0.31401222 -0.09859659  0.290934   -0.0814848 ]
 [-0.13395977  0.00152077 -0.07063879  0.11565964 -0.06248364]
 [-0.08342372  0.04122404  0.11372412 -0.0754375  -0.05216397]
 [-0.04222749 -0.11879615 -0.2043192  -0.16306965 -0.02080333]]
U = [[ 0.2033978   0.08063097  0.3044467   0.3837383  -0.10817556]
 [-0.2941497  -0.08022196 -0.0035844   0.14609918  0.24573048]
 [ 0.1027019  -0.11363031 -0.23380499 -0.0820615   0.14709869]
 [ 0.31045662 -0.07340041  0.19079867 -0.02431314 -0.16887132]
 [-0.09074943  0.00643025 -0.26980482  0.04718923 -0.02658725]]
Matrix Pair 43; W = [[ 0.14550811 -0.09960049  0.07090758 -0.15125863  0.11799248]
 [-0.11749203 -0.31659385 -0.07221488  0.27112798 -0.1392185 ]
 [-0.0896791   0.08711427 -0.03390243  0.12099154  0.00964559]
 [-0.06364083  0.06740488  0.09400922 -0.12785897 -0.03937223]
 [-0.1018252  -0.16834525 -0.21934629 -0.14058175  0.03642062]]
U = [[ 0.1971868   0.11604739  0.34011083  0.32823413 -0.09009284]
 [-0.29951062 -0.14191588  0.00178926  0.16173941  0.22161601]
 [ 0.09378394 -0.11445483 -0.14975871 -0.11060558  0.17461343]
 [ 0.28944932 -0.1264124   0.2495851  -0.01212643 -0.1772469 ]
 [-0.07443373 -0.01420381 -0.24408828  0.01723968 -0.06048878]]
Matrix Pair 44; W = [[ 0.12709956 -0.08255857  0.06005689 -0.11613238  0.10732302]
 [-0.09627896 -0.33721169 -0.09627234  0.28668057 -0.09504999]
 [-0.11181061  0.08014047 -0.06794368  0.09289208 -0.03431923]
 [-0.02970094  0.0792005   0.0568145  -0.072223   -0.02754088]
 [-0.05285647 -0.13691487 -0.2920227  -0.11154751 -0.0376715 ]]
U = [[ 0.2410731   0.11511001  0.30157192  0.32844777 -0.10302462]
 [-0.27616204 -0.06919982 -0.00385046  0.13149632  0.20274704]
 [ 0.04872422 -0.1612952  -0.22474487 -0.09005123  0.10232331]
 [ 0.33118408 -0.11752813  0.20589521 -0.00169682 -0.19040658]
 [-0.12848322  0.00839226 -0.29200406 -0.04513255 -0.04860142]]
Matrix Pair 45; W = [[ 0.13776583 -0.08839568  0.132223   -0.12865308  0.1081538 ]
 [-0.16310185 -0.26552222 -0.1040683   0.24977913 -0.08699368]
 [-0.09950721  0.04808003 -0.10307667  0.15533905 -0.00915418]
 [ 0.0133526   0.04767635  0.07009481 -0.13168325 -0.04460915]
 [-0.11588028 -0.09878834 -0.20997696 -0.12212524  0.01668477]]
U = [[ 0.18296004  0.08375483  0.34885447  0.33713539 -0.07359712]
 [-0.36440301 -0.1537097   0.03123329  0.11894582  0.23593017]
 [ 0.11309665 -0.14708199 -0.21760297 -0.11640464  0.10964698]
 [ 0.29619579 -0.12823211  0.25028743  0.0096392  -0.17195433]
 [-0.11370145  0.0095732  -0.25440568 -0.03403941 -0.10067249]]
Matrix Pair 46; W = [[ 0.20816342 -0.06230061  0.10465691 -0.11397369  0.1028363 ]
 [-0.12899274 -0.26309956 -0.12354916  0.30392253 -0.14523645]
 [-0.06781357  0.08037288 -0.02944533  0.12345694 -0.01013458]
 [-0.00787415  0.05148571  0.11574248 -0.11363607 -0.0443926 ]
 [-0.11790002 -0.16233722 -0.21609816 -0.12953178 -0.02268759]]
U = [[ 0.21575861  0.13013136  0.28423735  0.30152243 -0.1106147 ]
 [-0.35661629 -0.08169418 -0.00175959  0.14702591  0.17846334]
 [ 0.12344807 -0.14424586 -0.18515914 -0.05831625  0.14405326]
 [ 0.25260931 -0.12269248  0.25921388 -0.05847947 -0.15359592]
 [-0.1188284  -0.0231513  -0.30628124  0.03052568 -0.06658773]]
Matrix Pair 47; W = [[ 0.19393251 -0.09262945  0.0764593  -0.1509209   0.11747328]
 [-0.1059777  -0.30495849 -0.09200726  0.21427096 -0.09213812]
 [-0.13689067 -0.01178756 -0.10218934  0.14503006 -0.01395468]
 [-0.08432954  0.03452355  0.1008362  -0.05230791 -0.06742653]
 [-0.08125427 -0.12558898 -0.20894217 -0.10151044 -0.00112206]]
U = [[ 0.2180609   0.07596369  0.32545488  0.37628279 -0.11071813]
 [-0.28481345 -0.06204359  0.06266714  0.07541835  0.25137069]
 [ 0.04729688 -0.11790921 -0.21860723 -0.10860824  0.1451043 ]
 [ 0.23897301 -0.06642064  0.23153712  0.0177486  -0.13509736]
 [-0.11794038  0.05562547 -0.32431061 -0.04182744 -0.10458917]]
Matrix Pair 48; W = [[ 0.18955014 -0.03673284  0.14430704 -0.17985888  0.15897417]
 [-0.10256316 -0.35616817 -0.05637514  0.2609514  -0.14075739]
 [-0.13749662  0.03180302 -0.12265301  0.13222874  0.00252164]
 [-0.08281055  0.07498044  0.1232325  -0.11938847 -0.07640029]
 [-0.08967062 -0.11592003 -0.26788798 -0.12030422 -0.00818764]]
U = [[ 0.1919165   0.17912597  0.34734542  0.37971551 -0.05357552]
 [-0.40448329 -0.06923424  0.09475375  0.09855107  0.24182277]
 [ 0.10150228 -0.12397898 -0.2440218  -0.12909819  0.18755736]
 [ 0.25513302 -0.03020724  0.29770742 -0.0905604  -0.09792561]
 [-0.09866818 -0.01762052 -0.24942318 -0.06192187 -0.06617007]]
Matrix Pair 49; W = [[ 0.26828694 -0.0113414   0.16176365 -0.14876556  0.06774638]
 [-0.18457822 -0.38435043 -0.08429251  0.20966791 -0.11749601]
 [-0.07468011  0.05419819 -0.1255256   0.11109914  0.01014489]
 [-0.04497612  0.04969465  0.12886592 -0.05750172 -0.0238979 ]
 [-0.10699199 -0.14764774 -0.27374619 -0.15427586 -0.03399409]]
U = [[ 0.22533475  0.17097134  0.31528464  0.44187669 -0.01977608]
 [-0.3892538  -0.0980786   0.06819641  0.13887312  0.24634148]
 [ 0.04495843 -0.14466641 -0.24136025 -0.10421413  0.13187941]
 [ 0.25523051 -0.02798223  0.27243667 -0.01661851 -0.08312209]
 [-0.11293839 -0.006746   -0.27977957 -0.00887798 -0.00492481]]
Matrix Pair 50; W = [[ 0.26705504 -0.03902673  0.14296476 -0.17948758  0.10482701]
 [-0.1559773  -0.38388888 -0.07287369  0.24338498 -0.15143682]
 [-0.14302089  0.0467651  -0.12046345  0.14216373  0.0389897 ]
 [-0.06171386  0.07610799  0.13810813 -0.04937624 -0.06042303]
 [-0.11176114 -0.12484729 -0.26717312 -0.08031892 -0.02739392]]
U = [[ 0.17031517  0.09916287  0.30130491  0.37765961 -0.0905919 ]
 [-0.4161878  -0.0596534   0.0571704   0.09451973  0.21467201]
 [ 0.08979686 -0.12122925 -0.22611888 -0.14144986  0.15716501]
 [ 0.27973105 -0.08232014  0.2341387  -0.07439599 -0.1125651 ]
 [-0.13910913 -0.00591428 -0.24121231 -0.01277189 -0.01340863]]
Matrix Pair 51; W = [[ 0.17869423  0.02748434  0.13562731 -0.19693729  0.10729813]
 [-0.12739387 -0.42965685 -0.06993138  0.20536694 -0.17457372]
 [-0.14141098 -0.00978071 -0.15716286  0.17235982 -0.01829758]
 [ 0.00128169  0.09935678  0.11173003 -0.06957002 -0.00538609]
 [-0.15196682 -0.17902833 -0.27053752 -0.13683249 -0.07554548]]
U = [[ 0.20049736  0.13475251  0.35449636  0.39243512 -0.08432156]
 [-0.36249752 -0.03462121  0.08748276  0.09252897  0.2651603 ]
 [ 0.06451916 -0.07102693 -0.28719196 -0.09878933  0.21306074]
 [ 0.29704794 -0.04171166  0.29747682 -0.10451129 -0.07651343]
 [-0.14865079  0.00639965 -0.19999502  0.02706333 -0.02873016]]
Matrix Pair 52; W = [[ 0.26005936  0.01938032  0.14312669 -0.18295555  0.09286283]
 [-0.18189092 -0.36915476 -0.04419203  0.25591156 -0.17920432]
 [-0.05984431  0.06644505 -0.15155344  0.20256462 -0.03473277]
 [-0.01019144  0.0738263   0.09230133 -0.11291864 -0.04004815]
 [-0.09159335 -0.15419188 -0.23152895 -0.07492467 -0.06743807]]
U = [[ 0.13744703  0.14625388  0.28451522  0.36339069 -0.05048552]
 [-0.40790649 -0.07654148  0.05944062  0.13139065  0.2395466 ]
 [ 0.03691856 -0.06890145 -0.21703314 -0.15020937  0.13274204]
 [ 0.30459368  0.01227598  0.29584706 -0.02892723 -0.14841562]
 [-0.11851336 -0.00437276 -0.25188733  0.01985725 -0.08850182]]
Matrix Pair 53; W = [[ 0.23003644  0.02767069  0.11517248 -0.14495359  0.12094053]
 [-0.14332647 -0.36436481 -0.04128058  0.22403859 -0.11136577]
 [-0.12798757 -0.01738098 -0.13421438  0.20578179  0.0576466 ]
 [-0.02716425  0.03756223  0.14049486 -0.05817444 -0.0747498 ]
 [-0.14320519 -0.14051361 -0.25667863 -0.12958195  0.01570263]]
U = [[ 0.16690388  0.11618178  0.32894036  0.35670115 -0.04706715]
 [-0.38548748 -0.0926069   0.04240865  0.16579995  0.22362921]
 [ 0.04919946 -0.0837517  -0.23476948 -0.11189249  0.18620502]
 [ 0.2144003  -0.06455244  0.27937725 -0.10925765 -0.08012355]
 [-0.13601598  0.06759804 -0.26393203 -0.00142377 -0.087774  ]]
Matrix Pair 54; W = [[ 0.21869985  0.01070575  0.18308413 -0.20085501  0.16336755]
 [-0.14554615 -0.35939365 -0.0859756   0.20774734 -0.16258042]
 [-0.1453483   0.0096236  -0.1453142   0.15014478  0.00828959]
 [-0.05179504  0.06571343  0.15514026 -0.13751396 -0.01101547]
 [-0.08238944 -0.1240113  -0.26207469 -0.16347468 -0.01033976]]
U = [[ 1.98553817e-01  1.34220994e-01  3.02284560e-01  4.11451081e-01
  -8.25458314e-02]
 [-3.30835123e-01 -9.84356938e-02  3.85272658e-02  1.71577644e-01
   2.11118203e-01]
 [ 4.30703462e-02 -1.21226708e-01 -2.44637538e-01 -1.01773247e-01
   1.87905067e-01]
 [ 2.34735727e-01 -1.94632790e-04  2.81797686e-01 -4.26015387e-02
  -1.16500760e-01]
 [-1.55669505e-01  1.06556978e-02 -2.62490425e-01  1.76459370e-02
  -5.47631518e-02]]
Matrix Pair 55; W = [[ 0.25223993  0.00577195  0.14941689 -0.15415108  0.12239294]
 [-0.12394352 -0.35324846 -0.01399735  0.25809554 -0.12900512]
 [-0.14478762  0.0685663  -0.14677224  0.15581353  0.04826202]
 [-0.05884985  0.0927973   0.0981493  -0.07340855 -0.00676109]
 [-0.13650344 -0.15498414 -0.19613297 -0.12118288  0.0058377 ]]
U = [[ 0.16614852  0.09323246  0.34491983  0.40019666 -0.09482828]
 [-0.34075479 -0.09965667  0.06851129  0.15213096  0.23547651]
 [ 0.03725589 -0.09979016 -0.26299392 -0.13193441  0.17374774]
 [ 0.22258922 -0.04370301  0.28074057 -0.06259868 -0.09782598]
 [-0.16967333  0.0198744  -0.2311784  -0.06904182 -0.07717474]]
Matrix Pair 56; W = [[ 0.25350932  0.02361215  0.18818679 -0.123818    0.13740663]
 [-0.10013126 -0.44239913 -0.08510845  0.25541612 -0.10079763]
 [-0.11288483  0.04447675 -0.08349055  0.1245695   0.02311031]
 [-0.01710029  0.04098633  0.12519752 -0.1370838  -0.04288832]
 [-0.0986096  -0.14738163 -0.27549529 -0.07061488 -0.06283762]]
U = [[ 0.21222615  0.11407823  0.3489592   0.38151252 -0.09576238]
 [-0.37674405 -0.09651388  0.08823482  0.1230673   0.19572655]
 [ 0.07969583 -0.09381126 -0.21969805 -0.16494601  0.20924384]
 [ 0.21984071 -0.02462599  0.22120885 -0.05137972 -0.07140956]
 [-0.12973866 -0.00972625 -0.21510602  0.01749829 -0.01232548]]
Matrix Pair 57; W = [[ 0.18162521  0.008631    0.17113    -0.13193348  0.10927309]
 [-0.16599276 -0.3926228  -0.02380283  0.26654677 -0.12399683]
 [-0.11645149  0.03286916 -0.0763834   0.18802406  0.01678174]
 [-0.03379776  0.09983389  0.16224991 -0.11166696 -0.00761212]
 [-0.1291287  -0.165964   -0.25218093 -0.16299919 -0.04839838]]
U = [[ 0.1769455   0.1246453   0.29699306  0.39127244 -0.080855  ]
 [-0.41180997 -0.04472801  0.07300379  0.15696347  0.23633635]
 [ 0.07482961 -0.13467926 -0.21763091 -0.1625508   0.21752022]
 [ 0.2885249  -0.03274619  0.22871893 -0.09200031 -0.10926253]
 [-0.10784588  0.04720307 -0.23509381 -0.00571128 -0.04628886]]
Matrix Pair 58; W = [[ 0.19564476 -0.01311612  0.10937118 -0.13784292  0.13423891]
 [-0.13509106 -0.3560547  -0.06495661  0.2642427  -0.11698612]
 [-0.1401693   0.03324195 -0.10887401  0.14369337  0.04438256]
 [-0.02725324  0.04414591  0.10722591 -0.10047146 -0.03426445]
 [-0.11747084 -0.18041312 -0.27462056 -0.15132392 -0.03008863]]
U = [[ 0.16432111  0.1436999   0.36614076  0.44655315 -0.06908729]
 [-0.3670299  -0.07784259  0.09131114  0.1672173   0.19479595]
 [ 0.07607003 -0.1449316  -0.22224389 -0.11322764  0.13833939]
 [ 0.234663    0.00279937  0.22504095 -0.07529064 -0.13165327]
 [-0.08476486  0.00909882 -0.24323023 -0.04432011 -0.01169559]]
Matrix Pair 59; W = [[ 0.25274049  0.00819745  0.1222931  -0.19387653  0.08588591]
 [-0.1082601  -0.40640335 -0.00502401  0.2196245  -0.15426166]
 [-0.08976154  0.01611941 -0.14383406  0.17375766  0.02150937]
 [-0.01596667  0.03575906  0.11232383 -0.06140542 -0.03530693]
 [-0.13758112 -0.20032407 -0.17807013 -0.09511128 -0.05380777]]
U = [[ 0.19960555  0.11306864  0.34753065  0.45158045 -0.10460398]
 [-0.39587197 -0.1218891   0.07506124  0.13241151  0.20536116]
 [ 0.03713363 -0.12278515 -0.22762358 -0.10535258  0.22000415]
 [ 0.2975739  -0.05686286  0.24318604 -0.06976086 -0.11396111]
 [-0.16109927  0.00689336 -0.22043427 -0.04726097 -0.00947996]]
Matrix Pair 60; W = [[ 0.26632991 -0.01191448  0.16705567 -0.11756437  0.14300789]
 [-0.10257049 -0.40525543 -0.05710334  0.22847968 -0.18158408]
 [-0.0964608  -0.01754821 -0.11096268  0.11915198  0.01496439]
 [-0.09278058  0.03144207  0.13741477 -0.12570321 -0.04192197]
 [-0.08016003 -0.21142703 -0.2069365  -0.11033625 -0.0103824 ]]
U = [[ 0.16226103  0.11250851  0.29838279  0.43619931 -0.05505376]
 [-0.36589591 -0.05199196  0.03807481  0.12981755  0.23480742]
 [ 0.08518896 -0.13449978 -0.26282244 -0.12130628  0.14573975]
 [ 0.20644066 -0.07895783  0.23195384 -0.09469755 -0.13577305]
 [-0.07202322 -0.00284319 -0.25111026 -0.04946743 -0.00066274]]
Matrix Pair 61; W = [[ 0.18690474  0.02088504  0.13218307 -0.15000499  0.09103896]
 [-0.1291515  -0.37793613 -0.05523135  0.28195856 -0.16469825]
 [-0.12645728  0.03944251 -0.13657825  0.15873769 -0.03540815]
 [-0.04733823  0.1202514   0.16575731 -0.13138118  0.00827114]
 [-0.12845177 -0.1539673  -0.21226619 -0.13348772 -0.05653394]]
U = [[ 0.20679499  0.1460592   0.36605498  0.43104882 -0.01162642]
 [-0.35811922 -0.08006569  0.02834803  0.14998983  0.19180762]
 [ 0.05750392 -0.09221893 -0.26736655 -0.12425886  0.14731542]
 [ 0.27868439  0.0100428   0.21122279 -0.02687281 -0.15082558]
 [-0.12112738  0.03351553 -0.27384176  0.02492617 -0.07983693]]
Matrix Pair 62; W = [[ 0.26326114 -0.03509679  0.18214934 -0.12565855  0.06600761]
 [-0.14021548 -0.34762392 -0.01699984  0.29240627 -0.14709918]
 [-0.12474795  0.06230468 -0.10269785  0.16150564  0.03622624]
 [-0.07387464  0.06626161  0.1116736  -0.05037945 -0.06459733]
 [-0.16885818 -0.20686571 -0.26257821 -0.10112402 -0.06916981]]
U = [[ 0.18157233  0.15811004  0.31501514  0.37468357 -0.09413691]
 [-0.349653   -0.11835761  0.07222718  0.09075169  0.2024896 ]
 [ 0.03651328 -0.06406398 -0.22438577 -0.11729533  0.1303471 ]
 [ 0.24439298 -0.02770958  0.23329995 -0.10094069 -0.08204121]
 [-0.12657235 -0.0216189  -0.22751149  0.02551606 -0.09434147]]
Matrix Pair 63; W = [[ 0.25549346  0.03365703  0.14922598 -0.12248066  0.15309334]
 [-0.1526186  -0.3790994  -0.01984682  0.25927789 -0.12345003]
 [-0.06495016  0.06496299 -0.08906599  0.17725277  0.05766541]
 [-0.0792918   0.08375866  0.13321375 -0.06649324 -0.06926232]
 [-0.08147692 -0.20452873 -0.2462233  -0.15223833  0.00897426]]
U = [[ 0.19756159  0.14870164  0.28533894  0.37853508 -0.07625924]
 [-0.32749257 -0.0595891   0.09531904  0.1094349   0.2337438 ]
 [ 0.04164446 -0.12800375 -0.26718344 -0.08147594  0.19137227]
 [ 0.22495683 -0.07538888  0.22295976 -0.07758307 -0.1325191 ]
 [-0.11449275  0.06353374 -0.20229863 -0.02587089 -0.01031614]]
Matrix Pair 64; W = [[ 0.19609861 -0.05099589  0.14635801 -0.21080246  0.03433064]
 [-0.15953183 -0.36925471 -0.16423092  0.20762326 -0.09422627]
 [-0.03893045  0.01389931 -0.01467808  0.05538714  0.07141014]
 [ 0.02446864  0.08512557  0.13522305 -0.11980435 -0.03634184]
 [-0.05729914 -0.06018158 -0.19883809 -0.2105258  -0.00229488]]
U = [[ 0.23710275  0.09017498  0.26470055  0.4022633  -0.07838226]
 [-0.30952825 -0.13682187  0.16102653  0.09813046  0.16437925]
 [ 0.10904159 -0.11390339 -0.13577943 -0.23014696  0.19936308]
 [ 0.32194014  0.00845069  0.27651526 -0.01531493 -0.17805083]
 [-0.09250764  0.02633952 -0.24006432 -0.13463168 -0.06145552]]
Matrix Pair 65; W = [[ 0.18443086 -0.11647398  0.06196233 -0.23018946  0.04729009]
 [-0.18014001 -0.33787786 -0.10723629  0.23953045 -0.1700216 ]
 [-0.04963542  0.00105792 -0.03442095  0.07420621  0.03667026]
 [ 0.06934221  0.14355343  0.11355102 -0.09850228 -0.02276752]
 [-0.06310143 -0.10122063 -0.20675275 -0.14809173  0.05858325]]
U = [[ 0.24351908  0.15484673  0.26347081  0.3954484  -0.02026442]
 [-0.36133603 -0.18828703  0.15806893  0.05828551  0.21008745]
 [ 0.0640904  -0.06866649 -0.1372016  -0.16218989  0.2218815 ]
 [ 0.2769599  -0.00279447  0.22301327 -0.06066382 -0.15565097]
 [-0.02887337  0.04122688 -0.20420037 -0.11635793 -0.00105088]]
Matrix Pair 66; W = [[ 0.20609668 -0.09322983  0.09176537 -0.1484251   0.07439359]
 [-0.09244721 -0.3244323  -0.10266321  0.24476173 -0.12753566]
 [-0.02438965  0.02334215 -0.00185     0.10776654  0.02269948]
 [ 0.04432793  0.12448658  0.13500072 -0.0718781   0.04498432]
 [-0.05161221 -0.08053377 -0.23691844 -0.1961638  -0.01870915]]
U = [[ 0.21413273  0.07060831  0.32348306  0.33654499 -0.05312778]
 [-0.33998101 -0.17868066  0.13472732  0.14523448  0.2029648 ]
 [ 0.10813082 -0.04614604 -0.18888017 -0.22235919  0.19409532]
 [ 0.31236436  0.00799333  0.25662325 -0.06990622 -0.09747005]
 [-0.0969043   0.06000962 -0.23083753 -0.10224398 -0.00312923]]
Matrix Pair 67; W = [[ 0.24038884 -0.08895281  0.14401806 -0.14458721  0.00915042]
 [-0.17395336 -0.32066268 -0.14222686  0.27574314 -0.12760711]
 [-0.01400448  0.01706924 -0.02913483  0.10658188  0.05922794]
 [ 0.05899262  0.08096709  0.13903382 -0.12955682 -0.01870578]
 [-0.05293337 -0.03446453 -0.2773739  -0.21726968  0.02676398]]
U = [[ 0.19720545  0.14576596  0.24964205  0.34869412 -0.04625577]
 [-0.31953098 -0.17173738  0.13460094  0.07999716  0.19068071]
 [ 0.06780567 -0.1372977  -0.21524403 -0.17342459  0.17703439]
 [ 0.28064009 -0.00870082  0.26208141 -0.02214423 -0.17909415]
 [-0.1130214   0.06325954 -0.28350334 -0.13934947 -0.03910861]]
Matrix Pair 68; W = [[ 0.19964769 -0.05955616  0.13530279 -0.14530465  0.04285732]
 [-0.16384781 -0.34896518 -0.1478708   0.27469907 -0.17172447]
 [-0.08427833 -0.01205272 -0.05568197  0.13492778  0.0004302 ]
 [-0.02168525  0.10245735  0.11110435 -0.06311274 -0.04299495]
 [-0.04654092 -0.09804336 -0.25703901 -0.19749653  0.04649594]]
U = [[ 0.18346287  0.13487164  0.25988786  0.32455135 -0.07768208]
 [-0.37030767 -0.1272215   0.1413856   0.05397793  0.19931017]
 [ 0.06285226 -0.05466796 -0.22142588 -0.22827488  0.15450937]
 [ 0.33659841  0.00735309  0.31169172 -0.02148784 -0.11104749]
 [-0.1206432   0.00466288 -0.21117351 -0.05140543 -0.04250227]]
Matrix Pair 69; W = [[ 0.18554626 -0.11813077  0.09003799 -0.17895903  0.03736433]
 [-0.11210602 -0.39709823 -0.08428004  0.20545295 -0.08876031]
 [ 0.00204087  0.05301478  0.01701122  0.06697839  0.01221941]
 [-0.00437141  0.08104455  0.08058442 -0.12364267  0.0312483 ]
 [-0.05072403 -0.05895748 -0.21331425 -0.13770359 -0.01448548]]
U = [[ 0.19876937  0.10965839  0.30052726  0.37231475 -0.02400543]
 [-0.3705272  -0.13251508  0.15007408  0.10502503  0.16986416]
 [ 0.04707772 -0.13792551 -0.16891097 -0.24395256  0.18375463]
 [ 0.32804769 -0.04698925  0.23782118 -0.02372662 -0.11895681]
 [-0.05327932  0.02227836 -0.22444546 -0.07576833 -0.06717053]]
Matrix Pair 70; W = [[ 0.23493771 -0.12150994  0.10024248 -0.18613728  0.06512286]
 [-0.1165913  -0.3933057  -0.16439257  0.25354304 -0.14692405]
 [-0.03726252  0.06362215 -0.00522173  0.11512339 -0.01772128]
 [ 0.00102815  0.10310526  0.0746118  -0.07287902 -0.03793252]
 [-0.11380556 -0.10173857 -0.22136666 -0.2174735   0.01186224]]
U = [[ 0.2450216   0.0850176   0.31905114  0.41581848 -0.02937221]
 [-0.3689576  -0.19355743  0.10308721  0.12775658  0.15588196]
 [ 0.09639421 -0.1044336  -0.1816205  -0.2361604   0.21528003]
 [ 0.26373151 -0.05036681  0.22333798 -0.04593918 -0.1731829 ]
 [-0.09931478  0.03531041 -0.25956963 -0.10990816  0.00666201]]
Matrix Pair 71; W = [[ 2.01043727e-01 -9.37342373e-02  6.42899823e-02 -1.33792000e-01
   7.68465854e-02]
 [-1.76558216e-01 -3.58429144e-01 -1.38057844e-01  2.63314885e-01
  -1.55747630e-01]
 [-9.21831744e-02 -1.03781135e-02 -4.29884192e-02  4.16906281e-02
   5.00212401e-02]
 [ 5.70971929e-02  1.12967812e-01  8.52548488e-02 -9.36913634e-02
  -6.06931140e-05]
 [-2.24535190e-02 -7.03150710e-02 -2.29053941e-01 -1.28646087e-01
  -1.17791669e-02]]
U = [[ 0.15414018  0.08694577  0.33542635  0.41129979 -0.00336863]
 [-0.33414221 -0.19947341  0.11036511  0.13101157  0.21998751]
 [ 0.03804557 -0.06502526 -0.19726356 -0.24273822  0.13159019]
 [ 0.2684226  -0.06457084  0.29297676 -0.02991456 -0.15420192]
 [-0.08580655  0.05418325 -0.27293392 -0.11372333 -0.0461082 ]]
Matrix Pair 72; W = [[ 0.21495338 -0.03170163  0.1053237  -0.13543115  0.0113691 ]
 [-0.13587065 -0.40721107 -0.1271563   0.28431145 -0.10519264]
 [-0.02197643  0.01354583 -0.02705004  0.10283119  0.01163258]
 [ 0.03374342  0.07649781  0.05959465 -0.09875498 -0.01926032]
 [-0.11189701 -0.07644753 -0.26162464 -0.13947846 -0.00480332]]
U = [[ 0.16244282  0.10042344  0.28094565  0.33417508 -0.03845149]
 [-0.30132074 -0.16856801  0.07978868  0.08810768  0.17784047]
 [ 0.03283424 -0.06418993 -0.1645542  -0.16899472  0.16860744]
 [ 0.24050217 -0.05518079  0.2847344  -0.00170123 -0.11229076]
 [-0.08521139  0.0234639  -0.27983186 -0.07643445 -0.08056506]]
Matrix Pair 73; W = [[ 0.21040828 -0.07201724  0.0934557  -0.17291735  0.01084454]
 [-0.17760486 -0.40163064 -0.11270608  0.27475811 -0.08774722]
 [-0.00272616 -0.00192381 -0.06001959  0.08508051 -0.01587794]
 [ 0.05641694  0.15421182  0.08176768 -0.14531227 -0.05018579]
 [-0.06771707 -0.06279498 -0.2790261  -0.19420885  0.02362123]]
U = [[ 0.22997564  0.10452059  0.30446624  0.3783583  -0.09847014]
 [-0.34177279 -0.12030938  0.09736158  0.10141737  0.17433471]
 [ 0.07013277 -0.05679928 -0.17947839 -0.15385018  0.15945071]
 [ 0.32801278 -0.01544266  0.27666319 -0.04361813 -0.19363725]
 [-0.09213633  0.08221279 -0.24196279 -0.08108827 -0.00459064]]
Matrix Pair 74; W = [[ 0.23800121 -0.12488781  0.14307732 -0.20888448  0.08940332]
 [-0.17811497 -0.37865462 -0.12670375  0.25262295 -0.0916792 ]
 [-0.07141084  0.04871727 -0.053452    0.12231905  0.08060349]
 [ 0.03131487  0.12588012  0.15815869 -0.09829429 -0.01168619]
 [-0.03355011 -0.09030493 -0.21751255 -0.21181394  0.07037555]]
U = [[ 0.24182517  0.07099132  0.33061673  0.41674151 -0.08018163]
 [-0.32223694 -0.1259089   0.07000076  0.14812642  0.15724082]
 [ 0.03753591 -0.04844517 -0.18666103 -0.23627248  0.12836377]
 [ 0.24144964 -0.05410832  0.26234052 -0.06116221 -0.15801285]
 [-0.09733051  0.04805409 -0.22816925 -0.05436775 -0.02106789]]
Matrix Pair 75; W = [[ 0.18608646 -0.03128622  0.09009674 -0.22002206  0.04678804]
 [-0.13713598 -0.38247277 -0.08020954  0.24861329 -0.12850226]
 [-0.02885785  0.07032517  0.00360129  0.0759414   0.0723443 ]
 [ 0.04309643  0.08108431  0.14641973 -0.13210053  0.01280366]
 [-0.07366007 -0.08292753 -0.1890858  -0.18144896  0.05594949]]
U = [[ 0.20911825  0.14345458  0.27929018  0.41014782 -0.10017435]
 [-0.28839655 -0.20285536  0.14498263  0.11994955  0.22373504]
 [ 0.061294   -0.06323634 -0.1740452  -0.14579332  0.22072699]
 [ 0.29294301 -0.0813169   0.31442559 -0.07197082 -0.15096075]
 [-0.03457446  0.07619625 -0.28931211 -0.07428479 -0.01548362]]
Matrix Pair 76; W = [[ 0.24757211 -0.10684742  0.12963462 -0.15879238  0.06323343]
 [-0.1510072  -0.34247735 -0.17908032  0.22193782 -0.10884275]
 [-0.00810484  0.06181287  0.02087861  0.06472     0.01285851]
 [ 0.03458519  0.09844751  0.11710033 -0.14289673 -0.00230412]
 [-0.10120977 -0.03038045 -0.24537823 -0.16260076  0.03982605]]
U = [[ 0.15611164  0.06338855  0.25510863  0.34010453 -0.07269812]
 [-0.32652867 -0.1059276   0.13684569  0.12623615  0.15151703]
 [ 0.08763536 -0.13380493 -0.15872186 -0.15248795  0.14621647]
 [ 0.30802595  0.00074423  0.24181621 -0.05219172 -0.15620536]
 [-0.06808548  0.02048535 -0.27327404 -0.06928042 -0.02873339]]
Matrix Pair 77; W = [[ 0.2548027  -0.05891767  0.12425626 -0.16157071  0.10488894]
 [-0.10525516 -0.34335809 -0.12667607  0.20325489 -0.09211748]
 [-0.07487461  0.00346857 -0.00315509  0.1230147   0.01074195]
 [-0.02348709  0.06211409  0.14890826 -0.07345123  0.03201771]
 [-0.09316039 -0.10610744 -0.19798714 -0.1724452   0.0188122 ]]
U = [[ 0.23694314  0.15848672  0.24683415  0.36813924 -0.0238846 ]
 [-0.29253026 -0.13580838  0.09595963  0.11942463  0.20549374]
 [ 0.07485445 -0.06703682 -0.22281671 -0.15692243  0.18825826]
 [ 0.25820518 -0.0146267   0.28063106  0.02183175 -0.16045475]
 [-0.03065245  0.05796836 -0.28288264 -0.09056566  0.00148964]]
Matrix Pair 78; W = [[ 0.16332673 -0.03330817  0.11770502 -0.19311504  0.01352248]
 [-0.17943926 -0.36304541 -0.17748458  0.21925162 -0.09761611]
 [-0.0789544   0.01068194 -0.02499397  0.13792927  0.01125024]
 [ 0.06277068  0.1376145   0.07987725 -0.098227    0.00134426]
 [-0.03368631 -0.04902176 -0.27836533 -0.15121821  0.03742494]]
U = [[ 0.24252566  0.12167961  0.28116896  0.36626267 -0.07194116]
 [-0.35268461 -0.13593784  0.13802301  0.0515075   0.22711458]
 [ 0.02000838 -0.09273838 -0.14526747 -0.16580454  0.18246703]
 [ 0.32212381 -0.06023815  0.30579256 -0.07028556 -0.12166771]
 [-0.03889121  0.02088329 -0.27022113 -0.11981213 -0.08406515]]
Matrix Pair 79; W = [[ 0.1688061  -0.06767373  0.08824186 -0.14804074  0.06149152]
 [-0.1679189  -0.37316854 -0.16686382  0.22941437 -0.14890786]
 [-0.01787839 -0.02259216  0.01913708  0.07437992  0.03221578]
 [-0.0191801   0.14908194  0.08235957 -0.13408998  0.00564803]
 [-0.03982675 -0.06162211 -0.23415535 -0.17436043  0.06935775]]
U = [[ 0.24495186  0.09267971  0.27902018  0.32618835 -0.04713351]
 [-0.3477586  -0.1318172   0.15590241  0.06801477  0.18644191]
 [ 0.03046354 -0.0713236  -0.17386373 -0.20259433  0.13701694]
 [ 0.24766852 -0.03515793  0.25715822  0.01154368 -0.18423903]
 [-0.07983462 -0.0010344  -0.22769013 -0.12213298 -0.01004259]]
Matrix Pair 80; W = [[ 0.26652373 -0.053064    0.14933414 -0.16259988  0.11402497]
 [-0.1170308  -0.30860762 -0.09833343  0.26229709 -0.18145155]
 [-0.0627423   0.03866594 -0.06770359  0.07394993 -0.01645704]
 [-0.02220351  0.11786299  0.15657159 -0.06538375  0.01500222]
 [-0.15235462 -0.09457876 -0.23348079 -0.10799896  0.01064402]]
U = [[ 0.23385053  0.140894    0.29032986  0.27910978  0.02572084]
 [-0.35563524 -0.0855438   0.12742285  0.11133907  0.14423227]
 [ 0.14147159 -0.09064108 -0.24047384 -0.16491889  0.1740493 ]
 [ 0.3022562  -0.0782876   0.21854098  0.00968645 -0.16925296]
 [-0.13119341 -0.00148637 -0.21538163 -0.04702775 -0.09495162]]
Matrix Pair 81; W = [[ 0.2863263  -0.00178935  0.11772156 -0.1658977   0.12340508]
 [-0.12175884 -0.25338867 -0.08691581  0.29013482 -0.13972748]
 [-0.08291071  0.0277437  -0.11901037  0.13456851  0.01832099]
 [ 0.03338686  0.07076661  0.07881707 -0.09223804 -0.01828169]
 [-0.10726374 -0.09671376 -0.19716995 -0.13505353 -0.00316056]]
U = [[ 0.21608418  0.14736566  0.2774051   0.31449733 -0.0036265 ]
 [-0.34030006 -0.12683373  0.0688669   0.1086509   0.14986122]
 [ 0.13465149 -0.13357126 -0.22977749 -0.13584951  0.14346744]
 [ 0.2434387  -0.01694213  0.28449199 -0.04508112 -0.21608274]
 [-0.13373547 -0.05832932 -0.29440903 -0.03737078 -0.03920771]]
Matrix Pair 82; W = [[ 0.21565233 -0.06878942  0.1109939  -0.13943307  0.13195439]
 [-0.18358553 -0.31346724 -0.04381612  0.28317987 -0.12017999]
 [-0.10009191  0.0377567  -0.08322232  0.06665027  0.02741857]
 [-0.03854184  0.12889554  0.1314148  -0.15783386 -0.06184172]
 [-0.09090392 -0.12419749 -0.26380637 -0.11208846  0.04030317]]
U = [[ 0.20403104  0.11128962  0.32280267  0.29164289  0.01027954]
 [-0.36606905 -0.12781743  0.04544539  0.1093692   0.13876726]
 [ 0.07284915 -0.12890584 -0.16735942 -0.14601605  0.14455754]
 [ 0.25985022 -0.01720814  0.23022357 -0.05771032 -0.14871951]
 [-0.0881913   0.0116209  -0.24320224  0.0213896  -0.02489141]]
Matrix Pair 83; W = [[ 0.22053222 -0.02422758  0.17431629 -0.10333241  0.1084149 ]
 [-0.19697771 -0.28823061 -0.10510511  0.27022933 -0.12584757]
 [-0.06978651 -0.02885057 -0.04691105  0.07890978  0.04962047]
 [-0.02266691  0.07411418  0.14958061 -0.08413297 -0.00358361]
 [-0.11492775 -0.06492742 -0.21499961 -0.07597688  0.03821292]]
U = [[ 0.23278159  0.18635035  0.31882687  0.29710028 -0.00528495]
 [-0.32822709 -0.08912777  0.12961686  0.11653543  0.21849657]
 [ 0.12025655 -0.09257449 -0.15987771 -0.17480062  0.13573584]
 [ 0.31034285 -0.00070454  0.27883494 -0.02817502 -0.18174218]
 [-0.14471928 -0.0591996  -0.20804016  0.03609219 -0.09414177]]
Matrix Pair 84; W = [[ 0.2591979  -0.051486    0.09188114 -0.15334651  0.04555338]
 [-0.12815913 -0.26979953 -0.11651653  0.22698836 -0.11862683]
 [-0.11443759  0.02237431 -0.07078514  0.13118871  0.01332643]
 [-0.03266604  0.15116318  0.14861361 -0.1143285  -0.07042259]
 [-0.14717803 -0.06847198 -0.25108572 -0.14703807  0.03628035]]
U = [[ 2.28457511e-01  1.24615697e-01  2.82651557e-01  3.14399192e-01
  -6.13957117e-02]
 [-3.53851317e-01 -1.05741864e-01  4.73180737e-02  7.84310618e-02
   1.36081226e-01]
 [ 8.18629628e-02 -6.58620349e-02 -2.31545817e-01 -1.85344598e-01
   2.03033183e-01]
 [ 2.94264987e-01 -3.25229561e-04  2.30122885e-01 -4.41751752e-02
  -1.68559473e-01]
 [-1.25740648e-01 -5.34224782e-02 -2.65298732e-01 -4.32484529e-02
  -9.28830619e-03]]
Matrix Pair 85; W = [[ 0.21886335 -0.06766344  0.09467514 -0.11807705  0.05826997]
 [-0.16110583 -0.28642652 -0.04406779  0.2931457  -0.11756029]
 [-0.15347566  0.04344004 -0.13987955  0.13007881  0.069166  ]
 [-0.01885118  0.08724488  0.10960563 -0.08582447 -0.0642378 ]
 [-0.12984947 -0.10437159 -0.20374066 -0.08372891  0.05219275]]
U = [[ 0.15423412  0.12476759  0.30860937  0.326658    0.00856615]
 [-0.31815461 -0.12828229  0.10133239  0.07057768  0.17754161]
 [ 0.13544071 -0.10920045 -0.23565114 -0.11338645  0.21024261]
 [ 0.23196838 -0.08087208  0.30398669 -0.01850817 -0.14162522]
 [-0.16849733 -0.03936658 -0.29800218 -0.02504105 -0.06733022]]
Matrix Pair 86; W = [[ 0.2424992  -0.05406513  0.17428761 -0.1224249   0.05749312]
 [-0.11030353 -0.32414343 -0.03404851  0.24544933 -0.14499656]
 [-0.16188243  0.01609461 -0.06562533  0.10890479  0.03968435]
 [-0.02500517  0.08672244  0.13711637 -0.09461226  0.01143135]
 [-0.05961652 -0.04121746 -0.25689815 -0.12679896  0.02010942]]
U = [[ 0.15209933  0.1642023   0.33860617  0.28250307  0.01333806]
 [-0.36839064 -0.0799638   0.11162488  0.10351112  0.17074634]
 [ 0.06756219 -0.13447939 -0.19438308 -0.08931542  0.12842772]
 [ 0.29166985 -0.00366103  0.27652935  0.01034547 -0.22190478]
 [-0.13608818 -0.04254741 -0.22118382 -0.03416694 -0.04538544]]
Matrix Pair 87; W = [[ 0.26652104 -0.04474779  0.12992029 -0.17789239  0.10399497]
 [-0.11570718 -0.25397884 -0.05860432  0.30293561 -0.17034987]
 [-0.10421074  0.03678992 -0.13097157  0.13655034  0.02413867]
 [-0.03899908  0.15028455  0.09073103 -0.09203368 -0.03233463]
 [-0.13991228 -0.09331523 -0.20006335 -0.12323578  0.02245886]]
U = [[ 0.1531231   0.14867785  0.32713405  0.30214323 -0.04955268]
 [-0.36526601 -0.09104663  0.0386418   0.10809758  0.19405823]
 [ 0.0709436  -0.05376551 -0.15026583 -0.09281306  0.16456586]
 [ 0.24849781 -0.01516797  0.22028656  0.02704202 -0.2040674 ]
 [-0.11198772  0.01860833 -0.2506239  -0.06004641 -0.02330071]]
Matrix Pair 88; W = [[ 0.27677791 -0.06422548  0.09338828 -0.16191081  0.09362318]
 [-0.15242024 -0.28653989 -0.04230187  0.29193407 -0.10793911]
 [-0.08335654  0.03108058 -0.10557538  0.08110751 -0.00964013]
 [-0.04204412  0.07054935  0.0869065  -0.12093768 -0.04148407]
 [-0.14970486 -0.06627464 -0.2824748  -0.12637713  0.06230222]]
U = [[ 0.17165157  0.17957596  0.26128625  0.31708192  0.02086378]
 [-0.32885513 -0.10229089  0.08595918  0.12243391  0.13962676]
 [ 0.11745729 -0.07093786 -0.19963769 -0.10236796  0.18346032]
 [ 0.26812419 -0.03871649  0.29861738  0.02845381 -0.19221612]
 [-0.08187592 -0.02542424 -0.21244859 -0.00369234 -0.01189627]]
Matrix Pair 89; W = [[ 0.23915686 -0.00356636  0.08565289 -0.13516661  0.13230164]
 [-0.18179588 -0.26499569 -0.10035509  0.27589565 -0.13323207]
 [-0.14491033  0.04522073 -0.04442791  0.13284571  0.05916197]
 [ 0.02077379  0.10573115  0.13202732 -0.1553391   0.0138926 ]
 [-0.11019659 -0.11073798 -0.27572804 -0.11048495  0.04855845]]
U = [[ 0.18568797  0.13207424  0.33697722  0.27608724 -0.06953274]
 [-0.34941213 -0.07072142  0.06912803  0.13198872  0.22132135]
 [ 0.06222306 -0.1435655  -0.20767312 -0.10514821  0.18909584]
 [ 0.28215423 -0.01957528  0.22203705 -0.00713885 -0.22651782]
 [-0.1033139  -0.0025898  -0.22730496 -0.01224891 -0.04115682]]
Matrix Pair 90; W = [[ 0.2385026  -0.07469915  0.08343442 -0.16821433  0.12350929]
 [-0.16332229 -0.28951685 -0.04818804  0.22843213 -0.17756686]
 [-0.11695774 -0.01359057 -0.05887511  0.06494633 -0.01562403]
 [-0.0462531   0.16403872  0.10748733 -0.09156958 -0.00038346]
 [-0.11831367 -0.07539902 -0.25789616 -0.07052776  0.0431633 ]]
U = [[ 2.00185356e-01  1.55673794e-01  2.85617451e-01  3.05620336e-01
   3.20420277e-03]
 [-3.59334650e-01 -1.36619827e-01  7.45376799e-02  1.27331044e-01
   1.29250989e-01]
 [ 9.32083943e-02 -1.10031350e-01 -2.44350730e-01 -1.41832283e-01
   1.92862857e-01]
 [ 3.24646689e-01 -7.90361716e-02  2.47630138e-01 -4.28738948e-03
  -1.93467627e-01]
 [-8.71560616e-02 -3.17419276e-04 -2.86781760e-01  1.15407480e-02
  -1.08085033e-02]]
Matrix Pair 91; W = [[ 0.24962126 -0.08367067  0.17798311 -0.15624784  0.12949789]
 [-0.17033412 -0.29603458 -0.09530549  0.26825902 -0.13597553]
 [-0.08776353 -0.04306479 -0.06979752  0.09226625  0.00883117]
 [-0.04981736  0.12119958  0.07014521 -0.15427769  0.0246093 ]
 [-0.07480329 -0.070432   -0.22792864 -0.12367577  0.05552726]]
U = [[ 0.21917859  0.11469861  0.32144918  0.3427554  -0.05334494]
 [-0.35543147 -0.08393032  0.0561975   0.07849105  0.14465958]
 [ 0.10172597 -0.11337136 -0.22776916 -0.18541165  0.1612562 ]
 [ 0.25247372 -0.07334388  0.22095353 -0.01954228 -0.21813625]
 [-0.15997229 -0.01431088 -0.27790355  0.03792182 -0.08265381]]
Matrix Pair 92; W = [[ 0.24880746 -0.00343364  0.11451962 -0.13879796  0.06897359]
 [-0.15031849 -0.31363561 -0.04231002  0.21162752 -0.17259162]
 [-0.13054196 -0.00384763 -0.08941032  0.12568221  0.0094477 ]
 [-0.05211642  0.11756145  0.1141345  -0.07053632  0.01019935]
 [-0.05708619 -0.08667581 -0.28006713 -0.05983363  0.0593627 ]]
U = [[ 0.22672014  0.16808565  0.26923864  0.31715098 -0.00471039]
 [-0.36235015 -0.12601562  0.07811299  0.15094839  0.20692355]
 [ 0.14555165 -0.07190535 -0.15353226 -0.16606219  0.18907979]
 [ 0.27884773 -0.00589029  0.21332557  0.03226891 -0.18930646]
 [-0.09953168  0.00713042 -0.22784068 -0.01643696 -0.01377996]]
Matrix Pair 93; W = [[ 0.24573903 -0.04631516  0.09848788 -0.10802043  0.09257778]
 [-0.14063627 -0.31054805 -0.09037165  0.22474469 -0.13371701]
 [-0.09783873 -0.04776345 -0.11841714  0.09314332  0.01910227]
 [-0.04037253  0.08066496  0.13489626 -0.13360871  0.00116169]
 [-0.11966641 -0.11500508 -0.19771915 -0.12717737  0.0182531 ]]
U = [[ 0.17719188  0.16163916  0.30814261  0.31048718  0.01710375]
 [-0.31678679 -0.12779882  0.12181288  0.15335994  0.16788187]
 [ 0.10465195 -0.11311417 -0.21879863 -0.09680132  0.15310581]
 [ 0.27918965 -0.04716677  0.28369508  0.02987913 -0.18283631]
 [-0.0727969  -0.02007332 -0.20431217  0.00242358 -0.04589872]]
Matrix Pair 94; W = [[ 0.29392593 -0.01550362  0.10544958 -0.11340745  0.05237938]
 [-0.17467306 -0.26527069 -0.11145755  0.2286533  -0.16552116]
 [-0.0744422   0.00255151 -0.09819647  0.15594343  0.01216255]
 [-0.04898962  0.0981488   0.15998402 -0.12378626 -0.04669059]
 [-0.14135003 -0.04919939 -0.26656566 -0.15569299 -0.01457387]]
U = [[ 0.1822841   0.11041193  0.26425817  0.34291807 -0.07092387]
 [-0.38205755 -0.05559895  0.05945813  0.08494044  0.16155413]
 [ 0.06299381 -0.09892974 -0.2008549  -0.12252177  0.17125714]
 [ 0.26368349 -0.04019223  0.26271925  0.02232031 -0.22066063]
 [-0.10764644  0.02840155 -0.21525194 -0.00088185 -0.09531248]]
Matrix Pair 95; W = [[ 0.22287833 -0.01389882  0.16972041 -0.14651808  0.08393202]
 [-0.12470671 -0.34437725 -0.03850488  0.22365049 -0.13886758]
 [-0.10152781  0.04520828 -0.12326987  0.08700413  0.03602324]
 [-0.03260095  0.13355093  0.14268792 -0.07820801 -0.0636126 ]
 [-0.11382383 -0.07296262 -0.20611768 -0.12453028  0.0049745 ]]
U = [[ 0.25162384  0.19222811  0.24297487  0.32532418 -0.0619014 ]
 [-0.37913719 -0.08784875  0.12090053  0.10537711  0.21665563]
 [ 0.1487293  -0.05276077 -0.21753941 -0.12462806  0.20736247]
 [ 0.23153157 -0.041004    0.23603552  0.00147525 -0.15748079]
 [-0.14400937 -0.0231624  -0.2151472   0.00953161 -0.07752251]]
Matrix Pair 96; W = [[ 0.26010452 -0.05867052  0.07461116 -0.18496998  0.10112088]
 [-0.09244297 -0.27924659 -0.10037906  0.28643697 -0.10131806]
 [-0.09610325 -0.00049219 -0.01271962  0.06251689  0.02488612]
 [ 0.00912407  0.06202138  0.0509935  -0.09800516 -0.06300287]
 [-0.07682452 -0.07277805 -0.28098893 -0.15031312  0.00162563]]
U = [[ 0.11646426  0.13586621  0.22853903  0.30061114 -0.04690964]
 [-0.28892528 -0.176894    0.10574506  0.0812421   0.19980067]
 [ 0.06018988 -0.15763437 -0.21627294 -0.18746982  0.13551808]
 [ 0.20195797  0.03114181  0.33729092  0.03175099 -0.11990314]
 [-0.06221936 -0.0009594  -0.22369953 -0.04791337 -0.04815453]]
Matrix Pair 97; W = [[ 0.20170349 -0.08025686  0.11300425 -0.12012485  0.07011831]
 [-0.12100999 -0.34267882 -0.07389832  0.3062869  -0.10782575]
 [-0.10472947 -0.01901691 -0.03458005  0.00913719  0.03629732]
 [ 0.04294228  0.08562867  0.02098458 -0.06669636 -0.06403014]
 [-0.10182142 -0.061312   -0.28181285 -0.07032402 -0.0347083 ]]
U = [[ 0.14726478  0.17010997  0.27350531  0.30264533 -0.05147755]
 [-0.33371511 -0.11675053  0.08654586  0.11168462  0.15139709]
 [ 0.13373461 -0.10332577 -0.23536439 -0.12191045  0.14248609]
 [ 0.21184186 -0.03209244  0.32113174  0.007259   -0.10541701]
 [-0.06957906 -0.01459537 -0.21321253 -0.09265748 -0.00477076]]
Matrix Pair 98; W = [[ 0.2204777  -0.00932655  0.15243703 -0.16699566  0.14356852]
 [-0.05993579 -0.35572061 -0.05452203  0.26887093 -0.1708749 ]
 [-0.11770347 -0.02059288 -0.08901736  0.03178172  0.05393748]
 [ 0.04631058  0.12301939  0.0751584  -0.06048673  0.02008929]
 [-0.08376521 -0.09104621 -0.27996939 -0.1184263  -0.00854239]]
U = [[ 0.18583579  0.15084875  0.2743892   0.3291279  -0.08347395]
 [-0.28302241 -0.14940176  0.05452287  0.11169147  0.12377554]
 [ 0.06627205 -0.13949828 -0.18766986 -0.0895078   0.21230171]
 [ 0.20907957  0.02607512  0.31489197 -0.02115774 -0.12767214]
 [-0.09604454  0.05226146 -0.24357817 -0.06444312  0.00408327]]
Matrix Pair 99; W = [[ 0.24899315 -0.07444635  0.07195036 -0.12857705  0.10809803]
 [-0.12860268 -0.28494479 -0.10318318  0.2889991  -0.10891004]
 [-0.10269463 -0.00770531 -0.09877626  0.05438086  0.02678688]
 [-0.02549469  0.09258829  0.03103767 -0.06760872  0.01090315]
 [-0.06719545 -0.10331985 -0.30709741 -0.12295026  0.00815257]]
U = [[ 0.17102262  0.17698503  0.1988867   0.37941059 -0.02308957]
 [-0.3025664  -0.12276114  0.0513857   0.0780786   0.16666604]
 [ 0.06344998 -0.09368362 -0.22812602 -0.12247108  0.1417294 ]
 [ 0.26888099 -0.05024937  0.34531601  0.05846874 -0.19659462]
 [-0.09191325 -0.00818997 -0.26145218 -0.05406251 -0.08322345]]
Matrix Pair 100; W = [[ 0.22912264 -0.08019828  0.13364852 -0.19708104  0.14175245]
 [-0.06689707 -0.29031129 -0.04511675  0.2644699  -0.16716421]
 [-0.0879808   0.03945493 -0.08072639  0.01312544  0.00151258]
 [ 0.01525041  0.13348416  0.11315258 -0.0642242  -0.02738764]
 [-0.12159733 -0.05059447 -0.27943734 -0.09539767  0.02288242]]
U = [[ 0.16378749  0.19307103  0.20040144  0.28174973 -0.02526338]
 [-0.28334951 -0.11017372  0.07685302  0.07049574  0.14406213]
 [ 0.10702904 -0.09196967 -0.17782989 -0.13955871  0.17417657]
 [ 0.2599019   0.02968809  0.30893439  0.03595444 -0.15253945]
 [-0.06413879 -0.03061107 -0.24543148 -0.1073644  -0.01234408]]
Matrix Pair 101; W = [[ 0.2107306  -0.10016111  0.08721149 -0.16591953  0.08451622]
 [-0.07663716 -0.35732034 -0.01511167  0.22902364 -0.09400871]
 [-0.02916291  0.04335303 -0.02202433  0.01817545  0.0602771 ]
 [ 0.04000249  0.05522567  0.0847969  -0.01197362 -0.04034545]
 [-0.12234486 -0.02041428 -0.24708017 -0.07608242  0.02159078]]
U = [[ 0.1658696   0.15392959  0.24407004  0.33155705 -0.02225769]
 [-0.2705169  -0.14097686  0.03431806  0.0975494   0.17554012]
 [ 0.14537863 -0.14053516 -0.256928   -0.15685274  0.16545633]
 [ 0.21820302  0.04666201  0.35426608  0.02657423 -0.10644144]
 [-0.1413351   0.00356189 -0.27587957 -0.09583683 -0.01222723]]
Matrix Pair 102; W = [[ 0.22341131 -0.08154629  0.09121242 -0.09994701  0.07738647]
 [-0.0883658  -0.28934204 -0.09513379  0.28313368 -0.15001689]
 [-0.11745904 -0.00323506 -0.05392432  0.08906382  0.07341596]
 [ 0.03621677  0.08377105  0.03375309 -0.01312865 -0.04113561]
 [-0.09353519 -0.09200242 -0.264063   -0.14850501 -0.02158998]]
U = [[ 0.12506001  0.14984276  0.21228145  0.30056886 -0.03736503]
 [-0.31602901 -0.11661479  0.04970695  0.12820673  0.16215324]
 [ 0.07793951 -0.14116491 -0.21176796 -0.13401042  0.19297456]
 [ 0.25518052 -0.02347076  0.34471903  0.01268962 -0.10887882]
 [-0.11054647 -0.00838557 -0.22745287 -0.03521884 -0.03029575]]
Matrix Pair 103; W = [[ 0.2624602  -0.01000295  0.10331936 -0.16242587  0.07052263]
 [-0.07184324 -0.36073075 -0.0820866   0.22747003 -0.07714771]
 [-0.12044633  0.05498658 -0.06272434  0.07739808  0.05470042]
 [-0.0474388   0.08105088  0.08680336 -0.09489275 -0.04277741]
 [-0.08992313 -0.07849058 -0.27289567 -0.16363441  0.01561733]]
U = [[ 0.18583122  0.19229113  0.26291508  0.29388956 -0.09402403]
 [-0.35556498 -0.09416412  0.0819146   0.10547378  0.19055138]
 [ 0.09236321 -0.13047726 -0.15980293 -0.15012925  0.14608471]
 [ 0.23573763  0.02807669  0.26638546 -0.01571105 -0.11139597]
 [-0.1485216  -0.01628248 -0.19657839 -0.10262495 -0.04628223]]
Matrix Pair 104; W = [[ 0.19281519 -0.08122829  0.13261232 -0.19496773  0.04944188]
 [-0.15305669 -0.36798951 -0.10155881  0.31176756 -0.09060743]
 [-0.0656346   0.03428296 -0.03409991  0.01542987  0.07617557]
 [-0.00757862  0.11921926  0.07239275 -0.06004808 -0.06771109]
 [-0.04485619 -0.08141826 -0.22919421 -0.13539267  0.02242218]]
U = [[ 0.13173464  0.10473962  0.27702899  0.28083027 -0.07094381]
 [-0.26656444 -0.09215947  0.09717035  0.10348741  0.14925762]
 [ 0.04917194 -0.11309515 -0.16504036 -0.10436503  0.1212095 ]
 [ 0.2810037  -0.0097078   0.3027949  -0.02402382 -0.150672  ]
 [-0.14627088 -0.01876071 -0.23567527 -0.06594863 -0.01856204]]
Matrix Pair 105; W = [[ 0.2585454  -0.0175152   0.08816413 -0.14411055  0.09174203]
 [-0.10312717 -0.29487074 -0.03710842  0.31097971 -0.12557613]
 [-0.07925091  0.05399347 -0.06488268  0.04983906  0.01877838]
 [-0.02928633  0.08500831  0.09949544 -0.05225047 -0.04143794]
 [-0.0476116  -0.0421567  -0.22036804 -0.09500533 -0.022075  ]]
U = [[ 0.14879376  0.17536473  0.25214594  0.32768671 -0.00531031]
 [-0.33961925 -0.15292729  0.07041763  0.11496561  0.13779359]
 [ 0.05103824 -0.11345383 -0.17370049 -0.10564969  0.16692978]
 [ 0.24209107 -0.03506546  0.27379517  0.05201331 -0.13569579]
 [-0.09779263  0.04232457 -0.23660042 -0.107909   -0.07714469]]
Matrix Pair 106; W = [[ 0.19357179 -0.09854808  0.15568526 -0.18339823  0.04590312]
 [-0.08154417 -0.28847624 -0.09025072  0.22359127 -0.09642176]
 [-0.09752284  0.06394468 -0.08459065  0.0539501   0.04229634]
 [-0.01833685  0.13699548  0.06651487 -0.01717681 -0.0477345 ]
 [-0.11481894 -0.06843326 -0.21914255 -0.08257075 -0.00968462]]
U = [[ 0.16769986  0.17560788  0.18613791  0.29280728 -0.03663645]
 [-0.29683863 -0.17434307  0.0578367   0.06296262  0.16448442]
 [ 0.11143319 -0.07353131 -0.22442628 -0.09501317  0.12792238]
 [ 0.28432724 -0.00160205  0.32384543 -0.01013279 -0.16135997]
 [-0.11537648 -0.03342779 -0.25356914 -0.06171789 -0.07016368]]
Matrix Pair 107; W = [[ 0.19404788 -0.06442004  0.11422298 -0.14460395  0.06957771]
 [-0.07823458 -0.31818221 -0.02643353  0.25389743 -0.16705496]
 [-0.09779046 -0.01139293 -0.04620603  0.09510723  0.00385936]
 [ 0.02625795  0.07140477  0.0577044  -0.06443894  0.02637145]
 [-0.1099305  -0.07674124 -0.26340513 -0.11400176 -0.02823104]]
U = [[ 0.16807327  0.12023857  0.23643696  0.32545135 -0.08833685]
 [-0.27091705 -0.12543737  0.10073497  0.08931609  0.18510666]
 [ 0.09433972 -0.09465719 -0.20012146 -0.09973367  0.13574025]
 [ 0.22904986  0.01162723  0.31219443  0.03314573 -0.14076911]
 [-0.14232516  0.01130474 -0.25416978 -0.04463144 -0.00398702]]
Matrix Pair 108; W = [[ 0.21380012 -0.10227444  0.0716053  -0.18509701  0.14407287]
 [-0.07689876 -0.34408701 -0.03140891  0.31623098 -0.16229685]
 [-0.03944169  0.06202687 -0.03588535  0.03832307  0.01767545]
 [-0.00603923  0.134063    0.09371089 -0.07496532 -0.00058445]
 [-0.08000285 -0.03355298 -0.27244942 -0.15938708 -0.02937705]]
U = [[ 0.18043374  0.19148998  0.24387567  0.32041889 -0.04559563]
 [-0.3445852  -0.15847981  0.02506624  0.05772836  0.16690714]
 [ 0.12406573 -0.10585523 -0.16730611 -0.11941623  0.17713129]
 [ 0.20640555 -0.04589277  0.3267235   0.05455134 -0.14312093]
 [-0.08140515  0.04112831 -0.26096522 -0.06437162 -0.08929573]]
Matrix Pair 109; W = [[ 0.23809728 -0.07141825  0.13875152 -0.15252655  0.07028041]
 [-0.09236874 -0.26983406 -0.03414219  0.29453347 -0.12798182]
 [-0.1051633  -0.00284956 -0.06500665  0.02979725  0.03066376]
 [ 0.01090601  0.0482059   0.04571423 -0.08617925 -0.07077748]
 [-0.07777041 -0.02096057 -0.21466633 -0.08536491  0.04452792]]
U = [[ 0.17799761  0.10939692  0.27511743  0.37269266 -0.06136142]
 [-0.29677392 -0.14210068  0.06479445  0.11517123  0.16920151]
 [ 0.14061534 -0.0907441  -0.23002331 -0.13310509  0.1207059 ]
 [ 0.21479805 -0.02139785  0.31104049 -0.03078685 -0.17963355]
 [-0.08627009  0.02920313 -0.22623445 -0.06985603  0.00221996]]
Matrix Pair 110; W = [[ 0.24333201 -0.10095867  0.07526416 -0.19723728  0.14097671]
 [-0.14557913 -0.31549856 -0.07364194  0.22549508 -0.08402646]
 [-0.08172086  0.03654246 -0.07790801  0.07459904 -0.01005398]
 [-0.03933409  0.1326531   0.10047288 -0.09372103 -0.01274691]
 [-0.03099124 -0.08425386 -0.29805741 -0.15963611  0.03581053]]
U = [[ 0.11279014  0.12834705  0.19232976  0.31926687 -0.03342125]
 [-0.28946649 -0.15452652  0.10599196  0.05840898  0.12927597]
 [ 0.1412701  -0.081264   -0.21855434 -0.13002137  0.12837267]
 [ 0.26893735 -0.05138913  0.30350548  0.02839686 -0.20109411]
 [-0.05941019  0.00879425 -0.22903773 -0.08508783 -0.02318118]]
Matrix Pair 111; W = [[ 0.21502339 -0.03655956  0.13647006 -0.16533743  0.06317768]
 [-0.13048651 -0.36412169 -0.02915842  0.221344   -0.11127527]
 [-0.07948918  0.05478955 -0.01502649  0.10778634  0.06511408]
 [-0.03703457  0.10483803  0.06353151 -0.04723536 -0.02607445]
 [-0.11344661 -0.04250987 -0.21245096 -0.15819651 -0.04240558]]
U = [[ 0.14633839  0.17222332  0.27018565  0.29232634 -0.04898817]
 [-0.26443892 -0.15698786  0.0983315   0.07171749  0.15300572]
 [ 0.11617313 -0.15395306 -0.17046604 -0.14834854  0.19656014]
 [ 0.22631248 -0.01755663  0.30460119  0.06195115 -0.12782063]
 [-0.08675131  0.01626377 -0.24281127 -0.08245077 -0.08676612]]
Matrix Pair 112; W = [[ 0.1965149  -0.00145715  0.05540941 -0.12837075  0.12962748]
 [-0.15743748 -0.27791494 -0.05710342  0.34247087 -0.09666203]
 [-0.09254995 -0.00231658 -0.00503523  0.07425573 -0.00651877]
 [ 0.0537593   0.1232073   0.04316471 -0.10802388 -0.07489503]
 [-0.07050604 -0.07472998 -0.21659404 -0.09815484  0.03061173]]
U = [[ 0.20775982  0.11142218  0.27486486  0.33230112 -0.08970509]
 [-0.36674397 -0.0551089   0.07519185  0.06286598  0.19869357]
 [ 0.07653336 -0.14698859 -0.17442796 -0.12352906  0.1267019 ]
 [ 0.3172877  -0.04296008  0.23991159 -0.02097107 -0.13100164]
 [-0.12225666  0.00126904 -0.20193036 -0.07534852 -0.02786964]]
Matrix Pair 113; W = [[ 0.24132502 -0.03487263  0.06751965 -0.11384088  0.10241825]
 [-0.13931662 -0.25751184 -0.08654097  0.33817519 -0.11738678]
 [-0.11913412  0.05005018 -0.07176032  0.02422369 -0.02039128]
 [-0.01768712  0.11984553  0.0949095  -0.04858347 -0.05994745]
 [-0.10410429 -0.05830235 -0.25017691 -0.10335982  0.02873522]]
U = [[ 0.14870189  0.09445976  0.28922476  0.36841803 -0.06860916]
 [-0.31206493 -0.11518574  0.10794448  0.12361596  0.21765752]
 [ 0.0567412  -0.12004985 -0.17762978 -0.1375356   0.12014422]
 [ 0.31291445 -0.0706829   0.2587828   0.01301572 -0.12651477]
 [-0.12646719  0.02831754 -0.1837477  -0.09211754 -0.05564809]]
Matrix Pair 114; W = [[ 0.21369611 -0.02784219  0.07519636 -0.15875365  0.09311448]
 [-0.19029716 -0.2870027  -0.08644493  0.34951223 -0.14662248]
 [-0.07788619  0.02551226 -0.08629047  0.04093276  0.00199849]
 [ 0.00490918  0.08476376  0.11074639 -0.04011283 -0.09747699]
 [-0.08508641 -0.14554176 -0.22377114 -0.07985609  0.03083949]]
U = [[ 0.19375689  0.16184741  0.29967248  0.3401896  -0.00869357]
 [-0.29926088 -0.10446477  0.12917947  0.04577725  0.21054749]
 [ 0.07704277 -0.09526218 -0.23489601 -0.12580486  0.14278153]
 [ 0.32053003  0.01610398  0.2479356  -0.03871137 -0.17900446]
 [-0.1155134   0.01522308 -0.17100255 -0.0388896  -0.02071568]]
Matrix Pair 115; W = [[ 0.2027545  -0.00764414  0.11359967 -0.12826589  0.16055174]
 [-0.15880816 -0.26945331 -0.05771393  0.26596073 -0.09502044]
 [-0.0652071  -0.00990436 -0.03780868  0.06489726  0.0276525 ]
 [ 0.03963517  0.12027016  0.12819786 -0.12021804 -0.04855883]
 [-0.09949907 -0.10815669 -0.19172527 -0.14435665  0.04117047]]
U = [[ 0.17392645  0.07550931  0.24331795  0.30769259 -0.0260062 ]
 [-0.28278389 -0.1376121   0.10774558  0.07084074  0.1815086 ]
 [ 0.14539266 -0.11850558 -0.16364432 -0.12654616  0.19475483]
 [ 0.2453538  -0.07036814  0.28060156  0.01228357 -0.10834757]
 [-0.14506873  0.07169271 -0.2187781  -0.10035837 -0.06516613]]
Matrix Pair 116; W = [[ 0.19467945 -0.07202786  0.13203126 -0.128425    0.09842231]
 [-0.17948446 -0.2877563  -0.02835352  0.27502816 -0.09497879]
 [-0.13975724  0.0626357  -0.03034445  0.06944069  0.01266717]
 [-0.01177643  0.07368554  0.05355549 -0.10587552 -0.02094679]
 [-0.08688381 -0.09163687 -0.1741558  -0.10904001  0.02140253]]
U = [[ 0.23688151  0.16560871  0.23086436  0.34081885 -0.09437053]
 [-0.29455487 -0.05083288  0.07917543  0.08579792  0.14503338]
 [ 0.1402773  -0.07254734 -0.24926032 -0.16732861  0.13668725]
 [ 0.25450695 -0.06556828  0.2306938   0.0013663  -0.1135778 ]
 [-0.08744018  0.02066837 -0.2335579  -0.06462819 -0.0318754 ]]
Matrix Pair 117; W = [[ 0.16828128  0.00953492  0.06601754 -0.17848888  0.12167172]
 [-0.13554942 -0.26503979 -0.08270587  0.30991647 -0.12535013]
 [-0.08699548  0.04863334 -0.04486338  0.01686961  0.03822329]
 [-0.02819266  0.11977591  0.09790143 -0.08109972 -0.09889339]
 [-0.07931049 -0.12178198 -0.19476954 -0.15137729  0.05153589]]
U = [[ 0.17060273  0.07530822  0.22713245  0.33855291 -0.01738478]
 [-0.31139759 -0.1277292   0.09901415  0.06625396  0.1471946 ]
 [ 0.06317448 -0.12040988 -0.20107333 -0.13270666  0.15017458]
 [ 0.26117146 -0.01518705  0.30734787  0.0177616  -0.17238479]
 [-0.10883293  0.05912032 -0.24871093 -0.0699599  -0.0340134 ]]
Matrix Pair 118; W = [[ 0.17366421 -0.07720806  0.04065702 -0.10606768  0.12568495]
 [-0.19886215 -0.28289004 -0.07749036  0.35210212 -0.15578696]
 [-0.08724606  0.04775604 -0.03768977  0.05331227 -0.01749052]
 [-0.02397779  0.0977074   0.11431104 -0.09449513 -0.10002708]
 [-0.13546346 -0.06673753 -0.1567096  -0.12059723  0.04475848]]
U = [[ 0.16694405  0.15300551  0.29977603  0.3126874  -0.03247431]
 [-0.27116514 -0.13105991  0.13121103  0.13283259  0.23792432]
 [ 0.05210117 -0.15454541 -0.17291463 -0.14889893  0.18216502]
 [ 0.33902859  0.02398426  0.27583116 -0.04699844 -0.18597149]
 [-0.08056011  0.07944979 -0.20093861 -0.08162868 -0.05688401]]
Matrix Pair 119; W = [[ 0.15336181  0.00904453  0.12109073 -0.14024154  0.10436372]
 [-0.17310728 -0.30945432 -0.02718872  0.27301515 -0.16001022]
 [-0.14872116  0.02512966 -0.0655101   0.09545542  0.00100505]
 [ 0.06143673  0.0927851   0.10607304 -0.05486826 -0.02634259]
 [-0.13678633 -0.12595016 -0.22260707 -0.07248165  0.03237388]]
U = [[ 0.15105096  0.11725609  0.25288158  0.34109023 -0.03944125]
 [-0.32369021 -0.09512493  0.06425101  0.04919143  0.22625357]
 [ 0.07299902 -0.14584497 -0.20486215 -0.1121947   0.12095542]
 [ 0.30250255 -0.06366135  0.23163238 -0.03970432 -0.1042136 ]
 [-0.07521704 -0.00550147 -0.26006713 -0.10889319  0.02154121]]
Matrix Pair 120; W = [[ 1.68151087e-01 -4.91099955e-03  3.72525442e-02 -1.57218471e-01
   1.06923851e-01]
 [-1.73858007e-01 -2.72814059e-01 -7.08476320e-02  3.02674734e-01
  -9.55000136e-02]
 [-8.21182051e-02  4.28924567e-02 -2.43473059e-02  6.49436303e-02
  -1.19685874e-02]
 [-3.05259821e-02  5.67405134e-02  9.96451533e-02 -1.11071967e-01
  -2.16383081e-02]
 [-8.86343552e-02 -8.92528389e-02 -1.65122281e-01 -1.40029268e-01
  -1.67129700e-04]]
U = [[ 0.16160408  0.121537    0.29194555  0.31316563 -0.04934588]
 [-0.2768823  -0.1202128   0.04593598  0.10401086  0.2429421 ]
 [ 0.12003135 -0.15716818 -0.20922266 -0.14494435  0.19046604]
 [ 0.25491341 -0.07455461  0.22771409 -0.03171101 -0.16425572]
 [-0.14470854 -0.00950449 -0.21422169 -0.04208636  0.00131329]]
Matrix Pair 121; W = [[ 0.25262383 -0.05431793  0.07701535 -0.10743481  0.14409892]
 [-0.13837687 -0.26914317 -0.0762082   0.35611517 -0.14205038]
 [-0.14801516  0.05303611 -0.0420625   0.07426434  0.01081094]
 [ 0.05577272  0.11225668  0.0721066  -0.04702377 -0.0931677 ]
 [-0.09205278 -0.04791071 -0.17677987 -0.06764487  0.04860179]]
U = [[ 0.24352946  0.14576887  0.25777128  0.38268638 -0.02401201]
 [-0.26884801 -0.10860173  0.11379568  0.05291046  0.16816315]
 [ 0.10775332 -0.13773419 -0.2186688  -0.09976047  0.19002435]
 [ 0.29967349 -0.06990186  0.31921434 -0.05655777 -0.13975077]
 [-0.09216823  0.05306615 -0.18101417 -0.07792368 -0.03603881]]
Matrix Pair 122; W = [[ 0.24911766 -0.01490092  0.11461284 -0.15202959  0.16105999]
 [-0.10164055 -0.25739847 -0.04711261  0.33540158 -0.1392865 ]
 [-0.12233445  0.05567853 -0.08608849  0.00668957  0.00169149]
 [ 0.02845024  0.12813246  0.12257761 -0.07965978 -0.08009388]
 [-0.11506787 -0.08028906 -0.21849042 -0.08586178  0.06795409]]
U = [[ 0.1793312   0.11358879  0.23122386  0.37892664 -0.06202952]
 [-0.31816634 -0.04658267  0.11448145  0.10132581  0.20167587]
 [ 0.05159349 -0.13661505 -0.18475336 -0.13018973  0.12175991]
 [ 0.2733891  -0.05654038  0.27409244 -0.01963033 -0.16294676]
 [-0.08785469  0.00421827 -0.21431632 -0.07874373  0.00229896]]
Matrix Pair 123; W = [[ 0.24330085 -0.0095804   0.13690785 -0.11268332  0.10449847]
 [-0.10035994 -0.32726656 -0.10727731  0.26003726 -0.15304523]
 [-0.10208402  0.00315908 -0.02607757  0.070941   -0.01723375]
 [ 0.02413506  0.13598513  0.13293654 -0.06196757 -0.02234345]
 [-0.16160425 -0.13339885 -0.24946972 -0.08408397  0.03163128]]
U = [[ 0.17969274  0.09575125  0.30512125  0.28536578 -0.05317515]
 [-0.32603194 -0.0672499   0.09688853  0.06061829  0.23296704]
 [ 0.05768993 -0.16128115 -0.22371211 -0.09585747  0.16250996]
 [ 0.30102364 -0.06036377  0.32706285 -0.02459398 -0.16892493]
 [-0.07724473  0.02102519 -0.2353495  -0.02942426 -0.06432767]]
Matrix Pair 124; W = [[ 0.23710184 -0.06847476  0.08461316 -0.16059863  0.0806454 ]
 [-0.10087867 -0.30693367 -0.09642007  0.35416803 -0.16018646]
 [-0.05818007  0.04071833 -0.08769476  0.06613421  0.03624338]
 [ 0.00269271  0.13531106  0.08841841 -0.05151391 -0.01380909]
 [-0.11947279 -0.13094228 -0.16882807 -0.10147277  0.06989916]]
U = [[ 0.15486589  0.12110567  0.28007906  0.28607476  0.00184025]
 [-0.29163603 -0.11594735  0.14085137  0.09357567  0.24118805]
 [ 0.06032087 -0.07404798 -0.17089388 -0.17603874  0.14634828]
 [ 0.24707443  0.00501915  0.23607808  0.00419649 -0.1422612 ]
 [-0.13580437  0.00126975 -0.18335288 -0.08637896 -0.07517522]]
Matrix Pair 125; W = [[ 0.1760265  -0.01610569  0.08697107 -0.14859121  0.12356798]
 [-0.17685118 -0.23125549 -0.10988333  0.35115568 -0.1836921 ]
 [-0.12602892  0.03156116 -0.03198463  0.05916465  0.04797936]
 [ 0.04987233  0.14520439  0.07516556 -0.05906441 -0.10064876]
 [-0.08869104 -0.13564866 -0.15933034 -0.09206232 -0.00743684]]
U = [[ 0.22337448  0.16170265  0.23169426  0.37749165 -0.06942584]
 [-0.31361495 -0.04653761  0.0474673   0.09315224  0.17569886]
 [ 0.10171572 -0.0972724  -0.18195425 -0.1595658   0.20459656]
 [ 0.29413792 -0.05470252  0.28246513 -0.02155751 -0.13501521]
 [-0.12458395 -0.00057726 -0.23707948 -0.03100015 -0.01128264]]
Matrix Pair 126; W = [[ 0.22697489 -0.05832384  0.06520297 -0.12714662  0.14423881]
 [-0.18091093 -0.30094831 -0.05333337  0.27988137 -0.16596829]
 [-0.12328168  0.01690411 -0.08716479  0.0395611   0.00676987]
 [ 0.01518353  0.06177177  0.08174891 -0.07483    -0.0509226 ]
 [-0.11655404 -0.10400796 -0.21395588 -0.16061218 -0.02358939]]
U = [[ 0.19493496  0.09017085  0.28260184  0.3101043  -0.06680454]
 [-0.31781151 -0.11322037  0.12240764  0.10668608  0.20456415]
 [ 0.11543797 -0.16250222 -0.24856682 -0.15652721  0.18460961]
 [ 0.25518944 -0.0068956   0.27890723 -0.05972347 -0.18284612]
 [-0.11651245  0.00906808 -0.25494562 -0.04352646 -0.06006523]]
Matrix Pair 127; W = [[ 0.19294811 -0.06572203  0.11297854 -0.15021844  0.1398419 ]
 [-0.12212606 -0.25664512 -0.05305371  0.26381175 -0.13742921]
 [-0.14966667  0.00349005 -0.09072056  0.04311159 -0.00046174]
 [-0.02473974  0.1128664   0.05721066 -0.05569464 -0.03269706]
 [-0.12785236 -0.13440896 -0.22430964 -0.08839691  0.02042393]]
U = [[ 0.19935982  0.08848872  0.2317353   0.35348764 -0.07823568]
 [-0.35103036 -0.08140502  0.06408877  0.10615896  0.22787773]
 [ 0.12002769 -0.15562851 -0.19772675 -0.17193935  0.19830043]
 [ 0.3136686  -0.02167805  0.23740658 -0.00445312 -0.17095868]
 [-0.14500892  0.05694549 -0.25819877 -0.09945276 -0.06532229]]
