Epoch: 49Matrix Pair 0; W = [[ 0.16848019  0.05979039  0.1264458  -0.04460376 -0.0485997 ]
 [-0.16123583 -0.4310438  -0.03064576  0.22300233 -0.09077589]
 [-0.06375377  0.01303105 -0.17940049  0.0384178  -0.0745537 ]
 [ 0.03313838  0.10051013  0.04434153 -0.055798   -0.09845124]
 [-0.19865677 -0.05519352 -0.22252957 -0.08855695  0.00971434]]
U = [[ 0.13159701  0.20888477  0.32911969  0.34226972  0.00876535]
 [-0.28628515 -0.10269251 -0.05531381  0.08613387  0.25195128]
 [ 0.06204245 -0.08118537 -0.13043789 -0.0561147   0.14980214]
 [ 0.16674044 -0.05035812  0.15410048 -0.12479749 -0.05423989]
 [-0.07538221 -0.015136   -0.2768204   0.04800751 -0.08936824]]
Matrix Pair 1; W = [[ 0.21194917 -0.024318    0.114428   -0.11815548 -0.01860771]
 [-0.18781243 -0.3479964  -0.06211851  0.28022618 -0.12288277]
 [-0.12184958 -0.02297033 -0.13528513  0.0729668  -0.14391463]
 [ 0.05322377  0.04510728  0.01252169 -0.0951702  -0.05241194]
 [-0.14717985 -0.14907964 -0.21228341 -0.11007618  0.00938904]]
U = [[ 0.17335332  0.14985607  0.3783952   0.31886034  0.02575169]
 [-0.28988301 -0.1180157   0.00759359  0.04632127  0.23839143]
 [ 0.02544828 -0.03618538 -0.18417625 -0.04063566  0.12506971]
 [ 0.11995087 -0.11055305  0.16503118 -0.1664921  -0.13957311]
 [-0.06175972 -0.00311947 -0.30166753 -0.02972602 -0.02033749]]
Matrix Pair 2; W = [[ 0.15624993 -0.00465462  0.09614275 -0.11737245 -0.04502287]
 [-0.18715343 -0.37994033 -0.0186604   0.23136287 -0.12499136]
 [-0.10006543 -0.01777158 -0.08481897  0.11697265 -0.05452593]
 [ 0.0648365   0.05813894  0.05298551 -0.0931156  -0.12949722]
 [-0.17335574 -0.07064016 -0.25229027 -0.14176267 -0.01946545]]
U = [[ 0.12950337  0.21175408  0.33998661  0.34156933  0.03187405]
 [-0.27684727 -0.09020814 -0.03220944  0.0891293   0.15633884]
 [ 0.02072206 -0.03927588 -0.17831869 -0.12187576  0.19472158]
 [ 0.17429134 -0.09742878  0.22108104 -0.14649526 -0.13441126]
 [-0.11609435 -0.00395934 -0.24083098  0.03424177 -0.05153304]]
Matrix Pair 3; W = [[ 0.17469478 -0.03228295  0.14579637 -0.09766312  0.00611294]
 [-0.1945803  -0.39061993 -0.06902154  0.24343714 -0.09635317]
 [-0.11080694 -0.00093007 -0.1725913   0.09170678 -0.13103668]
 [ 0.0531546   0.13242483  0.07457889 -0.09871083 -0.13698692]
 [-0.11793842 -0.06505629 -0.23396974 -0.06661108  0.00285276]]
U = [[ 0.14555897  0.14647492  0.35426162  0.3022063  -0.05254592]
 [-0.35946718 -0.10004172 -0.03918925  0.1105363   0.18775227]
 [ 0.05587883 -0.08212392 -0.16168486 -0.06481416  0.17197222]
 [ 0.19084849 -0.10732362  0.16984987 -0.11862095 -0.12079495]
 [-0.05416021 -0.04788796 -0.25286264  0.00905974 -0.01784245]]
Matrix Pair 4; W = [[ 0.1796132   0.03157352  0.15599649 -0.11229231 -0.00802627]
 [-0.12548811 -0.3908335  -0.02701209  0.24044408 -0.07317056]
 [-0.07234669 -0.03167223 -0.1151153   0.02794671 -0.0496518 ]
 [-0.00373363  0.05922554  0.0254373  -0.07442903 -0.04541599]
 [-0.11184123 -0.07818697 -0.28789957 -0.14333452  0.02852568]]
U = [[ 0.2010782   0.21480515  0.29893669  0.30052356 -0.01790476]
 [-0.35711658 -0.11923802  0.02357504  0.04362673  0.21485364]
 [ 0.03113279 -0.0951304  -0.16985093 -0.08426393  0.17901107]
 [ 0.18070441 -0.10477     0.19451159 -0.10588246 -0.05423152]
 [-0.11803957  0.01239164 -0.27645821  0.04103244 -0.01560559]]
Matrix Pair 5; W = [[ 0.19893298 -0.01291734  0.12996657 -0.10887233 -0.05996282]
 [-0.11252678 -0.34909289 -0.01308598  0.21264315 -0.08187413]
 [-0.09550439 -0.01670266 -0.15338299  0.03439101 -0.14183918]
 [ 0.05394423  0.05488431  0.00929397 -0.11056651 -0.08708939]
 [-0.13549678 -0.11459304 -0.28857353 -0.0877078  -0.05178282]]
U = [[ 0.12318093  0.15787413  0.38514932  0.35707936 -0.05883326]
 [-0.29159891 -0.04695847  0.00239167  0.05587853  0.17392096]
 [ 0.09768055 -0.05970445 -0.15011921 -0.130706    0.15657833]
 [ 0.21003859 -0.12121769  0.19402344 -0.10872567 -0.13590771]
 [-0.09963992  0.00903495 -0.27492578  0.03996796 -0.00538817]]
Matrix Pair 6; W = [[ 0.21875672  0.003705    0.09676673 -0.12318365 -0.06085875]
 [-0.11269185 -0.36508635 -0.07587871  0.28158551 -0.13755572]
 [-0.09575384 -0.00075024 -0.10452747  0.07711032 -0.07229003]
 [ 0.06227539  0.10449863  0.0101054  -0.09586687 -0.11826919]
 [-0.12243091 -0.06536064 -0.28419797 -0.11969221 -0.03325909]]
U = [[ 0.12348025  0.14728469  0.34142276  0.2910173  -0.02798111]
 [-0.29321219 -0.0803372  -0.06534337  0.06840425  0.20377844]
 [ 0.05396532 -0.03996302 -0.15124127 -0.08778446  0.17252787]
 [ 0.16890745 -0.03142568  0.18943218 -0.10937865 -0.14069564]
 [-0.04713613 -0.06857729 -0.22355339  0.02603264 -0.09962601]]
Matrix Pair 7; W = [[ 0.18090107 -0.00637227  0.15685424 -0.1055169  -0.03870253]
 [-0.20303342 -0.37815567 -0.07374274  0.20149325 -0.11668839]
 [-0.05601324  0.03483944 -0.17392757  0.1023217  -0.10998046]
 [ 0.05457255  0.12419474  0.03530859 -0.05629008 -0.11981487]
 [-0.17916614 -0.0686043  -0.29332845 -0.05848867  0.02146381]]
U = [[ 0.18080738  0.17572152  0.38718146  0.35751531  0.02708268]
 [-0.35847405 -0.11982075  0.02882741  0.09782578  0.20859113]
 [ 0.04371047 -0.12706062 -0.15118145 -0.05121904  0.1870691 ]
 [ 0.14109838 -0.04153869  0.23143666 -0.10658043 -0.103418  ]
 [-0.12383282 -0.03918661 -0.24679326  0.00133318 -0.01291425]]
Matrix Pair 8; W = [[ 0.1381583   0.03443367  0.17092639 -0.07395077 -0.03873549]
 [-0.18418193 -0.4299969   0.0051847   0.19816724 -0.05720749]
 [-0.03349907 -0.01693303 -0.16435982  0.05686231 -0.08308373]
 [-0.00576526  0.03411963  0.01601418 -0.10319644 -0.07082422]
 [-0.15253498 -0.10803899 -0.22979911 -0.10179637 -0.0086043 ]]
U = [[ 0.19995331  0.20363383  0.3390747   0.35910958 -0.02954613]
 [-0.34795886 -0.09169195 -0.05534955  0.04351181  0.2535291 ]
 [ 0.02867381 -0.12062379 -0.1712293  -0.05035207  0.14113523]
 [ 0.19641734 -0.08361219  0.14542501 -0.12383523 -0.06586906]
 [-0.05084245 -0.01366437 -0.22294598  0.03856845 -0.04972009]]
Matrix Pair 9; W = [[ 0.20635823  0.0082234   0.12864325 -0.09927491 -0.0252538 ]
 [-0.19455465 -0.41092829 -0.03195721  0.2323916  -0.10298631]
 [-0.06479688 -0.04054265 -0.12679627  0.04259836 -0.0812972 ]
 [-0.01655324  0.1011942   0.09367432 -0.07273009 -0.06080827]
 [-0.13400208 -0.07701569 -0.22056596 -0.14800163 -0.02015725]]
U = [[ 0.10243809  0.12979057  0.29290156  0.29809889 -0.02044763]
 [-0.26616802 -0.02639687 -0.02171507  0.11029155  0.20702867]
 [ 0.06171887 -0.04562477 -0.16987711 -0.07929157  0.1933577 ]
 [ 0.11980464 -0.09574941  0.2365255  -0.09996922 -0.08971344]
 [-0.10830944 -0.02705315 -0.29079651 -0.02306396 -0.05510573]]
Matrix Pair 10; W = [[ 0.19667289  0.04723179  0.09919178 -0.11788498 -0.05291882]
 [-0.1845787  -0.38541546 -0.02421169  0.27898982 -0.04430055]
 [-0.09469687 -0.03463453 -0.14673718  0.08368739 -0.06153393]
 [-0.00983727  0.04422607  0.02936218 -0.03298557 -0.11930688]
 [-0.12385919 -0.05998441 -0.27497631 -0.11290069  0.04579576]]
U = [[ 0.12532562  0.2008339   0.38076184  0.33339041 -0.03244213]
 [-0.34613416 -0.09487364 -0.04724777  0.10131519  0.25058292]
 [ 0.08941509 -0.05723972 -0.18086712 -0.09157088  0.19049594]
 [ 0.13225284 -0.05125467  0.1675443  -0.08628773 -0.14204985]
 [-0.13106257 -0.07947421 -0.26512039 -0.01732855 -0.08726017]]
Matrix Pair 11; W = [[ 1.98030317e-01  2.70439833e-02  1.61192301e-01 -5.91362680e-02
  -4.12805273e-03]
 [-1.30624953e-01 -4.32534376e-01 -4.24576249e-04  2.42060884e-01
  -7.66973693e-02]
 [-1.02508852e-01 -4.03533703e-02 -1.47638005e-01  7.02697400e-02
  -5.98475136e-02]
 [ 6.58134126e-02  1.30613270e-01  6.48658586e-02 -3.96325426e-02
  -1.25122850e-01]
 [-1.75384041e-01 -1.43532961e-01 -2.40626684e-01 -1.51146483e-01
  -3.48008891e-02]]
U = [[ 0.18850131  0.21496421  0.31813909  0.31323538 -0.04560389]
 [-0.28362633 -0.08196875  0.01778977  0.0432894   0.17737984]
 [ 0.11298054 -0.05191022 -0.22330934 -0.08101097  0.17139853]
 [ 0.1266401  -0.08752346  0.1490448  -0.0889263  -0.1177804 ]
 [-0.04227164  0.01283457 -0.3006917  -0.02397563 -0.07368892]]
Matrix Pair 12; W = [[ 0.1723892   0.00793211  0.1097739  -0.03179418 -0.02659535]
 [-0.15621518 -0.42543929 -0.01907835  0.22511567 -0.09897069]
 [-0.07124406 -0.03844349 -0.14828804  0.11359015 -0.08455516]
 [ 0.06278426  0.0842225   0.07310235 -0.04449262 -0.05949383]
 [-0.12303539 -0.09427664 -0.26974332 -0.07569479  0.01894076]]
U = [[ 0.10897723  0.17451522  0.38175432  0.3318618  -0.03086559]
 [-0.35498625 -0.06840976 -0.04553016  0.09864232  0.16293567]
 [ 0.02971712 -0.06849318 -0.19061287 -0.07349362  0.1959158 ]
 [ 0.15509738 -0.10308917  0.16161092 -0.17081821 -0.09702473]
 [-0.12470064  0.00168084 -0.22336416  0.03504517 -0.08796389]]
Matrix Pair 13; W = [[ 0.17475777  0.04359138  0.08718057 -0.09909968 -0.00968683]
 [-0.12442353 -0.41790582 -0.07151915  0.27805049 -0.12084689]
 [-0.07066252 -0.00892798 -0.17010645  0.06134106 -0.13592958]
 [ 0.01308314  0.09949411  0.04836314 -0.12036171 -0.04062259]
 [-0.14448726 -0.07631456 -0.30415793 -0.14222538 -0.02030708]]
U = [[ 0.14697389  0.16070958  0.2972979   0.33839191  0.00667659]
 [-0.34928847 -0.03861452 -0.03591239  0.04363693  0.23787138]
 [ 0.10367484 -0.05008575 -0.22442051 -0.07820754  0.17195822]
 [ 0.17958644 -0.11055703  0.16785646 -0.12234985 -0.08921036]
 [-0.10360652 -0.05072916 -0.22264522  0.00529075 -0.05732297]]
Matrix Pair 14; W = [[ 0.1779316   0.03664208  0.08461284 -0.07446443 -0.05772992]
 [-0.1566729  -0.35832549 -0.08680841  0.22650803 -0.1038694 ]
 [-0.12195215  0.00186463 -0.08219644  0.0264143  -0.08348899]
 [ 0.05947899  0.04093987  0.09460191 -0.06225238 -0.09764478]
 [-0.13077011 -0.07617032 -0.28178314 -0.07480772  0.03889711]]
U = [[ 0.11412659  0.19012683  0.33614648  0.2814133  -0.05254992]
 [-0.31405265 -0.09456852 -0.05835098  0.13259747  0.17285753]
 [ 0.02846133 -0.07725268 -0.20350095 -0.13438313  0.15275339]
 [ 0.11240237 -0.10699881  0.20342329 -0.14220336 -0.07996051]
 [-0.07810747 -0.07996451 -0.28588505 -0.03456858 -0.0910656 ]]
Matrix Pair 15; W = [[ 1.48847713e-01 -2.94461960e-02  1.69534716e-01 -5.41236337e-02
  -2.20795221e-02]
 [-1.58742619e-01 -4.25837597e-01 -5.63611189e-02  2.85772403e-01
  -1.37801582e-01]
 [-4.32803416e-02 -3.94712845e-02 -1.15358382e-01  7.79452463e-02
  -5.89903504e-02]
 [-3.33461834e-04  6.45132350e-02  7.28711917e-03 -8.20180622e-02
  -1.25659781e-01]
 [-1.37933388e-01 -7.28906280e-02 -2.83503331e-01 -8.88963439e-02
  -3.15611079e-02]]
U = [[ 0.17346836  0.20909886  0.30347087  0.33034539  0.02472893]
 [-0.26865077 -0.07046296  0.00733736  0.0487581   0.22975274]
 [ 0.1169917  -0.10353984 -0.22221194 -0.10191957  0.19962153]
 [ 0.1706562  -0.05421997  0.1620055  -0.13054935 -0.10146769]
 [-0.12742157 -0.01959873 -0.23233652  0.00496641 -0.02902535]]
Matrix Pair 16; W = [[ 0.16435271  0.08728706  0.10348038 -0.08161005 -0.06590697]
 [-0.16622016 -0.35296852  0.02263146  0.29429327 -0.0989391 ]
 [-0.0711048  -0.06120448 -0.11493242  0.01426019 -0.13085026]
 [ 0.02055415  0.11560413  0.08026267 -0.0717505  -0.01790235]
 [-0.1899914  -0.10164504 -0.2642968  -0.13703153 -0.04830216]]
U = [[ 0.15747682  0.17699493  0.36975127  0.37751024 -0.03798707]
 [-0.36790245 -0.09681194  0.06490071  0.04237528  0.19360182]
 [ 0.05345784 -0.1016339  -0.21438626 -0.08393894  0.18528139]
 [ 0.18154986 -0.10568108  0.23965186 -0.11866979 -0.07689662]
 [-0.05574663 -0.03447881 -0.28973908 -0.02186772 -0.05397458]]
Matrix Pair 17; W = [[ 0.2027165  -0.00118365  0.17053433 -0.09429934 -0.00047473]
 [-0.13344982 -0.3583086   0.00276218  0.23977456 -0.15618121]
 [-0.0371324  -0.06268872 -0.09936898  0.0024552  -0.05150242]
 [ 0.04564145  0.07510171  0.13410732  0.01930018 -0.00427009]
 [-0.12529263 -0.16960039 -0.23943273 -0.14481354 -0.01370953]]
U = [[ 0.15174524  0.22075491  0.31705951  0.33600761 -0.05217972]
 [-0.34990462 -0.09323239  0.00785067  0.09299272  0.22432764]
 [ 0.04668825 -0.08722824 -0.16521127 -0.09829292  0.17495259]
 [ 0.13153559 -0.04040773  0.22475052 -0.03125948 -0.01017212]
 [-0.11566137 -0.06442138 -0.20625674 -0.02511314 -0.07371099]]
Matrix Pair 18; W = [[ 0.15627848  0.02146675  0.12954676 -0.0403983  -0.02110682]
 [-0.10401551 -0.33207993 -0.03718565  0.28412514 -0.10474135]
 [-0.09120778 -0.0407481  -0.05404484 -0.02593616 -0.06652785]
 [ 0.04225671  0.13968112  0.06173404  0.02168867 -0.04123313]
 [-0.15695847 -0.10730956 -0.27751307 -0.14101868 -0.06279469]]
U = [[ 0.15964512  0.20000381  0.33883251  0.31078067 -0.06330706]
 [-0.35041158 -0.05235179  0.03084623  0.03886894  0.24613172]
 [ 0.00718744 -0.11864283 -0.22131916 -0.08137861  0.19614879]
 [ 0.18212674 -0.06416518  0.19378086 -0.10158245 -0.09443463]
 [-0.1003569  -0.03187248 -0.29868047  0.04674046 -0.11767031]]
Matrix Pair 19; W = [[ 0.22605836  0.0371071   0.16454456 -0.05235404 -0.07008605]
 [-0.18218854 -0.37862594 -0.04520885  0.29622663 -0.1226049 ]
 [-0.02774477 -0.0727177  -0.04291159 -0.01649304 -0.07117406]
 [ 0.00467394  0.13996501  0.11089073 -0.0604951  -0.01337021]
 [-0.1558946  -0.11632269 -0.23572943 -0.15453154 -0.02121447]]
U = [[ 0.19840204  0.14461441  0.36078495  0.32642005 -0.06958516]
 [-0.30739968 -0.10098153  0.00775938  0.10134273  0.19909041]
 [ 0.05531291 -0.14818405 -0.18887946 -0.0880973   0.15416423]
 [ 0.10031677 -0.06091299  0.1888162  -0.05004267 -0.07508966]
 [-0.12160593 -0.08125035 -0.23735509 -0.03558613 -0.06795871]]
Matrix Pair 20; W = [[ 0.2327032   0.06312789  0.10748784 -0.08778302 -0.07269218]
 [-0.12226586 -0.32761448 -0.04143677  0.21685264 -0.17653644]
 [-0.12551807 -0.05361731 -0.06780386  0.02916841 -0.06974256]
 [ 0.05215481  0.0486513   0.06693827 -0.01760041 -0.01091294]
 [-0.18163869 -0.08768361 -0.23283033 -0.06741811 -0.00991735]]
U = [[ 0.22197079  0.17892721  0.29859809  0.30980304  0.0126006 ]
 [-0.34030882 -0.06448827 -0.0129777   0.02627632  0.20434999]
 [ 0.02898962 -0.15117276 -0.23482959 -0.04917364  0.19448448]
 [ 0.16167629 -0.04361431  0.23460713 -0.06028277 -0.02932128]
 [-0.08479488 -0.07379273 -0.22949418  0.04171276 -0.12136898]]
Matrix Pair 21; W = [[ 2.11144672e-01  7.88866766e-02  1.25128706e-01 -7.22151712e-02
   2.48202384e-04]
 [-1.37241345e-01 -4.02893176e-01 -2.59023758e-02  3.09092962e-01
  -1.22695927e-01]
 [-8.76634656e-02 -8.31790201e-02 -5.87694604e-02 -4.82538903e-02
  -8.15866947e-02]
 [ 6.62729994e-02  6.96535062e-02  5.13845575e-02  9.47302111e-03
  -8.68780596e-02]
 [-1.64661184e-01 -1.25016944e-01 -2.59657020e-01 -7.50676915e-02
  -8.18288097e-02]]
U = [[ 0.15113033  0.17640003  0.3409377   0.34584277 -0.05289957]
 [-0.30456431 -0.08880866  0.05773795  0.07003071  0.27016521]
 [ 0.06434197 -0.10615049 -0.15685303 -0.10240472  0.19553187]
 [ 0.09528284 -0.08751466  0.20607241 -0.07908382 -0.08859299]
 [-0.0845918   0.01317898 -0.26554751 -0.00509842 -0.11814769]]
Matrix Pair 22; W = [[ 0.15877873  0.07785879  0.17035077 -0.08467609 -0.07543477]
 [-0.19510267 -0.35418325 -0.01612331  0.27587682 -0.15210398]
 [-0.10829803 -0.05228513 -0.11848038  0.03625593 -0.05414396]
 [ 0.0776445   0.1139311   0.08001336 -0.03312038 -0.06266798]
 [-0.1938499  -0.08618808 -0.25897681 -0.08700149 -0.03187632]]
U = [[ 0.2356105   0.22326934  0.29866548  0.38188031 -0.00560319]
 [-0.29718017 -0.11737003  0.06071481  0.03173628  0.25322729]
 [ 0.06989716 -0.15072379 -0.20653697 -0.10707237  0.21165001]
 [ 0.11335573 -0.11771655  0.23984396 -0.10874506 -0.10316996]
 [-0.12568659  0.01395529 -0.25893838  0.00450356 -0.06022484]]
Matrix Pair 23; W = [[ 0.24798091  0.02704878  0.13683372 -0.12143041 -0.02097394]
 [-0.17100636 -0.34796766 -0.07343566  0.27565071 -0.13091185]
 [-0.04996191 -0.05598123 -0.12985348 -0.03791946 -0.03762664]
 [ 0.02612181  0.13729708  0.08897024 -0.0605558  -0.0859979 ]
 [-0.13111608 -0.13741722 -0.32137285 -0.08477137 -0.05381523]]
U = [[ 0.19157397  0.16104005  0.35034544  0.37880206 -0.06205173]
 [-0.3701216  -0.10520056  0.02146428  0.10977109  0.22499965]
 [ 0.05526211 -0.15370353 -0.21026831 -0.11781181  0.14734393]
 [ 0.1210576  -0.04723421  0.23603156 -0.09985407 -0.02595584]
 [-0.0746518  -0.04839443 -0.22870672  0.01306919 -0.028113  ]]
Matrix Pair 24; W = [[ 0.19748645  0.01019527  0.12129419 -0.08554845 -0.03549087]
 [-0.16795112 -0.32778821  0.01388502  0.23831246 -0.09990234]
 [-0.05834657 -0.03464581 -0.08381945 -0.03713537 -0.12629764]
 [-0.00786738  0.09008745  0.08549142  0.00346552 -0.09776829]
 [-0.19587311 -0.13265647 -0.30691124 -0.10857102 -0.09380733]]
U = [[ 0.22224689  0.2280063   0.31678997  0.29648293 -0.03051243]
 [-0.31241192 -0.11428707  0.00417316  0.04797112  0.23022665]
 [ 0.07766277 -0.14012081 -0.22516191 -0.08780684  0.17886083]
 [ 0.14872931 -0.07636109  0.22485371 -0.08412855 -0.03605947]
 [-0.0708732  -0.03549481 -0.22821175  0.04211256 -0.06925951]]
Matrix Pair 25; W = [[ 0.19783991  0.08731064  0.14826953 -0.03848099 -0.03800233]
 [-0.17028494 -0.35026904 -0.02030463  0.21016055 -0.13576093]
 [-0.10322897 -0.00808137 -0.03386676  0.00065029 -0.10092445]
 [-0.01362033  0.14050561  0.10095963 -0.0531933  -0.01651163]
 [-0.19520384 -0.10250006 -0.29884016 -0.15927258 -0.01613307]]
U = [[ 0.23276889  0.14979056  0.35355096  0.37390714 -0.02826952]
 [-0.28225221 -0.06785831  0.06862349  0.03340582  0.25093197]
 [ 0.06497164 -0.14465547 -0.17658649 -0.07350622  0.20623776]
 [ 0.17732748 -0.11659972  0.20230881 -0.08544828 -0.04283872]
 [-0.10701774 -0.06710867 -0.24728276 -0.01291374 -0.09394743]]
Matrix Pair 26; W = [[ 0.20087525  0.00196787  0.1313423  -0.0731744  -0.01874972]
 [-0.18085757 -0.37040981 -0.07319165  0.26319322 -0.12281664]
 [-0.05435665 -0.0508068  -0.0838796  -0.05301314 -0.06715692]
 [ 0.08200098  0.12576347  0.11773972 -0.06318202 -0.08687581]
 [-0.16115976 -0.142659   -0.25651945 -0.08202801 -0.05801087]]
U = [[ 0.22410855  0.19820726  0.33472134  0.38140172 -0.03212052]
 [-0.32876686 -0.0951378   0.06818616  0.10742039  0.28679095]
 [ 0.07029462 -0.15943224 -0.23677972 -0.0494887   0.14442984]
 [ 0.09209877 -0.03605641  0.2579217  -0.07002259 -0.09675548]
 [-0.07658889 -0.03305521 -0.23441388  0.00217723 -0.04652758]]
Matrix Pair 27; W = [[ 0.24185161  0.02443585  0.1583875  -0.04548336  0.00300348]
 [-0.16048078 -0.38277904 -0.04253541  0.26842321 -0.14313009]
 [-0.0897424  -0.0435002  -0.06603038  0.02541445 -0.03725346]
 [ 0.00237517  0.07909745  0.03882028  0.02612804 -0.07476445]
 [-0.18591335 -0.16438703 -0.28974777 -0.09037024 -0.01677938]]
U = [[ 0.21206991  0.21918558  0.36107793  0.29910434 -0.04184953]
 [-0.28203643 -0.04240399  0.0676388   0.04529964  0.28266989]
 [ 0.02206351 -0.06139032 -0.18944299 -0.06826714  0.15519508]
 [ 0.1648398  -0.07902477  0.22116399 -0.05759961 -0.01162867]
 [-0.09876624 -0.05271174 -0.20563003  0.02054918 -0.1053293 ]]
Matrix Pair 28; W = [[ 0.22711876 -0.004806    0.16243818 -0.06828711  0.00173379]
 [-0.15779435 -0.33971822  0.01665204  0.23487481 -0.11389417]
 [-0.0314687  -0.08638312 -0.05179739 -0.03699754 -0.04756197]
 [-0.0011475   0.06111409  0.12701632 -0.02421057 -0.06378599]
 [-0.21433816 -0.13490915 -0.28590773 -0.10443754 -0.07869944]]
U = [[ 0.15362126  0.16564985  0.30619193  0.33345482 -0.01803802]
 [-0.30140861 -0.08338948  0.01365511  0.10282071  0.25374306]
 [ 0.0165483  -0.1106276  -0.23821998 -0.10702194  0.14230676]
 [ 0.14405318 -0.10990314  0.17806561 -0.10307683 -0.0467332 ]
 [-0.05604616 -0.05790539 -0.265692    0.03076793 -0.0361499 ]]
Matrix Pair 29; W = [[ 0.17703813 -0.00189796  0.13203008 -0.03315978 -0.07350749]
 [-0.11555538 -0.37153985 -0.04628474  0.23702378 -0.09735811]
 [-0.0441009  -0.01933754 -0.04244835 -0.01999741 -0.05448996]
 [-0.0146513   0.13537175  0.05629936 -0.0649266  -0.02849308]
 [-0.13102754 -0.17663124 -0.26585481 -0.08636108 -0.04327567]]
U = [[ 0.19639654  0.16937695  0.35502979  0.38334448 -0.008128  ]
 [-0.28725244 -0.12186364 -0.01629987  0.09909909  0.19751694]
 [ 0.03808473 -0.10173281 -0.18982943 -0.11143976  0.17573753]
 [ 0.11547592 -0.06119503  0.21012652 -0.0291442  -0.05747245]
 [-0.09045764 -0.03777557 -0.27872718 -0.02141998 -0.03750362]]
Matrix Pair 30; W = [[ 0.2152201   0.00564375  0.14107014 -0.08844462 -0.04092761]
 [-0.10773699 -0.36353061 -0.00996953  0.26333946 -0.15228151]
 [-0.11284791 -0.00233264 -0.04273786  0.0006721  -0.0468618 ]
 [ 0.01656039  0.11870157  0.0833897  -0.0359757  -0.05683662]
 [-0.16160303 -0.16460614 -0.28487393 -0.16114139 -0.06057574]]
U = [[ 0.20382388  0.18333937  0.3706933   0.37835581 -0.07982636]
 [-0.37343179 -0.08402672  0.03440805  0.06015157  0.22829256]
 [ 0.08134711 -0.06465152 -0.23564177 -0.0785131   0.16656471]
 [ 0.1816179  -0.03390366  0.24381464 -0.0952829  -0.02878846]
 [-0.09435363 -0.07598739 -0.28355831  0.037063   -0.10671139]]
Matrix Pair 31; W = [[ 0.21916984  0.01593313  0.12636753 -0.11061994 -0.01298167]
 [-0.16451907 -0.37516247 -0.03146713  0.23266012 -0.11949073]
 [-0.06338738 -0.03677936 -0.09272932 -0.05252254 -0.1304509 ]
 [ 0.07214634  0.07704394  0.07441459 -0.03596384 -0.0454908 ]
 [-0.1673718  -0.17095784 -0.26584871 -0.14492572 -0.0450124 ]]
U = [[ 0.21321224  0.16085034  0.35311123  0.30126938 -0.01819546]
 [-0.36974837 -0.07681391  0.02393679  0.0703291   0.28838906]
 [ 0.07173212 -0.15760967 -0.17316767 -0.08591464  0.14606671]
 [ 0.13938583 -0.06886741  0.20998033 -0.10389408 -0.04078881]
 [-0.07382025 -0.07083413 -0.27428304  0.03149638 -0.06889924]]
Matrix Pair 32; W = [[ 0.19613741  0.06986198  0.14289786 -0.09337453 -0.04951345]
 [-0.09666689 -0.32662698 -0.111005    0.24169442 -0.11063275]
 [-0.11086995  0.04531903 -0.15900602  0.14932621 -0.05739148]
 [ 0.02133286  0.01061988  0.17046057 -0.02389217 -0.14843138]
 [-0.10842463 -0.09299909 -0.27836889 -0.21414292 -0.1262983 ]]
U = [[ 0.18851788  0.16496773  0.38199349  0.32367941 -0.01769775]
 [-0.29073302 -0.09749815  0.09587025  0.16998312  0.19814103]
 [ 0.09074526 -0.0851205  -0.18357236 -0.1186818   0.18018247]
 [ 0.19180566 -0.0087875   0.2084674  -0.12586876 -0.13147457]
 [-0.08699801 -0.02174074 -0.29988973 -0.02625426 -0.04218864]]
Matrix Pair 33; W = [[ 0.14134468  0.09889518  0.14598475 -0.16228187 -0.04762471]
 [-0.08206356 -0.28808463 -0.15957227  0.28500969 -0.08769694]
 [-0.03356125  0.06488459 -0.1248243   0.09995991 -0.03909244]
 [-0.03425366  0.0856437   0.18859034  0.02935859 -0.13404883]
 [-0.15746414 -0.10862479 -0.31937187 -0.1932724  -0.06652077]]
U = [[ 0.24625674  0.13037997  0.37460537  0.37359015 -0.09111859]
 [-0.34106745 -0.08281682  0.05083963  0.1928827   0.28497855]
 [ 0.16557128 -0.0839432  -0.16348474 -0.14276692  0.24329059]
 [ 0.1527043  -0.07293539  0.25685434 -0.12874542 -0.13065614]
 [-0.09231013  0.00143879 -0.23793996 -0.04179863 -0.07218369]]
Matrix Pair 34; W = [[ 0.20700524  0.0353391   0.11233795 -0.15249414 -0.03393362]
 [-0.17384411 -0.31003566 -0.14092441  0.26771938 -0.10732106]
 [-0.04322447 -0.01025051 -0.17722548  0.1032135  -0.06269996]
 [-0.03198072  0.03400804  0.17141338 -0.05609629 -0.11826293]
 [-0.1408462  -0.12322622 -0.28360196 -0.14397591 -0.07455232]]
U = [[ 0.20230639  0.09566915  0.39707638  0.33619388 -0.01619589]
 [-0.34823143 -0.0853672   0.08236599  0.15428598  0.19405199]
 [ 0.17445882 -0.11826688 -0.22735868 -0.16436516  0.18688439]
 [ 0.16077331  0.00245025  0.25535446 -0.06215016 -0.08542849]
 [-0.04091176 -0.03428704 -0.26822066 -0.04966809 -0.04689346]]
Matrix Pair 35; W = [[ 0.15646809  0.05556228  0.13317239 -0.07259402 -0.04671133]
 [-0.08488345 -0.38221569 -0.18101699  0.22631873 -0.14641958]
 [-0.11702782  0.0308164  -0.11259928  0.17394244 -0.00646895]
 [-0.00289074  0.03797328  0.2272947   0.01084816 -0.13349435]
 [-0.12070502 -0.10887033 -0.28541052 -0.1756113  -0.045187  ]]
U = [[ 0.17069815  0.17454872  0.32779421  0.36466926 -0.07806009]
 [-0.3596808  -0.08354099  0.11895233  0.1615515   0.23739177]
 [ 0.10888408 -0.03476584 -0.18909604 -0.11839498  0.1644815 ]
 [ 0.17194388 -0.07925666  0.20782171 -0.04251504 -0.12518612]
 [-0.01220702  0.03131666 -0.30035908 -0.04350806  0.00227466]]
Matrix Pair 36; W = [[ 0.11626049  0.02671664  0.09770232 -0.07100713 -0.04665963]
 [-0.17800813 -0.37415313 -0.17526933  0.22322015 -0.0766312 ]
 [-0.06398832 -0.01389545 -0.19423261  0.165984   -0.01707981]
 [-0.04455423  0.04976579  0.21358791 -0.04815649 -0.13499969]
 [-0.08929326 -0.09603237 -0.30385733 -0.13581573 -0.0492961 ]]
U = [[ 0.23332851  0.13597969  0.39452386  0.34590996 -0.08145919]
 [-0.35434222 -0.10061933  0.02529488  0.18722573  0.25338689]
 [ 0.1540794  -0.04140583 -0.21356517 -0.14067699  0.22130027]
 [ 0.19510303 -0.09049735  0.25100672 -0.06853357 -0.08038721]
 [-0.03733059 -0.04588651 -0.30038327 -0.0693524   0.01195211]]
Matrix Pair 37; W = [[ 0.17462714  0.10381013  0.07653569 -0.10150147 -0.04501788]
 [-0.14290889 -0.30028785 -0.10421265  0.21417433 -0.13491097]
 [-0.11607036  0.04255443 -0.16336312  0.10791552 -0.00159511]
 [-0.02748747  0.04437114  0.22611656  0.02206683 -0.12172694]
 [-0.09188385 -0.09089424 -0.25494511 -0.21991139 -0.11281747]]
U = [[ 0.23477126  0.09393486  0.32402535  0.41049406 -0.05223762]
 [-0.27908893 -0.06929162  0.03654413  0.21374049  0.19944613]
 [ 0.16374252 -0.05875842 -0.18732947 -0.12036599  0.17196617]
 [ 0.22168978 -0.06799693  0.23666591 -0.08828267 -0.11978508]
 [-0.03576641 -0.01812048 -0.29750285 -0.08133081 -0.02889029]]
Matrix Pair 38; W = [[ 0.19880344  0.06097688  0.06945423 -0.1225078  -0.02653706]
 [-0.16373035 -0.31984423 -0.17287258  0.22495161 -0.06875044]
 [-0.08935976  0.04059237 -0.18374091  0.13142268 -0.03836393]
 [-0.01117455  0.01617216  0.16947428 -0.0462576  -0.12576906]
 [-0.11560295 -0.15331673 -0.2927266  -0.15989279 -0.1229009 ]]
U = [[ 0.2000166   0.12711737  0.38934663  0.36669123 -0.04755522]
 [-0.32469143 -0.05044455  0.08005589  0.16153326  0.23590171]
 [ 0.14659015 -0.02335306 -0.21898409 -0.17184985  0.2247704 ]
 [ 0.20212987 -0.05688024  0.28433474 -0.11887235 -0.11822662]
 [-0.0159599  -0.04688503 -0.30206948 -0.06995087 -0.07317353]]
Matrix Pair 39; W = [[ 0.13776002  0.10695345  0.05567384 -0.12699372 -0.09762262]
 [-0.13612255 -0.3316522  -0.19790381  0.20477377 -0.11830649]
 [-0.07409498  0.00422033 -0.15796345  0.14019711 -0.00478301]
 [ 0.03202111  0.09380648  0.21753378 -0.04288367 -0.13462325]
 [-0.11231143 -0.12214699 -0.28599287 -0.18647414 -0.08965203]]
U = [[ 0.23031145  0.10486939  0.30574203  0.34060232 -0.08773684]
 [-0.32122924 -0.04048156  0.02998084  0.18140069  0.21024626]
 [ 0.10246503 -0.02423549 -0.20896532 -0.1508427   0.14578229]
 [ 0.21768125 -0.0724424   0.29681498 -0.11196426 -0.07735628]
 [-0.03854048 -0.03434736 -0.29665899 -0.01464437 -0.00301892]]
Matrix Pair 40; W = [[ 0.20477466  0.11285275  0.12241918 -0.13407572 -0.02978043]
 [-0.12656534 -0.33915737 -0.20237083  0.22947995 -0.10064972]
 [-0.07385706  0.00620457 -0.17140292  0.12444124 -0.05310083]
 [-0.02898028  0.02389539  0.20216532 -0.01321238 -0.07581826]
 [-0.07935913 -0.1111528  -0.24770187 -0.20353156 -0.04658871]]
U = [[ 0.17311508  0.08251823  0.38928117  0.37711704 -0.04493488]
 [-0.30370374 -0.05186359  0.03915058  0.16248636  0.25787517]
 [ 0.17782951 -0.10272802 -0.17555106 -0.10670067  0.21732379]
 [ 0.22834554 -0.00076145  0.27603949 -0.05380982 -0.12193043]
 [-0.02558575 -0.01232923 -0.28546146 -0.02154475 -0.04718162]]
Matrix Pair 41; W = [[ 0.17165856  0.09514431  0.10238708 -0.07734614 -0.10830349]
 [-0.1118432  -0.30818002 -0.19542554  0.22218867 -0.07178689]
 [-0.0484563   0.06947203 -0.13572342  0.10608658 -0.03845955]
 [ 0.03413912  0.07155161  0.18031591  0.0229326  -0.10629114]
 [-0.10493224 -0.09703976 -0.33131366 -0.17278146 -0.06276941]]
U = [[ 0.20909435  0.0789863   0.32352334  0.34753805 -0.10718082]
 [-0.26676585 -0.11003709  0.09026438  0.19344804  0.28720191]
 [ 0.17224014 -0.10741179 -0.19780893 -0.18059871  0.22014436]
 [ 0.17301819 -0.07814888  0.22336782 -0.0538447  -0.13693935]
 [-0.04333881  0.00655627 -0.21804694 -0.0249615   0.01566433]]
Matrix Pair 42; W = [[ 0.11496313  0.02628824  0.12488448 -0.07009589 -0.08469003]
 [-0.17756794 -0.34370837 -0.13784625  0.20874689 -0.12294404]
 [-0.06678486 -0.00356763 -0.13912587  0.10192049 -0.03984455]
 [-0.05313529  0.0933344   0.20982694 -0.01951078 -0.09453719]
 [-0.15787845 -0.11310623 -0.25075023 -0.14931775 -0.09759731]]
U = [[ 0.2228893   0.09201631  0.37828862  0.34047822 -0.03286565]
 [-0.28788085 -0.05559651  0.05851641  0.2043337   0.20494409]
 [ 0.10572845 -0.06326329 -0.23081049 -0.13242244  0.15134294]
 [ 0.20228036 -0.09046634  0.20090504 -0.12117776 -0.131884  ]
 [-0.09370395  0.00999346 -0.28569194 -0.03265655 -0.0328262 ]]
Matrix Pair 43; W = [[ 0.20741591  0.0394564   0.09477527 -0.14852668 -0.09358237]
 [-0.15357665 -0.29924679 -0.16394426  0.23990066 -0.10449304]
 [-0.02938852  0.07779457 -0.20281943  0.10149805 -0.05816851]
 [ 0.01114418  0.0792927   0.21439537 -0.03485399 -0.16527148]
 [-0.112709   -0.09731916 -0.33918412 -0.21983402 -0.11622707]]
U = [[ 0.18976119  0.1725579   0.40150975  0.35160108 -0.07605866]
 [-0.28657711 -0.08631572  0.11679724  0.14097494  0.21672706]
 [ 0.10670236 -0.0816403  -0.24821321 -0.19482206  0.23678993]
 [ 0.23606404 -0.01084137  0.24577393 -0.09125831 -0.06879036]
 [-0.08637107 -0.03079836 -0.28713541 -0.01053951 -0.05135923]]
Matrix Pair 44; W = [[ 0.15912855  0.09642822  0.09853049 -0.09876341 -0.02475631]
 [-0.08686029 -0.31414287 -0.16930332  0.28136232 -0.1124432 ]
 [-0.05223197  0.04597492 -0.15885956  0.0891999  -0.06656445]
 [-0.03226079  0.02987524  0.15380309 -0.04818937 -0.07261333]
 [-0.0723686  -0.07633357 -0.31396098 -0.1889604  -0.08226088]]
U = [[ 0.21655269  0.12932428  0.39575186  0.32440843 -0.0854469 ]
 [-0.35823606 -0.06276452  0.10148715  0.13733762  0.21973153]
 [ 0.16054669 -0.09726136 -0.21415098 -0.12109076  0.20292655]
 [ 0.20562897 -0.05921758  0.22984376 -0.0373027  -0.15640181]
 [-0.0701862  -0.00997874 -0.24876162 -0.05259179  0.01997423]]
Matrix Pair 45; W = [[ 0.1760733   0.08467561  0.14565718 -0.12220054 -0.05681584]
 [-0.12472693 -0.37660538 -0.10690238  0.2420886  -0.09807874]
 [-0.08617059 -0.00094417 -0.12804763  0.13062087 -0.03046829]
 [-0.01426385  0.07888446  0.18586534  0.01503381 -0.072737  ]
 [-0.10778263 -0.06290565 -0.28639751 -0.22364648 -0.07695424]]
U = [[ 0.24403037  0.09645691  0.37762131  0.34907944 -0.03624948]
 [-0.35684324 -0.02782334  0.08375077  0.19499639  0.28457233]
 [ 0.18192152 -0.07633042 -0.17135097 -0.15758654  0.23595109]
 [ 0.21261945 -0.03221206  0.26795641 -0.0735279  -0.12038437]
 [-0.08658979  0.0122831  -0.29310071 -0.08866769 -0.06390806]]
Matrix Pair 46; W = [[ 0.16357709  0.10639604  0.10035047 -0.07711007 -0.10467466]
 [-0.08027997 -0.32734065 -0.14132109  0.2602718  -0.06883528]
 [-0.05079967  0.05788959 -0.14479343  0.09094475 -0.02990302]
 [ 0.00822639  0.03688464  0.16201127 -0.05741709 -0.09937497]
 [-0.09982475 -0.06999635 -0.25845029 -0.17988664 -0.10488171]]
U = [[ 0.23024921  0.13336078  0.38819139  0.38099574 -0.04443222]
 [-0.3175351  -0.07180942  0.08003413  0.21843124  0.21365068]
 [ 0.16446229 -0.03924416 -0.17605735 -0.13883248  0.15756547]
 [ 0.20212374 -0.03979835  0.20797405 -0.05921963 -0.15349075]
 [-0.07047816  0.01664325 -0.22011177 -0.01661196 -0.06410964]]
Matrix Pair 47; W = [[ 0.20364784  0.08011197  0.08023029 -0.1071831  -0.03589924]
 [-0.14907066 -0.35332205 -0.18406001  0.22282002 -0.12537639]
 [-0.103753    0.0672409  -0.18477005  0.10245949 -0.04626025]
 [-0.04919181  0.10520049  0.19248628 -0.01304334 -0.11455024]
 [-0.1204493  -0.14193499 -0.3069312  -0.18518891 -0.05618431]]
U = [[ 0.16889824  0.10883052  0.34893647  0.37617361 -0.04061413]
 [-0.31852274 -0.07032541  0.1185708   0.21566409  0.2008614 ]
 [ 0.13009207 -0.05627795 -0.24281464 -0.11458736  0.24511296]
 [ 0.22946107 -0.07172241  0.24278468 -0.0377322  -0.09341157]
 [-0.08971677  0.0005333  -0.26079595 -0.03579049 -0.04899617]]
Matrix Pair 48; W = [[ 0.24422344  0.05594499  0.06128011 -0.16232835  0.06007532]
 [-0.14967162 -0.32187469  0.02642208  0.31142289 -0.16315695]
 [ 0.00871545  0.00036805 -0.10874604  0.11909825 -0.04281551]
 [-0.03544487  0.03509136  0.13098298 -0.07120838 -0.06750115]
 [-0.09197409 -0.15191974 -0.24054972 -0.21005191 -0.05985822]]
U = [[ 0.13257084  0.08116899  0.21658349  0.32518752  0.02421103]
 [-0.25688596 -0.06458677  0.09276657  0.10289419  0.15821114]
 [ 0.08751001 -0.05485983 -0.17166125 -0.12485521  0.24174595]
 [ 0.24079767 -0.06863897  0.28864468 -0.09261198 -0.04974999]
 [-0.03345614 -0.03554798 -0.217557   -0.03916946 -0.05303493]]
Matrix Pair 49; W = [[ 0.18228294 -0.02312302  0.0547353  -0.15212452  0.02138443]
 [-0.09301364 -0.33249613 -0.00494087  0.2661677  -0.13339735]
 [-0.00285095  0.00380683 -0.06708604  0.03319224 -0.09872046]
 [ 0.00621367  0.08888074  0.11171074 -0.06616179 -0.07921697]
 [-0.07477432 -0.15122873 -0.25538177 -0.18479181 -0.01542186]]
U = [[ 0.16617666  0.0950621   0.23721931  0.26230025 -0.04002943]
 [-0.25144302 -0.01214234  0.0997428   0.18783008  0.20418528]
 [ 0.07232817 -0.13507814 -0.18237751 -0.06446044  0.28871628]
 [ 0.25391796 -0.07936372  0.22590552 -0.13891659 -0.10858702]
 [-0.12166638 -0.05689864 -0.18174477 -0.09760274 -0.10726025]]
Matrix Pair 50; W = [[ 0.23031536  0.03397083  0.11096317 -0.16344379  0.00453538]
 [-0.1185594  -0.28853199  0.02492418  0.33956797 -0.10525272]
 [ 0.00734859 -0.00444977 -0.08350691  0.09519209 -0.09919077]
 [ 0.02582136  0.01725345  0.10895684 -0.03428576 -0.07643736]
 [-0.09100198 -0.0813963  -0.2317468  -0.12958655 -0.01358356]]
U = [[ 0.1714062   0.10104808  0.30982126  0.32685261 -0.03405826]
 [-0.29825361 -0.07657822  0.09618123  0.17034018  0.13172508]
 [ 0.06858734 -0.0519196  -0.16775441 -0.11851559  0.21738274]
 [ 0.23148399 -0.07408126  0.25354348 -0.12990124 -0.09792845]
 [-0.08647262 -0.05485693 -0.17631604 -0.09704914 -0.10618047]]
Matrix Pair 51; W = [[ 0.23749876 -0.01932607  0.06105812 -0.14475942  0.00801931]
 [-0.1461158  -0.31627679 -0.01378505  0.29078248 -0.17049545]
 [-0.07178896  0.00150762 -0.07219865  0.03218929 -0.02712511]
 [-0.03982938  0.05747232  0.16173687 -0.01981133 -0.06616872]
 [-0.04203891 -0.15069476 -0.26529864 -0.18949292 -0.08527165]]
U = [[ 0.11251041  0.072214    0.29305929  0.31001233 -0.0617704 ]
 [-0.24746211 -0.04969008  0.05643005  0.17431077  0.18749127]
 [ 0.08719762 -0.06193488 -0.20637275 -0.09689399  0.20771831]
 [ 0.27101936 -0.11368516  0.23503264 -0.14131403 -0.12586325]
 [-0.10154464 -0.01691764 -0.23283693 -0.06165527 -0.0651495 ]]
Matrix Pair 52; W = [[ 0.20428006  0.06000758  0.13469522 -0.13192506  0.07398348]
 [-0.10128175 -0.34035118  0.00922976  0.27641778 -0.10038281]
 [-0.05648294 -0.07643693 -0.03238308  0.07052431 -0.07013049]
 [-0.03710288  0.05672707  0.12295845  0.00627672 -0.0906429 ]
 [-0.09366404 -0.14222262 -0.242389   -0.16499835 -0.09513829]]
U = [[ 0.19738134  0.08225525  0.25140115  0.34283045  0.01196305]
 [-0.30561845 -0.05350638  0.091217    0.1229758   0.11707235]
 [ 0.05484565 -0.09272241 -0.21171206 -0.04294458  0.22500299]
 [ 0.28499299 -0.09230686  0.26562622 -0.10371218 -0.04733523]
 [-0.10536285 -0.04943666 -0.20315204 -0.12460598 -0.07798394]]
Matrix Pair 53; W = [[ 2.42272121e-01  2.43878534e-02  8.70406449e-02 -1.27208435e-01
   6.39903944e-02]
 [-1.09086601e-01 -3.07220546e-01 -2.45553594e-02  3.34498602e-01
  -1.66389042e-01]
 [-5.78703094e-02 -3.13732254e-02 -1.03640324e-01  2.97212139e-02
  -2.43281248e-02]
 [-4.11448602e-02  8.52579125e-02  1.00485854e-01  2.62136277e-05
  -5.96762278e-02]
 [-5.01931405e-02 -1.37956372e-01 -2.55785019e-01 -1.47666864e-01
  -6.59717630e-02]]
U = [[ 0.12982279  0.14081951  0.28142545  0.32837622 -0.00044007]
 [-0.22791935 -0.07275298  0.05829834  0.1624407   0.11195404]
 [ 0.06722213 -0.1013819  -0.14027407 -0.09194205  0.208915  ]
 [ 0.28034428 -0.11095355  0.25485029 -0.11011297 -0.0461647 ]
 [-0.08706742 -0.0717019  -0.24093741 -0.03344347 -0.03105   ]]
Matrix Pair 54; W = [[ 0.1986268  -0.00645502  0.10273071 -0.13801864  0.02249473]
 [-0.14271521 -0.25948863 -0.01629018  0.28065337 -0.11506684]
 [-0.06318538 -0.00170911 -0.02857689  0.07851964 -0.07429249]
 [ 0.04333034  0.10161345  0.15309077 -0.03963975 -0.07471131]
 [-0.07396751 -0.16932797 -0.27486567 -0.12613774 -0.03629036]]
U = [[ 0.13027939  0.06244612  0.30786746  0.33454266  0.02498667]
 [-0.32559542 -0.01362236  0.06748477  0.16212122  0.19464189]
 [ 0.10215875 -0.08518126 -0.15947553 -0.05463772  0.20209004]
 [ 0.24218036 -0.10636496  0.24348645 -0.10112396 -0.0946168 ]
 [-0.07905859 -0.02048155 -0.17715443 -0.1244555  -0.10574738]]
Matrix Pair 55; W = [[ 0.21134021  0.03102906  0.04925092 -0.18483956  0.03230711]
 [-0.11500377 -0.30870756  0.03030554  0.26250789 -0.12577344]
 [-0.01536095 -0.07760914 -0.09680402  0.10835517 -0.06492938]
 [ 0.03809359  0.09845126  0.08022813 -0.07395899 -0.0438592 ]
 [-0.04031866 -0.13924945 -0.27785763 -0.20103981 -0.07933526]]
U = [[ 0.18229415  0.11875246  0.28954805  0.25159838 -0.05850846]
 [-0.32091372 -0.05085967  0.04441976  0.16509005  0.1801009 ]
 [ 0.08778054 -0.10929973 -0.20659056 -0.10744152  0.21348548]
 [ 0.31510735 -0.07484077  0.29554317 -0.05717798 -0.12591497]
 [-0.10518506 -0.06365946 -0.1978525  -0.04588335 -0.09623128]]
Matrix Pair 56; W = [[ 0.27422959  0.01526071  0.07831542 -0.11298159  0.04597702]
 [-0.10056062 -0.25733303 -0.05760509  0.33023927 -0.13798223]
 [ 0.00469882 -0.00694079 -0.09358785  0.06456745 -0.01510541]
 [-0.02879635  0.09968765  0.1671259  -0.0031281  -0.12523626]
 [-0.05502483 -0.11587692 -0.22730484 -0.13464375 -0.02563868]]
U = [[ 0.18803384  0.10937009  0.23873938  0.27233353  0.00038892]
 [-0.23148609  0.00800109  0.12111226  0.10324309  0.17472674]
 [ 0.10461917 -0.13578046 -0.17850185 -0.05816142  0.20465652]
 [ 0.28913312 -0.11334541  0.23480639 -0.0579764  -0.09729873]
 [-0.10542041 -0.07252163 -0.22755079 -0.09842381 -0.05526471]]
Matrix Pair 57; W = [[ 0.19964943  0.06945833  0.0988628  -0.14277948 -0.0087834 ]
 [-0.10038854 -0.25347102 -0.0207947   0.29148654 -0.10899722]
 [-0.0313601  -0.025381   -0.02866     0.04570344 -0.04773794]
 [ 0.02447474  0.03790595  0.12013774 -0.01998497 -0.12178801]
 [-0.07117673 -0.10862607 -0.24113054 -0.20467521 -0.07636178]]
U = [[ 0.19071091  0.10625395  0.26067817  0.26534837 -0.0652594 ]
 [-0.23243825 -0.04836548  0.11889124  0.14667919  0.11174823]
 [ 0.13791719 -0.05287138 -0.18455971 -0.10892771  0.25937266]
 [ 0.31046745 -0.0879726   0.29352167 -0.13331555 -0.13405671]
 [-0.03729242  0.00808693 -0.20607544 -0.03882635 -0.10316965]]
Matrix Pair 58; W = [[ 0.18528424  0.06876777  0.12621412 -0.13359009  0.03971788]
 [-0.15425676 -0.29033595 -0.0335012   0.29104794 -0.08359911]
 [-0.07692577 -0.0673625  -0.04623018  0.10603983 -0.02257713]
 [ 0.04448408  0.08511054  0.14225139 -0.01554597 -0.05451097]
 [-0.05945208 -0.10974148 -0.25369657 -0.19481135 -0.05294144]]
U = [[ 0.12034207  0.10197063  0.29298844  0.28374799 -0.06363704]
 [-0.2512217  -0.04035103  0.04720516  0.11427944  0.12377272]
 [ 0.13508516 -0.10501066 -0.19556145 -0.09863344  0.23603907]
 [ 0.23577025 -0.09283739  0.26942674 -0.09369703 -0.1340547 ]
 [-0.03910831 -0.08560065 -0.20205732 -0.10336859 -0.05959574]]
Matrix Pair 59; W = [[ 0.19848184 -0.02407683  0.11108083 -0.16994342  0.04322687]
 [-0.14646    -0.29920979  0.01163064  0.2471742  -0.08079982]
 [-0.04631329 -0.04418559 -0.08749415  0.05559564 -0.01340072]
 [-0.0026297   0.09663022  0.07723363 -0.08744678 -0.09407066]
 [-0.04640048 -0.09915385 -0.21575262 -0.17169308 -0.01927732]]
U = [[ 0.19469813  0.11355805  0.21319806  0.25144567 -0.01313037]
 [-0.28009536 -0.07640006  0.13169305  0.14767368  0.1712226 ]
 [ 0.10757079 -0.0607526  -0.18298802 -0.06302242  0.24028369]
 [ 0.26111859 -0.09298441  0.2777425  -0.04761019 -0.07797624]
 [-0.11221354 -0.03881857 -0.1924404  -0.03445585 -0.05692852]]
Matrix Pair 60; W = [[ 0.25038248 -0.00384882  0.11314711 -0.10237739  0.04010957]
 [-0.07000798 -0.29483307  0.02233242  0.29447274 -0.15679753]
 [-0.07253393 -0.05059827 -0.10334203  0.07159565 -0.03420635]
 [ 0.02605433  0.11090191  0.10011844 -0.08643231 -0.04600295]
 [-0.08679089 -0.12249998 -0.26545342 -0.13062458 -0.03920167]]
U = [[ 0.1755218   0.12237415  0.29156467  0.27329923 -0.00765029]
 [-0.27843936 -0.04756508  0.04447287  0.11258732  0.136324  ]
 [ 0.0596728  -0.10751176 -0.20447301 -0.12477052  0.1931005 ]
 [ 0.22700955 -0.07015302  0.27326265 -0.09743033 -0.03501274]
 [-0.0834326  -0.0454489  -0.25913221 -0.08135164 -0.09776043]]
Matrix Pair 61; W = [[ 0.21691078  0.0449955   0.07197528 -0.16191866  0.0261145 ]
 [-0.07192622 -0.32232226  0.00282909  0.27485635 -0.16600276]
 [-0.0060372  -0.03179565 -0.07073594  0.09695035 -0.06195722]
 [-0.00853958  0.09690477  0.13837243 -0.01430614 -0.11695701]
 [-0.1265364  -0.16428974 -0.24925933 -0.14432807 -0.02573424]]
U = [[ 0.13475742  0.1551135   0.21401369  0.32708159  0.01005772]
 [-0.30551911  0.00093772  0.0701611   0.15763772  0.17841341]
 [ 0.08744555 -0.09171049 -0.20904024 -0.09717635  0.265693  ]
 [ 0.25240251 -0.08479947  0.24523924 -0.06098725 -0.08441641]
 [-0.12515641 -0.08107199 -0.1778431  -0.09396728 -0.07342853]]
Matrix Pair 62; W = [[ 0.18003012  0.02475031  0.04986892 -0.15096506  0.06821131]
 [-0.15227194 -0.34146627 -0.0531815   0.25796394 -0.1103873 ]
 [-0.02823032 -0.06365941 -0.02471425  0.11490751 -0.0540742 ]
 [-0.00911249  0.03141282  0.11962172 -0.05162301 -0.03769909]
 [-0.09108284 -0.11709618 -0.22872396 -0.21751875 -0.07491363]]
U = [[ 0.18887579  0.08102385  0.25469938  0.31143885 -0.00249018]
 [-0.24071093 -0.06726658  0.09672277  0.18536472  0.16292353]
 [ 0.0798686  -0.05957933 -0.18287459 -0.0980817   0.21682492]
 [ 0.27297272 -0.03694501  0.23443264 -0.10437678 -0.09968574]
 [-0.10105361 -0.03116339 -0.18400936 -0.08321604 -0.0390177 ]]
Matrix Pair 63; W = [[ 0.25630863 -0.01447551  0.10989294 -0.1594111  -0.00820642]
 [-0.07833898 -0.2778191  -0.01731107  0.28357815 -0.09353397]
 [ 0.01123116 -0.06717709 -0.08412691  0.03483904 -0.07875362]
 [ 0.02599875  0.06534906  0.15894971 -0.0063405  -0.07787428]
 [-0.0711847  -0.11172539 -0.2985191  -0.13048749 -0.01207232]]
U = [[ 0.16871107  0.12109909  0.26881449  0.28469695  0.00937581]
 [-0.2934501   0.00842956  0.09308128  0.11580927  0.18041531]
 [ 0.0696418  -0.11794931 -0.12978432 -0.11729228  0.21864329]
 [ 0.29665725 -0.08369262  0.2957992  -0.05374311 -0.12996895]
 [-0.11689606  0.00207809 -0.16991033 -0.06848189 -0.05791763]]
Matrix Pair 64; W = [[ 0.17376342  0.07713061  0.14157632 -0.07569907 -0.02599029]
 [-0.24711319 -0.39372095 -0.13487886  0.22158533 -0.04500979]
 [ 0.02169545  0.07510123 -0.11579235  0.09466174 -0.12164519]
 [ 0.05931567  0.05014376  0.18332391 -0.10901231 -0.13277541]
 [-0.05388202 -0.17304002 -0.25310764 -0.14637405 -0.02832174]]
U = [[ 0.11492477  0.1490362   0.32941094  0.36768446 -0.08712571]
 [-0.30849948 -0.08943953  0.00599495  0.1013637   0.24398128]
 [ 0.06409419 -0.05095809 -0.21386155 -0.16058513  0.16651576]
 [ 0.15692944  0.03272643  0.27712272 -0.10667572 -0.07384694]
 [-0.17380113 -0.00386943 -0.1702754  -0.14364449 -0.02936305]]
Matrix Pair 65; W = [[ 0.14830113  0.06437026  0.14196139 -0.1133173  -0.0287078 ]
 [-0.21950933 -0.36622904 -0.07141105  0.17302301  0.00217228]
 [-0.01477063 -0.00598347 -0.13584229  0.02233959 -0.05574918]
 [ 0.04337243  0.07183441  0.1805804  -0.1364224  -0.10960153]
 [-0.10197901 -0.1048723  -0.24814379 -0.18626016 -0.01308388]]
U = [[ 0.12118755  0.19319708  0.27191543  0.36760781 -0.0496824 ]
 [-0.34646661 -0.05879949  0.06095819  0.08116202  0.27522057]
 [ 0.03366098 -0.13048229 -0.22266933 -0.12778616  0.17052754]
 [ 0.15758158  0.08907725  0.23714546 -0.09337311 -0.1039557 ]
 [-0.10881795  0.03148014 -0.21688137 -0.14898478 -0.07803715]]
Matrix Pair 66; W = [[ 0.17702195  0.01138304  0.17582051 -0.06618102 -0.01825504]
 [-0.23254887 -0.35415498 -0.07828579  0.15895984 -0.02864749]
 [ 0.02997967  0.01756532 -0.10144296  0.06995984 -0.08083247]
 [-0.00640117  0.06369321  0.21119431 -0.09847189 -0.10162222]
 [-0.11371191 -0.1042894  -0.24493244 -0.17862893 -0.05654782]]
U = [[ 0.1334328   0.17178856  0.35877467  0.31843945 -0.08130241]
 [-0.28526172 -0.0510464   0.05662756  0.15610503  0.24638784]
 [ 0.05094904 -0.10140309 -0.17990556 -0.14099953  0.24462726]
 [ 0.22406588  0.0404145   0.26593665 -0.12129316 -0.08131563]
 [-0.11348171 -0.04914874 -0.23765078 -0.12989489 -0.04862186]]
Matrix Pair 67; W = [[ 0.15793998  0.08174558  0.17080373 -0.06210117 -0.06315805]
 [-0.23673139 -0.33918845 -0.08696471  0.1814185  -0.0585816 ]
 [ 0.03117426  0.0432004  -0.10234066  0.10035413 -0.0490505 ]
 [-0.01220694  0.03053324  0.19334129 -0.08240784 -0.13574701]
 [-0.06940749 -0.08175781 -0.2650685  -0.19014552 -0.02947713]]
U = [[ 0.1480071   0.18875739  0.36994785  0.32447113 -0.01785906]
 [-0.31381093 -0.02578978  0.02691922  0.07924039  0.22850484]
 [ 0.08879783 -0.07905512 -0.19558733 -0.13693489  0.19151133]
 [ 0.20482688  0.01795286  0.26935538 -0.10053788 -0.11684348]
 [-0.15572066  0.02597359 -0.18244745 -0.09738226 -0.05329668]]
Matrix Pair 68; W = [[ 0.13823971  0.07531412  0.12132112 -0.12379841 -0.00248467]
 [-0.24551492 -0.33485826 -0.12938708  0.16046502 -0.01419336]
 [ 0.00205244 -0.00987372 -0.17637764  0.02328625 -0.06365298]
 [-0.01658799  0.03689947  0.18021992 -0.14708516 -0.11305563]
 [-0.05505578 -0.17533803 -0.28728963 -0.20873521 -0.08180908]]
U = [[ 0.16338759  0.18129886  0.36017229  0.36651644 -0.0179046 ]
 [-0.31196276 -0.07576343  0.06534358  0.10806073  0.2304952 ]
 [ 0.04637314 -0.0747669  -0.24329639 -0.10524397  0.1750657 ]
 [ 0.14583543  0.0709094   0.29301708 -0.06801138 -0.13733447]
 [-0.12326113 -0.00521667 -0.20816337 -0.13742479 -0.05731119]]
Matrix Pair 69; W = [[ 1.43437416e-01  5.84737957e-02  1.36883928e-01 -4.50225597e-02
  -2.12054147e-05]
 [-1.54509195e-01 -3.29978124e-01 -1.20815237e-01  1.77715273e-01
   7.48595056e-04]
 [ 4.53161761e-02 -5.41194402e-03 -9.91992379e-02  6.18277337e-02
  -7.97117554e-02]
 [ 2.55696790e-02  7.43957455e-02  2.01160774e-01 -1.36378706e-01
  -9.41454598e-02]
 [-7.73877683e-02 -1.74086630e-01 -3.19100788e-01 -1.99736612e-01
  -9.81467340e-02]]
U = [[ 0.11732842  0.17427164  0.36344119  0.41094062 -0.0427938 ]
 [-0.32967107 -0.11294582  0.0525324   0.11371306  0.27802836]
 [ 0.08858213 -0.07099349 -0.25853125 -0.07306169  0.19818461]
 [ 0.15614714  0.00626347  0.2220264  -0.0525895  -0.12815734]
 [-0.13784232 -0.03733798 -0.1593905  -0.07563478 -0.05094643]]
Matrix Pair 70; W = [[ 0.11660114  0.07511398  0.09661384 -0.11803629 -0.01695433]
 [-0.17852331 -0.30826435 -0.03750291  0.1564649  -0.00673709]
 [-0.0152753  -0.00479638 -0.12591426  0.03900878 -0.07669093]
 [ 0.0330249   0.07770972  0.1355111  -0.13294652 -0.11396663]
 [-0.05656914 -0.15988525 -0.29800524 -0.17601195 -0.0568638 ]]
U = [[ 0.16979718  0.17093373  0.2733442   0.36684916 -0.05197769]
 [-0.28535603 -0.11981289  0.03043683  0.15114174  0.22808629]
 [ 0.0419614  -0.13831263 -0.21698763 -0.12638929  0.2514082 ]
 [ 0.15080048  0.0888442   0.2999187  -0.10652961 -0.09028455]
 [-0.16527896  0.04325245 -0.18576977 -0.10812956 -0.06946082]]
Matrix Pair 71; W = [[ 0.17483458  0.02753938  0.15638802 -0.11815542 -0.0074174 ]
 [-0.17953577 -0.36333413 -0.06039963  0.20306343 -0.04620589]
 [ 0.025319    0.0408764  -0.12065614  0.04488187 -0.12237168]
 [ 0.02480601  0.0985545   0.22196867 -0.14184581 -0.13246627]
 [-0.08348951 -0.08928927 -0.31840919 -0.19766045 -0.01812297]]
U = [[ 0.16111767  0.16504895  0.30316102  0.39608418 -0.07555687]
 [-0.28382621 -0.11990316  0.06989009  0.15843741  0.29956037]
 [ 0.04543861 -0.04557692 -0.17969781 -0.10904843  0.22872255]
 [ 0.17531933 -0.00264127  0.28985399 -0.10359415 -0.14133904]
 [-0.13870411  0.01451029 -0.17907678 -0.13947194 -0.09890935]]
Matrix Pair 72; W = [[ 0.15537289  0.0477613   0.16453783 -0.0480832   0.00687692]
 [-0.16149561 -0.33147321 -0.09987299  0.1888384  -0.01916648]
 [-0.00320756  0.00345764 -0.12688654  0.06530773 -0.10191708]
 [-0.00544838  0.07837101  0.17668186 -0.14132411 -0.118509  ]
 [-0.08841655 -0.14031141 -0.23713592 -0.13086406 -0.04668615]]
U = [[ 0.15888779  0.21905816  0.27460025  0.41535078 -0.04754207]
 [-0.30552685 -0.05440005  0.06210181  0.14487643  0.29208666]
 [ 0.05127323 -0.07694866 -0.25690789 -0.09629767  0.19302458]
 [ 0.21122797  0.01885528  0.23822107 -0.08325652 -0.13604837]
 [-0.12819126  0.02486606 -0.23856624 -0.12749587 -0.10250327]]
Matrix Pair 73; W = [[ 0.12043617 -0.00550557  0.10004565 -0.08737268 -0.06881257]
 [-0.21393251 -0.32166293 -0.05331835  0.24731172 -0.0201938 ]
 [ 0.02735792  0.03033972 -0.1263021   0.06883493 -0.03611031]
 [ 0.04883464  0.03905014  0.21669733 -0.05580925 -0.11971808]
 [-0.13129077 -0.08281935 -0.32400693 -0.14256006 -0.07456742]]
U = [[ 0.10568771  0.21447018  0.33023144  0.37285125 -0.09198121]
 [-0.24774381 -0.08779359  0.00749228  0.15795534  0.25848113]
 [ 0.0388212  -0.11466692 -0.24020083 -0.08101433  0.20093013]
 [ 0.15269448  0.05508973  0.27536323 -0.10287843 -0.10461352]
 [-0.16341158  0.02713918 -0.17686853 -0.14760759 -0.11643755]]
Matrix Pair 74; W = [[ 0.20873321  0.03509832  0.08694207 -0.0323469   0.00325886]
 [-0.21573105 -0.37148366 -0.13007928  0.21120239 -0.03290018]
 [-0.01693348 -0.02023027 -0.17526168  0.09672546 -0.06721348]
 [ 0.00256665  0.06096064  0.15866316 -0.14768296 -0.15952701]
 [-0.14205322 -0.1091256  -0.26077791 -0.20924622 -0.05671315]]
U = [[ 0.1367672   0.20700952  0.29338715  0.33146635 -0.05508178]
 [-0.27305864 -0.08032847 -0.00639301  0.09210458  0.29354846]
 [ 0.09462631 -0.14102204 -0.24237417 -0.08034712  0.19757689]
 [ 0.13621582  0.09027723  0.25894151 -0.06373668 -0.13563543]
 [-0.13782438 -0.02882358 -0.19477381 -0.15231949 -0.08374009]]
Matrix Pair 75; W = [[ 0.20274722  0.08382533  0.12092968 -0.05121269 -0.08257668]
 [-0.16563722 -0.37794707 -0.10475432  0.22214935 -0.00121756]
 [-0.02895807  0.05401077 -0.16523156  0.01747041 -0.05493583]
 [ 0.05438438  0.08556457  0.21987464 -0.11507985 -0.08242618]
 [-0.11712936 -0.11777268 -0.32309253 -0.19736109 -0.07727291]]
U = [[ 0.14131115  0.17315744  0.36358787  0.3284817  -0.06051182]
 [-0.30105741 -0.0313121   0.03585986  0.08989326  0.288319  ]
 [ 0.05704147 -0.11404269 -0.17400893 -0.08505049  0.17227007]
 [ 0.18622021  0.01237546  0.21670181 -0.11521738 -0.07727483]
 [-0.1298707  -0.0275802  -0.15968819 -0.15685236 -0.10523683]]
Matrix Pair 76; W = [[ 0.12495746  0.03440676  0.11024738 -0.05589045 -0.00804321]
 [-0.22882869 -0.33688812 -0.0559392   0.18148136  0.00151001]
 [ 0.04768508  0.06658166 -0.11517362  0.02369444 -0.05718992]
 [-0.00744356  0.01975871  0.20548002 -0.14398485 -0.16764632]
 [-0.12687104 -0.0983183  -0.28113712 -0.21648427 -0.11112519]]
U = [[ 0.16450968  0.21123369  0.28108938  0.40064674 -0.06024132]
 [-0.31516392 -0.04740046 -0.0159976   0.10213912  0.2322691 ]
 [ 0.08802594 -0.06244494 -0.19762799 -0.13275836  0.18070872]
 [ 0.13964663  0.02030793  0.21886573 -0.13878577 -0.10881478]
 [-0.12802789  0.03321851 -0.22239206 -0.14100955 -0.08053933]]
Matrix Pair 77; W = [[ 0.19431401  0.04404465  0.09564375 -0.04801138 -0.0668002 ]
 [-0.18630389 -0.32903945 -0.11250834  0.22632606 -0.02281048]
 [ 0.02977099  0.04060822 -0.18763816  0.08283262 -0.08077925]
 [ 0.06260031  0.07002512  0.14464225 -0.10254324 -0.10298632]
 [-0.07697467 -0.15310269 -0.27963342 -0.134697   -0.07626672]]
U = [[ 0.18444727  0.21328586  0.35643802  0.32868156 -0.09164821]
 [-0.27050303 -0.1081895  -0.01116821  0.0981293   0.30637031]
 [ 0.06141641 -0.12230949 -0.21966058 -0.11689331  0.20084089]
 [ 0.22582963  0.0493265   0.24695471 -0.14042895 -0.09863226]
 [-0.1834851  -0.01438407 -0.20943747 -0.1336538  -0.04317329]]
Matrix Pair 78; W = [[ 0.15543582  0.07789974  0.08339072 -0.08632757 -0.03721899]
 [-0.22241569 -0.39806725 -0.11412941  0.15986441 -0.00989575]
 [-0.03330463  0.03458531 -0.17132657  0.00911634 -0.09967024]
 [-0.01898556  0.03970375  0.16536487 -0.05983553 -0.10172159]
 [-0.100253   -0.13891753 -0.22576528 -0.16937288 -0.01128738]]
U = [[ 0.14988482  0.12526915  0.30896974  0.32186568 -0.07844792]
 [-0.25316903 -0.08838849  0.05640198  0.13915898  0.22397592]
 [ 0.09041362 -0.09903584 -0.24423402 -0.11605568  0.22281287]
 [ 0.16368269  0.03395954  0.24773063 -0.09865113 -0.05154348]
 [-0.10493979  0.04216507 -0.18729634 -0.10789591 -0.07924736]]
Matrix Pair 79; W = [[ 0.16143972  0.08471493  0.11845636 -0.04021623 -0.03094651]
 [-0.16565576 -0.3761668  -0.0826514   0.23070911 -0.06604738]
 [ 0.02891684  0.00773043 -0.10993069  0.05025349 -0.11332732]
 [-0.00970572  0.072317    0.13224561 -0.07397263 -0.07554409]
 [-0.11099782 -0.10859195 -0.26020125 -0.15298964 -0.03609924]]
U = [[ 1.13282393e-01  1.59154260e-01  3.53565861e-01  4.10495260e-01
  -9.09891215e-02]
 [-3.09217639e-01 -5.23003427e-02 -1.38521217e-04  1.59207633e-01
   2.40444817e-01]
 [ 9.53457573e-02 -9.07015816e-02 -1.64255444e-01 -8.04970475e-02
   1.71203574e-01]
 [ 1.92741091e-01  5.09377801e-02  2.35959059e-01 -5.19781127e-02
  -1.35515286e-01]
 [-1.02931949e-01  4.04668799e-02 -1.96816629e-01 -1.19796041e-01
  -8.50594221e-02]]
Matrix Pair 80; W = [[ 0.14285731  0.00637091  0.11022189 -0.14448513 -0.03407944]
 [-0.17640667 -0.38824172 -0.10671773  0.20298245 -0.07527457]
 [-0.07394048  0.00700651 -0.09356149  0.06556811 -0.06971345]
 [-0.06240177  0.11716388  0.06264891 -0.02211906 -0.09285403]
 [-0.18580923 -0.150768   -0.23482988 -0.13090041 -0.08040374]]
U = [[ 0.16747734  0.17147288  0.25205583  0.30424762 -0.07063995]
 [-0.27948866 -0.0966836   0.00943372  0.11346558  0.24989461]
 [ 0.10155785 -0.1068909  -0.11410814 -0.11920173  0.1739278 ]
 [ 0.19445731 -0.00465289  0.26529557 -0.11363154 -0.17500111]
 [-0.09148827  0.0121327  -0.20145066 -0.01778589  0.0112414 ]]
Matrix Pair 81; W = [[ 0.13851532 -0.00290642  0.12000567 -0.17771796 -0.03080998]
 [-0.19094853 -0.32516425 -0.14492296  0.19572125 -0.129757  ]
 [-0.06321274 -0.04973808 -0.06535592 -0.00446748 -0.04223713]
 [ 0.01657258  0.06772518  0.06372672 -0.05644492 -0.04978985]
 [-0.21420363 -0.16082876 -0.27562163 -0.10232251 -0.01376024]]
U = [[ 0.17991035  0.17884298  0.31649014  0.3474735  -0.12136612]
 [-0.29350011 -0.07548356  0.01715685  0.13546923  0.25369604]
 [ 0.07716068 -0.1051261  -0.12574178 -0.1649075   0.15346112]
 [ 0.20168908 -0.03913639  0.27781526 -0.14489349 -0.15850732]
 [-0.06022904 -0.08042921 -0.23932895 -0.03568761 -0.05509834]]
Matrix Pair 82; W = [[ 0.15693862 -0.00290454  0.10736838 -0.10352388 -0.04485162]
 [-0.19121921 -0.38561044 -0.07817921  0.26258747 -0.08652331]
 [ 0.00146266  0.03960711 -0.05428553  0.02273299 -0.05844178]
 [-0.00217981  0.14565719  0.05692764 -0.06961695 -0.08768856]
 [-0.18034348 -0.11044552 -0.28135465 -0.14585227 -0.01857135]]
U = [[ 0.16513428  0.19781853  0.31620275  0.32392287 -0.12026268]
 [-0.29727041 -0.05153212  0.05816203  0.13241329  0.25323323]
 [ 0.04521015 -0.08701279 -0.15865889 -0.13214452  0.16533549]
 [ 0.22636065 -0.0753327   0.25169072 -0.14218246 -0.12727064]
 [-0.13674712 -0.05107451 -0.16680394 -0.05118165 -0.02161889]]
Matrix Pair 83; W = [[ 0.15920258  0.07380785  0.17128843 -0.14754207 -0.06165734]
 [-0.16144789 -0.34286378 -0.12430204  0.20068114 -0.07284649]
 [-0.08006606  0.00555219 -0.0923823   0.02366115 -0.10293736]
 [-0.03617807  0.08442366  0.06305463 -0.07630205 -0.0424892 ]
 [-0.2079459  -0.15748324 -0.25412667 -0.16209325 -0.00620957]]
U = [[ 1.79493394e-01  1.97753660e-01  3.19614990e-01  3.76625018e-01
  -1.03935431e-01]
 [-2.97690131e-01 -9.51565934e-03  8.83247324e-03  8.04236277e-02
   1.97486415e-01]
 [ 1.03847904e-01 -1.12047876e-01 -1.28906202e-01 -1.29370127e-01
   2.14459203e-01]
 [ 2.26430317e-01 -3.33987424e-04  2.17435362e-01 -9.42884754e-02
  -1.25280389e-01]
 [-4.84609535e-02 -3.89354700e-02 -1.56621734e-01 -2.50251444e-02
  -7.16642155e-02]]
Matrix Pair 84; W = [[ 0.17233068  0.06932124  0.11044807 -0.18389076 -0.06960175]
 [-0.11642816 -0.33811877 -0.07464033  0.17444489 -0.11761777]
 [-0.07582111 -0.03584256 -0.10840793 -0.00329323 -0.02678115]
 [ 0.00051588  0.13890334  0.13458979 -0.00752782 -0.04670199]
 [-0.14726105 -0.15109399 -0.24231063 -0.15317498 -0.03314846]]
U = [[ 0.14050766  0.21668583  0.26244005  0.30977299 -0.05469629]
 [-0.29754592 -0.04152743  0.07660179  0.08984697  0.25534965]
 [ 0.04822892 -0.14322201 -0.1092138  -0.15940692  0.17611309]
 [ 0.25589834 -0.0043859   0.25592701 -0.12844751 -0.13405806]
 [-0.13380011 -0.03263882 -0.16383476  0.00421802  0.01964202]]
Matrix Pair 85; W = [[ 0.17804154  0.01242038  0.11397823 -0.10751625 -0.0545124 ]
 [-0.10836924 -0.34162911 -0.146891    0.26078364 -0.12270066]
 [-0.08110467  0.01686744 -0.05466739  0.05579501 -0.08035595]
 [-0.03734194  0.16146994  0.13542747 -0.00541459 -0.03518652]
 [-0.19202398 -0.15403524 -0.29345033 -0.17865624 -0.05578714]]
U = [[ 0.15489984  0.15099993  0.26659118  0.33152091 -0.09375126]
 [-0.31557659 -0.09798287  0.08440966  0.09450271  0.21308933]
 [ 0.03561708 -0.11376941 -0.1349061  -0.1365851   0.15293602]
 [ 0.18360332 -0.04158071  0.25308942 -0.13000009 -0.15686355]
 [-0.13202664 -0.00617883 -0.1885643   0.00305687 -0.05643593]]
Matrix Pair 86; W = [[ 0.1245425   0.0693156   0.10984116 -0.12043814 -0.03655493]
 [-0.10588249 -0.33016157 -0.10456684  0.25120536 -0.10658377]
 [-0.07418203 -0.04400007 -0.07451071  0.02665528 -0.08155886]
 [-0.02670751  0.07795957  0.06811652 -0.040387   -0.0989349 ]
 [-0.2205037  -0.1890455  -0.29288985 -0.10040447 -0.02449242]]
U = [[ 0.21687987  0.14919364  0.30727288  0.3806053  -0.0548932 ]
 [-0.28552789 -0.07843899  0.06412652  0.1171028   0.25788778]
 [ 0.09453719 -0.06846864 -0.12331946 -0.12472581  0.21029706]
 [ 0.21237512  0.00173165  0.26456875 -0.14538035 -0.16179013]
 [-0.10900373 -0.01551967 -0.21324247 -0.02871483 -0.05682171]]
Matrix Pair 87; W = [[ 0.16835897  0.04203242  0.18297133 -0.1700149  -0.00328068]
 [-0.13690598 -0.32345518 -0.05853736  0.26283927 -0.13460568]
 [-0.07443948  0.00040684 -0.06449643 -0.00690436 -0.06246688]
 [ 0.01027447  0.16267384  0.08621546 -0.06232799 -0.09142334]
 [-0.23045615 -0.11487442 -0.24317234 -0.12813603 -0.06586147]]
U = [[ 0.16813421  0.23619849  0.32223939  0.34274692 -0.06549848]
 [-0.34120379 -0.03943362  0.08841358  0.09127561  0.25092299]
 [ 0.0360124  -0.07031713 -0.10320324 -0.14522924  0.22288244]
 [ 0.26857187 -0.00485371  0.27244375 -0.09739552 -0.09712544]
 [-0.13266205 -0.06307374 -0.1552678  -0.01740198  0.02296351]]
Matrix Pair 88; W = [[ 0.14042097  0.05095504  0.19138417 -0.10240472  0.02455931]
 [-0.11632241 -0.37572952 -0.11983784  0.1848367  -0.16777091]
 [-0.08330215  0.00448471 -0.09757601  0.00560784 -0.03644771]
 [-0.0346875   0.16457221  0.09632576 -0.04726006 -0.0465532 ]
 [-0.23717346 -0.11017601 -0.26132774 -0.10473154 -0.02337656]]
U = [[ 0.19212559  0.22926494  0.338063    0.35530673 -0.07885194]
 [-0.30636516 -0.05678196  0.05162209  0.14247722  0.24522598]
 [ 0.03900586 -0.07682773 -0.09395895 -0.08393383  0.2060634 ]
 [ 0.27504037 -0.01660915  0.25348613 -0.12680196 -0.10065303]
 [-0.06195347 -0.0368762  -0.16268108 -0.07538253 -0.00214396]]
Matrix Pair 89; W = [[ 0.16780071  0.01558741  0.14799318 -0.14318422 -0.01948379]
 [-0.13801092 -0.36849009 -0.11957947  0.20771031 -0.11055425]
 [-0.02226337 -0.00677721 -0.13894809  0.05324116 -0.06966082]
 [ 0.0141773   0.16299665  0.10184444 -0.07291821 -0.06892862]
 [-0.19970026 -0.12153052 -0.30479605 -0.1647898  -0.07798922]]
U = [[ 2.13955711e-01  2.26102876e-01  3.17444315e-01  3.20598817e-01
  -4.66154911e-02]
 [-2.54937892e-01 -3.67499636e-02  1.37825631e-02  9.40229106e-02
   2.00265876e-01]
 [ 3.75440856e-02 -1.04313345e-01 -1.77729983e-01 -7.79036909e-02
   1.65928598e-01]
 [ 2.80191303e-01 -7.62856639e-03  2.97429023e-01 -1.14702940e-01
  -1.08015596e-01]
 [-3.88703335e-02 -1.23030260e-02 -1.84926467e-01 -5.96711668e-02
  -1.40799005e-04]]
Matrix Pair 90; W = [[ 0.19100475  0.02011026  0.14514015 -0.18643304  0.00634013]
 [-0.09743459 -0.37678686 -0.12844039  0.1757144  -0.15167483]
 [-0.01072908 -0.01316708 -0.07277013  0.034101   -0.11913545]
 [-0.04759038  0.08575082  0.07570211  0.00316739 -0.05870615]
 [-0.15137317 -0.1579011  -0.29986253 -0.11282184 -0.07919106]]
U = [[ 0.14360228  0.17179674  0.32303064  0.38218254 -0.12327278]
 [-0.33128799 -0.05927622  0.08594571  0.12789874  0.21473114]
 [ 0.10550102 -0.08868459 -0.12651188 -0.16759781  0.21484557]
 [ 0.27146097 -0.04755752  0.26824698 -0.12075482 -0.11255138]
 [-0.1186399  -0.06367126 -0.19027476 -0.06106904  0.01536723]]
Matrix Pair 91; W = [[ 0.16912317  0.05781898  0.16589368 -0.17719587 -0.01738781]
 [-0.15493107 -0.38629518 -0.11936212  0.19165581 -0.1089033 ]
 [-0.0248367   0.01780421 -0.07676609  0.05467296 -0.05968204]
 [-0.04133965  0.1374174   0.06378354 -0.04491319 -0.08470241]
 [-0.15147419 -0.16782823 -0.23109676 -0.12153717 -0.08954132]]
U = [[ 0.16886988  0.17695003  0.315919    0.39691591 -0.09651889]
 [-0.34198091 -0.00813276  0.06016998  0.06800169  0.25016463]
 [ 0.06396347 -0.14901527 -0.08624723 -0.13548873  0.20923519]
 [ 0.23936672 -0.07510675  0.29321901 -0.09111427 -0.13084312]
 [-0.13078774 -0.00831054 -0.15490085 -0.01789204  0.01413275]]
Matrix Pair 92; W = [[ 0.19922952  0.0479925   0.18213639 -0.16060287 -0.0090569 ]
 [-0.11902161 -0.33287371 -0.07258782  0.26092645 -0.07862609]
 [-0.08205528 -0.0130284  -0.14157194  0.01357786 -0.04301625]
 [ 0.01456565  0.0976177   0.08308303 -0.01853325 -0.01780429]
 [-0.1604573  -0.19610844 -0.25930769 -0.199037   -0.03714673]]
U = [[ 0.1643099   0.19356035  0.26622948  0.30184173 -0.12071259]
 [-0.31833397 -0.06047033  0.03180066  0.10431128  0.1893561 ]
 [ 0.11041571 -0.11428626 -0.15400132 -0.11148451  0.2109189 ]
 [ 0.27132987 -0.0446227   0.21586728 -0.11911536 -0.11040655]
 [-0.13117709 -0.07134573 -0.24707528 -0.0644564  -0.02341519]]
Matrix Pair 93; W = [[ 0.12355789  0.06411952  0.17247079 -0.16695654 -0.01809909]
 [-0.1094592  -0.36441932 -0.15128656  0.21296248 -0.08343813]
 [-0.0726314  -0.01542111 -0.09055172 -0.01097509 -0.05733083]
 [-0.0286269   0.08947453  0.07144197 -0.05366945 -0.02856767]
 [-0.14057244 -0.15202035 -0.2678497  -0.16669258 -0.0468311 ]]
U = [[ 0.2155295   0.15400627  0.27412311  0.3462763  -0.08347841]
 [-0.29255352 -0.08112438  0.05768413  0.07244341  0.23031745]
 [ 0.12983173 -0.1428824  -0.10892098 -0.15724369  0.17228291]
 [ 0.27785422 -0.07795719  0.25173734 -0.10262657 -0.18510145]
 [-0.0463956  -0.0460167  -0.20025931 -0.04164831 -0.0131654 ]]
Matrix Pair 94; W = [[ 0.15530189 -0.00201833  0.14251016 -0.16572618 -0.04889585]
 [-0.10576757 -0.40823714 -0.06376786  0.19255883 -0.1242751 ]
 [-0.04133534 -0.00592461 -0.05894999  0.07703503 -0.02726207]
 [-0.05038868  0.0784207   0.13641123 -0.08996473 -0.05647775]
 [-0.23724416 -0.15115891 -0.22273896 -0.14007558 -0.04241647]]
U = [[ 0.15295289  0.13861704  0.30985994  0.36936347 -0.1026431 ]
 [-0.33925799 -0.04892392  0.07672055  0.12298615  0.19882282]
 [ 0.05203794 -0.15057221 -0.14357854 -0.17219392  0.22445056]
 [ 0.21880952 -0.0250614   0.27701456 -0.08037392 -0.12857099]
 [-0.04005056  0.01080099 -0.18428306  0.00466573 -0.01173163]]
Matrix Pair 95; W = [[ 1.65462354e-01  3.25957270e-02  1.08158179e-01 -1.69471053e-01
  -5.08683290e-02]
 [-1.66486080e-01 -3.67415316e-01 -1.47516230e-01  2.04773583e-01
  -1.58526203e-01]
 [-2.85595079e-02  9.51574295e-05 -1.11071562e-01  2.19709963e-03
  -5.30291832e-02]
 [-2.39651425e-02  8.22726508e-02  1.12857872e-01 -7.12928279e-02
  -4.19438458e-02]
 [-2.21955234e-01 -1.32573551e-01 -2.86731946e-01 -1.05420430e-01
  -4.75586751e-03]]
U = [[ 0.14189802  0.22859958  0.31545345  0.3292576  -0.06045131]
 [-0.29559788 -0.0513824   0.01757556  0.10891969  0.26542025]
 [ 0.0666531  -0.08704982 -0.16765745 -0.08155006  0.1678197 ]
 [ 0.25172428 -0.07042619  0.26615205 -0.15031719 -0.17554877]
 [-0.09741948 -0.00894724 -0.16701213 -0.06399518  0.01932895]]
Matrix Pair 96; W = [[ 0.19425952  0.11066151  0.1803911  -0.13716714 -0.0115597 ]
 [-0.13605776 -0.3715547  -0.1478575   0.26618223 -0.15532888]
 [ 0.0417203   0.00785924 -0.14925591  0.10486605 -0.04880183]
 [-0.06287609  0.01271805  0.20937713 -0.04776306 -0.12972407]
 [-0.07736163 -0.16235257 -0.25720717 -0.22305616 -0.03275733]]
U = [[ 0.16043009  0.14206423  0.29563607  0.37046682 -0.02402145]
 [-0.28982081 -0.02244267  0.08273227  0.14358603  0.19759006]
 [ 0.03635515 -0.07000051 -0.20436943 -0.04942617  0.1715549 ]
 [ 0.15853962  0.02250917  0.17391385 -0.05851316 -0.17666037]
 [-0.02315761 -0.10058486 -0.2176217  -0.02482017 -0.00282907]]
Matrix Pair 97; W = [[ 0.2289088   0.04656362  0.1786424  -0.09119562 -0.03924799]
 [-0.11150662 -0.37829343 -0.10984847  0.27379063 -0.14984369]
 [ 0.02345584  0.04571893 -0.15388424  0.09992241 -0.05749296]
 [-0.01267043  0.07721398  0.2108121  -0.02416804 -0.10214456]
 [-0.08977489 -0.07721477 -0.30779342 -0.19262464  0.00068696]]
U = [[ 0.17275362  0.10780039  0.31367185  0.33167126 -0.02992413]
 [-0.28924912 -0.06827906  0.04698425  0.15799834  0.17362143]
 [ 0.07805165 -0.0641374  -0.20866339 -0.13150292  0.16608929]
 [ 0.16637227  0.024492    0.19234709 -0.08078729 -0.14359658]
 [-0.02495454 -0.07214653 -0.24209712 -0.02293096 -0.05828126]]
Matrix Pair 98; W = [[ 0.23189539  0.068517    0.1338484  -0.10791581 -0.0676565 ]
 [-0.17482413 -0.34259826 -0.13933235  0.222189   -0.16663647]
 [-0.02924965  0.05523224 -0.09527514  0.06122107 -0.02535285]
 [-0.00237957  0.05889772  0.17656092 -0.07099881 -0.07114689]
 [-0.08856723 -0.16282087 -0.26620467 -0.24050062 -0.02085237]]
U = [[ 0.20856963  0.09983497  0.30053769  0.37614049 -0.020852  ]
 [-0.24401105 -0.04182797  0.1107171   0.10385245  0.18960868]
 [ 0.04815771 -0.07645432 -0.17832661 -0.0549635   0.214147  ]
 [ 0.15257008 -0.00214059  0.18777486 -0.08973717 -0.11822949]
 [-0.0894735  -0.05760838 -0.30920447  0.02224001 -0.08759809]]
Matrix Pair 99; W = [[ 0.1609071   0.02153732  0.16972641 -0.14330992 -0.09141875]
 [-0.18558808 -0.34037383 -0.11758592  0.2425993  -0.17676639]
 [ 0.02613929  0.09251237 -0.14174109  0.09851922 -0.10418097]
 [-0.04564095  0.01463773  0.19112614 -0.11314365 -0.13157232]
 [-0.1391154  -0.14433008 -0.29114319 -0.23244837  0.04047701]]
U = [[ 2.08638613e-01  8.60197246e-02  3.26053472e-01  3.87156853e-01
  -7.68116867e-03]
 [-3.07227440e-01 -1.08563735e-01  9.53058453e-02  1.41318533e-01
   1.84064888e-01]
 [ 9.10283626e-02 -5.69272121e-02 -2.25734775e-01 -9.12212433e-02
   1.59488924e-01]
 [ 1.54799774e-01 -1.32422166e-04  2.21354557e-01 -1.30486950e-01
  -1.22334251e-01]
 [-2.87406305e-02 -6.58482601e-02 -3.08087431e-01 -3.38872437e-02
  -8.12893541e-02]]
Matrix Pair 100; W = [[ 0.22246506  0.10204655  0.1244693  -0.09158835 -0.04970674]
 [-0.14229172 -0.34889473 -0.16715606  0.2443026  -0.08926967]
 [-0.0242493   0.00960904 -0.18253164  0.09418145 -0.08240056]
 [-0.05929641  0.05319189  0.17791776 -0.07425313 -0.06680933]
 [-0.13079246 -0.07841042 -0.30104558 -0.17443259 -0.00737144]]
U = [[ 0.18800396  0.15662322  0.34524429  0.35857763 -0.05035535]
 [-0.27069556 -0.02101481  0.06539023  0.16917368  0.19849796]
 [ 0.09727856 -0.03626777 -0.16202046 -0.0486803   0.1896133 ]
 [ 0.24755966  0.03602436  0.20454739 -0.10201537 -0.10889209]
 [-0.10485568 -0.03774784 -0.2163814   0.00714795 -0.00062691]]
Matrix Pair 101; W = [[ 0.23174204  0.04981216  0.11225932 -0.09226464 -0.08250613]
 [-0.14036088 -0.37867703 -0.14926502  0.29374254 -0.11105875]
 [-0.04101173  0.00971782 -0.14285596  0.08634753 -0.08212053]
 [-0.0462915   0.08920995  0.19333528 -0.04263959 -0.11013952]
 [-0.13673758 -0.08500381 -0.30464141 -0.18759642  0.03717048]]
U = [[ 0.15980551  0.15447483  0.33393873  0.3468636  -0.0201172 ]
 [-0.27684319 -0.02807232  0.11824068  0.11578519  0.16891687]
 [ 0.09349544 -0.04509456 -0.2193787  -0.11831344  0.1715186 ]
 [ 0.19632571  0.00571418  0.18608186 -0.09633431 -0.11713689]
 [-0.01064928 -0.1140276  -0.24594138 -0.01834565 -0.0339839 ]]
Matrix Pair 102; W = [[ 0.16191283  0.09269402  0.17033507 -0.13777854 -0.00470603]
 [-0.1705841  -0.42707214 -0.14902018  0.27124178 -0.09914056]
 [-0.04119879  0.08867877 -0.09384072  0.06890608 -0.09277199]
 [-0.03061052  0.05173566  0.18635091 -0.06081835 -0.03647679]
 [-0.09846474 -0.12046504 -0.30690642 -0.15737387  0.04649349]]
U = [[ 0.1555668   0.10859655  0.27314707  0.3899112  -0.07039551]
 [-0.25559568 -0.04068013  0.07621005  0.12998627  0.2141492 ]
 [ 0.05342745  0.01211592 -0.20930983 -0.12600056  0.22197158]
 [ 0.23414772 -0.02951225  0.24738582 -0.13023313 -0.08684162]
 [-0.09738595 -0.06304093 -0.24542708  0.005319   -0.02070672]]
Matrix Pair 103; W = [[ 0.20664381  0.08532557  0.18115083 -0.16573881 -0.00252439]
 [-0.10743209 -0.37160436 -0.1164439   0.21920264 -0.17885231]
 [-0.02769858  0.03763622 -0.15684805  0.05042004 -0.05042771]
 [-0.07245844  0.04626419  0.24917388 -0.03302193 -0.05504291]
 [-0.10990829 -0.15125549 -0.284094   -0.21594353  0.01558032]]
U = [[ 0.20537839  0.10885457  0.36699913  0.41569623 -0.05095956]
 [-0.29182749 -0.10108794  0.11355029  0.1795917   0.17424859]
 [ 0.08624792 -0.07458511 -0.15635018 -0.08839288  0.19706377]
 [ 0.15862465 -0.03372339  0.17576014 -0.140436   -0.1647594 ]
 [-0.06972518 -0.06121337 -0.22000809 -0.04818104 -0.04451144]]
Matrix Pair 104; W = [[ 0.22378218  0.06322682  0.11581897 -0.12360686 -0.03758602]
 [-0.1934421  -0.34596926 -0.11633622  0.26404925 -0.16108241]
 [-0.04586733 -0.00079148 -0.11388708  0.05082209 -0.06360647]
 [-0.0161561   0.07880346  0.20249951 -0.11368657 -0.04919934]
 [-0.07705168 -0.14060385 -0.31400772 -0.1711378   0.03673674]]
U = [[ 0.175676    0.11180338  0.35371882  0.33801665 -0.0077841 ]
 [-0.28440244 -0.08236412  0.03965062  0.18876672  0.20749066]
 [ 0.07540948 -0.04694662 -0.17241371 -0.05360908  0.16763067]
 [ 0.22285947 -0.02294812  0.1837862  -0.13710152 -0.10380205]
 [-0.01468459 -0.05982003 -0.30523291  0.00707135 -0.01047569]]
Matrix Pair 105; W = [[ 0.18397632  0.0424588   0.1612274  -0.08732848 -0.04944555]
 [-0.16945604 -0.40850129 -0.12017467  0.24675161 -0.08893637]
 [-0.01903861  0.08961753 -0.1686355   0.05726881 -0.02606744]
 [-0.08501786  0.08214611  0.22595623 -0.01828181 -0.09886514]
 [-0.1655501  -0.08929786 -0.26082992 -0.17526407 -0.01660739]]
U = [[ 0.16929594  0.10529956  0.31163179  0.32100765 -0.00403112]
 [-0.27518047 -0.06226474  0.0909218   0.11248639  0.12849956]
 [ 0.06494532 -0.04010616 -0.19978605 -0.07431332  0.23644456]
 [ 0.23465425  0.04266394  0.20917452 -0.09457049 -0.11439933]
 [-0.02607621 -0.08086789 -0.27742791 -0.01522997 -0.03713348]]
Matrix Pair 106; W = [[ 0.16529663  0.10504307  0.16342825 -0.16526512 -0.08052021]
 [-0.17678289 -0.38490245 -0.14323379  0.21482714 -0.08676773]
 [ 0.00668674  0.06801705 -0.10068604  0.10165801 -0.02916213]
 [-0.03782638  0.08485025  0.17686694 -0.0171993  -0.13404301]
 [-0.13506133 -0.17483835 -0.26209053 -0.20249013  0.0083942 ]]
U = [[ 0.20422616  0.14674025  0.34655243  0.38964222 -0.05287992]
 [-0.3138635  -0.0490477   0.13504488  0.15263383  0.13395764]
 [ 0.11995086 -0.05060152 -0.21841721 -0.0503148   0.22898022]
 [ 0.17671851 -0.02579719  0.25245437 -0.06226852 -0.13318753]
 [-0.04526521 -0.06655753 -0.25652967  0.00556802 -0.00465616]]
Matrix Pair 107; W = [[ 0.21321581  0.07366983  0.11273658 -0.11048831 -0.07288424]
 [-0.13421734 -0.40821515 -0.12559973  0.23957862 -0.12241708]
 [-0.02979606  0.0389067  -0.10684646  0.07349057 -0.04266207]
 [-0.03712169  0.10934245  0.17412307 -0.0316176  -0.11129396]
 [-0.10017576 -0.13309544 -0.2710767  -0.15383558 -0.04990376]]
U = [[ 0.17293577  0.12788429  0.33994747  0.41558089  0.01029799]
 [-0.22401237 -0.09529323  0.05979948  0.17656186  0.13547882]
 [ 0.05436779 -0.0383233  -0.15635531 -0.04522667  0.18097776]
 [ 0.18476047 -0.01561965  0.20972025 -0.12292179 -0.0897654 ]
 [-0.05113829 -0.10095376 -0.23421121 -0.06781038 -0.08926084]]
Matrix Pair 108; W = [[ 0.19738864  0.05627902  0.1462746  -0.16617942 -0.04031364]
 [-0.15398705 -0.33764895 -0.10776239  0.25842516 -0.11593765]
 [-0.01725363  0.08666396 -0.1567911   0.03466504 -0.1039125 ]
 [-0.03872984  0.01677214  0.21048663 -0.04734639 -0.03689021]
 [-0.10579997 -0.15190972 -0.31231225 -0.15501682 -0.03069804]]
U = [[ 0.18792787  0.15831395  0.30069797  0.33700732 -0.04673102]
 [-0.26866819 -0.03921409  0.06125339  0.14843324  0.15530259]
 [ 0.11241019 -0.03383755 -0.22740012 -0.13011342  0.1724885 ]
 [ 0.24917498  0.04084339  0.23098403 -0.08294391 -0.10724951]
 [-0.10223705 -0.09821608 -0.25480887 -0.06143231 -0.07872867]]
Matrix Pair 109; W = [[ 0.192115    0.11481455  0.16089373 -0.17961227 -0.07764661]
 [-0.15252543 -0.37136021 -0.13769886  0.3009087  -0.11441944]
 [ 0.03960937  0.05001687 -0.17921202  0.06364643 -0.08237826]
 [-0.06070851  0.05940878  0.21450539 -0.0423507  -0.04913623]
 [-0.12538825 -0.11875766 -0.28600179 -0.15797779  0.00578241]]
U = [[ 0.13211188  0.13116156  0.2762695   0.40094207 -0.05119137]
 [-0.28056347 -0.04218971  0.06759891  0.17712846  0.13872979]
 [ 0.1093958  -0.040669   -0.21296471 -0.08235289  0.2188416 ]
 [ 0.22747267 -0.05380025  0.17701722 -0.09906229 -0.11933158]
 [-0.10392964 -0.06533732 -0.30118622  0.01787324 -0.02396814]]
Matrix Pair 110; W = [[ 0.17949321  0.06444382  0.11718811 -0.16858245 -0.07217088]
 [-0.1892461  -0.37495068 -0.10381206  0.30773181 -0.13433098]
 [ 0.04400418  0.08372338 -0.16529989  0.11412402 -0.06201938]
 [ 0.002694    0.07316032  0.1774753  -0.10537013 -0.0967585 ]
 [-0.13095141 -0.09990723 -0.24346317 -0.15331233 -0.02468412]]
U = [[ 0.17732689  0.1285006   0.30694156  0.33789721 -0.00215182]
 [-0.30103087 -0.10095988  0.06435976  0.12128529  0.19629971]
 [ 0.10947401 -0.04737278 -0.22392987 -0.06324102  0.21182195]
 [ 0.25033194  0.01695182  0.21817385 -0.13131853 -0.10593368]
 [-0.10524054 -0.06272762 -0.29601562  0.00698913 -0.0777625 ]]
Matrix Pair 111; W = [[ 0.18271722  0.01725873  0.17320235 -0.08901499 -0.06046095]
 [-0.17328176 -0.3673365  -0.14801954  0.22596316 -0.10683972]
 [ 0.03777404  0.06595223 -0.16986089  0.06121097 -0.05815569]
 [-0.07878593  0.06823896  0.15805165 -0.03757207 -0.07916936]
 [-0.07241447 -0.16656962 -0.2589867  -0.19920244  0.01051847]]
U = [[ 0.1589962   0.17090503  0.30934545  0.38232981 -0.02614946]
 [-0.30519541 -0.08224101  0.06731096  0.16307171  0.18335178]
 [ 0.1244982  -0.05169178 -0.14067453 -0.12687101  0.23168183]
 [ 0.15340435 -0.03981818  0.25587298 -0.05459109 -0.09435997]
 [-0.06843006 -0.04339571 -0.24621736 -0.07009219 -0.04580505]]
Matrix Pair 112; W = [[ 0.24535989  0.04577661  0.15181432 -0.12132781 -0.07493839]
 [-0.16981354 -0.39884508 -0.06841247  0.16252619 -0.11106602]
 [-0.05213908  0.06395148 -0.15961303  0.07303562 -0.06552739]
 [-0.0169611   0.1299273   0.17368934 -0.01748635 -0.04407728]
 [-0.15647016 -0.19095878 -0.28087036 -0.18860004 -0.03306935]]
U = [[ 0.17426418  0.17393979  0.19688381  0.37195511 -0.06617436]
 [-0.24989047 -0.12927194  0.13610446  0.21403112  0.14435172]
 [ 0.13250598 -0.11255123 -0.13646887 -0.18908267  0.16801657]
 [ 0.16159436 -0.07429801  0.31530979 -0.12885255 -0.10186099]
 [ 0.02757236  0.00340273 -0.29333985  0.02218172 -0.08868739]]
Matrix Pair 113; W = [[ 0.15814105  0.00034601  0.0853992  -0.07659048 -0.03621398]
 [-0.1675644  -0.34475137 -0.10844725  0.1881131  -0.07259484]
 [-0.04903671 -0.01415023 -0.10659988  0.09310174 -0.07504647]
 [-0.01781524  0.12468168  0.19629422  0.00277781 -0.1024169 ]
 [-0.21049556 -0.12286431 -0.32241234 -0.14112277 -0.06362804]]
U = [[ 0.18471395  0.16284022  0.23319942  0.38712477 -0.02216201]
 [-0.24861559 -0.05743337  0.07406213  0.13976498  0.164108  ]
 [ 0.11763739 -0.08415313 -0.12229432 -0.12077574  0.15660655]
 [ 0.15702579 -0.06554428  0.31436824 -0.10757722 -0.12593678]
 [ 0.02290588 -0.07806205 -0.265031   -0.06188551 -0.04767919]]
Matrix Pair 114; W = [[ 0.22579275  0.06684758  0.10063111 -0.12263257 -0.02934092]
 [-0.09648439 -0.404104   -0.05478302  0.17066076 -0.0739949 ]
 [-0.08076813  0.02492704 -0.10437785  0.08548412 -0.08782385]
 [ 0.04755642  0.07449193  0.15123265 -0.0071952  -0.03596865]
 [-0.18391682 -0.13597584 -0.31879608 -0.11735362 -0.04298497]]
U = [[ 0.23536637  0.15758543  0.23891271  0.36541481 -0.02634841]
 [-0.22383461 -0.05477689  0.1298868   0.19700033  0.18078113]
 [ 0.11071121 -0.11222062 -0.18695548 -0.16273494  0.22039775]
 [ 0.17393166 -0.11061125  0.28440322 -0.14759692 -0.08220266]
 [-0.00867724 -0.05393588 -0.24605174  0.01674312 -0.0563702 ]]
Matrix Pair 115; W = [[ 0.17653969  0.04590619  0.10158462 -0.05979591 -0.06140655]
 [-0.14632545 -0.40802044 -0.09180259  0.17647216 -0.16614272]
 [-0.07782283  0.04329528 -0.09925637  0.05210786 -0.09519716]
 [ 0.03373278  0.16298664  0.13528744 -0.05041318 -0.08883596]
 [-0.18967873 -0.13747157 -0.3023577  -0.14794301 -0.07971567]]
U = [[ 0.1585838   0.16255626  0.21437455  0.35642125 -0.03995331]
 [-0.30324297 -0.07712361  0.0926956   0.15494789  0.2144747 ]
 [ 0.09988148 -0.09970217 -0.13973471 -0.13514393  0.23245649]
 [ 0.20600162 -0.04614943  0.31305415 -0.09631903 -0.06664614]
 [ 0.02339645 -0.01780767 -0.25367717  0.02492652 -0.0260446 ]]
Matrix Pair 116; W = [[ 0.18763398  0.01970568  0.12691972 -0.12106206 -0.0171411 ]
 [-0.11452854 -0.40395296 -0.03876978  0.245144   -0.15052119]
 [-0.10230293  0.00941291 -0.11554742  0.03686773 -0.01252336]
 [-0.02639944  0.09255073  0.11243728 -0.02193558 -0.07045715]
 [-0.13302156 -0.20584507 -0.27607549 -0.15218114 -0.03851905]]
U = [[ 0.2367012   0.17693603  0.28142171  0.36892315 -0.01971975]
 [-0.22498894 -0.06866048  0.10036974  0.12963402  0.18398489]
 [ 0.04392986 -0.09205182 -0.12109156 -0.1823381   0.20363724]
 [ 0.1381114  -0.10533648  0.31690035 -0.13670143 -0.06769707]
 [-0.02494283 -0.04963719 -0.20095402  0.02840526 -0.04327791]]
Matrix Pair 117; W = [[ 0.17367283  0.05506221  0.10840507 -0.09394607 -0.08627679]
 [-0.18283222 -0.37133767 -0.0712347   0.18322121 -0.09114277]
 [-0.08735734 -0.00146905 -0.15676397  0.08387785 -0.08975109]
 [ 0.00642315  0.12091733  0.12251345 -0.00304246 -0.0871478 ]
 [-0.16582762 -0.15695253 -0.28612558 -0.14889023  0.00643785]]
U = [[ 0.16307341  0.17603423  0.20292031  0.31995737 -0.06755019]
 [-0.24452294 -0.06848948  0.16532746  0.16936156  0.16421915]
 [ 0.06923888 -0.15623509 -0.12067092 -0.14824324  0.20147819]
 [ 0.14819132 -0.08140912  0.28580695 -0.10683802 -0.10940902]
 [-0.01158057 -0.03710766 -0.21777407  0.01685753 -0.0701663 ]]
Matrix Pair 118; W = [[ 0.16690936  0.05892808  0.08798695 -0.1103915  -0.05119345]
 [-0.13438504 -0.40754968 -0.09938068  0.22892308 -0.12855846]
 [-0.1356621   0.0487379  -0.173937    0.06432984 -0.04077029]
 [ 0.0272227   0.08226458  0.18835845 -0.08247588 -0.0642492 ]
 [-0.15511586 -0.18253728 -0.26597479 -0.20163719 -0.06052639]]
U = [[ 0.18769463  0.13911656  0.27512289  0.36382778 -0.10457713]
 [-0.22100793 -0.13294336  0.06677743  0.15517767  0.20445046]
 [ 0.07668431 -0.06623941 -0.13827567 -0.13081958  0.21842819]
 [ 0.19867425 -0.03473036  0.30382706 -0.13567051 -0.07942435]
 [-0.05763112 -0.05369796 -0.24697229  0.02250324 -0.08772064]]
Matrix Pair 119; W = [[ 0.21762226  0.02621353  0.11170182 -0.05141516 -0.09736988]
 [-0.16563874 -0.35706802 -0.11542661  0.21373515 -0.07196209]
 [-0.09836177  0.04833563 -0.09771601  0.06961704 -0.08389862]
 [-0.01603273  0.16058407  0.17001194 -0.05754026 -0.08750167]
 [-0.1496942  -0.16617512 -0.30944486 -0.17741253 -0.07815981]]
U = [[ 0.18200296  0.1215536   0.26035801  0.33263254 -0.08352778]
 [-0.30650653 -0.04614357  0.07497048  0.14174943  0.17287991]
 [ 0.07461564 -0.13844437 -0.14100615 -0.14783131  0.19704542]
 [ 0.19567091 -0.04428588  0.31365341 -0.18019423 -0.05007392]
 [-0.02571675 -0.06971151 -0.22999788 -0.00520848 -0.07015946]]
Matrix Pair 120; W = [[ 0.19808967 -0.01368895  0.14990812 -0.12869126 -0.07602679]
 [-0.13333993 -0.35443974 -0.10459883  0.18942243 -0.14887473]
 [-0.09003677  0.0635323  -0.10920326  0.0858652  -0.06846401]
 [ 0.00757404  0.07763477  0.13864022 -0.06965276 -0.12760247]
 [-0.13615831 -0.17265544 -0.281528   -0.15459284 -0.05572052]]
U = [[ 0.15722574  0.17463226  0.20209411  0.31917952 -0.08863699]
 [-0.31027375 -0.10642523  0.13573216  0.19335292  0.18567168]
 [ 0.0692163  -0.14977247 -0.17031144 -0.20661621  0.22361659]
 [ 0.15059988 -0.06295193  0.27287975 -0.15767046 -0.07684617]
 [-0.04747805 -0.06748937 -0.22497345 -0.01841685 -0.05577338]]
Matrix Pair 121; W = [[ 0.21155433  0.07440836  0.16087316 -0.11884367 -0.01329493]
 [-0.11311742 -0.36738475 -0.12391223  0.24223972 -0.1446661 ]
 [-0.10234847  0.02249698 -0.16893741  0.0138607  -0.05265624]
 [ 0.05587929  0.15402565  0.10295309 -0.03071307 -0.11923745]
 [-0.13133538 -0.19648045 -0.30889031 -0.20034913 -0.02521102]]
U = [[ 0.19571233  0.18366589  0.21476198  0.31557792 -0.08431878]
 [-0.29315555 -0.0649965   0.08774867  0.14993382  0.14334276]
 [ 0.0964973  -0.12561206 -0.1961038  -0.16056886  0.17196958]
 [ 0.12549042 -0.09381458  0.24902601 -0.15266741 -0.05617899]
 [ 0.02839198 -0.08146697 -0.2242553  -0.005375   -0.03658223]]
Matrix Pair 122; W = [[ 0.22769751  0.06784019  0.12594845 -0.14299383 -0.03472454]
 [-0.09780995 -0.35731195 -0.06783971  0.2505931  -0.11926333]
 [-0.13525465  0.04388125 -0.15954532  0.073118   -0.00871244]
 [ 0.00796327  0.16255918  0.19267523 -0.01826177 -0.05900782]
 [-0.13018835 -0.14090733 -0.28167852 -0.13182009 -0.06060473]]
U = [[ 0.16885953  0.17322946  0.2358181   0.29821032 -0.07113474]
 [-0.23675122 -0.04943733  0.0830782   0.20787348  0.16691849]
 [ 0.08694401 -0.13655197 -0.16324386 -0.16115648  0.25040102]
 [ 0.13976315 -0.04607404  0.31798124 -0.1664331  -0.09198329]
 [-0.02127111 -0.03227116 -0.21909093  0.01860374 -0.01150174]]
Matrix Pair 123; W = [[ 0.19844832  0.01716792  0.1060381  -0.07032629 -0.00785042]
 [-0.12975735 -0.36315044 -0.11354051  0.15376878 -0.13107995]
 [-0.05078619  0.06134658 -0.12294671  0.03452309 -0.07016626]
 [-0.00217327  0.16259415  0.16142331 -0.04020962 -0.10948006]
 [-0.21355497 -0.19406399 -0.29601414 -0.16014531 -0.04099785]]
U = [[ 0.17665615  0.1122137   0.26105351  0.33555603 -0.01218783]
 [-0.28577351 -0.0871233   0.15131737  0.20240965  0.23651067]
 [ 0.10015227 -0.11790969 -0.18379779 -0.14346758  0.23586693]
 [ 0.20027261 -0.05079276  0.31205176 -0.17377904 -0.12403044]
 [-0.02029808 -0.01710853 -0.22648538  0.01560733 -0.05153646]]
Matrix Pair 124; W = [[ 0.1578612   0.07300746  0.10335661 -0.07434794 -0.05187557]
 [-0.11483456 -0.33160386 -0.12110705  0.24026265 -0.09887953]
 [-0.08758951 -0.02920913 -0.13490476  0.09743786 -0.05976342]
 [-0.00059418  0.12769353  0.14627872 -0.04761382 -0.12861366]
 [-0.20534717 -0.15028132 -0.3061941  -0.19632484 -0.05131345]]
U = [[ 0.23957245  0.19133704  0.28361281  0.33971807 -0.01358285]
 [-0.21430196 -0.07720535  0.12923765  0.18235831  0.13662307]
 [ 0.12932317 -0.0665561  -0.15460301 -0.14954832  0.22475198]
 [ 0.13662811 -0.08958221  0.3225538  -0.1683357  -0.12945261]
 [ 0.0138686  -0.06130782 -0.21850311 -0.0284234  -0.01435585]]
Matrix Pair 125; W = [[ 0.24788108 -0.01848688  0.16164075 -0.1412782  -0.02843019]
 [-0.150939   -0.34731344 -0.04833023  0.23582802 -0.16960981]
 [-0.08767258  0.00081766 -0.08610739  0.11106217 -0.05838787]
 [ 0.00672867  0.16190275  0.19403337 -0.03256921 -0.08251301]
 [-0.18499881 -0.12062286 -0.28435832 -0.12483429 -0.05011235]]
U = [[ 0.19482385  0.2060875   0.23860378  0.32003778 -0.04569729]
 [-0.25332264 -0.11996566  0.16112331  0.20983149  0.19469405]
 [ 0.07413555 -0.09669765 -0.20412297 -0.1631088   0.21957346]
 [ 0.14274948 -0.09306917  0.31540531 -0.14264649 -0.12284512]
 [-0.03177127 -0.08718018 -0.26226924 -0.01427357 -0.07857492]]
Matrix Pair 126; W = [[ 1.79327806e-01  6.76446925e-02  1.69086975e-01 -9.55832262e-02
  -7.22600184e-02]
 [-1.24379552e-01 -3.30960107e-01 -1.24553912e-01  1.81157863e-01
  -1.33182674e-01]
 [-7.90969706e-02  1.97438762e-02 -1.24281234e-01  9.82666178e-02
  -3.95522953e-02]
 [-1.16256217e-04  1.06475303e-01  1.31062349e-01 -5.66051530e-02
  -3.84590900e-02]
 [-1.63976780e-01 -1.83172555e-01 -2.38140956e-01 -1.70912201e-01
  -4.30509034e-02]]
U = [[ 0.19605192  0.14532911  0.20657639  0.29957167 -0.06855175]
 [-0.29560194 -0.1299155   0.14256192  0.16919268  0.18683316]
 [ 0.07792283 -0.1429308  -0.16987048 -0.1818353   0.19963654]
 [ 0.21265302 -0.04840884  0.25510532 -0.13628591 -0.10845672]
 [-0.00806792 -0.0430914  -0.25275078 -0.00509429 -0.09932737]]
Matrix Pair 127; W = [[ 0.18576221  0.0091368   0.08912324 -0.07280326 -0.00744687]
 [-0.18070151 -0.36110285 -0.04518047  0.23549214 -0.13068994]
 [-0.12523763  0.05382207 -0.11668307  0.05403208 -0.03083279]
 [ 0.04771207  0.14423824  0.14651212 -0.04365527 -0.11040548]
 [-0.14389748 -0.13740996 -0.27389216 -0.19257846 -0.03484249]]
U = [[ 0.20858982  0.17552517  0.22240509  0.34815125 -0.06604796]
 [-0.25138464 -0.07833305  0.11501386  0.16819216  0.20760243]
 [ 0.05512524 -0.07965858 -0.16255542 -0.13986243  0.16943083]
 [ 0.1217016  -0.04567772  0.31268442 -0.0973093  -0.07719926]
 [-0.04037015 -0.02632078 -0.26589817 -0.03881701 -0.04606621]]
