Epoch: 46Matrix Pair 0; W = [[ 0.19492654  0.03660142  0.10691426 -0.05277563 -0.002887  ]
 [-0.14930306 -0.3097462  -0.07300607  0.24861709 -0.12194658]
 [ 0.00315758 -0.05000444 -0.18024199  0.03307138 -0.07420203]
 [ 0.01775081  0.10245788  0.07455815 -0.12588104 -0.11576216]
 [-0.13935517 -0.13087367 -0.24024876 -0.17527748 -0.04656776]]
U = [[ 0.23984328  0.16862093  0.27886117  0.33964149 -0.02726127]
 [-0.34259905 -0.0881111  -0.01989826  0.08485043  0.2576914 ]
 [ 0.12532126 -0.08866469 -0.15280524 -0.05399917  0.20924795]
 [ 0.18926174  0.01320651  0.1700766  -0.06797123 -0.11913109]
 [-0.12234295  0.01652698 -0.25276685 -0.10154471 -0.05341201]]
Matrix Pair 1; W = [[ 0.18709574  0.07099478  0.18378342 -0.11259978 -0.07395465]
 [-0.1423002  -0.35708354 -0.04564074  0.27255805 -0.09551885]
 [-0.02541009 -0.03329233 -0.11402178  0.06082472 -0.13887994]
 [-0.03908025  0.08329662  0.09690605 -0.10464971 -0.11919677]
 [-0.09569823 -0.19586447 -0.2648762  -0.22601903 -0.02325815]]
U = [[ 0.16852173  0.15285734  0.27076241  0.36808273 -0.01037907]
 [-0.28571279 -0.09806123  0.03402741  0.12143483  0.29615976]
 [ 0.12711249 -0.16281739 -0.17990048 -0.0278509   0.25949804]
 [ 0.13173907  0.01929551  0.18212242 -0.10274678 -0.09637693]
 [-0.13458794 -0.06480328 -0.23006914 -0.04041326 -0.06799776]]
Matrix Pair 2; W = [[ 0.14764044 -0.0067984   0.18187865 -0.06392393 -0.04969974]
 [-0.11068587 -0.39801172  0.01115808  0.22751303 -0.1215221 ]
 [ 0.01061025 -0.01523115 -0.14172521  0.05992092 -0.085135  ]
 [-0.03704688  0.09169775  0.03132022 -0.04082621 -0.10987851]
 [-0.14238715 -0.11404337 -0.31276748 -0.1975734  -0.0156927 ]]
U = [[ 0.15520868  0.13877495  0.32113182  0.32443486 -0.04996524]
 [-0.31128272 -0.09143556 -0.0133907   0.10122378  0.2927344 ]
 [ 0.06275168 -0.15190465 -0.20252478 -0.01058531  0.22955413]
 [ 0.09937628 -0.04043473  0.18536172 -0.11054556 -0.118716  ]
 [-0.11810867  0.02117734 -0.22617823 -0.04165433 -0.06252504]]
Matrix Pair 3; W = [[ 0.14558535  0.07322829  0.17941696 -0.12566583 -0.04346803]
 [-0.09544323 -0.32503217 -0.01167039  0.20587885 -0.11723658]
 [-0.0450085  -0.04402284 -0.08890199  0.07902335 -0.08549675]
 [-0.02366857  0.12746457  0.07370913 -0.13078417 -0.1042594 ]
 [-0.10149939 -0.10976061 -0.26052794 -0.15427155 -0.09201596]]
U = [[ 0.18851913  0.14979438  0.28252545  0.33506243 -0.0554462 ]
 [-0.3215676  -0.14116621  0.03196892  0.11320114  0.24375067]
 [ 0.06345271 -0.16056491 -0.20853379 -0.06830177  0.27692258]
 [ 0.17858178  0.02862591  0.17360015 -0.12280453 -0.12273844]
 [-0.1118265   0.01689345 -0.17745147 -0.05460615 -0.04012825]]
Matrix Pair 4; W = [[ 0.20636931  0.00833746  0.18378049 -0.0386274  -0.08067309]
 [-0.14006765 -0.38765671 -0.05682722  0.29616776 -0.09745252]
 [-0.02256865  0.01006719 -0.09972373  0.065411   -0.10658516]
 [ 0.03432085  0.15125151  0.10020516 -0.11294061 -0.08294574]
 [-0.13227338 -0.18188283 -0.24752444 -0.19589653 -0.05129391]]
U = [[ 0.24476974  0.13386968  0.31664793  0.32861425 -0.02615631]
 [-0.25584737 -0.04717971 -0.01588095  0.10981482  0.27934117]
 [ 0.09583777 -0.0713356  -0.20714379 -0.06293978  0.25017151]
 [ 0.09091888  0.00423554  0.21278942 -0.0997462  -0.15207241]
 [-0.09999495 -0.05662595 -0.25252463 -0.03534879  0.01904534]]
Matrix Pair 5; W = [[ 1.93724482e-01 -1.72270768e-02  9.86674191e-02 -1.28145984e-01
  -6.16652459e-02]
 [-1.13016686e-01 -3.14712521e-01 -6.45826618e-02  2.14426820e-01
  -1.14544705e-01]
 [-6.48686091e-02  1.24114580e-04 -1.43017499e-01  4.35252556e-02
  -1.27257478e-01]
 [ 5.37698404e-02  1.28187941e-01  7.84575845e-02 -9.24112175e-02
  -1.25783215e-01]
 [-1.14729732e-01 -1.09847293e-01 -2.97868636e-01 -1.86747629e-01
  -1.62582410e-02]]
U = [[ 0.22917712  0.16001575  0.25735963  0.38860054 -0.02950146]
 [-0.3348433  -0.07472663  0.04113726  0.13280764  0.28523285]
 [ 0.09484079 -0.14271285 -0.20918688 -0.05401391  0.22159729]
 [ 0.11172325 -0.05733525  0.24025441 -0.14741866 -0.15429498]
 [-0.10280643  0.00276215 -0.2292736  -0.02129012 -0.02695818]]
Matrix Pair 6; W = [[ 0.15324255  0.00399144  0.10950675 -0.04379175 -0.0106462 ]
 [-0.17151804 -0.36867239  0.00974254  0.27408438 -0.0857817 ]
 [ 0.0012873   0.00218597 -0.15505863  0.04409019 -0.12611272]
 [ 0.02701406  0.08521025  0.11099955 -0.06503422 -0.14847328]
 [-0.09980301 -0.10669457 -0.29171834 -0.16498595 -0.03878911]]
U = [[ 0.15474647  0.17449897  0.25196875  0.40471583 -0.03616803]
 [-0.31696786 -0.09268749  0.03980184  0.13367481  0.2736484 ]
 [ 0.1321548  -0.11325854 -0.21950393  0.004711    0.24395377]
 [ 0.17721025  0.00925924  0.22572861 -0.1316472  -0.1170176 ]
 [-0.08344584 -0.0175274  -0.25743059 -0.02088333 -0.04372833]]
Matrix Pair 7; W = [[ 0.16413643  0.02321541  0.16519093 -0.06200945 -0.02259982]
 [-0.17080313 -0.30565192 -0.02128653  0.2322842  -0.13428163]
 [-0.07111337 -0.00217079 -0.112486    0.04706694 -0.08590838]
 [-0.00551665  0.06971767  0.12114504 -0.04567    -0.12850562]
 [-0.12959317 -0.15184697 -0.25839226 -0.15960162 -0.02999677]]
U = [[ 0.18738085  0.14544576  0.34690303  0.36436539 -0.01641448]
 [-0.31554772 -0.12141018  0.05993316  0.16994623  0.25577381]
 [ 0.06394776 -0.16103449 -0.23685355 -0.06408765  0.26556199]
 [ 0.14031031 -0.02603417  0.21944356 -0.14049273 -0.12283394]
 [-0.11181483  0.01621717 -0.21329433 -0.04428043 -0.02822398]]
Matrix Pair 8; W = [[ 0.19238475  0.07468496  0.09694705 -0.10513086 -0.05198744]
 [-0.18412954 -0.32192939 -0.06665959  0.26330554 -0.08115135]
 [-0.05980625 -0.02023098 -0.10916873  0.01072125 -0.09721942]
 [-0.02709214  0.14840025  0.04420276 -0.11133011 -0.06598948]
 [-0.1336968  -0.14364769 -0.27969686 -0.23341746 -0.06810525]]
U = [[ 0.24465154  0.130325    0.33063659  0.35043853 -0.02627948]
 [-0.33763745 -0.0758098   0.05317537  0.14915068  0.22046409]
 [ 0.09496601 -0.12338992 -0.15141662 -0.02089268  0.25384188]
 [ 0.09642024 -0.02684929  0.26445659 -0.11617044 -0.10943925]
 [-0.07735502 -0.03975558 -0.1714031  -0.01397403 -0.00242466]]
Matrix Pair 9; W = [[ 0.21966222  0.00932816  0.10335433 -0.13172636 -0.06719134]
 [-0.10000535 -0.36419494 -0.02262724  0.24314825 -0.11163865]
 [-0.06572534  0.00555041 -0.1582558   0.06661288 -0.10534049]
 [ 0.02814279  0.13325346  0.11739626 -0.09602401 -0.14387257]
 [-0.15719829 -0.15940278 -0.23149787 -0.14496199 -0.07605497]]
U = [[ 0.1927433   0.16641718  0.28762259  0.34521378 -0.07523202]
 [-0.26948326 -0.10103588  0.01866172  0.08592687  0.29668161]
 [ 0.06103095 -0.10903019 -0.22089576  0.01979013  0.19324374]
 [ 0.11965995 -0.06292283  0.18989613 -0.103792   -0.06027453]
 [-0.11544399 -0.05513983 -0.25392167 -0.08414956 -0.0226993 ]]
Matrix Pair 10; W = [[ 0.17867069  0.00504784  0.14015779 -0.07051406 -0.05225192]
 [-0.15171128 -0.371234   -0.0735005   0.25347776 -0.0474878 ]
 [-0.013918   -0.03239637 -0.08143731  0.0817711  -0.12728179]
 [ 0.00599367  0.13699541  0.05981609 -0.11887144 -0.12669127]
 [-0.15273246 -0.13371748 -0.22406686 -0.15625722 -0.01030914]]
U = [[ 0.15429481  0.11728192  0.34533538  0.34127422 -0.00657277]
 [-0.25648626 -0.05735193  0.02750109  0.14462364  0.27454906]
 [ 0.08278743 -0.12584094 -0.18168012 -0.03869565  0.26546611]
 [ 0.09148522 -0.01512138  0.18283563 -0.07028469 -0.1496867 ]
 [-0.15370245  0.00922705 -0.22347669 -0.10348939 -0.05438806]]
Matrix Pair 11; W = [[ 0.15648485  0.03393219  0.11890675 -0.11380325 -0.03468533]
 [-0.1075045  -0.40078968 -0.01893436  0.23642066 -0.09735806]
 [ 0.01167085 -0.02159314 -0.08263597  0.08576368 -0.1376884 ]
 [-0.02406065  0.15004627  0.11860634 -0.11227927 -0.12715297]
 [-0.12267081 -0.17160567 -0.31707012 -0.16669448 -0.03068207]]
U = [[ 0.24525922  0.13496849  0.26177621  0.40254337  0.00937684]
 [-0.32527786 -0.12745044  0.02076774  0.16665097  0.29285053]
 [ 0.12911466 -0.15584477 -0.20586043 -0.03644518  0.24829834]
 [ 0.10857033 -0.00990307  0.17458786 -0.08151288 -0.15151405]
 [-0.08939949 -0.01778116 -0.1671028  -0.03397004  0.01841418]]
Matrix Pair 12; W = [[ 0.19116137  0.05640754  0.13502777 -0.13398906 -0.00554789]
 [-0.17153873 -0.39508706 -0.00541209  0.2858772  -0.10202838]
 [ 0.01523546  0.02474252 -0.09637597  0.00314206 -0.13122239]
 [ 0.0068564   0.12700465  0.10480828 -0.09948052 -0.12267128]
 [-0.16554791 -0.16162496 -0.27216733 -0.17880927 -0.09057973]]
U = [[ 0.21191637  0.14318736  0.33116839  0.3499274  -0.06764569]
 [-0.26093051 -0.08735155 -0.01924791  0.16727647  0.23726142]
 [ 0.04388755 -0.11448386 -0.22308647 -0.03285459  0.22233668]
 [ 0.12009991  0.0066089   0.17757451 -0.0670408  -0.13800906]
 [-0.13731571  0.0100246  -0.18382712 -0.10726642  0.0166002 ]]
Matrix Pair 13; W = [[ 0.19682669  0.02852338  0.18003762 -0.12869743 -0.01321033]
 [-0.17124015 -0.31059809 -0.07865071  0.24270268 -0.11346551]
 [ 0.00976657 -0.06339315 -0.15909851  0.08828432 -0.12313935]
 [ 0.03215131  0.15029221  0.09363825 -0.13033497 -0.11773688]
 [-0.09387616 -0.16975145 -0.22775895 -0.18458745 -0.0646679 ]]
U = [[ 0.24288263  0.20167881  0.29154361  0.37715118 -0.02883484]
 [-0.33565502 -0.06502312  0.05863214  0.16561906  0.23664178]
 [ 0.13886549 -0.06472767 -0.15610442 -0.01687089  0.19141027]
 [ 0.14312023 -0.04728035  0.25940502 -0.15244159 -0.15282799]
 [-0.09458413 -0.06287237 -0.17541231 -0.04638642  0.01164329]]
Matrix Pair 14; W = [[ 0.20943521  0.05593643  0.12090164 -0.05255015 -0.07501057]
 [-0.09307765 -0.33324191  0.00398471  0.22306369 -0.1107198 ]
 [-0.0581435  -0.01543365 -0.1546554   0.00696622 -0.07485651]
 [-0.02074114  0.08176137  0.11075191 -0.04436901 -0.08165882]
 [-0.11104237 -0.13545056 -0.26310182 -0.21956344 -0.06970922]]
U = [[ 0.19082849  0.13969339  0.26063988  0.357479   -0.01643569]
 [-0.3007869  -0.1159494   0.04930114  0.15088508  0.3092269 ]
 [ 0.10010009 -0.12128512 -0.18466344  0.00307536  0.20022236]
 [ 0.10314344 -0.01320488  0.21088212 -0.0781164  -0.07577544]
 [-0.09434271 -0.06679393 -0.21469609 -0.04140358  0.00807129]]
Matrix Pair 15; W = [[ 0.19941997  0.06899957  0.16700866 -0.13383627  0.00487838]
 [-0.10519738 -0.38170625 -0.06031415  0.26318761 -0.10013506]
 [-0.05483246 -0.04668503 -0.09528951  0.03022031 -0.08174161]
 [-0.03886071  0.1206532   0.08723459 -0.0645063  -0.06312529]
 [-0.16026313 -0.10561742 -0.28836772 -0.18582286 -0.05377797]]
U = [[ 0.16693911  0.17700022  0.34624273  0.39388203 -0.06208558]
 [-0.33811411 -0.04622106  0.05309145  0.09879329  0.22700952]
 [ 0.04897934 -0.10496073 -0.21174982 -0.06933004  0.19131228]
 [ 0.15343117  0.02858452  0.18735551 -0.12952503 -0.13418235]
 [-0.10719286 -0.0056968  -0.1819075  -0.04588455  0.00168056]]
Matrix Pair 16; W = [[ 0.20096217 -0.00714509  0.14593581 -0.035223   -0.03068975]
 [-0.15539204 -0.3798182  -0.0915528   0.26084219 -0.08061409]
 [-0.07890733 -0.00839409 -0.19780146  0.07364262 -0.13557383]
 [ 0.01851228  0.12795798  0.14575867 -0.06220582 -0.09920838]
 [-0.1806148  -0.15696767 -0.24713254 -0.10789736 -0.01555017]]
U = [[ 0.23215706  0.19189566  0.37947002  0.38064489 -0.03326154]
 [-0.39099532 -0.09541785  0.08353926  0.1131676   0.23843372]
 [ 0.01293296 -0.0770149  -0.20393728 -0.03157543  0.1548676 ]
 [ 0.24430056 -0.07532594  0.21319429 -0.06339407 -0.09359399]
 [-0.01958774  0.00110618 -0.23512985 -0.06081883 -0.09448413]]
Matrix Pair 17; W = [[ 0.1748868   0.02928563  0.10180591 -0.06532949 -0.03517591]
 [-0.07197242 -0.43493807 -0.04886732  0.21366358 -0.11689381]
 [-0.00311073  0.02843434 -0.11322174  0.03361268 -0.11346557]
 [ 0.04655771  0.14382974  0.18574196 -0.03103521 -0.0769547 ]
 [-0.19012734 -0.08623529 -0.27049944 -0.08282592 -0.02673747]]
U = [[ 0.18480856  0.13321643  0.35794079  0.30911447 -0.07230009]
 [-0.31971826 -0.07042661  0.02364029  0.08899831  0.2896835 ]
 [ 0.00222251 -0.08634397 -0.17380057 -0.02430152  0.14357752]
 [ 0.15261416 -0.07670473  0.23705974 -0.01905481 -0.12612927]
 [-0.00699026 -0.00130284 -0.24776119 -0.04824409 -0.08735657]]
Matrix Pair 18; W = [[ 0.16736924  0.04148795  0.08731491  0.00894611  0.01096755]
 [-0.07329859 -0.44090671 -0.05975477  0.27886097 -0.14754196]
 [-0.00130075  0.05111078 -0.13072857  0.0207031  -0.10156112]
 [ 0.03228666  0.16545941  0.18527864 -0.04654345 -0.07227413]
 [-0.14505979 -0.09978113 -0.27142356 -0.13037067 -0.07621787]]
U = [[ 0.1806671   0.21547403  0.32331068  0.34040718 -0.00552527]
 [-0.32078156 -0.09107304  0.06814903  0.16865187  0.21469455]
 [ 0.08361415 -0.08382785 -0.16468569 -0.03790936  0.16663067]
 [ 0.18826487 -0.04088521  0.2488329  -0.03218096 -0.10487362]
 [-0.09642881 -0.01720349 -0.28483001 -0.03881438 -0.03973925]]
Matrix Pair 19; W = [[ 0.17337048 -0.04035348  0.11159328 -0.08758802 -0.00683239]
 [-0.07280306 -0.45254009 -0.08420524  0.21546074 -0.07960055]
 [-0.04093368  0.01229817 -0.11424543  0.07156889 -0.09163129]
 [ 0.01163874  0.12192601  0.13842056 -0.02719707 -0.07743364]
 [-0.16444319 -0.11786012 -0.29470785 -0.15732205 -0.06931913]]
U = [[ 0.15441713  0.15565433  0.38378882  0.31236664 -0.04012115]
 [-0.40145837 -0.05947565  0.01631852  0.1123225   0.23611524]
 [ 0.04996845 -0.09390972 -0.19230958 -0.00863363  0.10410529]
 [ 0.16803379 -0.04001888  0.2511847  -0.00670275 -0.13702502]
 [-0.08504899 -0.00967754 -0.28133123 -0.05717866 -0.08285859]]
Matrix Pair 20; W = [[ 0.19010221  0.02942062  0.15731413 -0.03392357  0.01447974]
 [-0.11878067 -0.39534758 -0.04470104  0.22509213 -0.17052234]
 [-0.02594111  0.07097421 -0.10233831  0.03004591 -0.09429685]
 [-0.01301594  0.1642357   0.17048765 -0.08719127 -0.12664251]
 [-0.20263803 -0.12162379 -0.28048457 -0.10106502 -0.03422965]]
U = [[ 0.14148387  0.15516486  0.38418152  0.39613601 -0.09486365]
 [-0.31014876 -0.07119363  0.05797779  0.14290187  0.2254569 ]
 [ 0.07088289 -0.05135617 -0.2029312  -0.02846287  0.12258843]
 [ 0.17534354 -0.06515555  0.18845741 -0.09698169 -0.10531656]
 [-0.03862973 -0.02036024 -0.19895382 -0.01743557 -0.08254895]]
Matrix Pair 21; W = [[ 0.16379048 -0.0199858   0.15533276 -0.02156368 -0.04255272]
 [-0.10205528 -0.41560376 -0.07828686  0.24473595 -0.09795009]
 [-0.09362764  0.02648237 -0.19335062  0.01321056 -0.0936727 ]
 [-0.01064683  0.1369073   0.13043892 -0.05423822 -0.06238853]
 [-0.13478225 -0.06658215 -0.26184828 -0.13132733 -0.01038198]]
U = [[ 0.15523243  0.12032658  0.31254974  0.36208798 -0.05112548]
 [-0.38454924 -0.11762259 -0.00048683  0.17721817  0.28679531]
 [ 0.06498652 -0.08705409 -0.1314174  -0.04585339  0.14004312]
 [ 0.20344652 -0.01388832  0.22287564 -0.09645442 -0.08987467]
 [-0.0592619  -0.04109453 -0.27881382 -0.05306343 -0.08839584]]
Matrix Pair 22; W = [[ 0.12375229 -0.0277953   0.09431281 -0.02729001 -0.01001049]
 [-0.09201055 -0.38696804 -0.07540118  0.29078766 -0.08037287]
 [-0.02460788  0.06826128 -0.13264738  0.01227535 -0.09372595]
 [ 0.02600653  0.08793815  0.14659691 -0.08343913 -0.09588028]
 [-0.20041356 -0.07530971 -0.3142207  -0.10450633 -0.07706863]]
U = [[ 0.1835288   0.14506415  0.32544431  0.40454283 -0.04882203]
 [-0.37855545 -0.13068031  0.06308932  0.11685038  0.23877824]
 [ 0.07029831 -0.09529706 -0.15899198 -0.04124897  0.10666013]
 [ 0.14549657 -0.0233534   0.19749621 -0.08198356 -0.07930016]
 [-0.06655309 -0.06238257 -0.20072408 -0.04355781 -0.05526632]]
Matrix Pair 23; W = [[ 0.17847695  0.0302925   0.09708186 -0.01248089  0.01039943]
 [-0.1029443  -0.38505632 -0.09696781  0.27888754 -0.14161482]
 [-0.01800314  0.01741061 -0.15811854  0.06372265 -0.07712776]
 [-0.0309065   0.16309241  0.16316895 -0.08222101 -0.093384  ]
 [-0.18996816 -0.15318405 -0.33391994 -0.09946098 -0.05873967]]
U = [[ 0.13545562  0.16099221  0.35901568  0.33045809 -0.07639668]
 [-0.36688573 -0.10589163  0.04337262  0.17242887  0.25302897]
 [ 0.06829817 -0.10350443 -0.17669223 -0.02205958  0.13979359]
 [ 0.147529   -0.07759945  0.18648251 -0.06507529 -0.07392762]
 [-0.0519362  -0.01051688 -0.20639632 -0.00683316 -0.09065269]]
Matrix Pair 24; W = [[ 0.18943545 -0.03588777  0.13587563 -0.0558951  -0.01464274]
 [-0.14967689 -0.42663359 -0.11959158  0.29219675 -0.14654882]
 [-0.06508031  0.02750061 -0.19171546  0.02039711 -0.10565922]
 [ 0.0101984   0.0883239   0.19812508 -0.06742315 -0.03791451]
 [-0.1725827  -0.13457616 -0.31263401 -0.17164433 -0.00376913]]
U = [[ 0.21831272  0.21677077  0.3105612   0.39719046 -0.04607936]
 [-0.40523415 -0.09777508  0.0871201   0.1674529   0.26681716]
 [ 0.07336667 -0.08339197 -0.194786   -0.08958531  0.18148418]
 [ 0.18270086 -0.0136317   0.23999436 -0.01378579 -0.14796638]
 [-0.04212683 -0.01189622 -0.2582958  -0.00107959 -0.09090517]]
Matrix Pair 25; W = [[ 0.11596234 -0.02258104  0.14708799 -0.04366143 -0.04854605]
 [-0.10933609 -0.44733772 -0.09401077  0.29941314 -0.0806059 ]
 [-0.03679893  0.01853519 -0.11078567  0.00777925 -0.12560775]
 [ 0.0365985   0.136493    0.1628014  -0.05936807 -0.1013889 ]
 [-0.1892358  -0.07412145 -0.30436424 -0.16192991 -0.01405089]]
U = [[ 0.18813465  0.14881671  0.34330785  0.35576422 -0.0148097 ]
 [-0.40307182 -0.06854789  0.02110891  0.15655199  0.22868296]
 [ 0.04440616 -0.09828014 -0.12252282 -0.05711768  0.14711061]
 [ 0.15965664 -0.06449707  0.26087486 -0.07516607 -0.11622304]
 [-0.0502941  -0.08605547 -0.28715386  0.03328126 -0.06438581]]
Matrix Pair 26; W = [[ 0.17592121  0.04234017  0.17458171 -0.08936727 -0.00854228]
 [-0.07072179 -0.45107397 -0.05818264  0.22284376 -0.15386563]
 [-0.07134007  0.0200466  -0.106835    0.07073376 -0.0822547 ]
 [ 0.00425013  0.17147669  0.20026373 -0.0559262  -0.05427707]
 [-0.18403061 -0.13383429 -0.30434394 -0.12500029 -0.07226287]]
U = [[ 0.21254985  0.17880643  0.35045404  0.34234311 -0.01630633]
 [-0.31048281 -0.09651621  0.05374956  0.08503432  0.23391668]
 [ 0.03860152 -0.09732035 -0.19650523  0.001886    0.16140224]
 [ 0.23783514 -0.01526264  0.2449287  -0.05463632 -0.09441801]
 [-0.09714536 -0.04586709 -0.26263675  0.01656405 -0.0231171 ]]
Matrix Pair 27; W = [[ 0.15862683  0.0291296   0.11998806 -0.08835608 -0.01886127]
 [-0.06975241 -0.36689118 -0.10576687  0.27364642 -0.11376197]
 [-0.04673527  0.04927465 -0.11427305  0.07946223 -0.101086  ]
 [-0.0038762   0.11619501  0.13502216 -0.05071864 -0.03818916]
 [-0.16834764 -0.09136575 -0.31113387 -0.09129636 -0.0668685 ]]
U = [[ 0.16070993  0.13954048  0.30521973  0.30935502 -0.06602369]
 [-0.40728462 -0.12745028  0.06441366  0.15129484  0.24922478]
 [ 0.08147675 -0.13184882 -0.16908712 -0.09444437  0.18081252]
 [ 0.2127879  -0.09322204  0.26435646 -0.10058276 -0.0849881 ]
 [-0.09742815 -0.0286162  -0.21306365 -0.0101753  -0.07079645]]
Matrix Pair 28; W = [[ 0.19451096 -0.03515952  0.09542058 -0.08406404 -0.06582123]
 [-0.07486842 -0.43607066 -0.09157823  0.21057403 -0.16062238]
 [-0.05387232  0.00774895 -0.11966833  0.06540951 -0.08446102]
 [-0.01633567  0.15855235  0.18324723 -0.08106292 -0.0488971 ]
 [-0.14500983 -0.14712673 -0.32171559 -0.08066215 -0.07580138]]
U = [[ 0.17302064  0.17741176  0.32785515  0.39646882 -0.02672117]
 [-0.39028229 -0.13177957  0.07542022  0.11966805  0.2283692 ]
 [ 0.02759511 -0.08623506 -0.16981272 -0.01121652  0.10551022]
 [ 0.24202189 -0.06603746  0.22562996 -0.08935092 -0.14571873]
 [-0.0862228  -0.03808493 -0.22198982  0.00075173 -0.05081332]]
Matrix Pair 29; W = [[ 0.13973723  0.00390513  0.1190083  -0.03796039 -0.00778711]
 [-0.06919797 -0.40443897 -0.06942981  0.28377239 -0.13247458]
 [ 0.00093345  0.06086623 -0.17121942  0.08041255 -0.09883689]
 [ 0.0235535   0.14105412  0.16442314  0.00110664 -0.11936699]
 [-0.15651237 -0.07112293 -0.28253791 -0.12139621 -0.06721685]]
U = [[ 0.162453    0.12212099  0.32565116  0.39909527 -0.04544907]
 [-0.34689904 -0.09348773  0.02291267  0.1311802   0.19793736]
 [ 0.05869093 -0.04154149 -0.15168363 -0.07608643  0.15817588]
 [ 0.24419376 -0.05821031  0.23166937 -0.08247732 -0.06855965]
 [-0.10120202 -0.07466547 -0.23982966  0.03328911 -0.03647935]]
Matrix Pair 30; W = [[ 0.12059371  0.01972764  0.07856652 -0.0247375   0.00968104]
 [-0.14712265 -0.40316985 -0.04862948  0.27677857 -0.16048233]
 [-0.0941007   0.06967284 -0.15463945  0.03028991 -0.05888508]
 [-0.04198178  0.12363782  0.14857967 -0.03345796 -0.11689497]
 [-0.15469199 -0.1610272  -0.30695722 -0.17374094 -0.05395388]]
U = [[ 0.19682398  0.20066257  0.31819428  0.38281646 -0.01693409]
 [-0.37398082 -0.05845852  0.08070291  0.08912642  0.24346833]
 [-0.01140575 -0.12277589 -0.17300254 -0.04118386  0.1141004 ]
 [ 0.18890323 -0.09190026  0.24123746 -0.01476974 -0.11801168]
 [-0.0116888  -0.04658786 -0.20986443 -0.04207165 -0.06880487]]
Matrix Pair 31; W = [[ 0.15135213  0.02809978  0.16309592 -0.06263875 -0.04911587]
 [-0.09517911 -0.43648326 -0.04189157  0.21158243 -0.08910291]
 [-0.08249543  0.01435496 -0.14967063  0.05643452 -0.1420183 ]
 [-0.02754303  0.14238676  0.16076868 -0.00230528 -0.07307645]
 [-0.16685928 -0.14165385 -0.26310664 -0.1536345  -0.02788779]]
U = [[ 0.18623769  0.16832154  0.39789611  0.33229524 -0.08227255]
 [-0.34227333 -0.13149594  0.03387198  0.12885245  0.25972938]
 [ 0.02953561 -0.12126339 -0.13800782 -0.00403786  0.1400303 ]
 [ 0.1835078  -0.05450607  0.25411914 -0.01495472 -0.14786636]
 [-0.03991118 -0.00622828 -0.29151704 -0.01513199 -0.03036239]]
Matrix Pair 32; W = [[ 0.1995995   0.01783469  0.08331247 -0.15683413 -0.03314915]
 [-0.10746256 -0.35275821 -0.06960222  0.19931346 -0.14980367]
 [-0.08799187  0.01136124 -0.07488743  0.03653907 -0.08436844]
 [-0.00167572  0.03037129  0.18026092 -0.03285332 -0.05573871]
 [-0.11376831 -0.11236353 -0.27334107 -0.12708382 -0.07522135]]
U = [[ 0.18161725  0.12273734  0.31017738  0.30438123 -0.06579902]
 [-0.3308967  -0.02119545  0.09102523  0.15556117  0.22487498]
 [ 0.09813594 -0.08020147 -0.19109539 -0.05088621  0.22207514]
 [ 0.17506771  0.05341606  0.24178141 -0.07380754 -0.02297309]
 [-0.06775743 -0.0835091  -0.27643487 -0.05324623 -0.09576723]]
Matrix Pair 33; W = [[ 0.23836756 -0.0217971   0.13148188 -0.15594385  0.00849681]
 [-0.11367791 -0.3178744  -0.10483338  0.20390877 -0.10239753]
 [-0.10621495  0.01412509 -0.10166011  0.10410675 -0.0455001 ]
 [-0.07537448  0.05091647  0.18387247 -0.01364387 -0.08144473]
 [-0.11876336 -0.20003454 -0.33396529 -0.18785515 -0.07922288]]
U = [[ 0.22740903  0.1544095   0.30547555  0.35722213  0.00230908]
 [-0.29235052 -0.10006951  0.05241461  0.14816246  0.24741206]
 [ 0.1258381  -0.09737212 -0.15009016 -0.08813434  0.22119568]
 [ 0.20396109 -0.03463473  0.22774916 -0.08843416 -0.06089306]
 [-0.08539854 -0.06735087 -0.20426135 -0.02892532 -0.13121058]]
Matrix Pair 34; W = [[ 0.22759764 -0.00334024  0.16705238 -0.09380438  0.01035687]
 [-0.12697561 -0.28090662 -0.08963765  0.19102421 -0.09865605]
 [-0.0637653   0.0565744  -0.08745108  0.08042143 -0.03041303]
 [-0.0955892   0.05909662  0.16600453 -0.05419502 -0.04784244]
 [-0.11229138 -0.15362206 -0.29480176 -0.19478502 -0.06795803]]
U = [[ 0.16874889  0.18054689  0.2558803   0.36194889 -0.06809312]
 [-0.33817725 -0.07295838  0.07854624  0.1455573   0.22774664]
 [ 0.07411715 -0.03337859 -0.18181115 -0.10291243  0.18382618]
 [ 0.16147886 -0.03945018  0.22689825 -0.06792255 -0.08953553]
 [-0.08982553 -0.09791198 -0.22198863 -0.09213739 -0.06750623]]
Matrix Pair 35; W = [[ 0.15462142 -0.03575911  0.09033857 -0.10918873  0.01801044]
 [-0.11709332 -0.29044874 -0.0373567   0.23100141 -0.05664892]
 [-0.08999223  0.00260838 -0.13165666  0.11086984 -0.02347848]
 [-0.02767233  0.08621502  0.12701581 -0.05307754 -0.04000434]
 [-0.11845335 -0.11499406 -0.29783031 -0.14698642 -0.035193  ]]
U = [[ 0.16928539  0.16799832  0.28029269  0.37518735 -0.00426675]
 [-0.30897381 -0.09585217  0.05659709  0.1685294   0.18418555]
 [ 0.16219287 -0.10876817 -0.17967729 -0.11990457  0.22685458]
 [ 0.21301644  0.01232746  0.28883203 -0.10166028 -0.04377188]
 [-0.11703613 -0.1177804  -0.29379624 -0.01926302 -0.07796906]]
Matrix Pair 36; W = [[ 0.23418155 -0.01756508  0.16119025 -0.0827556  -0.00118952]
 [-0.1363209  -0.26765997 -0.0340527   0.22522409 -0.09837619]
 [-0.07382175  0.0118445  -0.09989197  0.07235397 -0.07429356]
 [-0.0583566   0.01803371  0.15777854  0.0176714  -0.07132639]
 [-0.18106728 -0.10640101 -0.30039524 -0.16757574 -0.00836476]]
U = [[ 0.1560364   0.17488691  0.29664384  0.35171527  0.00537995]
 [-0.30479032 -0.01977522  0.01810584  0.20084206  0.18822698]
 [ 0.12814939 -0.03483414 -0.21569987 -0.11716616  0.24393205]
 [ 0.22816517 -0.02419658  0.24446015 -0.08473113 -0.09039853]
 [-0.07447217 -0.07825731 -0.24011621 -0.00428943 -0.05902496]]
Matrix Pair 37; W = [[ 0.23434563  0.04612098  0.1017113  -0.07992641  0.01473167]
 [-0.12903913 -0.34051504 -0.05223719  0.18257071 -0.13856188]
 [-0.03130046 -0.01287204 -0.10607351  0.05054787 -0.0829511 ]
 [-0.02850169  0.08660062  0.14571417 -0.00658509 -0.04859624]
 [-0.14318575 -0.11110636 -0.32977005 -0.18977171 -0.01010917]]
U = [[ 0.14202791  0.17985382  0.30710606  0.3762788  -0.01186733]
 [-0.32885184 -0.09236196  0.02816378  0.14602781  0.20839986]
 [ 0.07109345 -0.07571961 -0.1571324  -0.04054432  0.18648143]
 [ 0.15269844  0.05078437  0.26631167 -0.0904266  -0.01603996]
 [-0.11281355 -0.04257009 -0.27217957 -0.01932045 -0.12887359]]
Matrix Pair 38; W = [[ 0.24284979 -0.04702579  0.12813516 -0.10239474 -0.07428962]
 [-0.12763885 -0.29369404 -0.06451985  0.22044447 -0.08369042]
 [-0.07789934  0.01198813 -0.10857854  0.07595886 -0.06963705]
 [-0.05163618  0.02056938  0.09990166 -0.00301007 -0.08142612]
 [-0.136051   -0.19223125 -0.35821582 -0.19796158 -0.00784967]]
U = [[ 0.15379391  0.19533843  0.33729941  0.35034571 -0.02314485]
 [-0.29301716 -0.04838544  0.08506169  0.16236188  0.23141723]
 [ 0.15687315 -0.05380675 -0.19464536 -0.08803659  0.18440081]
 [ 0.23016109  0.05182694  0.24681924 -0.0792931  -0.02752634]
 [-0.08537916 -0.09770405 -0.28512412 -0.02767692 -0.08099775]]
Matrix Pair 39; W = [[ 0.18304485 -0.00843825  0.1586952  -0.13636174  0.0113605 ]
 [-0.13621184 -0.33746757 -0.04293736  0.19712162 -0.15101509]
 [-0.02389036  0.01920219 -0.06027062  0.02204154 -0.03341023]
 [-0.09468237  0.08629236  0.15887567 -0.04599153 -0.06152753]
 [-0.14479555 -0.18141782 -0.31111336 -0.11660979 -0.01473188]]
U = [[ 0.13846128  0.1207131   0.26646734  0.40374315 -0.04631817]
 [-0.24901746 -0.05021951  0.07746562  0.22652305  0.19342372]
 [ 0.08700181 -0.12297174 -0.15045878 -0.10493919  0.24466102]
 [ 0.23123893  0.00329468  0.23302693 -0.08163131 -0.10898092]
 [-0.04050006 -0.03878677 -0.24877067 -0.05401506 -0.14000048]]
Matrix Pair 40; W = [[ 0.16454224  0.02676616  0.10098188 -0.12946719  0.00999086]
 [-0.14704928 -0.27742956 -0.0972682   0.24724581 -0.12692847]
 [-0.07277851  0.03102839 -0.0812116   0.08197964 -0.06081022]
 [-0.06958853  0.07169106  0.15572827 -0.00976166 -0.03395979]
 [-0.16686832 -0.14433911 -0.29534451 -0.20045054 -0.05643345]]
U = [[ 0.14721855  0.11622245  0.29543789  0.31589845  0.01665685]
 [-0.28297198 -0.04901806  0.04845607  0.15094247  0.17704348]
 [ 0.08102469 -0.05454314 -0.19801439 -0.09382869  0.225134  ]
 [ 0.23128814 -0.04341354  0.2620204  -0.12756186 -0.10500498]
 [-0.08684857 -0.02194579 -0.20521347 -0.05594195 -0.05463672]]
Matrix Pair 41; W = [[ 0.21809639  0.02366636  0.11563411 -0.08651166 -0.0297828 ]
 [-0.14772125 -0.33679577 -0.07600076  0.22585412 -0.09505766]
 [-0.09862477  0.01005814 -0.10117543  0.07705722 -0.09172734]
 [-0.03214672 -0.00038952  0.14441473 -0.04183788 -0.07647894]
 [-0.12621105 -0.14755628 -0.34025138 -0.17047041 -0.08924406]]
U = [[ 0.22532997  0.16234026  0.25870234  0.31510928 -0.00538942]
 [-0.3362675  -0.03807656  0.08664923  0.18347505  0.1938907 ]
 [ 0.07394743 -0.11276467 -0.19211178 -0.06116295  0.22563823]
 [ 0.15081485 -0.01349656  0.21561738 -0.0711246  -0.06607204]
 [-0.03848936 -0.10657712 -0.21908359 -0.00423619 -0.10140007]]
Matrix Pair 42; W = [[ 0.18718951  0.01719642  0.12530537 -0.08085133 -0.01259911]
 [-0.16527803 -0.30001614 -0.06838876  0.19470215 -0.07312117]
 [-0.09459201  0.02711768 -0.08155715  0.01901326 -0.0683091 ]
 [-0.02078476  0.0579018   0.11023406 -0.03579436 -0.03970449]
 [-0.19166351 -0.10100248 -0.3294648  -0.19304326 -0.02685506]]
U = [[ 0.22709196  0.1799175   0.2861713   0.35303032  0.0031318 ]
 [-0.27542704 -0.09460892  0.03189553  0.23687735  0.18586629]
 [ 0.09207108 -0.07082712 -0.17858859 -0.09693568  0.24791082]
 [ 0.17235582  0.04744352  0.24345521 -0.04529167 -0.05411512]
 [-0.11584167 -0.04325906 -0.22554083  0.00197711 -0.0655109 ]]
Matrix Pair 43; W = [[ 0.21128506  0.02559127  0.15664932 -0.1020276  -0.03806225]
 [-0.08717    -0.33993378 -0.10340544  0.20941221 -0.07660927]
 [-0.08643383  0.05815222 -0.06231363  0.1092263  -0.04645722]
 [-0.00411607  0.02029156  0.10498853  0.01908661 -0.03404786]
 [-0.17794997 -0.10046897 -0.27193457 -0.17559573  0.00455228]]
U = [[ 0.20911148  0.1961267   0.30646388  0.32786606  0.01169866]
 [-0.28061015 -0.06490387  0.07293227  0.1890225   0.23049606]
 [ 0.12277421 -0.07222338 -0.19645244 -0.04587141  0.22904355]
 [ 0.1566129   0.02756953  0.23513735 -0.13738343 -0.0908824 ]
 [-0.07819047 -0.05654593 -0.23872884 -0.076485   -0.14480992]]
Matrix Pair 44; W = [[ 0.24712076 -0.01878837  0.08086472 -0.09477487  0.01107687]
 [-0.10244841 -0.29206894 -0.04629551  0.25251058 -0.0973819 ]
 [-0.10156243  0.0340495  -0.11061568  0.08265108 -0.09666935]
 [-0.06789709  0.04371188  0.08555831 -0.00613929 -0.05400088]
 [-0.1987538  -0.13872177 -0.33867073 -0.15712439 -0.05603538]]
U = [[ 0.2085345   0.16903244  0.31367559  0.38680755  0.00823269]
 [-0.23942273 -0.1108666   0.02550168  0.23310476  0.23132795]
 [ 0.12613334 -0.04503096 -0.13438972 -0.12774462  0.21354281]
 [ 0.21857941  0.02592407  0.2889078  -0.09097615 -0.09301784]
 [-0.12102196 -0.06654373 -0.27559435 -0.07377703 -0.12962018]]
Matrix Pair 45; W = [[ 0.2056476   0.0317534   0.16030234 -0.15217731 -0.06754384]
 [-0.09945041 -0.29224743 -0.02442109  0.18557367 -0.14498621]
 [-0.0620737  -0.00909249 -0.10585753  0.08923574 -0.04379739]
 [-0.01853814  0.04323009  0.1327725  -0.07072323 -0.07144822]
 [-0.12460403 -0.10052726 -0.28761558 -0.20441515 -0.04888585]]
U = [[ 0.17833736  0.19599769  0.34359035  0.31719706 -0.05400855]
 [-0.33631935 -0.11284845  0.02300663  0.20062808  0.24891407]
 [ 0.07705151 -0.08076997 -0.12389716 -0.06658758  0.17833594]
 [ 0.15777491 -0.02945409  0.29034842 -0.10126625 -0.09006841]
 [-0.02714333 -0.03600858 -0.23346851 -0.07693318 -0.13032545]]
Matrix Pair 46; W = [[ 0.19937929  0.02674873  0.17191106 -0.12904992 -0.02439018]
 [-0.10020722 -0.34011087 -0.07446719  0.27832544 -0.10389518]
 [-0.05244665 -0.03434801 -0.10459776  0.08433047 -0.04090062]
 [-0.05188406  0.00093802  0.16243475 -0.03738024 -0.10306697]
 [-0.11737247 -0.11386507 -0.30713223 -0.13691631 -0.02567562]]
U = [[ 0.18037913  0.13611018  0.31664319  0.38725967 -0.04269664]
 [-0.29086167 -0.03209026  0.08797675  0.19044847  0.17004125]
 [ 0.16748729 -0.12590326 -0.16339467 -0.08079896  0.23304185]
 [ 0.22871775 -0.00061088  0.22534489 -0.07293743 -0.06754074]
 [-0.06344397 -0.10393022 -0.25676319 -0.07660231 -0.05966336]]
Matrix Pair 47; W = [[ 0.22788661 -0.01391952  0.12304095 -0.12895276 -0.04354484]
 [-0.16805491 -0.33332376 -0.07809232  0.20405051 -0.08405689]
 [-0.04500747  0.00756881 -0.14129672  0.1006728  -0.02084789]
 [-0.0077402   0.03359837  0.17727837  0.00121949 -0.06247448]
 [-0.18691694 -0.14168349 -0.34870409 -0.14794735 -0.00318   ]]
U = [[ 0.13442176  0.12649878  0.31089506  0.34536683 -0.06005302]
 [-0.26125116 -0.03544912  0.03337944  0.18512327  0.25874209]
 [ 0.10194992 -0.03608127 -0.12092799 -0.0746521   0.18479394]
 [ 0.17803936  0.04480498  0.27603234 -0.08827397 -0.04319644]
 [-0.10927629 -0.03795394 -0.29550476 -0.06369832 -0.10157618]]
Matrix Pair 48; W = [[ 0.20196928 -0.01659545  0.13298865 -0.12183025 -0.00109302]
 [-0.09938335 -0.35339896 -0.07577575  0.20810364 -0.05325134]
 [-0.13678659  0.02011145 -0.06248862  0.11465486 -0.12877997]
 [-0.02723695  0.06270847  0.09924713 -0.00718227 -0.11309563]
 [-0.17216196 -0.12634653 -0.27374737 -0.22409729 -0.03902974]]
U = [[ 0.10393274  0.2200969   0.32683534  0.40240408 -0.02446426]
 [-0.33721007 -0.13079693  0.08191033  0.14221657  0.28933213]
 [ 0.09862868 -0.04675507 -0.15454275 -0.02120788  0.18329969]
 [ 0.20361464 -0.01502426  0.28117082 -0.10696495 -0.09434259]
 [-0.07126313 -0.04915723 -0.21982349 -0.06288218 -0.05972412]]
Matrix Pair 49; W = [[ 0.15983339  0.05024634  0.12109194 -0.07956649  0.0102855 ]
 [-0.09800519 -0.38627591 -0.066772    0.27212506 -0.065679  ]
 [-0.11605036  0.04137714 -0.06856975  0.05449831 -0.0561017 ]
 [-0.07599725  0.05726811  0.15245605 -0.04598569 -0.13825563]
 [-0.19818655 -0.10583686 -0.2487357  -0.2182195  -0.03275538]]
U = [[ 0.14491481  0.19759705  0.32516404  0.38499879 -0.08975368]
 [-0.26740212 -0.12856533  0.00537249  0.15069813  0.29425033]
 [ 0.12443874 -0.05886314 -0.21423765 -0.07575506  0.18356734]
 [ 0.14295984  0.00495299  0.19707103 -0.12976809 -0.14296115]
 [-0.11151656  0.00686944 -0.23661156 -0.06250858 -0.07458841]]
Matrix Pair 50; W = [[ 0.24176172  0.06115059  0.18917749 -0.05171206 -0.01321134]
 [-0.08780364 -0.42277643 -0.03164188  0.22487841 -0.03439916]
 [-0.07103474  0.05784725 -0.12071212  0.03146198 -0.07920738]
 [-0.02162552  0.13186163  0.10616769 -0.0296052  -0.1235156 ]
 [-0.19334094 -0.1064893  -0.2492296  -0.17697918 -0.03213921]]
U = [[ 0.12252902  0.15813415  0.26407616  0.40093689 -0.11149021]
 [-0.36259168 -0.12491934  0.06381137  0.15875306  0.30037489]
 [ 0.06003637 -0.04731706 -0.2123764  -0.04257519  0.15297173]
 [ 0.18212948 -0.03244542  0.23361118 -0.06468356 -0.12613349]
 [-0.06289625 -0.02031277 -0.24163815  0.02674609 -0.10581481]]
Matrix Pair 51; W = [[ 0.17099933  0.02671528  0.15537822 -0.09218035  0.03253463]
 [-0.12168125 -0.41654819 -0.035307    0.28426029 -0.0580815 ]
 [-0.12321755  0.03312368 -0.10642109  0.08768234 -0.08878188]
 [-0.05910845  0.12243186  0.13856784 -0.03825    -0.11085593]
 [-0.1479357  -0.16316649 -0.32272852 -0.22345431 -0.04296457]]
U = [[ 0.12317686  0.17118398  0.31194212  0.35910247 -0.01458335]
 [-0.34755906 -0.13055772  0.03713886  0.13614983  0.3145777 ]
 [ 0.05603753 -0.05899695 -0.23268361 -0.05017678  0.22156534]
 [ 0.19452838  0.03199427  0.23738222 -0.10960554 -0.0628251 ]
 [-0.1289245   0.03281102 -0.25442331  0.03078324 -0.10521284]]
Matrix Pair 52; W = [[ 0.14437305 -0.02335195  0.1770013  -0.06432637 -0.03976838]
 [-0.08677241 -0.41824508 -0.07524235  0.2000288  -0.09389676]
 [-0.05646898  0.0179625  -0.10168255  0.04223135 -0.11925628]
 [-0.04279901  0.06910917  0.0706193  -0.00145704 -0.07673871]
 [-0.16080909 -0.08631825 -0.28042543 -0.16063022 -0.09346806]]
U = [[ 0.12577585  0.13041904  0.29562216  0.36791284 -0.06198198]
 [-0.28858947 -0.10984699  0.02168552  0.19213347  0.32284111]
 [ 0.1295867  -0.08337833 -0.17236558 -0.08131473  0.18688578]
 [ 0.14336492  0.00195868  0.28242372 -0.06972544 -0.1002033 ]
 [-0.12564924 -0.04921641 -0.20308866  0.01422161 -0.12315193]]
Matrix Pair 53; W = [[ 0.17927875 -0.03028123  0.11423968 -0.07420574 -0.02556724]
 [-0.1619963  -0.34521903 -0.0435011   0.20687645 -0.08268513]
 [-0.0990248   0.0252204  -0.09429416  0.09021257 -0.0813644 ]
 [-0.00164781  0.1047753   0.13532717 -0.05034998 -0.0698659 ]
 [-0.1305146  -0.09370209 -0.29746173 -0.18199997 -0.04922122]]
U = [[ 0.13193656  0.14628045  0.27755586  0.4188738  -0.02739356]
 [-0.27207472 -0.1003671   0.05439876  0.16703601  0.23907053]
 [ 0.11781978 -0.03514334 -0.19989013 -0.05876249  0.23930017]
 [ 0.20590871  0.01395263  0.25401263 -0.12070545 -0.13515346]
 [-0.04707284 -0.01448661 -0.1743898   0.0202839  -0.03798953]]
Matrix Pair 54; W = [[ 0.20611237  0.04841576  0.18631581 -0.06235951 -0.01607823]
 [-0.16822428 -0.3966226  -0.04056421  0.2888221  -0.0893948 ]
 [-0.09775657  0.02574738 -0.07090221  0.04244188 -0.06729242]
 [-0.07800807  0.07580639  0.11482713 -0.00864852 -0.05072739]
 [-0.20804662 -0.17637871 -0.24914646 -0.13460137 -0.00643066]]
U = [[ 0.15221518  0.22194542  0.28604856  0.4111757  -0.06750486]
 [-0.33375539 -0.15058366 -0.00323501  0.1225776   0.32425692]
 [ 0.11968343 -0.03474618 -0.1501753  -0.10091159  0.17986295]
 [ 0.19923817  0.04506665  0.19564005 -0.0546145  -0.07107251]
 [-0.06555877  0.01689199 -0.25226914 -0.00220672 -0.11945055]]
Matrix Pair 55; W = [[ 0.19610019  0.00899296  0.1431574  -0.13194541 -0.01707602]
 [-0.1219229  -0.38293354 -0.08869455  0.23466865 -0.08534   ]
 [-0.06039291  0.00806224 -0.07653084  0.11605847 -0.0888178 ]
 [ 0.00151337  0.11222208  0.13573897 -0.04198521 -0.10508786]
 [-0.12663194 -0.15604081 -0.25995628 -0.21159511 -0.01973272]]
U = [[ 0.15435865  0.19224333  0.26864993  0.40490252 -0.01877043]
 [-0.31043927 -0.15641135  0.0581708   0.18318737  0.32069698]
 [ 0.10335172 -0.09609137 -0.17123211 -0.08358924  0.15781273]
 [ 0.1943261   0.02549556  0.26908446 -0.05997689 -0.10716041]
 [-0.12478786 -0.04687011 -0.15615331  0.02329115 -0.0366437 ]]
Matrix Pair 56; W = [[ 0.24028797 -0.00046771  0.10782709 -0.09799911  0.03724654]
 [-0.12579548 -0.36554347 -0.07726875  0.283388   -0.09388419]
 [-0.08121342 -0.01342465 -0.1150227   0.05101946 -0.06347321]
 [ 0.004945    0.11460255  0.15091843 -0.00999624 -0.12275465]
 [-0.16168148 -0.08552089 -0.3263812  -0.21908075 -0.04018714]]
U = [[ 0.15995365  0.14718338  0.30584595  0.39531542 -0.10059245]
 [-0.2688511  -0.12520513  0.00573815  0.11245323  0.24813838]
 [ 0.11797675 -0.10387078 -0.22754274 -0.08400537  0.22431839]
 [ 0.12610557 -0.02829723  0.25772791 -0.10284916 -0.13356661]
 [-0.0794341   0.00707226 -0.19498889 -0.022815   -0.03605059]]
Matrix Pair 57; W = [[ 0.16622241 -0.0066282   0.11577793 -0.08340366 -0.01871303]
 [-0.10938407 -0.35401052 -0.09444143  0.20434038 -0.09334046]
 [-0.06212299  0.02897496 -0.05204689  0.08626544 -0.0796158 ]
 [ 0.00826958  0.0710667   0.06300997 -0.05942967 -0.13462891]
 [-0.19803689 -0.16982841 -0.32523248 -0.20813995 -0.06614207]]
U = [[ 0.14733679  0.18753275  0.31325586  0.36287955 -0.07650018]
 [-0.31769861 -0.10206708  0.07568716  0.15133235  0.27969473]
 [ 0.04228134 -0.0576402  -0.17134354 -0.09176648  0.17322192]
 [ 0.17853328  0.01280423  0.28148002 -0.09342864 -0.10741201]
 [-0.05630337 -0.01992362 -0.19694136  0.007118   -0.03061543]]
Matrix Pair 58; W = [[ 0.18205158  0.05658227  0.18170933 -0.10072386 -0.04371488]
 [-0.08279781 -0.41289551 -0.06140287  0.2444263  -0.08947732]
 [-0.04945482  0.04389159 -0.07141926  0.0337194  -0.13485355]
 [-0.05165753  0.14732662  0.09966405 -0.09870022 -0.10711297]
 [-0.18656219 -0.13659836 -0.25955832 -0.13964573 -0.06137167]]
U = [[ 0.09496218  0.18650437  0.25420839  0.3627656  -0.04119581]
 [-0.3268937  -0.08369926  0.02785268  0.1605118   0.27291129]
 [ 0.12202576 -0.10748989 -0.15283426 -0.11105431  0.1684527 ]
 [ 0.12902758 -0.04129037  0.19847744 -0.13172814 -0.13053768]
 [-0.08782038 -0.02742965 -0.22203227 -0.0430778  -0.10762434]]
Matrix Pair 59; W = [[ 0.23412419  0.00908751  0.12526766 -0.13732982  0.02343394]
 [-0.07545689 -0.38615673 -0.06838818  0.26730186 -0.12542241]
 [-0.04973859  0.0528089  -0.11108431  0.09058746 -0.10669419]
 [-0.05841354  0.12096289  0.14518945 -0.06762486 -0.08847362]
 [-0.19417471 -0.1012716  -0.27863128 -0.19860482 -0.10140653]]
U = [[ 0.1129505   0.22156258  0.28521125  0.43203137 -0.09160044]
 [-0.32162908 -0.07760159  0.01849937  0.12401623  0.3135275 ]
 [ 0.05137837 -0.07697744 -0.15661579 -0.09342637  0.16240244]
 [ 0.12193644  0.02670706  0.24823767 -0.0636652  -0.14381026]
 [-0.13009338  0.02761725 -0.18330758 -0.04825383 -0.10034645]]
Matrix Pair 60; W = [[ 0.17803772  0.00443101  0.17062173 -0.09280611 -0.00292202]
 [-0.130696   -0.38638    -0.03343673  0.21438376 -0.10717701]
 [-0.08080371 -0.00443124 -0.12935477  0.05274374 -0.07209359]
 [-0.06066764  0.10718813  0.12752917 -0.03880316 -0.14056248]
 [-0.15423085 -0.14000615 -0.27923016 -0.2042979  -0.08311973]]
U = [[ 0.10562067  0.20272684  0.34910845  0.34021055 -0.06510105]
 [-0.35575084 -0.06752327  0.05306966  0.11992148  0.30973702]
 [ 0.05128953 -0.06990677 -0.23120557 -0.07845356  0.23767996]
 [ 0.1207129  -0.02802452  0.27528191 -0.08188901 -0.04889305]
 [-0.04680396 -0.03933587 -0.21082216 -0.03361548 -0.05766035]]
Matrix Pair 61; W = [[ 0.18077735 -0.00184548  0.15587792 -0.10202861 -0.01919147]
 [-0.15412075 -0.43035424 -0.01714271  0.21457083 -0.11307489]
 [-0.08472645 -0.00969368 -0.04890634  0.02735688 -0.05085956]
 [-0.04943412  0.14819262  0.14106079 -0.05657855 -0.05256874]
 [-0.11142409 -0.17600706 -0.30633659 -0.14854507 -0.01553675]]
U = [[ 0.11302834  0.21363687  0.25602581  0.4064931  -0.08188054]
 [-0.36403045 -0.07639933  0.08416029  0.16055457  0.23061454]
 [ 0.10604814 -0.07520061 -0.18515678 -0.02437206  0.22957422]
 [ 0.12092345 -0.0166431   0.2243407  -0.09923406 -0.08517397]
 [-0.07961505 -0.02191716 -0.18242942 -0.00569207 -0.05609047]]
Matrix Pair 62; W = [[ 1.66955628e-01 -2.95393868e-02  1.40247068e-01 -1.15479322e-01
  -7.24397129e-05]
 [-1.69007119e-01 -4.19805866e-01 -4.26372155e-02  1.93946707e-01
  -5.20721726e-02]
 [-9.36845985e-02  4.57168999e-02 -1.04260328e-01  5.76010110e-02
  -7.03070014e-02]
 [-5.23502021e-02  7.06805248e-02  1.26283798e-01 -3.32766775e-02
  -5.34954805e-02]
 [-1.34532794e-01 -1.68891494e-01 -2.49114394e-01 -1.73758983e-01
  -7.31540780e-02]]
U = [[ 0.17229612  0.14946355  0.26461885  0.36339115 -0.10025684]
 [-0.31625263 -0.09713496  0.08724222  0.11610533  0.29303012]
 [ 0.10406348 -0.098678   -0.14860145 -0.03182215  0.17561917]
 [ 0.20442848  0.03646161  0.25401162 -0.07820056 -0.09434077]
 [-0.10610536 -0.02925087 -0.20755065  0.0057001  -0.07518441]]
Matrix Pair 63; W = [[ 0.14614481 -0.02885728  0.13239219 -0.1206405  -0.03907849]
 [-0.15543276 -0.38762093 -0.05966291  0.19976012 -0.12174524]
 [-0.11675797  0.00265087 -0.09164896  0.10835611 -0.10689536]
 [-0.06232449  0.07259256  0.06416167 -0.08403469 -0.08580395]
 [-0.14751262 -0.14834897 -0.33327961 -0.17236357 -0.07672264]]
U = [[ 0.11385994  0.18228288  0.2932485   0.34357387 -0.06353099]
 [-0.32889153 -0.09077001  0.05801362  0.17911638  0.32453454]
 [ 0.13379238 -0.1066144  -0.23021627 -0.04175161  0.16496408]
 [ 0.14066588 -0.04157325  0.29017481 -0.12068567 -0.11415389]
 [-0.12147225  0.01659671 -0.20499208  0.00284354 -0.08891161]]
Matrix Pair 64; W = [[ 0.10294396 -0.01246044  0.15563443 -0.14021735 -0.05414771]
 [-0.1202183  -0.40644247 -0.14689652  0.19229721 -0.06729063]
 [-0.07630121  0.02292829 -0.12657182  0.01544003 -0.08679727]
 [-0.00894286  0.06796451  0.08398183 -0.13076854 -0.08067775]
 [-0.13705107 -0.11676505 -0.31706144 -0.19334059 -0.02044896]]
U = [[ 0.20359975  0.20545918  0.345617    0.37933458 -0.0976285 ]
 [-0.27922632 -0.03779533  0.03497014  0.19342431  0.18261641]
 [ 0.11020603 -0.10393275 -0.20539553 -0.11744958  0.20449963]
 [ 0.14590917 -0.02946885  0.2616897  -0.06186814 -0.03766092]
 [-0.03411902 -0.03245233 -0.18963465  0.020845   -0.04036741]]
Matrix Pair 65; W = [[ 0.13896642 -0.02688258  0.21253008 -0.08432605  0.01775945]
 [-0.09017424 -0.38556722 -0.13864839  0.18758071 -0.02472138]
 [-0.13840931  0.04023857 -0.12874013  0.082726   -0.14659705]
 [ 0.01488165  0.11613175  0.09672265 -0.12566549 -0.03902203]
 [-0.14047821 -0.12546476 -0.32025834 -0.18367355 -0.00232787]]
U = [[ 0.2468046   0.16752631  0.26418564  0.33570042 -0.03776207]
 [-0.24556782 -0.07972893  0.08108968  0.17478666  0.16991207]
 [ 0.17971937 -0.12607882 -0.14292974 -0.18490333  0.21350432]
 [ 0.21013735 -0.1142175   0.21721412 -0.01672244 -0.08953885]
 [-0.06316967  0.02138731 -0.21901727 -0.05093427 -0.02288941]]
Matrix Pair 66; W = [[ 0.12587026 -0.04186438  0.13393171 -0.11847994 -0.0475296 ]
 [-0.14480088 -0.35127804 -0.17341187  0.28108855 -0.08177582]
 [-0.1250394   0.03091981 -0.14294616  0.03071666 -0.12847241]
 [ 0.00667203  0.05286673  0.06202664 -0.1163227  -0.09602546]
 [-0.11137809 -0.18111108 -0.33364522 -0.15300616  0.00732647]]
U = [[ 0.21071617  0.14469665  0.31774917  0.37211587 -0.10746738]
 [-0.24568069 -0.08542853  0.06799355  0.1666419   0.20915454]
 [ 0.10592754 -0.10320366 -0.21291979 -0.18171218  0.20846608]
 [ 0.15659446 -0.08224777  0.20615711 -0.02607246 -0.07924522]
 [-0.08123774 -0.03423893 -0.2364342  -0.01702926 -0.10423812]]
Matrix Pair 67; W = [[ 0.12855769 -0.04197388  0.20896132 -0.09985285  0.01055735]
 [-0.12033587 -0.39863277 -0.18246367  0.18830002 -0.04765541]
 [-0.11805907  0.05060951 -0.12335325  0.09511561 -0.06903313]
 [-0.02304592  0.12053959  0.08805038 -0.11267763 -0.05814937]
 [-0.13689962 -0.09202102 -0.31825153 -0.14571611 -0.04518687]]
U = [[ 0.23573366  0.16782103  0.32503566  0.29960028 -0.03773431]
 [-0.2988617  -0.1019152   0.01862641  0.14237226  0.25157114]
 [ 0.17751484 -0.10738812 -0.19748977 -0.12226826  0.17454901]
 [ 0.21799155 -0.02919464  0.26995545 -0.01712181 -0.0695154 ]
 [-0.02117919  0.04875784 -0.27084    -0.06195789 -0.07203118]]
Matrix Pair 68; W = [[ 0.12184048  0.01557416  0.14918189 -0.10316826 -0.01186115]
 [-0.09572158 -0.388763   -0.12519014  0.2283005  -0.0692861 ]
 [-0.10278546  0.0661402  -0.14686404  0.0217517  -0.12470354]
 [ 0.02238506  0.12178561  0.07884378 -0.05107913 -0.02233424]
 [-0.12032326 -0.10231697 -0.31446029 -0.19072404  0.00482622]]
U = [[ 0.17956807  0.22736212  0.29078483  0.32735135 -0.06928826]
 [-0.23497413 -0.09871073  0.04597812  0.18558865  0.23181602]
 [ 0.14333698 -0.09684171 -0.21120411 -0.17963829  0.21400019]
 [ 0.2369923  -0.03228395  0.21286705 -0.09599244 -0.0322091 ]
 [-0.04145358 -0.01027914 -0.22287456  0.0349424  -0.07665819]]
Matrix Pair 69; W = [[ 0.10726985  0.01415773  0.18464067 -0.15914872  0.01416041]
 [-0.14242658 -0.41739572 -0.12899828  0.20539809 -0.08177973]
 [-0.06482304  0.06985557 -0.17796617  0.05293113 -0.1423641 ]
 [ 0.01399915  0.09412203  0.06431794 -0.13116201 -0.10909001]
 [-0.12633878 -0.10804279 -0.32816471 -0.17903393  0.0027205 ]]
U = [[ 0.2472426   0.16382668  0.32064524  0.37252032 -0.07045731]
 [-0.2903203  -0.02888295  0.01295654  0.1504916   0.24836388]
 [ 0.11913453 -0.10377417 -0.14702647 -0.19379041  0.18773777]
 [ 0.21628736 -0.03251919  0.2629867  -0.1024532  -0.10409462]
 [-0.02163336  0.04892957 -0.23350658  0.02926233 -0.08318325]]
Matrix Pair 70; W = [[ 0.17104904  0.03562962  0.2140588  -0.06101972 -0.04561597]
 [-0.08586451 -0.38325641 -0.11234343  0.22632631 -0.04561387]
 [-0.08245536  0.0324267  -0.12149451  0.0693215  -0.14882852]
 [ 0.01052037  0.05336546  0.06315116 -0.05519121 -0.08167277]
 [-0.18811414 -0.12322674 -0.27728238 -0.20770519 -0.0485925 ]]
U = [[ 0.17516302  0.21731956  0.29415833  0.3122818  -0.0137816 ]
 [-0.28537446 -0.09061834  0.00669218  0.16788279  0.20507496]
 [ 0.1567758  -0.09468492 -0.20532026 -0.16434426  0.16055744]
 [ 0.22192962 -0.04880872  0.25509822 -0.04384644 -0.09771095]
 [-0.01682459  0.02068901 -0.2174959  -0.03741432 -0.08034902]]
Matrix Pair 71; W = [[ 0.11247686 -0.01951246  0.12213657 -0.14579135 -0.0097833 ]
 [-0.13594218 -0.34701292 -0.11229861  0.1895171  -0.10216223]
 [-0.05482043  0.03916722 -0.11473522  0.09144735 -0.11438072]
 [ 0.04564952  0.03762426  0.07645954 -0.07889451 -0.06905014]
 [-0.18811517 -0.12391198 -0.28928945 -0.13059497 -0.03262687]]
U = [[ 0.24310192  0.16570379  0.26451439  0.32511781 -0.08331396]
 [-0.27051948 -0.08621866  0.0326831   0.12134014  0.16585103]
 [ 0.10505465 -0.15420101 -0.15972369 -0.1256501   0.21951392]
 [ 0.23214085 -0.10966109  0.27977405 -0.03128779 -0.04143877]
 [-0.03543673  0.03645779 -0.25750555  0.01928153 -0.06140615]]
Matrix Pair 72; W = [[ 0.11956028 -0.01082018  0.18644176 -0.09822186 -0.05041943]
 [-0.10717451 -0.39860013 -0.10580968  0.26873896 -0.0788822 ]
 [-0.07139975  0.02287528 -0.13975568  0.08068509 -0.13629725]
 [ 0.01642928  0.06494082  0.13846214 -0.08352167 -0.04677944]
 [-0.18147593 -0.17951889 -0.36539986 -0.16656395 -0.04977535]]
U = [[ 0.18719357  0.13084637  0.31026522  0.36710668 -0.04592264]
 [-0.26818637 -0.0454329   0.04351243  0.15245021  0.23491304]
 [ 0.15236227 -0.08510573 -0.13896574 -0.16083675  0.17077405]
 [ 0.16353639 -0.09265305  0.29399877 -0.09941247 -0.06810324]
 [-0.09481078 -0.01902867 -0.27951384  0.03683802 -0.04972334]]
Matrix Pair 73; W = [[ 0.17050086 -0.04027208  0.13360802 -0.06627085 -0.04494189]
 [-0.15858657 -0.4065057  -0.16721654  0.21759123 -0.08055322]
 [-0.07579304  0.05483482 -0.16454374  0.07000804 -0.08542852]
 [-0.00376242  0.09475584  0.1059292  -0.05421529 -0.06626414]
 [-0.15990749 -0.08830251 -0.3371142  -0.18845123  0.02107914]]
U = [[ 0.16838876  0.18379753  0.32654553  0.29877223 -0.06480265]
 [-0.28806402 -0.05891661  0.06695836  0.15684598  0.2403896 ]
 [ 0.12000309 -0.1149075  -0.1856855  -0.10759744  0.22960608]
 [ 0.20637767 -0.0716169   0.24327159 -0.04440556 -0.1002089 ]
 [-0.01163932 -0.01000629 -0.18833189 -0.03621934 -0.10067415]]
Matrix Pair 74; W = [[ 0.09383202 -0.04943035  0.15755669 -0.14324258 -0.00048587]
 [-0.08991684 -0.37130085 -0.18371245  0.27277266 -0.00637362]
 [-0.07336315 -0.00776098 -0.11969743  0.02202139 -0.12602474]
 [ 0.00797862  0.13064075  0.06623434 -0.10386733 -0.04770715]
 [-0.16331733 -0.11174915 -0.28872652 -0.20014051 -0.01418563]]
U = [[ 0.19420773  0.194371    0.26671002  0.31084999 -0.05406562]
 [-0.24663816 -0.10954805  0.04539447  0.16680973  0.15613113]
 [ 0.1020739  -0.14093514 -0.22720567 -0.15325307  0.15088396]
 [ 0.20246068 -0.1216897   0.24879201 -0.04505793 -0.03433218]
 [-0.0947459   0.0169617  -0.2432199   0.01494356 -0.01606139]]
Matrix Pair 75; W = [[ 0.10342847  0.01679265  0.21354489 -0.10279098 -0.04687648]
 [-0.12060064 -0.39683293 -0.11470572  0.21212971 -0.04388937]
 [-0.08411764  0.04676046 -0.17866326  0.02704682 -0.10719357]
 [ 0.02693749  0.06230206  0.05705872 -0.08682693 -0.04756228]
 [-0.12356236 -0.09438609 -0.3679253  -0.20172339  0.01557845]]
U = [[ 0.19907697  0.22053613  0.3423657   0.36646014 -0.04125267]
 [-0.25926355 -0.09940166  0.08079982  0.20031223  0.20057726]
 [ 0.14273754 -0.13732334 -0.1698735  -0.15065514  0.2193363 ]
 [ 0.2285463  -0.11011613  0.19867541 -0.10727118 -0.04545433]
 [-0.07007518  0.03292169 -0.26422945 -0.02808636 -0.07858892]]
Matrix Pair 76; W = [[ 0.10090531 -0.04118536  0.13820175 -0.15239095 -0.03690989]
 [-0.07955915 -0.37725465 -0.17486078  0.20993649 -0.09270652]
 [-0.08812691 -0.0063031  -0.14966709  0.04638546 -0.08313894]
 [ 0.03055873  0.08491084  0.13501157 -0.10716409 -0.07204027]
 [-0.12104309 -0.17959619 -0.33778492 -0.12692614 -0.06432385]]
U = [[ 0.24650159  0.16747229  0.34484454  0.35228487 -0.07736737]
 [-0.3022633  -0.07320329 -0.01338649  0.19554409  0.24491761]
 [ 0.12225922 -0.1547456  -0.22088973 -0.16487167  0.24495988]
 [ 0.21466053 -0.03895133  0.20928386 -0.0539435  -0.01107718]
 [-0.0855755  -0.03393669 -0.1931135  -0.02939659 -0.0542681 ]]
Matrix Pair 77; W = [[ 0.09566397  0.02977121  0.13617259 -0.12323328  0.01329879]
 [-0.09738459 -0.41715312 -0.18226715  0.19991511 -0.05816018]
 [-0.10281938  0.04059136 -0.15751604  0.02269014 -0.08594681]
 [-0.04167874  0.06547747  0.15482758 -0.11192132 -0.05067553]
 [-0.10303694 -0.08919864 -0.34593641 -0.14577038 -0.00402031]]
U = [[ 0.23591572  0.130245    0.34127466  0.36758855 -0.08513182]
 [-0.30765026 -0.07733034  0.03259684  0.15445037  0.18116611]
 [ 0.09514407 -0.11369258 -0.20775604 -0.14891549  0.17991636]
 [ 0.19557941 -0.08687857  0.21311304 -0.0859645  -0.05837781]
 [-0.06278419 -0.01740831 -0.22946116 -0.05108907 -0.08187853]]
Matrix Pair 78; W = [[ 0.10688054 -0.02200744  0.19362064 -0.12211785 -0.07434837]
 [-0.10559114 -0.35429971 -0.10330097  0.18350558 -0.08108034]
 [-0.12914847 -0.00564451 -0.11636983  0.01142674 -0.10839565]
 [-0.02038969  0.05406663  0.15495619 -0.11993845 -0.09525935]
 [-0.16327228 -0.12641896 -0.33539241 -0.18817105 -0.07046681]]
U = [[ 0.22490116  0.14067279  0.29115246  0.35259454 -0.04123253]
 [-0.30900839 -0.03875722  0.03736595  0.18641539  0.19390695]
 [ 0.11575596 -0.10077233 -0.1782385  -0.20132164  0.18398368]
 [ 0.19636772 -0.04906756  0.22357124 -0.02694187 -0.10378098]
 [-0.02453575 -0.03813912 -0.23069767  0.00106572 -0.09102898]]
Matrix Pair 79; W = [[ 0.13822124  0.02513546  0.14423239 -0.15537619 -0.03068638]
 [-0.12335969 -0.37662931 -0.18348733  0.23251128 -0.06839683]
 [-0.12605127  0.05402931 -0.12282437  0.02706967 -0.13246047]
 [-0.00385639  0.13550993  0.07710712 -0.09202411 -0.03720469]
 [-0.1108706  -0.09148915 -0.29903241 -0.20398722 -0.07337263]]
U = [[ 0.22601299  0.17417742  0.274437    0.33130454 -0.05274126]
 [-0.26335775 -0.03461952  0.0673458   0.13510678  0.22064006]
 [ 0.11929892 -0.1431448  -0.15068981 -0.17183895  0.17098845]
 [ 0.22173322 -0.12123561  0.25548449 -0.0974243  -0.01680791]
 [-0.013664   -0.02063063 -0.23554074  0.0195776  -0.03319845]]
Matrix Pair 80; W = [[ 0.1404325   0.01953588  0.13367051 -0.12984845 -0.03402031]
 [-0.18453712 -0.35170148 -0.14710797  0.22470098 -0.05224146]
 [-0.04748908  0.03850663 -0.18012403  0.16380195 -0.01731889]
 [ 0.01398032  0.05682728  0.11835396 -0.05183981 -0.11802868]
 [-0.19927521 -0.11006437 -0.30089255 -0.09975654  0.03317964]]
U = [[ 0.19415901  0.24841558  0.2328211   0.327233    0.05706489]
 [-0.25607929 -0.08983519 -0.02504774  0.13164177  0.2730563 ]
 [ 0.0671277  -0.09179167 -0.15369312 -0.15542269  0.13549902]
 [ 0.22040946 -0.07580857  0.24955429 -0.15125138 -0.09575451]
 [-0.14351954 -0.03793897 -0.23904209  0.00987382 -0.15643465]]
Matrix Pair 81; W = [[ 0.19725624 -0.01176746  0.17665845 -0.09051483 -0.05618452]
 [-0.17377291 -0.33648249 -0.09764469  0.22512205 -0.05881351]
 [-0.05344539  0.00799107 -0.20914797  0.09285347 -0.0420586 ]
 [-0.00732086  0.06401129  0.15687514 -0.04173501 -0.10116339]
 [-0.15124291 -0.12047932 -0.29250202 -0.13346929 -0.05925203]]
U = [[ 0.23364854  0.15917383  0.27385981  0.30406988 -0.01156246]
 [-0.2701103  -0.11064533  0.03407992  0.11165938  0.20570754]
 [ 0.11753643 -0.13470509 -0.20070922 -0.19217548  0.17241272]
 [ 0.25688372 -0.0959011   0.21482256 -0.10225915 -0.17049472]
 [-0.14699028 -0.07288334 -0.16069234 -0.00350371 -0.0778734 ]]
Matrix Pair 82; W = [[ 1.68946464e-01 -2.93625742e-05  1.65858135e-01 -9.06576774e-02
  -6.43875338e-02]
 [-1.01313864e-01 -3.17850554e-01 -8.29972434e-02  2.12174368e-01
  -1.07425586e-01]
 [-7.55487641e-02  3.49222447e-02 -1.34547843e-01  1.11642908e-01
  -7.19267477e-02]
 [ 3.92716299e-02  5.85699108e-02  1.06177779e-01 -1.10721127e-01
  -1.04615681e-01]
 [-1.62536812e-01 -1.43539490e-01 -3.22349588e-01 -1.07408545e-01
   7.05658432e-03]]
U = [[ 0.23443558  0.22499259  0.24957847  0.33597865 -0.00412178]
 [-0.29623776 -0.16507041 -0.02212615  0.09029313  0.27517171]
 [ 0.08008925 -0.07976538 -0.16174755 -0.13077522  0.16050706]
 [ 0.20891863 -0.00541836  0.23079041 -0.11791397 -0.12039896]
 [-0.14300542 -0.01753733 -0.19493739 -0.04507769 -0.08352214]]
Matrix Pair 83; W = [[ 0.17383658  0.07777047  0.1602482  -0.10721437 -0.0723891 ]
 [-0.15287872 -0.40763772 -0.09215911  0.29663089 -0.0914162 ]
 [-0.08019445 -0.00654832 -0.14095401  0.09449436 -0.05593479]
 [ 0.06779231  0.05783472  0.08889898 -0.06300767 -0.1283251 ]
 [-0.18042318 -0.14489366 -0.29934966 -0.10564581  0.02771002]]
U = [[ 0.18113379  0.1981167   0.27501089  0.38303528  0.05208654]
 [-0.30593692 -0.08041618 -0.03313805  0.13990584  0.20572444]
 [ 0.10563448 -0.09070188 -0.15876699 -0.09958048  0.17256042]
 [ 0.21248446 -0.04725393  0.20060646 -0.17179404 -0.08475812]
 [-0.12038818 -0.05795235 -0.16121932 -0.01374242 -0.13678618]]
Matrix Pair 84; W = [[ 0.17001268  0.06776235  0.14398487 -0.09655953 -0.0867337 ]
 [-0.15083302 -0.40284663 -0.12259838  0.24302055 -0.07189355]
 [-0.04457469 -0.02533826 -0.20475013  0.15000852 -0.08184611]
 [ 0.0025833   0.08696332  0.12972309 -0.03258536 -0.05947946]
 [-0.19364626 -0.09758656 -0.25047918 -0.12433697 -0.06257104]]
U = [[ 0.17798896  0.20154397  0.27722793  0.35162869 -0.01625942]
 [-0.29453748 -0.16118209  0.05126502  0.11787568  0.24851188]
 [ 0.13722431 -0.06860116 -0.20646195 -0.13807969  0.22116418]
 [ 0.23747739 -0.06106816  0.216517   -0.11636781 -0.12920828]
 [-0.14275074 -0.03030674 -0.22525466  0.02677685 -0.14682194]]
Matrix Pair 85; W = [[ 0.13947181 -0.00525072  0.14242275 -0.09367086 -0.08723731]
 [-0.14344085 -0.32839595 -0.08104783  0.25408527 -0.07114567]
 [-0.10557417  0.03831525 -0.14433538  0.07782404 -0.05928883]
 [-0.00514301  0.0384317   0.1599252  -0.12286246 -0.06831604]
 [-0.19788425 -0.1113455  -0.30918655 -0.1171354  -0.04680056]]
U = [[ 0.16861717  0.21876597  0.2845513   0.33758936 -0.02571468]
 [-0.28886746 -0.14913764 -0.04512546  0.17946657  0.21439379]
 [ 0.12106093 -0.10082636 -0.23822187 -0.15805963  0.16439678]
 [ 0.26417753 -0.09369393  0.22332476 -0.12647681 -0.17474843]
 [-0.15012965 -0.10394611 -0.1589621  -0.07138515 -0.08545474]]
Matrix Pair 86; W = [[ 0.19747376  0.07043305  0.11747385 -0.07594612 -0.06952473]
 [-0.16269642 -0.31781696 -0.10122579  0.29295891 -0.03906262]
 [-0.08647383  0.02470137 -0.17045168  0.10928699 -0.03221579]
 [-0.00122758  0.04253066  0.12546719 -0.04280898 -0.11381743]
 [-0.13515059 -0.12361859 -0.30949288 -0.10385282  0.03030699]]
U = [[ 0.18573001  0.18677486  0.26258746  0.35190603  0.04036164]
 [-0.26216689 -0.11361724 -0.01594415  0.08210963  0.22380822]
 [ 0.0724179  -0.12835917 -0.1624447  -0.12166757  0.2112178 ]
 [ 0.25793115 -0.05333824  0.23318216 -0.15976879 -0.11675714]
 [-0.09084782 -0.10224351 -0.21077497 -0.06997637 -0.14255451]]
Matrix Pair 87; W = [[ 0.16959766  0.0173824   0.14025535 -0.1394402  -0.04287521]
 [-0.10249664 -0.31986781 -0.09343467  0.28242337 -0.05411278]
 [-0.03440346  0.00307981 -0.1858681   0.10022653 -0.04559043]
 [ 0.05604368  0.04071308  0.12530232 -0.07456539 -0.13592629]
 [-0.12346606 -0.13047029 -0.25828593 -0.09414195 -0.02475943]]
U = [[ 0.19703481  0.17870837  0.28725438  0.36627705 -0.00717397]
 [-0.28283842 -0.12131712 -0.04139338  0.09124335  0.2445259 ]
 [ 0.13586408 -0.09800821 -0.15775308 -0.10266855  0.14146624]
 [ 0.243222   -0.0698754   0.22787482 -0.15954419 -0.14060453]
 [-0.08088613 -0.0376787  -0.16423144 -0.03513252 -0.15360092]]
Matrix Pair 88; W = [[ 0.22625449  0.05772007  0.12381674 -0.11837815 -0.08773653]
 [-0.15940197 -0.336724   -0.08284457  0.25689292 -0.05558569]
 [-0.09792548  0.03581367 -0.20918232  0.14383493 -0.03576334]
 [ 0.02906721  0.09079878  0.14057908 -0.06677796 -0.13367177]
 [-0.17178818 -0.17708339 -0.24305676 -0.14357472 -0.05316421]]
U = [[ 0.17447529  0.18940016  0.30423823  0.29801609  0.00650847]
 [-0.29994645 -0.11901864  0.02636905  0.17669728  0.27775542]
 [ 0.08907163 -0.09800783 -0.21201366 -0.13363181  0.13452354]
 [ 0.21537197 -0.05263727  0.26363721 -0.14498934 -0.17383371]
 [-0.11692047 -0.09931862 -0.24791794 -0.06025627 -0.14338999]]
Matrix Pair 89; W = [[ 0.14707702  0.03207829  0.16202714 -0.09490939 -0.08188771]
 [-0.11507859 -0.40995232 -0.08316846  0.2633126  -0.10335386]
 [-0.06747942  0.03029521 -0.13385366  0.16594008 -0.07946452]
 [ 0.02381097  0.0547201   0.17142441 -0.12945323 -0.11776717]
 [-0.18928495 -0.15903244 -0.31848911 -0.16917703  0.01927475]]
U = [[ 0.22879543  0.21670253  0.2655943   0.35328749  0.01353998]
 [-0.23839275 -0.16070531  0.0484312   0.15136315  0.24084225]
 [ 0.07945618 -0.1145606  -0.15335603 -0.17071107  0.22606064]
 [ 0.22681898 -0.04655809  0.23727826 -0.16909966 -0.13523529]
 [-0.07300085 -0.01251268 -0.21166471 -0.02721737 -0.07607718]]
Matrix Pair 90; W = [[ 0.1795223   0.05624326  0.12980881 -0.09321133 -0.1167843 ]
 [-0.15804219 -0.33930941 -0.11001264  0.24177167 -0.05423715]
 [-0.03159842 -0.00476898 -0.13138301  0.16400937 -0.00772276]
 [ 0.00307861  0.12187263  0.10810037 -0.04916166 -0.14105032]
 [-0.15988139 -0.18685044 -0.30979144 -0.12280084 -0.03019336]]
U = [[ 0.18447512  0.1820074   0.25540001  0.33750158  0.01743495]
 [-0.27359686 -0.16197139 -0.01207265  0.16843971  0.29398613]
 [ 0.08935604 -0.09939505 -0.15780527 -0.18357553  0.19429838]
 [ 0.24738717 -0.06794428  0.19942958 -0.12855861 -0.14960799]
 [-0.10950532 -0.03169022 -0.23462885 -0.02421387 -0.082936  ]]
Matrix Pair 91; W = [[ 0.22185707  0.05053101  0.18036103 -0.11798226 -0.12694556]
 [-0.1254548  -0.3802935  -0.10127103  0.22637622 -0.0421119 ]
 [-0.02067038  0.02336504 -0.182288    0.16123802 -0.05260626]
 [-0.01404797  0.08851461  0.0978628  -0.06842441 -0.14168891]
 [-0.16448348 -0.15658297 -0.29604937 -0.09731819 -0.00480045]]
U = [[ 0.18179701  0.24922332  0.28710175  0.30255474  0.05403252]
 [-0.31924731 -0.08518565  0.03361881  0.15993653  0.24037698]
 [ 0.06916803 -0.05706312 -0.20997271 -0.15178884  0.18553772]
 [ 0.1909817  -0.01139938  0.22330028 -0.11856186 -0.17274431]
 [-0.12099334 -0.10624026 -0.21409841  0.02079391 -0.14462971]]
Matrix Pair 92; W = [[ 0.21004564  0.07726423  0.16642021 -0.13056689 -0.07090202]
 [-0.12241649 -0.36237674 -0.09500279  0.20704306 -0.03789879]
 [-0.10549989  0.01906999 -0.14233837  0.08098938 -0.00601484]
 [ 0.02570125  0.11361378  0.17412862 -0.13033009 -0.13831537]
 [-0.11761902 -0.12676278 -0.25131245 -0.16529236  0.02282233]]
U = [[ 0.19325493  0.25205875  0.3079749   0.36250751 -0.03604722]
 [-0.27556767 -0.09528391 -0.03677496  0.09866185  0.20792208]
 [ 0.08905953 -0.09321541 -0.20853802 -0.11363143  0.16477254]
 [ 0.2083088  -0.04292679  0.26160534 -0.08163415 -0.08362254]
 [-0.09578761 -0.10737376 -0.17716887  0.00923912 -0.13557625]]
Matrix Pair 93; W = [[ 0.16892837 -0.00724491  0.12702294 -0.15051749 -0.0302731 ]
 [-0.0959357  -0.33027075 -0.11967084  0.19938744 -0.08546405]
 [-0.06363771  0.01894191 -0.14673335  0.09559313 -0.01232437]
 [-0.00844982  0.08839417  0.1831627  -0.12771764 -0.09744837]
 [-0.19558257 -0.1828046  -0.24599466 -0.13333619 -0.01830902]]
U = [[ 0.17327646  0.1597439   0.27165894  0.37133145  0.04756264]
 [-0.23974953 -0.10936195 -0.03812742  0.1341135   0.2367392 ]
 [ 0.11987317 -0.13980605 -0.20801774 -0.18074069  0.22492741]
 [ 0.18254418 -0.04861156  0.24712174 -0.09340357 -0.12378126]
 [-0.09150429 -0.08971791 -0.25389514  0.01600851 -0.075877  ]]
Matrix Pair 94; W = [[ 0.13785573  0.02943327  0.10798198 -0.12534637 -0.05387941]
 [-0.16007702 -0.32411244 -0.05657839  0.19940411 -0.08662354]
 [-0.09590725 -0.01056071 -0.16854328  0.157953   -0.0198709 ]
 [-0.01274765  0.10238887  0.16962487 -0.04116159 -0.14748987]
 [-0.13035191 -0.18661314 -0.32436449 -0.17146706  0.00485775]]
U = [[ 0.21582585  0.23065624  0.20987246  0.36822422 -0.03705334]
 [-0.23283845 -0.10918025 -0.00053874  0.13497003  0.25670761]
 [ 0.12279335 -0.12147229 -0.21461304 -0.09354292  0.15949432]
 [ 0.24651517 -0.081002    0.26126605 -0.12784004 -0.111646  ]
 [-0.10241037 -0.01681367 -0.25287247  0.02188232 -0.13725255]]
Matrix Pair 95; W = [[ 0.19779203  0.0508996   0.15070948 -0.14261144 -0.11927097]
 [-0.10481595 -0.35618949 -0.10809474  0.29035856 -0.10556731]
 [-0.03649434 -0.0018255  -0.18415406  0.10914394 -0.06670596]
 [ 0.04884369  0.04540257  0.18175081 -0.12092002 -0.11614449]
 [-0.11736682 -0.1084885  -0.26867366 -0.10458377  0.02087048]]
U = [[ 0.13793799  0.23440789  0.29184502  0.37092998  0.03395175]
 [-0.32372687 -0.07741518 -0.01694332  0.13892654  0.21691322]
 [ 0.11643995 -0.11899842 -0.22328362 -0.10977974  0.19890163]
 [ 0.23596054 -0.06174852  0.24491281 -0.08021656 -0.07744808]
 [-0.08450908 -0.04488819 -0.20881752  0.00248595 -0.15364685]]
Matrix Pair 96; W = [[ 0.12179686  0.00502225  0.15300542 -0.11168406 -0.05140003]
 [-0.0963477  -0.39879958 -0.12669286  0.19832986 -0.07798215]
 [-0.04239024  0.00542737 -0.1392237   0.04201627 -0.08034111]
 [ 0.0778177   0.11059449  0.10987129 -0.03928326 -0.08308238]
 [-0.16553798 -0.10660226 -0.2881447  -0.12558715 -0.09280477]]
U = [[ 1.74710338e-01  1.71709182e-01  3.23443898e-01  3.10117782e-01
  -6.23250783e-02]
 [-2.85609972e-01 -6.07280872e-02 -2.53662387e-02  1.86331317e-01
   3.28370820e-01]
 [ 1.20707339e-01 -1.44196560e-01 -2.77617428e-01 -1.50706531e-01
   2.36876364e-01]
 [ 1.63700995e-01  4.38869801e-06  2.32163162e-01 -5.85213015e-02
  -1.10610344e-01]
 [-1.15354250e-01  5.13852800e-02 -2.30882074e-01 -3.41083325e-02
  -2.77683107e-02]]
Matrix Pair 97; W = [[ 0.17861672  0.0787869   0.17390683 -0.1026165  -0.05530302]
 [-0.13371106 -0.46837207 -0.14754394  0.1975207  -0.06291008]
 [-0.0214378  -0.03652196 -0.07424902  0.06112247 -0.06581908]
 [ 0.05802502  0.10149491  0.10733214 -0.07599569 -0.053781  ]
 [-0.18191327 -0.12660302 -0.29632401 -0.1616206  -0.13240606]]
U = [[ 0.15614501  0.10957828  0.31212928  0.34917294 -0.00930866]
 [-0.3076332  -0.12587932 -0.02281465  0.20899819  0.35275693]
 [ 0.15813871 -0.14678067 -0.29338611 -0.11794649  0.16593868]
 [ 0.19167829 -0.0734826   0.29184457 -0.10663618 -0.12617027]
 [-0.04705268  0.00261205 -0.25397367 -0.02993332 -0.04406717]]
Matrix Pair 98; W = [[ 0.20582725  0.01942565  0.22762958 -0.08925844 -0.00993392]
 [-0.15046857 -0.44514948 -0.12031768  0.14277964 -0.06144633]
 [-0.06252128  0.01113918 -0.09953049  0.11077387 -0.08271307]
 [ 0.04435711  0.10491459  0.15511512 -0.05706623 -0.10662348]
 [-0.2023639  -0.14225148 -0.31099029 -0.09067931 -0.11250579]]
U = [[ 0.14532384  0.14162604  0.28635251  0.34744358 -0.0699251 ]
 [-0.32680235 -0.10757045  0.0087537   0.18226383  0.32032941]
 [ 0.16248347 -0.12511395 -0.26413635 -0.10658278  0.15281494]
 [ 0.2142415  -0.0560252   0.24685817 -0.06606189 -0.14415892]
 [-0.0414988   0.00171549 -0.18426368 -0.03437987 -0.01406442]]
Matrix Pair 99; W = [[ 1.85628021e-01  7.66505014e-02  1.75067285e-01 -9.78961703e-02
  -1.82667506e-02]
 [-8.38634135e-02 -4.34850067e-01 -7.63793003e-02  1.64503192e-01
  -1.34562394e-01]
 [ 1.09742093e-04 -1.03009231e-02 -1.31939237e-01  5.27141206e-02
  -1.13839565e-01]
 [-4.71833645e-03  1.29470432e-01  1.31406363e-01 -8.75175899e-02
  -4.13248872e-02]
 [-2.15947618e-01 -1.53118709e-01 -3.14493055e-01 -1.65657699e-01
  -1.01306725e-01]]
U = [[ 0.15220902  0.16095754  0.27526669  0.29893235 -0.04715968]
 [-0.3337953  -0.05702848  0.00508067  0.15445377  0.32817031]
 [ 0.1306092  -0.10856463 -0.27629033 -0.17419141  0.23147037]
 [ 0.13835307 -0.04240514  0.261411   -0.06005492 -0.13626728]
 [-0.03883684  0.03821836 -0.16705429 -0.02148198 -0.0660205 ]]
Matrix Pair 100; W = [[ 0.14100907  0.00766727  0.19796855 -0.04133245 -0.07616703]
 [-0.0931318  -0.43556801 -0.14911875  0.19573347 -0.1246478 ]
 [-0.02850234 -0.05048789 -0.1109692   0.05776128 -0.05796332]
 [ 0.03210787  0.09019047  0.15993258 -0.06986289 -0.10943476]
 [-0.18212958 -0.15864475 -0.31978541 -0.17145295 -0.10476675]]
U = [[ 0.21154556  0.18847871  0.26958224  0.32450077 -0.02261205]
 [-0.25649178 -0.08389344  0.01377761  0.21270423  0.26720046]
 [ 0.20989756 -0.11397333 -0.23431943 -0.14394814  0.23898159]
 [ 0.21103171 -0.06915032  0.22395848 -0.14935526 -0.09216229]
 [-0.08996733  0.00195448 -0.23396588 -0.08198355 -0.10746615]]
Matrix Pair 101; W = [[ 2.16328451e-01  6.74807011e-05  1.42363562e-01 -1.12044643e-01
  -6.24354298e-02]
 [-9.07173515e-02 -4.04769733e-01 -1.48892304e-01  1.88753354e-01
  -6.23929930e-02]
 [-6.38546958e-02 -5.05447901e-02 -1.58126846e-01  4.68904705e-02
  -9.64674838e-02]
 [ 8.33579127e-03  1.46409883e-01  1.22585725e-01 -7.99897393e-02
  -8.71223739e-02]
 [-1.96914431e-01 -1.33818301e-01 -2.67415343e-01 -1.63703789e-01
  -1.44310085e-01]]
U = [[ 1.43776265e-01  1.34889690e-01  3.02062793e-01  3.51799145e-01
  -7.69758566e-02]
 [-2.96177138e-01 -1.12513824e-01 -1.97229479e-02  1.65945089e-01
   3.52773186e-01]
 [ 1.88792259e-01 -1.00224066e-01 -2.58813458e-01 -1.19935122e-01
   2.04481420e-01]
 [ 1.60364266e-01 -8.54664182e-02  2.74802985e-01 -7.98207494e-02
  -1.46624244e-01]
 [-4.94058786e-02  3.92180447e-02 -1.92398737e-01 -2.32326086e-04
  -1.07263801e-01]]
Matrix Pair 102; W = [[ 0.20748315  0.06420671  0.19802071 -0.08301237 -0.05059772]
 [-0.08044913 -0.38224371 -0.10033708  0.23295373 -0.09493658]
 [-0.07147134 -0.02291019 -0.16491804  0.05472164 -0.10461401]
 [ 0.03101479  0.14169086  0.10452582 -0.03452485 -0.02008605]
 [-0.24233059 -0.16317839 -0.31215087 -0.14706605 -0.10563475]]
U = [[ 0.12771098  0.18797431  0.27312338  0.29690502 -0.03182136]
 [-0.33233065 -0.12270321  0.04485729  0.18540068  0.33620864]
 [ 0.18297175 -0.06238844 -0.23105437 -0.09730677  0.18183615]
 [ 0.12516852 -0.08230504  0.23205318 -0.0992429  -0.16378165]
 [-0.09706429  0.05442804 -0.23765806 -0.0497726  -0.04523608]]
Matrix Pair 103; W = [[ 0.19102816  0.05490995  0.19865982 -0.10766986 -0.04008336]
 [-0.08431656 -0.41925652 -0.10103873  0.17178881 -0.05433323]
 [-0.00960683 -0.05320878 -0.1529031   0.11038079 -0.10338956]
 [ 0.0796821   0.06422323  0.10969015 -0.05311609 -0.10197377]
 [-0.15305255 -0.17971517 -0.33756451 -0.12938253 -0.09206226]]
U = [[ 1.63040596e-01  1.67229266e-01  3.39625540e-01  3.75265369e-01
  -9.38083435e-03]
 [-3.12026986e-01 -6.36168632e-02  1.28735306e-02  1.54559114e-01
   3.57869193e-01]
 [ 1.82367057e-01 -5.34537849e-02 -2.45071959e-01 -1.48382448e-01
   2.03206031e-01]
 [ 1.41487985e-01 -2.40040363e-04  2.19881678e-01 -1.52084926e-01
  -1.76443777e-01]
 [-1.11960642e-01  3.76449665e-02 -1.85545629e-01 -7.01988592e-02
  -1.03233320e-01]]
Matrix Pair 104; W = [[ 0.11989291 -0.00880046  0.21006183 -0.07549863 -0.06634051]
 [-0.13329382 -0.44014496 -0.10076895  0.18549526 -0.07620801]
 [-0.04480918  0.01323183 -0.13641164  0.08640169 -0.07820676]
 [-0.0040146   0.09569139  0.12515965 -0.04847632 -0.05473811]
 [-0.19762657 -0.13126292 -0.28134774 -0.15140684 -0.13673577]]
U = [[ 0.16537457  0.16316032  0.32703216  0.36006486 -0.07018056]
 [-0.33657348 -0.1340685  -0.00562124  0.15150158  0.30092573]
 [ 0.18887969 -0.10232478 -0.3149692  -0.17155862  0.21627615]
 [ 0.15343275 -0.05283929  0.20885499 -0.09675238 -0.17362026]
 [-0.114448    0.0303963  -0.22097137 -0.02932379 -0.08715831]]
Matrix Pair 105; W = [[ 0.20393107  0.07690299  0.14934297 -0.093339   -0.05266262]
 [-0.12955006 -0.3922628  -0.13341233  0.19413912 -0.06155897]
 [-0.01135303 -0.03511699 -0.10993959  0.08561129 -0.04928701]
 [ 0.07138751  0.07530832  0.16570768 -0.02899623 -0.11909263]
 [-0.1959276  -0.17954298 -0.3347926  -0.10565187 -0.14386599]]
U = [[ 0.13960023  0.17139093  0.34803651  0.32961034 -0.01815529]
 [-0.27295111 -0.08043925  0.04007278  0.21246598  0.34387272]
 [ 0.13843128 -0.1374811  -0.32115613 -0.18304294  0.20966273]
 [ 0.21929562 -0.02083104  0.29897299 -0.11728741 -0.11284323]
 [-0.07878992 -0.01159701 -0.16347621 -0.03393833 -0.02769158]]
Matrix Pair 106; W = [[ 1.80868018e-01  5.87039089e-02  2.27449188e-01 -4.39734037e-02
  -2.98005850e-02]
 [-1.62758522e-01 -4.36224794e-01 -1.47530160e-01  1.63904689e-01
  -6.72215142e-02]
 [-3.76552124e-03  2.42187646e-04 -1.08720143e-01  9.37134460e-02
  -6.44305494e-02]
 [ 9.06364858e-02  1.07203951e-01  1.18821748e-01 -6.17658455e-02
  -8.99265381e-02]
 [-1.86417562e-01 -1.76274162e-01 -2.48314572e-01 -1.43127317e-01
  -1.34540652e-01]]
U = [[ 0.20266206  0.20146662  0.29283503  0.33815178 -0.01046768]
 [-0.28233286 -0.07042625  0.05201032  0.15830742  0.28627921]
 [ 0.1920464  -0.09943377 -0.30577718 -0.09026915  0.24017782]
 [ 0.21656036 -0.01234925  0.20251839 -0.10672739 -0.09443206]
 [-0.04992043  0.04006285 -0.17908493 -0.06851615 -0.02407093]]
Matrix Pair 107; W = [[ 0.19134321  0.03713789  0.16258228 -0.04119026 -0.05623872]
 [-0.16146387 -0.45832505 -0.11752308  0.20807861 -0.06216844]
 [-0.02769969  0.00614034 -0.11088202  0.07562052 -0.1414517 ]
 [ 0.00222038  0.05710726  0.10991325 -0.10633326 -0.09947219]
 [-0.14378073 -0.09000845 -0.32538243 -0.13461975 -0.05694967]]
U = [[ 0.14054096  0.1428516   0.30008423  0.33398966 -0.01524045]
 [-0.24263568 -0.12233349 -0.0101224   0.20577536  0.31906901]
 [ 0.15391387 -0.11474897 -0.31377624 -0.10611871  0.22328973]
 [ 0.12355594 -0.00423063  0.28508606 -0.14932117 -0.09774278]
 [-0.10663109 -0.00393378 -0.17855624  0.00052369 -0.02051168]]
Matrix Pair 108; W = [[ 0.21825645  0.00268486  0.21537793 -0.10400661 -0.09913769]
 [-0.12227768 -0.44348417 -0.09800077  0.19366206 -0.0777955 ]
 [-0.0439365   0.02255874 -0.07494638  0.04220317 -0.06219695]
 [ 0.00927629  0.12797671  0.17615351 -0.04085663 -0.10723149]
 [-0.23498474 -0.1014545  -0.30745699 -0.13291364 -0.14945375]]
U = [[ 0.1258766   0.16625041  0.28422473  0.29490714 -0.03453151]
 [-0.24913515 -0.08164317 -0.03043106  0.20154292  0.3419863 ]
 [ 0.20677434 -0.0832455  -0.32311432 -0.12126577  0.20797003]
 [ 0.18551166 -0.06763498  0.23909181 -0.11380172 -0.13610656]
 [-0.09630538 -0.00607333 -0.2038098  -0.00956187 -0.05524716]]
Matrix Pair 109; W = [[ 0.16535153  0.04747278  0.19188422 -0.06065805 -0.05816689]
 [-0.14386598 -0.39238232 -0.15325748  0.2023039  -0.07500582]
 [ 0.00877254 -0.02644582 -0.16500986  0.04301432 -0.07295456]
 [ 0.08243682  0.06232202  0.14144737 -0.08476558 -0.07222403]
 [-0.18268471 -0.11348547 -0.27854904 -0.12374178 -0.13465759]]
U = [[ 0.14478228  0.18225977  0.32083163  0.35615965  0.00993022]
 [-0.30936935 -0.05991708  0.02704326  0.11997439  0.3293149 ]
 [ 0.1545167  -0.1231528  -0.26626763 -0.09855459  0.18482873]
 [ 0.16293408 -0.00670433  0.21903019 -0.08036896 -0.12247966]
 [-0.12419972 -0.02022888 -0.18251935 -0.06668548 -0.03816606]]
Matrix Pair 110; W = [[ 0.21101572 -0.01174382  0.19378846 -0.09533506 -0.02144937]
 [-0.12372844 -0.45912484 -0.13510357  0.22856489 -0.08519978]
 [-0.00509394 -0.00938694 -0.07129879  0.08349928 -0.12555174]
 [ 0.00231435  0.0532731   0.13538248 -0.01615471 -0.06696549]
 [-0.20033081 -0.17486865 -0.25781378 -0.09027467 -0.06939373]]
U = [[ 0.1298118   0.14153949  0.29724603  0.31755531 -0.07153436]
 [-0.25415732 -0.11106137  0.01649493  0.19687808  0.34847859]
 [ 0.12692292 -0.07722695 -0.27817287 -0.18642526  0.1903086 ]
 [ 0.16884645 -0.04162437  0.22892725 -0.13759251 -0.12273315]
 [-0.135898   -0.02300956 -0.20937363 -0.08076789 -0.05428421]]
Matrix Pair 111; W = [[ 0.1369031   0.04541764  0.15971666 -0.11183559 -0.0359302 ]
 [-0.1044932  -0.39245357 -0.15586662  0.17136501 -0.11601098]
 [-0.0116264   0.04209722 -0.15640823  0.07313336 -0.06562635]
 [ 0.04970938  0.07049602  0.18214033 -0.09461866 -0.06198131]
 [-0.22649336 -0.13834938 -0.32450555 -0.13761587 -0.13917822]]
U = [[ 0.14993456  0.16664523  0.32680197  0.39043626  0.00786045]
 [-0.33258707 -0.130538   -0.00720112  0.14932029  0.30862264]
 [ 0.12998072 -0.09725413 -0.31357164 -0.16090513  0.20581483]
 [ 0.15734168  0.00484644  0.28177246 -0.14815812 -0.14484308]
 [-0.04629033 -0.00483386 -0.15807959 -0.08411571 -0.05203618]]
Matrix Pair 112; W = [[ 0.20707496  0.09168348  0.17114204 -0.14965872 -0.09942571]
 [-0.17182401 -0.3124105  -0.05032976  0.28659467 -0.08236428]
 [-0.05102796  0.0041492  -0.09175414  0.08662174 -0.13469387]
 [-0.02002003  0.06637816  0.15770235 -0.08631494 -0.13867397]
 [-0.16172814 -0.11272843 -0.26718354 -0.20422352 -0.0433196 ]]
U = [[ 0.07461638  0.13367356  0.29876498  0.37431524 -0.02544704]
 [-0.31202896 -0.01169193  0.06119265  0.06879814  0.27867479]
 [ 0.1398403  -0.08806897 -0.21712837 -0.12303397  0.29399132]
 [ 0.18815937 -0.02636421  0.2200326  -0.07526293 -0.05890658]
 [-0.12717601 -0.05401782 -0.2368428   0.02094928 -0.03802033]]
Matrix Pair 113; W = [[ 0.2325033   0.09880371  0.09825988 -0.08487593 -0.07618786]
 [-0.20741922 -0.3489426  -0.13963087  0.19359465 -0.0632276 ]
 [-0.0009084   0.02868893 -0.07706318  0.0619493  -0.09355246]
 [-0.05369325  0.10248222  0.14380629 -0.04965991 -0.18178177]
 [-0.13474086 -0.11261175 -0.23844618 -0.22470006 -0.03209871]]
U = [[ 0.11927952  0.14708666  0.34016519  0.34889737 -0.0121806 ]
 [-0.29309941 -0.0735593   0.05727177  0.10666732  0.28025492]
 [ 0.12260796 -0.08299896 -0.195353   -0.13636878  0.20208734]
 [ 0.21431955  0.04118739  0.22585419 -0.12746212 -0.05593768]
 [-0.09582928  0.00644112 -0.19793419 -0.05108327 -0.08110906]]
Matrix Pair 114; W = [[ 0.20869419  0.10848522  0.1534516  -0.09817803 -0.0636621 ]
 [-0.16790535 -0.34448819 -0.04971736  0.27411313 -0.13763328]
 [-0.05065266 -0.02802772 -0.05618738  0.02710935 -0.16552482]
 [-0.03543117  0.01750834  0.12459991 -0.07361889 -0.18484724]
 [-0.13670316 -0.16225652 -0.25881432 -0.20375032 -0.06288744]]
U = [[ 0.14935745  0.14414103  0.34050985  0.42463901 -0.04700926]
 [-0.33809089 -0.02262595  0.10115456  0.15487066  0.24035028]
 [ 0.1523031  -0.01550676 -0.19833015 -0.14059721  0.21139802]
 [ 0.14235251  0.00290875  0.20525308 -0.06428359 -0.04720174]
 [-0.09295357 -0.08105525 -0.27543417  0.02913346 -0.05581124]]
Matrix Pair 115; W = [[ 0.22466274  0.04191794  0.10022384 -0.07320805 -0.03334668]
 [-0.22134785 -0.4025875  -0.08378062  0.21635072 -0.08700903]
 [ 0.00693716  0.00178656 -0.12811036  0.02250908 -0.17122395]
 [-0.0616244   0.01556892  0.14051266 -0.05721128 -0.15124252]
 [-0.18132451 -0.14065219 -0.285952   -0.15144983 -0.10427115]]
U = [[ 0.08178217  0.13712694  0.25401889  0.39433575 -0.00996245]
 [-0.3636045  -0.04794557  0.1317147   0.15045739  0.21239262]
 [ 0.06454909 -0.08086843 -0.15104121 -0.13659708  0.20724374]
 [ 0.19776955 -0.02710737  0.22580638 -0.09163747 -0.10578104]
 [-0.0894555  -0.01307638 -0.27497928 -0.01055062 -0.05137423]]
Matrix Pair 116; W = [[ 0.17930591  0.02381793  0.13050562 -0.14594352 -0.08003647]
 [-0.2334335  -0.36150154 -0.06423341  0.27410094 -0.13326378]
 [ 0.02008095 -0.0291966  -0.11582158  0.06151672 -0.135634  ]
 [-0.08194297  0.021295    0.15955394 -0.05021612 -0.12205707]
 [-0.17540249 -0.17511941 -0.30251378 -0.14651669 -0.02192263]]
U = [[ 0.10452598  0.11991979  0.30512566  0.43506469 -0.05112469]
 [-0.29433016 -0.01073691  0.1039123   0.12723353  0.21370295]
 [ 0.15613582 -0.05120332 -0.18224333 -0.05108943  0.25824938]
 [ 0.22332239 -0.03691291  0.21941276 -0.14010778 -0.04216027]
 [-0.11425294 -0.03188905 -0.20322202  0.01877612 -0.02006189]]
Matrix Pair 117; W = [[ 0.24133967  0.06021448  0.11709964 -0.08921006 -0.10319993]
 [-0.20641641 -0.37474693 -0.09204007  0.29006558 -0.1258209 ]
 [ 0.02998308  0.02213837 -0.06787194  0.09956254 -0.08633365]
 [-0.02842386  0.10660173  0.15121867 -0.05398208 -0.1739799 ]
 [-0.20370844 -0.10731754 -0.24225076 -0.14504603 -0.02662316]]
U = [[ 0.1203862   0.16273202  0.33115888  0.34142564 -0.05522745]
 [-0.30892264 -0.00919246  0.11352713  0.09571986  0.21438721]
 [ 0.08691997 -0.05892093 -0.22447977 -0.12981205  0.23125479]
 [ 0.24093158 -0.00194316  0.25871601 -0.13149215 -0.12862199]
 [-0.08898217 -0.00978831 -0.24776528 -0.04607201 -0.0771099 ]]
Matrix Pair 118; W = [[ 0.17378852  0.10772624  0.09403319 -0.15350641 -0.07466692]
 [-0.15073973 -0.3424945  -0.09396955  0.25889155 -0.07700317]
 [ 0.02438338 -0.02682163 -0.13471546  0.05254273 -0.10588849]
 [-0.01135082  0.07350982  0.07932393 -0.12084583 -0.08743092]
 [-0.15728433 -0.12270082 -0.23346389 -0.1982047  -0.04171025]]
U = [[ 0.16985201  0.17553953  0.2708889   0.34322653 -0.04867653]
 [-0.32636155 -0.07275572  0.11879049  0.13816857  0.29393016]
 [ 0.13129747 -0.02426761 -0.19827    -0.04557196  0.21934602]
 [ 0.19530657  0.02865732  0.19640737 -0.12036263 -0.10867189]
 [-0.07634302 -0.04989497 -0.2345414   0.02753473 -0.05461186]]
Matrix Pair 119; W = [[ 0.213585    0.07605491  0.10144318 -0.06273585 -0.06048333]
 [-0.21883808 -0.40808232 -0.08635239  0.20819816 -0.11294774]
 [-0.06484914  0.00871407 -0.13786077  0.11384793 -0.18272418]
 [-0.02513061  0.06766968  0.13343177 -0.0446764  -0.12203196]
 [-0.11479535 -0.18236265 -0.23925667 -0.21691808 -0.03940087]]
U = [[ 0.12867653  0.12169771  0.28981021  0.41931393 -0.06423569]
 [-0.33936464 -0.00941045  0.06026464  0.08038301  0.26777411]
 [ 0.06527109 -0.02823091 -0.1859218  -0.14406503  0.27992638]
 [ 0.17493972 -0.003924    0.28971747 -0.04391496 -0.12360432]
 [-0.08554791 -0.06989025 -0.26977736 -0.00634783 -0.08705647]]
Matrix Pair 120; W = [[ 0.18569478  0.03614653  0.11173122 -0.07493483 -0.00612116]
 [-0.23215985 -0.31187714 -0.0422273   0.26537175 -0.09135828]
 [ 0.00457572 -0.02857895 -0.11171423  0.08687487 -0.13175806]
 [-0.08322012  0.07089144  0.16095217 -0.06469796 -0.14310005]
 [-0.1228699  -0.17751277 -0.25754912 -0.22087626 -0.01301584]]
U = [[ 0.13902553  0.14084815  0.31442294  0.43232088 -0.09215433]
 [-0.31407885 -0.05034576  0.06750364  0.16571367  0.23822062]
 [ 0.08040824 -0.08229758 -0.23431126 -0.066865    0.22143833]
 [ 0.21367815 -0.03129916  0.27347862 -0.04641134 -0.0869431 ]
 [-0.06889475 -0.02840129 -0.28261722  0.02057253 -0.00357835]]
Matrix Pair 121; W = [[ 0.20649559  0.09004739  0.12320445 -0.08582387 -0.05569827]
 [-0.23865147 -0.31271321 -0.12223209  0.26323904 -0.07999257]
 [ 0.02482672 -0.02903715 -0.11813183  0.02504206 -0.12394767]
 [-0.01597603  0.10677537  0.15596396 -0.07625608 -0.13142416]
 [-0.17127391 -0.18682268 -0.30755808 -0.19685242 -0.08389332]]
U = [[ 0.08171311  0.14726186  0.24598115  0.38378981 -0.08932786]
 [-0.34621793 -0.06500525  0.05470384  0.13152341  0.28629215]
 [ 0.05788815 -0.11304802 -0.17607182 -0.13154042  0.26945744]
 [ 0.18352252 -0.00832041  0.25329598 -0.10210214 -0.0835967 ]
 [-0.12725794 -0.04574852 -0.25213199  0.0161761   0.00410461]]
Matrix Pair 122; W = [[ 0.16932254  0.02371589  0.12271203 -0.07923361 -0.05656804]
 [-0.17403148 -0.39059179 -0.13795178  0.2666511  -0.1040493 ]
 [-0.01294656  0.05783019 -0.09120365  0.07392908 -0.18357334]
 [-0.01172772  0.06392939  0.11261793 -0.09513068 -0.11656223]
 [-0.1769557  -0.09416244 -0.31394867 -0.22893815 -0.01340343]]
U = [[ 0.15362637  0.17833481  0.28927194  0.378625   -0.04261422]
 [-0.29103017 -0.00803003  0.08927225  0.08260559  0.25747764]
 [ 0.08784823 -0.05448268 -0.23634591 -0.08883454  0.2150968 ]
 [ 0.22403008  0.01517396  0.21728994 -0.12615602 -0.13526394]
 [-0.14950943 -0.04783869 -0.19774887 -0.01008545 -0.04945375]]
Matrix Pair 123; W = [[ 0.17777144  0.02477994  0.09915359 -0.10507422 -0.10334861]
 [-0.18418987 -0.38324288 -0.07308958  0.23211768 -0.05595103]
 [ 0.0298301   0.02511083 -0.12759905  0.10601785 -0.0846471 ]
 [-0.04424858  0.06584121  0.14485956 -0.09314783 -0.12119494]
 [-0.13591331 -0.12826813 -0.23792432 -0.21029348 -0.10028905]]
U = [[ 0.09714245  0.20516432  0.32452105  0.43320489 -0.05668498]
 [-0.35989572 -0.02317217  0.06262671  0.12949361  0.29583077]
 [ 0.07544427 -0.07597864 -0.2265237  -0.08922071  0.23400275]
 [ 0.15691421  0.03214879  0.20112618 -0.08590488 -0.12294778]
 [-0.14330756 -0.0111599  -0.24638193 -0.04149628 -0.05235756]]
Matrix Pair 124; W = [[ 0.14488459  0.10200012  0.09261079 -0.13453577 -0.06845818]
 [-0.18414625 -0.31375934 -0.09496301  0.20844197 -0.09762646]
 [-0.06041899  0.04251236 -0.08951806  0.04334228 -0.11231489]
 [-0.0306289   0.08042898  0.13233587 -0.08508934 -0.12378849]
 [-0.12645799 -0.17127122 -0.26407816 -0.20007237 -0.01792508]]
U = [[ 0.07784005  0.17018264  0.29239113  0.42014154 -0.06125522]
 [-0.37608623 -0.07349488  0.05859471  0.15615007  0.22233823]
 [ 0.14874605 -0.10741752 -0.19349986 -0.13603317  0.22659808]
 [ 0.23651973 -0.00984098  0.26820719 -0.06202424 -0.11342442]
 [-0.14960971 -0.05378977 -0.26282897  0.0292251  -0.02435919]]
Matrix Pair 125; W = [[ 0.18230552  0.11299984  0.12055724 -0.14843115 -0.02307249]
 [-0.22956447 -0.3357975  -0.09240744  0.24303452 -0.12297249]
 [-0.05786655 -0.03349636 -0.06765656  0.06065722 -0.16361284]
 [-0.07663708  0.10442014  0.12123975 -0.0815653  -0.12041849]
 [-0.18452432 -0.15822219 -0.2257359  -0.14343126 -0.07386641]]
U = [[ 0.16292442  0.20643265  0.32432542  0.40256764 -0.09966373]
 [-0.33406111 -0.08472218  0.09407894  0.11472478  0.22580088]
 [ 0.10666819 -0.0865166  -0.214752   -0.06003718  0.24225214]
 [ 0.21898654  0.01026075  0.23382048 -0.09514055 -0.09951558]
 [-0.13389101 -0.03758044 -0.2614772  -0.01706312 -0.08878539]]
Matrix Pair 126; W = [[ 0.16243664  0.0229825   0.16519799 -0.14075522 -0.08486349]
 [-0.22798875 -0.38705845 -0.07477286  0.22341519 -0.07046578]
 [ 0.01543999 -0.02763316 -0.06877051  0.093452   -0.10500908]
 [-0.0780361   0.11047576  0.1238228  -0.11826291 -0.11921213]
 [-0.15625591 -0.11149817 -0.231941   -0.15770733 -0.07196531]]
U = [[ 0.11745836  0.13772442  0.30598928  0.35367092 -0.08911101]
 [-0.29865905 -0.02081602  0.05415518  0.08621568  0.29549704]
 [ 0.0572923  -0.02964524 -0.21974873 -0.08346491  0.25632926]
 [ 0.17387244 -0.00044729  0.28336688 -0.10799428 -0.09142291]
 [-0.15317985 -0.06214363 -0.22359755  0.02039547 -0.03338262]]
Matrix Pair 127; W = [[ 0.16986694  0.07205235  0.13736354 -0.12790449 -0.07071323]
 [-0.17612175 -0.30948811 -0.0887374   0.24193084 -0.09782798]
 [-0.05361164 -0.02927116 -0.07006488  0.11257672 -0.1536287 ]
 [-0.04055263  0.08408872  0.14642897 -0.07570174 -0.0900466 ]
 [-0.10984648 -0.13651512 -0.26332356 -0.1653215  -0.06036626]]
U = [[ 0.12625174  0.16598955  0.25739176  0.3427339  -0.03537461]
 [-0.37495604 -0.01120573  0.12584607  0.15255678  0.24486314]
 [ 0.11312697 -0.09997647 -0.14519303 -0.13811066  0.20764545]
 [ 0.15069845  0.0045269   0.2492545  -0.12440006 -0.06625701]
 [-0.11558514 -0.04833161 -0.28213566  0.00957777 -0.02381926]]
