Epoch: 21Matrix Pair 0; W = [[-0.11268791  0.04039416  0.22870167  0.07442252 -0.10469276]
 [ 0.10863575 -0.26494948 -0.12115472 -0.02713825  0.28075422]
 [ 0.0337694   0.06332351 -0.10743589 -0.01179311  0.13571298]
 [ 0.00282599 -0.14229135  0.09482694  0.0701047   0.08843216]
 [-0.15175547 -0.0387791   0.04293519  0.03539409 -0.04608865]]
U = [[ 0.07649322 -0.04970971  0.15426171 -0.02688164  0.22874067]
 [-0.19788936  0.10158481  0.1348948   0.16444675 -0.00902137]
 [ 0.26419051  0.01613009  0.15927661  0.10727595  0.06237506]
 [ 0.04461761  0.20981007 -0.01001218  0.08377285  0.14531799]
 [-0.13796807  0.18267677  0.28577305  0.11984246 -0.07666252]]
Matrix Pair 1; W = [[-0.09709422  0.06019225  0.27502547  0.03692954 -0.12751528]
 [ 0.10044586 -0.24268796 -0.13310984 -0.03146357  0.22005885]
 [ 0.01328321  0.05519591 -0.10093956 -0.0335103   0.19485886]
 [-0.02218634 -0.10392048  0.0308274   0.08664141  0.09074251]
 [-0.14042913 -0.08039659  0.03032089  0.01553966 -0.07900271]]
U = [[ 0.09807974 -0.03597135  0.16277953 -0.02107342  0.1632433 ]
 [-0.11087647  0.06640824  0.11633372  0.2068416  -0.03040877]
 [ 0.25398706  0.01185121  0.16696001  0.11669781  0.10680717]
 [ 0.10511713  0.15290465  0.01281413  0.04472012  0.22012959]
 [-0.17860115  0.10191076  0.30611254  0.20514591 -0.13775445]]
Matrix Pair 2; W = [[-0.07103363  0.05041727  0.28256024  0.02131517 -0.14747108]
 [ 0.07372263 -0.29174568 -0.06619601 -0.02011767  0.27205501]
 [-0.00340286  0.08668204 -0.09601505  0.0221383   0.15766165]
 [-0.02097858 -0.0790598   0.05549558  0.08961476  0.04163893]
 [-0.1804756  -0.01467335  0.04170394  0.03195568 -0.10673388]]
U = [[ 7.63597802e-02 -8.52253372e-02  2.25475158e-01 -3.50503400e-02
   1.47318698e-01]
 [-1.89730853e-01  5.55945504e-02  1.13387935e-01  1.55859538e-01
  -3.25477483e-02]
 [ 2.48659152e-01 -1.93733351e-04  1.82858642e-01  1.00984128e-01
   5.39125596e-02]
 [ 6.38715885e-02  2.18271526e-01  5.58554832e-02  1.16971254e-02
   1.56658689e-01]
 [-1.58115444e-01  1.09697609e-01  2.43196743e-01  1.40456208e-01
  -1.16472487e-01]]
Matrix Pair 3; W = [[-0.04870539 -0.00241365  0.26744902  0.09514876 -0.13449101]
 [ 0.1299381  -0.22757387 -0.11880616 -0.09855698  0.20311689]
 [-0.01511497  0.06862031 -0.13443982 -0.06215169  0.21208936]
 [-0.03038628 -0.12412388  0.04132027  0.11087291  0.02787122]
 [-0.16454327 -0.07415597  0.05160728  0.09009862 -0.11408085]]
U = [[ 0.10248074 -0.11144822  0.22476617 -0.06234784  0.22427564]
 [-0.19632577  0.10890692  0.05391288  0.13815427  0.04095614]
 [ 0.24681085  0.01276191  0.21798068  0.12514452  0.07638497]
 [ 0.04543214  0.22776014  0.02190289  0.0434202   0.18014669]
 [-0.21249464  0.13790705  0.25555329  0.15814216 -0.13180547]]
Matrix Pair 4; W = [[-0.10385134  0.03318719  0.18923382  0.08736707 -0.12125774]
 [ 0.10992331 -0.17695613 -0.12372219 -0.06363085  0.22493687]
 [-0.05696513  0.06775144 -0.1337733  -0.02600644  0.128611  ]
 [-0.10717867 -0.09922818  0.01319558  0.11232022  0.01319223]
 [-0.15778851 -0.11281178 -0.01208293  0.03742856 -0.11458959]]
U = [[ 0.12516181 -0.11886699  0.2511981  -0.08842023  0.11775304]
 [-0.15678188  0.06283799  0.14349082  0.17630663  0.03010491]
 [ 0.21323921  0.07562646  0.18354237  0.13617371  0.20616272]
 [ 0.05384043  0.15637643 -0.0006527  -0.04395338  0.16413078]
 [-0.18245846  0.23825099  0.30443701  0.20614852 -0.09222909]]
Matrix Pair 5; W = [[-0.07742388  0.05621132  0.15563447  0.01055975 -0.04084165]
 [ 0.05244385 -0.21735885 -0.16928988 -0.10748532  0.22754306]
 [-0.07449957  0.04614287 -0.14427192 -0.06273709  0.187916  ]
 [-0.07639668 -0.10905442  0.05750999  0.12284573  0.00884945]
 [-0.10645309 -0.0572797  -0.03295335  0.09557    -0.02569521]]
U = [[ 0.08597064 -0.07131129  0.26210719 -0.09401999  0.16265216]
 [-0.12765845  0.07124867  0.09089376  0.13325302  0.05530627]
 [ 0.19628124  0.06543104  0.25518709  0.04966407  0.14000266]
 [ 0.04247654  0.13698553  0.00507566 -0.0311413   0.18977182]
 [-0.18083153  0.19448199  0.33072698  0.19822755 -0.0548827 ]]
Matrix Pair 6; W = [[-0.06160812  0.02940699  0.20817295  0.00919604 -0.13252599]
 [ 0.11930316 -0.24144845 -0.1699334  -0.11756343  0.1598282 ]
 [-0.08936691  0.07174667 -0.05776852 -0.00371901  0.18366067]
 [-0.11330192 -0.08709091  0.00656485  0.09122145 -0.0363496 ]
 [-0.0930733  -0.07637656  0.01005132  0.07574057 -0.09384478]]
U = [[ 0.10833709 -0.13382134  0.21251992 -0.14267575  0.11996873]
 [-0.16431345  0.06294422  0.10810351  0.12757338  0.08240132]
 [ 0.24098046  0.06635902  0.21244268  0.13138513  0.18547938]
 [ 0.00641024  0.15644035  0.08136684 -0.00379891  0.20036795]
 [-0.13794108  0.24106751  0.2877547   0.192511   -0.09104108]]
Matrix Pair 7; W = [[-0.03288207  0.08981112  0.21008214  0.07680732 -0.12247905]
 [ 0.08715847 -0.21055459 -0.17748257 -0.06315203  0.22289333]
 [-0.05476723  0.07637382 -0.09593096 -0.03191274  0.15950142]
 [-0.08533036 -0.08619154  0.02346243  0.0676184  -0.03409141]
 [-0.10635327 -0.13922564  0.00616462  0.02171981 -0.07882623]]
U = [[ 0.16647517 -0.11086277  0.18688129 -0.10549275  0.17945354]
 [-0.16204789  0.07560301  0.11857199  0.12988821  0.06328757]
 [ 0.17104861  0.02618847  0.26827145  0.09256131  0.13355488]
 [ 0.05101291  0.12409719  0.00222698  0.00348932  0.21738071]
 [-0.22470857  0.1587071   0.29358018  0.16304825 -0.08005028]]
Matrix Pair 8; W = [[-0.078692   -0.03133492  0.19477417  0.05907346 -0.05427383]
 [ 0.14690688 -0.15006468 -0.07066992 -0.12893852  0.16820812]
 [-0.02824466  0.00099963 -0.07969871 -0.04295199  0.26907883]
 [-0.01297195 -0.03270289  0.07799983  0.01185003  0.05161107]
 [-0.11604732 -0.14425858  0.09760207  0.11060287 -0.00769682]]
U = [[ 0.12356513 -0.04666974  0.22574874 -0.16691899  0.15217272]
 [-0.18844531  0.13892772  0.22631311  0.18140253  0.04483425]
 [ 0.2111763   0.08631733  0.14823897  0.07266363  0.1586964 ]
 [ 0.02523959  0.21425937  0.0003963   0.02979164  0.19584472]
 [-0.17175042  0.10830483  0.30067272  0.13903751 -0.02676689]]
Matrix Pair 9; W = [[-0.10899832  0.05999598  0.19311355  0.0302175  -0.0689982 ]
 [ 0.16288131 -0.2018305  -0.08904804 -0.08561761  0.17819421]
 [ 0.02126247  0.03092675 -0.06051654 -0.12122135  0.25029499]
 [ 0.00604873 -0.02710237  0.06269842  0.01052764  0.0123709 ]
 [-0.15308322 -0.07972798  0.06814641  0.15379676  0.02315079]]
U = [[ 0.10820117 -0.08590179  0.20577073 -0.14774881  0.14187262]
 [-0.18491969  0.12446178  0.1443118   0.14510237 -0.04388348]
 [ 0.17653889  0.03942718  0.15083987  0.08368944  0.13517761]
 [ 0.04596043  0.18788424  0.0105709   0.03086776  0.22102168]
 [-0.20355442  0.11910756  0.26676732  0.09773741 -0.06468608]]
Matrix Pair 10; W = [[-0.08284494 -0.02662165  0.18007849  0.01627231 -0.09215318]
 [ 0.1722701  -0.13531395 -0.0456976  -0.13916989  0.19557692]
 [-0.03577381  0.07194877 -0.0732299  -0.06745558  0.20560493]
 [ 0.06166976 -0.02281302  0.03100203  0.08428099  0.08708314]
 [-0.17457735 -0.09947471  0.06711644  0.12474271 -0.00290129]]
U = [[ 0.06810971 -0.10174459  0.23876149 -0.11763092  0.14678168]
 [-0.16961397  0.09648031  0.19140139  0.13247193  0.04416061]
 [ 0.15950101  0.07356645  0.18527643  0.05976344  0.08994029]
 [ 0.08835251  0.12938649 -0.02597091 -0.00496376  0.21698873]
 [-0.18972971  0.2006522   0.29432194  0.11083168 -0.01806597]]
Matrix Pair 11; W = [[-0.10124419 -0.02216184  0.21857934  0.00954577 -0.13912009]
 [ 0.12303512 -0.12469427 -0.09632204 -0.11887939  0.23973783]
 [ 0.01453438  0.02508952 -0.05786398 -0.06572657  0.22876069]
 [-0.01055477 -0.04445518  0.07471887  0.01992184  0.05411585]
 [-0.14375629 -0.07360309  0.05899258  0.17308949  0.02574359]]
U = [[ 0.12358304 -0.10590592  0.25092446 -0.15136109  0.1207556 ]
 [-0.12520021  0.1467351   0.16206584  0.17260994  0.0406618 ]
 [ 0.17635479  0.08733519  0.23339389  0.04727156  0.11024536]
 [ 0.06552737  0.17249725  0.07342878 -0.00579432  0.24537752]
 [-0.24410227  0.1245656   0.26667007  0.08206328 -0.00085183]]
Matrix Pair 12; W = [[-0.08613865  0.02071601  0.23304065  0.0484751  -0.03933526]
 [ 0.12848091 -0.21656377 -0.18819672 -0.10072983  0.16901729]
 [-0.08611176  0.03843937 -0.13405088 -0.0232406   0.15748313]
 [-0.04567386 -0.07928219  0.04885913  0.00336027 -0.00280458]
 [-0.0896892  -0.12231351  0.05008587  0.06486772  0.03127058]]
U = [[ 0.07513218 -0.05956754  0.18969209 -0.0818561   0.12146677]
 [-0.17770056  0.09052135  0.18649596  0.14058836 -0.04686133]
 [ 0.24872224 -0.03604555  0.24378332  0.08440113  0.07447614]
 [ 0.04625642  0.15996716 -0.00793689  0.02969237  0.17302296]
 [-0.14730976  0.11459437  0.30314758  0.15217299 -0.09874719]]
Matrix Pair 13; W = [[-0.0876062   0.04913509  0.21949836  0.05973552  0.00495811]
 [ 0.08746075 -0.23273155 -0.16376926 -0.03245778  0.24827896]
 [-0.01456317  0.01933134 -0.12542339  0.01252365  0.19295885]
 [-0.0126255  -0.10381628 -0.00354658  0.06199031  0.05161566]
 [-0.05187623 -0.10676476  0.0763241   0.1348705   0.02284302]]
U = [[ 0.0779346  -0.03052887  0.2027868  -0.1037103   0.19593152]
 [-0.16348454  0.06507938  0.20012445  0.12510552 -0.02648135]
 [ 0.23332369 -0.0278679   0.21541311  0.0784842   0.08288704]
 [ 0.00897559  0.23797585  0.01092955  0.00714586  0.1526382 ]
 [-0.15439113  0.1392687   0.28543843  0.15057231 -0.04640885]]
Matrix Pair 14; W = [[-0.10930821  0.03534769  0.16244831  0.01367181 -0.07462385]
 [ 0.07562009 -0.24037555 -0.10511678 -0.03613008  0.23131897]
 [-0.04652166  0.06683428 -0.1630752   0.00803603  0.18854189]
 [-0.05804001 -0.12813528  0.00051473  0.04271544  0.05097373]
 [-0.09905865 -0.10016634  0.08731945  0.13520884  0.00693989]]
U = [[ 0.04674843 -0.05244676  0.19666279 -0.04288273  0.14746492]
 [-0.21433868  0.05755451  0.13507224  0.13312624 -0.04266545]
 [ 0.17471752 -0.05932452  0.16848698  0.08735628  0.14147803]
 [ 0.04088721  0.20175776  0.02052777 -0.03083253  0.14882227]
 [-0.13592102  0.11077889  0.28481372  0.08146187 -0.10628187]]
Matrix Pair 15; W = [[-0.11975978 -0.00343815  0.20362683  0.04095831 -0.04201136]
 [ 0.08686073 -0.18463094 -0.12137484 -0.10302212  0.22132002]
 [-0.02706516  0.05979755 -0.15909262  0.03320004  0.17287096]
 [-0.03445278 -0.10221064 -0.00374972  0.01564912  0.00500924]
 [-0.14019541 -0.12947242  0.02914496  0.09932837  0.03069175]]
U = [[ 0.05168712 -0.01557621  0.1978493  -0.11201592  0.11821097]
 [-0.1811393   0.0310745   0.22156567  0.07660008 -0.01616799]
 [ 0.23616781 -0.03488566  0.23387592  0.09037515  0.13957248]
 [-0.03044906  0.21376004  0.032046    0.00905093  0.14375214]
 [-0.12934718  0.1191332   0.33031434  0.13044972 -0.07930241]]
Matrix Pair 16; W = [[-0.08687454  0.09321731  0.14852147  0.07036168 -0.15295929]
 [ 0.02971796 -0.22051187 -0.01298371 -0.10534971  0.26490643]
 [ 0.04045182  0.09202497 -0.06426348 -0.02120201  0.17235667]
 [-0.00484296 -0.02958801  0.00440858  0.00414486  0.0885282 ]
 [-0.14534263 -0.08573448 -0.03596713  0.04355762 -0.02505071]]
U = [[ 0.132119   -0.04745568  0.18207737 -0.11554098  0.22059183]
 [-0.17949878  0.07865413  0.15338801  0.15191735  0.06399198]
 [ 0.22519679 -0.00467562  0.17764328  0.06957681  0.13295176]
 [ 0.02305859  0.23730251 -0.02657266  0.08352534  0.21308622]
 [-0.21308879  0.11477537  0.33135696  0.13429439 -0.02912227]]
Matrix Pair 17; W = [[-0.09559236  0.08116769  0.18186739  0.11054149 -0.08513912]
 [ 0.03836851 -0.23962012 -0.06754377 -0.08657965  0.16998405]
 [ 0.0197016   0.09057967 -0.05484819 -0.05441169  0.15552454]
 [-0.0690799  -0.01421167  0.0086473   0.06889726  0.15793392]
 [-0.09382914 -0.07958818  0.0569598   0.06830651 -0.02324544]]
U = [[ 0.13752544 -0.04444721  0.2050932  -0.05697354  0.15869587]
 [-0.12701974  0.0419952   0.1220631   0.11112961  0.04755546]
 [ 0.23044193  0.05044488  0.20424896  0.07024688  0.21114574]
 [ 0.05703061  0.23563569  0.02824365  0.0670544   0.13349578]
 [-0.21561907  0.08961401  0.37759237  0.11856768 -0.04421947]]
Matrix Pair 18; W = [[-0.13991835  0.06891948  0.19451059  0.09878375 -0.06665365]
 [ 0.10131813 -0.19403179  0.01334276 -0.07955994  0.23088392]
 [ 0.00710182  0.1069549  -0.1108306  -0.08312466  0.18943177]
 [-0.02062364 -0.05031955  0.05440001  0.00275504  0.13857941]
 [-0.12527527 -0.0446806   0.03729471  0.01682806 -0.08530635]]
U = [[ 0.13909263 -0.04501796  0.14421243 -0.05288781  0.19083839]
 [-0.14442754  0.06145351  0.10246396  0.16392744  0.04332308]
 [ 0.17990794  0.04861053  0.11697457  0.0655428   0.19601153]
 [ 0.08910443  0.26339872  0.0593861   0.05518696  0.12158027]
 [-0.19368579  0.06167008  0.36711823  0.17385946 -0.11275871]]
Matrix Pair 19; W = [[-0.15176304  0.01005659  0.21005271  0.12128204 -0.14015494]
 [ 0.10211489 -0.22897815 -0.07618257 -0.1082537   0.25267579]
 [-0.01653132  0.16864852 -0.06789057 -0.09648603  0.1708735 ]
 [-0.07196326 -0.0394102  -0.0028312   0.04087481  0.15626276]
 [-0.16584382 -0.11609798  0.00498198  0.02057558 -0.07391356]]
U = [[ 0.16661284 -0.04618241  0.17661597 -0.0601011   0.23948584]
 [-0.18582149  0.07507923  0.15273767  0.19476486  0.03514681]
 [ 0.23780412 -0.01407375  0.13018979  0.04971697  0.16464775]
 [ 0.05751802  0.29250287  0.05080855  0.01433877  0.20533773]
 [-0.16126287  0.1226819   0.32767419  0.18367994 -0.06986718]]
Matrix Pair 20; W = [[-0.0411444   0.08988589  0.16282954  0.09349089 -0.04000822]
 [ 0.08687502 -0.26591413 -0.09083636 -0.16718217  0.1792103 ]
 [-0.06965877  0.09619356 -0.00320203 -0.01086554  0.17152313]
 [-0.06334698 -0.11984813  0.01591588  0.02257135 -0.05444032]
 [-0.15864829 -0.02895949 -0.02602253  0.12812341 -0.0075972 ]]
U = [[ 0.07863893 -0.07421871  0.24502103 -0.1426792   0.16270279]
 [-0.16981671  0.09401032  0.14883555  0.17683207  0.01114971]
 [ 0.24501081  0.0241124   0.20731318  0.13166682  0.04431947]
 [-0.01889633  0.16862701  0.05644519  0.03080406  0.2059617 ]
 [-0.23059471  0.12171792  0.35684294  0.17085875 -0.0950057 ]]
Matrix Pair 21; W = [[-0.08579402  0.02081664  0.19645418  0.00972996  0.00449062]
 [ 0.13029455 -0.22496322 -0.0586968  -0.07408947  0.23680992]
 [-0.09593103  0.0519221  -0.04005964 -0.02518531  0.16936882]
 [-0.01415781 -0.07798561  0.03989147  0.085826    0.00527035]
 [-0.11335338 -0.01222598 -0.00200522  0.06805876 -0.07428225]]
U = [[ 0.13543465 -0.08011423  0.17064331 -0.10225205  0.18324896]
 [-0.14370382  0.07443451  0.14272503  0.19225485  0.07749949]
 [ 0.1728924   0.01331558  0.18701905  0.12528574  0.13150739]
 [ 0.04471231  0.11246074  0.06077465  0.00825366  0.17253422]
 [-0.25784099  0.161566    0.31642842  0.09937842 -0.11082794]]
Matrix Pair 22; W = [[-0.06854168  0.03941409  0.14854714  0.04457544 -0.0447272 ]
 [ 0.11429545 -0.17267617 -0.12699298 -0.07953146  0.19749692]
 [-0.04162132  0.05434312  0.00989991 -0.0015887   0.17249543]
 [-0.05050676 -0.13093274  0.04210061  0.1017022  -0.05425169]
 [-0.07548009 -0.00909365 -0.00297389  0.07003611 -0.03535089]]
U = [[ 0.13612589 -0.08356156  0.20418294 -0.0794997   0.22255732]
 [-0.17293559  0.06676909  0.22758255  0.15748891  0.08582723]
 [ 0.18531952 -0.01855618  0.22212126  0.07795381  0.07857466]
 [-0.01241078  0.18991536  0.07524723 -0.00965012  0.15432756]
 [-0.25193537  0.1407709   0.32661166  0.13019064 -0.01702521]]
Matrix Pair 23; W = [[-0.09062562  0.11077983  0.20672608  0.00465821 -0.07190544]
 [ 0.11983017 -0.22048717 -0.11729051 -0.14814488  0.24176949]
 [-0.10235854  0.06579642 -0.06995219  0.00649126  0.20560842]
 [ 0.00128932 -0.13919611  0.02922671  0.06247991 -0.04889803]
 [-0.11971915 -0.0738069   0.01067246  0.08884149 -0.07414198]]
U = [[ 1.66211306e-01 -6.03872188e-02  2.17156950e-01 -7.81350209e-02
   2.37964622e-01]
 [-1.64924991e-01  5.71251161e-02  1.51281725e-01  1.75671633e-01
   2.10805342e-05]
 [ 2.36318953e-01  4.40138469e-02  1.83443037e-01  9.93768573e-02
   8.58639696e-02]
 [-4.56198345e-03  1.40586542e-01  8.03522217e-02  4.63408632e-02
   1.45437959e-01]
 [-1.68586901e-01  1.53438663e-01  2.77559908e-01  1.56212903e-01
  -4.06271283e-02]]
Matrix Pair 24; W = [[-0.12945504  0.00161484  0.26522448  0.09779085 -0.04025643]
 [ 0.07343808 -0.25123185 -0.12222221 -0.0700742   0.23917867]
 [-0.02846469  0.01701729 -0.06038011 -0.06824169  0.15392437]
 [-0.03130189 -0.08741158  0.05810296  0.03537872  0.04069157]
 [-0.11058683 -0.03327175  0.07555256  0.06981592 -0.05012716]]
U = [[ 1.89677780e-01 -1.17990624e-01  2.63243586e-01 -4.56313756e-02
   2.65244143e-01]
 [-1.75169926e-01  1.10383470e-01  2.08678450e-01  1.17013166e-01
   3.46525128e-04]
 [ 1.59540847e-01  8.25727826e-02  2.04815921e-01  8.29091215e-02
   9.31490692e-02]
 [ 6.57921126e-02  2.16986374e-01  8.47914460e-02 -7.71485793e-03
   2.03737291e-01]
 [-2.07388226e-01  9.66306087e-02  3.59318028e-01  1.20459617e-01
  -1.87766976e-02]]
Matrix Pair 25; W = [[-9.39071399e-02  1.49002699e-03  1.82060148e-01  1.04870347e-01
  -1.07283372e-01]
 [ 8.12717899e-02 -1.95225089e-01 -8.78005789e-02 -8.82273004e-02
   2.58877527e-01]
 [ 3.65265140e-03  7.03280899e-02 -1.36534290e-01 -4.26370872e-02
   2.23962535e-01]
 [-6.29538217e-02 -1.93052940e-02 -1.61298976e-04  2.15651881e-02
   6.46523202e-02]
 [-6.54184469e-02 -5.89502060e-02 -2.50585158e-03  1.03334669e-01
  -5.74244453e-02]]
U = [[ 1.76569170e-01 -1.08199951e-01  1.89182034e-01 -1.10599147e-01
   2.29126117e-01]
 [-1.40290697e-01  1.62803460e-01  2.16378589e-01  1.84125090e-01
   1.05409796e-04]
 [ 1.38867542e-01  1.00555826e-01  2.02019754e-01  1.06023305e-01
   8.13268859e-02]
 [ 7.77944310e-02  2.08357629e-01  8.23912416e-02  1.46747995e-02
   1.90568099e-01]
 [-1.87545107e-01  9.54799060e-02  3.53640482e-01  9.59260021e-02
   2.25788061e-03]]
Matrix Pair 26; W = [[-0.11506439  0.02706154  0.17404092  0.09410494 -0.10657577]
 [ 0.09288201 -0.190686   -0.14487772 -0.09665428  0.1879145 ]
 [ 0.00179337  0.04312873 -0.07011021 -0.09525055  0.21188511]
 [ 0.00373547 -0.05053782 -0.01300542  0.02640215  0.09511287]
 [-0.07136029 -0.10144983  0.07195751  0.11455918 -0.05183221]]
U = [[ 0.14195772 -0.06788958  0.19156308 -0.08763393  0.24285729]
 [-0.19712053  0.07510386  0.15952016  0.18274225 -0.04484613]
 [ 0.13762657  0.0708611   0.24130314  0.15237896  0.1196894 ]
 [ 0.11379131  0.18571858  0.0592532   0.02556889  0.14064665]
 [-0.15781246  0.11628557  0.27531152  0.16302696 -0.02968543]]
Matrix Pair 27; W = [[-0.125446   -0.01357296  0.20531649  0.08535214 -0.08275964]
 [ 0.06305375 -0.18172577 -0.11451672 -0.06096022  0.20575271]
 [ 0.02009841  0.08580123 -0.09992879 -0.01126122  0.15476626]
 [-0.04474331 -0.0475311   0.08431734  0.00581854  0.01592715]
 [-0.12789302 -0.02940519 -0.01350704  0.03963524 -0.09590176]]
U = [[ 0.19946408 -0.10764861  0.24706705 -0.10231667  0.2655515 ]
 [-0.17298311  0.08859825  0.13534032  0.17251662  0.01580457]
 [ 0.22202331  0.03664982  0.17075715  0.07157321  0.14600897]
 [ 0.09002978  0.19709946  0.09344762 -0.01005471  0.15552761]
 [-0.2245567   0.1346914   0.30776504  0.15524903 -0.00669932]]
Matrix Pair 28; W = [[-0.01173796  0.00406283  0.22621405  0.05041062 -0.13701414]
 [ 0.08450502 -0.21543446 -0.12514797 -0.07176769  0.21592586]
 [ 0.06002177  0.15190391 -0.06952239 -0.02076086  0.1837018 ]
 [ 0.00653186 -0.1167703  -0.0066031  -0.00534752  0.02896463]
 [-0.12147695 -0.03506968 -0.04192041  0.05270698  0.02673551]]
U = [[ 0.16771399 -0.01952378  0.16809096 -0.07644714  0.19414392]
 [-0.13678571  0.04729057  0.20964331  0.20018699  0.01440717]
 [ 0.2246243   0.01083898  0.10330089  0.10847426  0.10596319]
 [ 0.06821674  0.20253997  0.06269462 -0.04460815  0.2575731 ]
 [-0.24450289  0.18067766  0.3236397   0.15599975 -0.09242107]]
Matrix Pair 29; W = [[ 0.01001259  0.05650452  0.22464041  0.01388625 -0.07825041]
 [ 0.09384756 -0.21000156 -0.1054009  -0.09005661  0.20663049]
 [ 0.07225888  0.12117545 -0.10550101 -0.04556862  0.21166291]
 [-0.064074   -0.14824332 -0.01188387  0.00513999 -0.0228617 ]
 [-0.09562771 -0.05032686 -0.02711085  0.07663757 -0.03972329]]
U = [[ 0.10299601 -0.06062577  0.13438655 -0.1223245   0.26278202]
 [-0.11761496  0.13215529  0.20356151  0.17034518  0.08501025]
 [ 0.22102264 -0.04208291  0.18282272  0.08024344  0.04946719]
 [ 0.09005571  0.23328512  0.04975103 -0.02108782  0.22686252]
 [-0.20000749  0.17620442  0.32802442  0.09612174 -0.032673  ]]
Matrix Pair 30; W = [[-0.05476593  0.03644265  0.22661902  0.07577204 -0.1271977 ]
 [ 0.17482579 -0.21075367 -0.1550387  -0.11131689  0.1975897 ]
 [ 0.03751782  0.13673112 -0.03134806 -0.04042106  0.13426816]
 [-0.06587797 -0.1543242   0.02941898  0.05158889  0.05374473]
 [-0.13505007 -0.0423297  -0.04805658  0.02537569 -0.01520868]]
U = [[ 0.10765954 -0.03164569  0.1648721  -0.10253295  0.25623495]
 [-0.15641282  0.1247955   0.22248421  0.1747969   0.03842774]
 [ 0.20243716  0.01242888  0.16534116  0.1381716   0.11696975]
 [ 0.11266343  0.27480618  0.03857742 -0.01333972  0.28138986]
 [-0.22811704  0.16773474  0.31356273  0.14848144 -0.07763924]]
Matrix Pair 31; W = [[-0.05194754  0.02723075  0.21001758  0.05097281 -0.12771514]
 [ 0.15408611 -0.18108862 -0.09855321 -0.07916996  0.26024833]
 [ 0.05741116  0.08370449 -0.03702207 -0.02083551  0.20268756]
 [-0.06231751 -0.14391459 -0.01660153  0.00415372 -0.01818717]
 [-0.08440716 -0.02197817 -0.01576689  0.0998956   0.04162265]]
U = [[ 0.13187675 -0.05834494  0.13838046 -0.12612802  0.17565709]
 [-0.19491801  0.05665289  0.2331821   0.13259581 -0.00232942]
 [ 0.16304691 -0.04150363  0.16639623  0.14143698  0.05613423]
 [ 0.04695119  0.25157757 -0.01530309 -0.07513878  0.21387502]
 [-0.16971825  0.12860796  0.29439788  0.13063411 -0.08809194]]
Matrix Pair 32; W = [[-0.06763272  0.02821471  0.18660379 -0.02027538 -0.10220743]
 [ 0.06826368 -0.19647329 -0.13018419 -0.09806742  0.17620519]
 [-0.07244865  0.03827679 -0.07496259  0.00028307  0.13575205]
 [-0.02457345 -0.10126577  0.081624    0.05745844  0.09088772]
 [-0.09711097 -0.01799671  0.03239958  0.05167633 -0.03695831]]
U = [[ 0.17330893 -0.05705786  0.21036543 -0.05733168  0.11617167]
 [-0.14191855  0.06332732  0.14011408  0.15708773  0.02739702]
 [ 0.18261155  0.08887654  0.20101322  0.15608967  0.12112878]
 [ 0.0573923   0.21988744  0.07004831  0.05771212  0.1724513 ]
 [-0.21195519  0.13556981  0.32754113  0.15372368 -0.06942757]]
Matrix Pair 33; W = [[-0.09258553  0.04084354  0.12261953 -0.04325432 -0.04871366]
 [ 0.09202019 -0.27525908 -0.11363769 -0.05476598  0.21911336]
 [ 0.0166806   0.02487989 -0.13910477  0.01214548  0.21095504]
 [ 0.00281446 -0.14336746  0.07975784  0.08959965  0.01999907]
 [-0.08568745 -0.05891017  0.03908373  0.00572838 -0.10864819]]
U = [[ 0.14051226 -0.03484465  0.20482748 -0.02636669  0.20215544]
 [-0.14580423  0.06625126  0.09207602  0.14523031  0.09559031]
 [ 0.1529514  -0.0005089   0.15424412  0.14654687  0.09705623]
 [ 0.01087976  0.16968878 -0.00744244  0.01966238  0.13928994]
 [-0.19459406  0.16213322  0.33699387  0.16358272 -0.08456053]]
Matrix Pair 34; W = [[-0.13601543  0.05058283  0.16603749  0.02594974 -0.06708224]
 [ 0.04433386 -0.19823107 -0.07727561 -0.09903669  0.24154894]
 [-0.00715119  0.02348341 -0.12289962 -0.01129946  0.22493845]
 [-0.03484055 -0.06673209 -0.00168841  0.042834    0.06512381]
 [-0.16265151 -0.04793574 -0.02975385  0.06430815 -0.01777514]]
U = [[ 0.17554222 -0.00080957  0.18960813 -0.08157035  0.17409656]
 [-0.19026694  0.09131693  0.09385967  0.16043507  0.00884896]
 [ 0.14332612  0.03400634  0.18942719  0.13286512  0.13619236]
 [ 0.00179245  0.2016428   0.07276325  0.04188513  0.14489923]
 [-0.14249167  0.13225342  0.31777445  0.12680834 -0.04948957]]
Matrix Pair 35; W = [[-0.13336999  0.0561032   0.11727687  0.0163727  -0.07443568]
 [ 0.11652807 -0.21623098 -0.08390706 -0.02185205  0.19414031]
 [ 0.01865854  0.05556091 -0.12777304 -0.00844518  0.21626827]
 [-0.00871969 -0.06770602  0.03557099  0.0779846  -0.00161351]
 [-0.15716805 -0.06019833 -0.01715583  0.0392417  -0.10418954]]
U = [[ 0.14966357 -0.07083184  0.22169955 -0.07425319  0.19312808]
 [-0.18458253  0.09503409  0.16365893  0.21006627  0.0379449 ]
 [ 0.21085694  0.07696125  0.19273395  0.12586524  0.09946847]
 [-0.02275979  0.22507441 -0.00449203  0.08472462  0.17020183]
 [-0.13227771  0.17060419  0.28356991  0.14170474 -0.07952208]]
Matrix Pair 36; W = [[-0.04962363  0.04612358  0.18546734  0.07304044 -0.09302566]
 [ 0.18513405 -0.23298233 -0.1398713  -0.09960786  0.25116342]
 [ 0.04063949  0.04883451 -0.15414158  0.01282294  0.1048647 ]
 [-0.02318258 -0.11766414  0.04415517  0.01711455  0.0267967 ]
 [-0.15235929 -0.06719513  0.08699802  0.07897763 -0.05586071]]
U = [[ 0.12091743  0.03361831  0.14633595 -0.09194827  0.13670842]
 [-0.20271263  0.1237832   0.1243994   0.14526461  0.04444523]
 [ 0.20117813  0.02649552  0.24122239  0.11524462  0.17038459]
 [ 0.1115648   0.243139   -0.02849853  0.04140109  0.22785099]
 [-0.21355036  0.15992231  0.33209119  0.18283668 -0.11788298]]
Matrix Pair 37; W = [[-0.01540151 -0.01033745  0.14420273  0.10274159 -0.02771487]
 [ 0.09278344 -0.23012001 -0.13358429 -0.08781581  0.20774114]
 [ 0.06769866  0.10015278 -0.07670055 -0.03686277  0.12395461]
 [ 0.00930935 -0.05239738  0.05090758  0.07599394 -0.03167418]
 [-0.1493052  -0.03433946  0.06122419  0.11941003  0.00269167]]
U = [[ 0.14647941 -0.02709384  0.15093204 -0.0200142   0.12426337]
 [-0.23638236  0.08833657  0.16828464  0.13361453  0.02808562]
 [ 0.21358756  0.02723464  0.19854651  0.08355115  0.09708932]
 [ 0.03556137  0.24685193 -0.00993278  0.01836856  0.26912891]
 [-0.19603047  0.17024908  0.3217588   0.18816407 -0.1037167 ]]
Matrix Pair 38; W = [[-0.07777511  0.03218515  0.16761278  0.08004607 -0.06207371]
 [ 0.17583215 -0.21053306 -0.17388018 -0.04855     0.25987268]
 [ 0.0690531   0.04078905 -0.12735341  0.02920403  0.14355778]
 [ 0.02826977 -0.10216215  0.03794891  0.09673501  0.00337213]
 [-0.12764445 -0.02392722  0.03629018  0.12009873  0.00883408]]
U = [[ 0.15568066 -0.04606134  0.17821482 -0.07878726  0.1527657 ]
 [-0.21709208  0.15007587  0.2100074   0.13435538  0.0723716 ]
 [ 0.23787351  0.06411776  0.20742941  0.11480962  0.12866511]
 [ 0.08697687  0.24020764  0.03473088  0.02709631  0.27563358]
 [-0.24637634  0.12472677  0.32551431  0.19464708 -0.09560159]]
Matrix Pair 39; W = [[-0.0702046   0.05503997  0.18339981  0.05660688 -0.04515122]
 [ 0.16845619 -0.23151395 -0.1367961  -0.10821646  0.25736892]
 [ 0.03290781  0.02801317 -0.07242149  0.01517583  0.10424906]
 [-0.0086467  -0.14676363  0.07811995  0.08043428 -0.0082926 ]
 [-0.13167713 -0.03026154  0.09524934  0.08434146  0.00326263]]
U = [[ 0.0926753  -0.02951654  0.16367755 -0.07818433  0.14613634]
 [-0.19549819  0.10732519  0.17526952  0.16997274  0.05774632]
 [ 0.19308979 -0.02541051  0.22575632  0.04994544  0.11831941]
 [ 0.05073533  0.26275283  0.00034484  0.01675605  0.23998491]
 [-0.23941788  0.17592518  0.30700421  0.12875303 -0.06500016]]
Matrix Pair 40; W = [[-0.07415779  0.01933651  0.16397576 -0.01508936 -0.08673719]
 [ 0.06836586 -0.25566756 -0.12029478 -0.04177631  0.21397109]
 [ 0.00323775  0.07090725 -0.0634742   0.00356672  0.14291758]
 [ 0.05549722 -0.07328092  0.01408723  0.02773149  0.05359336]
 [-0.09484362 -0.01283699  0.12486593  0.07943603 -0.06722473]]
U = [[ 0.07508263 -0.04793919  0.19869599 -0.131403    0.1817825 ]
 [-0.17801854  0.0471622   0.1555168   0.16655278  0.06415726]
 [ 0.24858562  0.01741318  0.14985626  0.05413758  0.12584529]
 [ 0.02427024  0.25026624  0.091914   -0.05390719  0.13225713]
 [-0.15574391  0.16561583  0.3059267   0.06550867 -0.1045188 ]]
Matrix Pair 41; W = [[-0.05373303  0.04696834  0.22737198 -0.01519205 -0.10569794]
 [ 0.07315501 -0.3017237  -0.12549812 -0.09920489  0.21283618]
 [ 0.0383174   0.07223541 -0.07043399  0.0360222   0.2104396 ]
 [ 0.00095011 -0.05364819 -0.00720404  0.0300467  -0.01904391]
 [-0.07473187 -0.00307385  0.12504318  0.10794917 -0.01707688]]
U = [[ 0.15310516 -0.09808321  0.22118078 -0.14420062  0.10355551]
 [-0.1470856  -0.00105278  0.14665375  0.17418868  0.05135979]
 [ 0.19290706  0.0963462   0.20993797  0.07328056  0.10660248]
 [ 0.1210877   0.1917906   0.01552681 -0.03976571  0.1791106 ]
 [-0.19239898  0.1198652   0.32834096  0.04764649 -0.07458271]]
Matrix Pair 42; W = [[-0.02068342  0.02744978  0.17489685 -0.01981912 -0.03828895]
 [ 0.1299868  -0.28459046 -0.10519944 -0.01281339  0.27576653]
 [ 0.04429396  0.03148246 -0.13515567  0.00577175  0.17353637]
 [ 0.01373936 -0.10487877  0.06041038  0.08333569  0.05287316]
 [-0.11424607 -0.04887466  0.07276815  0.04922305 -0.00418265]]
U = [[ 0.13967856 -0.10715517  0.19393287 -0.04620599  0.11224017]
 [-0.22769171  0.04597787  0.15751487  0.10743561  0.02165782]
 [ 0.23822731  0.07597195  0.14712974  0.0561297   0.15144284]
 [ 0.02604879  0.24854951  0.10898228 -0.0383388   0.15513626]
 [-0.1897765   0.12826104  0.26931532  0.05050894 -0.14291254]]
Matrix Pair 43; W = [[-0.0576448   0.01511527  0.17783494 -0.01619455 -0.03011706]
 [ 0.07707135 -0.30171505 -0.08070485 -0.09827905  0.2495665 ]
 [ 0.03103521  0.07656085 -0.0754283   0.00284062  0.15809357]
 [-0.04032986 -0.13723346 -0.00665259  0.07607998 -0.01739148]
 [-0.07605281 -0.06123712  0.13609018  0.07880814 -0.03125267]]
U = [[ 0.11711953 -0.04870174  0.1704717  -0.05184325  0.09632399]
 [-0.22087251  0.04480261  0.16009236  0.13918882  0.02103947]
 [ 0.2294166   0.08141177  0.15168912  0.0911359   0.19291381]
 [ 0.08470418  0.19565937  0.08015958  0.00649345  0.13795752]
 [-0.1895275   0.12403492  0.26232556  0.10403054 -0.06590214]]
Matrix Pair 44; W = [[-0.1487606   0.03878317  0.12284788  0.06498091 -0.03981064]
 [ 0.07481655 -0.19503321 -0.08802214 -0.12127146  0.27297671]
 [ 0.02562144  0.10826517 -0.05211867  0.01761435  0.17484294]
 [-0.02809422 -0.18843245  0.0337281  -0.0112219   0.02849844]
 [-0.13063998 -0.00093973  0.11149372  0.04716252 -0.03629121]]
U = [[ 0.10220404 -0.01748352  0.17578841 -0.14008334  0.15075521]
 [-0.20166056  0.1084182   0.16821112  0.15663246  0.01978832]
 [ 0.18539178 -0.00326244  0.2077164   0.08231537  0.13226432]
 [ 0.07955303  0.14157163 -0.04304741 -0.00353518  0.2227374 ]
 [-0.2683469   0.14420898  0.33731194  0.06335035 -0.05842834]]
Matrix Pair 45; W = [[-0.11079033  0.06712086  0.18607133  0.05362701 -0.05494409]
 [ 0.14476713 -0.20201352 -0.10797663 -0.12117475  0.2643794 ]
 [ 0.04803622  0.08993944 -0.02660817  0.02997615  0.15667391]
 [ 0.01994274 -0.0983422  -0.02793776  0.02543031  0.07284348]
 [-0.07375773  0.00239676  0.069707    0.07404573 -0.01109639]]
U = [[ 0.08960278 -0.02279256  0.19459302 -0.06665451  0.17083417]
 [-0.172766    0.06037971  0.17376253  0.13157719 -0.00539009]
 [ 0.1876958   0.01933733  0.14930527  0.08959375  0.14269858]
 [-0.012623    0.20828305  0.03366071 -0.03500953  0.25073801]
 [-0.23995431  0.19744829  0.27610666  0.13981391 -0.0900074 ]]
Matrix Pair 46; W = [[-0.15451859  0.05978463  0.12698561  0.0677489  -0.05746655]
 [ 0.10663021 -0.25443186 -0.056246   -0.05106634  0.27408339]
 [-0.01513028  0.0730193  -0.02203794  0.04245974  0.14936447]
 [-0.01999257 -0.18069015  0.04319622  0.00344829  0.05266227]
 [-0.07557682 -0.04419372  0.05129722  0.08400622 -0.03089547]]
U = [[ 0.14259273 -0.00890018  0.20410117 -0.12305907  0.15691599]
 [-0.19728186  0.10045068  0.10883837  0.09285958  0.02879338]
 [ 0.25463536  0.02174615  0.19369339  0.10849683  0.13115074]
 [ 0.04718414  0.20066101  0.03370332 -0.04332267  0.20421012]
 [-0.18177076  0.14207498  0.28747673  0.15534499 -0.10215896]]
Matrix Pair 47; W = [[-0.08474087 -0.01597992  0.13847148  0.11542155 -0.07664666]
 [ 0.10022292 -0.19164989 -0.08747134 -0.12755724  0.28797107]
 [ 0.03000692  0.10555651 -0.0765646  -0.03108859  0.12929472]
 [-0.01388466 -0.15757402  0.05657551 -0.01538351 -0.00060602]
 [-0.13863984 -0.07699244  0.09076819  0.09990723 -0.01023078]]
U = [[ 0.1430218  -0.026688    0.25385621 -0.11925487  0.22623127]
 [-0.17521185  0.05823056  0.10012284  0.10304561  0.02899853]
 [ 0.27262268  0.00980653  0.19786941  0.05889518  0.07851883]
 [ 0.00310191  0.22146114 -0.00807639  0.02454254  0.15814986]
 [-0.18016336  0.10101432  0.28847395  0.09217436 -0.09466521]]
Matrix Pair 48; W = [[-0.02124036  0.00073517  0.23831834  0.00771982 -0.02910406]
 [ 0.15033062 -0.1885979  -0.07794299 -0.0763798   0.26618408]
 [-0.05007034 -0.00963336 -0.14970341  0.02914403  0.14221303]
 [ 0.02991553 -0.13181442  0.0963032   0.06579316 -0.06021335]
 [-0.13949505 -0.08877225  0.09610559  0.15609511 -0.05722205]]
U = [[ 0.14716412 -0.05113291  0.26528149 -0.07222661  0.13591595]
 [-0.1355024   0.09573051  0.19112732  0.19197757 -0.03486075]
 [ 0.22944473  0.04749456  0.09896717  0.11176812  0.08731339]
 [ 0.06742937  0.21854651 -0.0249996  -0.02616611  0.11892083]
 [-0.23528709  0.21994205  0.36267254  0.12693114 -0.06357073]]
Matrix Pair 49; W = [[-0.01650709  0.07137652  0.247609    0.0527793  -0.0808882 ]
 [ 0.13369942 -0.20497665 -0.08669372 -0.12425108  0.25302117]
 [ 0.02948714 -0.00259221 -0.08118031  0.00776045  0.16359698]
 [ 0.00464306 -0.12172307  0.09233171  0.05906599 -0.02829601]
 [-0.15344734 -0.13621069  0.05367556  0.07597315  0.00440167]]
U = [[ 0.09824576 -0.05027198  0.24923774 -0.0925666   0.17403199]
 [-0.20552713  0.09729785  0.14933011  0.21495896 -0.02405981]
 [ 0.22741782  0.05318493  0.11248247  0.05527017  0.1303234 ]
 [ 0.01918179  0.22709661  0.00191511  0.00841933  0.17624058]
 [-0.2135553   0.22180151  0.32202477  0.07619503 -0.1385205 ]]
Matrix Pair 50; W = [[-0.0729347   0.00368419  0.18275489  0.01511204 -0.07655933]
 [ 0.1254666  -0.26092823 -0.06500549 -0.12018887  0.2270221 ]
 [-0.06318298 -0.0262009  -0.13725042 -0.05366164  0.18511142]
 [-0.02011736 -0.1117701   0.03445521  0.04504378 -0.03223704]
 [-0.1652859  -0.11543102  0.12816235  0.12383741 -0.01011498]]
U = [[ 0.06270455  0.02709059  0.18605636 -0.05823087  0.17251334]
 [-0.15055621  0.13697964  0.12933871  0.19746188 -0.00199941]
 [ 0.2208174   0.04000586  0.12481495  0.07672192  0.08989962]
 [-0.0073493   0.14163106  0.01045461  0.0350684   0.13659189]
 [-0.17676441  0.18427676  0.32836789  0.12678795 -0.13808489]]
Matrix Pair 51; W = [[-0.02915159  0.04336935  0.18012098  0.03974639 -0.10427898]
 [ 0.1181555  -0.24420497 -0.06312328 -0.08904216  0.21213375]
 [-0.02735232 -0.02444186 -0.15905799 -0.00733937  0.19950925]
 [-0.02734498 -0.1730878   0.02895561  0.0460226   0.01198682]
 [-0.13247763 -0.08268315  0.12434901  0.07426569 -0.04051595]]
U = [[ 0.08668861 -0.06519393  0.23670455 -0.0417049   0.21071023]
 [-0.13523588  0.07273019  0.1250112   0.21737522  0.01994393]
 [ 0.17239298  0.00934619  0.12730043  0.044235    0.10061888]
 [ 0.04492092  0.17505154 -0.01660613 -0.01375709  0.09859009]
 [-0.24617955  0.1400129   0.31032016  0.07315844 -0.11751809]]
Matrix Pair 52; W = [[ 0.00991757  0.06466783  0.25416825  0.00350791 -0.08142608]
 [ 0.08508521 -0.20947226 -0.13020716 -0.07935235  0.24179445]
 [ 0.04215632  0.07349179 -0.14566508 -0.05760369  0.1717971 ]
 [-0.02888518 -0.05470317  0.04381207  0.08625134  0.03102295]
 [-0.12746967 -0.07905852  0.02041387  0.12333199 -0.08963875]]
U = [[ 0.13708434 -0.08910728  0.25965228 -0.09585158  0.21733285]
 [-0.20774188  0.07280972  0.12254127  0.17880962  0.07654267]
 [ 0.23196704  0.02657325  0.22292543  0.04776521  0.1868865 ]
 [-0.00325907  0.21438024  0.02173168  0.0185863   0.28384593]
 [-0.22029138  0.10681811  0.37402462  0.1575285  -0.08764927]]
Matrix Pair 53; W = [[-0.04322535  0.07272173  0.21982989  0.04979862 -0.0817884 ]
 [ 0.08932946 -0.20593487 -0.05474195 -0.11626369  0.23784153]
 [ 0.04315064  0.07442796 -0.09777545 -0.08734428  0.19261464]
 [-0.0486303  -0.07842406  0.05105351  0.15365216  0.06552321]
 [-0.0877168  -0.02447041  0.02167743  0.08606895 -0.04963065]]
U = [[ 0.16898296 -0.06977182  0.21237492 -0.13749853  0.13447099]
 [-0.16058115  0.12699647  0.14315615  0.17751323  0.03090162]
 [ 0.22661606  0.0263329   0.23322144  0.05802637  0.18594434]
 [ 0.08621768  0.20925294  0.05556361  0.03440867  0.22150453]
 [-0.18827742  0.16757354  0.3110109   0.16058352 -0.09012136]]
Matrix Pair 54; W = [[ 0.00284534  0.03176066  0.21378704  0.03616035 -0.01772936]
 [ 0.08841428 -0.23314128 -0.07855279 -0.10828688  0.20391241]
 [ 0.05609424  0.07330667 -0.14057041 -0.11195403  0.22106264]
 [-0.07158612 -0.12146646  0.10631738  0.08284763  0.02572565]
 [-0.1125799  -0.08140416 -0.01585311  0.08186549 -0.03943018]]
U = [[ 0.13928436 -0.07529712  0.22474173 -0.08487548  0.21379279]
 [-0.12289727  0.08494651  0.07793151  0.18242883  0.07410487]
 [ 0.24746039  0.02958499  0.22182946  0.03695937  0.11384573]
 [ 0.06515922  0.16594651  0.06312755  0.05284085  0.26631737]
 [-0.18282346  0.17853793  0.35147308  0.18398788 -0.04748558]]
Matrix Pair 55; W = [[-0.03600414  0.0612486   0.20406669  0.03839059 -0.0379322 ]
 [ 0.11455472 -0.15228955 -0.08736781 -0.08674634  0.18357801]
 [ 0.01508239  0.008598   -0.14787595 -0.06062813  0.12854381]
 [-0.01911694 -0.10550186  0.0499054   0.14888084  0.09308884]
 [-0.11287814 -0.08617023 -0.01697782  0.10183619 -0.06422827]]
U = [[ 0.11217264 -0.07259894  0.23349015 -0.16535822  0.14997089]
 [-0.13446169  0.1194063   0.10667624  0.22541566  0.03367207]
 [ 0.24826633 -0.00328125  0.17688504  0.04346979  0.10461273]
 [ 0.08244661  0.24668318  0.04724239  0.09889655  0.21961639]
 [-0.22229153  0.13406478  0.33869087  0.17760841 -0.05220161]]
Matrix Pair 56; W = [[-0.03601463  0.00882608  0.13081863  0.09025567 -0.07177444]
 [ 0.12392883 -0.16454846 -0.11743903 -0.15950225  0.2517451 ]
 [ 0.00736371  0.05184225 -0.10891502  0.01205129  0.21332945]
 [-0.09758783 -0.11694267 -0.02266176 -0.01522883  0.03167689]
 [-0.09578514 -0.09657955  0.04938101  0.10144075 -0.05837406]]
U = [[ 0.07507489 -0.01429477  0.1944005  -0.08678029  0.19129286]
 [-0.13537866  0.03090508  0.13936645  0.22646319 -0.00839887]
 [ 0.20368696 -0.00888576  0.1737472   0.05019809  0.15397239]
 [ 0.0832332   0.16056989  0.02331698 -0.02804588  0.13481507]
 [-0.21640084  0.08922829  0.33315184  0.17547328 -0.03337715]]
Matrix Pair 57; W = [[-0.07818378 -0.00829497  0.1853779   0.03670884 -0.09724306]
 [ 0.15090255 -0.18708586 -0.09837212 -0.15794848  0.18253759]
 [-0.00817593  0.1141795  -0.1128921  -0.00397     0.22956011]
 [-0.02550021 -0.07652597  0.0487647  -0.00779912  0.04001938]
 [-0.10115788 -0.03612868  0.02141924  0.12749395 -0.03511483]]
U = [[ 0.06576455  0.02333024  0.20660376 -0.14594712  0.1590596 ]
 [-0.18982684  0.06656238  0.16683583  0.15211619 -0.01418424]
 [ 0.15793475  0.00456269  0.17732291  0.0492016   0.10399711]
 [ 0.07726882  0.1692867  -0.03206579 -0.06196112  0.19918338]
 [-0.20885265  0.09442352  0.26787851  0.11466589 -0.07742415]]
Matrix Pair 58; W = [[-0.07349091 -0.02183239  0.15601292  0.03460264 -0.04986967]
 [ 0.0975753  -0.22232782 -0.11190146 -0.13775535  0.16058786]
 [-0.04016372  0.06917615 -0.13460879  0.04042221  0.16511764]
 [-0.02768844 -0.13700512  0.01203721  0.05657673  0.01959179]
 [-0.16641267 -0.08787888  0.00028315  0.09307193 -0.0724834 ]]
U = [[ 0.0566951  -0.03923253  0.21619549 -0.09608354  0.16843045]
 [-0.16238578  0.0353362   0.14947334  0.13763611  0.00056788]
 [ 0.20786516  0.03550028  0.21250336  0.05967399  0.08098328]
 [ 0.09816506  0.15803505 -0.00679632 -0.03755578  0.19315295]
 [-0.15538567  0.11699343  0.31079928  0.1074324  -0.02295706]]
Matrix Pair 59; W = [[-0.07054729  0.01092991  0.13559116  0.00774432 -0.11988135]
 [ 0.13912799 -0.20462209 -0.13647347 -0.17042826  0.17173384]
 [-0.02382662  0.04355794 -0.11084849 -0.03631046  0.19670236]
 [-0.00568814 -0.11920684  0.03762768 -0.02220451  0.08406339]
 [-0.08547748 -0.09020934  0.08092328  0.07066889 -0.02670017]]
U = [[ 0.14188872 -0.02305795  0.18807251 -0.06522652  0.16210741]
 [-0.14708643  0.03368134  0.19369193  0.18494266  0.01075074]
 [ 0.14001876  0.03300927  0.2258973   0.09867214  0.14700702]
 [ 0.08703827  0.1574118  -0.03433021 -0.02053727  0.1927942 ]
 [-0.2282228   0.13850634  0.36277221  0.09330704 -0.11767266]]
Matrix Pair 60; W = [[-0.07282582  0.01991148  0.1548719   0.08195194 -0.07799547]
 [ 0.11589891 -0.14885327 -0.05763516 -0.07851219  0.17266416]
 [-0.02981546  0.08455746 -0.06227267 -0.03984841  0.18183423]
 [-0.01425665 -0.10258033  0.0736645   0.07447445  0.02599271]
 [-0.03993681 -0.05916996 -0.01673466  0.09942725 -0.03667476]]
U = [[ 0.10633535 -0.12958709  0.12727371 -0.13418524  0.19958359]
 [-0.17293097  0.04734395  0.1728493   0.18470832  0.06395721]
 [ 0.24045659  0.01273199  0.14976904  0.03847074  0.13904678]
 [ 0.09806269  0.26984803  0.06700404  0.01770953  0.23334969]
 [-0.21465383  0.1144593   0.28640599  0.20240201 -0.02372299]]
Matrix Pair 61; W = [[-0.04222206  0.0373119   0.18430779  0.0462002  -0.04522638]
 [ 0.12003077 -0.15078516 -0.06036947 -0.11510279  0.16876371]
 [-0.02747735  0.12397972 -0.11326311 -0.06542939  0.24587344]
 [ 0.00332548 -0.05564076  0.09013354  0.04590701 -0.00296591]
 [-0.13262011 -0.07510953  0.02712018  0.15518643 -0.00111398]]
U = [[ 0.09104845 -0.14784114  0.18328572 -0.15215163  0.14087005]
 [-0.15740094  0.11428029  0.17258278  0.12008486 -0.00154826]
 [ 0.1696015  -0.0150808   0.13095197  0.09776968  0.08923966]
 [ 0.12733959  0.18599406  0.0933476  -0.06267764  0.30764806]
 [-0.19966484  0.16340427  0.31179878  0.17016826 -0.029186  ]]
Matrix Pair 62; W = [[-0.08239264  0.01719411  0.21727542  0.01356936 -0.07755422]
 [ 0.07194378 -0.23085684  0.01030667 -0.15434025  0.22652941]
 [ 0.03205782  0.04766863 -0.1195066  -0.09037697  0.16040696]
 [ 0.01015038 -0.12323884  0.05539793  0.0405871   0.00929324]
 [-0.11944215 -0.10436356  0.06604517  0.10247225 -0.07038558]]
U = [[ 0.17436581 -0.17860941  0.18522916 -0.13750763  0.21500068]
 [-0.1910621   0.09480256  0.17980197  0.16011601  0.06121282]
 [ 0.25685156  0.0319306   0.15174293  0.0974413   0.07727959]
 [ 0.09608459  0.18646621  0.06285662 -0.0697502   0.30802763]
 [-0.20913999  0.10130202  0.34099513  0.22142866 -0.02057334]]
Matrix Pair 63; W = [[-0.05104058  0.03320485  0.23535583  0.04255418 -0.08132916]
 [ 0.13309861 -0.16529867 -0.04217793 -0.0787898   0.17483763]
 [ 0.03111149  0.04119471 -0.06268429 -0.09159781  0.25868388]
 [ 0.03423083 -0.07581562  0.02980872  0.02358161  0.02205112]
 [-0.08198164 -0.04527571  0.01173766  0.11062383  0.00284517]]
U = [[ 0.09702376 -0.10510425  0.17262034 -0.19709652  0.19634663]
 [-0.21393002  0.09082586  0.15613091  0.12726518  0.01280155]
 [ 0.24151694 -0.01078504  0.15783519  0.07880368  0.05916097]
 [ 0.08685169  0.18500527  0.03170334 -0.05329354  0.2547032 ]
 [-0.17923726  0.14860047  0.33544058  0.21079225 -0.01955744]]
