Epoch: 23Matrix Pair 0; W = [[-0.08650317 -0.0314951   0.15277956  0.00995513 -0.0771272 ]
 [ 0.06735132 -0.23814108 -0.1350006  -0.14636882  0.21696601]
 [-0.0914625   0.04322336 -0.07392509 -0.02704451  0.2218116 ]
 [-0.06292754 -0.10088462  0.00532361  0.10762295  0.08198732]
 [-0.11869883 -0.08050246  0.00092838  0.14556878 -0.0558864 ]]
U = [[ 0.0765162  -0.0760936   0.14722291 -0.07892066  0.09786983]
 [-0.19961343  0.0558945   0.20788668  0.16813397  0.02015774]
 [ 0.18091225  0.00365554  0.17875757  0.10684693  0.14322512]
 [ 0.1378853   0.10575408 -0.05305058 -0.03889022  0.173108  ]
 [-0.22074074  0.1583828   0.24967225  0.13131685 -0.05210853]]
Matrix Pair 1; W = [[-0.09140441  0.04289107  0.18528555  0.04492863 -0.05537255]
 [ 0.13427682 -0.19656123 -0.16452451 -0.11286732  0.19283559]
 [-0.11590854  0.0558374  -0.10968771 -0.06898706  0.15210943]
 [-0.0036507  -0.0375238   0.01269508  0.0707478   0.03746141]
 [-0.10712895 -0.13019317  0.02367826  0.16859356  0.01870251]]
U = [[ 0.00321276 -0.06327437  0.24245768 -0.063505    0.14991236]
 [-0.16661896  0.04286019  0.15870141  0.10558817 -0.02094212]
 [ 0.1584779  -0.00945069  0.1672585   0.12905764  0.12402112]
 [ 0.09746946  0.20074459  0.01050945 -0.04751966  0.16188891]
 [-0.23601389  0.07860596  0.2869088   0.13732302 -0.01708995]]
Matrix Pair 2; W = [[-9.87010221e-02  5.19185630e-02  1.67656197e-01  1.95195528e-02
  -1.19689794e-01]
 [ 8.50730790e-02 -2.50490310e-01 -1.68225252e-01 -1.02062676e-01
   1.94755445e-01]
 [-8.52781813e-02  9.41139235e-02 -6.40578859e-02 -5.85256586e-02
   1.58003445e-01]
 [-5.06851776e-02 -2.91275879e-02  1.67523527e-02  5.47052797e-02
   5.48934036e-02]
 [-1.13917320e-01 -1.32293418e-01 -8.85427989e-05  8.22799996e-02
  -3.51316915e-02]]
U = [[ 0.02400433 -0.01877479  0.17244474 -0.10785642  0.10462496]
 [-0.12345627  0.08849918  0.21639262  0.18739486 -0.03151898]
 [ 0.17127867 -0.00502824  0.19607483  0.0871798   0.07622827]
 [ 0.13459163  0.10699125  0.01505025 -0.05481189  0.16654572]
 [-0.26161483  0.1294157   0.26775489  0.16878237 -0.09824394]]
Matrix Pair 3; W = [[-1.00840180e-01 -3.59051255e-02  1.69602565e-01  6.17781769e-02
  -1.05467976e-01]
 [ 1.25687622e-01 -2.61031137e-01 -1.65459785e-01 -1.43314061e-01
   2.26465849e-01]
 [-4.67976379e-02  3.76233156e-02 -8.57162317e-02 -7.64223885e-02
   2.11339682e-01]
 [-6.57729268e-05 -1.02920522e-01  4.82725901e-02  6.73474807e-02
   8.36199404e-02]
 [-1.98258772e-01 -1.22563278e-01 -7.57682704e-04  1.15097882e-01
  -4.61441625e-02]]
U = [[ 0.01205028 -0.0364265   0.2206093  -0.1020411   0.12522874]
 [-0.20325338  0.13313665  0.19581543  0.17977657  0.03555799]
 [ 0.20049946 -0.00544063  0.24174908  0.08997914  0.14293214]
 [ 0.13092896  0.13836483 -0.03449906 -0.05625871  0.18967714]
 [-0.24094746  0.08434891  0.2573043   0.15708887 -0.09395695]]
Matrix Pair 4; W = [[-0.12941192  0.04267639  0.27625034  0.09281704 -0.14143633]
 [ 0.10234253 -0.17058732 -0.08824042 -0.09868013  0.18993568]
 [-0.09341365  0.07265355 -0.14450639 -0.07454322  0.17326418]
 [-0.02291535 -0.12414599  0.00939192  0.01500392  0.10895114]
 [-0.15057345 -0.04370848  0.08936627  0.05999383 -0.0253724 ]]
U = [[ 0.09664919 -0.04183505  0.23647688 -0.09446546  0.14047415]
 [-0.1571747   0.05676264  0.15314252  0.18121831 -0.05899415]
 [ 0.22810628 -0.00631157  0.22299079  0.07074677  0.09358738]
 [ 0.07003217  0.21123855 -0.01054929  0.01099849  0.22701079]
 [-0.12508356  0.155343    0.35350797  0.14588621 -0.07400104]]
Matrix Pair 5; W = [[-0.07995297  0.03809769  0.26244727  0.02511698 -0.07681484]
 [ 0.08479141 -0.20017148 -0.11977779 -0.11931835  0.22636391]
 [-0.01842188  0.11181089 -0.05925053 -0.01836935  0.16204274]
 [-0.04143536 -0.09734175  0.00755309  0.0220288   0.1177834 ]
 [-0.10118223 -0.09048714  0.00070574  0.04579363 -0.03072476]]
U = [[ 0.1031222  -0.08410056  0.22926715 -0.12266189  0.20984329]
 [-0.23553465  0.09073418  0.21552366  0.11661191  0.00435058]
 [ 0.22432138  0.04427226  0.15923031  0.09631131  0.05067056]
 [ 0.03238367  0.13448542 -0.00379275 -0.01306156  0.23835465]
 [-0.11753863  0.1112446   0.28370187  0.14340766 -0.0682934 ]]
Matrix Pair 6; W = [[-0.15623987 -0.00806318  0.20609141  0.03918276 -0.11911224]
 [ 0.11293512 -0.23995005 -0.1287354  -0.12119611  0.25444365]
 [-0.08163918  0.05243072 -0.07488993 -0.04131709  0.15868056]
 [ 0.01544701 -0.08778323  0.03476216  0.05253468  0.02851619]
 [-0.14651972 -0.09941756  0.0626      0.09062567 -0.03619678]]
U = [[ 0.06689702 -0.06928289  0.24300901 -0.11677893  0.16219565]
 [-0.19664662  0.04286035  0.18110591  0.14125869 -0.00203655]
 [ 0.21281751 -0.01207554  0.1965632   0.07536246  0.08083055]
 [ 0.00814994  0.18212285 -0.03117594  0.05300857  0.19580352]
 [-0.17936981  0.1400453   0.29698237  0.21619594 -0.06177577]]
Matrix Pair 7; W = [[-0.1180808   0.05137276  0.2292795   0.08575566 -0.08003735]
 [ 0.1133229  -0.21635968 -0.07612295 -0.13217654  0.1798758 ]
 [-0.03584385  0.04653476 -0.11321059 -0.07693179  0.13361141]
 [-0.06947275 -0.10840477 -0.04956668 -0.01209072  0.06456519]
 [-0.19370896 -0.07589878  0.05025334  0.10853221 -0.04357368]]
U = [[ 0.06750509 -0.03856144  0.19811492 -0.11113502  0.17211637]
 [-0.18027103  0.13470315  0.14420615  0.14458623 -0.06490644]
 [ 0.15164817  0.04030238  0.16270561  0.03212313  0.06031501]
 [ 0.02424444  0.17711965 -0.03009071  0.07435038  0.18910287]
 [-0.15550598  0.0900211   0.27430908  0.21154621 -0.07019397]]
Matrix Pair 8; W = [[ 0.027681    0.04205631  0.24715932  0.10929148 -0.06492888]
 [ 0.11663712 -0.20961555 -0.11733905 -0.157127    0.23115475]
 [ 0.03150496  0.10676203 -0.05766976 -0.00349878  0.24511468]
 [-0.10022915 -0.113173    0.01414801 -0.03853119 -0.00336499]
 [-0.08415594 -0.07422996  0.07925457  0.09003475  0.02359822]]
U = [[ 0.12912585 -0.05190621  0.14996892 -0.07195975  0.24563813]
 [-0.14618722  0.03772415  0.23223748  0.12426625  0.01158561]
 [ 0.17963065  0.02700983  0.21589478  0.0572591   0.1444676 ]
 [ 0.10242516  0.20446703  0.03329632  0.04360717  0.16742105]
 [-0.25289464  0.17986553  0.36057695  0.10500252 -0.10954411]]
Matrix Pair 9; W = [[ 0.0136769   0.01054797  0.17685621  0.11358112 -0.11012695]
 [ 0.12552465 -0.19047936 -0.10644543 -0.16204621  0.19741979]
 [ 0.05169374  0.06692448 -0.06293633 -0.06524546  0.21024256]
 [-0.05756802 -0.15723617 -0.06520926 -0.03935841 -0.05203949]
 [-0.15725275 -0.08982136  0.0535482   0.11240466 -0.04739325]]
U = [[ 0.17292964 -0.03277877  0.10316466 -0.06080366  0.22485154]
 [-0.11734294  0.10308172  0.1760155   0.20413618 -0.02687785]
 [ 0.16693176  0.01172095  0.20899093  0.13368415  0.11327336]
 [ 0.09957577  0.16254448  0.02506551 -0.03682063  0.18569031]
 [-0.26598017  0.11097879  0.28637843  0.1523425  -0.08564833]]
Matrix Pair 10; W = [[-0.0478432   0.06132941  0.23482654  0.11037281 -0.16081579]
 [ 0.08042729 -0.20272492 -0.12712582 -0.15635057  0.23305587]
 [ 0.06078168  0.0673328  -0.12010414 -0.06394983  0.22355922]
 [-0.04034753 -0.11568863  0.00033812 -0.0024261  -0.00895293]
 [-0.07314653 -0.12696865  0.10115668  0.07689929  0.02617561]]
U = [[ 0.12491092 -0.05960739  0.14423321 -0.06576731  0.22839844]
 [-0.13111627  0.08961068  0.24675176  0.13555814  0.01797058]
 [ 0.22544072  0.01357284  0.19373603  0.07658051  0.11327771]
 [ 0.09653166  0.14403511  0.06350903  0.01035012  0.18329998]
 [-0.19004319  0.1852203   0.353125    0.07871969 -0.08372807]]
Matrix Pair 11; W = [[-0.01152145  0.03644766  0.23290017  0.10503702 -0.10577126]
 [ 0.06674906 -0.16491271 -0.04483874 -0.14839305  0.19291753]
 [-0.02793642  0.12851102 -0.09208232 -0.00354885  0.2762252 ]
 [-0.01312071 -0.11817922 -0.04759557  0.01293255 -0.00988708]
 [-0.10451839 -0.09094022  0.00456474  0.0762072   0.02354531]]
U = [[ 0.08489745 -0.06672314  0.10931369 -0.09995542  0.18315235]
 [-0.1507488   0.10628514  0.15885953  0.1621525   0.05665439]
 [ 0.19050572 -0.042372    0.19083805  0.0523278   0.07066117]
 [ 0.08828434  0.1860111   0.02083501 -0.02210607  0.15666214]
 [-0.26504011  0.16227138  0.35668628  0.12968103 -0.05615348]]
Matrix Pair 12; W = [[-0.12817896  0.0214815   0.22770957  0.02511686 -0.14002594]
 [ 0.04390099 -0.24491439 -0.04141884 -0.11678127  0.21475956]
 [-0.02883137  0.04331541 -0.10149569 -0.00086127  0.10870244]
 [-0.04720466 -0.07991959 -0.05463827  0.01019878  0.06384631]
 [-0.1449285  -0.08919278  0.03225455  0.11132354 -0.06278611]]
U = [[ 0.14851464 -0.08691087  0.1848676  -0.03775437  0.13128062]
 [-0.21174185  0.03923986  0.13337836  0.06127314  0.03415941]
 [ 0.19535176 -0.03699709  0.15032582  0.12789176  0.17535191]
 [-0.04742584  0.19624458  0.1247561  -0.02555169  0.12638839]
 [-0.15395152  0.14856048  0.32069498  0.06115481 -0.05098583]]
Matrix Pair 13; W = [[-0.05208302  0.0101146   0.21330067  0.08728055 -0.12717049]
 [ 0.04839191 -0.1918443  -0.0775796  -0.04314911  0.25131707]
 [-0.02000486  0.09246466 -0.04592739 -0.01806759  0.19270049]
 [-0.05906758 -0.13845878 -0.06329677  0.05884216  0.01814005]
 [-0.14812508 -0.06715649  0.01367162  0.08629576  0.00329489]]
U = [[ 0.09758951 -0.11728255  0.19728257 -0.03334583  0.16244526]
 [-0.16015619  0.03788667  0.14141196  0.1055991  -0.01825744]
 [ 0.16715943  0.00439809  0.19742891  0.16875503  0.18206412]
 [-0.04487532  0.15451906  0.12752604  0.02611029  0.13781255]
 [-0.18746149  0.11167534  0.24717745  0.08123095 -0.0492713 ]]
Matrix Pair 14; W = [[-0.05558149 -0.01330684  0.21632717  0.05216025 -0.07409161]
 [ 0.02778617 -0.22055323 -0.07321157 -0.04702251  0.2447153 ]
 [ 0.00067367  0.06168347 -0.05408148  0.07257989  0.14011775]
 [-0.09046533 -0.120028   -0.04354052  0.00688006  0.03981667]
 [-0.09467991 -0.13648195  0.07238749  0.03612739 -0.04012394]]
U = [[ 0.14161631 -0.15823736  0.19253613 -0.03522671  0.15181774]
 [-0.15613004  0.07874576  0.16366979  0.11037765  0.07443744]
 [ 0.20295238  0.00230472  0.21068072  0.14740758  0.1549919 ]
 [-0.00435876  0.20033032  0.13171351  0.02791637  0.19906394]
 [-0.11737271  0.1909283   0.26314976  0.12039069 -0.06723288]]
Matrix Pair 15; W = [[-0.10521927  0.03357097  0.2110874   0.05156271 -0.07598507]
 [ 0.03817855 -0.2680638  -0.0435385  -0.04579057  0.22847912]
 [-0.06587571  0.05017183 -0.05286884  0.01547383  0.1506835 ]
 [-0.10992778 -0.1002714   0.0028529   0.0274729  -0.02683265]
 [-0.12803573 -0.05451116  0.02949832  0.10484552 -0.05958862]]
U = [[ 0.11665215 -0.15500113  0.14890788 -0.01968641  0.12529436]
 [-0.20179034  0.11714869  0.18274207  0.09330856  0.03294552]
 [ 0.17720881 -0.03246954  0.20033313  0.07806529  0.17306694]
 [ 0.03355     0.21627637  0.04533262 -0.01859613  0.15193252]
 [-0.21447687  0.11195359  0.24348112  0.15141019 -0.04877109]]
Matrix Pair 16; W = [[-0.08262223  0.07707822  0.17682407  0.07346414 -0.09970995]
 [ 0.10930271 -0.17119882 -0.08189796 -0.05120325  0.18319836]
 [ 0.01245053  0.04479636 -0.0512948  -0.10377006  0.22983824]
 [-0.05541805 -0.02810607  0.03243022 -0.01403443  0.07629005]
 [-0.1316197  -0.12052534  0.01140921  0.09626064  0.03840748]]
U = [[ 0.10220272 -0.07186785  0.20857044 -0.08011858  0.25963277]
 [-0.21532617  0.04977405  0.15610643  0.16819121  0.03281757]
 [ 0.2020445  -0.04434597  0.14724763  0.09653533  0.14619843]
 [ 0.0911216   0.23918566 -0.03914929 -0.04224575  0.24253316]
 [-0.12637074  0.16278629  0.35307018  0.18052664 -0.0487987 ]]
Matrix Pair 17; W = [[-0.08987097  0.07852793  0.22689948  0.0499214  -0.06874557]
 [ 0.18604975 -0.22090991 -0.03476187 -0.03675415  0.13733855]
 [-0.04506206  0.08809577 -0.08608124 -0.11198182  0.16557101]
 [-0.01013191 -0.08902441  0.10864376  0.03107493  0.04326114]
 [-0.10822185 -0.1050681   0.06146119  0.08387654 -0.02093645]]
U = [[ 0.09522062 -0.00479261  0.1712339  -0.04746693  0.20202731]
 [-0.15205735  0.07555813  0.18250929  0.14004773  0.0893094 ]
 [ 0.2190654  -0.04343087  0.13184238  0.07896519  0.08502811]
 [ 0.03560563  0.20133438  0.01766369 -0.0618367   0.14708272]
 [-0.15141191  0.15996998  0.34384836  0.16111986 -0.04564276]]
Matrix Pair 18; W = [[-0.09307903  0.0586548   0.23188446  0.03492032 -0.12108243]
 [ 0.14177206 -0.2571081  -0.0639735  -0.09921439  0.14471235]
 [-0.06088479  0.05132972 -0.08543468 -0.03902271  0.20700113]
 [-0.02411593 -0.09377385  0.05424392  0.03701216  0.09641345]
 [-0.14071544 -0.08601091 -0.01038604  0.09145454 -0.04827198]]
U = [[ 0.11883048  0.00071574  0.21002801 -0.03710971  0.20560993]
 [-0.18139717  0.05073928  0.13615463  0.15892965  0.04277991]
 [ 0.19601474 -0.03787536  0.20211901  0.06624425  0.14503515]
 [ 0.06292985  0.15677027  0.00738281 -0.02977755  0.22938215]
 [-0.15306922  0.18508862  0.29789418  0.175271   -0.09463847]]
Matrix Pair 19; W = [[-0.10424072  0.05505827  0.19996277  0.04864975 -0.11326288]
 [ 0.15779299 -0.26460409 -0.05622922 -0.09505402  0.14093454]
 [-0.01454358  0.0214801  -0.13465295 -0.0539629   0.16157034]
 [ 0.00064902 -0.0221351   0.08561906 -0.0129875   0.04389399]
 [-0.09293858 -0.12081208 -0.01455003  0.11129104  0.00740498]]
U = [[ 0.09524783 -0.05140539  0.18051889 -0.08050318  0.24257117]
 [-0.20562492  0.03378915  0.11476433  0.19274001  0.09739418]
 [ 0.19227755  0.03943564  0.17443353  0.11552538  0.15994869]
 [ 0.09758244  0.23466827 -0.03064462 -0.07521998  0.16397066]
 [-0.15255887  0.19869233  0.37448167  0.17176742 -0.08543453]]
Matrix Pair 20; W = [[-0.10767747  0.00451779  0.14463133  0.02165788 -0.17368361]
 [ 0.03128283 -0.24245014 -0.16042225 -0.14803747  0.17742987]
 [-0.01606512  0.02774932 -0.13879319 -0.06803575  0.15731483]
 [ 0.00484011 -0.11030175  0.01966106  0.11956345  0.00185034]
 [-0.14600724 -0.13385523  0.0346096   0.03969431 -0.02838814]]
U = [[ 0.17930933 -0.08302276  0.16027102 -0.05877146  0.17505727]
 [-0.15550238  0.05311854  0.18474461  0.17862925 -0.01213114]
 [ 0.22405783  0.00950544  0.1972786   0.13118858  0.11891497]
 [ 0.07757475  0.248683    0.04794919 -0.01145149  0.1172011 ]
 [-0.1213196   0.16772918  0.28641029  0.1372353  -0.04378369]]
Matrix Pair 21; W = [[-0.04832509  0.03048819  0.17365411  0.01839156 -0.16819698]
 [ 0.10571153 -0.23529913 -0.09807651 -0.1078928   0.24660787]
 [-0.04959917  0.08211054 -0.13981271 -0.04864279  0.10358548]
 [-0.07096999 -0.06059764  0.06020273  0.08537296  0.06301471]
 [-0.16895454 -0.09119842  0.10173552  0.07747739 -0.07034058]]
U = [[ 0.1180202  -0.08509651  0.18339276 -0.08926116  0.12628484]
 [-0.17617612  0.092356    0.10338885  0.15397311 -0.01315158]
 [ 0.25358886 -0.00126682  0.14070267  0.11865664  0.10589444]
 [ 0.03084821  0.19951707  0.0257639   0.01126232  0.20390593]
 [-0.16985404  0.16922857  0.33545789  0.10330697 -0.11215233]]
Matrix Pair 22; W = [[-0.08861134  0.01892985  0.16791316  0.06674011 -0.14525231]
 [ 0.10044971 -0.26597079 -0.11394247 -0.15145025  0.22866948]
 [ 0.01640178  0.03860348 -0.12445824 -0.03425528  0.19232771]
 [-0.06386412 -0.07951078 -0.02182844  0.03977594  0.0090154 ]
 [-0.1809651  -0.08076484  0.07810593  0.08660948 -0.01753112]]
U = [[ 0.14104565 -0.09148397  0.12314131 -0.10014922  0.13184336]
 [-0.17361036  0.06548219  0.09387978  0.19767584  0.04193814]
 [ 0.22900416  0.07818324  0.18190146  0.11931186  0.15342786]
 [ 0.06727208  0.26252393  0.09075059 -0.02490986  0.14659662]
 [-0.18767965  0.17572893  0.34189808  0.15196974 -0.11442782]]
Matrix Pair 23; W = [[-0.1086486   0.04303596  0.18250252  0.09215498 -0.15364449]
 [ 0.12121584 -0.26596329 -0.15935143 -0.14399958  0.18918347]
 [-0.0532233   0.05990829 -0.14620485 -0.10973822  0.1907576 ]
 [-0.02371672 -0.05965415  0.02218703  0.04050158 -0.00961385]
 [-0.19022481 -0.10678898  0.09686689  0.00276104 -0.10385331]]
U = [[ 0.09294858 -0.10284956  0.16118567 -0.02323129  0.19333505]
 [-0.20949755  0.07980404  0.15949552  0.17177878  0.04755266]
 [ 0.24178703  0.03562048  0.21340432  0.14728348  0.07327302]
 [ 0.09151327  0.23147927  0.02405128  0.00776694  0.18504312]
 [-0.2106296   0.184106    0.27919892  0.11007956 -0.05600821]]
Matrix Pair 24; W = [[-0.03813005  0.00508503  0.2385599   0.06590208 -0.14727915]
 [ 0.10494342 -0.23085259 -0.11830458 -0.16249159  0.15456918]
 [ 0.05502425  0.05201429 -0.11612926 -0.02285549  0.14430313]
 [ 0.06865184 -0.07497683  0.04919908  0.04035792 -0.02062649]
 [-0.14133175 -0.00701658  0.05155505  0.11004963 -0.03819652]]
U = [[ 0.0914532  -0.06194001  0.25083077 -0.10681714  0.21179273]
 [-0.16691463  0.04665791  0.16769077  0.14453663  0.03481426]
 [ 0.19470299  0.07200834  0.19432045  0.07842605  0.15273889]
 [ 0.07260959  0.21906889  0.04795419 -0.00688668  0.22904292]
 [-0.13865819  0.16583073  0.34134875  0.16210392 -0.05107643]]
Matrix Pair 25; W = [[-0.02462275  0.01832919  0.17226293  0.01515838 -0.06524662]
 [ 0.15661755 -0.2099173  -0.13017411 -0.15132448  0.1655633 ]
 [ 0.07164522  0.06681819 -0.10235174 -0.10875152  0.18390128]
 [-0.01327737 -0.15488034  0.00470607  0.08153426  0.0514291 ]
 [-0.12177932 -0.03171008  0.09687357  0.04234301 -0.02638672]]
U = [[ 0.15451464 -0.1157171   0.22645311 -0.10280965  0.19609697]
 [-0.11627303  0.09634163  0.12593123  0.13917647  0.072705  ]
 [ 0.23438555  0.01968398  0.12335174  0.08498148  0.09474518]
 [ 0.03894762  0.22692509  0.04858284 -0.00882225  0.21881191]
 [-0.15992123  0.13390383  0.35223151  0.13670195 -0.08366587]]
Matrix Pair 26; W = [[-0.0683124   0.02758213  0.16474834  0.04154104 -0.13021736]
 [ 0.09502474 -0.18785235 -0.11488117 -0.12065792  0.14983421]
 [ 0.01919771  0.0177733  -0.07465613 -0.01460295  0.18886635]
 [-0.011392   -0.07546534  0.00581343  0.07881777  0.02447809]
 [-0.14430838  0.00331886  0.01546668  0.09722881  0.00435772]]
U = [[ 0.13478386 -0.07903855  0.1943395  -0.08558916  0.18411601]
 [-0.10817428  0.06258505  0.12698123  0.10637705  0.0733965 ]
 [ 0.17143464  0.06515776  0.15139789  0.06775222  0.13488126]
 [ 0.02109424  0.17820358 -0.04869992 -0.06572453  0.18802069]
 [-0.19046577  0.19474545  0.32227276  0.09040268 -0.0402166 ]]
Matrix Pair 27; W = [[-0.02694983 -0.03495981  0.22226103  0.07437073 -0.0800415 ]
 [ 0.15115332 -0.17434566 -0.10983401 -0.10542338  0.17057573]
 [ 0.01063112  0.04492058 -0.11823997 -0.05127804  0.14771869]
 [ 0.02151948 -0.07984823  0.06663788  0.07229318  0.02336785]
 [-0.09022344 -0.06834763  0.02200995  0.08545127 -0.01616936]]
U = [[ 0.08841036 -0.10423938  0.24852736 -0.05411403  0.19578349]
 [-0.15328285  0.05859529  0.12638513  0.10646704  0.06551965]
 [ 0.20637633  0.01998178  0.14268127  0.0593276   0.14251807]
 [ 0.02679876  0.15979805  0.01122594 -0.04378304  0.15459347]
 [-0.09827269  0.15960699  0.27108519  0.10233294 -0.07741822]]
Matrix Pair 28; W = [[-0.07744701  0.02226999  0.25453006 -0.01652858 -0.10450537]
 [ 0.10602369 -0.22967288 -0.1155981  -0.10752532  0.16046431]
 [-0.01595766  0.0706413  -0.08917249 -0.01151938  0.18426031]
 [-0.07448347 -0.01708509  0.02309567  0.03732157  0.00530495]
 [-0.1415461  -0.10818346  0.08113172  0.0498724   0.02531843]]
U = [[ 0.08258554 -0.01286362  0.16915961 -0.0602403   0.21555789]
 [-0.21833262  0.04561024  0.10393793  0.12245704  0.05741064]
 [ 0.21269766 -0.04796726  0.14734106  0.09586322  0.13978961]
 [ 0.0101332   0.19691165 -0.01905422 -0.02694018  0.15239797]
 [-0.25310471  0.1530224   0.31659917  0.05150586 -0.03345972]]
Matrix Pair 29; W = [[-0.06565116 -0.01495069  0.29140848  0.00881168 -0.02730466]
 [ 0.16378756 -0.19873385 -0.12369594 -0.08075934  0.22634317]
 [-0.08726264  0.0053125  -0.07144497 -0.00744733  0.14924384]
 [-0.04837918 -0.03684966  0.03429585  0.02322185  0.0263664 ]
 [-0.06427827 -0.08156192  0.13749801  0.07992031 -0.04758174]]
U = [[ 0.1257279  -0.01510774  0.22310139 -0.12982454  0.17812662]
 [-0.15727392  0.00482824  0.18067183  0.16294448  0.05245624]
 [ 0.20209418 -0.0225711   0.1153193   0.04612462  0.07414593]
 [ 0.0821188   0.19606487  0.01619745 -0.00525358  0.10711311]
 [-0.25179536  0.1054695   0.30194499  0.1311475  -0.06950711]]
Matrix Pair 30; W = [[-0.06638414  0.03206884  0.21702949  0.05392556 -0.03121424]
 [ 0.16904323 -0.15261725 -0.18047099 -0.10710084  0.21273852]
 [-0.01734194  0.04404328 -0.12365745  0.00443994  0.22796737]
 [-0.05708057 -0.06179823  0.08484121 -0.03756651  0.0125636 ]
 [-0.12578807 -0.1129836   0.06486331  0.0872508  -0.02928346]]
U = [[ 0.12345607 -0.09568287  0.16678993 -0.08224883  0.14958259]
 [-0.14833448  0.00911572  0.11512094  0.14483806  0.05099957]
 [ 0.21938685  0.0070801   0.09993526  0.01168646  0.14159927]
 [ 0.0283431   0.18992016 -0.00112014  0.00312545  0.1722151 ]
 [-0.18614997  0.18377676  0.24549209  0.08830472 -0.08149708]]
Matrix Pair 31; W = [[-0.05492286 -0.03524629  0.27100079  0.03481442 -0.03996707]
 [ 0.11132819 -0.21810004 -0.10905594 -0.07617286  0.16015011]
 [-0.07926956  0.08198018 -0.10243932 -0.01285066  0.17831907]
 [-0.0384766  -0.08184532  0.03865457  0.02621374  0.00967858]
 [-0.06015539 -0.06635899  0.10899262  0.09324738 -0.03855737]]
U = [[ 0.13527654 -0.09460972  0.19001346 -0.04186432  0.14517626]
 [-0.20504558  0.01177649  0.14658625  0.11121638 -0.03493912]
 [ 0.14891993 -0.03478545  0.1615526   0.0441739   0.09395237]
 [ 0.02236917  0.19531122  0.0054072  -0.00221377  0.18687214]
 [-0.19404853  0.19524177  0.30471939  0.0897775  -0.10092724]]
Matrix Pair 32; W = [[-0.07719444  0.05902446  0.17233856 -0.03162734 -0.0425377 ]
 [ 0.11974716 -0.19186147 -0.07939913 -0.10909308  0.22698662]
 [-0.00258308  0.00370802 -0.07748655 -0.01149937  0.24210806]
 [-0.02073362 -0.11279208  0.04756538 -0.03656673  0.06799593]
 [-0.14091946 -0.13818497  0.09834788  0.14804683  0.0281677 ]]
U = [[ 0.08523883 -0.0353112   0.25466434 -0.11764153  0.15047288]
 [-0.09138429  0.13932211  0.19927969  0.16444857  0.06286369]
 [ 0.16193979  0.0497147   0.10994261  0.04555766  0.10639036]
 [ 0.01356359  0.1187135   0.06780784 -0.03107495  0.16234227]
 [-0.25342394  0.15380416  0.32418761  0.08581495 -0.06293636]]
Matrix Pair 33; W = [[-0.10293106  0.02888829  0.14386383 -0.00342635 -0.05281911]
 [ 0.0704847  -0.20228127 -0.07122224 -0.15642172  0.21860879]
 [-0.00195286  0.02607703 -0.04466065  0.00413862  0.17264193]
 [ 0.02776945 -0.07230323  0.04870449  0.00272195  0.07482525]
 [-0.11900577 -0.10537258  0.11828766  0.10483189 -0.02152452]]
U = [[ 0.05585086 -0.07943406  0.17150576 -0.15948699  0.14479216]
 [-0.08544673  0.1441054   0.19018946  0.19411463  0.04679738]
 [ 0.22088148  0.03251658  0.12780767  0.01899267  0.13900644]
 [-0.00819535  0.1305538   0.10780903 -0.04318633  0.16610724]
 [-0.20274241  0.10580295  0.35842275  0.09884272  0.00578558]]
Matrix Pair 34; W = [[-0.13841633  0.05729317  0.14709916 -0.04887973 -0.09690888]
 [ 0.06452958 -0.23288396 -0.09206597 -0.11025569  0.20229456]
 [-0.00984485  0.03642731 -0.0385485  -0.08166269  0.20013744]
 [-0.04790716 -0.10050747  0.06622916  0.04330792  0.03802887]
 [-0.12937976 -0.07716323  0.03526494  0.1632626  -0.01546297]]
U = [[ 0.05596114 -0.06578078  0.25358048 -0.15088027  0.20670921]
 [-0.15027991  0.13312757  0.18096367  0.14211027  0.0741883 ]
 [ 0.15273093  0.07327492  0.10830914  0.02861184  0.13276435]
 [ 0.05448965  0.15628473  0.09489473  0.00411736  0.16454431]
 [-0.21529471  0.11181516  0.30922943  0.08594292 -0.02923865]]
Matrix Pair 35; W = [[-0.10381142  0.01659235  0.22144895 -0.0360632  -0.01969971]
 [ 0.09061752 -0.23330741 -0.11972061 -0.15568304  0.20748525]
 [ 0.01507167 -0.02486875 -0.04335826 -0.08938416  0.24322738]
 [-0.04797608 -0.05881898  0.04216681  0.03251515  0.09951258]
 [-0.12707313 -0.12333097  0.05181357  0.08993086  0.04821973]]
U = [[ 0.04188913 -0.05801935  0.19674533 -0.07828169  0.14256262]
 [-0.079835    0.07845313  0.19514808  0.13324095  0.02090741]
 [ 0.14876921  0.0997201   0.12281717  0.01711238  0.07174077]
 [ 0.02462123  0.12303003  0.10013407 -0.00435889  0.19059884]
 [-0.17759572  0.1378029   0.35197874  0.12080869 -0.01282358]]
Matrix Pair 36; W = [[-0.09570269  0.04699185  0.15925283 -0.0013324  -0.05459876]
 [ 0.0816966  -0.20351206 -0.06833418 -0.07275426  0.18300359]
 [ 0.0610943   0.13049276 -0.08323275 -0.03919409  0.22067996]
 [-0.04275887 -0.01649218  0.01848949  0.05368331 -0.01182598]
 [-0.09927783 -0.12609468  0.01671767  0.07892747 -0.06343542]]
U = [[ 0.17113514 -0.02883614  0.23390447 -0.0939854   0.21156934]
 [-0.15916236  0.14043049  0.1637589   0.10472998  0.00941026]
 [ 0.22970668  0.12634232  0.22311362  0.08090891  0.08539823]
 [ 0.05710188  0.25843217 -0.00792193  0.06613505  0.13793992]
 [-0.20538104  0.14234573  0.23025788  0.11995171 -0.01444349]]
Matrix Pair 37; W = [[-0.00698828 -0.04054458  0.15306114  0.03349872 -0.04040684]
 [ 0.05366786 -0.2110033  -0.13001852 -0.15255934  0.17932663]
 [ 0.04067065  0.11793383 -0.03279645 -0.00417002  0.23028824]
 [ 0.00593329 -0.05921777  0.04657611  0.01280653  0.01504453]
 [-0.08653396 -0.04454054  0.03009376  0.04650524 -0.00065967]]
U = [[ 0.19371248 -0.03914872  0.22414642 -0.07965205  0.17084818]
 [-0.21732671  0.13786454  0.17165918  0.12895595  0.02450288]
 [ 0.22064741  0.14192694  0.24256962  0.07838555  0.09926996]
 [ 0.06805356  0.24047758  0.05340714 -0.02178067  0.12804766]
 [-0.14874197  0.06700998  0.28564256  0.14718439 -0.05029138]]
Matrix Pair 38; W = [[-0.02351702  0.02852406  0.14161883  0.03942811 -0.01944028]
 [ 0.04626299 -0.22273177 -0.07036829 -0.14560797  0.1843719 ]
 [ 0.01287758  0.10238879 -0.03454157 -0.01144613  0.16378747]
 [ 0.01697417 -0.0184281  -0.00863296  0.07058508 -0.0216719 ]
 [-0.13359076 -0.10885103  0.10973522  0.06124312 -0.06318092]]
U = [[ 0.12554532 -0.08356086  0.23186603 -0.07854486  0.21364469]
 [-0.19021782  0.11288082  0.21616919  0.14503708 -0.0479808 ]
 [ 0.15351288  0.06868322  0.18479068  0.10364962  0.08667435]
 [ 0.07556585  0.25130205 -0.01426408  0.07234609  0.12522387]
 [-0.13097673  0.1225587   0.3008875   0.14351758 -0.01276452]]
Matrix Pair 39; W = [[-0.0196964  -0.01677857  0.14055194  0.07344918 -0.05400161]
 [ 0.10709947 -0.28211826 -0.09933403 -0.06475996  0.26145586]
 [-0.00097775  0.12989772 -0.11741004 -0.00371403  0.17737292]
 [-0.01030287 -0.07677723 -0.01108196  0.05390806  0.00295989]
 [-0.09021568 -0.0684856   0.07439487  0.06099237 -0.02319699]]
U = [[ 0.17985649 -0.08527611  0.21362477 -0.10733466  0.19223302]
 [-0.16017333  0.11070219  0.19165496  0.19087317 -0.04688088]
 [ 0.21736284  0.11601446  0.15652016  0.0277994   0.12596401]
 [ 0.12177996  0.23287575 -0.03423873  0.00587694  0.16233038]
 [-0.18892728  0.09796121  0.22482536  0.14536393 -0.07771649]]
Matrix Pair 40; W = [[-0.0551901   0.01184638  0.18256728  0.05332823 -0.09178416]
 [ 0.18090494 -0.19601187 -0.10829059 -0.04065984  0.19108504]
 [-0.00032866 -0.00801608 -0.13780396  0.00097667  0.16409847]
 [-0.02577187 -0.05663941 -0.0368883   0.12977309  0.04268861]
 [-0.15535151 -0.11590249  0.01239104  0.04734942 -0.0899784 ]]
U = [[ 0.15195265 -0.05413038  0.28388236 -0.10427933  0.15578238]
 [-0.17687883 -0.01333222  0.16348979  0.12556608  0.01012943]
 [ 0.28656723  0.11264407  0.20874015  0.13262333  0.13473806]
 [ 0.07375704  0.1858692   0.04496227  0.01657912  0.11723486]
 [-0.16126374  0.219643    0.27023887  0.19932066 -0.07690973]]
Matrix Pair 41; W = [[-0.08040721  0.04604873  0.1813668   0.0445677  -0.1020585 ]
 [ 0.10355541 -0.1848793  -0.11248918 -0.04429659  0.22935007]
 [-0.04264692 -0.00598833 -0.12461081 -0.00126434  0.15900672]
 [-0.06116505 -0.06491898 -0.01211083  0.06061952  0.03368483]
 [-0.11278367 -0.13664304  0.06856028  0.09851984 -0.02897726]]
U = [[ 0.11867436 -0.06356261  0.22983239 -0.08605569  0.15201817]
 [-0.13350888  0.01197175  0.15856345  0.17643151 -0.04154017]
 [ 0.25983983  0.04067682  0.17857521  0.11382655  0.0850278 ]
 [ 0.0772056   0.20719368 -0.01327048  0.00978436  0.12173516]
 [-0.1398681   0.15497288  0.29045428  0.1197545  -0.07267792]]
Matrix Pair 42; W = [[-0.07722514  0.03952737  0.16548829 -0.00465407 -0.08918342]
 [ 0.16733185 -0.19758656 -0.09900503 -0.07525201  0.21939477]
 [-0.07050565  0.01602963 -0.18467102 -0.01774923  0.198003  ]
 [-0.03035569 -0.14429709  0.02718013  0.08386708  0.0605737 ]
 [-0.14189972 -0.1221213  -0.01306838  0.03559854 -0.02320346]]
U = [[ 0.17795683 -0.06593311  0.20338995 -0.11650408  0.19713682]
 [-0.17628483  0.02810038  0.14042047  0.19606845 -0.03760503]
 [ 0.2707713   0.08370983  0.22284131  0.03907013  0.09154708]
 [ 0.03871276  0.21239201  0.06551391  0.01044757  0.18035542]
 [-0.13376704  0.23683836  0.27777094  0.13158586 -0.02597161]]
Matrix Pair 43; W = [[-0.0904689   0.0168485   0.13975606 -0.00776515 -0.06370446]
 [ 0.08862864 -0.23748806 -0.13988158 -0.02903645  0.25298681]
 [-0.05598637  0.02037062 -0.18005915 -0.0125395   0.15689428]
 [-0.05231182 -0.10513672  0.00841554  0.08953721  0.03728199]
 [-0.12466762 -0.07654381  0.01003406  0.10364432 -0.03287585]]
U = [[ 0.18258728 -0.08745778  0.23442753 -0.09446941  0.15740461]
 [-0.1475452   0.03489702  0.1813734   0.19081358 -0.05836805]
 [ 0.2320324   0.0838219   0.26915657  0.10512498  0.0663234 ]
 [ 0.00155081  0.1426521   0.04156366  0.05452953  0.0995168 ]
 [-0.14242081  0.2089929   0.25927887  0.17489533 -0.09721452]]
Matrix Pair 44; W = [[-0.13492239  0.08742876  0.20696265  0.07959207 -0.0369495 ]
 [ 0.09529058 -0.18928893 -0.08588212 -0.11846079  0.26392315]
 [-0.02014743  0.03915525 -0.11858444  0.03347309  0.15224526]
 [-0.00808885 -0.06739215  0.04619447 -0.00057239  0.10084021]
 [-0.08946138 -0.04472131  0.02185378  0.08567476 -0.02720803]]
U = [[ 0.06346685 -0.04733383  0.22716327 -0.09317339  0.17188761]
 [-0.1197776   0.02767113  0.19079791  0.18336515  0.01586723]
 [ 0.21426106 -0.05236667  0.15647725 -0.00964586  0.04358852]
 [ 0.032008    0.24481584 -0.0339962  -0.01600982  0.16212682]
 [-0.17237395  0.16436128  0.26166941  0.05575388 -0.17653454]]
Matrix Pair 45; W = [[-0.0834581   0.06495662  0.21225357  0.07126727 -0.12624361]
 [ 0.08902525 -0.22157973 -0.10921493 -0.12829428  0.17894562]
 [ 0.02198622  0.06003578 -0.05230518  0.03883376  0.20264495]
 [-0.01942544 -0.03803501 -0.00226089  0.04668933  0.04451131]
 [-0.08023591 -0.07970774  0.03073378  0.07783015 -0.09617237]]
U = [[ 0.07975043 -0.08187908  0.20123397 -0.07295699  0.14255521]
 [-0.13552969  0.05872555  0.18010901  0.14837294 -0.04652722]
 [ 0.25114301 -0.00201654  0.21549977  0.08568011  0.04854274]
 [ 0.02725083  0.2393369   0.05183511 -0.03593017  0.17933419]
 [-0.15692584  0.14312763  0.31652963  0.07255415 -0.09155184]]
Matrix Pair 46; W = [[-0.11566537  0.07820619  0.17107195  0.00864471 -0.11989649]
 [ 0.16622946 -0.18085772 -0.10085571 -0.08489741  0.22041459]
 [-0.02760793  0.11444943 -0.0477256   0.08193467  0.21284031]
 [ 0.0358898  -0.04935771  0.06477411  0.04357991  0.09209521]
 [-0.13075396 -0.00411959  0.03855027  0.03278649 -0.05798549]]
U = [[ 0.05328002 -0.01461841  0.18284822 -0.11216744  0.12688956]
 [-0.1612103   0.02769548  0.16457724  0.20460806 -0.00029657]
 [ 0.25318966 -0.02187609  0.20308691  0.03979744  0.07604219]
 [ 0.05269613  0.16363153  0.04772779 -0.03172805  0.13374954]
 [-0.13122432  0.22006534  0.26480138  0.12570933 -0.09842589]]
Matrix Pair 47; W = [[-0.04884908  0.04133646  0.25231577  0.08029562 -0.06577806]
 [ 0.08201539 -0.19869029 -0.10360314 -0.11031783  0.26815599]
 [ 0.05278761  0.11507892 -0.12348634  0.06102372  0.16146706]
 [ 0.04162229 -0.11940406  0.06113395  0.00928201  0.06642069]
 [-0.10334869 -0.02975435  0.03671837  0.11023381 -0.02138362]]
U = [[ 0.12111994  0.00050496  0.18370836 -0.0860466   0.16617352]
 [-0.1604809   0.06563772  0.21549641  0.20714623 -0.01614436]
 [ 0.16857565  0.00580376  0.17170519  0.00859433  0.10668257]
 [ 0.1256049   0.15148107  0.03066342 -0.00580207  0.17124765]
 [-0.15426093  0.12644025  0.29405561  0.07538138 -0.12212275]]
Matrix Pair 48; W = [[-0.03119457  0.02111308  0.17794068 -0.03535597 -0.053116  ]
 [ 0.17505264 -0.20151923 -0.14873596 -0.08505067  0.22171171]
 [-0.03295494  0.09655333 -0.12912554 -0.03479883  0.19261702]
 [-0.07377981 -0.05790034  0.07620774  0.05648631 -0.00317902]
 [-0.16698761 -0.05710777  0.02153448  0.06533785  0.0416643 ]]
U = [[ 0.0670762  -0.02187045  0.21182254 -0.15772581  0.11043469]
 [-0.12628575  0.11197523  0.1223827   0.16523332 -0.02025508]
 [ 0.1834458   0.02697768  0.17535382  0.06403975  0.15041458]
 [ 0.03188693  0.23323413  0.02910384 -0.02872124  0.22242367]
 [-0.14225424  0.15158462  0.30306075  0.12239386 -0.01742644]]
Matrix Pair 49; W = [[-0.06187762  0.02155275  0.19601614 -0.04606444 -0.05053971]
 [ 0.16826271 -0.21224977 -0.10678214 -0.08636059  0.16921785]
 [-0.04994883  0.07871483 -0.14783334  0.00359134  0.24248847]
 [-0.04852575 -0.07716202  0.0133123   0.07087379  0.01229838]
 [-0.20076144 -0.07278313  0.03708062  0.12509433 -0.02208176]]
U = [[ 0.0871311  -0.00460396  0.21804656 -0.0917569   0.1410124 ]
 [-0.16620156  0.08985134  0.1287039   0.17412948  0.05363141]
 [ 0.22154414  0.07814399  0.2652524   0.10370606  0.14645976]
 [-0.02106146  0.23171222  0.05141141 -0.01702499  0.17120539]
 [-0.13906275  0.08246112  0.27845996  0.16545137 -0.02551391]]
Matrix Pair 50; W = [[-0.06692651  0.01191572  0.16968567  0.02331333 -0.14199997]
 [ 0.1419061  -0.15829089 -0.11526963 -0.13837306  0.16934903]
 [-0.01355369  0.0772571  -0.19167796 -0.01413996  0.22374308]
 [-0.01762327 -0.06309494 -0.00162768  0.05357455  0.08278867]
 [-0.19419074 -0.13576793  0.03277008  0.06411136 -0.01403925]]
U = [[ 0.07736306 -0.02688303  0.24919004 -0.0945458   0.06818271]
 [-0.15673059  0.06908402  0.13029935  0.16631213  0.0148902 ]
 [ 0.1855564   0.04183329  0.25089848  0.0765617   0.16876796]
 [ 0.03787317  0.22756441  0.08759669  0.03321118  0.15322433]
 [-0.21528473  0.08192185  0.29633102  0.11185894 -0.09727865]]
Matrix Pair 51; W = [[-0.05822754  0.00892489  0.14254637  0.03207558 -0.10569819]
 [ 0.18538107 -0.13363268 -0.06431041 -0.15819706  0.26173504]
 [-0.07170342  0.04702162 -0.14651052 -0.05885872  0.16975375]
 [-0.01976639 -0.14672204  0.05413893  0.03754139  0.06933984]
 [-0.21207324 -0.10255526  0.0663447   0.07814583  0.02283513]]
U = [[ 0.01302895 -0.03149506  0.26162192 -0.15111737  0.08318892]
 [-0.11044019  0.03918668  0.13059276  0.103589   -0.01963323]
 [ 0.25554381  0.02050616  0.27106835  0.08785323  0.18786104]
 [ 0.00286787  0.24594517  0.08478211 -0.01555812  0.15173901]
 [-0.18449603  0.09302355  0.31600418  0.15196516 -0.07783243]]
Matrix Pair 52; W = [[-0.02741829  0.0338357   0.17234623  0.07708351 -0.05973306]
 [ 0.15410853 -0.1683307  -0.06908946 -0.0554705   0.25583663]
 [-0.08960684  0.1303265  -0.05814233 -0.01300756  0.16276656]
 [ 0.00886965 -0.13200546  0.03415655 -0.00979082 -0.00630256]
 [-0.0561147  -0.06664614  0.00587132  0.04204452 -0.02267319]]
U = [[ 0.12108132 -0.00961275  0.17877182 -0.17267128  0.12502578]
 [-0.14289352  0.07431748  0.13299473  0.20192596  0.01244277]
 [ 0.18955371 -0.00732053  0.21658817  0.0192651   0.12292166]
 [ 0.02055416  0.26022029  0.02047318 -0.05555097  0.19519866]
 [-0.2582026   0.09958728  0.34633495  0.19193799 -0.03454221]]
Matrix Pair 53; W = [[-0.06101733  0.03456789  0.1704275   0.09157756 -0.08249343]
 [ 0.10684765 -0.17718566 -0.08054578 -0.0753934   0.24300064]
 [-0.02652372  0.09274084 -0.09327683 -0.02293024  0.1878064 ]
 [-0.05680448 -0.08921913  0.06809999  0.00491759  0.02715352]
 [-0.02065909 -0.02546395 -0.04967892  0.05141109  0.00437445]]
U = [[ 0.14599491 -0.10012402  0.15724696 -0.13514299  0.15519546]
 [-0.20199795  0.05969149  0.19276656  0.12357423  0.05686414]
 [ 0.15533811  0.0072354   0.1733409   0.05758896  0.14463563]
 [ 0.00622426  0.21872491  0.01369112 -0.05697902  0.20441488]
 [-0.29393251  0.12776568  0.29355813  0.15384271 -0.04339556]]
Matrix Pair 54; W = [[-0.06132978  0.04080415  0.15063725  0.04593386 -0.08547516]
 [ 0.12859394 -0.19828133 -0.08856795 -0.10785732  0.16460254]
 [-0.03460118  0.09344402  0.00332575 -0.00603001  0.12654843]
 [ 0.00270025 -0.04814481  0.00489412  0.07996102  0.01824379]
 [-0.02000267 -0.07297009 -0.03596005  0.04440878 -0.01636371]]
U = [[ 0.17284632 -0.04463192  0.15000977 -0.11270639  0.11849783]
 [-0.13139552  0.04845885  0.21234222  0.15624091 -0.01636859]
 [ 0.14185503  0.00660026  0.19512825  0.1012278   0.12540969]
 [ 0.00717076  0.26757758  0.00134032 -0.01425505  0.20402955]
 [-0.26491841  0.09482641  0.28769908  0.20277915 -0.11436269]]
Matrix Pair 55; W = [[-0.11527037  0.04671755  0.16679103  0.08313709 -0.1098731 ]
 [ 0.13706939 -0.19281229 -0.03660259 -0.0884228   0.21171612]
 [-0.07849019  0.11133084 -0.07155647 -0.00370887  0.21328748]
 [-0.0246342  -0.13027287 -0.00028841  0.03032614  0.05845687]
 [-0.11176617 -0.09285112  0.0218024   0.0423984   0.03867701]]
U = [[ 0.1168965  -0.04675265  0.16127388 -0.08590518  0.17410944]
 [-0.1821353   0.12564052  0.21264486  0.17530968  0.02127603]
 [ 0.15300591  0.00523731  0.21483628  0.0964817   0.17132416]
 [ 0.00681548  0.18818611  0.00364647 -0.055227    0.24216132]
 [-0.22084368  0.12513155  0.303332    0.15622856 -0.09559133]]
Matrix Pair 56; W = [[-0.09321295  0.04232053  0.23887319  0.02300945 -0.14403659]
 [ 0.18334951 -0.21665942 -0.08102455 -0.11694019  0.16083765]
 [ 0.00497996  0.08916666 -0.10169697 -0.01784805  0.19097263]
 [-0.03876724 -0.11126919  0.06871801  0.08729968  0.08504053]
 [-0.05467967 -0.07184503  0.01741561  0.08152923  0.00258386]]
U = [[ 0.19565861 -0.05079682  0.16795988 -0.137491    0.1976324 ]
 [-0.16254578  0.08618076  0.21179458  0.21247389  0.01088574]
 [ 0.19287351  0.01901831  0.21520862  0.09411456  0.15017284]
 [ 0.05691012  0.19294231  0.02116304 -0.05935866  0.21508841]
 [-0.21504013  0.19894421  0.3461047   0.12375197 -0.0770129 ]]
Matrix Pair 57; W = [[-0.0686895   0.02838053  0.20403852 -0.01290377 -0.12636284]
 [ 0.137502   -0.14844622 -0.05509973 -0.12174922  0.16667196]
 [-0.03103742  0.01933438 -0.07672152 -0.04003585  0.14003957]
 [ 0.02209317 -0.13207024  0.06737747  0.0742997   0.08390859]
 [-0.05746361 -0.05993311  0.05655335  0.09514167 -0.02680347]]
U = [[ 0.14667979 -0.02574748  0.18013023 -0.11585509  0.17049292]
 [-0.16994582  0.03571512  0.15132887  0.20460275  0.04886611]
 [ 0.16273768 -0.03820782  0.15684016  0.12493537  0.14386766]
 [ 0.07522595  0.24242746  0.06612735 -0.00237343  0.22920564]
 [-0.20913344  0.16701527  0.38457364  0.18247366 -0.10103023]]
Matrix Pair 58; W = [[-0.10430956 -0.01676454  0.17754777  0.02068149 -0.14676927]
 [ 0.15519173 -0.1786621  -0.10069879 -0.08442348  0.1617607 ]
 [-0.03095934  0.0407212  -0.10739564 -0.04799501  0.14695784]
 [-0.0138469  -0.11278339  0.08535517  0.07309072  0.07008054]
 [-0.1346445  -0.01847035  0.05721246  0.12202693 -0.05280045]]
U = [[ 0.14940638 -0.02408859  0.19026639 -0.12427786  0.12257869]
 [-0.15890342  0.03520371  0.13444952  0.16218508  0.02024095]
 [ 0.18026064 -0.02453124  0.18982285  0.11984658  0.09501837]
 [ 0.10879199  0.21810864  0.01921787 -0.00459418  0.17742562]
 [-0.20166544  0.20667495  0.32842064  0.12915884 -0.03279383]]
Matrix Pair 59; W = [[-0.10276647  0.01974904  0.24023924  0.04795912 -0.06555185]
 [ 0.09335963 -0.15781262 -0.12265028 -0.04818519  0.23638631]
 [ 0.02608217  0.02270544 -0.0456969  -0.05816535  0.17558227]
 [-0.05289283 -0.07071515  0.11341807  0.05878781  0.01698031]
 [-0.05560449 -0.01909944  0.05209355  0.15022806 -0.06528588]]
U = [[ 0.13487615 -0.09981845  0.21281032 -0.16468789  0.1362804 ]
 [-0.12714715  0.08345068  0.13434101  0.23777734  0.06950794]
 [ 0.23030839  0.03011715  0.16733778  0.12409223  0.09585332]
 [ 0.07998585  0.19944919  0.02434008 -0.03107546  0.23886713]
 [-0.18269917  0.2104113   0.37362691  0.15600195 -0.10535748]]
Matrix Pair 60; W = [[-0.10721731  0.04707888  0.16341075  0.00350201 -0.08818892]
 [ 0.14751178 -0.20363145 -0.16452732 -0.07741192  0.26398139]
 [ 0.04018821  0.01107962 -0.06167241 -0.05357858  0.17838745]
 [-0.04044799 -0.06978823 -0.00763192  0.05521009  0.04374965]
 [-0.13399204 -0.02989627  0.07991608  0.02649256 -0.01537613]]
U = [[ 0.07859401 -0.03602989  0.23474665 -0.09767167  0.17431728]
 [-0.14723661  0.05750339  0.16410099  0.25575459  0.08852915]
 [ 0.1473732  -0.01476691  0.15359471  0.13277066  0.09078352]
 [ 0.03378873  0.17515098 -0.01439629  0.03802939  0.20525957]
 [-0.24545995  0.17723393  0.36940143  0.13391988 -0.00675869]]
Matrix Pair 61; W = [[-0.03533749  0.04908621  0.18411228  0.03115605 -0.08056898]
 [ 0.12043677 -0.22100606 -0.10709214 -0.08447474  0.25481126]
 [ 0.05269464 -0.00971672 -0.05864146 -0.03240592  0.14188781]
 [-0.04625105 -0.10663574 -0.01380617  0.04224711  0.08303582]
 [-0.09905168 -0.083183    0.00214058  0.06201607 -0.01567134]]
U = [[ 0.10576428 -0.09381285  0.18882834 -0.05609649  0.19242959]
 [-0.13558146  0.09676865  0.20950738  0.17425564  0.09874504]
 [ 0.23895418 -0.03148135  0.17385438  0.16405615  0.09644891]
 [ 0.02897814  0.16936502 -0.03607634  0.07907777  0.22286849]
 [-0.2313318   0.11947967  0.32598349  0.07751005 -0.04100958]]
Matrix Pair 62; W = [[-0.09375165  0.05041253  0.21506018  0.02892505 -0.06550591]
 [ 0.09491807 -0.20624546 -0.16434609 -0.10149818  0.25407718]
 [-0.00620168 -0.01128503 -0.1083265  -0.0085054   0.19640933]
 [ 0.01384626 -0.10003085  0.01536259 -0.0179064  -0.00678714]
 [-0.18680782 -0.08976073  0.0492381   0.10700814 -0.0733538 ]]
U = [[ 0.07327413 -0.05430873  0.17137746 -0.06825521  0.18984422]
 [-0.14799281  0.10412327  0.19524409  0.16986389  0.04457275]
 [ 0.15221516 -0.01955493  0.21355557  0.08443877  0.07778688]
 [ 0.02169041  0.2102396  -0.05750642  0.05244375  0.19216145]
 [-0.25664865  0.20051726  0.32643326  0.14167659 -0.06553994]]
Matrix Pair 63; W = [[-0.03775797 -0.01655823  0.175077    0.0176877  -0.11580558]
 [ 0.08884444 -0.23487948 -0.15457907 -0.12772433  0.18132164]
 [ 0.05589501  0.07946851 -0.05289471 -0.02696933  0.19456748]
 [ 0.02888407 -0.08435696  0.03111911  0.01950473  0.0053779 ]
 [-0.15574757 -0.08491256  0.02917664  0.10984085 -0.04192187]]
U = [[ 0.16541642 -0.0751816   0.20405172 -0.1093581   0.16508946]
 [-0.18002114  0.11678439  0.20864657  0.16951432  0.05974494]
 [ 0.18515091 -0.00963683  0.19498089  0.13063414  0.13023893]
 [ 0.06173241  0.20338676  0.03074017  0.02719229  0.18933377]
 [-0.25127688  0.179193    0.30318781  0.07696873 -0.01278472]]
