Epoch: 62Matrix Pair 0; W = [[ 0.1801825   0.01062024  0.16065857 -0.20481745  0.09854408]
 [-0.16112696 -0.25295979 -0.04083098  0.25239668 -0.09673939]
 [-0.05650556  0.01029023 -0.05921939 -0.00332032 -0.06857595]
 [-0.05451466  0.10923755  0.16565558 -0.02560569 -0.05695459]
 [-0.1928001  -0.18140616 -0.28943006 -0.18752465 -0.02324139]]
U = [[ 0.19653152  0.15780041  0.31179891  0.34694777 -0.10862573]
 [-0.23987944 -0.0758448   0.09295672  0.13903484  0.22053738]
 [ 0.09676796 -0.20440922 -0.21000834 -0.11518529  0.1793041 ]
 [ 0.25634606  0.01481387  0.29761081 -0.02506631 -0.08865862]
 [-0.10313981  0.00354852 -0.24741408 -0.0345409  -0.08745569]]
Matrix Pair 1; W = [[ 0.17157394  0.01950237  0.1227645  -0.13531304  0.04994331]
 [-0.13454726 -0.26522017 -0.0584748   0.2229244  -0.08339574]
 [-0.05204345  0.00581038 -0.05517265  0.01500328 -0.06118895]
 [-0.00995199  0.10776894  0.10934768 -0.03702715 -0.04729606]
 [-0.19589841 -0.18301792 -0.2356197  -0.17834022  0.0363491 ]]
U = [[ 0.15272364  0.13667511  0.28812254  0.39000913 -0.09758345]
 [-0.26424914 -0.10531907  0.04970072  0.09555879  0.22601716]
 [ 0.12958044 -0.15280795 -0.18045804 -0.03125299  0.23163321]
 [ 0.19774973  0.01430655  0.21941243 -0.0104879  -0.08119682]
 [-0.07488239 -0.06048597 -0.27148783 -0.07653584 -0.06002938]]
Matrix Pair 2; W = [[ 0.23813633  0.00614199  0.147802   -0.17395618  0.0916731 ]
 [-0.11711179 -0.27957669 -0.00679504  0.26534827 -0.14227545]
 [-0.02245376  0.03944781 -0.05040267 -0.01055626 -0.00915927]
 [-0.02502875  0.12780951  0.16351347 -0.08281577  0.00108989]
 [-0.12248728 -0.10476711 -0.24159726 -0.14513622  0.01604051]]
U = [[ 0.1857138   0.15248014  0.27057319  0.35020704 -0.04868055]
 [-0.26333764 -0.06986542  0.02373334  0.16877627  0.1942576 ]
 [ 0.08506568 -0.20565707 -0.18105348 -0.0360972   0.21517881]
 [ 0.22946632 -0.04346924  0.27406666 -0.0668874  -0.06446349]
 [-0.1087703   0.03449785 -0.23970135 -0.08765054 -0.05476599]]
Matrix Pair 3; W = [[ 0.21325245  0.00122015  0.16050477 -0.12330695  0.05065459]
 [-0.13910499 -0.31977164  0.01624573  0.29242663 -0.07274414]
 [-0.0534231  -0.01984922 -0.08388752 -0.02247346 -0.05961928]
 [-0.07127517  0.14333662  0.12298962 -0.07126796 -0.05701837]
 [-0.12079251 -0.15867233 -0.2698218  -0.20716301 -0.04798073]]
U = [[ 0.14756547  0.08511136  0.30371574  0.3396686  -0.11040239]
 [-0.27172034 -0.03174528  0.08280147  0.09486245  0.17530746]
 [ 0.16957286 -0.19313562 -0.21173278 -0.06972469  0.22024112]
 [ 0.26919667 -0.03828998  0.24445168 -0.07917834 -0.06008884]
 [-0.05142952 -0.03045347 -0.29482347 -0.08655102 -0.10074924]]
Matrix Pair 4; W = [[ 1.62597573e-01  1.87252421e-02  1.01654737e-01 -2.02458802e-01
   1.18997552e-01]
 [-1.13219817e-01 -2.63338931e-01  1.86739326e-02  2.98937563e-01
  -1.57565314e-01]
 [-1.15884017e-01  2.44224984e-05 -1.43402886e-02  1.44657583e-02
  -4.26980038e-02]
 [-5.40924355e-02  8.47018020e-02  8.97899301e-02 -2.03963931e-02
  -3.38012183e-02]
 [-1.97377484e-01 -9.63982113e-02 -2.70853847e-01 -1.25755868e-01
   1.25542782e-02]]
U = [[ 0.17704708  0.10896773  0.33570417  0.38819822 -0.10489681]
 [-0.29784689 -0.09915012  0.02564598  0.13496947  0.2312076 ]
 [ 0.10067252 -0.16574457 -0.21852238 -0.07769188  0.16173305]
 [ 0.27379226  0.00804517  0.2185339  -0.03564462 -0.02588399]
 [-0.09121445 -0.01440932 -0.22671425 -0.02449167 -0.04523374]]
Matrix Pair 5; W = [[ 0.17666057  0.01277377  0.10955266 -0.14653462  0.04435901]
 [-0.10726684 -0.31563432 -0.00428389  0.2209396  -0.13074152]
 [-0.11003808 -0.02500335 -0.05152776  0.04592469  0.00976576]
 [-0.02060255  0.08374922  0.12666963 -0.03116764  0.01465388]
 [-0.12965262 -0.16801441 -0.20228711 -0.17560559 -0.03507867]]
U = [[ 0.1858508   0.13805633  0.27222839  0.31862229 -0.09537474]
 [-0.30973848 -0.05396173  0.00407887  0.16841367  0.25516097]
 [ 0.09851915 -0.15072432 -0.22747017 -0.0874196   0.1877256 ]
 [ 0.21145177 -0.02831602  0.214991   -0.02282487 -0.09619547]
 [-0.13383485  0.008558   -0.25948026 -0.06806762 -0.00870065]]
Matrix Pair 6; W = [[ 0.19439544 -0.04903782  0.19259719 -0.11015954  0.04798587]
 [-0.12011924 -0.3136665  -0.00712148  0.29690348 -0.16202754]
 [-0.09969942  0.02568183 -0.07051443 -0.00464042 -0.04832677]
 [-0.07441945  0.04961893  0.11922033 -0.0332568  -0.05148312]
 [-0.1822177  -0.14028776 -0.19394397 -0.14578515  0.02223027]]
U = [[ 0.15090027  0.09735396  0.27462655  0.38326395 -0.07101189]
 [-0.22182785 -0.04286212  0.00356431  0.17464783  0.25851794]
 [ 0.17724971 -0.18648367 -0.20077822 -0.11867018  0.19960067]
 [ 0.258969   -0.02256614  0.23015671 -0.06832138 -0.08206859]
 [-0.12549001  0.0028536  -0.21240633 -0.03492055 -0.0234153 ]]
Matrix Pair 7; W = [[ 0.20428112 -0.02965771  0.19098373 -0.13670085  0.08302388]
 [-0.18399244 -0.31462773  0.01234256  0.25152353 -0.16548724]
 [-0.11166572 -0.03839287 -0.08274338  0.0711864  -0.03289155]
 [-0.09466764  0.06996937  0.15712999 -0.07254871  0.01834937]
 [-0.16168116 -0.18051685 -0.21780652 -0.16046697  0.03203164]]
U = [[ 0.19472829  0.11280289  0.35756367  0.39759473 -0.05819747]
 [-0.26162671 -0.10259001  0.09123574  0.17224549  0.23914614]
 [ 0.16841637 -0.17479397 -0.25716088 -0.09674215  0.22353093]
 [ 0.26491753 -0.07634599  0.257982   -0.07702997 -0.0253834 ]
 [-0.12756339 -0.01553165 -0.29936987 -0.07031319 -0.08309102]]
Matrix Pair 8; W = [[ 0.16132603 -0.00179507  0.18471144 -0.11712808  0.10793357]
 [-0.10314679 -0.25394987 -0.00502723  0.29735774 -0.08777734]
 [-0.03583933  0.00035512 -0.05884456 -0.01662233 -0.01264671]
 [-0.083819    0.08051014  0.17772951 -0.0515232  -0.05296047]
 [-0.15674831 -0.16098624 -0.24126691 -0.20594413  0.02461397]]
U = [[ 0.20420505  0.13712355  0.27172847  0.30758249 -0.05901207]
 [-0.24405647 -0.04936333  0.01259043  0.17944187  0.21791676]
 [ 0.13127688 -0.13294026 -0.22523604 -0.08547695  0.23707237]
 [ 0.24307201 -0.05141613  0.22109018 -0.04947961 -0.02883518]
 [-0.12432877  0.01032884 -0.28907793 -0.0106924  -0.04344446]]
Matrix Pair 9; W = [[ 0.16200328  0.01797522  0.13381714 -0.17198825  0.13429586]
 [-0.14980757 -0.28834605  0.02478541  0.27310297 -0.14219805]
 [-0.08260988 -0.03323902 -0.02576255 -0.0139247   0.00518223]
 [-0.08179111  0.14403522  0.0951657  -0.01343616 -0.02391958]
 [-0.12881903 -0.10953232 -0.25158403 -0.19965138  0.01350828]]
U = [[ 0.21825583  0.17671059  0.33836891  0.31257203 -0.05778759]
 [-0.23884961 -0.01778915  0.05071635  0.09755176  0.21896307]
 [ 0.18287251 -0.1301479  -0.18203413 -0.02138733  0.18620126]
 [ 0.20783661 -0.03894983  0.25791665 -0.01036772 -0.07222435]
 [-0.0534462   0.02614012 -0.24279083 -0.00232591 -0.06708671]]
Matrix Pair 10; W = [[ 0.2192245  -0.00141941  0.10740499 -0.16857896  0.10424172]
 [-0.10179501 -0.24145199 -0.05669774  0.22955035 -0.13668135]
 [-0.0526127   0.04194175 -0.07394418  0.02483319 -0.01052188]
 [-0.05845264  0.08443542  0.09338006 -0.06407428 -0.0465936 ]
 [-0.18011539 -0.0995747  -0.19630431 -0.15364339  0.04200155]]
U = [[ 0.17083339  0.09667703  0.33109944  0.34201061 -0.11222567]
 [-0.30632556 -0.03143436  0.03845208  0.1507568   0.20501047]
 [ 0.11608702 -0.20498195 -0.18520296 -0.07055531  0.16172718]
 [ 0.18927858  0.01674833  0.3073896  -0.07803437 -0.10488193]
 [-0.06391936 -0.04813484 -0.28402476 -0.09005207 -0.08581224]]
Matrix Pair 11; W = [[ 0.18984447  0.02277705  0.13972051 -0.12879701  0.07955531]
 [-0.11361152 -0.27490707 -0.01699543  0.23742356 -0.15912228]
 [-0.10690404 -0.01567294 -0.06855945  0.06051939 -0.03602893]
 [-0.01185059  0.13922078  0.08841497 -0.05722487 -0.0050585 ]
 [-0.15055047 -0.14117977 -0.2790543  -0.19261015 -0.0237132 ]]
U = [[ 0.21561057  0.15957128  0.30975932  0.31668955 -0.08442589]
 [-0.31716394 -0.08195849  0.0479641   0.16888026  0.23123942]
 [ 0.12902018 -0.20053843 -0.25129993 -0.08458045  0.2561086 ]
 [ 0.22267309 -0.06929526  0.27570765 -0.09353122 -0.07139211]
 [-0.11315394 -0.02694236 -0.25277007 -0.04932784 -0.10093373]]
Matrix Pair 12; W = [[ 0.18945143 -0.01790229  0.12530795 -0.12551283  0.06164867]
 [-0.1662746  -0.30092488 -0.04886486  0.30534447 -0.10962531]
 [-0.08125996 -0.0100452  -0.058168   -0.01742166 -0.06849252]
 [-0.10214433  0.06233413  0.15673672 -0.0867935  -0.00467188]
 [-0.16856144 -0.10605743 -0.28763952 -0.18648267  0.04303503]]
U = [[ 0.16303592  0.14673666  0.34270518  0.37821335 -0.08375824]
 [-0.27279531 -0.02919231  0.09166493  0.14786814  0.20868895]
 [ 0.14142052 -0.19126556 -0.17087043 -0.07155906  0.17325489]
 [ 0.19801614  0.01199521  0.30097788 -0.07797614 -0.08795836]
 [-0.09815119 -0.03856498 -0.24223188 -0.02337025 -0.07353262]]
Matrix Pair 13; W = [[ 0.1586871  -0.0609266   0.17951919 -0.13383758  0.07872832]
 [-0.11270976 -0.31296785 -0.02640407  0.22278454 -0.08143683]
 [-0.06831943  0.02037461 -0.0796212  -0.00115409 -0.00510045]
 [-0.09950935  0.07493301  0.1508814  -0.06995393  0.03060328]
 [-0.1634334  -0.17216729 -0.21347124 -0.13748465 -0.05304702]]
U = [[ 0.17968608  0.16113975  0.3663226   0.33786385 -0.03081097]
 [-0.28198828 -0.02326697  0.10212526  0.12784975  0.24943763]
 [ 0.17390312 -0.13685639 -0.1893483  -0.03070641  0.18387777]
 [ 0.25189409 -0.03925567  0.28297633 -0.00142099 -0.11956952]
 [-0.04824321 -0.01879357 -0.23337089 -0.08200754 -0.06048301]]
Matrix Pair 14; W = [[ 0.16823058  0.00339869  0.12497829 -0.10664558  0.08416487]
 [-0.1670714  -0.30370863  0.03073691  0.30433717 -0.14871279]
 [-0.08683308  0.03326941 -0.02102875  0.01921121  0.01470208]
 [-0.05945751  0.08813965  0.14522344 -0.00511968 -0.03183144]
 [-0.11904985 -0.14344782 -0.19661472 -0.15503289  0.02609017]]
U = [[ 0.17693248  0.16996858  0.36250212  0.35228006 -0.11390685]
 [-0.29075095 -0.07464446  0.10067973  0.11688416  0.22773691]
 [ 0.08688815 -0.20173528 -0.19431435 -0.0821971   0.21873509]
 [ 0.19446377 -0.03510966  0.26781914 -0.0157784  -0.06675821]
 [-0.09359269  0.02275692 -0.26829382 -0.09032619 -0.07981479]]
Matrix Pair 15; W = [[ 0.23509047  0.01474627  0.12563791 -0.12600711  0.05015807]
 [-0.11405724 -0.26306267  0.02749143  0.25400357 -0.16371001]
 [-0.06557762  0.03852062 -0.0293367  -0.00154508 -0.00240231]
 [-0.03298204  0.10197746  0.09001651 -0.06138704  0.03215078]
 [-0.12589478 -0.10440985 -0.20607193 -0.20228881  0.00093072]]
U = [[ 0.15792661  0.11507251  0.31663991  0.34546462 -0.08101074]
 [-0.2578198  -0.05161794  0.09860611  0.09778377  0.19726616]
 [ 0.10775551 -0.18871617 -0.18123008 -0.09236102  0.18260328]
 [ 0.18188125 -0.0039801   0.30187813 -0.04960645 -0.05225202]
 [-0.07356252  0.00117093 -0.29274984 -0.00701205 -0.07454655]]
Matrix Pair 16; W = [[ 0.22937102 -0.04347899  0.08744528 -0.1451946   0.06084677]
 [-0.06244795 -0.33426097  0.00416506  0.25181318 -0.15746377]
 [-0.07792222 -0.02545313 -0.11481267  0.04358006 -0.10205567]
 [-0.02166511  0.10521595  0.18914747 -0.0262137   0.02922739]
 [-0.07447845 -0.09376448 -0.21374519 -0.20039238  0.01239653]]
U = [[ 0.2303355   0.16695621  0.32848419  0.36933573 -0.04466845]
 [-0.33122012 -0.0851847   0.10995659  0.10344278  0.23298414]
 [ 0.04834477 -0.10480116 -0.16538878 -0.17071535  0.13515452]
 [ 0.33452929 -0.02193488  0.23525871 -0.08769545 -0.12945463]
 [-0.06429771  0.0042949  -0.26951932  0.01608714 -0.03053935]]
Matrix Pair 17; W = [[ 0.15717403  0.00427514  0.11033371 -0.10715456  0.03344388]
 [-0.09205651 -0.29945977 -0.05927024  0.29783924 -0.12377817]
 [-0.05082184 -0.07820862 -0.04803383  0.12308757 -0.07695927]
 [-0.00038163  0.09099872  0.20285187 -0.04355459 -0.02323017]
 [-0.05726452 -0.13605491 -0.19878416 -0.15969625  0.03462452]]
U = [[ 0.20504744  0.17532382  0.3188908   0.32566005 -0.02606237]
 [-0.32151587 -0.09588869  0.06417725  0.09511317  0.25013626]
 [ 0.10407272 -0.0887962  -0.17778301 -0.1452393   0.16064813]
 [ 0.26887967 -0.02420343  0.29056134 -0.09071817 -0.0773568 ]
 [-0.10564593  0.00195307 -0.27657641 -0.02087198 -0.08947353]]
Matrix Pair 18; W = [[ 0.16995172 -0.01039858  0.14447509 -0.16928132  0.04715925]
 [-0.11178203 -0.26892912 -0.08852858  0.2982721  -0.15527684]
 [-0.03328115 -0.05022675 -0.09496723  0.05675572 -0.07936148]
 [-0.00350966  0.11047525  0.15645395 -0.09644979 -0.01918474]
 [-0.05919643 -0.14763668 -0.23617086 -0.22593434 -0.03891949]]
U = [[ 0.17066459  0.15435463  0.32059651  0.31016301 -0.02744399]
 [-0.28213907 -0.12729614  0.09519579  0.15247837  0.29818534]
 [ 0.08931592 -0.11074541 -0.22255208 -0.13680098  0.1620208 ]
 [ 0.28810642 -0.06091174  0.21289648 -0.06758588 -0.16485925]
 [-0.10232508  0.0052124  -0.22005325 -0.01757257 -0.05010901]]
Matrix Pair 19; W = [[ 0.21868831  0.01010523  0.08446336 -0.17222636  0.08014491]
 [-0.03530897 -0.30684987 -0.03980388  0.24890241 -0.18110771]
 [-0.05471249 -0.01939458 -0.13904617  0.04163616 -0.07876573]
 [-0.03611162  0.10227495  0.18117833 -0.02449006  0.0207552 ]
 [-0.07627448 -0.06340044 -0.18367807 -0.17343432  0.01343584]]
U = [[ 0.23345214  0.22657227  0.30079793  0.31245898 -0.09819785]
 [-0.27298542 -0.13142562  0.09051723  0.13108265  0.25646293]
 [ 0.01488385 -0.13969983 -0.25083184 -0.15296092  0.10625895]
 [ 0.32070682 -0.06631153  0.26386435 -0.0395007  -0.16983478]
 [-0.05111319  0.07148462 -0.30238496  0.03020409 -0.0447617 ]]
Matrix Pair 20; W = [[ 0.15640538 -0.02149284  0.13340932 -0.1649912   0.07981334]
 [-0.12181753 -0.29584866 -0.05135732  0.23558129 -0.15927512]
 [-0.00341783 -0.04207307 -0.116865    0.04536932 -0.04496973]
 [ 0.00794588  0.05971673  0.11221821 -0.01244462 -0.01552859]
 [-0.07220053 -0.07851151 -0.17742583 -0.22264578  0.02120714]]
U = [[ 0.22134266  0.14232698  0.30419997  0.29333299 -0.04927746]
 [-0.35097453 -0.10037994  0.07792301  0.07453351  0.27231719]
 [ 0.02153814 -0.14808752 -0.17565109 -0.11842456  0.09660935]
 [ 0.29139638 -0.06393181  0.2710634  -0.01347665 -0.11437064]
 [-0.09034233 -0.01826398 -0.28663464 -0.03136481 -0.04298882]]
Matrix Pair 21; W = [[ 0.23276173 -0.01808175  0.08297572 -0.08618095  0.03438544]
 [-0.09809812 -0.28057574 -0.02071926  0.20416889 -0.15786357]
 [-0.05000474 -0.0343342  -0.10560985  0.12448148 -0.04149382]
 [-0.0343573   0.09874368  0.16434522 -0.03211904  0.02812371]
 [-0.07594156 -0.15122348 -0.24200495 -0.14443452  0.03960067]]
U = [[ 0.17970308  0.20463999  0.33221308  0.38081775 -0.08003395]
 [-0.32787857 -0.05584708  0.11539504  0.12799783  0.21094651]
 [ 0.01928098 -0.11205695 -0.1796153  -0.13266081  0.17173225]
 [ 0.32531094 -0.04790232  0.22328647 -0.0231884  -0.10507172]
 [-0.11060924  0.01013674 -0.24925719 -0.01523395 -0.01115552]]
Matrix Pair 22; W = [[ 0.14608048 -0.0334737   0.06870465 -0.10019592  0.08849436]
 [-0.08131708 -0.2634109  -0.05707893  0.27905441 -0.10009539]
 [-0.04445492 -0.05797277 -0.07028352  0.05268983 -0.00513888]
 [ 0.02718565  0.15236908  0.15949654 -0.05792777  0.0274741 ]
 [-0.10554937 -0.07227634 -0.20893878 -0.15232045  0.03913498]]
U = [[ 0.17379338  0.22768254  0.35029383  0.31366588 -0.07516943]
 [-0.30435647 -0.12356912  0.06450395  0.14362641  0.28718697]
 [ 0.01561362 -0.08196142 -0.17969659 -0.11993635  0.17704838]
 [ 0.32041562 -0.08405131  0.28559877 -0.00744719 -0.15515503]
 [-0.08764189  0.03073889 -0.24825604 -0.02514002 -0.01790231]]
Matrix Pair 23; W = [[ 0.21482208 -0.04006514  0.10786007 -0.09087799  0.07098184]
 [-0.05050441 -0.28996236  0.00456618  0.25084757 -0.14203519]
 [-0.03598572 -0.00426231 -0.09041665  0.0485926  -0.01740407]
 [-0.04207387  0.07193498  0.19810323 -0.05299244  0.03332685]
 [-0.13552952 -0.07119504 -0.2272291  -0.21632578 -0.01345255]]
U = [[ 0.22939151  0.16316532  0.29297718  0.38840604 -0.08311279]
 [-0.32070159 -0.09405436  0.11667572  0.10501365  0.25301171]
 [ 0.08466203 -0.17297855 -0.25103016 -0.1251893   0.16240356]
 [ 0.30990999 -0.04578508  0.26580616 -0.08854768 -0.13842407]
 [-0.06484813  0.014167   -0.2541922  -0.0264801  -0.08132065]]
Matrix Pair 24; W = [[ 0.21370645 -0.00217611  0.14782051 -0.13263297  0.03364634]
 [-0.09017155 -0.33871122 -0.07973699  0.28409227 -0.09338094]
 [-0.02827045 -0.02972295 -0.08541215  0.03469033 -0.01181502]
 [-0.042429    0.06983852  0.15630494 -0.01185163 -0.05162885]
 [-0.10988029 -0.07135561 -0.2365944  -0.19191987  0.02043568]]
U = [[ 0.19955374  0.18943526  0.3743058   0.36795394 -0.04994631]
 [-0.32250545 -0.04728263  0.08241778  0.09368928  0.29197469]
 [ 0.04860786 -0.16333142 -0.22878802 -0.10680186  0.10146229]
 [ 0.27178887 -0.03138526  0.29603487 -0.07734492 -0.14099998]
 [-0.10493827  0.05529473 -0.22624257 -0.00153403 -0.01091658]]
Matrix Pair 25; W = [[ 0.18526144 -0.00203523  0.08919361 -0.16720389  0.09111116]
 [-0.05298253 -0.30442456 -0.05542453  0.23501868 -0.12878523]
 [-0.03641212 -0.06018022 -0.05544894  0.07546519 -0.06860349]
 [-0.04751104  0.07959519  0.16022337 -0.01416087  0.02902653]
 [-0.04908005 -0.1399498  -0.19322181 -0.14552078 -0.0374518 ]]
U = [[ 0.21062548  0.21668372  0.37688546  0.33434492 -0.09611885]
 [-0.35577747 -0.08270908  0.1333557   0.06149725  0.24327289]
 [ 0.09313178 -0.110717   -0.20059948 -0.12916136  0.13019416]
 [ 0.23692869 -0.03094757  0.29842031 -0.01121515 -0.09223771]
 [-0.06750847  0.05428736 -0.23154182  0.00072954 -0.02801043]]
Matrix Pair 26; W = [[ 0.20484277 -0.04374942  0.13756531 -0.12512052  0.01030678]
 [-0.08564471 -0.27167907 -0.02430617  0.23337606 -0.18486104]
 [-0.03897447 -0.04670077 -0.11062381  0.08881019 -0.05730151]
 [-0.02821655  0.11880937  0.12316979 -0.02954054 -0.02516704]
 [-0.04094413 -0.10290055 -0.1519767  -0.200562   -0.00928312]]
U = [[ 0.2228683   0.19078212  0.3482401   0.31043924 -0.08806584]
 [-0.33090195 -0.11274622  0.09161371  0.05585766  0.22488875]
 [ 0.03038244 -0.10412462 -0.25184744 -0.11862123  0.10074219]
 [ 0.28681592 -0.04469606  0.2733942  -0.06252124 -0.11501997]
 [-0.05005987  0.03050832 -0.26206451 -0.00599382 -0.06063202]]
Matrix Pair 27; W = [[ 0.17370293 -0.02200956  0.0707776  -0.12358833  0.08467061]
 [-0.05373883 -0.31039508 -0.03780002  0.29235058 -0.16361675]
 [-0.08676856 -0.08042844 -0.06154504  0.10761373 -0.01769261]
 [-0.03426529  0.1432675   0.1806856  -0.01370773 -0.00225953]
 [-0.12094419 -0.10347099 -0.16013102 -0.19520149  0.02590671]]
U = [[ 0.13953629  0.21259539  0.35964302  0.35651073 -0.11347793]
 [-0.30763424 -0.07041155  0.08498732  0.10358533  0.21954425]
 [ 0.04439045 -0.09552976 -0.1610196  -0.1431332   0.1748714 ]
 [ 0.30426398 -0.04232501  0.24401722 -0.03110267 -0.15159466]
 [-0.04918725  0.04953524 -0.29448614 -0.04707812 -0.06280728]]
Matrix Pair 28; W = [[ 0.21918138 -0.02898156  0.08264435 -0.11369387  0.03994225]
 [-0.071226   -0.27512897 -0.01924794  0.25466915 -0.17866147]
 [ 0.00386083 -0.00976833 -0.12991576  0.0472773  -0.0582547 ]
 [-0.06045177  0.13608371  0.13723985 -0.03881312 -0.02287474]
 [-0.12188831 -0.12383394 -0.17718048 -0.17855623 -0.02396294]]
U = [[ 0.23605952  0.21785965  0.35297955  0.29076855 -0.0876204 ]
 [-0.34257609 -0.13015613  0.13432786  0.12931639  0.26193658]
 [ 0.04240765 -0.14826906 -0.21102855 -0.16319217  0.11947276]
 [ 0.24070191 -0.04824229  0.25766425 -0.01797113 -0.15869106]
 [-0.12122659  0.01179445 -0.28334091  0.01678086 -0.10733283]]
Matrix Pair 29; W = [[ 0.21889115 -0.03014721  0.08913167 -0.10093016  0.06677976]
 [-0.04389616 -0.32683974 -0.02652216  0.28363341 -0.19136306]
 [-0.0717168  -0.06055195 -0.12312419  0.08698334 -0.00777173]
 [-0.03268174  0.11456317  0.20284534 -0.06280742 -0.03493229]
 [-0.11186574 -0.11334174 -0.24058609 -0.18978024 -0.03586792]]
U = [[ 0.23631886  0.18380406  0.30397857  0.34013119 -0.11886548]
 [-0.28007423 -0.10829726  0.12560809  0.08930206  0.28072945]
 [ 0.02693783 -0.11709566 -0.19864675 -0.11756383  0.1305555 ]
 [ 0.2537393  -0.09855627  0.28829916 -0.05877331 -0.1335174 ]
 [-0.05457513 -0.00305744 -0.29872596 -0.05919663 -0.04936044]]
Matrix Pair 30; W = [[ 0.20905077 -0.00320378  0.09269286 -0.16924727  0.08048266]
 [-0.06704862 -0.25212174 -0.00393348  0.25864599 -0.14079976]
 [-0.03536316 -0.01355515 -0.10978047  0.09974019 -0.03700322]
 [-0.02734896  0.06477245  0.16261638 -0.09850369  0.01271592]
 [-0.06316431 -0.08307583 -0.24281025 -0.20549089 -0.00384029]]
U = [[ 0.22735462  0.22667476  0.35747725  0.32673733 -0.06015233]
 [-0.29379786 -0.06980743  0.12588753  0.12982205  0.24929552]
 [ 0.04025541 -0.17405346 -0.15952755 -0.17107092  0.1170637 ]
 [ 0.3040853  -0.01703863  0.29901029 -0.07227405 -0.17189166]
 [-0.03989833 -0.01519197 -0.24295293 -0.00561364 -0.01815583]]
Matrix Pair 31; W = [[ 0.18095564 -0.08077416  0.13346171 -0.12587221  0.03533983]
 [-0.05731896 -0.33034175 -0.00674934  0.26466963 -0.15499168]
 [-0.00646256 -0.06480016 -0.1455409   0.06998306 -0.05233926]
 [-0.04992753  0.10925304  0.14843417 -0.03037147  0.0279588 ]
 [-0.06537137 -0.06747061 -0.22539016 -0.14642483 -0.02409376]]
U = [[ 0.23205417  0.15117277  0.31522361  0.3041275  -0.10688242]
 [-0.33077562 -0.03897998  0.11956467  0.13144826  0.25822423]
 [ 0.00719716 -0.10178461 -0.2123872  -0.16534924  0.19353323]
 [ 0.32314527 -0.1030254   0.24512733 -0.05314496 -0.15129234]
 [-0.07991304  0.0254197  -0.25778431 -0.06084516 -0.02926697]]
Matrix Pair 32; W = [[ 0.17704436 -0.08505516  0.09266028 -0.11298252  0.03226298]
 [-0.15929459 -0.34283784 -0.14916706  0.29119088 -0.15251898]
 [-0.13580507  0.00716448 -0.0391041   0.11933194 -0.02462872]
 [-0.03279351  0.05067845  0.08205676 -0.05577338 -0.06517409]
 [-0.04766928 -0.08107722 -0.21192558 -0.07788122  0.00910947]]
U = [[ 0.14495607  0.21597427  0.33453317  0.35743206 -0.05907561]
 [-0.26031704 -0.13857531  0.08114736  0.13150932  0.11483864]
 [ 0.11270406 -0.09740135 -0.22097001 -0.1545682   0.21573265]
 [ 0.27367856 -0.04392275  0.28223228  0.01324712 -0.14788687]
 [-0.01030685 -0.06458687 -0.21278398 -0.07607036 -0.11648625]]
Matrix Pair 33; W = [[ 0.20099388 -0.07655907  0.12773245 -0.18118177  0.07825767]
 [-0.13954819 -0.36941827 -0.12764123  0.33990998 -0.16532025]
 [-0.14622354 -0.00478373 -0.03871591  0.09968499 -0.07269499]
 [-0.03794493  0.06680964  0.08418274  0.03642499 -0.02457574]
 [-0.06465856 -0.04167991 -0.23428983 -0.11063936  0.04972   ]]
U = [[ 0.12133961  0.17957388  0.27388366  0.37382024 -0.07608893]
 [-0.26911832 -0.05908546  0.14621965  0.14846858  0.16383105]
 [ 0.04225012 -0.06879372 -0.21970566 -0.11982118  0.15306355]
 [ 0.23382991  0.00689266  0.29646674 -0.01332042 -0.14842574]
 [-0.05673537 -0.0715223  -0.21381736 -0.02907374 -0.07438894]]
Matrix Pair 34; W = [[ 0.20898499 -0.05139793  0.09666432 -0.18456779  0.12489184]
 [-0.13853117 -0.29450559 -0.0819546   0.32048924 -0.08213891]
 [-0.06920279 -0.03762348 -0.07294551  0.07315985 -0.00194607]
 [-0.05678621  0.12716163  0.14301636 -0.04489354 -0.04370894]
 [-0.12798222 -0.01838705 -0.22431235 -0.16218071 -0.0013438 ]]
U = [[ 0.1182633   0.16037091  0.29137142  0.31720195 -0.02678267]
 [-0.25777533 -0.10795185  0.09489598  0.13266779  0.17099688]
 [ 0.04075731 -0.1051627  -0.27132199 -0.16627934  0.14913561]
 [ 0.27233308  0.00674694  0.29214397 -0.03634456 -0.14366011]
 [-0.09319828 -0.05446289 -0.21958764 -0.06179325 -0.10597785]]
Matrix Pair 35; W = [[ 0.27200929 -0.06658514  0.05318919 -0.13492642  0.06524153]
 [-0.12951721 -0.33133603 -0.09764706  0.28426815 -0.11921611]
 [-0.11076149 -0.0145692  -0.05481528  0.12083245 -0.00623594]
 [-0.00440657  0.11291868  0.06798067 -0.0290827  -0.01917564]
 [-0.0467473  -0.02156129 -0.2815065  -0.13695856  0.02118282]]
U = [[ 0.16701865  0.17366364  0.25679685  0.35351729 -0.0956795 ]
 [-0.29202845 -0.07311843  0.10619956  0.2116352   0.19980327]
 [ 0.09588599 -0.13040076 -0.25484919 -0.18301953  0.13346032]
 [ 0.28506164 -0.04934297  0.27889741  0.04886689 -0.06759386]
 [-0.00951959 -0.03922517 -0.20884233 -0.01535278 -0.08343175]]
Matrix Pair 36; W = [[ 0.25463787 -0.08337781  0.06795643 -0.1172545   0.03698674]
 [-0.12019726 -0.30949346 -0.1378363   0.31195133 -0.16082437]
 [-0.06509512  0.02654891 -0.09983006  0.10090563 -0.0353212 ]
 [ 0.01929036  0.10707632  0.12830079  0.00118115  0.00257088]
 [-0.09914056 -0.08390847 -0.23542495 -0.16987189  0.01728054]]
U = [[ 0.12789226  0.21671181  0.30533607  0.3771975  -0.05353169]
 [-0.25952078 -0.13755109  0.12724595  0.15915058  0.18996613]
 [ 0.08951442 -0.13207018 -0.18903292 -0.15233912  0.16175427]
 [ 0.19890103 -0.03138948  0.25162775  0.02766158 -0.09561276]
 [-0.07213734 -0.06515695 -0.23682301 -0.03703616 -0.04063011]]
Matrix Pair 37; W = [[ 0.18332559 -0.01184943  0.08323489 -0.17601948  0.09264915]
 [-0.1461193  -0.31848297 -0.06262955  0.30023824 -0.13543078]
 [-0.1140746   0.02815821 -0.09373192  0.07914549 -0.06762656]
 [-0.00285403  0.12989676  0.07216293 -0.03957014 -0.07622281]
 [-0.0629249  -0.09255928 -0.29063123 -0.15982505 -0.04448778]]
U = [[ 0.11521736  0.20107924  0.26489181  0.34801863 -0.04875092]
 [-0.2780893  -0.09824282  0.06143766  0.19447299  0.1569229 ]
 [ 0.03330062 -0.10419437 -0.20405861 -0.14044228  0.15679891]
 [ 0.20776936 -0.06510669  0.22153251  0.05202798 -0.15270438]
 [-0.04136184 -0.04502594 -0.29028296 -0.06453599 -0.11473423]]
Matrix Pair 38; W = [[ 0.21045183 -0.05107998  0.07178977 -0.16942919  0.03776949]
 [-0.16350054 -0.29235187 -0.06256224  0.29088651 -0.13208717]
 [-0.16237409 -0.02881657 -0.01874138  0.03258387 -0.05258476]
 [-0.02632216  0.05638799  0.15227264  0.01693917 -0.06152869]
 [-0.07624453 -0.03479731 -0.29648534 -0.09245626 -0.02704962]]
U = [[ 0.18261582  0.21867642  0.28574728  0.37831346 -0.01819106]
 [-0.29946487 -0.06641621  0.09880956  0.1740418   0.17479429]
 [ 0.09926919 -0.08696657 -0.22621211 -0.17620302  0.1736526 ]
 [ 0.25286264 -0.08071398  0.2919451   0.01841568 -0.10776971]
 [-0.02670347 -0.06247886 -0.2885011  -0.02124107 -0.1193409 ]]
Matrix Pair 39; W = [[ 0.20477609 -0.04370162  0.11730645 -0.17584729  0.06823919]
 [-0.15144252 -0.28028168 -0.07331903  0.30273317 -0.16856476]
 [-0.09545921 -0.00141559 -0.0500963   0.10729583 -0.02930966]
 [ 0.01571648  0.05890863  0.14138659 -0.05011167 -0.08134363]
 [-0.12462771 -0.1123083  -0.25646383 -0.09473061 -0.02115746]]
U = [[ 0.11446682  0.17841102  0.27877897  0.34045133 -0.03202267]
 [-0.25318586 -0.11568432  0.11057539  0.21067521  0.15281315]
 [ 0.0447912  -0.07835134 -0.23470818 -0.14928628  0.21036999]
 [ 0.21192274 -0.00128196  0.2199425  -0.02632646 -0.12119394]
 [-0.03869295 -0.04618195 -0.21273475 -0.06636979 -0.04670381]]
Matrix Pair 40; W = [[ 0.27475593 -0.02214346  0.06015034 -0.1345042   0.12251654]
 [-0.12483089 -0.27670869 -0.14709329  0.32369706 -0.07951196]
 [-0.11809951 -0.03648272 -0.10789853  0.06264716 -0.00060637]
 [-0.0071263   0.0793478   0.14961845 -0.00611544 -0.00034036]
 [-0.03920129 -0.11450891 -0.21645775 -0.1586613  -0.04073353]]
U = [[ 0.16304668  0.15757114  0.25553572  0.31174341 -0.04541826]
 [-0.29492795 -0.11324613  0.10907943  0.14431031  0.20070061]
 [ 0.04332732 -0.12786529 -0.21287095 -0.18616897  0.15765711]
 [ 0.2461341  -0.08531092  0.24343166  0.02725166 -0.137615  ]
 [-0.05615972  0.02635981 -0.22999272 -0.10774598 -0.07209625]]
Matrix Pair 41; W = [[ 0.22657067 -0.0595      0.10068397 -0.16760907  0.10463464]
 [-0.17113927 -0.31597307 -0.13588327  0.27372683 -0.1647171 ]
 [-0.10129797 -0.01943627 -0.08671972  0.04632208 -0.01116291]
 [-0.05243629  0.08311153  0.09007564  0.03311668 -0.04999783]
 [-0.07716037 -0.04272658 -0.29718743 -0.11576849  0.00600811]]
U = [[ 0.14232845  0.1685469   0.34930773  0.36006258 -0.03850149]
 [-0.30925011 -0.08934062  0.07559774  0.15087606  0.13403659]
 [ 0.07455226 -0.118389   -0.25214108 -0.11201603  0.21186759]
 [ 0.26432455 -0.03274921  0.25693497  0.03233447 -0.07890236]
 [-0.03596323  0.0118824  -0.29952161 -0.1049845  -0.04126443]]
Matrix Pair 42; W = [[ 0.26820037 -0.0068897   0.13375964 -0.14172964  0.03177586]
 [-0.13378813 -0.31724908 -0.1220377   0.26393783 -0.09967868]
 [-0.09253344 -0.0056967  -0.09880522  0.08681806 -0.01285112]
 [ 0.02122369  0.12660081  0.07467547  0.0247147  -0.09413394]
 [-0.13573165 -0.05626044 -0.26418394 -0.10903002  0.04018938]]
U = [[ 0.14443363  0.2275716   0.3405169   0.37200488 -0.10270987]
 [-0.25276039 -0.05458487  0.14655712  0.22706119  0.16921178]
 [ 0.08434969 -0.05282693 -0.18773359 -0.14515955  0.12530851]
 [ 0.20759072 -0.03158401  0.27731848  0.03352837 -0.05938074]
 [-0.01307519 -0.03337337 -0.22555113 -0.07710915 -0.06764344]]
Matrix Pair 43; W = [[ 0.18732995 -0.03848761  0.11783582 -0.11622015  0.02882413]
 [-0.12225943 -0.3656193  -0.0794843   0.25211686 -0.14089289]
 [-0.0897693  -0.04534587 -0.07047947  0.09827116 -0.00372445]
 [-0.0544836   0.05588355  0.15063471 -0.02122665 -0.06158091]
 [-0.08835989 -0.03854145 -0.22484904 -0.15941018 -0.01062125]]
U = [[ 0.17048892  0.22783277  0.28186313  0.36456057 -0.07497909]
 [-0.29563441 -0.09428116  0.14922997  0.18215468  0.16020024]
 [ 0.09618322 -0.05584895 -0.24096055 -0.20120268  0.12462543]
 [ 0.22521191 -0.01832736  0.21263573  0.03077255 -0.15695669]
 [-0.0451234  -0.06045026 -0.23078668 -0.09203126 -0.12969772]]
Matrix Pair 44; W = [[ 0.27334291 -0.05921136  0.09287964 -0.1124257   0.09311421]
 [-0.18572063 -0.29093605 -0.06703634  0.27150523 -0.16793923]
 [-0.12638426  0.01427503 -0.06918913  0.09940459 -0.01546128]
 [-0.03115535  0.07192397  0.13452694  0.02184473 -0.01308358]
 [-0.06846166 -0.03015323 -0.28414269 -0.07972997  0.02328306]]
U = [[ 0.10522862  0.201289    0.27257309  0.28767537 -0.09041698]
 [-0.29354944 -0.11815344  0.07558658  0.22656237  0.20414118]
 [ 0.10784481 -0.09246908 -0.19200593 -0.19143942  0.21402   ]
 [ 0.22456092  0.00096967  0.25255408  0.01329038 -0.0687624 ]
 [-0.01019237 -0.07255534 -0.22785974 -0.07821784 -0.06722752]]
Matrix Pair 45; W = [[ 2.17865972e-01  2.85305434e-04  1.12161825e-01 -1.29736924e-01
   1.20689512e-01]
 [-1.17439286e-01 -2.77212610e-01 -1.53229536e-01  3.02130466e-01
  -1.36292260e-01]
 [-1.50090136e-01 -2.25570340e-02 -1.09240357e-01  1.09294293e-01
  -8.14817752e-02]
 [-3.00405961e-02  7.32585346e-02  7.31791271e-02 -4.98671152e-02
  -3.23581919e-02]
 [-1.14434609e-01 -4.86626104e-02 -2.01811809e-01 -1.09618061e-01
  -1.96682240e-02]]
U = [[ 0.14917878  0.23810661  0.33273276  0.30759368 -0.07437465]
 [-0.3167255  -0.07759932  0.09403004  0.18975944  0.11894765]
 [ 0.07941804 -0.09924078 -0.25537019 -0.1970551   0.15592423]
 [ 0.26702496 -0.05979694  0.25002537  0.05277756 -0.10365372]
 [-0.10273772 -0.01267393 -0.26795962 -0.08135107 -0.10074094]]
Matrix Pair 46; W = [[ 0.19737612  0.00061652  0.12591401 -0.12383432  0.03331917]
 [-0.19890479 -0.35810725 -0.0700617   0.25061394 -0.13331067]
 [-0.13097223 -0.00646314 -0.11201982  0.04466308 -0.03195783]
 [ 0.0252438   0.1028564   0.13423134  0.02504192 -0.05496804]
 [-0.13579243 -0.11241906 -0.29838293 -0.12626123 -0.02137113]]
U = [[ 0.1103978   0.19772272  0.29849497  0.31660537 -0.07736302]
 [-0.29152833 -0.08755904  0.14252104  0.18214956  0.18502739]
 [ 0.03913163 -0.09262047 -0.24734129 -0.14869635  0.14986403]
 [ 0.21478042 -0.02897765  0.21554054 -0.01718435 -0.14657716]
 [-0.03137116 -0.02572074 -0.2201358  -0.06270108 -0.06450367]]
Matrix Pair 47; W = [[ 0.24586161 -0.0586912   0.12094756 -0.17558531  0.03266616]
 [-0.20270377 -0.31446357 -0.07238119  0.30185145 -0.14193339]
 [-0.10809617 -0.00426194 -0.0258627   0.05146243 -0.03962341]
 [ 0.00052333  0.09005773  0.12941926 -0.00655378 -0.05716255]
 [-0.13390863 -0.02234093 -0.22563587 -0.1549465  -0.01368548]]
U = [[ 0.1774343   0.21695118  0.26618823  0.30282614 -0.09144851]
 [-0.30177911 -0.10393288  0.06501231  0.16235058  0.11304854]
 [ 0.08022967 -0.06788443 -0.17848339 -0.10730222  0.13001786]
 [ 0.24103468 -0.04631347  0.27599906  0.01261335 -0.15460705]
 [-0.04826341 -0.02402924 -0.20590157 -0.03335212 -0.05575466]]
Matrix Pair 48; W = [[ 0.15912001  0.00174597  0.11825833 -0.09261262  0.03122358]
 [-0.10458397 -0.33725978 -0.03198555  0.2379646  -0.15880623]
 [ 0.01027625  0.00241364 -0.11561898  0.04670538 -0.03495956]
 [ 0.01129762  0.1699522   0.18167596 -0.01777256 -0.04090605]
 [-0.10331765 -0.04360644 -0.2462003  -0.20434114 -0.019636  ]]
U = [[ 0.21099329  0.19809854  0.27484194  0.33890266 -0.03470907]
 [-0.35171747 -0.06886478  0.10623337  0.12064105  0.2141076 ]
 [ 0.08659404 -0.11290798 -0.27583673 -0.13219002  0.11660373]
 [ 0.26910236 -0.07548023  0.32077046  0.01369437 -0.10644972]
 [-0.11053046  0.00530751 -0.32948882 -0.06861141 -0.05460107]]
Matrix Pair 49; W = [[ 0.14355168 -0.00552191  0.14299414 -0.06339893  0.08828804]
 [-0.0872154  -0.28019018 -0.0786948   0.23796351 -0.18731891]
 [ 0.01771509 -0.02440276 -0.04740622  0.05488958 -0.07361459]
 [ 0.01554389  0.14463021  0.13721736  0.02506269 -0.03415466]
 [-0.14003757 -0.13541753 -0.1941639  -0.17679673 -0.01567324]]
U = [[ 0.22647716  0.11707547  0.28387092  0.29048735 -0.10770227]
 [-0.3791153  -0.14817756  0.05675088  0.04631946  0.24326345]
 [ 0.15146364 -0.14451236 -0.2217989  -0.11867481  0.19536697]
 [ 0.28008907 -0.01897527  0.3128638  -0.06309461 -0.08520547]
 [-0.12842785 -0.02357967 -0.26168476 -0.04721278 -0.08492962]]
Matrix Pair 50; W = [[ 0.19013941  0.06134526  0.14287516 -0.12198287  0.09348535]
 [-0.03308266 -0.31314152 -0.07877108  0.22597583 -0.18112854]
 [ 0.00232167 -0.0278279  -0.05125996  0.09229512 -0.06222019]
 [-0.07601241  0.20962678  0.13640215  0.01222481  0.02663712]
 [-0.09938827 -0.06118749 -0.25020327 -0.24402633  0.00826522]]
U = [[ 0.23168877  0.13906007  0.26809645  0.34575782 -0.08059642]
 [-0.32006954 -0.06571554  0.08828738  0.10817541  0.26938499]
 [ 0.09299325 -0.10842535 -0.1903248  -0.13594021  0.1111822 ]
 [ 0.23147654 -0.0603739   0.25042051  0.0078693  -0.11186618]
 [-0.17354845  0.01513561 -0.34111636 -0.11217309 -0.02436832]]
Matrix Pair 51; W = [[ 0.17457209  0.03700149  0.10779505 -0.07531044  0.02672044]
 [-0.11697649 -0.35354237  0.00806462  0.22844867 -0.17497028]
 [ 0.02691253 -0.01962533 -0.11081643  0.07387073 -0.05607268]
 [-0.02721435  0.18051831  0.13671226 -0.00938513 -0.01337995]
 [-0.04331078 -0.05791096 -0.25602481 -0.19214826 -0.06514159]]
U = [[ 0.18291571  0.1407597   0.29539768  0.2799716  -0.11396168]
 [-0.32265864 -0.13048525  0.04577683  0.09169278  0.22541889]
 [ 0.10079874 -0.17831022 -0.19861574 -0.16961899  0.1310651 ]
 [ 0.26008342 -0.03772425  0.28555636 -0.04901659 -0.13064195]
 [-0.10932417  0.03755383 -0.30829637 -0.04825343 -0.02015168]]
Matrix Pair 52; W = [[ 1.38477741e-01 -2.36046240e-04  6.05484991e-02 -1.57536971e-01
   1.00174326e-01]
 [-3.24571521e-02 -3.14827193e-01 -5.96486075e-02  2.32803843e-01
  -1.63426511e-01]
 [-1.92430899e-02 -6.43314071e-02 -6.81557542e-02  6.31717698e-02
  -3.73730566e-02]
 [-4.97177089e-02  1.59005496e-01  1.36395349e-01 -9.70129225e-03
  -4.10647898e-02]
 [-4.32322683e-02 -1.24979110e-01 -2.56838220e-01 -2.41331803e-01
   2.01470253e-02]]
U = [[ 0.16462516  0.16465805  0.29804204  0.2932234  -0.08488816]
 [-0.36081106 -0.11299655  0.08364713  0.10022847  0.19047556]
 [ 0.12658114 -0.18085513 -0.21749777 -0.15620405  0.11326006]
 [ 0.25413381 -0.02741826  0.24537185 -0.02415919 -0.14452931]
 [-0.09326026 -0.02739826 -0.31665642 -0.05842134 -0.10690749]]
Matrix Pair 53; W = [[ 0.16247228  0.03560557  0.09207103 -0.14427861  0.03752937]
 [-0.06819528 -0.35759367  0.01068108  0.26065379 -0.1695626 ]
 [-0.03304497 -0.01954598 -0.09868949  0.0905224  -0.04422952]
 [-0.01860296  0.11690165  0.11772545 -0.02982201 -0.03872155]
 [-0.13171439 -0.11307491 -0.1746219  -0.18093136 -0.01130067]]
U = [[ 0.20215526  0.13374138  0.33685188  0.31459996 -0.04433829]
 [-0.31147391 -0.07136579  0.06475509  0.04951608  0.22273209]
 [ 0.08665232 -0.10813854 -0.22318864 -0.15279663  0.16477175]
 [ 0.3016837  -0.07504991  0.28940436 -0.06794821 -0.11552555]
 [-0.17796624  0.00059728 -0.34115957 -0.03780506 -0.03836145]]
Matrix Pair 54; W = [[ 0.13919796  0.03302447  0.14371622 -0.06679855  0.06312445]
 [-0.03467941 -0.31730965 -0.02851158  0.25986913 -0.11359147]
 [-0.0116237  -0.07037347 -0.09710224  0.07129745 -0.06115002]
 [-0.01895443  0.19328957  0.15521198  0.00761329 -0.03153764]
 [-0.07732653 -0.10793532 -0.22011696 -0.24507276 -0.05577236]]
U = [[ 0.20268443  0.19261153  0.34173546  0.30182051 -0.05352426]
 [-0.37749579 -0.07003856  0.05007173  0.04883868  0.2663912 ]
 [ 0.06397127 -0.13468719 -0.23987793 -0.16966805  0.17402389]
 [ 0.26413527 -0.02217892  0.33064416  0.01448385 -0.13049192]
 [-0.17292914  0.00857779 -0.27897278 -0.09803593 -0.1106043 ]]
Matrix Pair 55; W = [[ 0.18626757  0.048436    0.10801853 -0.14136814  0.09448739]
 [-0.12889202 -0.35881503 -0.04031207  0.20087919 -0.11259893]
 [ 0.04520507  0.01268464 -0.08684854  0.02943499 -0.06518422]
 [ 0.02306363  0.11861504  0.09035311 -0.044708    0.01780292]
 [-0.07316167 -0.06175528 -0.25208502 -0.23501886 -0.06850071]]
U = [[ 2.31180879e-01  1.40790690e-01  3.52634717e-01  2.74679799e-01
  -6.35010248e-02]
 [-3.29745812e-01 -1.44224150e-01  8.40691016e-02  4.78726434e-02
   2.14299161e-01]
 [ 8.21865855e-02 -1.32865026e-01 -2.08503311e-01 -1.88906158e-01
   1.05049614e-01]
 [ 2.29879790e-01 -1.05972743e-01  3.23520801e-01  1.24242404e-04
  -7.41220425e-02]
 [-1.46895551e-01  6.26430484e-02 -3.47562621e-01 -8.27929645e-02
  -2.40424723e-02]]
Matrix Pair 56; W = [[ 0.16956332 -0.01752278  0.11039024 -0.08588328  0.0935446 ]
 [-0.09466134 -0.36745529 -0.02841264  0.24030722 -0.1105775 ]
 [-0.00839191  0.02444663 -0.07787926  0.10110401 -0.06240797]
 [-0.03604234  0.13706943  0.09122734  0.01637239  0.00334069]
 [-0.06607585 -0.06379577 -0.22720814 -0.25046682 -0.00558084]]
U = [[ 0.20425853  0.11869575  0.33448175  0.30274511 -0.07774969]
 [-0.37272485 -0.098618    0.08991546  0.13541694  0.24202625]
 [ 0.06280397 -0.19582747 -0.24601383 -0.10937279  0.18489173]
 [ 0.26683563 -0.05984406  0.33361528 -0.00600423 -0.06357826]
 [-0.10485952  0.00534136 -0.3320874  -0.07323353 -0.10245498]]
Matrix Pair 57; W = [[ 0.11827596  0.05499201  0.11442533 -0.0877499   0.03379584]
 [-0.11982456 -0.36119974 -0.08167926  0.23379947 -0.16965371]
 [ 0.02364465 -0.02888038 -0.12542986  0.08928691 -0.00277062]
 [-0.03969513  0.20497498  0.11920767 -0.04337196 -0.0105017 ]
 [-0.11033949 -0.03747735 -0.21588981 -0.16499372  0.00178344]]
U = [[ 0.21924668  0.16404075  0.3585981   0.34731591 -0.12495014]
 [-0.36613703 -0.07168644  0.08551697  0.10705169  0.21484957]
 [ 0.08386136 -0.11424218 -0.26349604 -0.11593779  0.13636482]
 [ 0.27149988 -0.05823816  0.29082392 -0.01088345 -0.13472225]
 [-0.14121424  0.01243272 -0.34150039 -0.03238584 -0.08143245]]
Matrix Pair 58; W = [[ 0.15282822  0.06186645  0.14820604 -0.10309656  0.10072543]
 [-0.04209067 -0.31620621 -0.07399231  0.26592755 -0.17681164]
 [-0.04670167 -0.07084167 -0.0484582   0.07721178  0.01239997]
 [-0.06586272  0.15685685  0.13794399 -0.06758914  0.00614203]
 [-0.08579517 -0.09219991 -0.26186846 -0.1956455  -0.00107752]]
U = [[ 0.1799752   0.11801015  0.31110966  0.32294751 -0.06265226]
 [-0.34911915 -0.08383159  0.05177751  0.14164452  0.2718548 ]
 [ 0.08032236 -0.13020867 -0.21068948 -0.16993681  0.14007849]
 [ 0.26244185 -0.0555516   0.28384043  0.0157386  -0.12293916]
 [-0.16071113  0.05402985 -0.25881399 -0.02972521 -0.07562485]]
Matrix Pair 59; W = [[ 0.16055115  0.02685158  0.08814687 -0.09731874  0.1127253 ]
 [-0.03430589 -0.32349947 -0.01253073  0.26775443 -0.10966154]
 [ 0.0043365  -0.04817515 -0.06921379  0.03229513 -0.05235809]
 [ 0.01192301  0.13024549  0.17678247 -0.00107498 -0.03816235]
 [-0.12608545 -0.04883205 -0.21602066 -0.18539973 -0.0553197 ]]
U = [[ 0.2045328   0.12723655  0.28163109  0.28753146 -0.05058173]
 [-0.31752764 -0.11191425  0.05716761  0.11035322  0.24645239]
 [ 0.0963089  -0.15366835 -0.22583407 -0.16029218  0.1593297 ]
 [ 0.31754831 -0.02904971  0.29571341 -0.00845623 -0.10768027]
 [-0.09035316 -0.02905722 -0.27360384 -0.08428304 -0.0222697 ]]
Matrix Pair 60; W = [[ 0.19893548 -0.01509624  0.06604671 -0.15747111  0.11815615]
 [-0.11907496 -0.36350807 -0.06558832  0.19623622 -0.11067282]
 [-0.01244892 -0.03700566 -0.06228899  0.06466843 -0.05804993]
 [-0.07573193  0.14901428  0.16861225  0.00045593 -0.03307723]
 [-0.10064097 -0.1049016  -0.26304674 -0.25452381 -0.06015121]]
U = [[ 0.15651597  0.10680879  0.3242481   0.30084316 -0.09646855]
 [-0.32681928 -0.07308682  0.13573095  0.06954334  0.25981081]
 [ 0.14538564 -0.18730352 -0.25573309 -0.17730042  0.14266813]
 [ 0.26441434 -0.07626452  0.26558939 -0.03353093 -0.08139214]
 [-0.14436078  0.04111672 -0.35185418 -0.06062498 -0.09605965]]
Matrix Pair 61; W = [[ 1.13450449e-01 -1.22951395e-03  9.07817907e-02 -9.54459434e-02
   9.37639586e-02]
 [-1.13595008e-01 -3.54324895e-01 -1.22917065e-04  1.88892977e-01
  -1.47881344e-01]
 [-6.96229939e-03  1.12632726e-02 -7.84601425e-02  8.40052860e-02
  -7.42929339e-02]
 [ 3.09043520e-03  2.04146097e-01  1.80497591e-01 -3.68949131e-02
  -1.55960654e-02]
 [-6.14807706e-02 -8.95264180e-02 -2.38478389e-01 -1.82035831e-01
  -5.30173972e-03]]
U = [[ 0.23556322  0.15494585  0.33195847  0.35447416 -0.08989323]
 [-0.3248689  -0.15266415  0.04430776  0.07471284  0.25095251]
 [ 0.14731355 -0.19471124 -0.25602286 -0.1421462   0.18892213]
 [ 0.30460658 -0.03155562  0.26888438 -0.05885421 -0.13952961]
 [-0.16519203 -0.01561634 -0.2596965  -0.06220411 -0.02759992]]
Matrix Pair 62; W = [[ 0.13016008 -0.01392757  0.1140854  -0.09720456  0.04120877]
 [-0.06708358 -0.27960072 -0.05439866  0.27433697 -0.09904742]
 [-0.03363377 -0.01103909 -0.09703324  0.05388387 -0.02063995]
 [ 0.01599342  0.17370604  0.17398555  0.00084629  0.03556029]
 [-0.10070907 -0.11073726 -0.19471807 -0.242167   -0.05390371]]
U = [[ 0.24483278  0.12437883  0.34600358  0.31270241 -0.05095006]
 [-0.33180987 -0.0900997   0.10968544  0.06093253  0.19821005]
 [ 0.1212139  -0.12709932 -0.18183857 -0.13025217  0.15265148]
 [ 0.26440004 -0.06510379  0.25172583  0.00756794 -0.12030696]
 [-0.16959087 -0.02070604 -0.30672004 -0.05057543 -0.09805373]]
Matrix Pair 63; W = [[ 0.17001766  0.02543744  0.10211894 -0.07625841  0.11545962]
 [-0.07186132 -0.36173851 -0.07845163  0.26288288 -0.10560943]
 [-0.00253912 -0.00634021 -0.10417863  0.07931953 -0.02687218]
 [-0.05120121  0.16756427  0.09726075  0.02192326  0.02424398]
 [-0.12261627 -0.10347719 -0.17749232 -0.22988036 -0.0100132 ]]
U = [[ 0.2303936   0.19534093  0.29371995  0.29200664 -0.07205244]
 [-0.34949883 -0.12891893  0.10164847  0.07009681  0.22490765]
 [ 0.15522982 -0.17949521 -0.24779444 -0.15293889  0.11090488]
 [ 0.31136277 -0.09775178  0.32790028 -0.02747233 -0.09100261]
 [-0.16039103  0.00485239 -0.31018555 -0.09343026 -0.11008106]]
Matrix Pair 64; W = [[ 0.2488353   0.02699868  0.13654642 -0.15752613  0.03579027]
 [-0.09988185 -0.29570424 -0.05238105  0.24835401 -0.13412008]
 [-0.09346217  0.01208018 -0.12559872  0.06604104 -0.08073035]
 [ 0.05470641  0.08997406  0.08101821 -0.02735453  0.02471387]
 [-0.0075208  -0.1866109  -0.21105744 -0.12546962  0.03745525]]
U = [[ 0.14349096  0.15679975  0.21687866  0.34617138  0.0193639 ]
 [-0.3182065  -0.1470031   0.1049594   0.07149796  0.19869752]
 [ 0.01451455 -0.17349081 -0.26598893 -0.11922393  0.23687264]
 [ 0.30663398 -0.02328407  0.18618211 -0.05554502 -0.16775845]
 [-0.12911254  0.07690247 -0.28460897  0.02204017 -0.03992618]]
Matrix Pair 65; W = [[ 0.28478757 -0.01110811  0.0992696  -0.23635157 -0.00356767]
 [-0.14795099 -0.38519718 -0.11265423  0.28480258 -0.08432811]
 [-0.05306049  0.01744226 -0.10256732  0.07971002 -0.07910324]
 [ 0.01188512  0.11018455  0.07173077 -0.04164292 -0.00859063]
 [ 0.00264166 -0.13524284 -0.22898537 -0.07383929  0.03052961]]
U = [[ 0.1484458   0.17229201  0.22810589  0.3597208  -0.05170101]
 [-0.28359041 -0.07229355  0.13198833  0.08060149  0.14541918]
 [ 0.06159559 -0.11481132 -0.2517552  -0.15774647  0.26954579]
 [ 0.23186938 -0.05794436  0.25648727 -0.06287805 -0.13431536]
 [-0.13066354  0.10526587 -0.33559632 -0.02667499 -0.03593952]]
Matrix Pair 66; W = [[ 0.27507966  0.00885014  0.15490145 -0.22068951  0.05875437]
 [-0.12153556 -0.31302586 -0.14061928  0.22600729 -0.10838494]
 [-0.03699566  0.00859696 -0.07494571  0.05718283 -0.09785691]
 [ 0.00559691  0.10277929  0.07570754 -0.01136258 -0.02576686]
 [-0.07793041 -0.16498379 -0.24912705 -0.16613377  0.04727162]]
U = [[ 0.17981898  0.16061445  0.23024743  0.33559129 -0.04466181]
 [-0.28887709 -0.1538765   0.07995224  0.08651372  0.15197354]
 [ 0.03122903 -0.12854918 -0.25053121 -0.16273635  0.20435752]
 [ 0.32298552 -0.07672049  0.24466928 -0.10332964 -0.15866654]
 [-0.08975221  0.00664004 -0.27707644 -0.00155083 -0.04339903]]
Matrix Pair 67; W = [[ 0.29761267 -0.01997623  0.16816877 -0.17864032  0.01918872]
 [-0.17527427 -0.35261374 -0.13180036  0.26915583 -0.15883821]
 [-0.07766295 -0.03943271 -0.07799567  0.1009705  -0.01965107]
 [-0.01482455  0.04656783  0.13298615 -0.03114185  0.00824925]
 [-0.03763087 -0.10800888 -0.24319721 -0.1148495   0.00252825]]
U = [[ 0.20370581  0.17820172  0.30472806  0.32351619 -0.0087464 ]
 [-0.30690851 -0.08885837  0.06121739  0.14927217  0.17749414]
 [ 0.06093847 -0.1176154  -0.21538027 -0.10712744  0.25129056]
 [ 0.26168683 -0.03685569  0.22859201 -0.08923079 -0.12958262]
 [-0.09165231  0.02593775 -0.32226936  0.01893913  0.02191949]]
Matrix Pair 68; W = [[ 0.21127707  0.02285143  0.15547421 -0.15429489  0.06307837]
 [-0.17172285 -0.29800095 -0.12638668  0.25742532 -0.15776573]
 [-0.05559604  0.00823026 -0.04587224  0.11818933 -0.03275796]
 [ 0.01795076  0.0649666   0.06960377 -0.0178003  -0.00331246]
 [-0.01991239 -0.16685782 -0.22636901 -0.1422154   0.00651813]]
U = [[ 0.18187717  0.16617256  0.22101612  0.29887421  0.02772515]
 [-0.32094626 -0.14459871  0.12157075  0.11014443  0.12965668]
 [ 0.00543315 -0.13415394 -0.27465825 -0.10796022  0.21263477]
 [ 0.28541942 -0.06456517  0.24594344 -0.03782327 -0.09995229]
 [-0.12522771  0.06597016 -0.30700272  0.0182472   0.00099898]]
Matrix Pair 69; W = [[ 0.25459375 -0.02281218  0.15412892 -0.20951453  0.0428532 ]
 [-0.18657174 -0.33783184 -0.04302295  0.25572911 -0.11664748]
 [-0.08496173 -0.02233193 -0.10842064  0.07848583 -0.08444099]
 [-0.02714677  0.05919583  0.1124612  -0.06292587 -0.03399861]
 [-0.00968629 -0.1399013  -0.17565814 -0.10637308  0.06333848]]
U = [[ 0.13149545  0.19411196  0.29867986  0.36122102  0.02596515]
 [-0.34638391 -0.10250395  0.06614665  0.09202938  0.19944349]
 [ 0.04477914 -0.12084157 -0.18451552 -0.15543063  0.1864524 ]
 [ 0.24137168 -0.02948913  0.17108903 -0.09256662 -0.15815609]
 [-0.13016108  0.05158606 -0.33067289 -0.05908033  0.0087048 ]]
Matrix Pair 70; W = [[ 0.20960882 -0.01006906  0.18822413 -0.17339665 -0.00111002]
 [-0.15982255 -0.30089927 -0.10961867  0.22984209 -0.10488428]
 [-0.05460815  0.01475927 -0.04791911  0.11172235 -0.07820412]
 [-0.02038718  0.06720105  0.05484762 -0.08232657 -0.03362861]
 [-0.04569241 -0.13095232 -0.18625855 -0.11193505  0.04343968]]
U = [[ 0.13267547  0.17752887  0.22135085  0.35290512 -0.03037277]
 [-0.27576812 -0.14471163  0.06292433  0.09148277  0.1903085 ]
 [ 0.0533881  -0.12272983 -0.21015656 -0.10087496  0.21015051]
 [ 0.23838412 -0.02474993  0.18625078 -0.06061862 -0.19353318]
 [-0.05813121  0.09767072 -0.33172518 -0.03251825 -0.0044695 ]]
Matrix Pair 71; W = [[ 0.21711852 -0.04530342  0.19296254 -0.16299488  0.03736502]
 [-0.19442421 -0.36738098 -0.13328464  0.32131454 -0.07180217]
 [-0.05612503 -0.02914316 -0.07369948  0.10897707 -0.08675686]
 [-0.00728449  0.0473959   0.09768091  0.00412721 -0.02765831]
 [-0.03171564 -0.17267386 -0.23238781 -0.11715384  0.05829943]]
U = [[ 0.12656134  0.19625046  0.24638108  0.35293628 -0.04421801]
 [-0.33511833 -0.11980985  0.10916847  0.08293823  0.14148563]
 [ 0.0872196  -0.14433551 -0.27126407 -0.17121155  0.21320491]
 [ 0.26078322 -0.00652545  0.25832071 -0.06013084 -0.10652187]
 [-0.0499575   0.09312371 -0.34574326 -0.04661283 -0.01929421]]
Matrix Pair 72; W = [[ 0.23931577 -0.04035548  0.12303899 -0.20220575  0.04770965]
 [-0.19032162 -0.37296426 -0.05324073  0.32530414 -0.1463391 ]
 [-0.02454632  0.02796509 -0.10267899  0.08588981 -0.02603826]
 [ 0.03196619  0.07548131  0.04400841 -0.06041147 -0.03367964]
 [-0.02354461 -0.10077523 -0.22978837 -0.10150953  0.06481711]]
U = [[ 0.19181012  0.12473669  0.23722963  0.34579116  0.01555158]
 [-0.3640481  -0.14163473  0.06336103  0.09699864  0.16426765]
 [ 0.0863208  -0.15875907 -0.25144864 -0.18489475  0.19925696]
 [ 0.22932321 -0.00915066  0.20464494 -0.03573147 -0.10339923]
 [-0.08670124  0.08717513 -0.34063496 -0.05812893  0.0020473 ]]
Matrix Pair 73; W = [[ 0.20266646  0.00438668  0.16339581 -0.14679189  0.07436846]
 [-0.14575537 -0.35389018 -0.10774121  0.24792365 -0.10734008]
 [-0.0221918  -0.04055888 -0.10187731  0.07510312 -0.09529456]
 [-0.01144727  0.06141029  0.06431329 -0.02172647 -0.02249489]
 [-0.03356255 -0.14262613 -0.244917   -0.09235145  0.04835996]]
U = [[ 0.15769066  0.18575501  0.25767857  0.35819498 -0.00323477]
 [-0.34904693 -0.07435254  0.04259739  0.07091014  0.13624508]
 [ 0.06938781 -0.08618731 -0.26326887 -0.11364067  0.27234004]
 [ 0.29536917 -0.01402382  0.22071882 -0.03688594 -0.15960831]
 [-0.08510299  0.056384   -0.29667885 -0.06765788 -0.05436417]]
Matrix Pair 74; W = [[ 0.29031049  0.0255304   0.1548871  -0.20703321  0.02767315]
 [-0.12283255 -0.34350147 -0.10507836  0.26777986 -0.1472677 ]
 [-0.02415631 -0.03044359 -0.05924839  0.11933146 -0.06844187]
 [ 0.0458384   0.03093682  0.09569734 -0.07379107  0.02194428]
 [-0.03788363 -0.1294677  -0.19176941 -0.12716562  0.04417357]]
U = [[ 0.14464982  0.14024484  0.28208344  0.33186368  0.00085917]
 [-0.2765864  -0.10397833  0.05933661  0.0882732   0.19511051]
 [ 0.03833417 -0.17219521 -0.19667656 -0.16821591  0.21051465]
 [ 0.28490481 -0.05334606  0.22102339 -0.01551056 -0.14158864]
 [-0.07970023  0.06300299 -0.30076591 -0.01628995 -0.01004948]]
Matrix Pair 75; W = [[ 0.29710897 -0.03285289  0.09731757 -0.20554359  0.05965277]
 [-0.12262256 -0.37670602 -0.11110878  0.29581881 -0.09545721]
 [-0.07817778 -0.00321638 -0.07474764  0.11610307 -0.0868335 ]
 [ 0.04432483  0.1106584   0.06821446 -0.06721503  0.04702257]
 [ 0.01175645 -0.09291479 -0.24639332 -0.14361205  0.00649959]]
U = [[ 0.17120672  0.20333926  0.23387658  0.33681209  0.01540893]
 [-0.340635   -0.14063354  0.13762485  0.07630361  0.16479135]
 [ 0.06326448 -0.13671836 -0.25409327 -0.16546705  0.19517625]
 [ 0.31228281 -0.02891058  0.18771983 -0.042299   -0.1365591 ]
 [-0.04431598  0.06084192 -0.33172667 -0.03595681 -0.0693336 ]]
Matrix Pair 76; W = [[ 0.21314091  0.04072557  0.15523342 -0.16876381 -0.012198  ]
 [-0.14134595 -0.32239408 -0.05484794  0.31870286 -0.09256651]
 [-0.10257366  0.02836929 -0.12185327  0.10521674 -0.08528614]
 [-0.01660042  0.04885453  0.10448469 -0.06720126 -0.00775498]
 [-0.00997802 -0.134498   -0.18236073 -0.15194705  0.01439779]]
U = [[ 0.14311593  0.20500486  0.25845404  0.39082403  0.03478708]
 [-0.27719036 -0.14877491  0.10392465  0.10294859  0.14267626]
 [ 0.03335683 -0.11842247 -0.27334532 -0.11307111  0.22054897]
 [ 0.28454268 -0.09201867  0.17940276 -0.0133731  -0.13346237]
 [-0.12894843  0.03586432 -0.35243392  0.00362227 -0.050886  ]]
Matrix Pair 77; W = [[ 0.21488006  0.02926763  0.18938636 -0.17993691 -0.00412698]
 [-0.16311486 -0.3728069  -0.12824748  0.23809502 -0.09351559]
 [-0.07370717  0.00084713 -0.07111003  0.11287799 -0.09700133]
 [-0.02797242  0.04819331  0.11985538 -0.03787867  0.04011083]
 [-0.01453987 -0.09294186 -0.1792665  -0.09252073  0.03644083]]
U = [[ 0.18688602  0.16060912  0.2862039   0.3705573   0.03845577]
 [-0.35510506 -0.06961864  0.09671753  0.11309378  0.14305814]
 [ 0.0523424  -0.12946276 -0.2172858  -0.12792577  0.22210898]
 [ 0.29947707 -0.0236177   0.24108344 -0.06112156 -0.14267392]
 [-0.13867135  0.06769831 -0.30582107 -0.04578653 -0.01864476]]
Matrix Pair 78; W = [[ 0.24851587 -0.00598013  0.12586564 -0.21102657  0.00856666]
 [-0.10876207 -0.38743061 -0.12025958  0.2396948  -0.097201  ]
 [-0.05416604 -0.00199098 -0.0387269   0.13988086 -0.08841409]
 [ 0.02698814  0.10232272  0.09303458 -0.06671602 -0.04390371]
 [-0.04987534 -0.13999105 -0.16878022 -0.17140339  0.07453238]]
U = [[ 0.17449756  0.21454739  0.24785084  0.32870748  0.04002733]
 [-0.36466049 -0.11199135  0.09038296  0.14616665  0.19802648]
 [ 0.08435348 -0.08838818 -0.18209069 -0.10305696  0.26815684]
 [ 0.23465622 -0.05071256  0.19716467 -0.06550374 -0.16563709]
 [-0.12926324  0.08367791 -0.30405305 -0.03000539 -0.00204894]]
Matrix Pair 79; W = [[ 0.26748688  0.00385162  0.10212482 -0.15573397  0.03626544]
 [-0.17060992 -0.33827218 -0.13998208  0.26415809 -0.12886683]
 [-0.02862128 -0.00821528 -0.11140221  0.12429301 -0.0860248 ]
 [-0.01458655  0.09099163  0.12602225 -0.00133838  0.04556263]
 [-0.01692421 -0.13536362 -0.16831818 -0.16308406  0.00871026]]
U = [[ 0.13735599  0.16542479  0.23414761  0.32517471  0.00829221]
 [-0.3677655  -0.08647365  0.08929803  0.07122941  0.20532153]
 [ 0.06319139 -0.1624661  -0.2490363  -0.15023265  0.23671603]
 [ 0.28521644 -0.06788009  0.17603747 -0.05994525 -0.18549464]
 [-0.08403672  0.09617243 -0.32677394 -0.05901385 -0.06057377]]
Matrix Pair 80; W = [[ 0.1635972  -0.07986947  0.08292575 -0.05866863  0.14720628]
 [-0.13838582 -0.325699   -0.04088074  0.32403202 -0.15155276]
 [-0.04550002  0.00749802 -0.14801389  0.06080808 -0.01792932]
 [-0.04370478  0.03592911  0.11984414 -0.0701561  -0.04155576]
 [-0.08403321 -0.0506365  -0.25614466 -0.14586858 -0.02516124]]
U = [[ 0.1311384   0.13724653  0.3343958   0.35994757 -0.11430773]
 [-0.37174017 -0.0801006   0.06743733  0.06724181  0.18412807]
 [ 0.10081877 -0.13146225 -0.2175199  -0.1333095   0.15126446]
 [ 0.33204798 -0.02286622  0.31083516  0.04472915 -0.17978725]
 [-0.13377494  0.00089058 -0.29526387 -0.05133288  0.05249039]]
Matrix Pair 81; W = [[ 0.13752769 -0.08843893  0.09273838 -0.1297015   0.07758932]
 [-0.14135576 -0.36181442 -0.0407662   0.28103971 -0.12695748]
 [-0.11628339 -0.00575475 -0.15313443  0.04304532 -0.05976839]
 [-0.09842929  0.06843146  0.17317503 -0.09035741 -0.07045339]
 [-0.09459441 -0.08315948 -0.26269723 -0.17051249  0.02523457]]
U = [[ 0.14118337  0.1647523   0.26286267  0.33825813 -0.12836014]
 [-0.3560549  -0.03952171  0.11172402  0.15564093  0.1674708 ]
 [ 0.05471595 -0.13327941 -0.23278481 -0.12505318  0.06349645]
 [ 0.35228065 -0.00833006  0.27840758 -0.02904579 -0.12521306]
 [-0.11147879  0.03101478 -0.25852024 -0.09065957 -0.0210666 ]]
Matrix Pair 82; W = [[ 0.17052981 -0.09265665  0.15339871 -0.04598923  0.07510554]
 [-0.10672646 -0.36786813 -0.09299846  0.29724407 -0.10339964]
 [-0.0667155  -0.07085701 -0.12536698  0.00604266 -0.03735791]
 [-0.03797409  0.10429669  0.12857005 -0.08486906 -0.03788781]
 [-0.11975155 -0.12201638 -0.22406545 -0.16452133 -0.00334175]]
U = [[ 0.1659368   0.10702142  0.29817449  0.38322464 -0.11650697]
 [-0.3841267  -0.03219962  0.13097117  0.13818801  0.15497595]
 [ 0.00969507 -0.10747649 -0.15312149 -0.12912815  0.078709  ]
 [ 0.3034165   0.00343399  0.31764574 -0.02877164 -0.15839904]
 [-0.19009765  0.02229636 -0.28415178 -0.1151776  -0.02462911]]
Matrix Pair 83; W = [[ 0.12658633 -0.0192628   0.15869208 -0.11493775  0.12747009]
 [-0.08748792 -0.35330114 -0.03450998  0.31880084 -0.18038709]
 [-0.10287217 -0.0777982  -0.08220754  0.07000465 -0.04620799]
 [-0.05065782  0.03917792  0.16780731 -0.08830806 -0.09724861]
 [-0.08981553 -0.07095197 -0.252561   -0.16276236 -0.00076667]]
U = [[ 0.16776343  0.1245273   0.26498831  0.32444246 -0.06873788]
 [-0.33385665 -0.03198979  0.13808821  0.07555525  0.23999583]
 [ 0.1065078  -0.12712156 -0.20987524 -0.1748038   0.09568622]
 [ 0.34674463 -0.02443481  0.32894583  0.04384026 -0.13859651]
 [-0.14998031  0.09178744 -0.26647656 -0.06963621  0.0111341 ]]
Matrix Pair 84; W = [[ 0.20917703 -0.00280054  0.13075576 -0.12725272  0.05857483]
 [-0.09850995 -0.36300647 -0.08722277  0.32279595 -0.10975442]
 [-0.12032164 -0.08079006 -0.08609849  0.06636606  0.00188552]
 [-0.09336918  0.12474954  0.18270893 -0.09427618 -0.11814981]
 [-0.11321163 -0.10439289 -0.26082239 -0.10566881 -0.01103142]]
U = [[ 0.18725132  0.1435973   0.26036141  0.31211426 -0.1052823 ]
 [-0.34349485 -0.07484427  0.13809986  0.16134823  0.184087  ]
 [ 0.08832384 -0.13318798 -0.16880896 -0.12225941  0.13382675]
 [ 0.29128515  0.01563172  0.25224108 -0.0195673  -0.17176322]
 [-0.17365118  0.06468576 -0.26088056 -0.12159546 -0.02577241]]
Matrix Pair 85; W = [[ 0.21264152 -0.09135396  0.13908986 -0.09240173  0.12495888]
 [-0.11009741 -0.29791305 -0.1023258   0.32910434 -0.10263996]
 [-0.06116208  0.00337161 -0.13515868  0.09430068  0.01179802]
 [-0.0168169   0.06864514  0.16326224 -0.08445382 -0.0513108 ]
 [-0.12108568 -0.05400011 -0.23215265 -0.17262028 -0.07041152]]
U = [[ 0.16665517  0.11223657  0.25883907  0.34488852 -0.10125717]
 [-0.36003737 -0.05390054  0.08499839  0.11093619  0.18716182]
 [ 0.08916893 -0.13427711 -0.21901294 -0.16382636  0.08978565]
 [ 0.30849839  0.00184193  0.23517651 -0.0416655  -0.12727425]
 [-0.17132372  0.00071164 -0.34604614 -0.1304248   0.02833264]]
Matrix Pair 86; W = [[ 0.22115824 -0.06778749  0.16983979 -0.06034065  0.09200981]
 [-0.05569477 -0.34405731 -0.05172921  0.26143321 -0.13284245]
 [-0.11065311 -0.01121103 -0.14130522  0.08426594 -0.06500821]
 [-0.09101173  0.04008894  0.10944505 -0.01384471 -0.02513757]
 [-0.14432906 -0.13899887 -0.18580934 -0.16252316  0.01702214]]
U = [[ 0.15592139  0.19385072  0.30691142  0.39560286 -0.12981369]
 [-0.34288707 -0.02089043  0.09069124  0.07060716  0.20460135]
 [ 0.06994125 -0.08495105 -0.19369987 -0.18360465  0.07699488]
 [ 0.30368658 -0.01884822  0.31114919  0.0523954  -0.1667724 ]
 [-0.1142324   0.02263654 -0.33819288 -0.08112688  0.05114324]]
Matrix Pair 87; W = [[ 0.15813071 -0.03068494  0.12476639 -0.09755351  0.11000313]
 [-0.09195727 -0.27406912 -0.06635083  0.28307227 -0.14426843]
 [-0.11370984 -0.05235789 -0.11319421  0.08795366 -0.0662154 ]
 [-0.08323793  0.05000561  0.1220673  -0.09595983 -0.11990866]
 [-0.10210355 -0.09962845 -0.19489904 -0.14761714 -0.00570957]]
U = [[ 0.13408269  0.11172242  0.33611204  0.36756846 -0.10114799]
 [-0.40654971 -0.07523938  0.13789327  0.10754557  0.22011142]
 [ 0.03686389 -0.09887396 -0.22130245 -0.13266907  0.13584934]
 [ 0.28851474 -0.06626519  0.26893644  0.05540187 -0.12698387]
 [-0.13188021  0.02622004 -0.29547179 -0.07065923 -0.03813107]]
Matrix Pair 88; W = [[ 0.20411328 -0.00684312  0.11973771 -0.05319812  0.09931876]
 [-0.07653583 -0.33293322 -0.04302841  0.32615561 -0.08834229]
 [-0.0856819  -0.04471626 -0.10391449  0.0953348   0.00539399]
 [-0.07005003  0.10336031  0.11066587 -0.04012545 -0.09674041]
 [-0.15366248 -0.1404776  -0.26876439 -0.15311008 -0.03895719]]
U = [[ 0.17093276  0.16113747  0.26428236  0.36005785 -0.10116274]
 [-0.42200471 -0.0846191   0.08272694  0.09671015  0.22737765]
 [ 0.08169877 -0.12333745 -0.1752002  -0.11819812  0.14779848]
 [ 0.29823426  0.01587767  0.28134509  0.01140986 -0.16645285]
 [-0.15557648  0.09551417 -0.26695799 -0.06561765 -0.01226728]]
Matrix Pair 89; W = [[ 0.15006443 -0.09123586  0.15647534 -0.11811401  0.12612723]
 [-0.0919915  -0.30800434 -0.06808042  0.26079374 -0.15442554]
 [-0.13049316 -0.02606854 -0.11812322  0.08148623 -0.04483232]
 [-0.09476696  0.04204274  0.13473479 -0.07295993 -0.03340453]
 [-0.12573799 -0.0895884  -0.18579057 -0.13768332 -0.04313944]]
U = [[ 0.1094496   0.12049415  0.28805581  0.33255959 -0.10220199]
 [-0.397309   -0.11140461  0.08882026  0.11660402  0.2291608 ]
 [ 0.0958326  -0.04023935 -0.19159242 -0.14647488  0.07301803]
 [ 0.30009565 -0.00176281  0.30033216  0.02647925 -0.18288476]
 [-0.19354834  0.03250648 -0.32315662 -0.05303505  0.03825498]]
Matrix Pair 90; W = [[ 0.20635606 -0.05038645  0.16816366 -0.10693953  0.05010966]
 [-0.13484413 -0.37273946 -0.03688219  0.30043292 -0.12856076]
 [-0.13089147 -0.00813821 -0.10227649  0.08000199 -0.01801262]
 [-0.08386609  0.08853707  0.15050694 -0.03754136 -0.09395434]
 [-0.08649626 -0.09144568 -0.21466361 -0.16656477 -0.0086887 ]]
U = [[ 0.12491309  0.13573618  0.26646683  0.32669505 -0.09560931]
 [-0.36562764 -0.1142545   0.08690235  0.08179944  0.22458235]
 [ 0.09667376 -0.06327357 -0.15215544 -0.17125651  0.11481182]
 [ 0.32895941 -0.03516413  0.26736427  0.01034915 -0.11083836]
 [-0.18323282  0.02427312 -0.25847296 -0.13017924  0.00614028]]
Matrix Pair 91; W = [[ 0.12710518 -0.08697587  0.12127195 -0.07641651  0.13885623]
 [-0.08008138 -0.35546969 -0.09289789  0.25999698 -0.09508882]
 [-0.10461272 -0.00225063 -0.07811708  0.02204307  0.01088496]
 [-0.08781041  0.06544587  0.09479009 -0.04788274 -0.10775575]
 [-0.14842821 -0.10348669 -0.2407244  -0.14968456  0.01778632]]
U = [[ 0.16901096  0.13609665  0.28291995  0.31387897 -0.0504417 ]
 [-0.34100131 -0.03268623  0.0984713   0.12858333  0.15195796]
 [ 0.08565574 -0.05921589 -0.20309259 -0.17626403  0.05488612]
 [ 0.2958412   0.02158318  0.28197642  0.03883037 -0.12742031]
 [-0.1228654   0.03012462 -0.28570015 -0.05391911 -0.01658506]]
Matrix Pair 92; W = [[ 1.91102497e-01  1.67360385e-04  1.65444333e-01 -9.63276883e-02
   5.14222775e-02]
 [-8.36677188e-02 -2.99381457e-01 -4.65493079e-02  3.26063942e-01
  -1.38447795e-01]
 [-8.71463469e-02 -7.72255317e-02 -1.19052656e-01  6.02178797e-02
  -7.47042100e-03]
 [-1.94474221e-02  1.29600713e-01  1.44392589e-01 -2.52021807e-02
  -6.99612737e-02]
 [-8.62003807e-02 -9.33008318e-02 -2.37899699e-01 -7.99609276e-02
  -3.82063427e-02]]
U = [[ 0.187877    0.12879076  0.30560593  0.36249374 -0.1050315 ]
 [-0.41213778 -0.08693635  0.16416087  0.15124612  0.15585453]
 [ 0.09072269 -0.03894782 -0.20341897 -0.18306014  0.10173623]
 [ 0.2693357   0.00826321  0.29378998 -0.04026238 -0.1205419 ]
 [-0.1431607   0.08101674 -0.29014203 -0.05828567 -0.02654791]]
Matrix Pair 93; W = [[ 0.15135639 -0.07779424  0.0966064  -0.06361383  0.06498874]
 [-0.14217774 -0.31146778 -0.04461887  0.26318977 -0.13963605]
 [-0.04191598 -0.03373818 -0.14095224  0.02689485  0.00745779]
 [-0.06857179  0.07080994  0.09431909 -0.09115044 -0.04514138]
 [-0.10006385 -0.06810461 -0.24531404 -0.14589343  0.00497912]]
U = [[ 0.1215005   0.19139375  0.31729985  0.31606426 -0.0670102 ]
 [-0.37202703 -0.08695047  0.09009214  0.10028811  0.15926654]
 [ 0.01920364 -0.07319798 -0.14880184 -0.17474516  0.14101595]
 [ 0.30117775 -0.05114819  0.24343136 -0.02990906 -0.13790494]
 [-0.10274345  0.05213586 -0.33761829 -0.05461413 -0.00699186]]
Matrix Pair 94; W = [[ 0.19931657 -0.01205794  0.10765892 -0.0934568   0.07452339]
 [-0.12956976 -0.32031089 -0.11527662  0.3103265  -0.16208985]
 [-0.123872   -0.0294254  -0.14945251  0.0098796  -0.04535642]
 [-0.10559849  0.09358278  0.17478609 -0.0320101  -0.1127054 ]
 [-0.08695051 -0.09950883 -0.21455156 -0.095578   -0.0161051 ]]
U = [[ 0.17069059  0.19326521  0.31809707  0.38865669 -0.12736509]
 [-0.39380742 -0.07398307  0.13542484  0.08232895  0.14566636]
 [ 0.09398889 -0.08825706 -0.22904701 -0.17730755  0.1411564 ]
 [ 0.35911879 -0.01124258  0.28963036  0.00838023 -0.1166455 ]
 [-0.1593155   0.02542411 -0.27602935 -0.10557412 -0.03372126]]
Matrix Pair 95; W = [[ 0.2100268  -0.07927124  0.10778479 -0.11313829  0.11919739]
 [-0.09062669 -0.36241328 -0.05565096  0.24292744 -0.11849832]
 [-0.0788218  -0.07391758 -0.14416418  0.01475721  0.01125439]
 [-0.06680387  0.09008545  0.12126973 -0.07965597 -0.0537011 ]
 [-0.15391111 -0.14216684 -0.22724274 -0.17449154 -0.05088558]]
U = [[ 0.20099723  0.11035567  0.33235434  0.38448499 -0.07169768]
 [-0.34487226 -0.09782155  0.06612392  0.09706796  0.18216928]
 [ 0.06953101 -0.07350311 -0.1836192  -0.14684563  0.10862096]
 [ 0.31054484 -0.0445079   0.24335564 -0.03068542 -0.13031556]
 [-0.11811834  0.03918324 -0.29925957 -0.08646319 -0.03544843]]
Matrix Pair 96; W = [[ 0.243262   -0.07453389  0.1837507  -0.1837765   0.09544879]
 [-0.17909474 -0.32115388 -0.04394864  0.28759278 -0.08923811]
 [-0.12325112 -0.03849484 -0.05013279  0.06965452 -0.01503581]
 [-0.0241163   0.05967929  0.13707943 -0.03181034 -0.01081306]
 [-0.02267197 -0.15641993 -0.30288077 -0.11888654  0.00934413]]
U = [[ 0.21373674  0.08816889  0.26088722  0.30273539 -0.06022535]
 [-0.29110659 -0.18483519  0.09222836  0.10908839  0.13895795]
 [ 0.04269762 -0.18403983 -0.16449559 -0.1410577   0.22623766]
 [ 0.29922635  0.00879382  0.23360462 -0.10527098 -0.10857274]
 [-0.14262403 -0.00241556 -0.25395076 -0.01994657 -0.08120213]]
Matrix Pair 97; W = [[ 0.24923238 -0.0078402   0.14543605 -0.20072983  0.1382019 ]
 [-0.16183001 -0.33220578 -0.07114831  0.20766394 -0.1301324 ]
 [-0.05021125  0.02231095 -0.0311154   0.11759269  0.06358732]
 [-0.0115462   0.1012885   0.05432684 -0.01116203 -0.06936933]
 [-0.07216785 -0.17277364 -0.31602894 -0.10498012 -0.06587639]]
U = [[ 0.21526667  0.14526981  0.21831576  0.34895214 -0.03032414]
 [-0.28483937 -0.13132755  0.03107867  0.05364783  0.10057921]
 [ 0.10766266 -0.11808971 -0.24059381 -0.14404803  0.15876934]
 [ 0.27685183 -0.0724378   0.25379712 -0.04199379 -0.07193019]
 [-0.17058759 -0.07863146 -0.23826129 -0.0113067  -0.05651113]]
Matrix Pair 98; W = [[ 0.26464584  0.01902162  0.16395473 -0.16351699  0.121789  ]
 [-0.2101404  -0.31708155 -0.06247041  0.23389667 -0.05070693]
 [-0.09368235 -0.02916679 -0.05984174  0.11623854  0.05869314]
 [-0.01848339  0.05326119  0.13783484 -0.01215651 -0.07040267]
 [-0.0733586  -0.13426683 -0.24858564 -0.12792661 -0.0445202 ]]
U = [[ 0.14945931  0.07139582  0.26184193  0.33856247 -0.00386635]
 [-0.29123921 -0.10494762  0.06424836  0.05417583  0.12047374]
 [ 0.05863325 -0.12471945 -0.19997495 -0.09969534  0.22959349]
 [ 0.26363654 -0.04101419  0.22717337 -0.03974415 -0.16201415]
 [-0.16575134 -0.06878605 -0.24928402 -0.08407702 -0.05440658]]
Matrix Pair 99; W = [[ 0.24965284 -0.01214508  0.12295743 -0.20985762  0.11578809]
 [-0.13947221 -0.3374472  -0.07346741  0.22544415 -0.12509003]
 [-0.084982   -0.02965225 -0.08571234  0.07698     0.03123872]
 [ 0.04541614  0.08187959  0.08008859  0.02523151 -0.04233381]
 [-0.0384604  -0.13830543 -0.28306194 -0.12890873 -0.06282465]]
U = [[ 0.14921548  0.09186941  0.29002075  0.38102667 -0.08860991]
 [-0.28565275 -0.16571082  0.07877601  0.06587993  0.11471171]
 [ 0.07922445 -0.12149833 -0.18420111 -0.13496041  0.17523416]
 [ 0.28453519 -0.02718159  0.32337773 -0.1080057  -0.15337132]
 [-0.07916948  0.00121468 -0.30538876 -0.00720164 -0.10222843]]
Matrix Pair 100; W = [[ 0.23403946 -0.01416634  0.18562844 -0.18183193  0.11499533]
 [-0.14108294 -0.33077671 -0.03441674  0.20613395 -0.12320133]
 [-0.1235612  -0.01320995 -0.03344896  0.12750809  0.02391812]
 [-0.00915581  0.07241895  0.09707156 -0.06948253 -0.03868339]
 [-0.04895194 -0.1350381  -0.25668229 -0.16691821 -0.05913667]]
U = [[ 0.21450688  0.14595173  0.21272402  0.3402471  -0.05643942]
 [-0.3351522  -0.17849907  0.077821    0.10046705  0.11949439]
 [ 0.09477853 -0.0949535  -0.18091108 -0.15033098  0.16433501]
 [ 0.29893558 -0.00754074  0.31950162 -0.08765219 -0.16686026]
 [-0.08681057 -0.07248462 -0.26816349 -0.09565308 -0.04935406]]
Matrix Pair 101; W = [[ 0.1955819   0.00071937  0.1159558  -0.1814891   0.06429597]
 [-0.2231284  -0.31086581 -0.07703883  0.24015699 -0.13267678]
 [-0.09500733 -0.03805497 -0.06371473  0.07192705  0.03543492]
 [-0.00370208  0.06751725  0.06240269 -0.0729273  -0.01758173]
 [-0.07970391 -0.08300294 -0.30945632 -0.09873256 -0.00524223]]
U = [[ 0.1279585   0.10672968  0.25521226  0.36460761 -0.0469638 ]
 [-0.37911505 -0.11668249  0.02004993  0.04906809  0.07367984]
 [ 0.02540986 -0.12768754 -0.23542803 -0.1176504   0.21527651]
 [ 0.25281973 -0.01716352  0.28431964 -0.08934014 -0.14004774]
 [-0.0874599  -0.01659466 -0.24189122 -0.00739139 -0.05004834]]
Matrix Pair 102; W = [[ 0.25020858  0.01928782  0.15855361 -0.2057021   0.06105206]
 [-0.18945636 -0.30256896 -0.06979033  0.20398286 -0.09201522]
 [-0.04778902 -0.05158743 -0.07142755  0.12149525  0.0080333 ]
 [ 0.05130126  0.08600306  0.12023399  0.01180135 -0.05792418]
 [-0.04095666 -0.11801921 -0.30733342 -0.11319868  0.00169474]]
U = [[ 0.17724625  0.10341703  0.27076427  0.34422403 -0.06497174]
 [-0.3320251  -0.1598722   0.04231529  0.12132351  0.09748461]
 [ 0.02743597 -0.12793406 -0.25407816 -0.12609449  0.16720558]
 [ 0.26935214 -0.07135993  0.30561835 -0.10836992 -0.08917491]
 [-0.08756112  0.00883279 -0.24080173 -0.01561684 -0.06923491]]
Matrix Pair 103; W = [[ 0.20957666  0.00481199  0.17725755 -0.21685777  0.15451614]
 [-0.17297913 -0.29540581 -0.1052343   0.2108835  -0.07015566]
 [-0.1233764  -0.01527614 -0.03623247  0.06603057 -0.00542213]
 [ 0.02078493  0.1086303   0.11976786 -0.01905975  0.00227479]
 [-0.09609095 -0.10279969 -0.25173151 -0.11330549 -0.02861485]]
U = [[ 0.20399723  0.07278068  0.20393402  0.36575025 -0.01910083]
 [-0.35642363 -0.10940552  0.02512833  0.10288984  0.10852933]
 [ 0.0857217  -0.12106628 -0.16764457 -0.13757153  0.23697501]
 [ 0.30752352 -0.0723387   0.31525986 -0.04011503 -0.07198739]
 [-0.0830093  -0.02429821 -0.25621814 -0.05944644 -0.08601213]]
Matrix Pair 104; W = [[ 0.26211156 -0.01357238  0.14262928 -0.22759019  0.12762615]
 [-0.20981272 -0.37111032 -0.07918368  0.26138123 -0.14571429]
 [-0.11129463 -0.00091855 -0.04182054  0.12097502  0.06025915]
 [-0.01502971  0.11572242  0.09655256 -0.07045427 -0.05156614]
 [-0.096314   -0.17034619 -0.30828878 -0.09693769 -0.07209427]]
U = [[ 0.21868408  0.10273985  0.25881586  0.33291244 -0.08080537]
 [-0.3662083  -0.11399075  0.08314307  0.10732961  0.11248175]
 [ 0.09644745 -0.1156617  -0.25047043 -0.1218318   0.23468373]
 [ 0.24902553 -0.05080394  0.23202553 -0.09199879 -0.1668637 ]
 [-0.14112717 -0.07718595 -0.2643063  -0.02558425 -0.04738749]]
Matrix Pair 105; W = [[ 0.1922193  -0.0230724   0.14886248 -0.2076508   0.13084934]
 [-0.13776809 -0.3496518  -0.09376009  0.26868603 -0.10262163]
 [-0.04249251  0.02313514 -0.10788263  0.13523146 -0.01524262]
 [-0.01099792  0.09944018  0.10158562  0.01191408  0.00294051]
 [-0.05040284 -0.13248584 -0.30119179 -0.12791559 -0.00702071]]
U = [[ 0.14929952  0.14108544  0.21746968  0.36655372 -0.02594119]
 [-0.35924768 -0.13375995  0.04180586  0.03582834  0.15462543]
 [ 0.0997     -0.09038754 -0.19315137 -0.06469663  0.16609251]
 [ 0.24466569 -0.01582512  0.22957428 -0.02630266 -0.14192795]
 [-0.11677619 -0.05093157 -0.27524109 -0.097112   -0.07772859]]
Matrix Pair 106; W = [[ 0.2399436  -0.0018071   0.19601689 -0.2052135   0.13889123]
 [-0.14645354 -0.29239814 -0.0398826   0.23213746 -0.0805396 ]
 [-0.11659172 -0.03848289 -0.06409175  0.13716606  0.01423527]
 [-0.0012322   0.07283308  0.1110701   0.00958431 -0.08195228]
 [-0.04179766 -0.09370094 -0.23431228 -0.08995927 -0.03339135]]
U = [[ 0.18659527  0.09902355  0.26055418  0.36828418 -0.04992244]
 [-0.32704997 -0.16668496  0.09210051  0.10869983  0.14898982]
 [ 0.08542749 -0.14734057 -0.1727433  -0.10972273  0.20358253]
 [ 0.27171654  0.00957941  0.3180156  -0.08064392 -0.16193451]
 [-0.09836067 -0.04539237 -0.28743387 -0.08457263 -0.07301236]]
Matrix Pair 107; W = [[ 0.22122864 -0.00152563  0.1724929  -0.16930033  0.12449736]
 [-0.1872251  -0.35435402 -0.06564978  0.28412706 -0.08269425]
 [-0.06574168 -0.04064191 -0.0367912   0.09878721  0.03258109]
 [ 0.01303009  0.10985516  0.13665567 -0.01733047 -0.08340265]
 [-0.0529589  -0.10137463 -0.2331477  -0.14196741  0.01737683]]
U = [[ 0.2117398   0.1234514   0.2154228   0.3833277  -0.08758   ]
 [-0.32720797 -0.11592474  0.08799157  0.08754231  0.15552333]
 [ 0.03534277 -0.10569984 -0.21430212 -0.08881231  0.15548243]
 [ 0.24445143 -0.06121677  0.23979703 -0.10117633 -0.11605494]
 [-0.13027231 -0.07579102 -0.27120992 -0.05721867 -0.09909492]]
Matrix Pair 108; W = [[ 0.19305495 -0.04613048  0.13128305 -0.2193142   0.06273144]
 [-0.14385647 -0.33194218 -0.06959839  0.19979474 -0.12401731]
 [-0.04435377 -0.01541133 -0.05050743  0.15726181 -0.02070363]
 [-0.0233398   0.0813919   0.04582808  0.01853838  0.00606794]
 [-0.05358946 -0.1306055  -0.30449531 -0.15880514 -0.06230758]]
U = [[ 0.12335453  0.12114338  0.27399154  0.3782856  -0.05238767]
 [-0.31751042 -0.10893748  0.05546569  0.04533167  0.11306564]
 [ 0.02200838 -0.1738637  -0.20758437 -0.15068148  0.15260741]
 [ 0.30658071 -0.00772435  0.25226803 -0.03966905 -0.16001617]
 [-0.13273308 -0.01213999 -0.28967258 -0.02671534 -0.08609307]]
Matrix Pair 109; W = [[ 0.18565674 -0.00974094  0.1530154  -0.2355619   0.10679742]
 [-0.16103651 -0.33955148 -0.04641841  0.21050476 -0.06011919]
 [-0.10063052 -0.04431829 -0.05779093  0.15210121  0.07429779]
 [ 0.02795202  0.0757692   0.05267023 -0.0725092  -0.07629595]
 [-0.0281987  -0.09426709 -0.29331139 -0.18436782 -0.05084719]]
U = [[ 0.21043683  0.10776921  0.23744154  0.36892046 -0.03646032]
 [-0.33599673 -0.09006105  0.02356004  0.08750326  0.08294017]
 [ 0.08518877 -0.09072803 -0.16745102 -0.14687496  0.15754049]
 [ 0.27452437 -0.04813525  0.2486716  -0.11243739 -0.11505629]
 [-0.15883203 -0.03316916 -0.2671413  -0.07406396 -0.11802482]]
Matrix Pair 110; W = [[ 0.23012658 -0.0252065   0.16726149 -0.14769194  0.10252709]
 [-0.18452641 -0.3783321  -0.0351052   0.23709541 -0.106404  ]
 [-0.07638823 -0.02810075 -0.05892484  0.10909768 -0.00561659]
 [ 0.00701147  0.04452711  0.06972647 -0.0522515  -0.03504211]
 [-0.02011722 -0.11876598 -0.28683343 -0.14633951 -0.07664675]]
U = [[ 0.17502647  0.11471956  0.2323237   0.37958559 -0.08953776]
 [-0.29200653 -0.11319008  0.03450819  0.03694173  0.12231087]
 [ 0.06157847 -0.13016189 -0.24940163 -0.12932849  0.17955797]
 [ 0.30599535 -0.05797503  0.24168276 -0.04177634 -0.12664053]
 [-0.0844143  -0.03105928 -0.26477178 -0.06764503 -0.01900316]]
Matrix Pair 111; W = [[ 0.25094483 -0.05927439  0.1470654  -0.22413107  0.1250652 ]
 [-0.20975183 -0.33647029 -0.05558053  0.28899226 -0.05919666]
 [-0.03088738 -0.03682257 -0.08856992  0.10519851  0.04288963]
 [ 0.00098281  0.09934524  0.04772743  0.02477238 -0.04399392]
 [-0.00983516 -0.11448456 -0.28948179 -0.16540551 -0.05489945]]
U = [[ 0.14801015  0.09281932  0.28775196  0.30747823 -0.00779631]
 [-0.35171099 -0.17583325  0.07953159  0.04439014  0.11541186]
 [ 0.03623212 -0.16632885 -0.232338   -0.14025681  0.17801061]
 [ 0.27443701 -0.01265858  0.26613245 -0.04608508 -0.15991105]
 [-0.15407546 -0.0116309  -0.27011971 -0.07385897 -0.07427622]]
Matrix Pair 112; W = [[ 0.20131031  0.00126206  0.08319214 -0.13366829  0.10402601]
 [-0.13315989 -0.29678172 -0.07577853  0.24547028 -0.12262065]
 [-0.08776967  0.02290674 -0.07850272  0.08531396 -0.07648592]
 [-0.0665599   0.0252924   0.12431069 -0.09287637 -0.04804635]
 [-0.12500075 -0.06089256 -0.214558   -0.12730295 -0.05897425]]
U = [[ 0.2129829   0.09999603  0.37661797  0.42056886 -0.11694722]
 [-0.30665144 -0.03621663  0.05621564  0.05794371  0.23506175]
 [ 0.10572804 -0.04813588 -0.20586831 -0.17470476  0.08247791]
 [ 0.20736558 -0.05402727  0.24868195 -0.02005312 -0.15068537]
 [-0.11107849  0.02718705 -0.21418072 -0.04918484 -0.08000654]]
Matrix Pair 113; W = [[ 0.17746493 -0.00981458  0.10434243 -0.14008966  0.05216149]
 [-0.11297132 -0.35208911 -0.12313335  0.26468101 -0.18397146]
 [-0.04313316  0.0026122  -0.11776955  0.12084543 -0.00845779]
 [-0.08619853  0.00383375  0.10474002 -0.06763492 -0.01305937]
 [-0.1540179  -0.02918084 -0.20870124 -0.17422822 -0.01736887]]
U = [[ 0.15568553  0.19049612  0.30700419  0.3526273  -0.0445118 ]
 [-0.30624143 -0.03704273  0.12267181  0.11048018  0.23884673]
 [ 0.02898063 -0.03299675 -0.20689504 -0.1555298   0.14119539]
 [ 0.25595074 -0.04060508  0.24748979  0.03190744 -0.11686422]
 [-0.10062613 -0.01113585 -0.18709201 -0.07311401 -0.05707812]]
Matrix Pair 114; W = [[ 0.23460211  0.04093971  0.10820192 -0.19020141  0.04043102]
 [-0.15798705 -0.32305822 -0.08610387  0.2791592  -0.15167428]
 [-0.04605066  0.03543378 -0.08463359  0.08427549 -0.05446496]
 [-0.05056418  0.01755534  0.09180604  0.00183874 -0.04579676]
 [-0.11948937 -0.06092193 -0.27186069 -0.14161167 -0.06371086]]
U = [[ 0.12282458  0.13973682  0.32395699  0.36305388 -0.02159151]
 [-0.29763724 -0.07084074  0.08592184  0.07911959  0.21561037]
 [ 0.05227064 -0.03799424 -0.22414682 -0.16583575  0.16975799]
 [ 0.27100732 -0.0275065   0.31081809  0.03957441 -0.16905908]
 [-0.1410965  -0.00106914 -0.21892534 -0.02855865 -0.05661887]]
Matrix Pair 115; W = [[ 0.14077821  0.02359845  0.10782779 -0.11904107  0.0758257 ]
 [-0.10565861 -0.37364382 -0.07602553  0.21223796 -0.19065531]
 [-0.04690963  0.0528333  -0.08537948  0.11295291 -0.04490013]
 [-0.06653178  0.03949587  0.11442865 -0.08720261 -0.07519717]
 [-0.06640733 -0.10078683 -0.26991218 -0.18426014 -0.0557877 ]]
U = [[ 0.19211366  0.1251696   0.33940935  0.36585587 -0.08213794]
 [-0.31293682 -0.10614745  0.12302205  0.05768356  0.24330094]
 [ 0.06895766 -0.04911277 -0.26331337 -0.11381581  0.14969366]
 [ 0.26090557 -0.02016113  0.28519566 -0.05201296 -0.16687177]
 [-0.13828464 -0.03207745 -0.21609622 -0.08500614 -0.03534134]]
Matrix Pair 116; W = [[ 0.14779097  0.02407793  0.12819194 -0.18375975  0.11127982]
 [-0.11180843 -0.334916   -0.07451486  0.21609229 -0.1757787 ]
 [-0.09630303 -0.02074278 -0.11536632  0.14980938  0.0048625 ]
 [-0.09489471  0.0945673   0.07663304 -0.08230022 -0.01728407]
 [-0.05999869 -0.08798005 -0.20032954 -0.10787366 -0.04977223]]
U = [[ 0.16862516  0.17762415  0.31975904  0.41810401 -0.03933859]
 [-0.30106033 -0.12991552  0.05303057  0.14788445  0.19842668]
 [ 0.02365339 -0.06153383 -0.18022701 -0.18471989  0.13966897]
 [ 0.28112932 -0.07871359  0.24390153 -0.0531932  -0.16539989]
 [-0.14853727 -0.02197739 -0.23172223 -0.07655969 -0.05803018]]
Matrix Pair 117; W = [[ 0.19513867 -0.03230055  0.12984081 -0.17777956  0.05798407]
 [-0.15614017 -0.29112938 -0.09662737  0.26390969 -0.16672305]
 [-0.08527444  0.06137439 -0.11787189  0.14464413 -0.07494492]
 [-0.01664254  0.01886055  0.064534   -0.02370563 -0.01786686]
 [-0.13481502 -0.02732727 -0.24364228 -0.11013591  0.00336284]]
U = [[ 0.15883097  0.14791978  0.36348312  0.40751731 -0.03572125]
 [-0.34662924 -0.12277779  0.13127756  0.05643048  0.24803627]
 [ 0.03437822 -0.06609941 -0.23203589 -0.11587807  0.16949514]
 [ 0.27977749  0.01363356  0.26950896  0.03140433 -0.15433434]
 [-0.13347083 -0.02592143 -0.26159297 -0.04111778 -0.0509142 ]]
Matrix Pair 118; W = [[ 0.1452804   0.03450432  0.08227772 -0.17288707  0.04052348]
 [-0.13536589 -0.3064852  -0.09509615  0.2022866  -0.15201002]
 [-0.0991829   0.03578566 -0.16591415  0.07470516 -0.0570867 ]
 [-0.05005116  0.01424556  0.11256138 -0.05238226 -0.05986035]
 [-0.11267037 -0.10630853 -0.21881217 -0.17298985 -0.05957355]]
U = [[ 0.16914928  0.16562871  0.32240537  0.34433123 -0.0403212 ]
 [-0.27530745 -0.05372015  0.12722565  0.12557309  0.20366401]
 [ 0.05855774 -0.11589005 -0.2528638  -0.13413502  0.07579049]
 [ 0.27385611 -0.05359577  0.22745696 -0.00275985 -0.19768918]
 [-0.17937911  0.04501793 -0.23794511 -0.11219543 -0.08714819]]
Matrix Pair 119; W = [[ 0.21785805 -0.02223597  0.07637441 -0.15914814  0.04510207]
 [-0.1561143  -0.30390828 -0.0671625   0.25980741 -0.16865583]
 [-0.09972536  0.02274244 -0.14763918  0.12114791 -0.0708478 ]
 [-0.01883196  0.09105807  0.14142665 -0.09089352 -0.04028073]
 [-0.11507992 -0.08795239 -0.22153069 -0.12426388 -0.05102375]]
U = [[ 0.20623462  0.15613798  0.37112272  0.35414477 -0.05395378]
 [-0.3139256  -0.07251366  0.09238656  0.13400024  0.23673006]
 [ 0.06656537 -0.03884212 -0.18248005 -0.195231    0.07521753]
 [ 0.23595038 -0.04951084  0.31468784  0.02960623 -0.12901868]
 [-0.1670962   0.03376966 -0.27172093 -0.04448088 -0.06188865]]
Matrix Pair 120; W = [[ 0.14888011  0.00896114  0.11441969 -0.18507971  0.07723135]
 [-0.16577343 -0.31633871 -0.10323185  0.28670881 -0.15979831]
 [-0.07696996  0.00974377 -0.08433933  0.08291674  0.01692118]
 [-0.07058325  0.08501085  0.08150812 -0.06357449  0.00241181]
 [-0.06596609 -0.02465735 -0.22976608 -0.17530891 -0.01722534]]
U = [[ 0.14982057  0.12211771  0.29084057  0.36066933 -0.05722673]
 [-0.31124024 -0.11275183  0.06619694  0.0575884   0.22697606]
 [ 0.06633816 -0.08645055 -0.21865252 -0.0997997   0.0872467 ]
 [ 0.26609947 -0.00211224  0.26843913  0.02055098 -0.20220828]
 [-0.16833838 -0.01551106 -0.21152327 -0.02843617 -0.03392475]]
Matrix Pair 121; W = [[ 0.14962098  0.03650281  0.14648351 -0.11648263  0.12499121]
 [-0.12294941 -0.29196973 -0.05515764  0.20596587 -0.15907217]
 [-0.08969711 -0.00200029 -0.10532604  0.08359837 -0.06844759]
 [-0.04934909  0.04795451  0.09862823 -0.00399206 -0.0550291 ]
 [-0.07807068 -0.05021708 -0.26167459 -0.18009306 -0.02556248]]
U = [[ 0.13989038  0.17032152  0.35370167  0.41834923 -0.08243132]
 [-0.36052571 -0.11760682  0.12857015  0.09199958  0.23737067]
 [ 0.01963481 -0.08067181 -0.19986334 -0.12927118  0.07636082]
 [ 0.2374716   0.00352459  0.26238065 -0.02463261 -0.10758392]
 [-0.17570447  0.04586146 -0.17785436 -0.04884417 -0.0395619 ]]
Matrix Pair 122; W = [[ 0.18775468 -0.00597227  0.14174045 -0.14966337  0.09181603]
 [-0.12011253 -0.31138236 -0.0719318   0.20696132 -0.19878649]
 [-0.07704607  0.03083624 -0.12316157  0.08880095 -0.06231107]
 [-0.04254824  0.01169061  0.12699936 -0.09561343  0.00113686]
 [-0.0789564  -0.06194682 -0.17524686 -0.15249717 -0.06812842]]
U = [[ 0.15641706  0.11406324  0.33918659  0.3964345  -0.03758527]
 [-0.27876561 -0.1310037   0.06707805  0.11261456  0.25392045]
 [ 0.06884444 -0.0388791  -0.19532619 -0.1181626   0.10420182]
 [ 0.24944216 -0.03918129  0.24794844  0.0396549  -0.1810121 ]
 [-0.10214081  0.03181931 -0.22569109 -0.10861478 -0.06209935]]
Matrix Pair 123; W = [[ 0.15295626 -0.0086929   0.13547401 -0.18005894  0.13174761]
 [-0.13456683 -0.35427061 -0.02447862  0.25034787 -0.19176234]
 [-0.11378491 -0.02897766 -0.16522771  0.14243287  0.00134629]
 [-0.06050104  0.04159178  0.1426347  -0.00165765 -0.00381107]
 [-0.09587088 -0.0823161  -0.23568906 -0.11709402 -0.07765569]]
U = [[ 0.21041927  0.14427201  0.36716367  0.40861222 -0.03263372]
 [-0.28079795 -0.09954347  0.08354176  0.1172567   0.25412102]
 [ 0.10026865 -0.04450086 -0.23929508 -0.18805982  0.12477905]
 [ 0.24664706 -0.0229676   0.23202713  0.04097809 -0.16967542]
 [-0.12065308 -0.01388112 -0.20664494 -0.0369147  -0.06042859]]
Matrix Pair 124; W = [[ 0.14520333 -0.04771151  0.14744982 -0.10904468  0.07287468]
 [-0.12350313 -0.37114821 -0.10396232  0.27126747 -0.17373744]
 [-0.0660578  -0.02668075 -0.13326844  0.1293538   0.01358138]
 [-0.10311901  0.0877816   0.05981781 -0.04591203 -0.03453558]
 [-0.09356746 -0.09224645 -0.19073188 -0.15103979  0.01080931]]
U = [[ 0.17847527  0.17481096  0.3406282   0.35970588 -0.10473187]
 [-0.36982541 -0.1019704   0.08690502  0.06233528  0.18201937]
 [ 0.06333662 -0.09797087 -0.18880198 -0.11830258  0.11441769]
 [ 0.26310687  0.00256338  0.31433528 -0.03383497 -0.1208166 ]
 [-0.13338388 -0.00283943 -0.26216008 -0.07899062 -0.06939615]]
Matrix Pair 125; W = [[ 0.17818079  0.01077773  0.05524685 -0.1575783   0.07350418]
 [-0.16221024 -0.33586809 -0.05548484  0.2519076  -0.1753658 ]
 [-0.11637115 -0.02478112 -0.10470497  0.0849296  -0.01533913]
 [-0.05104523  0.04568283  0.11393561 -0.06149118 -0.07253424]
 [-0.07525703 -0.07243189 -0.26140441 -0.13667777 -0.02704869]]
U = [[ 0.14517406  0.19224927  0.35274383  0.42656789 -0.11038294]
 [-0.30173852 -0.09675797  0.11109414  0.14532895  0.21933223]
 [ 0.10054579 -0.0318447  -0.25691858 -0.17281941  0.15403822]
 [ 0.26237441  0.01242909  0.24826228  0.00349999 -0.12772348]
 [-0.14971509 -0.05122947 -0.18292918 -0.04023178 -0.01352012]]
Matrix Pair 126; W = [[ 0.20191999  0.02611653  0.11799998 -0.16652972  0.04412761]
 [-0.08735823 -0.38116546 -0.09896251  0.22396325 -0.17753754]
 [-0.12284878  0.00386743 -0.11336983  0.12543202 -0.02344414]
 [-0.04130635  0.07768992  0.0952946  -0.09560096 -0.02626309]
 [-0.06203759 -0.09194555 -0.17850336 -0.1195894   0.01178638]]
U = [[ 0.1302082   0.18483637  0.36473354  0.36496103 -0.09045136]
 [-0.28791121 -0.07049957  0.06677691  0.08921952  0.24139471]
 [ 0.09193654 -0.09768596 -0.24869211 -0.11359927  0.15189173]
 [ 0.19870043 -0.07811903  0.29399384 -0.02261226 -0.1489869 ]
 [-0.10877166  0.03065455 -0.22478061 -0.02070597 -0.07777022]]
Matrix Pair 127; W = [[ 0.22481345 -0.00868787  0.08473617 -0.14869772  0.0396706 ]
 [-0.09892399 -0.29730053 -0.0622939   0.28051921 -0.21047648]
 [-0.07319922  0.02434334 -0.08596648  0.14077701 -0.00361736]
 [-0.0703794   0.04392432  0.15374624 -0.0583086  -0.06918437]
 [-0.12337286 -0.05634822 -0.25740382 -0.17877615 -0.02557336]]
U = [[ 0.11905901  0.19286679  0.29373779  0.36469738 -0.02414505]
 [-0.33094261 -0.10386223  0.12838594  0.11559746  0.22910918]
 [ 0.03750441 -0.09110082 -0.18395978 -0.09816296  0.13758033]
 [ 0.23004325 -0.052257    0.22307227  0.03555972 -0.1284434 ]
 [-0.12412356 -0.04430795 -0.21517087 -0.07805493 -0.08726153]]
