Epoch: 78Matrix Pair 0; W = [[ 0.27330736 -0.10770609  0.00402353 -0.19217761  0.0589913 ]
 [-0.08547091 -0.36631598 -0.00813438  0.26328212 -0.06035371]
 [-0.12421049  0.05483144 -0.09179332  0.1299859   0.05169839]
 [-0.06784832  0.08545818  0.12767236 -0.05066022 -0.08838162]
 [-0.06391869 -0.18826509 -0.204532   -0.15942895 -0.00789325]]
U = [[ 0.07620672  0.04753444  0.25592097  0.32688343 -0.01816306]
 [-0.30641608 -0.13685466  0.10005635  0.02937214  0.05448391]
 [ 0.062008   -0.16233909 -0.17900401 -0.09493697  0.15911353]
 [ 0.27396369 -0.06082433  0.26602372  0.01413812 -0.21155707]
 [-0.09914045  0.00531152 -0.26919893  0.03119539 -0.04745099]]
Matrix Pair 1; W = [[ 0.25377771 -0.03514794  0.07731724 -0.21803876  0.04402711]
 [-0.08863282 -0.3620605  -0.06769552  0.20620401 -0.13045363]
 [-0.16843636  0.08435364 -0.04804026  0.08378704  0.04156022]
 [-0.09131989  0.0686798   0.05704332 -0.11071227 -0.07087424]
 [-0.08851694 -0.15013201 -0.22813382 -0.15564649 -0.02541623]]
U = [[ 0.09951297  0.103549    0.28794582  0.37133208  0.00779628]
 [-0.29907483 -0.10474794  0.11014224  0.04552013  0.11261319]
 [ 0.05833325 -0.19306226 -0.21620459 -0.12712939  0.1521191 ]
 [ 0.23996796 -0.07349952  0.24435642  0.01199834 -0.20212989]
 [-0.18257942 -0.05625446 -0.25549598 -0.01537637 -0.05529705]]
Matrix Pair 2; W = [[ 0.28262634 -0.0553038   0.02074205 -0.18492321  0.07051593]
 [-0.07023778 -0.36382839 -0.02234622  0.20612873 -0.11964825]
 [-0.10706849  0.07410977 -0.06644883  0.10841917  0.06895107]
 [-0.15080388  0.1270873   0.12461488 -0.10140491 -0.04510653]
 [-0.13264467 -0.15610027 -0.18676277 -0.15193088 -0.03865326]]
U = [[ 1.45197764e-01  5.34411479e-02  2.59322078e-01  3.51182928e-01
   1.25678641e-02]
 [-3.52390931e-01 -9.08066353e-02  3.80846197e-02  7.92707310e-02
   6.25723602e-02]
 [ 7.14388896e-02 -1.44875741e-01 -1.45480190e-01 -1.68909020e-01
   1.41534469e-01]
 [ 2.23316266e-01 -7.96720557e-03  2.15586889e-01 -6.95811273e-04
  -2.57410293e-01]
 [-1.77652798e-01 -5.57052670e-02 -2.61833340e-01  2.28250204e-04
  -8.72834043e-02]]
Matrix Pair 3; W = [[ 0.29436965 -0.07210045  0.09011734 -0.22149176  0.07443396]
 [-0.07360861 -0.37540888 -0.02984055  0.22807925 -0.08367023]
 [-0.17417742  0.1067289  -0.05520441  0.05265027  0.04518843]
 [-0.07611349  0.07613084  0.07052324 -0.07196103 -0.04914102]
 [-0.13544139 -0.20320785 -0.21677049 -0.16558283 -0.00872316]]
U = [[ 0.10579312  0.06787049  0.28544635  0.34277062 -0.03763591]
 [-0.30553991 -0.04302054  0.09003092  0.0746549   0.13389285]
 [ 0.07018956 -0.1825932  -0.14780976 -0.1689176   0.10594159]
 [ 0.28099764  0.00596057  0.24912807  0.01478134 -0.23510451]
 [-0.12765085  0.01054553 -0.26474295 -0.05177863 -0.07149854]]
Matrix Pair 4; W = [[ 0.27353392 -0.10231652  0.01265628 -0.15871178  0.0621541 ]
 [-0.04697395 -0.38192051 -0.06184345  0.29844165 -0.04706123]
 [-0.15430838  0.06201152 -0.09034271  0.13114616  0.08144483]
 [-0.12204555  0.08317553  0.09301481 -0.11139046 -0.0605551 ]
 [-0.10670142 -0.2034838  -0.27665704 -0.16161199 -0.05666984]]
U = [[ 0.10740452  0.08241628  0.28403944  0.35767602  0.01509757]
 [-0.33470338 -0.13517502  0.13256843  0.01112589  0.10683839]
 [ 0.0675157  -0.18049617 -0.18271762 -0.15273138  0.16407514]
 [ 0.30046108 -0.06565163  0.28455865  0.00282579 -0.25282829]
 [-0.13544001 -0.06422962 -0.30043535 -0.02327872 -0.00924107]]
Matrix Pair 5; W = [[ 0.29926706 -0.05123159 -0.00699958 -0.17671244  0.05144745]
 [-0.12768387 -0.38799559 -0.06171668  0.25607346 -0.12022923]
 [-0.10737322  0.12529981  0.00423171  0.04828845 -0.00869417]
 [-0.10560318  0.13904972  0.07853267 -0.06029762 -0.02001243]
 [-0.14806226 -0.16321638 -0.25546455 -0.14069513 -0.00470049]]
U = [[ 0.09898905  0.07523383  0.31791229  0.37013844 -0.05386564]
 [-0.29437293 -0.10581858  0.12784782  0.03482382  0.05979396]
 [ 0.05475349 -0.18057975 -0.14759982 -0.1735364   0.15012513]
 [ 0.22072953  0.02265255  0.30024998 -0.00517804 -0.24202692]
 [-0.11337163 -0.01550514 -0.26265204  0.01670612 -0.07079265]]
Matrix Pair 6; W = [[ 0.25226022 -0.09077967  0.03141247 -0.21067616  0.08499616]
 [-0.10260463 -0.31016368 -0.07773087  0.21975254 -0.10870268]
 [-0.18083024  0.08236346 -0.07848283  0.06632926  0.01036325]
 [-0.07002847  0.13071365  0.04664949 -0.02748258 -0.03661894]
 [-0.06776366 -0.17831874 -0.18455946 -0.17027521 -0.01891485]]
U = [[ 0.13545131  0.04685509  0.26513376  0.32107793 -0.00221197]
 [-0.36145207 -0.12750719  0.11568663  0.08301581  0.0772277 ]
 [ 0.092738   -0.17724704 -0.17470803 -0.10761649  0.18437248]
 [ 0.26129796  0.00153314  0.22742061  0.07749333 -0.21857822]
 [-0.15552882 -0.03605356 -0.2520355  -0.05882019 -0.05947099]]
Matrix Pair 7; W = [[ 0.26159069 -0.05399344  0.03128838 -0.16901936  0.06717699]
 [-0.08999563 -0.36304003 -0.09499123  0.23339357 -0.03884956]
 [-0.10618246  0.11900379 -0.04798682  0.11031758  0.07344414]
 [-0.09976749  0.06410698  0.05626981 -0.02785882 -0.00835888]
 [-0.06359551 -0.16902809 -0.23970765 -0.17830744 -0.06935265]]
U = [[ 0.08666086  0.02758294  0.3167469   0.37556455 -0.028832  ]
 [-0.36824549 -0.04732123  0.10234249  0.01945124  0.04529031]
 [ 0.0834632  -0.1242318  -0.15475104 -0.16646583  0.15011939]
 [ 0.30645925 -0.0060174   0.22252733  0.01969615 -0.22393865]
 [-0.19311973 -0.04267987 -0.272056   -0.05218208 -0.06753917]]
Matrix Pair 8; W = [[ 0.21889686 -0.08509079  0.06225813 -0.1834803   0.08273362]
 [-0.07331673 -0.29749405 -0.00525235  0.2402259  -0.03602554]
 [-0.11891477  0.10951383 -0.01674459  0.13948632  0.04647764]
 [-0.07943384  0.07847588  0.07468202 -0.1036149  -0.00963795]
 [-0.10738074 -0.20350524 -0.27213773 -0.14865767 -0.08956895]]
U = [[ 0.08768543  0.05981046  0.31714732  0.36317091 -0.07160503]
 [-0.29352255 -0.06324986  0.06249956 -0.00297939  0.08724114]
 [ 0.00533888 -0.17606495 -0.22907642 -0.15770523  0.14108911]
 [ 0.29201194 -0.02443543  0.21011237 -0.00324785 -0.22489743]
 [-0.09641817 -0.03067417 -0.21893578 -0.00968981 -0.07395384]]
Matrix Pair 9; W = [[ 0.28523863 -0.03188759  0.03718562 -0.17592644  0.03835145]
 [-0.04095925 -0.32966695 -0.03810292  0.28764368 -0.08280008]
 [-0.13096586  0.11233442 -0.05928974  0.09650419  0.06335559]
 [-0.15769307  0.07416506  0.08106339 -0.11455005 -0.03167259]
 [-0.12473152 -0.14197503 -0.22562469 -0.12745824 -0.08727248]]
U = [[ 0.07191683  0.03067665  0.27274311  0.39010985  0.01429343]
 [-0.2972433  -0.05220975  0.07870619  0.01493171  0.06117404]
 [ 0.08443209 -0.1619297  -0.23008753 -0.09531381  0.12741283]
 [ 0.29441392 -0.03143206  0.2126414  -0.00489211 -0.28714058]
 [-0.134269   -0.06682292 -0.28364562 -0.04803942 -0.08784919]]
Matrix Pair 10; W = [[ 0.22698615 -0.01373046  0.01983725 -0.20251612  0.05858945]
 [-0.10466371 -0.29904705 -0.03894568  0.24958399 -0.08532512]
 [-0.17303306  0.04860766 -0.00907409  0.1295367   0.02209229]
 [-0.06820611  0.12357549  0.06319673 -0.04245494 -0.04349272]
 [-0.06155355 -0.22026697 -0.2327495  -0.18613483 -0.07329747]]
U = [[ 0.10127379  0.10716135  0.25750287  0.36325797 -0.02024275]
 [-0.38813302 -0.10414923  0.07277273  0.01790568  0.09486374]
 [ 0.05730211 -0.11420661 -0.16298067 -0.13387549  0.15026687]
 [ 0.23719477 -0.03525354  0.24405122  0.05544423 -0.2656452 ]
 [-0.10944196 -0.0166511  -0.26067591 -0.04949095 -0.01733527]]
Matrix Pair 11; W = [[ 0.24250457 -0.0748085   0.04717139 -0.16856254  0.11265316]
 [-0.13116334 -0.33064683 -0.05585891  0.28295714 -0.13231551]
 [-0.11081661  0.0596079  -0.0257874   0.05631815  0.0547666 ]
 [-0.10810809  0.07215473  0.08248451 -0.08158409 -0.04017759]
 [-0.14227101 -0.22278348 -0.27262173 -0.14311013 -0.0650881 ]]
U = [[ 0.14223148  0.07720538  0.28254514  0.37769923 -0.0451351 ]
 [-0.35419315 -0.1199649   0.04431367 -0.00733361  0.13228267]
 [ 0.01222013 -0.17119229 -0.19495633 -0.18292103  0.10911474]
 [ 0.28618151 -0.05052128  0.22743375  0.07662643 -0.21760003]
 [-0.09919138 -0.05150191 -0.23810826  0.01435988 -0.05114072]]
Matrix Pair 12; W = [[ 0.27812926 -0.01048396  0.08556478 -0.24042089  0.11305521]
 [-0.0868424  -0.293315   -0.05642616  0.24608659 -0.10391889]
 [-0.12616714  0.03634146  0.00196153  0.13478755  0.03364119]
 [-0.09632955  0.0946797   0.03896676 -0.10827586 -0.06353314]
 [-0.08522594 -0.14262437 -0.22075417 -0.15532907 -0.05046798]]
U = [[ 0.06659205  0.07747581  0.31401359  0.37071122 -0.02957763]
 [-0.29555875 -0.04032682  0.0753806   0.06297732  0.0824552 ]
 [-0.00243728 -0.11496509 -0.14351027 -0.17305419  0.12489269]
 [ 0.20886124 -0.07501822  0.29172364  0.05089314 -0.29212838]
 [-0.09526963 -0.06678237 -0.29405691 -0.04747744 -0.04373311]]
Matrix Pair 13; W = [[ 0.25583421 -0.08727882  0.0222448  -0.21467262  0.02176573]
 [-0.0996857  -0.36302267 -0.03333051  0.28718888 -0.13324877]
 [-0.1307029   0.10646139 -0.07082848  0.14022916  0.03252064]
 [-0.08672334  0.15236218  0.10223824 -0.06594553 -0.06324831]
 [-0.12419977 -0.17644063 -0.20562767 -0.11615301 -0.05781717]]
U = [[ 0.12765276  0.04448043  0.32662669  0.37935612 -0.00056582]
 [-0.35587534 -0.0689093   0.09667296  0.03897964  0.12506571]
 [ 0.03644813 -0.15242333 -0.19877513 -0.13296346  0.14831115]
 [ 0.25741065 -0.05477527  0.25500523 -0.01504553 -0.25551296]
 [-0.11900068 -0.06683087 -0.28071604  0.03063234 -0.08425418]]
Matrix Pair 14; W = [[ 0.28265379 -0.071843    0.06843599 -0.2388112   0.09125906]
 [-0.05487084 -0.37294264 -0.04260668  0.21071664 -0.134471  ]
 [-0.13741254  0.04387219 -0.08232908  0.08721704 -0.00846965]
 [-0.10738859  0.12009445  0.0610478  -0.10787582 -0.06651319]
 [-0.10557485 -0.15368927 -0.27297651 -0.1906437  -0.07999914]]
U = [[ 0.15208865  0.10644153  0.29179     0.39359908  0.01028291]
 [-0.35697748 -0.04762178  0.13180109  0.08518632  0.11691139]
 [ 0.0099156  -0.16950117 -0.14582122 -0.09433891  0.19546377]
 [ 0.26669384 -0.01414861  0.21872163  0.05924192 -0.21422545]
 [-0.15048705 -0.00185877 -0.27638214 -0.02150016 -0.08711346]]
Matrix Pair 15; W = [[ 0.23792825 -0.05891076  0.07475764 -0.24175291  0.11018265]
 [-0.08324729 -0.29761039 -0.04223242  0.24097761 -0.08308996]
 [-0.10479836  0.10616552 -0.02310292  0.09431049  0.03145953]
 [-0.15152703  0.08898515  0.05547782 -0.04000339 -0.08482222]
 [-0.07487293 -0.16533745 -0.24380735 -0.1899518  -0.09228097]]
U = [[ 0.10421071  0.02546984  0.32810526  0.38881735  0.01180958]
 [-0.30539851 -0.03979402  0.12573067  0.04646138  0.10837134]
 [ 0.06633892 -0.12272736 -0.14565787 -0.13736747  0.11447584]
 [ 0.30222731  0.00910909  0.29079647  0.03760289 -0.2808895 ]
 [-0.17713187  0.00585574 -0.22275535 -0.05141311 -0.07858232]]
Matrix Pair 16; W = [[ 0.27806187 -0.11147691  0.03005566 -0.22755565  0.07889639]
 [-0.11317873 -0.40770794 -0.04398926  0.20204081 -0.01763368]
 [-0.07817901  0.04580477 -0.01735842  0.12061509  0.03328315]
 [-0.16030248  0.08909356  0.0209188  -0.13647159 -0.08962275]
 [-0.15630442 -0.15407852 -0.13311701 -0.14120137  0.02869317]]
U = [[ 0.22554585  0.0514272   0.2552042   0.37117271 -0.07248316]
 [-0.2991062  -0.04317342  0.12354526  0.02605899  0.19329582]
 [ 0.07230756 -0.11393686 -0.21352394 -0.1244795   0.16307595]
 [ 0.23365105 -0.04194135  0.21215126 -0.04540173 -0.16316497]
 [-0.11756929 -0.03122984 -0.28398607  0.04418121 -0.030086  ]]
Matrix Pair 17; W = [[ 0.24604987 -0.07692169 -0.00312468 -0.20645799  0.08113314]
 [-0.09941374 -0.41181028 -0.01284431  0.20405627 -0.07577129]
 [-0.05251029  0.05058205 -0.02212485  0.16264976  0.11334905]
 [-0.08765686  0.0811623   0.09470122 -0.07994201 -0.00765309]
 [-0.14599084 -0.11334267 -0.16905152 -0.15764181  0.07649959]]
U = [[ 0.24027042  0.13961992  0.28091767  0.35614638 -0.094263  ]
 [-0.32004313 -0.09918978  0.04810396  0.0140707   0.1779596 ]
 [ 0.12149444 -0.13401999 -0.22859776 -0.09927582  0.16427046]
 [ 0.30451157 -0.0787926   0.26202934 -0.00736435 -0.16556597]
 [-0.12351249 -0.10743841 -0.30482862 -0.00108506 -0.05968561]]
Matrix Pair 18; W = [[ 2.92314761e-01 -1.21438370e-01  4.80512598e-02 -1.40013355e-01
   1.12753016e-01]
 [-4.16180430e-02 -3.69670003e-01 -7.55524044e-02  1.89498278e-01
   2.50169402e-04]
 [-5.81985477e-02  6.48257801e-02 -6.73083779e-02  1.14222149e-01
   1.11279491e-01]
 [-1.61690842e-01  8.10905409e-02  2.01656070e-02 -1.25107030e-01
  -5.67995643e-02]
 [-1.23719520e-01 -1.08352289e-01 -1.34967981e-01 -1.69087955e-01
  -1.39407041e-02]]
U = [[ 0.19884708  0.1024186   0.29922732  0.41811916 -0.09508011]
 [-0.3815988  -0.08628612  0.07862436  0.08757284  0.14735634]
 [ 0.07836547 -0.0438576  -0.20025176 -0.14780286  0.15095216]
 [ 0.2614602  -0.04489197  0.28528505 -0.02308919 -0.13211261]
 [-0.13058458 -0.03115042 -0.23812236  0.04379423 -0.02136044]]
Matrix Pair 19; W = [[ 0.30981225 -0.09029581  0.03833869 -0.15141477  0.11947849]
 [-0.11890516 -0.37942382 -0.09269352  0.18655463 -0.03897318]
 [-0.04932083  0.09653463  0.00772233  0.11776804  0.1312807 ]
 [-0.11129843  0.06405036  0.10185688 -0.10902326 -0.00719546]
 [-0.16069957 -0.14338805 -0.13686945 -0.08651049  0.06119177]]
U = [[ 0.23895245  0.05479211  0.24255475  0.35593671 -0.00754855]
 [-0.35255126 -0.09864513  0.04822658  0.07895346  0.19145826]
 [ 0.14407789 -0.12121161 -0.25007589 -0.19084162  0.12723324]
 [ 0.29059507 -0.10292448  0.20609551 -0.03007001 -0.19706092]
 [-0.15742818 -0.01817884 -0.2740595   0.00826844 -0.06126805]]
Matrix Pair 20; W = [[ 0.21330134 -0.05933687  0.0810738  -0.18054208  0.10255408]
 [-0.11873296 -0.41270407 -0.02034196  0.16369725 -0.01499309]
 [-0.129823    0.06660492 -0.05245732  0.12281259  0.11132557]
 [-0.14782034  0.08686466  0.07779713 -0.16841109 -0.02152738]
 [-0.09794717 -0.11458788 -0.21290264 -0.08762114  0.01917476]]
U = [[ 0.25722018  0.14013894  0.28269465  0.43228705 -0.07452183]
 [-0.3517657  -0.05376857  0.09131269  0.06405534  0.13713276]
 [ 0.06254746 -0.09251141 -0.22031621 -0.14125527  0.15027389]
 [ 0.25453944 -0.06049275  0.19590681 -0.05940363 -0.17919093]
 [-0.12264736 -0.02345364 -0.26078151 -0.00402471 -0.04889378]]
Matrix Pair 21; W = [[ 0.28514519 -0.04589999  0.0530119  -0.15892286  0.132108  ]
 [-0.04235209 -0.40721116 -0.07993841  0.17637722 -0.02186937]
 [-0.10285371  0.08545159 -0.00205516  0.11188072  0.0894723 ]
 [-0.09333545  0.05410824  0.08008085 -0.11670894 -0.094131  ]
 [-0.10533812 -0.15743613 -0.19166119 -0.14008231  0.00733164]]
U = [[ 0.20478169  0.08949828  0.29111327  0.37199381 -0.07280426]
 [-0.29584836 -0.0476967   0.11142127  0.07765491  0.2086374 ]
 [ 0.09264964 -0.12305432 -0.1924809  -0.13892289  0.21760612]
 [ 0.26179183 -0.01771816  0.2604232  -0.04851639 -0.15629275]
 [-0.15603436 -0.1020913  -0.24304186  0.03804726 -0.05434572]]
Matrix Pair 22; W = [[ 0.23643647 -0.04689914  0.04831746 -0.16569588  0.08357074]
 [-0.1055148  -0.33892356 -0.04352834  0.19246354 -0.01933114]
 [-0.07350925  0.12638323 -0.06334158  0.151984    0.04464414]
 [-0.08534814  0.03763758  0.06728985 -0.07101343 -0.0072709 ]
 [-0.07603803 -0.15347779 -0.13900521 -0.11788161  0.03920307]]
U = [[ 0.23379328  0.12105734  0.26810235  0.39179482 -0.0754176 ]
 [-0.35585224 -0.05757556  0.08267617  0.06045241  0.22531189]
 [ 0.1058035  -0.06454682 -0.25167828 -0.14414075  0.12916346]
 [ 0.20467864 -0.11567434  0.27241891 -0.01764635 -0.15255712]
 [-0.1174151  -0.0771785  -0.21725905  0.03211436 -0.01391321]]
Matrix Pair 23; W = [[ 0.27156392 -0.03487759  0.07074864 -0.19924124  0.11273833]
 [-0.10426282 -0.35265823 -0.04115335  0.21324554 -0.06585985]
 [-0.07012506  0.10521264 -0.01695734  0.11425267  0.03249756]
 [-0.08785949  0.11067318  0.02256189 -0.07632687 -0.09489196]
 [-0.11700165 -0.12689061 -0.20051575 -0.13403334  0.07772885]]
U = [[ 0.19177535  0.05633773  0.26814793  0.43517383 -0.10072398]
 [-0.293467   -0.03567233  0.10634065  0.04742197  0.13995726]
 [ 0.06523933 -0.12817659 -0.237145   -0.16621891  0.2155922 ]
 [ 0.25764432 -0.06886191  0.27603345 -0.07465405 -0.19511798]
 [-0.1220381  -0.09334002 -0.30647976  0.0660255   0.01692998]]
Matrix Pair 24; W = [[ 0.25024249 -0.05581868  0.01857528 -0.17429834  0.10171879]
 [-0.07134615 -0.40047991 -0.05133136  0.1882579  -0.07229431]
 [-0.0821572   0.1011715  -0.00847007  0.14824348  0.06000881]
 [-0.12974403  0.06338019  0.02228246 -0.12120922 -0.06008123]
 [-0.08662035 -0.12293539 -0.20566186 -0.10534667 -0.00736999]]
U = [[ 0.22201942  0.07008782  0.26204573  0.36984334 -0.08814496]
 [-0.34391735 -0.06666891  0.0993434   0.08950701  0.19981309]
 [ 0.10605349 -0.09063422 -0.17826915 -0.17695007  0.19996641]
 [ 0.24948017 -0.0975309   0.27613346 -0.07787161 -0.19732403]
 [-0.187178   -0.07260231 -0.25038033 -0.01094104 -0.06098219]]
Matrix Pair 25; W = [[ 0.24332294 -0.09768112  0.06135498 -0.19240985  0.13043998]
 [-0.12537688 -0.32613929 -0.01019923  0.21102314 -0.08635281]
 [-0.03783617  0.12196075 -0.04804467  0.07926969  0.09557613]
 [-0.12693474  0.04631494  0.01668489 -0.07468593 -0.01695822]
 [-0.16323144 -0.15621749 -0.16069588 -0.08110667 -0.01525067]]
U = [[ 0.18109505  0.13360656  0.22762642  0.36719781 -0.03865908]
 [-0.37190332 -0.10100064  0.10095179  0.04700237  0.16496383]
 [ 0.13812603 -0.10028026 -0.19623427 -0.16534189  0.14073591]
 [ 0.22910611 -0.06460435  0.28131873 -0.01247287 -0.13474569]
 [-0.14977759 -0.10294683 -0.27566986 -0.00153425 -0.02692417]]
Matrix Pair 26; W = [[ 0.30876887 -0.08629907  0.06531092 -0.18061692  0.08097792]
 [-0.12902266 -0.39585757 -0.06568672  0.25197687 -0.08110084]
 [-0.11730866  0.07827534 -0.0065975   0.13517895  0.12516261]
 [-0.12054607  0.02327556  0.06799972 -0.15874282 -0.09189774]
 [-0.13723399 -0.11836753 -0.1655419  -0.09826673  0.01626647]]
U = [[ 0.23795049  0.08319085  0.29934448  0.41234389 -0.05678731]
 [-0.38695324 -0.05786895  0.0753114   0.05137171  0.13972446]
 [ 0.14504146 -0.12415707 -0.24776707 -0.14495432  0.16800457]
 [ 0.2175941  -0.08662767  0.28551697 -0.02253253 -0.15779529]
 [-0.09114508 -0.0583418  -0.26507234  0.07113312  0.00842834]]
Matrix Pair 27; W = [[ 0.25648805 -0.1314223   0.02345395 -0.19560411  0.12109307]
 [-0.06090582 -0.33196576 -0.02140098  0.20328693 -0.01018848]
 [-0.04089921  0.1317     -0.0705708   0.09306431  0.07986669]
 [-0.16106567  0.07143964  0.08305765 -0.14729047 -0.07683175]
 [-0.07333188 -0.08882116 -0.17359019 -0.17715713  0.03736779]]
U = [[ 0.22940218  0.07900683  0.26027286  0.37911782 -0.07663092]
 [-0.29675835 -0.03887892  0.06282898  0.02228929  0.15147991]
 [ 0.14876103 -0.07548648 -0.23026262 -0.173877    0.21880507]
 [ 0.29357011 -0.05317114  0.25080534 -0.08597723 -0.14727645]
 [-0.14585212 -0.09538934 -0.3158759   0.02797673 -0.00557559]]
Matrix Pair 28; W = [[ 0.23676891 -0.06366543  0.03152143 -0.20300898  0.13615551]
 [-0.11522549 -0.3847483  -0.0757311   0.24872134 -0.04135094]
 [-0.1163742   0.08255762 -0.0135938   0.07040617  0.04548528]
 [-0.1040455   0.05238367  0.03332525 -0.15802368 -0.04599169]
 [-0.0859671  -0.17010306 -0.1927607  -0.15101864  0.008993  ]]
U = [[ 0.22837777  0.14301501  0.22067995  0.35642373 -0.08144499]
 [-0.37635642 -0.12294447  0.04720351  0.08292339  0.22946384]
 [ 0.12745332 -0.1039374  -0.2595612  -0.12331914  0.22094851]
 [ 0.21294299 -0.03219342  0.18636648 -0.06319558 -0.15438851]
 [-0.09694194 -0.02588225 -0.25162366  0.00981218 -0.05651173]]
Matrix Pair 29; W = [[ 2.24460545e-01 -8.00697938e-02 -3.92875822e-03 -2.27723270e-01
   6.97329135e-02]
 [-8.49216416e-02 -3.69467037e-01 -1.30808149e-02  1.94368270e-01
   2.34975795e-04]
 [-1.13231784e-01  9.20986403e-02 -2.79740695e-02  1.35108409e-01
   8.26900900e-02]
 [-9.46079072e-02  9.66156337e-02  7.02124341e-02 -1.14590804e-01
  -1.63055433e-02]
 [-6.97757402e-02 -8.12641743e-02 -1.78304900e-01 -1.24974687e-01
   2.31123773e-02]]
U = [[ 0.25219456  0.08581107  0.2912947   0.35925287 -0.01744244]
 [-0.30951756 -0.06711313  0.06256818  0.03719865  0.17680286]
 [ 0.12379805 -0.08340341 -0.21188798 -0.12183577  0.19143405]
 [ 0.28265917 -0.08316723  0.2260702  -0.04660612 -0.19625353]
 [-0.15093092 -0.07352244 -0.24784855 -0.02520713 -0.00920832]]
Matrix Pair 30; W = [[ 0.29246698 -0.0598201   0.0274261  -0.19891492  0.06631978]
 [-0.07665575 -0.41497633 -0.07834016  0.16903539 -0.05154399]
 [-0.06928484  0.08788728 -0.02988016  0.14971513  0.05636877]
 [-0.0913411   0.02471576  0.07881973 -0.11461102 -0.04957547]
 [-0.06855022 -0.14965557 -0.16682275 -0.14806976  0.02984228]]
U = [[ 1.97756401e-01  1.21973056e-01  3.02596264e-01  3.93625964e-01
  -4.88645066e-02]
 [-3.27851913e-01 -9.76677488e-02  9.68024371e-02  7.10464669e-02
   1.95239254e-01]
 [ 6.75908174e-02 -1.18465663e-01 -2.38077371e-01 -1.75150895e-01
   1.52312359e-01]
 [ 2.38417250e-01 -1.11962782e-01  2.15456173e-01 -2.75923695e-04
  -1.76627970e-01]
 [-1.52192229e-01 -4.25267670e-02 -2.50521365e-01  8.23990952e-03
  -3.96613499e-02]]
Matrix Pair 31; W = [[ 0.22897037 -0.10968026  0.0262823  -0.19551396  0.13664712]
 [-0.10397204 -0.37237579 -0.04943253  0.16746116 -0.08583422]
 [-0.07606696  0.07135848  0.01608554  0.08085334  0.11248553]
 [-0.12258889  0.03757925  0.10262784 -0.09281076 -0.03961887]
 [-0.10764726 -0.08856521 -0.18201972 -0.11327251  0.04400415]]
U = [[ 0.18033606  0.06353267  0.24401825  0.37504483 -0.05339397]
 [-0.34256319 -0.06098686  0.06392244  0.08443922  0.23255218]
 [ 0.05656021 -0.13492913 -0.23556737 -0.14615242  0.20221418]
 [ 0.23107692 -0.09734967  0.20764193 -0.05572537 -0.21052894]
 [-0.17649739 -0.10639553 -0.26059436  0.0537087  -0.05960689]]
Matrix Pair 32; W = [[ 0.28225424 -0.04219435  0.08931219 -0.18828503  0.1572438 ]
 [-0.02570775 -0.4498728  -0.0723004   0.17519574 -0.11221712]
 [-0.1779984   0.11354664 -0.09111184  0.09164376 -0.02760695]
 [-0.0709777   0.15185142  0.09009685 -0.03434324  0.02910279]
 [-0.14400183 -0.13783778 -0.22724387 -0.13626602  0.02673364]]
U = [[ 0.14419674  0.00518054  0.28933744  0.2904848  -0.06009411]
 [-0.38401936 -0.04191288  0.13485772  0.03680273  0.11395824]
 [ 0.02234647 -0.16952068 -0.18141094 -0.10114868  0.07925518]
 [ 0.29090807  0.01856001  0.17504392  0.01443901 -0.26154727]
 [-0.16198159 -0.04080389 -0.32259492 -0.01459052 -0.06088607]]
Matrix Pair 33; W = [[ 0.2762219  -0.01708716  0.11553636 -0.16244797  0.13573701]
 [-0.02967842 -0.42588374 -0.03976181  0.22982795 -0.1754863 ]
 [-0.10934735  0.12121813 -0.04398821  0.0355577  -0.01940073]
 [-0.05858006  0.15000976  0.06019987 -0.12512779  0.01294453]
 [-0.19878139 -0.11814355 -0.22336117 -0.13860117 -0.06933365]]
U = [[ 0.2282456   0.05064325  0.21655038  0.33037456 -0.06425995]
 [-0.39414235 -0.08961686  0.13877763  0.02428512  0.1461489 ]
 [ 0.01897814 -0.13468273 -0.17005442 -0.14376292  0.16998915]
 [ 0.29253603 -0.0583264   0.19421932  0.01873105 -0.23267354]
 [-0.16575567  0.01500867 -0.34147862  0.00789743 -0.02916029]]
Matrix Pair 34; W = [[ 0.25005935 -0.07120036  0.10546564 -0.19616699  0.13206956]
 [-0.05536099 -0.42359306 -0.05720294  0.23072617 -0.14760731]
 [-0.10338869  0.10317103 -0.06074622  0.06545854 -0.02279716]
 [-0.12557562  0.11983216  0.00063516 -0.07719049  0.00190436]
 [-0.17377119 -0.12198446 -0.17837409 -0.14415466 -0.05763674]]
U = [[ 0.17296348  0.02706463  0.26595865  0.33349878 -0.06319369]
 [-0.40623564 -0.06135875  0.10696055  0.05664328  0.09832775]
 [ 0.02118698 -0.14591869 -0.1690847  -0.11131151  0.14515354]
 [ 0.28572619  0.02528451  0.23852026  0.06894924 -0.20834182]
 [-0.09576066 -0.03424323 -0.25352218 -0.01403735  0.00098766]]
Matrix Pair 35; W = [[ 0.30730616 -0.05129421  0.10128569 -0.22683175  0.0945957 ]
 [-0.05238818 -0.37541755 -0.12160066  0.23948689 -0.10068197]
 [-0.17146211  0.10102702 -0.10290953  0.03739735  0.029494  ]
 [-0.12389692  0.05902516  0.02757121 -0.05073667 -0.01317621]
 [-0.17712056 -0.16177414 -0.17230929 -0.20922807 -0.02162299]]
U = [[ 0.23234486  0.0125299   0.24654019  0.31019847 -0.07583609]
 [-0.39849112 -0.07191239  0.10912245  0.07802443  0.14653429]
 [ 0.02261979 -0.20285972 -0.17543448 -0.14030577  0.14283363]
 [ 0.23346506  0.01077087  0.16372788  0.09463095 -0.21518258]
 [-0.11452657  0.0013528  -0.33078157  0.06133966 -0.09776089]]
Matrix Pair 36; W = [[ 0.32067186 -0.08503206  0.11059034 -0.21790328  0.14602626]
 [-0.10825732 -0.37323781 -0.06091324  0.21510556 -0.13926773]
 [-0.12265804  0.11366446 -0.07712034  0.07450767 -0.01115846]
 [-0.06967724  0.09012284  0.09211783 -0.080931   -0.03883606]
 [-0.14932875 -0.11256274 -0.17682898 -0.15307984 -0.02170655]]
U = [[ 0.21459487  0.02998336  0.23720763  0.29936269 -0.10923844]
 [-0.30894695 -0.08286905  0.08860477  0.10070116  0.15935645]
 [ 0.02695224 -0.1571961  -0.25969084 -0.12259023  0.08367439]
 [ 0.26446805 -0.05369473  0.18438831  0.06678351 -0.21231807]
 [-0.1495225  -0.03742366 -0.26708027  0.08265213 -0.0030952 ]]
Matrix Pair 37; W = [[ 0.25626138 -0.10271092  0.04474693 -0.25429603  0.11069157]
 [-0.11152236 -0.41191523 -0.09562687  0.25492383 -0.09741246]
 [-0.11612077  0.09387841 -0.03984957  0.07888062  0.06480337]
 [-0.13045323  0.11370532  0.05758817 -0.08747382  0.01197351]
 [-0.14916002 -0.15814772 -0.26215453 -0.13442222 -0.01022174]]
U = [[ 0.16657215 -0.00430434  0.30017801  0.33689307 -0.03756495]
 [-0.37202865 -0.0636483   0.12603198  0.04453871  0.11188219]
 [ 0.07437217 -0.15681897 -0.2494208  -0.13211447  0.15057908]
 [ 0.3133046   0.02385985  0.16002307  0.04412776 -0.2398445 ]
 [-0.14336541  0.02776631 -0.31377891  0.06930458 -0.06674451]]
Matrix Pair 38; W = [[ 0.30651613 -0.07181821  0.11407816 -0.20317093  0.10303157]
 [-0.10612016 -0.43487985 -0.1264361   0.24696756 -0.18534078]
 [-0.12574782  0.10397631 -0.06510171  0.029959    0.03759971]
 [-0.09711937  0.05804367  0.02160425 -0.11264622  0.01125366]
 [-0.18452752 -0.12406912 -0.24629416 -0.17873716  0.0172222 ]]
U = [[ 0.19861906  0.04899571  0.29325113  0.3796729  -0.0660852 ]
 [-0.34491451 -0.07657672  0.09585775  0.03923186  0.15750271]
 [ 0.05478675 -0.20145373 -0.20063438 -0.15047463  0.1745999 ]
 [ 0.32519095  0.03487482  0.21727517  0.0438106  -0.18578267]
 [-0.11076874 -0.02159153 -0.29901459 -0.0062203  -0.05043743]]
Matrix Pair 39; W = [[ 0.32113305 -0.05438515  0.03755351 -0.1813167   0.14448548]
 [-0.01789781 -0.40947789 -0.05206606  0.25456061 -0.11119948]
 [-0.11048656  0.13334905 -0.06215535  0.06566285 -0.02382378]
 [-0.0467925   0.10558761  0.0308361  -0.0532511  -0.04122851]
 [-0.16692029 -0.11893526 -0.22645125 -0.1595728  -0.02792766]]
U = [[ 0.15316242  0.08249716  0.2582786   0.35566358 -0.0939867 ]
 [-0.32361444 -0.09464671  0.14484508  0.1087311   0.12343274]
 [ 0.04948901 -0.15726108 -0.19553707 -0.09980149  0.09036909]
 [ 0.29646607 -0.04638495  0.1585141   0.04127479 -0.24654341]
 [-0.10417696  0.01474952 -0.27073143  0.04116622 -0.09125859]]
Matrix Pair 40; W = [[ 0.25090683 -0.10332072  0.08059293 -0.21334473  0.17839535]
 [-0.05849006 -0.41266372 -0.10907514  0.23031141 -0.12561367]
 [-0.10703404  0.09070668 -0.05680967  0.1167968   0.05598691]
 [-0.07657363  0.12239508  0.07104023 -0.11870981  0.00829031]
 [-0.17885844 -0.08069952 -0.1980137  -0.1512989  -0.03609028]]
U = [[ 0.23445111  0.04304777  0.2619392   0.29666218 -0.10748557]
 [-0.31429875 -0.06412579  0.11179058  0.02428044  0.12359074]
 [ 0.01600762 -0.12872671 -0.17728731 -0.11858375  0.12133029]
 [ 0.25580234  0.01258616  0.17785745  0.01662972 -0.17043242]
 [-0.13509041 -0.040793   -0.33897707  0.06923388 -0.00762387]]
Matrix Pair 41; W = [[ 0.24945373 -0.04079065  0.04825354 -0.16105415  0.14429021]
 [-0.06257727 -0.3865191  -0.0492441   0.22478038 -0.14856922]
 [-0.08537473  0.11292077 -0.08717532  0.04501688 -0.02557469]
 [-0.11536842  0.10590211  0.09166469 -0.12153327 -0.06680248]
 [-0.13984185 -0.11237732 -0.16749871 -0.20399717  0.00391424]]
U = [[ 1.51046723e-01  6.27298218e-02  2.20390844e-01  3.74342519e-01
  -1.70983536e-02]
 [-3.48374366e-01 -9.44822974e-02  1.04348974e-01  9.11246913e-02
   1.11476597e-01]
 [ 1.43014404e-03 -1.50965849e-01 -2.26161470e-01 -1.32659494e-01
   1.17041987e-01]
 [ 2.39887810e-01 -6.22730905e-02  2.19081186e-01  4.84883200e-02
  -2.20502885e-01]
 [-1.21777987e-01 -2.19260570e-05 -3.19207473e-01  6.29592405e-02
  -4.31651017e-02]]
Matrix Pair 42; W = [[ 0.28828948 -0.07480866  0.09986085 -0.23102599  0.17614906]
 [-0.04853559 -0.45434292 -0.10769323  0.23464095 -0.13862137]
 [-0.15662829  0.09854823 -0.03607276  0.04372443  0.0051965 ]
 [-0.10697602  0.13305912  0.07238916 -0.0685751   0.03007238]
 [-0.15716139 -0.16408564 -0.22452934 -0.12548375 -0.00338143]]
U = [[ 0.1877338   0.06899723  0.21929759  0.33886469 -0.01084159]
 [-0.39437228 -0.08980021  0.07598765  0.08458605  0.15106316]
 [ 0.05379854 -0.16663633 -0.2595693  -0.10459014  0.16498721]
 [ 0.27608655 -0.04011974  0.20890515  0.02106577 -0.25051408]
 [-0.14472799 -0.02453362 -0.25560626 -0.00525583 -0.07895086]]
Matrix Pair 43; W = [[ 0.30996642 -0.05483733  0.04986926 -0.21673557  0.13105803]
 [-0.04154575 -0.4519557  -0.06909589  0.25169995 -0.13390454]
 [-0.10298517  0.1179454  -0.07299006  0.05902567  0.05414536]
 [-0.10898147  0.14163932  0.00518277 -0.09026554 -0.06652243]
 [-0.13205358 -0.14139084 -0.24547806 -0.12085947 -0.06687312]]
U = [[ 0.20592502  0.03072259  0.26603053  0.29137555 -0.01690934]
 [-0.36661497 -0.12482718  0.11822624  0.04998395  0.16241376]
 [ 0.00702742 -0.17443056 -0.20778409 -0.15463426  0.13897517]
 [ 0.24565132 -0.01911706  0.19915905  0.0638796  -0.24320628]
 [-0.17347767 -0.05001218 -0.25967401  0.01403247 -0.08355316]]
Matrix Pair 44; W = [[ 0.31723483 -0.01993231  0.07832252 -0.23621804  0.15106264]
 [-0.0733761  -0.4137875  -0.0925545   0.17190092 -0.13498075]
 [-0.16720677  0.09930613 -0.05247316  0.11953798 -0.01159467]
 [-0.08868272  0.1487622   0.07729831 -0.02706821 -0.01127243]
 [-0.20430996 -0.12231665 -0.21269079 -0.21260535 -0.00545883]]
U = [[ 0.1558073   0.04512425  0.21114111  0.31142451 -0.04111696]
 [-0.40245015 -0.08683627  0.11633165  0.03712443  0.0986282 ]
 [ 0.02250216 -0.13950803 -0.2455826  -0.14327201  0.17101699]
 [ 0.32108535  0.01139732  0.20103125  0.0131622  -0.19652608]
 [-0.09004444 -0.02817348 -0.32995207 -0.00484515 -0.08600257]]
Matrix Pair 45; W = [[ 0.29490379 -0.07322096  0.09623007 -0.18814654  0.15202896]
 [-0.07979675 -0.4241056  -0.1143034   0.2490092  -0.12898753]
 [-0.12074517  0.06181715 -0.06540603  0.05596459  0.03475129]
 [-0.037678    0.14725187  0.02832449 -0.07128849  0.00866462]
 [-0.21565612 -0.16308645 -0.18431579 -0.14083571 -0.00822058]]
U = [[ 0.21935015  0.01426568  0.28692752  0.33277678 -0.02474009]
 [-0.31979138 -0.05424036  0.11933683  0.02363466  0.14420359]
 [ 0.07481647 -0.17414002 -0.20577913 -0.14087053  0.14039321]
 [ 0.24692574  0.03389868  0.20626111  0.06160699 -0.18308808]
 [-0.10040101  0.03073151 -0.26292506  0.03359521 -0.0974552 ]]
Matrix Pair 46; W = [[ 0.28184788 -0.07379688  0.07796783 -0.17123568  0.15488404]
 [-0.0811606  -0.38980198 -0.09156875  0.19697532 -0.17993962]
 [-0.14593177  0.10053769 -0.03051345  0.05413345  0.03897689]
 [-0.13385164  0.09344658  0.00238293 -0.09091659 -0.05498863]
 [-0.13599948 -0.08084401 -0.21807658 -0.12690098 -0.01500736]]
U = [[ 0.17113127  0.00678241  0.28311436  0.36385314 -0.06987429]
 [-0.31819908 -0.0641047   0.08952891  0.0229879   0.13750834]
 [ 0.01777228 -0.1363232  -0.22130126 -0.07819243  0.12819641]
 [ 0.31782215 -0.04666676  0.24343152  0.00594529 -0.1982357 ]
 [-0.17809068 -0.03876253 -0.30361073 -0.01460248 -0.0867911 ]]
Matrix Pair 47; W = [[ 0.24388411 -0.07768381  0.11296983 -0.24749366  0.08974594]
 [-0.02745493 -0.42312813 -0.05284629  0.21305523 -0.11886875]
 [-0.11612599  0.11182404 -0.09707926  0.04501473  0.04191842]
 [-0.1354607   0.11798941  0.03321555 -0.08057583 -0.03806474]
 [-0.20764261 -0.14158978 -0.21730077 -0.20901551  0.0266015 ]]
U = [[ 0.19164506  0.03135951  0.20782416  0.34676937 -0.10046058]
 [-0.32579872 -0.09728017  0.10719162  0.07522559  0.0975049 ]
 [ 0.03181138 -0.10480454 -0.20432961 -0.16325098  0.17400372]
 [ 0.29646396 -0.03748067  0.22494918  0.03906815 -0.25627   ]
 [-0.16441562 -0.01903474 -0.24790978  0.06296534 -0.07192008]]
Matrix Pair 48; W = [[ 0.2773698  -0.06326767  0.09092309 -0.19785801  0.18695564]
 [-0.04432894 -0.39871726 -0.10157258  0.18948062 -0.06319357]
 [-0.0143748   0.03531602 -0.08243658  0.10644193  0.07740199]
 [-0.06118968  0.09235741  0.08446148 -0.07234228 -0.09967716]
 [-0.17099081 -0.10157152 -0.12800761 -0.12280763  0.03647858]]
U = [[ 0.17405352  0.00215434  0.26915248  0.33873358  0.04424819]
 [-0.42070689 -0.08787026  0.02825358  0.0611025   0.13809518]
 [ 0.08264674 -0.15175131 -0.23834628 -0.18524175  0.16886343]
 [ 0.26296815  0.03691653  0.21931654 -0.01931939 -0.1962083 ]
 [-0.11816032 -0.04032205 -0.30025185  0.03162323  0.0359034 ]]
Matrix Pair 49; W = [[ 0.24029802 -0.01285323  0.08837432 -0.15272521  0.18231819]
 [-0.01975598 -0.45518406 -0.12741228  0.20143374 -0.13368475]
 [-0.03334708  0.05122607 -0.05844833  0.15680482  0.00344881]
 [-0.0186276   0.13197748  0.10261091 -0.0604733  -0.04654596]
 [-0.1783999  -0.13551202 -0.16294134 -0.18672661  0.05843731]]
U = [[ 0.19966584  0.0631946   0.22000191  0.36934902 -0.02735468]
 [-0.45123175 -0.02158359  0.05277398  0.11849479  0.13365914]
 [ 0.07519144 -0.08584457 -0.22012046 -0.22203604  0.15370324]
 [ 0.23059994  0.03985918  0.26214553  0.02706227 -0.19110897]
 [-0.10620799 -0.03563086 -0.29023826  0.01336048 -0.03544047]]
Matrix Pair 50; W = [[ 0.2853541  -0.08313323  0.11398486 -0.12315773  0.15659919]
 [ 0.01297155 -0.41836828 -0.18388935  0.16439363 -0.1272947 ]
 [-0.09561258 -0.01478119 -0.08092965  0.16122013  0.06426519]
 [-0.06511074  0.09889952  0.05076478 -0.07830634 -0.08002112]
 [-0.1995974  -0.06508789 -0.12611565 -0.17226566  0.06170451]]
U = [[ 0.18789252  0.06918089  0.24981961  0.31814071 -0.03375382]
 [-0.36916656 -0.02380601  0.06533225  0.13140814  0.11256332]
 [ 0.07174595 -0.07064276 -0.27691565 -0.15166171  0.1573833 ]
 [ 0.26736182 -0.05138979  0.24194624  0.0062906  -0.15640736]
 [-0.03493806 -0.00939141 -0.30048533 -0.02847794 -0.05517473]]
Matrix Pair 51; W = [[ 0.24726325 -0.04884918  0.08855027 -0.18545442  0.19030765]
 [ 0.02527369 -0.45437285 -0.12056022  0.25974165 -0.10495722]
 [-0.0786146   0.01480578 -0.11386169  0.11249611  0.01571306]
 [-0.04223054  0.0965347   0.09141423 -0.12822203 -0.12481006]
 [-0.14205741 -0.14690466 -0.15456173 -0.16889953  0.02521362]]
U = [[ 0.13507612  0.00124875  0.21372337  0.32203919  0.00278188]
 [-0.40530851 -0.09411797  0.01691216  0.11442923  0.08466627]
 [ 0.0787359  -0.14495943 -0.28730387 -0.19055936  0.12292724]
 [ 0.30243942  0.00746548  0.24409678  0.02523231 -0.18264279]
 [-0.06742951  0.02785643 -0.23074836 -0.01421958  0.03671873]]
Matrix Pair 52; W = [[ 0.23347343 -0.02434458  0.03673872 -0.10725905  0.18891562]
 [ 0.01835739 -0.45712904 -0.15005295  0.20477696 -0.07066157]
 [-0.03005536 -0.02962336 -0.05670153  0.07149071  0.02326   ]
 [-0.09743354  0.13997145  0.05191885 -0.08283451 -0.08695333]
 [-0.17950606 -0.10325641 -0.13648362 -0.11340742  0.02530629]]
U = [[ 0.22565848  0.04357233  0.25434325  0.34195587  0.0341992 ]
 [-0.38419636 -0.05762833  0.0302838   0.09796277  0.16316386]
 [ 0.03592833 -0.10768673 -0.28206495 -0.22250583  0.17657365]
 [ 0.30189996 -0.04434625  0.22485759  0.0410595  -0.21314472]
 [-0.10902032 -0.0023825  -0.24611705 -0.03371976 -0.00402442]]
Matrix Pair 53; W = [[ 0.22475489 -0.03601089  0.03737224 -0.10338434  0.18988715]
 [-0.05169106 -0.38964655 -0.14022497  0.24448135 -0.06032453]
 [-0.02606172 -0.00447201 -0.03142993  0.08671603  0.06909659]
 [-0.00519476  0.09214512  0.07924989 -0.15173761 -0.08117018]
 [-0.17372472 -0.07010777 -0.17071787 -0.15431422  0.093359  ]]
U = [[ 0.13965896  0.03939514  0.23927182  0.31242425  0.02280927]
 [-0.38823968 -0.09493104  0.00429637  0.14907293  0.13281132]
 [ 0.07744747 -0.10870949 -0.20403416 -0.22500067  0.16246377]
 [ 0.32366907  0.01236397  0.23633316  0.00364473 -0.18480613]
 [-0.11825081  0.02124508 -0.29301959 -0.0470437  -0.04374528]]
Matrix Pair 54; W = [[ 0.27430308 -0.07532309  0.10783462 -0.10024561  0.13985027]
 [-0.0292977  -0.38177063 -0.13158554  0.16348048 -0.08495378]
 [-0.07789845 -0.04099602 -0.04844234  0.15679996  0.01169189]
 [-0.00821228  0.13725568  0.10205054 -0.12016808 -0.05053614]
 [-0.12527995 -0.14688414 -0.17352521 -0.13533918  0.00975553]]
U = [[ 0.22685637  0.076283    0.27791943  0.31433547  0.00853133]
 [-0.40830259 -0.06424282  0.03652811  0.1435137   0.13902212]
 [ 0.11649654 -0.12141871 -0.21574954 -0.20250727  0.12363424]
 [ 0.28193731 -0.05598137  0.19595092 -0.01432041 -0.17551027]
 [-0.11098425 -0.02943839 -0.28085894  0.03160499 -0.02678025]]
Matrix Pair 55; W = [[ 0.29939054 -0.02156533  0.0775821  -0.12947934  0.13737498]
 [ 0.01513266 -0.38789985 -0.11748179  0.23707875 -0.06587241]
 [-0.07087165  0.00161014 -0.10569442  0.13864985  0.04504975]
 [-0.06069785  0.09628418  0.02867859 -0.14066136 -0.04722469]
 [-0.12130113 -0.10331843 -0.11839963 -0.11016383  0.0971042 ]]
U = [[ 1.33839747e-01  2.51111708e-02  1.93371883e-01  3.03362818e-01
  -3.29063474e-02]
 [-4.10759795e-01 -5.42204256e-02  5.66693638e-02  5.93259848e-02
   1.47374733e-01]
 [ 5.54834107e-02 -1.01106017e-01 -2.94434940e-01 -2.29384576e-01
   1.52392463e-01]
 [ 2.73959460e-01 -5.52721971e-02  2.71097873e-01  3.68783980e-02
  -1.49238319e-01]
 [-5.98067193e-02 -2.74133626e-02 -2.46401039e-01 -1.57952733e-04
  -4.67031479e-03]]
Matrix Pair 56; W = [[ 0.24712583 -0.02558674  0.04412856 -0.1861585   0.11262346]
 [-0.05304378 -0.44257877 -0.17150214  0.19434906 -0.14352307]
 [-0.05665568  0.01045914 -0.05578962  0.11443246  0.05123711]
 [-0.08721393  0.15324213  0.10019754 -0.12789858 -0.05440128]
 [-0.11450759 -0.08125392 -0.1725401  -0.10234894  0.01238985]]
U = [[ 0.17142763  0.04553118  0.28431216  0.3846566   0.03066038]
 [-0.4092598  -0.08377907  0.00731739  0.14097848  0.1328395 ]
 [ 0.05884184 -0.13096066 -0.26805329 -0.16600099  0.16228889]
 [ 0.23227463 -0.03464305  0.20241843  0.00655081 -0.18494467]
 [-0.09876509  0.04579181 -0.27123242 -0.01696809 -0.01893829]]
Matrix Pair 57; W = [[ 0.29107262 -0.02359693  0.05001471 -0.15028786  0.17929789]
 [-0.05937887 -0.4278161  -0.17585208  0.2513387  -0.06634397]
 [-0.02136157 -0.03845901 -0.12115206  0.08956238  0.07077759]
 [-0.09008285  0.15532185  0.08997915 -0.12655521 -0.04185012]
 [-0.1980182  -0.1335968  -0.18862906 -0.17125075  0.0316789 ]]
U = [[ 0.1786479   0.05333516  0.21639734  0.35958768 -0.03470953]
 [-0.44869764 -0.03482313  0.07746116  0.09323814  0.13612974]
 [ 0.03426202 -0.11423997 -0.29975928 -0.18821904  0.17260621]
 [ 0.24209336  0.01285219  0.23131138 -0.00327562 -0.18509541]
 [-0.08189963 -0.00648103 -0.30093914 -0.04064473 -0.02158342]]
Matrix Pair 58; W = [[ 0.23408358 -0.05259874  0.03524071 -0.11560452  0.12792629]
 [-0.05472723 -0.42024564 -0.09361017  0.22531087 -0.08976127]
 [-0.03858608 -0.03265338 -0.11550237  0.12570824  0.04700325]
 [-0.05733007  0.09713366  0.11580646 -0.14889409 -0.11004789]
 [-0.18527548 -0.1035978  -0.11596996 -0.11987345  0.05483128]]
U = [[ 1.47602613e-01  6.78036590e-02  2.61467686e-01  3.57588124e-01
   2.87653827e-02]
 [-3.82284343e-01 -9.92735271e-02  2.84487196e-02  1.56262475e-01
   1.83559406e-01]
 [ 8.62202783e-02 -7.05135797e-02 -2.70088089e-01 -1.59230431e-01
   1.78303343e-01]
 [ 2.95514304e-01 -1.65583732e-02  2.54078306e-01  3.67537975e-02
  -1.53971443e-01]
 [-7.75487131e-02  1.15924039e-02 -2.19549819e-01  2.12626946e-02
   3.23424465e-04]]
Matrix Pair 59; W = [[ 0.24074931 -0.01292652  0.05623718 -0.17054655  0.18118766]
 [ 0.02930824 -0.42009487 -0.0892601   0.23498205 -0.07105054]
 [-0.0181232  -0.03141984 -0.07454598  0.12840838  0.02273456]
 [-0.02964991  0.12506378  0.08918662 -0.06727787 -0.11473539]
 [-0.14052739 -0.0996849  -0.09881873 -0.18677354  0.03785093]]
U = [[ 0.16792901  0.05404423  0.25945017  0.32444269 -0.01029156]
 [-0.43773468 -0.06363183  0.06272184  0.07322285  0.12954362]
 [ 0.10344124 -0.06854465 -0.23208279 -0.22193687  0.17783889]
 [ 0.25458503 -0.0249485   0.26205609  0.05512437 -0.18739248]
 [-0.03928197  0.00124045 -0.28007099 -0.00958719 -0.03189801]]
Matrix Pair 60; W = [[ 0.29332406 -0.0125176   0.09488326 -0.18243004  0.11613371]
 [ 0.03112057 -0.43249269 -0.10263115  0.25841258 -0.10502512]
 [-0.1049829   0.01976644 -0.07538015  0.10898279  0.07605857]
 [-0.05098625  0.09656901  0.06427802 -0.13308682 -0.08624517]
 [-0.11184578 -0.06461364 -0.16271    -0.16750946  0.1008624 ]]
U = [[ 0.18674757  0.07050724  0.24624646  0.36039386 -0.02000734]
 [-0.36762172 -0.10125305 -0.00753431  0.07419549  0.15042258]
 [ 0.07909794 -0.07962368 -0.25052874 -0.17344079  0.1196981 ]
 [ 0.25540354 -0.02918682  0.21013906  0.04593306 -0.184097  ]
 [-0.05881348 -0.01089861 -0.22170582  0.02567116  0.03316669]]
Matrix Pair 61; W = [[ 0.23034851 -0.06458734  0.06037054 -0.19139476  0.12455209]
 [-0.00368154 -0.37756587 -0.17782444  0.21387455 -0.10384236]
 [-0.04836524 -0.02045637 -0.08613505  0.08791443  0.04832968]
 [-0.06290088  0.10958116  0.10340685 -0.06166985 -0.14004267]
 [-0.19210624 -0.10875908 -0.12441632 -0.16708108  0.08116405]]
U = [[ 0.21929126  0.03400317  0.21661746  0.305719    0.00404344]
 [-0.39102145 -0.08127685  0.0552062   0.13341842  0.08951199]
 [ 0.04547008 -0.0817069  -0.29952394 -0.18329297  0.11824429]
 [ 0.28348941 -0.01868235  0.2642391   0.03535752 -0.23078875]
 [-0.11612218  0.0099908  -0.26450388 -0.01302143  0.03361975]]
Matrix Pair 62; W = [[ 0.25130805 -0.05858476  0.03981139 -0.19072969  0.13596371]
 [ 0.01974395 -0.3879491  -0.16226721  0.18154851 -0.11572338]
 [-0.09893404  0.01389579 -0.06618017  0.10818008  0.0215165 ]
 [-0.06445892  0.15090615  0.11104781 -0.13015515 -0.09485434]
 [-0.18676916 -0.0799028  -0.18334644 -0.11006255  0.04389083]]
U = [[ 0.22708082  0.00420524  0.28952444  0.32999954 -0.01584642]
 [-0.4227473  -0.0409328  -0.0031854   0.08308143  0.08532939]
 [ 0.06209362 -0.11474024 -0.25456837 -0.19291855  0.18847661]
 [ 0.24272376  0.00375211  0.27453613 -0.03868027 -0.20583511]
 [-0.0859271   0.01222793 -0.30535149  0.001408   -0.02771511]]
Matrix Pair 63; W = [[ 0.29831226 -0.06914576  0.09272599 -0.13282775  0.11216404]
 [-0.04783587 -0.36747416 -0.13689565  0.20049957 -0.11368074]
 [-0.03690373 -0.02936133 -0.09636372  0.16162524  0.0915733 ]
 [-0.06114772  0.09917696  0.12064798 -0.12294429 -0.07439307]
 [-0.18393445 -0.09313065 -0.15801327 -0.1403149   0.0927912 ]]
U = [[ 0.21078918  0.01911149  0.27368707  0.38294859  0.01986959]
 [-0.44473252 -0.08566923  0.07488614  0.06675164  0.10647764]
 [ 0.13054513 -0.13366276 -0.25067323 -0.17021924  0.18530008]
 [ 0.30938399 -0.03484286  0.21779448 -0.00730763 -0.146518  ]
 [-0.08221525  0.01287806 -0.25386826 -0.03817807 -0.05556908]]
Matrix Pair 64; W = [[ 0.27091625 -0.13104102  0.11063957 -0.14905271  0.21570736]
 [-0.0387922  -0.43573326 -0.14928253  0.2319758  -0.07969894]
 [-0.10890477 -0.00557178  0.00428277  0.09361462  0.09430695]
 [-0.09182084  0.10951916  0.05980493 -0.08466906 -0.13223391]
 [-0.09875382 -0.00574882 -0.21304074 -0.18175286  0.00571926]]
U = [[ 0.27664838  0.03040888  0.1870734   0.32828864 -0.02184948]
 [-0.44017223 -0.18056422  0.09888897  0.16628918  0.18288309]
 [ 0.08224711 -0.01552546 -0.27797374 -0.25108638  0.12862145]
 [ 0.21636121 -0.02688528  0.26802469  0.08648944 -0.24172276]
 [-0.16007041 -0.0486967  -0.32666314  0.01104078  0.04942568]]
Matrix Pair 65; W = [[ 0.26902284 -0.10619779  0.13251251 -0.14499122  0.24429839]
 [-0.03211164 -0.42416268 -0.1499928   0.25986825 -0.0734878 ]
 [-0.1482455  -0.00137408  0.01326168  0.12427364  0.069161  ]
 [-0.11653993  0.07827117  0.05743253 -0.01047971 -0.07595334]
 [-0.16744079 -0.04289455 -0.26392902 -0.13982606  0.04680514]]
U = [[ 0.21158141  0.03948579  0.1710223   0.37469492 -0.03267038]
 [-0.4007992  -0.10612086  0.15113431  0.10058579  0.12826599]
 [ 0.07907224 -0.02429486 -0.26834874 -0.21583373  0.1775918 ]
 [ 0.19232489 -0.03901859  0.31589333  0.04044921 -0.20085718]
 [-0.16290404 -0.04874783 -0.29299314  0.06052506 -0.03564062]]
Matrix Pair 66; W = [[ 0.28252933 -0.12430126  0.07472743 -0.07980236  0.18298702]
 [-0.02114577 -0.4001182  -0.15207382  0.22935418 -0.14602971]
 [-0.09341392  0.03964443 -0.01092915  0.08909599  0.02577623]
 [-0.12650063  0.14252047  0.14355525 -0.09893097 -0.14837784]
 [-0.11035147 -0.02543145 -0.26270229 -0.22129187  0.07607936]]
U = [[ 0.27533868  0.08028124  0.20403239  0.38521819 -0.02925553]
 [-0.4070654  -0.15841473  0.0932901   0.11061445  0.09061626]
 [ 0.1180758  -0.02592832 -0.22558215 -0.24585126  0.17610235]
 [ 0.25686083 -0.02373512  0.32401331  0.01954054 -0.23284107]
 [-0.12230381 -0.01230894 -0.31772209  0.02668721  0.007385  ]]
Matrix Pair 67; W = [[ 0.26858223 -0.07019447  0.09179024 -0.13495023  0.23886327]
 [-0.03464525 -0.3606482  -0.13594861  0.23560519 -0.06979706]
 [-0.12712411  0.04276069  0.01735042  0.18009581  0.09023291]
 [-0.08260153  0.10164627  0.0753249  -0.08322777 -0.07826856]
 [-0.11060335 -0.0374978  -0.25619571 -0.15821262  0.02751842]]
U = [[ 2.23916330e-01  1.89660406e-02  1.93770423e-01  3.64996392e-01
   7.77172532e-03]
 [-4.38350776e-01 -1.00301925e-01  1.02297817e-01  1.33416371e-01
   1.32613424e-01]
 [ 9.31517373e-02 -1.93254776e-02 -2.24742228e-01 -2.06198909e-01
   1.80643103e-01]
 [ 2.06406387e-01  7.93185693e-03  3.06692106e-01  1.00584349e-01
  -2.48323384e-01]
 [-1.38795536e-01 -6.22409668e-02 -2.74497629e-01  2.98201000e-04
   4.75233138e-02]]
Matrix Pair 68; W = [[ 0.23757618 -0.14190003  0.12744264 -0.0911561   0.20771089]
 [-0.0621062  -0.4393213  -0.14550372  0.23925977 -0.07552398]
 [-0.05846187  0.03794592 -0.06321557  0.08719487  0.08023205]
 [-0.08485807  0.14455475  0.13389331 -0.08284897 -0.08031831]
 [-0.15613813  0.00166801 -0.22413256 -0.22487507  0.03495292]]
U = [[ 0.20643131  0.08828875  0.24380641  0.33735869 -0.01576059]
 [-0.42951271 -0.16307782  0.11285002  0.16681168  0.17910959]
 [ 0.03363459 -0.05064721 -0.2386558  -0.21582989  0.15640645]
 [ 0.2140158  -0.0150705   0.30904331  0.09169784 -0.19841361]
 [-0.1332356  -0.06698691 -0.33045883 -0.0222549   0.02393636]]
Matrix Pair 69; W = [[ 0.22223514 -0.08492946  0.09926735 -0.07280078  0.20821595]
 [-0.00811344 -0.37064825 -0.14227021  0.20586904 -0.06607748]
 [-0.08174021  0.04185375 -0.02103879  0.11571615  0.05479887]
 [-0.09931247  0.08440204  0.10691456 -0.09473733 -0.09798686]
 [-0.11476995 -0.08468197 -0.25148336 -0.14255837  0.05305716]]
U = [[ 0.19315587  0.05085982  0.21284761  0.33913742  0.03079736]
 [-0.4343293  -0.18572991  0.08916523  0.10096821  0.09878925]
 [ 0.04604499 -0.01787381 -0.22116539 -0.23159163  0.1642716 ]
 [ 0.21658539  0.02248255  0.32248455  0.08202286 -0.20294109]
 [-0.1627559  -0.02248292 -0.28611525  0.01675246  0.02102596]]
Matrix Pair 70; W = [[ 0.27203514 -0.14009313  0.15260328 -0.09635217  0.25438267]
 [-0.07486543 -0.39946846 -0.07680248  0.19676019 -0.08941432]
 [-0.13753598  0.0375598  -0.04947288  0.12641572  0.02500325]
 [-0.10202978  0.10007532  0.05784356 -0.00779305 -0.13155349]
 [-0.14589623 -0.05605848 -0.18826125 -0.14031359  0.06139412]]
U = [[ 0.24374523  0.10017274  0.16415777  0.319495   -0.03421157]
 [-0.37149583 -0.145302    0.10761746  0.12768043  0.18531017]
 [ 0.09105557 -0.03911057 -0.25094562 -0.19224971  0.21061708]
 [ 0.24180653  0.01876802  0.33503967  0.08906898 -0.18876256]
 [-0.13708378 -0.01095731 -0.3376509  -0.01078691  0.00705878]]
Matrix Pair 71; W = [[ 0.25326258 -0.10100151  0.13737445 -0.12259626  0.19388936]
 [-0.01832493 -0.39502062 -0.09894881  0.28468309 -0.08228123]
 [-0.10529091 -0.00504505  0.00248562  0.15709455  0.07300071]
 [-0.0526453   0.06567252  0.12727658 -0.05618894 -0.15333539]
 [-0.19550805  0.00640231 -0.17956684 -0.22972156  0.0054168 ]]
U = [[ 0.19487033  0.03830635  0.24261688  0.39566495  0.02148007]
 [-0.41578478 -0.18607168  0.08551399  0.1711491   0.14094988]
 [ 0.11781827 -0.06434153 -0.28692903 -0.21681679  0.20397558]
 [ 0.21282781 -0.04128198  0.3443498   0.04544015 -0.20716277]
 [-0.08603078 -0.06423599 -0.32446787 -0.01975859  0.04344803]]
Matrix Pair 72; W = [[ 0.26291779 -0.1381264   0.07661558 -0.08775674  0.24567701]
 [-0.07514081 -0.42136372 -0.09872143  0.2450684  -0.06220607]
 [-0.14217852  0.05418046 -0.01071468  0.16036653  0.09402209]
 [-0.03762598  0.05559121  0.05496464 -0.00937099 -0.07361569]
 [-0.11730355 -0.0691323  -0.19281776 -0.19903065  0.07258993]]
U = [[ 0.21665441  0.1019715   0.21670262  0.31324686 -0.01461343]
 [-0.37067757 -0.11997109  0.0599402   0.08445953  0.12269806]
 [ 0.03655882 -0.09170953 -0.27278299 -0.22631927  0.18818754]
 [ 0.21524957 -0.0552729   0.30054785  0.04158932 -0.27222756]
 [-0.12290367 -0.04246425 -0.26544974 -0.00458472 -0.02952297]]
Matrix Pair 73; W = [[ 0.23230953 -0.1472744   0.15870276 -0.12169887  0.18894366]
 [-0.01536165 -0.43494241 -0.12000152  0.22043165 -0.0813031 ]
 [-0.05471414 -0.02489512 -0.05775761  0.15414157  0.02258999]
 [-0.10178013  0.07682545  0.06456979 -0.08492458 -0.08008001]
 [-0.19560897 -0.03972752 -0.1936054  -0.13587409  0.06719266]]
U = [[ 0.26971319  0.02932265  0.22325259  0.29816335 -0.03895676]
 [-0.36176131 -0.13971162  0.0629915   0.17371229  0.12166887]
 [ 0.06647501 -0.08237515 -0.25540491 -0.2266719   0.2108618 ]
 [ 0.22615131 -0.02501225  0.2904525   0.04327998 -0.18977878]
 [-0.16189544 -0.04301941 -0.24852289  0.00846419 -0.04012495]]
Matrix Pair 74; W = [[ 0.21035834 -0.06730534  0.12182575 -0.14951364  0.23078008]
 [-0.06515767 -0.37422095 -0.10989955  0.23608457 -0.1020377 ]
 [-0.07514007 -0.00680276  0.01401733  0.12844944  0.00685916]
 [-0.03177542  0.06411727  0.10270149 -0.03461303 -0.14755168]
 [-0.10802097  0.00266004 -0.18836935 -0.19985104  0.003537  ]]
U = [[ 0.26389006  0.04579609  0.1716093   0.29753641 -0.02270553]
 [-0.44386224 -0.13726771  0.14944443  0.11459921  0.09855616]
 [ 0.08184014 -0.08916626 -0.28141803 -0.25166912  0.13547051]
 [ 0.24094051 -0.02771289  0.3601746   0.11357814 -0.2479184 ]
 [-0.11012254 -0.05258658 -0.30483502  0.05451832 -0.03698171]]
Matrix Pair 75; W = [[ 0.24755089 -0.07824716  0.07749945 -0.10994272  0.19972528]
 [-0.02911443 -0.41600095 -0.08604016  0.20627714 -0.07666182]
 [-0.12422532  0.0480218  -0.03903985  0.09884626 -0.00060053]
 [-0.09924592  0.0770281   0.07450752 -0.03420048 -0.08450642]
 [-0.15816347 -0.00157428 -0.23067261 -0.14740545  0.06472335]]
U = [[ 0.27915167  0.05089935  0.17664331  0.35497246 -0.02486052]
 [-0.35302513 -0.13430453  0.12128851  0.13212571  0.17092676]
 [ 0.10570106 -0.05986827 -0.26807665 -0.19877614  0.16244355]
 [ 0.27098489 -0.00921461  0.3528693   0.01981136 -0.21707549]
 [-0.10134346 -0.03183346 -0.23987594  0.04639702 -0.02645357]]
Matrix Pair 76; W = [[ 0.2344319  -0.13512977  0.09944107 -0.06573264  0.21226357]
 [-0.05550176 -0.40095355 -0.13148423  0.28136824 -0.12730344]
 [-0.06751765 -0.0257359  -0.0200663   0.15932447  0.06010866]
 [-0.0445929   0.07494297  0.05676333 -0.00595969 -0.13624725]
 [-0.17724077 -0.01773996 -0.19329588 -0.16632511  0.06307831]]
U = [[ 0.27763248  0.04386127  0.23830236  0.32119618  0.00062475]
 [-0.38618573 -0.12914097  0.14351851  0.15639972  0.13500203]
 [ 0.08809171 -0.02886701 -0.21824953 -0.23010302  0.13809746]
 [ 0.23295348  0.01285834  0.32632465  0.05244664 -0.20853409]
 [-0.14718624 -0.02357639 -0.31073899  0.0095667  -0.04634022]]
Matrix Pair 77; W = [[ 0.20326159 -0.13055573  0.12806137 -0.08556803  0.25529538]
 [-0.03578863 -0.37308528 -0.14331393  0.2614022  -0.08514892]
 [-0.14229586 -0.02805096 -0.05051681  0.13954723  0.09003683]
 [-0.1202229   0.07104445  0.11660502 -0.02902331 -0.08125155]
 [-0.0987479  -0.04218577 -0.27128185 -0.18525063  0.05509101]]
U = [[ 0.26076999  0.0569546   0.16246471  0.31914075  0.02221271]
 [-0.4402495  -0.1691864   0.10439566  0.17235973  0.17298331]
 [ 0.09740522 -0.0281455  -0.22283613 -0.17880564  0.18622964]
 [ 0.20502768 -0.03556209  0.31681795  0.08409483 -0.2064243 ]
 [-0.12821275 -0.04071411 -0.30883333 -0.00139222  0.03318277]]
Matrix Pair 78; W = [[ 0.2785766  -0.07631542  0.12551282 -0.09192525  0.26226227]
 [-0.02447625 -0.43962069 -0.08472909  0.2026518  -0.12135438]
 [-0.14666183 -0.04099776  0.00369697  0.13519158  0.09657607]
 [-0.05717596  0.12858939  0.13650509 -0.0337515  -0.10498185]
 [-0.15267032 -0.04782518 -0.24499157 -0.14807736  0.04135976]]
U = [[ 0.28957062  0.03007091  0.17074939  0.34728442 -0.05489523]
 [-0.40288808 -0.14603487  0.12384862  0.10625737  0.15806938]
 [ 0.04268111 -0.06266781 -0.28777085 -0.17968201  0.21172041]
 [ 0.22047911  0.01472282  0.27493698  0.04032532 -0.18272707]
 [-0.17897365 -0.02324459 -0.33632554  0.04035679  0.0015312 ]]
Matrix Pair 79; W = [[ 0.21562944 -0.10706689  0.117253   -0.13891258  0.25280719]
 [-0.07066999 -0.3859851  -0.06327653  0.22155848 -0.07655412]
 [-0.05610732 -0.0326644  -0.04416002  0.1179028   0.06254165]
 [-0.08540481  0.13323313  0.10946617 -0.0549321  -0.07367966]
 [-0.12634341 -0.02643588 -0.26615414 -0.15710447  0.03532011]]
U = [[ 0.23024304  0.08845323  0.19542178  0.39308877 -0.03346298]
 [-0.35857441 -0.16726299  0.10464451  0.12298169  0.16357849]
 [ 0.04571158 -0.01110553 -0.27348938 -0.18600881  0.1865244 ]
 [ 0.18504423  0.01735038  0.30270666  0.01529138 -0.18620422]
 [-0.10724201  0.01049103 -0.32285195  0.02888551  0.04030462]]
Matrix Pair 80; W = [[ 0.22425963 -0.07609341  0.04365439 -0.17991172  0.14223944]
 [-0.07750454 -0.3403299  -0.09821781  0.23286264 -0.12693014]
 [-0.03600528 -0.0112874  -0.12426     0.10455662  0.03269456]
 [-0.04716319  0.09909507  0.04244304 -0.08217043 -0.13136712]
 [-0.14909725 -0.07270533 -0.18509413 -0.18173756  0.01947217]]
U = [[ 0.12175095  0.09940803  0.21109678  0.36316443  0.01405102]
 [-0.33249485 -0.08220263  0.03233625  0.06031215  0.13404217]
 [ 0.08377831 -0.09187087 -0.23361115 -0.15155281  0.13309268]
 [ 0.23605566  0.01257646  0.22718417 -0.00842411 -0.19307215]
 [-0.0943917  -0.0423676  -0.28278246 -0.04842463 -0.02342657]]
Matrix Pair 81; W = [[ 0.23401173 -0.02359131  0.02829986 -0.19411094  0.13589217]
 [-0.09207687 -0.39692314 -0.09020857  0.27341897 -0.09024789]
 [-0.01939739 -0.00869381 -0.0973969   0.10902339  0.09069629]
 [-0.01369593  0.1056617   0.06043356 -0.05571977 -0.10656444]
 [-0.13634568 -0.07245527 -0.17143186 -0.11478692  0.04487638]]
U = [[ 0.14899088  0.05314042  0.24798377  0.33025666 -0.00197029]
 [-0.26656993 -0.13415777  0.11022423  0.10754687  0.21165838]
 [ 0.10071997 -0.09200354 -0.23945148 -0.1703221   0.14588026]
 [ 0.23009317 -0.00743312  0.15141762  0.03335921 -0.16031227]
 [-0.05167694 -0.00762853 -0.33400168 -0.02474419 -0.00456579]]
Matrix Pair 82; W = [[ 0.20816094 -0.01034476  0.08986675 -0.18552612  0.07668615]
 [-0.05848415 -0.41109181 -0.09366664  0.25676095 -0.09467513]
 [ 0.01368361  0.04096443 -0.03142019  0.15298324  0.04581455]
 [-0.00782883  0.03409574  0.03201654 -0.03024421 -0.07032672]
 [-0.12927462 -0.13126998 -0.18346381 -0.12587285  0.00811151]]
U = [[ 0.19935566  0.01944327  0.29608674  0.37704969 -0.00902829]
 [-0.34599284 -0.15506137  0.03072151  0.08503904  0.14998933]
 [ 0.08822588 -0.10825986 -0.28305547 -0.14690394  0.08083056]
 [ 0.20706813  0.01916778  0.15605583  0.04598089 -0.15131026]
 [-0.08392333 -0.02596569 -0.35651025 -0.09543027  0.01215992]]
Matrix Pair 83; W = [[ 0.25157061 -0.06789303  0.04185945 -0.20247036  0.11756204]
 [-0.09365377 -0.42205091 -0.14550593  0.22764309 -0.10535769]
 [-0.00611652 -0.02805359 -0.0427291   0.15595333  0.07477578]
 [-0.04246769  0.08541408  0.06207229 -0.07836757 -0.07544686]
 [-0.127331   -0.12569594 -0.18017063 -0.14575131 -0.01254841]]
U = [[ 0.10414994  0.07981157  0.2767129   0.39343051  0.01212449]
 [-0.34634814 -0.0991642   0.0542453   0.0952033   0.20940064]
 [ 0.08663846 -0.08754479 -0.25379504 -0.15954539  0.1637401 ]
 [ 0.26452709  0.00836037  0.18808667  0.06291983 -0.14567479]
 [-0.06781742  0.01302803 -0.34599883 -0.04931975  0.00985095]]
Matrix Pair 84; W = [[ 0.24960603 -0.00647685  0.02572187 -0.23921147  0.05773235]
 [-0.1065235  -0.37231784 -0.09654454  0.191654   -0.13754959]
 [-0.03139285 -0.03171223 -0.11149749  0.07161927  0.09289339]
 [-0.03416915  0.048796    0.05725    -0.06863671 -0.10277487]
 [-0.17188657 -0.05730769 -0.22612954 -0.14732533 -0.01165269]]
U = [[ 0.1519506   0.04572586  0.24198073  0.33175893 -0.0060561 ]
 [-0.33095428 -0.09304995  0.07482398  0.09258984  0.20281582]
 [ 0.15755019 -0.13124466 -0.22430527 -0.1534824   0.08523994]
 [ 0.22329148  0.03497217  0.23308885 -0.02021986 -0.18407574]
 [-0.0927758  -0.07144458 -0.30660218 -0.00219482  0.01651717]]
Matrix Pair 85; W = [[ 0.21231471 -0.09401839  0.0312812  -0.15144912  0.1467004 ]
 [-0.03654662 -0.36161798 -0.10125614  0.27205929 -0.14085592]
 [-0.03546904  0.05476056 -0.07739034  0.16974058  0.0699764 ]
 [-0.06840555  0.09516151  0.05912085 -0.09434531 -0.12581788]
 [-0.18583031 -0.11766422 -0.20150487 -0.16306076 -0.02679636]]
U = [[ 0.10333639  0.04236527  0.24349574  0.41338813 -0.06665045]
 [-0.28558491 -0.10097463  0.09563054  0.05676291  0.13954272]
 [ 0.14202903 -0.06525283 -0.31007447 -0.15783125  0.10033928]
 [ 0.24068095 -0.02493967  0.15758278  0.02055199 -0.17424539]
 [-0.05072626 -0.06870172 -0.32037836 -0.02219346 -0.03394114]]
Matrix Pair 86; W = [[ 0.23492899 -0.02281263  0.07130252 -0.23650376  0.11544252]
 [-0.10295707 -0.33158553 -0.11801865  0.20355512 -0.10832737]
 [-0.02009325  0.04995339 -0.04298349  0.13888702  0.06575981]
 [-0.07771715  0.07641497  0.11661048 -0.04879634 -0.07659052]
 [-0.11091181 -0.07548526 -0.1578304  -0.16039837  0.06431077]]
U = [[ 0.11185894  0.0165673   0.29323158  0.37489738  0.00695704]
 [-0.3221214  -0.16989554  0.01767031  0.06888431  0.20868246]
 [ 0.09300178 -0.04407168 -0.28491184 -0.11976521  0.14578196]
 [ 0.23641728  0.01290133  0.15086064  0.0675041  -0.13598011]
 [-0.06630177 -0.07369572 -0.34793658 -0.08457203  0.05015887]]
Matrix Pair 87; W = [[ 0.27331669 -0.04659564  0.11909421 -0.21503239  0.08440554]
 [-0.02346391 -0.3882041  -0.09355883  0.24131176 -0.04865834]
 [-0.00948133  0.02093255 -0.11082657  0.07811022  0.07827279]
 [-0.08952201  0.0246792   0.08678011 -0.04717892 -0.08139526]
 [-0.20843509 -0.09325102 -0.16337987 -0.15940376  0.02047112]]
U = [[ 0.1903508   0.07919069  0.2570048   0.38481426 -0.05239347]
 [-0.3242396  -0.07575126  0.05478479  0.10567796  0.16488499]
 [ 0.11249909 -0.11451052 -0.23847457 -0.13674587  0.13409454]
 [ 0.2876672   0.02234344  0.15682059  0.0488844  -0.16416955]
 [-0.06457296 -0.00849969 -0.29964948 -0.07769622 -0.0362514 ]]
Matrix Pair 88; W = [[ 0.25760738 -0.02794689  0.02464521 -0.23336987  0.10327599]
 [-0.01838192 -0.39660957 -0.16323723  0.24624317 -0.09531766]
 [-0.07271373  0.04867596 -0.03843603  0.09710676  0.10234291]
 [-0.08404567  0.05264878  0.05008799 -0.0334149  -0.09728601]
 [-0.12581893 -0.11876248 -0.21563001 -0.1873431   0.01696118]]
U = [[ 0.15628966  0.02500027  0.20250945  0.3727934  -0.06257241]
 [-0.27259627 -0.07295143  0.0837315   0.11638304  0.14178174]
 [ 0.12965043 -0.07893373 -0.3188311  -0.18566742  0.11038754]
 [ 0.21967397 -0.00781243  0.15555381  0.01616618 -0.17361386]
 [-0.09450516 -0.03005244 -0.30547804 -0.09208054  0.05233868]]
Matrix Pair 89; W = [[ 0.23293133 -0.07408414  0.12293254 -0.18814788  0.05744206]
 [-0.0185731  -0.41727422 -0.17464457  0.24594439 -0.09867912]
 [-0.00415673  0.045742   -0.09791674  0.12291264  0.06103179]
 [-0.07492442  0.05015976  0.1023794  -0.08802212 -0.05796372]
 [-0.20162714 -0.09798241 -0.18231597 -0.13596779  0.06643559]]
U = [[ 0.15127815  0.06785859  0.25448271  0.34511757 -0.01956788]
 [-0.29995314 -0.15450254  0.01513452  0.12706669  0.19737983]
 [ 0.10049103 -0.10828841 -0.2729329  -0.11893462  0.16202616]
 [ 0.20907974 -0.01627289  0.19090356 -0.01951255 -0.15848298]
 [-0.07397017 -0.01358848 -0.28104442 -0.03141733 -0.03037745]]
Matrix Pair 90; W = [[ 0.25111774 -0.09762206  0.09154293 -0.22243301  0.09579751]
 [-0.02290649 -0.36315874 -0.1813436   0.22948844 -0.11971634]
 [-0.0841645  -0.0109574  -0.10022631  0.11444494  0.07598843]
 [-0.0627611   0.06225153  0.03894658 -0.07463084 -0.07009296]
 [-0.15322387 -0.12882089 -0.1636695  -0.11769576  0.02917736]]
U = [[ 0.11095189  0.02238013  0.24422076  0.35956095 -0.03498844]
 [-0.28217049 -0.15883824  0.07865239  0.1188018   0.12849207]
 [ 0.09092596 -0.0728661  -0.3186254  -0.18950295  0.15857618]
 [ 0.28095096  0.03838309  0.17080348  0.06191746 -0.1959612 ]
 [-0.08628221 -0.02098857 -0.3631335  -0.08271755 -0.00629072]]
Matrix Pair 91; W = [[ 0.21151257 -0.09998998  0.11432193 -0.24122482  0.06568369]
 [-0.03605638 -0.42865275 -0.16150918  0.25674976 -0.13744524]
 [-0.07840206  0.01494033 -0.06263488  0.16104703  0.05642663]
 [-0.0881333   0.03566533  0.0345396  -0.0543941  -0.13646646]
 [-0.12848979 -0.06954495 -0.15232021 -0.10354882  0.01532841]]
U = [[ 0.14645793  0.06643834  0.26610409  0.34525153  0.01582051]
 [-0.34625808 -0.11778788  0.05288563  0.07205054  0.17648053]
 [ 0.0704997  -0.11935034 -0.27078388 -0.16194071  0.13522582]
 [ 0.19271766  0.04438597  0.16232524  0.00542248 -0.13783116]
 [-0.11463963 -0.05806731 -0.28924863 -0.01917059 -0.00984043]]
Matrix Pair 92; W = [[ 0.20503288 -0.07103349  0.09067453 -0.19602223  0.07941325]
 [-0.10338484 -0.3525248  -0.12655635  0.22028912 -0.0950739 ]
 [-0.04599358  0.05302556 -0.06156895  0.10138898  0.10459051]
 [-0.04210251  0.06690058  0.05570418 -0.01229115 -0.07170921]
 [-0.13769987 -0.11779578 -0.17044985 -0.110024    0.0408703 ]]
U = [[ 0.20167301  0.08219193  0.21178571  0.33655133 -0.00667498]
 [-0.31353859 -0.13910631  0.07333563  0.10052094  0.12467641]
 [ 0.11215041 -0.08349098 -0.31938289 -0.16277155  0.13891806]
 [ 0.19266522  0.03517224  0.24212194 -0.01434645 -0.16137517]
 [-0.10483744 -0.01689839 -0.34398018 -0.01926164  0.00507137]]
Matrix Pair 93; W = [[ 0.24064961 -0.00933875  0.07062536 -0.20212892  0.06400323]
 [-0.03960181 -0.3510559  -0.15964974  0.2692979  -0.14031106]
 [-0.02431603 -0.00851058 -0.1123519   0.13417352  0.11234205]
 [-0.10236263  0.0564476   0.09088056 -0.08758996 -0.06124633]
 [-0.20614867 -0.13786592 -0.22282589 -0.10791365  0.03018607]]
U = [[ 1.29110345e-01  4.44328743e-02  2.22168456e-01  3.20522307e-01
  -1.10148987e-03]
 [-2.69255229e-01 -1.56938048e-01  1.46778158e-02  4.74469132e-02
   2.11121256e-01]
 [ 1.16516676e-01 -8.10260216e-02 -2.46241032e-01 -1.71425089e-01
   1.58315792e-01]
 [ 2.26371504e-01  7.89258285e-05  1.87055623e-01  1.74947071e-02
  -1.65777277e-01]
 [-6.62762587e-02 -3.68433028e-02 -3.27414098e-01 -6.85723969e-02
  -3.16670724e-02]]
Matrix Pair 94; W = [[ 0.21704446 -0.09881136  0.07885011 -0.14996561  0.13515887]
 [-0.036511   -0.39266688 -0.1127158   0.19549831 -0.09951071]
 [-0.05026708  0.05796762 -0.10159193  0.07590596  0.04863798]
 [-0.01310464  0.06906095  0.0590825  -0.03427849 -0.11049458]
 [-0.11975668 -0.04740646 -0.19017469 -0.11822798  0.00169534]]
U = [[ 0.19756534  0.07578254  0.22005111  0.41041265 -0.01131671]
 [-0.2955954  -0.15682959  0.04508146  0.06486895  0.17874313]
 [ 0.08724393 -0.1076144  -0.24562554 -0.13576444  0.14520438]
 [ 0.28774475  0.03520507  0.17969558  0.04519269 -0.16966935]
 [-0.05359104  0.02245927 -0.29755665 -0.00450692  0.01461883]]
Matrix Pair 95; W = [[ 0.25247827 -0.03035426  0.09203414 -0.24480413  0.11245355]
 [-0.02379168 -0.34478296 -0.15037454  0.22068462 -0.09747505]
 [-0.04877622  0.06300682 -0.03480273  0.14056298  0.10270697]
 [-0.06220315  0.11576395  0.10074984 -0.09704887 -0.05212858]
 [-0.11967739 -0.11840906 -0.15908007 -0.13947886 -0.02896554]]
U = [[ 0.13222811  0.04934599  0.22854366  0.39063122 -0.00441322]
 [-0.26882541 -0.11359619  0.03068618  0.09417686  0.1968737 ]
 [ 0.08752334 -0.13478135 -0.2662772  -0.13170921  0.1496404 ]
 [ 0.20062803 -0.03680676  0.22599159  0.00825613 -0.19989384]
 [-0.12982317 -0.04194556 -0.31910488 -0.04912996 -0.03054955]]
Matrix Pair 96; W = [[ 0.36502868  0.01476566  0.12874306 -0.2009807   0.149759  ]
 [-0.07311826 -0.43356409 -0.12361248  0.26943805 -0.03962538]
 [-0.04564688  0.05580927 -0.09668215  0.07985047  0.07369662]
 [ 0.01710399  0.05275359  0.14966628 -0.05870868 -0.09289567]
 [-0.16980767 -0.11298936 -0.24688246 -0.19320226  0.09026255]]
U = [[ 0.13973873  0.07247287  0.20407282  0.31051981 -0.0477069 ]
 [-0.412797   -0.05370211  0.04547594  0.10627023  0.09680436]
 [ 0.05794926 -0.14913962 -0.26460087 -0.1554314   0.13938871]
 [ 0.32603347 -0.06128152  0.24623293 -0.02691567 -0.25504946]
 [-0.16838961 -0.02676395 -0.35466776 -0.07987962 -0.00943214]]
Matrix Pair 97; W = [[ 0.33378048 -0.01481264  0.10965518 -0.25264272  0.21077097]
 [-0.02486057 -0.4193728  -0.15604995  0.25620682 -0.063785  ]
 [-0.07628075 -0.02249192 -0.01075201  0.07472551  0.04790421]
 [-0.04827116  0.10074463  0.07684423 -0.11170717 -0.06464247]
 [-0.11372899 -0.1508689  -0.24631857 -0.15164598  0.09266051]]
U = [[ 0.09841876  0.05949072  0.23450041  0.38955955 -0.04472266]
 [-0.40649115 -0.11985333  0.02213203  0.08455061  0.12561237]
 [ 0.08753948 -0.12606725 -0.27573718 -0.16494023  0.13750007]
 [ 0.3243866  -0.04796212  0.162881    0.01586709 -0.23970667]
 [-0.13627088 -0.06180501 -0.28045047 -0.12603892  0.03052412]]
Matrix Pair 98; W = [[ 0.33130026  0.03967226  0.0550958  -0.16505884  0.14637179]
 [-0.07916978 -0.41207421 -0.1365719   0.25010157  0.00713462]
 [-0.05112209  0.01178673 -0.05862528  0.16587511  0.00977445]
 [ 0.0380331   0.08752537  0.14440215 -0.0455444  -0.06660659]
 [-0.10758236 -0.137539   -0.19210432 -0.16937091  0.09127491]]
U = [[ 0.07775365  0.0178766   0.27564684  0.35667699 -0.01817394]
 [-0.47224146 -0.07239716  0.0655356   0.07819719  0.13249664]
 [ 0.08716542 -0.10510252 -0.21662582 -0.10833303  0.11926902]
 [ 0.2599606   0.01048874  0.17829405 -0.00182668 -0.16141371]
 [-0.16623657 -0.01988972 -0.32201062 -0.04921843  0.02399298]]
Matrix Pair 99; W = [[ 0.28375794  0.05781296  0.10541087 -0.17270161  0.22423617]
 [-0.01312579 -0.41970229 -0.12678261  0.20664045 -0.07707086]
 [-0.0251105   0.05793871 -0.03756745  0.09217816 -0.01719267]
 [ 0.0399532   0.1015428   0.07830366 -0.0690694  -0.04895563]
 [-0.14014295 -0.08453608 -0.17832383 -0.20379411  0.09998016]]
U = [[ 0.13427307  0.08515341  0.2717354   0.38815256  0.03925884]
 [-0.44158511 -0.12104427  0.01171041  0.10946957  0.12314096]
 [ 0.11368594 -0.13272432 -0.22505712 -0.16661661  0.18071788]
 [ 0.23714004 -0.03588675  0.23892456 -0.01221511 -0.18743323]
 [-0.17710559  0.0238906  -0.34451113 -0.0402572  -0.03832902]]
Matrix Pair 100; W = [[ 0.28253372 -0.00930581  0.09105925 -0.2481347   0.19466382]
 [-0.09842894 -0.39957974 -0.09344711  0.24959965 -0.07941587]
 [-0.10303878  0.0485506  -0.0174686   0.11703187  0.06308784]
 [-0.00900235  0.10227233  0.15824551 -0.11853117 -0.08109347]
 [-0.15938621 -0.13321653 -0.18284913 -0.166557    0.0284536 ]]
U = [[ 0.13730446 -0.00095973  0.27640826  0.40402435 -0.00500779]
 [-0.44674901 -0.04056462 -0.0141894   0.10149392  0.15441547]
 [ 0.07454044 -0.14308688 -0.18965964 -0.15344117  0.10649458]
 [ 0.25214928 -0.07851292  0.23896162  0.0532892  -0.19937574]
 [-0.1835068  -0.0441141  -0.35976185 -0.10327252 -0.0401016 ]]
Matrix Pair 101; W = [[ 0.33723428 -0.02251147  0.06049068 -0.2344838   0.16346984]
 [-0.04403472 -0.43315096 -0.08628162  0.287803   -0.05442396]
 [-0.07091729 -0.01134917 -0.01756783  0.15394845 -0.01206871]
 [-0.01259369  0.10813203  0.12530132 -0.04133572 -0.04982417]
 [-0.14128768 -0.10475997 -0.23039923 -0.11858177  0.06629487]]
U = [[ 0.09642641  0.06067703  0.21831837  0.38819169  0.0406628 ]
 [-0.37877824 -0.07610244  0.02938947  0.10756503  0.13222816]
 [ 0.10718627 -0.10332501 -0.19508284 -0.15357956  0.18589462]
 [ 0.26776674  0.01605661  0.19600108  0.04863304 -0.21374571]
 [-0.1237415  -0.0217907  -0.33691301 -0.10423171  0.04039573]]
Matrix Pair 102; W = [[ 0.37757635  0.02921459  0.12170659 -0.17089351  0.1619448 ]
 [-0.00781736 -0.3980554  -0.09262645  0.27167096 -0.02926098]
 [-0.09360325 -0.00477382 -0.09084599  0.09175823 -0.00190009]
 [-0.04751802  0.01938899  0.14567664 -0.0517152  -0.04909998]
 [-0.0849351  -0.09996465 -0.20755292 -0.15165542  0.03749757]]
U = [[ 0.13940479  0.05461326  0.19755362  0.31648087 -0.04476875]
 [-0.44856913 -0.08241189 -0.00593598  0.1150248   0.09150999]
 [ 0.08523886 -0.10271625 -0.18708477 -0.15308558  0.18779309]
 [ 0.29830618 -0.03468715  0.23083894 -0.02174335 -0.23492945]
 [-0.20267058  0.00065664 -0.31289636 -0.04800393  0.01437692]]
Matrix Pair 103; W = [[ 0.37190671  0.05129536  0.07941948 -0.24482012  0.18104878]
 [-0.08186901 -0.42514397 -0.13076249  0.25914294  0.00087278]
 [-0.08107546 -0.02459993 -0.00798692  0.12085031  0.00385321]
 [ 0.02944774  0.02234303  0.14040563 -0.03679198 -0.08985722]
 [-0.15846149 -0.13929974 -0.1860878  -0.12754418  0.03314731]]
U = [[ 0.15534101  0.08702617  0.1840335   0.37539008  0.02317334]
 [-0.39918816 -0.13727222  0.02751589  0.11299879  0.10697026]
 [ 0.04083602 -0.1527611  -0.24748743 -0.15513184  0.17049725]
 [ 0.29062474 -0.04644572  0.19932938 -0.00112762 -0.23239909]
 [-0.19348311  0.01257462 -0.26808481 -0.1074123   0.04687308]]
Matrix Pair 104; W = [[ 0.30426697  0.03822302  0.13795582 -0.19176704  0.16573145]
 [-0.03800452 -0.38706862 -0.13885867  0.21847134 -0.02361881]
 [-0.09068625 -0.02868607 -0.04410059  0.13867395 -0.0028653 ]
 [-0.04097651  0.0688151   0.16056324 -0.12756992 -0.08938489]
 [-0.13834989 -0.12225584 -0.17321562 -0.1252244   0.04964022]]
U = [[ 0.10492164  0.08079502  0.19766174  0.34640847 -0.02593663]
 [-0.3754688  -0.04011297  0.058762    0.05603956  0.11371704]
 [ 0.07446942 -0.16354169 -0.26479696 -0.17415436  0.15737661]
 [ 0.30492694 -0.06377685  0.1530704   0.01668642 -0.19492312]
 [-0.12458119 -0.05293414 -0.34672916 -0.05083095 -0.019556  ]]
Matrix Pair 105; W = [[ 0.30284148  0.0315772   0.09005776 -0.16573009  0.21489745]
 [-0.02892805 -0.35226132 -0.1599985   0.22982695 -0.00481782]
 [-0.02400583  0.01937101 -0.078834    0.10578275  0.03847623]
 [-0.01759316  0.05942475  0.08647938 -0.07324043 -0.05225502]
 [-0.11111235 -0.13440823 -0.17709481 -0.18828145  0.03441052]]
U = [[ 0.08713805  0.0428268   0.24050993  0.32968531  0.0050811 ]
 [-0.4387579  -0.08466676  0.06971473  0.10525001  0.09055553]
 [ 0.04020814 -0.14725593 -0.18628183 -0.19879689  0.10567497]
 [ 0.30362328  0.01135331  0.16206619  0.03499463 -0.21772717]
 [-0.20417386 -0.01739445 -0.36278014 -0.05300734  0.03484438]]
Matrix Pair 106; W = [[ 0.33880421  0.02727231  0.07389952 -0.19763014  0.15623039]
 [-0.04005231 -0.44004762 -0.13448612  0.21387302 -0.02457261]
 [-0.11756279 -0.02073943 -0.06626386  0.09733262  0.03814919]
 [ 0.04027568  0.09987997  0.1750859  -0.0786394  -0.02620822]
 [-0.15091855 -0.16458135 -0.22952237 -0.14485145  0.02002351]]
U = [[ 0.09400908  0.04046435  0.23710804  0.40305693  0.038263  ]
 [-0.40651563 -0.06779304  0.01621506  0.13035128  0.09579651]
 [ 0.09350988 -0.11875663 -0.21737645 -0.15401893  0.17599497]
 [ 0.23479552 -0.05966808  0.23913619  0.04066557 -0.18942122]
 [-0.1528513   0.0006858  -0.3042294  -0.05619439 -0.03701921]]
Matrix Pair 107; W = [[ 0.29770955  0.02263638  0.10630239 -0.24463883  0.21330889]
 [-0.02122583 -0.36026156 -0.10464795  0.26161068 -0.04624936]
 [-0.10548011 -0.0305327  -0.08862506  0.11898759  0.03875095]
 [ 0.0082224   0.09828318  0.10402375 -0.04295597 -0.08423273]
 [-0.12959016 -0.1531087  -0.20408625 -0.204744    0.06290056]]
U = [[ 0.13780177  0.06844285  0.21731033  0.37126713  0.02636936]
 [-0.43727225 -0.11342956  0.07384104  0.10880912  0.1017205 ]
 [ 0.08894349 -0.13273397 -0.19369732 -0.19030772  0.13044364]
 [ 0.2470888  -0.04266743  0.22746788 -0.02509451 -0.2377581 ]
 [-0.12440462  0.00665663 -0.34227136 -0.0583062   0.01196249]]
Matrix Pair 108; W = [[ 0.34470118 -0.02370931  0.10757569 -0.19777734  0.19736945]
 [-0.02922789 -0.38234222 -0.09759915  0.23264071  0.00435553]
 [-0.11206618  0.01889709 -0.00929299  0.16091305  0.0332255 ]
 [ 0.04217988  0.02518953  0.13226935 -0.08280604 -0.10986418]
 [-0.15081877 -0.14012732 -0.22120936 -0.19542269  0.02586302]]
U = [[ 0.13595501  0.06535638  0.20218626  0.34144373 -0.0399361 ]
 [-0.39789955 -0.06342589 -0.02060458  0.12765296  0.16367839]
 [ 0.07999134 -0.13105586 -0.26180163 -0.13367918  0.09969392]
 [ 0.33166755  0.0090851   0.17778357  0.03961497 -0.17997262]
 [-0.12663934  0.01521463 -0.33665727 -0.12079725 -0.00399651]]
Matrix Pair 109; W = [[ 0.33274171  0.01466708  0.04982132 -0.19031762  0.21146516]
 [-0.01479321 -0.36160842 -0.08415335  0.28422559 -0.03647384]
 [-0.05732847  0.04989388 -0.00903106  0.15254486  0.06316529]
 [-0.00063716  0.11029465  0.12451438 -0.02961182 -0.09373703]
 [-0.16623079 -0.09712817 -0.25066221 -0.12388398  0.09700942]]
U = [[ 0.12745729  0.07229398  0.24998906  0.33380407 -0.03501566]
 [-0.42656665 -0.08282854  0.07534002  0.12103516  0.16589694]
 [ 0.04693404 -0.14768912 -0.2811054  -0.19263684  0.09266291]
 [ 0.24441479  0.00518175  0.20543055 -0.01388383 -0.22016315]
 [-0.18167927  0.01983623 -0.33485248 -0.13547769  0.0316604 ]]
Matrix Pair 110; W = [[ 0.31259884 -0.03531555  0.08753164 -0.20783577  0.18629876]
 [-0.04476035 -0.34662569 -0.15338806  0.28515938 -0.04829457]
 [-0.06836231  0.0373383  -0.02863065  0.11589187 -0.01051099]
 [-0.03005119  0.0704918   0.15514721 -0.04366669 -0.11936533]
 [-0.09566918 -0.11958604 -0.20917594 -0.11925386  0.07159219]]
U = [[ 0.0706848   0.01834449  0.27998091  0.37829847 -0.02200308]
 [-0.40796302 -0.10796591  0.05597923  0.10384453  0.16958564]
 [ 0.06367206 -0.16308397 -0.22681307 -0.16586974  0.09838025]
 [ 0.31840319 -0.02663454  0.21297315  0.022694   -0.18345776]
 [-0.12515079  0.00803673 -0.36067472 -0.12794507 -0.01616703]]
Matrix Pair 111; W = [[ 0.34410797  0.05781655  0.1076911  -0.19597733  0.15933432]
 [-0.02524971 -0.35763089 -0.09712725  0.27205097 -0.07735993]
 [-0.11354901 -0.03015033 -0.01755328  0.10558941  0.07324217]
 [ 0.04075615  0.09328471  0.08798037 -0.04691525 -0.03448691]
 [-0.09109804 -0.10716225 -0.20554606 -0.14924063  0.08128524]]
U = [[ 0.07797001  0.07585487  0.26827817  0.36909821 -0.03419282]
 [-0.43456906 -0.13020699 -0.00632826  0.12442335  0.09575999]
 [ 0.06018749 -0.08542345 -0.2083012  -0.17726536  0.10495231]
 [ 0.25735839 -0.02913478  0.19721426  0.03659025 -0.15656664]
 [-0.12431212  0.0012253  -0.27258539 -0.12019651  0.02907892]]
Matrix Pair 112; W = [[ 0.26000418 -0.01008245  0.01273729 -0.18054409  0.1028794 ]
 [-0.07034407 -0.37359886 -0.08887909  0.23927039 -0.13049583]
 [-0.10828126  0.04019132 -0.05263452  0.10189264  0.02999359]
 [-0.05436009  0.08756321  0.11155591 -0.05815254 -0.06825649]
 [-0.1705987  -0.11634719 -0.1888284  -0.16365233 -0.05608163]]
U = [[ 0.10813353  0.05211168  0.25527447  0.38429043 -0.07864254]
 [-0.37717874 -0.10341102  0.02231043  0.07759518  0.2134256 ]
 [ 0.07428226 -0.14215022 -0.19813541 -0.10314132  0.18237194]
 [ 0.25720993 -0.02297498  0.26335132 -0.01275502 -0.21895703]
 [-0.10757421 -0.04106695 -0.31508528 -0.051859   -0.03910682]]
Matrix Pair 113; W = [[ 0.2829493  -0.08882375  0.02574853 -0.13754213  0.04958171]
 [-0.0219858  -0.35416277 -0.11992535  0.23410636 -0.07227381]
 [-0.04973607  0.03620733 -0.0752595   0.14999102  0.07337532]
 [-0.07991072  0.06618416  0.15284483 -0.09997267 -0.03254512]
 [-0.11414071 -0.18572928 -0.22535217 -0.21920544 -0.05777219]]
U = [[ 0.08794317  0.07640187  0.25675103  0.31620151 -0.05919954]
 [-0.37698659 -0.12505284 -0.00522292  0.03964008  0.17111536]
 [ 0.10677984 -0.11743718 -0.15152549 -0.14308923  0.17161245]
 [ 0.23793639 -0.08758718  0.22029047  0.07269573 -0.2668418 ]
 [-0.15218201 -0.0720553  -0.25256247 -0.03976499 -0.04897164]]
Matrix Pair 114; W = [[ 0.30230206 -0.00378653  0.08622387 -0.11729328  0.1183481 ]
 [-0.06527984 -0.39673433 -0.0395495   0.21835197 -0.09251808]
 [-0.11521612  0.00469943 -0.05924679  0.09637714  0.03999462]
 [-0.03615268  0.05743684  0.15327945 -0.10546589 -0.05153484]
 [-0.12324082 -0.11730917 -0.23937127 -0.15328836 -0.04332714]]
U = [[ 0.14867903  0.07167039  0.28187748  0.36408799 -0.06433963]
 [-0.35424339 -0.04962607 -0.01280851  0.009945    0.22112836]
 [ 0.08173072 -0.06686842 -0.14325484 -0.11805466  0.15507079]
 [ 0.19754894 -0.06435754  0.25457455 -0.01256234 -0.21282105]
 [-0.18799353 -0.06981585 -0.24507056 -0.0646927   0.01788325]]
Matrix Pair 115; W = [[ 0.27690769 -0.0602627   0.04279497 -0.14298631  0.03184751]
 [-0.04519851 -0.3404673  -0.02838892  0.234822   -0.09654496]
 [-0.0833762   0.06725253 -0.06824396  0.12211827  0.01589178]
 [-0.01612199  0.08104329  0.09506183 -0.03655607 -0.05557447]
 [-0.13360167 -0.10561741 -0.16862739 -0.22126252 -0.05573207]]
U = [[ 0.10168477  0.07911516  0.25613259  0.31215482 -0.0609539 ]
 [-0.35160965 -0.08994652  0.05119388  0.07046659  0.20048802]
 [ 0.0494404  -0.1265179  -0.13409674 -0.13579676  0.15288555]
 [ 0.23438064 -0.047662    0.24515865  0.05311552 -0.25272893]
 [-0.17527936 -0.04883736 -0.23621754 -0.00460537 -0.01156267]]
Matrix Pair 116; W = [[ 0.29201656 -0.09240581  0.07356069 -0.10387197  0.07915397]
 [-0.0205114  -0.32200378 -0.05417995  0.20161515 -0.09520531]
 [-0.08279246  0.03296804 -0.03171959  0.16524471 -0.00382035]
 [-0.06942809  0.11417775  0.09793517 -0.07628143 -0.02651285]
 [-0.18281726 -0.1414846  -0.2125165  -0.20782364 -0.01199651]]
U = [[ 0.07836517  0.06509263  0.27689825  0.38338254 -0.04964321]
 [-0.41649192 -0.10753209  0.06663174  0.07036021  0.17939062]
 [ 0.03183717 -0.0573864  -0.12374813 -0.16817449  0.12393255]
 [ 0.18104095  0.00610917  0.25356104  0.01988639 -0.21018917]
 [-0.11638983 -0.00749053 -0.31152872 -0.03083547 -0.02476211]]
Matrix Pair 117; W = [[ 0.3382801  -0.04152207  0.06993942 -0.15289322  0.04612546]
 [-0.07100392 -0.36742187 -0.1244059   0.21728738 -0.10606041]
 [-0.04037131  0.07988684 -0.08965852  0.10241838  0.0280862 ]
 [-0.00879275  0.10860844  0.08581009 -0.09741026 -0.00178041]
 [-0.11841674 -0.11434483 -0.16992762 -0.13586344 -0.02851267]]
U = [[ 0.09676976  0.00867719  0.22960211  0.35224563 -0.06965623]
 [-0.33683348 -0.06408097 -0.00240054  0.08958874  0.14494722]
 [ 0.04817781 -0.06802241 -0.1493344  -0.1925825   0.12311737]
 [ 0.17951077 -0.07535885  0.18263035 -0.01521834 -0.23535776]
 [-0.11051271  0.00961674 -0.32532496  0.01100215 -0.03231213]]
Matrix Pair 118; W = [[ 0.25089247 -0.01491181  0.00968635 -0.16341077  0.09505848]
 [-0.03059346 -0.33121805 -0.03478702  0.17758005 -0.10768231]
 [-0.06391291 -0.00376988 -0.0872553   0.11676028  0.08940903]
 [-0.04145473  0.09298351  0.0763637  -0.05823977 -0.04653254]
 [-0.14067846 -0.14729356 -0.16566768 -0.17606032 -0.03560047]]
U = [[ 0.12557736  0.08932193  0.24655689  0.39532812 -0.03084967]
 [-0.39483384 -0.04440984 -0.01931608  0.03893877  0.16291662]
 [ 0.03360562 -0.14815027 -0.20697402 -0.18062955  0.16833309]
 [ 0.20600425 -0.01893629  0.26279208  0.06717433 -0.28304088]
 [-0.17597042  0.00138994 -0.29624445 -0.02072313 -0.03310417]]
Matrix Pair 119; W = [[ 0.25122664 -0.02503538  0.07122539 -0.17323364  0.02766625]
 [-0.06905795 -0.32125034 -0.1104013   0.14871378 -0.10680396]
 [-0.07825853  0.07646369 -0.09625681  0.10378668  0.0853364 ]
 [-0.01439345  0.05708622  0.10577388 -0.11817436 -0.00520823]
 [-0.10472488 -0.13473011 -0.24727453 -0.21018831 -0.0493743 ]]
U = [[ 0.15732247  0.08683379  0.291662    0.33289394 -0.03013674]
 [-0.37056092 -0.12437095 -0.00401195  0.08382831  0.17217302]
 [ 0.02789474 -0.1382155  -0.14943924 -0.18038696  0.12651083]
 [ 0.1799697  -0.03004918  0.27416147 -0.01397564 -0.22035926]
 [-0.13098216 -0.04215258 -0.31611353 -0.03783075 -0.03182324]]
Matrix Pair 120; W = [[ 0.33219886 -0.02830689  0.08640388 -0.15797963  0.07117744]
 [-0.09793474 -0.32817822 -0.10098761  0.22557778 -0.1551262 ]
 [-0.11786473  0.04900054 -0.08744516  0.14626362  0.03850283]
 [-0.02373468  0.07151675  0.08446975 -0.11754586 -0.02184697]
 [-0.11245906 -0.18249795 -0.19408293 -0.14762509 -0.01642964]]
U = [[ 0.15917399  0.09991386  0.23875256  0.35471152 -0.03332957]
 [-0.39908021 -0.03605559  0.04997073  0.02313042  0.17299861]
 [ 0.05104586 -0.07145425 -0.17045427 -0.12110962  0.10975481]
 [ 0.19030923 -0.07082812  0.26191937 -0.01224214 -0.20751258]
 [-0.12868532 -0.0236365  -0.27387736 -0.01974503  0.03309145]]
Matrix Pair 121; W = [[ 0.3233303  -0.04600544  0.02024843 -0.12871154  0.03267085]
 [-0.01901247 -0.34886191 -0.10487565  0.18003382 -0.15293893]
 [-0.09189269  0.06388346 -0.07990282  0.16990716  0.02660644]
 [-0.09063633  0.03536355  0.12419267 -0.02450803 -0.00703458]
 [-0.16607389 -0.17582693 -0.17747425 -0.20898962 -0.06181721]]
U = [[ 0.1422192   0.0067881   0.25021322  0.30870552 -0.02809809]
 [-0.35908326 -0.12293012 -0.01857248  0.08253451  0.14182686]
 [ 0.12358839 -0.06896831 -0.20392061 -0.11952346  0.18644207]
 [ 0.22343387 -0.01399651  0.21618092  0.0131898  -0.2611348 ]
 [-0.18122925 -0.03270746 -0.32802406 -0.0348052   0.0472837 ]]
Matrix Pair 122; W = [[ 0.32710179 -0.02442864  0.01398612 -0.1771894   0.02857009]
 [-0.04416312 -0.34517886 -0.03412051  0.20551365 -0.15419882]
 [-0.10166553  0.09036433 -0.09027834  0.15476596  0.0534996 ]
 [-0.07513657  0.05280149  0.09385781 -0.03221819 -0.07383548]
 [-0.19330709 -0.12860173 -0.19739498 -0.21996284 -0.0625419 ]]
U = [[ 0.17044877  0.05605983  0.24455604  0.39374183 -0.05821857]
 [-0.41880476 -0.12689537  0.04462215  0.05266882  0.17639219]
 [ 0.06746204 -0.11326915 -0.15117013 -0.11865057  0.12054512]
 [ 0.24543019  0.00507889  0.21363279  0.03837249 -0.26783441]
 [-0.15948688 -0.07389699 -0.29352727  0.0145374   0.04231884]]
Matrix Pair 123; W = [[ 0.32346268 -0.08384825  0.01157378 -0.13022276  0.10847319]
 [ 0.00046595 -0.35552844 -0.09831426  0.23526465 -0.08369941]
 [-0.12007654  0.04730654 -0.12006057  0.18811329 -0.00827988]
 [-0.01936734  0.078599    0.08561826 -0.05091052 -0.03346301]
 [-0.11040776 -0.13768989 -0.25561536 -0.1639643  -0.02001722]]
U = [[ 0.13016794  0.02470326  0.26980172  0.32856437 -0.11567304]
 [-0.3579364  -0.10452394  0.04654037  0.01901855  0.18742194]
 [ 0.02620741 -0.09220542 -0.12324787 -0.10242898  0.14969743]
 [ 0.24030167 -0.03540587  0.24364802  0.03948932 -0.26347989]
 [-0.14896119  0.01215148 -0.28799928 -0.04423094  0.04239124]]
Matrix Pair 124; W = [[ 0.34153171 -0.0904683   0.07825242 -0.17583258  0.03592503]
 [-0.08843965 -0.37861662 -0.04893668  0.14698686 -0.10389937]
 [-0.12755044  0.07343445 -0.04133964  0.13059538 -0.00576958]
 [-0.10306861  0.11485546  0.10983311 -0.07752175 -0.07623007]
 [-0.17816881 -0.12125584 -0.18893421 -0.21067151 -0.04908349]]
U = [[ 0.10174784  0.00940543  0.24362217  0.32790355 -0.03508203]
 [-0.38762567 -0.12199853 -0.01849827  0.05222679  0.1676273 ]
 [ 0.04797338 -0.14656192 -0.12799965 -0.15159731  0.12603036]
 [ 0.26516721 -0.03926789  0.26525919  0.05150267 -0.20508378]
 [-0.13653526 -0.03341017 -0.23685473 -0.06723136  0.04255305]]
Matrix Pair 125; W = [[ 0.32306003 -0.04838581  0.06755491 -0.12787078  0.09392533]
 [-0.00139592 -0.36772452 -0.05995171  0.21317958 -0.06719718]
 [-0.11549083 -0.0024785  -0.10802235  0.0993627  -0.0064172 ]
 [-0.09432659  0.11051852  0.14140942 -0.11431324 -0.08132092]
 [-0.1750102  -0.15198468 -0.23232117 -0.21562687 -0.06018207]]
U = [[ 0.10117364  0.02941411  0.28675724  0.31775417 -0.06862148]
 [-0.34459435 -0.04196414  0.04734941  0.05074132  0.12711868]
 [ 0.04146611 -0.13777321 -0.18038321 -0.14046745  0.19137555]
 [ 0.22652361 -0.04602762  0.23196766  0.07063411 -0.26456215]
 [-0.12438912 -0.0692099  -0.30961927 -0.06906755  0.02584389]]
Matrix Pair 126; W = [[ 0.34200061 -0.04399569  0.07071925 -0.16478307  0.03068482]
 [-0.03715843 -0.36158123 -0.09782074  0.23361401 -0.05694096]
 [-0.05892403  0.05851908 -0.03511334  0.12744711 -0.00711757]
 [-0.02074895  0.07031087  0.13404346 -0.07967151 -0.03081587]
 [-0.1725859  -0.10649603 -0.19873549 -0.16058185  0.00344383]]
U = [[ 0.08790472  0.09552491  0.22482627  0.37343549 -0.04469254]
 [-0.36759214 -0.05020531 -0.0060553   0.08985967  0.13591602]
 [ 0.04991204 -0.0573031  -0.16377426 -0.13905399  0.12665384]
 [ 0.22422879  0.00666902  0.20153677  0.05100207 -0.22859   ]
 [-0.17491548  0.00515831 -0.31995089 -0.03498959  0.00477541]]
Matrix Pair 127; W = [[ 0.25652184 -0.0793731   0.08062071 -0.13980196  0.03316383]
 [-0.02633563 -0.31120155 -0.06449207  0.22985135 -0.15469977]
 [-0.08445832  0.06861257 -0.06060951  0.11218602  0.03049758]
 [-0.1053814   0.03524055  0.09921044 -0.03063506 -0.00217587]
 [-0.1854188  -0.11279554 -0.21552664 -0.20957742 -0.06012417]]
U = [[ 0.07957174  0.04368387  0.2891488   0.39988046 -0.08065767]
 [-0.40061223 -0.07770386  0.03123695  0.0493521   0.16212937]
 [ 0.05971181 -0.09335997 -0.18891543 -0.12508309  0.10359977]
 [ 0.25722582 -0.07859146  0.2432326   0.00971411 -0.26986336]
 [-0.13213745  0.01543134 -0.29007444 -0.0488397  -0.04992082]]
