Epoch: 97Matrix Pair 0; W = [[ 0.28242914 -0.0953667   0.01656354 -0.18047826  0.19687193]
 [-0.07297793 -0.38903441 -0.06983034  0.2530434  -0.10269679]
 [ 0.00363185  0.00913752 -0.05557879  0.08242804  0.01734224]
 [-0.03275622  0.06172566  0.0835873  -0.09915406 -0.0464598 ]
 [-0.10835626 -0.08820558 -0.29046705 -0.13780988  0.12141392]]
U = [[ 0.09400967 -0.00370905  0.26356892  0.37298024 -0.00957083]
 [-0.40824772 -0.02321373  0.13352339  0.01157934  0.02269658]
 [ 0.16746105 -0.12040999 -0.17551363 -0.28429583  0.1557819 ]
 [ 0.21083471 -0.03494795  0.29979311 -0.01817316 -0.21088005]
 [-0.13294354 -0.08369062 -0.25698256 -0.1294829   0.07195182]]
Matrix Pair 1; W = [[ 0.26411474 -0.03966297  0.01472354 -0.1706287   0.11634686]
 [-0.05173361 -0.47239478 -0.10194169  0.29287546 -0.10797833]
 [-0.04963066  0.04610136 -0.07382972  0.09600402  0.01750479]
 [-0.03225712  0.09176106  0.15726978 -0.05473301 -0.0244533 ]
 [-0.03166259 -0.09749626 -0.29410266 -0.12496871  0.09603511]]
U = [[ 0.15051536  0.0307952   0.26087945  0.30328546 -0.05984724]
 [-0.36169403 -0.00863326  0.10445268  0.03781265  0.02269891]
 [ 0.11785172 -0.15751531 -0.20647917 -0.27271039  0.15336166]
 [ 0.20928989 -0.03260213  0.28481743  0.05930968 -0.22332236]
 [-0.06546023 -0.12666292 -0.26879937 -0.08828249  0.07978865]]
Matrix Pair 2; W = [[ 0.27633691 -0.05299458  0.03083874 -0.16467802  0.10901119]
 [-0.02330227 -0.47336926 -0.10857573  0.23191452 -0.1531466 ]
 [-0.04410557  0.03422023 -0.05905455  0.04905595  0.07398186]
 [-0.03363838  0.11221394  0.08917377 -0.02502081 -0.03949791]
 [-0.05190223 -0.12819907 -0.31555436 -0.16765232  0.16126469]]
U = [[ 0.13660604  0.08007708  0.26903991  0.31485948 -0.02415667]
 [-0.39455262 -0.02055717  0.14434001  0.07881221  0.06013653]
 [ 0.0902209  -0.13968966 -0.1426731  -0.30305011  0.13805445]
 [ 0.19777866 -0.07150997  0.29736824  0.05008109 -0.2152314 ]
 [-0.06034481 -0.07396621 -0.24578109 -0.13147814  0.08008924]]
Matrix Pair 3; W = [[ 0.29899417 -0.078711    0.01115756 -0.18654413  0.10790757]
 [-0.07266925 -0.39075723 -0.05434752  0.31234859 -0.09446362]
 [-0.01640178  0.05005008 -0.03195546  0.06690058  0.05380585]
 [-0.03224583  0.0920135   0.13252739 -0.09213489  0.04196648]
 [-0.07271281 -0.15739244 -0.27078782 -0.12297061  0.09328641]]
U = [[ 0.13780851  0.06014849  0.25295072  0.39012438 -0.03826145]
 [-0.41618683  0.00786553  0.1197949   0.04954579  0.0503583 ]
 [ 0.13176654 -0.09627015 -0.12881853 -0.28752551  0.15434016]
 [ 0.25204367 -0.04146423  0.32347341 -0.02356387 -0.29223503]
 [-0.12147002 -0.06901768 -0.28465229 -0.06293902  0.07294963]]
Matrix Pair 4; W = [[ 0.28787618 -0.09037214  0.04064022 -0.20582631  0.11677061]
 [-0.01355999 -0.38249757 -0.1153945   0.21760617 -0.07382016]
 [-0.0609769   0.05502377 -0.07917067  0.04429132  0.05574724]
 [-0.10208186  0.06807917  0.16005986 -0.09867063  0.02342253]
 [-0.03661981 -0.17310511 -0.31152505 -0.15288442  0.08589645]]
U = [[ 0.13851294  0.05415902  0.21193208  0.34764483 -0.0569383 ]
 [-0.33986904 -0.03969512  0.17613468  0.04320896  0.0351805 ]
 [ 0.08152569 -0.15355597 -0.15633425 -0.29759272  0.1642306 ]
 [ 0.24976593 -0.02689562  0.32252213  0.01859091 -0.29892698]
 [-0.10803021 -0.10847756 -0.26930674 -0.12474369  0.02828693]]
Matrix Pair 5; W = [[ 0.2530583  -0.08406632 -0.01270771 -0.22633641  0.13700259]
 [-0.037252   -0.40167304 -0.12271653  0.26597765 -0.109932  ]
 [-0.00405595 -0.01712036 -0.0109363   0.14075787 -0.02087902]
 [-0.11854548  0.08391873  0.08920872 -0.10477802 -0.04142672]
 [-0.1157263  -0.10046929 -0.31736933 -0.12886131  0.1710988 ]]
U = [[ 0.14487597  0.01726013  0.28624627  0.31868564 -0.09567434]
 [-0.35145884 -0.05068087  0.15253293  0.01284598  0.03791507]
 [ 0.16356614 -0.11262735 -0.12840919 -0.26194701  0.20108207]
 [ 0.2456062  -0.00674064  0.25266081  0.04301622 -0.29031313]
 [-0.10130689 -0.12696642 -0.22767528 -0.15210928  0.07967157]]
Matrix Pair 6; W = [[ 0.23699339 -0.02429083  0.01958968 -0.13457274  0.18774605]
 [-0.02370549 -0.46368176 -0.10559919  0.21770723 -0.1479453 ]
 [-0.03014406  0.0597918  -0.00305385  0.1045267  -0.00933688]
 [-0.05818792  0.11090148  0.14802314 -0.03608387 -0.04225438]
 [-0.02081176 -0.10592472 -0.25825465 -0.19173418  0.10831747]]
U = [[ 0.08785817  0.04788963  0.24714972  0.33159076 -0.01839092]
 [-0.3532294  -0.07259174  0.14485347  0.0188574   0.04970742]
 [ 0.10372681 -0.15659099 -0.16396652 -0.34259567  0.12209403]
 [ 0.19770901 -0.0020474   0.26120132 -0.02152079 -0.2962575 ]
 [-0.07088906 -0.06131528 -0.20779083 -0.14384828  0.08212245]]
Matrix Pair 7; W = [[ 0.23152226 -0.02709245  0.02401686 -0.22187653  0.10109686]
 [ 0.01984985 -0.41274757 -0.09635545  0.3073927  -0.0935118 ]
 [-0.03052991  0.06403827 -0.075404    0.10149724  0.02707391]
 [-0.09012555  0.11361273  0.06839464 -0.06975586  0.01055403]
 [-0.08247972 -0.14317292 -0.31063891 -0.12410352  0.1534058 ]]
U = [[ 0.08184965  0.06981347  0.2406707   0.34559124 -0.03372598]
 [-0.36155377 -0.01291481  0.12683247  0.07209041  0.04878578]
 [ 0.14090302 -0.11922435 -0.12265445 -0.3084911   0.13973688]
 [ 0.2871859  -0.00787685  0.32332499  0.05756735 -0.20397123]
 [-0.12416228 -0.12571797 -0.21558237 -0.08332305  0.02644881]]
Matrix Pair 8; W = [[ 0.28605068 -0.06353614 -0.01463399 -0.21705435  0.13082041]
 [-0.02672653 -0.4396874  -0.06036114  0.2855617  -0.12025716]
 [-0.07791941  0.04662078  0.00550173  0.09471608  0.0128765 ]
 [-0.06649535  0.04753856  0.14196129 -0.09264794  0.03287485]
 [-0.09300641 -0.10669522 -0.25135486 -0.20173272  0.15096096]]
U = [[ 0.09766238  0.08536408  0.21058086  0.35149991 -0.05043194]
 [-0.41216774 -0.02119894  0.11564136  0.0095157   0.09174624]
 [ 0.16911628 -0.09144471 -0.11103204 -0.25920783  0.16085066]
 [ 0.26861661 -0.01355567  0.26552799  0.02801464 -0.23290625]
 [-0.10635732 -0.12636812 -0.22282357 -0.10676145  0.0255319 ]]
Matrix Pair 9; W = [[ 0.2864057  -0.09257415 -0.00095352 -0.19509444  0.10587345]
 [-0.01564223 -0.37726319 -0.13356786  0.21708518 -0.13547873]
 [-0.05649311  0.03210558  0.00196167  0.07715429  0.02660159]
 [-0.04537442  0.02814752  0.11966399 -0.05063751  0.04576841]
 [-0.07470738 -0.14528894 -0.23419329 -0.17058815  0.15193284]]
U = [[ 0.12526013  0.06636115  0.19718135  0.38046979 -0.02157483]
 [-0.33324373 -0.03525401  0.14878451  0.0372151   0.04003818]
 [ 0.1163121  -0.16397174 -0.20569099 -0.30796557  0.16141737]
 [ 0.20142579 -0.0843297   0.2668193   0.03153324 -0.2994014 ]
 [-0.15017175 -0.08614877 -0.25149052 -0.13896973  0.05794331]]
Matrix Pair 10; W = [[ 0.31897611 -0.09495366  0.05189462 -0.16486348  0.13697791]
 [-0.04631779 -0.42948522 -0.10476125  0.23706912 -0.12039978]
 [ 0.00551787  0.00279427 -0.03577123  0.13654041  0.02314276]
 [-0.02721287  0.02818176  0.13193776 -0.08260919 -0.04907193]
 [-0.05121807 -0.12820479 -0.2234544  -0.13110495  0.10789234]]
U = [[ 0.08982845  0.02965301  0.24420369  0.38218367 -0.01436765]
 [-0.35490498 -0.07442323  0.12807489  0.02217165  0.08235457]
 [ 0.17343511 -0.10529856 -0.12127034 -0.28285031  0.12044938]
 [ 0.22685317 -0.01333932  0.24763089  0.03938148 -0.21859874]
 [-0.05654279 -0.04773939 -0.27106111 -0.12864501  0.08462213]]
Matrix Pair 11; W = [[ 0.31970602 -0.10591905 -0.04072369 -0.23228736  0.17888675]
 [-0.01164983 -0.46160763 -0.12552154  0.30852392 -0.13076446]
 [-0.0370337   0.0655437  -0.01215436  0.04917842  0.03334481]
 [-0.08607575  0.09943506  0.14609339 -0.05906857 -0.04278431]
 [-0.08003848 -0.09175993 -0.27980741 -0.16623175  0.08432571]]
U = [[ 0.14948556  0.05171845  0.28772334  0.36238729 -0.04135137]
 [-0.38335178 -0.08042807  0.15985713  0.07865135  0.10211576]
 [ 0.12517292 -0.14584665 -0.17446636 -0.27358307  0.18942668]
 [ 0.23626597 -0.03918771  0.26446542  0.01168315 -0.26904392]
 [-0.0896378  -0.10978684 -0.28097673 -0.11581535  0.11509147]]
Matrix Pair 12; W = [[ 0.26401052 -0.10301221  0.01525971 -0.20791875  0.18578135]
 [-0.00561294 -0.40787592 -0.10165403  0.24449874 -0.13284137]
 [-0.02165742  0.05366795 -0.05925954  0.10064925  0.06528589]
 [-0.08427686  0.07389887  0.07688592 -0.07976365  0.00378032]
 [-0.06597791 -0.14502503 -0.26414375 -0.18165412  0.08659067]]
U = [[ 0.06586617  0.01734023  0.27588846  0.31597754 -0.09294603]
 [-0.31921629 -0.02097601  0.15695384 -0.0160136   0.06599186]
 [ 0.1309748  -0.16695579 -0.15479461 -0.34173314  0.19930676]
 [ 0.24793106 -0.01312057  0.32691716  0.05975317 -0.27021737]
 [-0.12470918 -0.11615789 -0.27866487 -0.09226232  0.09698336]]
Matrix Pair 13; W = [[ 0.25907763 -0.08149453  0.03527096 -0.21391141  0.18744377]
 [ 0.00999193 -0.44884274 -0.12085586  0.26599262 -0.11692014]
 [ 0.01076548  0.07771071 -0.03644883  0.09991265  0.03501058]
 [-0.11251278  0.10299818  0.1502473  -0.01831726  0.00542375]
 [-0.0738454  -0.11447584 -0.31161198 -0.1934198   0.1646966 ]]
U = [[ 0.07688669  0.03373354  0.25074717  0.33152602 -0.02805775]
 [-0.37953488 -0.03801823  0.0959456   0.04130131  0.01886996]
 [ 0.17521019 -0.180739   -0.11197251 -0.29486667  0.1918504 ]
 [ 0.24437204 -0.04671748  0.28131842  0.03781422 -0.21640902]
 [-0.08734653 -0.03420899 -0.18780753 -0.12220371  0.03795654]]
Matrix Pair 14; W = [[ 0.29173979 -0.06595918 -0.03309112 -0.15365114  0.17979551]
 [-0.06792601 -0.40822116 -0.05622751  0.2287795  -0.093654  ]
 [-0.00710965  0.00661771 -0.03279418  0.11376654 -0.01598958]
 [-0.0598173   0.04569542  0.07584885 -0.03930408  0.01283222]
 [-0.10102516 -0.10363458 -0.30620605 -0.16455592  0.16967246]]
U = [[ 0.10909375  0.00198058  0.19955559  0.38707022 -0.05590478]
 [-0.32392906  0.01004114  0.16560335  0.07301168  0.07983586]
 [ 0.1156483  -0.13805204 -0.13682362 -0.31044307  0.16144772]
 [ 0.23960625 -0.01386171  0.25829661 -0.03365204 -0.2596109 ]
 [-0.13414246 -0.09161963 -0.22405028 -0.08936457  0.02698733]]
Matrix Pair 15; W = [[ 0.27346236 -0.08781154  0.02945173 -0.14657292  0.12307687]
 [-0.01752749 -0.43105663 -0.14446417  0.24138041 -0.10512394]
 [-0.06651051  0.06654679 -0.02268297  0.10497198 -0.00049326]
 [-0.07987162  0.09888223  0.16087367 -0.1017164  -0.01444748]
 [-0.05422323 -0.12696928 -0.27783277 -0.19002229  0.15378095]]
U = [[ 0.13764073  0.07691417  0.22773339  0.34104718 -0.03518014]
 [-0.36944627 -0.08223604  0.17194864  0.02442113  0.02419446]
 [ 0.17036288 -0.16394431 -0.14090294 -0.29279261  0.1346775 ]
 [ 0.21757748 -0.08812609  0.26529649 -0.01340632 -0.2897049 ]
 [-0.12321225 -0.07265712 -0.23185198 -0.06744803  0.10336924]]
Matrix Pair 16; W = [[ 0.29357457 -0.01402827  0.11056703 -0.11532373  0.09894172]
 [-0.03841492 -0.42087056 -0.08241523  0.21965578 -0.13105836]
 [-0.06340601  0.01366994 -0.09239945  0.0952512  -0.00596273]
 [-0.13889913  0.06901844  0.16209436 -0.09253391 -0.06307935]
 [-0.08226964 -0.12960583 -0.22408941 -0.21841497  0.10605375]]
U = [[ 0.14905122 -0.02823746  0.26367246  0.30162737  0.01490707]
 [-0.42857017 -0.01400869  0.16118822  0.07409936  0.16112725]
 [ 0.11884587 -0.12400258 -0.17198565 -0.20767827  0.2688752 ]
 [ 0.22922574 -0.08030003  0.28823083 -0.01289953 -0.16548865]
 [-0.13101196 -0.0393007  -0.20341254 -0.07171291 -0.00739493]]
Matrix Pair 17; W = [[ 0.31168893 -0.02042407  0.13789645 -0.08163561  0.16889509]
 [-0.05261407 -0.40460475 -0.08281443  0.25479044 -0.17048143]
 [-0.07485225 -0.02788332 -0.06827787  0.07104054  0.01127148]
 [-0.05278866  0.09645581  0.07203118 -0.08032706  0.01828016]
 [-0.12562136 -0.09404415 -0.18601314 -0.23567416  0.07341634]]
U = [[ 0.06494766 -0.00329837  0.32904249  0.34314347 -0.05907239]
 [-0.45115959 -0.05619489  0.18231527  0.0983067   0.09582287]
 [ 0.09704396 -0.07274823 -0.1503231  -0.160164    0.23898877]
 [ 0.23463592 -0.03639568  0.37507265  0.05909121 -0.12053466]
 [-0.16373444  0.04709473 -0.17055912 -0.08308251  0.0083074 ]]
Matrix Pair 18; W = [[ 0.29841948 -0.02936074  0.06461644 -0.1049457   0.09518483]
 [-0.0308558  -0.38401137 -0.07915598  0.25706125 -0.1569331 ]
 [-0.03969659 -0.00588416 -0.04388055  0.13030018 -0.02119664]
 [-0.06508905  0.01522245  0.11087706 -0.06523683 -0.03499147]
 [-0.13327964 -0.05922896 -0.21421084 -0.20925587  0.02626122]]
U = [[ 0.05541911 -0.03667759  0.2701757   0.34498014 -0.04655545]
 [-0.44253939  0.00772545  0.16974029  0.02742378  0.10449578]
 [ 0.08934532 -0.08287686 -0.18205093 -0.18350124  0.20586204]
 [ 0.22070774 -0.07881874  0.31359782 -0.01422146 -0.14324126]
 [-0.10756548  0.01097817 -0.2044408  -0.0741962   0.04730379]]
Matrix Pair 19; W = [[ 3.41725371e-01 -2.36697635e-02  1.12537623e-01 -1.00217582e-01
   1.31422001e-01]
 [-5.57762774e-02 -3.99062126e-01 -5.12391065e-02  2.89733961e-01
  -1.39053405e-01]
 [-6.35466835e-02  9.24211394e-05 -8.78652694e-02  8.90274208e-02
  -9.66468926e-04]
 [-9.67663244e-02  1.62310360e-02  9.68780867e-02 -1.71825383e-02
  -1.70204151e-02]
 [-5.61392572e-02 -5.56138348e-02 -1.76760320e-01 -2.18762209e-01
   3.99006975e-02]]
U = [[ 0.13681403  0.0271151   0.26393626  0.3618961  -0.00925377]
 [-0.42869359 -0.0100426   0.16182852  0.0508058   0.16275606]
 [ 0.12191483 -0.12166673 -0.16667606 -0.2040211   0.27961505]
 [ 0.23767744 -0.0777775   0.32669741  0.02912821 -0.18249952]
 [-0.12396249 -0.00818704 -0.20597298 -0.10646091  0.01755189]]
Matrix Pair 20; W = [[ 0.32962271 -0.0364292   0.05737168 -0.10715323  0.12766115]
 [-0.01738784 -0.33055504 -0.06482215  0.21773555 -0.11019123]
 [-0.01599643 -0.02488308 -0.11576523  0.09896529  0.0580511 ]
 [-0.1023787   0.01666674  0.07335801 -0.113565   -0.0480447 ]
 [-0.10387871 -0.13219086 -0.20782859 -0.17700172  0.02082738]]
U = [[ 0.11395877 -0.01890571  0.25796758  0.30327644 -0.07330821]
 [-0.43196672 -0.07032131  0.18252623  0.09585527  0.14114596]
 [ 0.04304614 -0.0498619  -0.1725293  -0.21425472  0.23818518]
 [ 0.25308544 -0.08401365  0.38052495  0.07599234 -0.09207679]
 [-0.13091458 -0.00758467 -0.15206898 -0.02032542  0.04142968]]
Matrix Pair 21; W = [[ 0.33775322 -0.10392492  0.05660693 -0.09422925  0.1684198 ]
 [-0.02512916 -0.32280555 -0.01879023  0.24580233 -0.15006921]
 [-0.09753851 -0.00852926 -0.11379197  0.09542036  0.03790278]
 [-0.11373305  0.07041206  0.14963791 -0.0247184  -0.01774559]
 [-0.06586791 -0.13382869 -0.20457417 -0.2128232   0.04688686]]
U = [[ 0.06845142 -0.02643622  0.28238704  0.34288587 -0.0654687 ]
 [-0.40514263 -0.0319654   0.13623008  0.0512002   0.07811322]
 [ 0.11880976 -0.02935569 -0.16443018 -0.19501742  0.24711696]
 [ 0.25761322 -0.06752744  0.30871802  0.07809224 -0.10109984]
 [-0.15828802 -0.00133307 -0.14552764 -0.01540054  0.00376954]]
Matrix Pair 22; W = [[ 0.30772953 -0.1088034   0.07212599 -0.17791498  0.08482963]
 [-0.06972679 -0.36956453 -0.01770002  0.21358452 -0.19487751]
 [-0.07451665 -0.07973775 -0.0325952   0.08033741  0.02156355]
 [-0.13837149  0.08155132  0.12894101 -0.11247124 -0.05976062]
 [-0.10511745 -0.12808001 -0.23110721 -0.19291909  0.02785006]]
U = [[ 0.07776389  0.01488575  0.23518811  0.35475555  0.011429  ]
 [-0.38925018 -0.04474459  0.18201224  0.03196866  0.15131369]
 [ 0.03487679 -0.07915753 -0.09344994 -0.13169812  0.22800774]
 [ 0.2463731  -0.01492705  0.32768481  0.02050929 -0.15059709]
 [-0.19098622 -0.03032586 -0.21403089 -0.02243162  0.01876578]]
Matrix Pair 23; W = [[ 0.34127176 -0.01723874  0.09100897 -0.14475824  0.1751323 ]
 [-0.01658477 -0.37157378 -0.05554557  0.22674639 -0.15076993]
 [-0.05486648 -0.0054676  -0.03020252  0.16789686  0.0434362 ]
 [-0.08087909  0.07765808  0.09468814 -0.05238257  0.01178622]
 [-0.10944354 -0.12061923 -0.2375997  -0.19893216  0.06673452]]
U = [[ 0.07526134 -0.00046291  0.27546551  0.33855883 -0.07691907]
 [-0.4078356  -0.04606321  0.17432825  0.05436248  0.0824268 ]
 [ 0.0846291  -0.12103977 -0.08878868 -0.18183412  0.21171238]
 [ 0.18598671 -0.0269918   0.34948314  0.08292315 -0.16977937]
 [-0.1337575  -0.00568802 -0.13763984 -0.08439534  0.00082673]]
Matrix Pair 24; W = [[ 0.3496362  -0.10535423  0.11285832 -0.15238663  0.11697397]
 [ 0.00376967 -0.36048605 -0.1049477   0.24132053 -0.1006099 ]
 [-0.0311015  -0.01246568 -0.03129918  0.14435465  0.02776947]
 [-0.10002002  0.07872357  0.13579252 -0.08727553  0.03264132]
 [-0.09593405 -0.05328738 -0.15033685 -0.24448535  0.08255992]]
U = [[ 0.12650445  0.03078141  0.23413212  0.31213047 -0.04180838]
 [-0.40370299 -0.05608214  0.1173576   0.10530041  0.11939727]
 [ 0.09464201 -0.11326548 -0.11978183 -0.15681067  0.24211185]
 [ 0.26041866 -0.0661445   0.30596952  0.0656776  -0.08572248]
 [-0.1332761   0.00448927 -0.19436156 -0.10248523  0.00441709]]
Matrix Pair 25; W = [[ 0.35559356 -0.05549767  0.06247123 -0.08221109  0.16544675]
 [-0.02926897 -0.33511432 -0.07368431  0.22212909 -0.15073737]
 [-0.07335332 -0.0023222  -0.11790329  0.12717531 -0.00517159]
 [-0.08084112  0.0138325   0.09714333 -0.0683662  -0.02989051]
 [-0.1134224  -0.06445122 -0.20447299 -0.23074726  0.08791707]]
U = [[ 0.09423814  0.04136921  0.32506657  0.37002089 -0.03211874]
 [-0.43722888  0.00949097  0.13605134  0.10418138  0.10669927]
 [ 0.09821707 -0.05096041 -0.10492285 -0.1318468   0.24719818]
 [ 0.20138146 -0.07605499  0.28995141  0.08468302 -0.16741659]
 [-0.17411538  0.00960148 -0.21368729 -0.10269385  0.04104729]]
Matrix Pair 26; W = [[ 3.03048750e-01 -9.67830030e-02  1.27431198e-01 -1.52225948e-01
   1.72105848e-01]
 [-2.41481921e-02 -3.55533256e-01 -1.53908555e-02  2.37992362e-01
  -1.92074059e-01]
 [-3.47044223e-02 -3.96763140e-02 -3.65811069e-02  8.73139479e-02
  -2.05482674e-02]
 [-1.45516008e-01 -2.13365284e-04  1.36278763e-01 -8.89196213e-02
  -6.32767442e-02]
 [-7.23582137e-02 -7.76677875e-02 -2.32490037e-01 -1.64238908e-01
   1.18584621e-01]]
U = [[ 0.12575459 -0.03800082  0.32928397  0.29052676 -0.05327296]
 [-0.38807215 -0.04851059  0.11492027  0.08369723  0.11160149]
 [ 0.0301071  -0.05322117 -0.09776024 -0.15146832  0.20150723]
 [ 0.20139696 -0.01263674  0.37937327  0.05070009 -0.10150504]
 [-0.11026294  0.0438186  -0.14540401 -0.04207048  0.01226873]]
Matrix Pair 27; W = [[ 0.28379888 -0.01771389  0.12833286 -0.12677411  0.11885953]
 [-0.03989702 -0.36204994 -0.04856013  0.24150094 -0.16633181]
 [-0.02402759 -0.01415073 -0.05729765  0.08901279  0.06347938]
 [-0.14882582  0.05814547  0.08494173 -0.0341451   0.03162641]
 [-0.09776129 -0.11276275 -0.19930232 -0.24022054  0.0566668 ]]
U = [[ 0.08527356  0.0028227   0.31654364  0.28841886 -0.01469399]
 [-0.38458289  0.02440289  0.09894739  0.07986536  0.10648522]
 [ 0.04594206 -0.0582589  -0.10501211 -0.14112746  0.28218899]
 [ 0.24808897  0.00429506  0.32702616  0.06560239 -0.0940845 ]
 [-0.1544092  -0.01431862 -0.1611054  -0.07249725  0.02765987]]
Matrix Pair 28; W = [[ 0.29936453 -0.01390114  0.09905644 -0.1446838   0.13360233]
 [-0.05396099 -0.35134091 -0.02079018  0.23444615 -0.09877093]
 [-0.00570559 -0.05543318 -0.07069233  0.07917241 -0.02234961]
 [-0.14237254  0.06992221  0.1426224  -0.02609155 -0.04924885]
 [-0.11943837 -0.10193591 -0.21556765 -0.22850865  0.07488686]]
U = [[ 1.08711545e-01  3.41994893e-02  3.23647465e-01  3.67109456e-01
   2.36933865e-03]
 [-3.82769705e-01  3.39425312e-03  9.26549367e-02  8.22570364e-02
   6.63329389e-02]
 [ 1.13330479e-01 -2.88219226e-02 -1.47851151e-01 -1.84305882e-01
   1.95804517e-01]
 [ 1.72117526e-01 -8.49714996e-02  3.51174166e-01  3.47299281e-02
  -1.46821032e-01]
 [-1.21068357e-01  2.58254727e-05 -2.11069848e-01 -4.15641542e-02
   1.19260664e-02]]
Matrix Pair 29; W = [[ 0.28481512 -0.03457955  0.10383735 -0.16186962  0.12960433]
 [ 0.01837729 -0.40217368 -0.08679664  0.28554109 -0.15740548]
 [-0.05609353 -0.02361337 -0.11971939  0.13836321  0.04613787]
 [-0.14432043  0.04241746  0.12478755 -0.10445553 -0.05655662]
 [-0.13102936 -0.10880993 -0.23177567 -0.23471347  0.11469171]]
U = [[ 0.09040319  0.03808641  0.29573636  0.31987304  0.00708704]
 [-0.41887904 -0.05412741  0.14512276  0.12310435  0.16064151]
 [ 0.06324913 -0.06964173 -0.09710642 -0.1367139   0.20905545]
 [ 0.26241045 -0.0656257   0.2958501   0.02031717 -0.18173465]
 [-0.13897865  0.05066904 -0.14767432 -0.05973614  0.00614998]]
Matrix Pair 30; W = [[ 0.34124668 -0.07891897  0.06916539 -0.11432522  0.17038264]
 [-0.00972854 -0.36640678 -0.04073433  0.26931927 -0.17118595]
 [-0.03681796 -0.07947402 -0.09098071  0.1457337   0.0468976 ]
 [-0.08357662  0.00409096  0.09300251 -0.07953701 -0.0146293 ]
 [-0.12553291 -0.10992164 -0.15145237 -0.15127483  0.11999284]]
U = [[ 0.09480603  0.04154871  0.25580076  0.34556484 -0.05014356]
 [-0.40314573 -0.07057619  0.16940453  0.07489887  0.11426138]
 [ 0.11921005 -0.0350503  -0.11127919 -0.20771258  0.25231621]
 [ 0.25709768 -0.06925569  0.34644233  0.03874754 -0.16141442]
 [-0.11167707  0.03951552 -0.14498283 -0.06950624 -0.00662639]]
Matrix Pair 31; W = [[ 0.32320313 -0.02801176  0.06143797 -0.08884009  0.1163527 ]
 [ 0.01804371 -0.40569762 -0.03146596  0.27864307 -0.12979134]
 [-0.03837127  0.00416053 -0.12440713  0.09159083 -0.02021068]
 [-0.12902424  0.05557467  0.13056382 -0.10323312  0.01238372]
 [-0.04655906 -0.04968345 -0.16675915 -0.15284425  0.07551294]]
U = [[ 0.07571052 -0.03074427  0.2682668   0.2744453   0.00725351]
 [-0.35582482 -0.03581205  0.13690883  0.03461559  0.07645478]
 [ 0.08177295 -0.11907949 -0.15007605 -0.21599818  0.28731614]
 [ 0.16905167 -0.04071005  0.33229837  0.02429411 -0.15817133]
 [-0.11958169  0.00128317 -0.21986378 -0.04167074  0.02732677]]
Matrix Pair 32; W = [[ 0.25785752 -0.04739824  0.00190073 -0.19435215  0.25170111]
 [-0.03403942 -0.41364021 -0.08101048  0.23538473 -0.10139692]
 [-0.1387339   0.00451078 -0.10072527  0.04798276 -0.04395437]
 [-0.1252497   0.08133128  0.14100765 -0.13083465 -0.01895664]
 [-0.11902746 -0.15403046 -0.27757273 -0.19533722  0.12405549]]
U = [[ 0.11458017  0.01242072  0.27534621  0.40186648 -0.08435046]
 [-0.33877333 -0.01151525  0.08086678 -0.00765447  0.07152964]
 [ 0.15534257 -0.17421068 -0.15977008 -0.23252237  0.1753333 ]
 [ 0.19094428  0.02699351  0.3305296   0.02781046 -0.21424031]
 [-0.13303379  0.00197616 -0.29924258 -0.07813098  0.09409063]]
Matrix Pair 33; W = [[ 0.26800142 -0.06547032  0.06249566 -0.20360872  0.24294663]
 [-0.07875219 -0.37011546  0.00388755  0.24544127 -0.11000371]
 [-0.05907454  0.00055755 -0.03718253  0.14491844 -0.04479418]
 [-0.15632146  0.02988847  0.10653303 -0.1596371  -0.0210605 ]
 [-0.0812411  -0.1480891  -0.21290121 -0.14267023  0.11796325]]
U = [[ 0.17435858  0.02149278  0.29080597  0.36440638 -0.05001795]
 [-0.34177881  0.04496447  0.12557129  0.0635231   0.05079117]
 [ 0.10867408 -0.16311845 -0.1540656  -0.23975085  0.178659  ]
 [ 0.22959632 -0.01196814  0.37292428  0.08342889 -0.24080944]
 [-0.17888223  0.0480935  -0.25916246 -0.0879482   0.13473702]]
Matrix Pair 34; W = [[ 0.28290112 -0.09029581  0.00943897 -0.16164658  0.21470524]
 [-0.06168003 -0.43381144 -0.01033627  0.23279037 -0.14762594]
 [-0.05330327  0.03185249 -0.0812289   0.13381751 -0.02583423]
 [-0.15940298  0.02399728  0.14896887 -0.16642743 -0.01771451]
 [-0.10757573 -0.16699659 -0.29243579 -0.13344321  0.11828697]]
U = [[ 0.1173599  -0.01044     0.26739735  0.4005904  -0.00064528]
 [-0.35833699  0.01844698  0.06586463 -0.01507273  0.10762374]
 [ 0.08772922 -0.15512972 -0.17161008 -0.25903164  0.12876768]
 [ 0.27412078  0.03982894  0.3730876   0.05217456 -0.18874265]
 [-0.19866452  0.034275   -0.31477722 -0.1598651   0.05954124]]
Matrix Pair 35; W = [[ 0.26770537 -0.10853838  0.01576051 -0.17878297  0.20035894]
 [ 0.0055361  -0.39423853 -0.08224698  0.27182199 -0.15568466]
 [-0.09310987  0.0404411  -0.11589084  0.06030351 -0.05718365]
 [-0.15796226  0.0151611   0.12058051 -0.16755481  0.00733629]
 [-0.12305635 -0.16037647 -0.22523081 -0.17421315  0.12884023]]
U = [[ 0.18786671  0.01273354  0.22423268  0.39312134 -0.01714336]
 [-0.33100271 -0.02306357  0.07037682 -0.01029701  0.11695836]
 [ 0.165044   -0.11071991 -0.1582821  -0.27140406  0.18982775]
 [ 0.21341287 -0.01928651  0.34225771  0.01455886 -0.15300189]
 [-0.15441372  0.05603663 -0.25411343 -0.08230972  0.07926899]]
Matrix Pair 36; W = [[ 0.19481189 -0.09965517  0.05453486 -0.20582102  0.18342485]
 [-0.07754918 -0.44825241 -0.03460027  0.29112801 -0.08857568]
 [-0.08000103  0.04312477 -0.09507173  0.1113951   0.00955289]
 [-0.10108559  0.01891284  0.16088925 -0.1233865  -0.02893568]
 [-0.09153263 -0.09467888 -0.29174937 -0.14362087  0.14450487]]
U = [[ 0.15945217  0.01989011  0.2147149   0.37652711 -0.01913935]
 [-0.35264871 -0.04316512  0.08729518  0.00447838  0.0392712 ]
 [ 0.13325904 -0.12612302 -0.19450756 -0.30110456  0.15004779]
 [ 0.22072659  0.03611658  0.36500665  0.02847804 -0.21391012]
 [-0.19669776  0.05156448 -0.27337869 -0.09505448  0.12613985]]
Matrix Pair 37; W = [[ 0.22533115 -0.04467041  0.0200833  -0.18472782  0.20066117]
 [-0.03575162 -0.36572006 -0.06352386  0.23675778 -0.15603873]
 [-0.12382218 -0.01448836 -0.05869426  0.06439609 -0.02878643]
 [-0.10377273  0.0327864   0.13954848 -0.07349488  0.01082404]
 [-0.11095885 -0.15534361 -0.24897948 -0.17338322  0.14248445]]
U = [[ 0.17862839  0.01654925  0.27574358  0.43503773  0.00317561]
 [-0.30918669 -0.02610805  0.03804312  0.01793862  0.05077679]
 [ 0.17068266 -0.14015898 -0.16248818 -0.24044425  0.10626049]
 [ 0.27787417 -0.03539576  0.30199259  0.01323507 -0.21947703]
 [-0.17964548  0.07003244 -0.25187243 -0.16141763  0.05710247]]
Matrix Pair 38; W = [[ 0.25166157 -0.05426309  0.04675551 -0.14729428  0.18562088]
 [ 0.00615528 -0.38768336 -0.01738425  0.27130728 -0.12827853]
 [-0.05012392  0.07133248 -0.086605    0.09831144 -0.03680488]
 [-0.08544348  0.08917494  0.10688884 -0.15772225 -0.01765174]
 [-0.02586433 -0.16639384 -0.27717738 -0.17612046  0.07867213]]
U = [[ 0.17795245 -0.00607052  0.22603129  0.42515244 -0.06783872]
 [-0.36480049  0.02370824  0.07853785  0.01418568  0.08820039]
 [ 0.15003317 -0.16584714 -0.20956821 -0.21840731  0.09957766]
 [ 0.19364351 -0.00203802  0.33425656  0.06085463 -0.16272552]
 [-0.16022489 -0.00927154 -0.31943465 -0.15324884  0.07222596]]
Matrix Pair 39; W = [[ 0.27610661 -0.07615054  0.04115096 -0.12912385  0.15914359]
 [-0.04046123 -0.44143714 -0.02745173  0.30643165 -0.16604251]
 [-0.08099125  0.07692379 -0.02684303  0.08184761  0.00203119]
 [-0.09441677  0.09507205  0.09543946 -0.12543652 -0.0186727 ]
 [-0.0473363  -0.15481609 -0.22426596 -0.18492094  0.09736899]]
U = [[ 0.15874059  0.05103812  0.208056    0.44016121 -0.08128497]
 [-0.31291062 -0.00592873  0.08260255  0.07077835  0.06136175]
 [ 0.09500085 -0.13222326 -0.13938377 -0.26134485  0.13571734]
 [ 0.18654895 -0.03548801  0.37816392  0.0034544  -0.22934083]
 [-0.18578032 -0.02080743 -0.31851102 -0.07992354  0.07955339]]
Matrix Pair 40; W = [[ 0.24775802 -0.08287249  0.02222731 -0.20762253  0.227254  ]
 [-0.06743468 -0.35604879 -0.04485895  0.23700043 -0.1251876 ]
 [-0.0915109  -0.01377886 -0.09098602  0.139291   -0.03367538]
 [-0.11718387  0.07229652  0.06264839 -0.08334384 -0.03362962]
 [-0.03058958 -0.13395728 -0.2993822  -0.16588416  0.0879821 ]]
U = [[ 0.11528713  0.0515711   0.21538091  0.37987135 -0.07789061]
 [-0.37094658  0.04040624  0.05147018  0.07092775  0.08643072]
 [ 0.1616422  -0.13407241 -0.13627308 -0.22900941  0.16313035]
 [ 0.24682538  0.03658279  0.29892297  0.06676044 -0.20430286]
 [-0.15793972  0.00236918 -0.26004911 -0.16016913  0.1500309 ]]
Matrix Pair 41; W = [[ 0.19523094 -0.05204445  0.08841875 -0.20654331  0.18077963]
 [-0.05928123 -0.39962598 -0.06388119  0.24194526 -0.17535763]
 [-0.11023078  0.02524436 -0.05059969  0.10396179  0.02438256]
 [-0.14775538  0.10022562  0.11681437 -0.14447975 -0.03574561]
 [-0.10194444 -0.12077422 -0.27201216 -0.13073571  0.11760904]]
U = [[ 0.14490614  0.02842645  0.24864301  0.43686156 -0.03343001]
 [-0.29909151 -0.04656759  0.04330389 -0.01197906  0.09716223]
 [ 0.08929686 -0.16715915 -0.14760268 -0.29532071  0.1035614 ]
 [ 0.18690475 -0.01679336  0.3914708   0.00289905 -0.24029132]
 [-0.13962062 -0.01149899 -0.236288   -0.13900823  0.11277835]]
Matrix Pair 42; W = [[ 2.21072459e-01 -7.22222370e-02  8.85683827e-02 -1.29712407e-01
   2.03524836e-01]
 [-7.03304142e-03 -3.73740637e-01 -8.00344317e-02  3.08632270e-01
  -9.67159092e-02]
 [-8.03042553e-02  2.81443992e-02 -5.90461112e-02  1.00950071e-01
  -2.20934171e-02]
 [-1.11839434e-01  6.31978229e-02  1.49085327e-01 -1.61406963e-01
   1.49550797e-04]
 [-9.45486819e-02 -1.66586131e-01 -2.36745388e-01 -1.18053455e-01
   1.41998597e-01]]
U = [[ 0.18597501  0.04776182  0.25797458  0.37654688 -0.0411993 ]
 [-0.36827548  0.00611647  0.05816875 -0.0246486   0.09176169]
 [ 0.1367484  -0.12298008 -0.15055791 -0.26969713  0.09653094]
 [ 0.25895536  0.04236046  0.30824741  0.056362   -0.2323667 ]
 [-0.16072024  0.04126512 -0.31520799 -0.15783417  0.13885087]]
Matrix Pair 43; W = [[ 0.26676    -0.03080112  0.04451296 -0.15526832  0.17298573]
 [-0.09067111 -0.38866223 -0.0802823   0.2761508  -0.15361387]
 [-0.04606864  0.02680269 -0.07586497  0.08123615 -0.03062275]
 [-0.08327268  0.0365718   0.15504211 -0.13498163 -0.02261343]
 [-0.08678307 -0.07077677 -0.20910389 -0.18568831  0.09173849]]
U = [[ 0.14946935  0.0201996   0.25285208  0.38102953  0.00657818]
 [-0.33039777 -0.04671245  0.09081443  0.06528513  0.05352968]
 [ 0.13855889 -0.1051683  -0.21080998 -0.28084633  0.11751634]
 [ 0.18058212 -0.02367771  0.32082346  0.05393334 -0.20114578]
 [-0.19392628 -0.02105686 -0.22644822 -0.08679409  0.12699608]]
Matrix Pair 44; W = [[ 0.21221094 -0.01800006  0.04046129 -0.14322817  0.22587461]
 [-0.08433677 -0.3881299  -0.05208178  0.26815888 -0.16656302]
 [-0.10919114  0.02378961 -0.04165665  0.10325916 -0.00345063]
 [-0.10661082  0.02834196  0.09851462 -0.07082268  0.00817762]
 [-0.03992526 -0.11522544 -0.29244272 -0.1065954   0.10968462]]
U = [[ 0.11532234 -0.01584595  0.20780475  0.36782068 -0.06596682]
 [-0.30599767 -0.03070633  0.0793023   0.04505241  0.05916699]
 [ 0.15031582 -0.13509629 -0.12575227 -0.26388328  0.12412256]
 [ 0.23175225 -0.00601675  0.35916287  0.05412641 -0.21992826]
 [-0.15193307  0.03752811 -0.25000688 -0.1048556   0.07624013]]
Matrix Pair 45; W = [[ 0.269426   -0.06034048  0.03585877 -0.16761614  0.25414828]
 [-0.0442504  -0.39236512 -0.00874922  0.26551767 -0.10713741]
 [-0.10091842  0.01323943 -0.11205574  0.06942651  0.01893835]
 [-0.16022708  0.01501192  0.10466268 -0.0906373   0.03375084]
 [-0.10231144 -0.16301633 -0.28038095 -0.13076619  0.06977707]]
U = [[ 1.96979644e-01  5.73997973e-03  2.28943190e-01  3.84739287e-01
  -8.92800232e-02]
 [-3.40718410e-01 -3.32263313e-02  1.30841167e-01  5.96136772e-02
   8.92856989e-02]
 [ 1.52077145e-01 -1.07552197e-01 -1.91589950e-01 -2.89029443e-01
   1.50253511e-01]
 [ 2.50032085e-01 -8.78125448e-03  3.19348441e-01  3.33579179e-02
  -2.12960081e-01]
 [-1.28855276e-01 -3.23623474e-04 -2.46078308e-01 -1.62318095e-01
   6.17495468e-02]]
Matrix Pair 46; W = [[ 2.51002876e-01 -5.42291964e-02  1.03134394e-02 -1.22945983e-01
   1.97068938e-01]
 [-7.68665403e-02 -4.12180975e-01 -6.00444753e-02  2.47538009e-01
  -1.86287617e-01]
 [-8.91668453e-02 -4.25415705e-05 -7.90191493e-02  1.11523641e-01
  -2.69691758e-02]
 [-1.67018031e-01  7.98156529e-02  6.93054365e-02 -1.29002308e-01
   1.91440103e-02]
 [-1.01881585e-01 -9.06100719e-02 -2.76216283e-01 -1.97082549e-01
   1.47639646e-01]]
U = [[ 0.14332962  0.05235127  0.22571727  0.37677412 -0.08171202]
 [-0.39131343  0.01527828  0.04072421 -0.00695782  0.09720323]
 [ 0.13689117 -0.18240093 -0.12557439 -0.23843781  0.10239139]
 [ 0.17904326 -0.01455575  0.30004917  0.03596853 -0.21539053]
 [-0.20690428  0.0194089  -0.24232594 -0.13458012  0.14638162]]
Matrix Pair 47; W = [[ 0.20153397 -0.0574419   0.06711146 -0.13878745  0.23851162]
 [-0.00857244 -0.44029542 -0.06626905  0.27645434 -0.16378665]
 [-0.10996453  0.02611968 -0.10958609  0.12251568 -0.03942072]
 [-0.13222593  0.02924373  0.10912159 -0.11763505  0.00642097]
 [-0.07171328 -0.15607022 -0.22606237 -0.10711203  0.12542372]]
U = [[ 0.14214858  0.00673952  0.22199129  0.38554627 -0.06112854]
 [-0.35913988 -0.04294683  0.12112031  0.05115765  0.12082813]
 [ 0.13760628 -0.09143826 -0.12766641 -0.2565225   0.13936104]
 [ 0.21913569 -0.03710301  0.34899542  0.00663531 -0.20804668]
 [-0.16066412  0.05502621 -0.22319718 -0.11233682  0.12906834]]
Matrix Pair 48; W = [[ 0.25806871 -0.103648    0.04169238 -0.11433852  0.17592234]
 [ 0.00343565 -0.39044543 -0.02847571  0.28117215 -0.08631848]
 [-0.08157818  0.06044093 -0.05735562  0.05815382 -0.08502024]
 [-0.03837087  0.03818637  0.14179821 -0.03079639  0.00723655]
 [-0.12351889 -0.01751706 -0.24706248 -0.16870758  0.16551543]]
U = [[ 1.62978151e-01 -6.32282100e-02  2.44808947e-01  3.07769946e-01
  -7.75699736e-02]
 [-4.24013710e-01  7.71633584e-02  7.85410228e-02 -3.89370535e-02
   1.83683319e-01]
 [ 9.39754003e-02 -1.96900990e-01 -1.31667433e-01 -2.82633609e-01
   1.26932960e-01]
 [ 2.94594979e-01  1.67174618e-04  3.15521606e-01  3.63752624e-02
  -1.09081720e-01]
 [-1.67797851e-01 -7.79276437e-02 -3.09795389e-01 -1.70796651e-01
   8.26583691e-02]]
Matrix Pair 49; W = [[ 0.2769232  -0.08654058  0.02486065 -0.09348117  0.18339595]
 [-0.03738697 -0.37249453 -0.0806167   0.19039498 -0.13960134]
 [-0.0765144   0.07987089 -0.07275043  0.10913907 -0.01155681]
 [-0.11451131 -0.01108253  0.14055331 -0.08561803 -0.05221588]
 [-0.13890812 -0.01224074 -0.18132383 -0.19465443  0.09850364]]
U = [[ 1.30509193e-01 -4.36365615e-02  2.23704885e-01  2.91501146e-01
  -1.10279490e-01]
 [-3.71955991e-01 -1.49444350e-02  5.28080011e-02  1.45027587e-02
   1.80586547e-01]
 [ 1.55323928e-01 -1.58771550e-01 -1.81853876e-01 -2.75324986e-01
   2.02194738e-01]
 [ 2.84754960e-01  1.74508834e-04  3.11183692e-01  3.90970589e-02
  -1.17080806e-01]
 [-1.94820171e-01 -1.54963426e-02 -2.63791087e-01 -9.85265535e-02
   1.19438384e-01]]
Matrix Pair 50; W = [[ 0.31230135 -0.12509974  0.03812567 -0.0830683   0.22194577]
 [-0.01686707 -0.32526174 -0.05350571  0.20679773 -0.11795595]
 [-0.07065863  0.08547236 -0.039246    0.05335369 -0.01678632]
 [-0.05853518 -0.0408179   0.09425918 -0.04397213 -0.06050583]
 [-0.1528636  -0.06966581 -0.25353335 -0.16288161  0.09120277]]
U = [[ 0.09057905 -0.01617328  0.21514204  0.32114054 -0.07937179]
 [-0.37599822  0.03823873  0.05695524  0.05507206  0.1494176 ]
 [ 0.12743822 -0.14991726 -0.20049241 -0.27813169  0.15351619]
 [ 0.29218234 -0.07660554  0.27038432  0.0170921  -0.16532134]
 [-0.17863237 -0.06498423 -0.22833132 -0.11331843  0.09945944]]
Matrix Pair 51; W = [[ 0.3101739  -0.14916323 -0.0128417  -0.15333606  0.1655205 ]
 [-0.0912692  -0.41117445 -0.0696423   0.21539158 -0.13292962]
 [-0.08021059  0.05594083 -0.08995494  0.03423704 -0.01245272]
 [-0.02161669 -0.04124068  0.11360169 -0.09564325 -0.04138254]
 [-0.09766763 -0.08255664 -0.26115608 -0.12810812  0.12719673]]
U = [[ 0.13847548 -0.00104728  0.18189081  0.31005238 -0.07205714]
 [-0.44788413 -0.00679798  0.09762638  0.03453922  0.15209881]
 [ 0.1381687  -0.14474361 -0.1409071  -0.19793965  0.20377624]
 [ 0.29351203 -0.03936261  0.36822543  0.06501919 -0.1412307 ]
 [-0.20643361  0.00086416 -0.29002018 -0.08751151  0.08229153]]
Matrix Pair 52; W = [[ 0.29840432 -0.08964647 -0.03392209 -0.16008387  0.2450609 ]
 [-0.07979115 -0.39530142 -0.08318058  0.26557782 -0.13548444]
 [-0.09162123  0.10878257 -0.02900001  0.04311252 -0.01738519]
 [-0.03106158 -0.02194036  0.13115998 -0.01034667 -0.03720922]
 [-0.15656197 -0.0009178  -0.27129681 -0.19520986  0.10286767]]
U = [[ 0.13318655 -0.02981819  0.24138196  0.26162389 -0.06736175]
 [-0.36323598  0.05362682  0.09685163  0.01302647  0.14383643]
 [ 0.16371793 -0.19557923 -0.12049164 -0.19298028  0.1276353 ]
 [ 0.26426993  0.00902696  0.31193536  0.05097486 -0.11857205]
 [-0.20375476 -0.07821506 -0.23243799 -0.14636303  0.03040137]]
Matrix Pair 53; W = [[ 0.28269624 -0.07918782 -0.01023148 -0.10611581  0.24200173]
 [-0.02444687 -0.31922815 -0.01545412  0.19548091 -0.13301824]
 [-0.00807997  0.04354661 -0.08445063  0.07724853 -0.06399762]
 [-0.03139213 -0.00873539  0.12703637 -0.01320792 -0.03328194]
 [-0.1274869  -0.08663409 -0.24268394 -0.20252255  0.06867381]]
U = [[ 0.07794398 -0.04630267  0.25700684  0.3286736  -0.10963423]
 [-0.40309413  0.05117542  0.07437631  0.01583831  0.14808669]
 [ 0.10983979 -0.12962181 -0.18684408 -0.26472007  0.20828637]
 [ 0.25118717 -0.06715125  0.31228755  0.02646383 -0.13696083]
 [-0.17852465 -0.03666496 -0.29769179 -0.16971376  0.06853648]]
Matrix Pair 54; W = [[ 0.27201825 -0.14187341 -0.01214644 -0.08490674  0.23326768]
 [-0.06600587 -0.36159272 -0.01072855  0.22160004 -0.11328988]
 [-0.07591036  0.06915813 -0.0887444   0.10274406 -0.05616206]
 [-0.03364268  0.01624007  0.12919717 -0.03411153 -0.00874092]
 [-0.10486719 -0.0355645  -0.20578248 -0.18316142  0.15069163]]
U = [[ 0.11845947  0.00387243  0.25144918  0.264717   -0.0166227 ]
 [-0.36187357  0.05854788  0.06499094  0.01242473  0.18569145]
 [ 0.10219516 -0.1069187  -0.20720318 -0.28358092  0.13457428]
 [ 0.22887657 -0.00649996  0.30497303  0.05030216 -0.08303096]
 [-0.13661207 -0.06571433 -0.27160646 -0.13356566  0.12261441]]
Matrix Pair 55; W = [[ 0.28740025 -0.12451799  0.01662199 -0.13229322  0.17623346]
 [-0.01391348 -0.3481464  -0.07245708  0.23445441 -0.11921839]
 [-0.05502693  0.04471675 -0.08508327  0.12811184 -0.01162743]
 [-0.04769531  0.0026038   0.08075828 -0.05157136 -0.07810839]
 [-0.11418574  0.00808067 -0.25472205 -0.17993605  0.15249775]]
U = [[ 0.07220764 -0.0388879   0.25866117  0.27312911 -0.08540224]
 [-0.39002296  0.06276917  0.12464572  0.03283655  0.10925211]
 [ 0.08550288 -0.19368834 -0.16341238 -0.24903796  0.20551711]
 [ 0.25847038  0.00335073  0.28531949  0.09048016 -0.1319337 ]
 [-0.14692552 -0.00734602 -0.3043265  -0.15252257  0.11380933]]
Matrix Pair 56; W = [[ 0.31490076 -0.1258511  -0.00647918 -0.10686843  0.25629036]
 [-0.08267981 -0.41513798 -0.04491654  0.21810478 -0.15432406]
 [-0.09529375  0.09413074 -0.02120052  0.07243903 -0.02895831]
 [-0.06163792 -0.04144229  0.13736986 -0.04944532 -0.06928923]
 [-0.1351779  -0.02057188 -0.19681332 -0.20965591  0.15283925]]
U = [[ 0.11536265 -0.0364155   0.26858876  0.28434327 -0.08581832]
 [-0.455732   -0.00127868  0.11079676  0.02341725  0.13116497]
 [ 0.1389278  -0.130731   -0.1412063  -0.27949182  0.20941179]
 [ 0.20981414 -0.08132028  0.31805339  0.07694614 -0.1789769 ]
 [-0.20741184 -0.04719794 -0.23814221 -0.18016047  0.03786976]]
Matrix Pair 57; W = [[ 0.29020057 -0.09442344 -0.02059567 -0.11910397  0.22216505]
 [-0.00595645 -0.37648007 -0.05523063  0.22463192 -0.10112226]
 [-0.00999602  0.11470889 -0.06372551  0.08718275 -0.04701157]
 [-0.08437477  0.0274798   0.10198305 -0.10095312 -0.01319258]
 [-0.12763619 -0.06078964 -0.22688809 -0.15841524  0.11834037]]
U = [[ 0.11802497  0.01358145  0.22270669  0.30193209 -0.03993477]
 [-0.43525307  0.01065344  0.03934261  0.03345924  0.09457534]
 [ 0.09973354 -0.1943568  -0.17689747 -0.23786963  0.12504008]
 [ 0.25025146  0.00287897  0.31533025  0.06501124 -0.1536892 ]
 [-0.1306063  -0.09358711 -0.30031429 -0.18033385  0.0516199 ]]
Matrix Pair 58; W = [[ 3.17401838e-01 -1.32783658e-01  2.52068605e-02 -1.45743289e-01
   2.52848875e-01]
 [-7.70793962e-02 -3.92370089e-01 -1.50398674e-02  2.09388272e-01
  -1.44697861e-01]
 [-5.47540153e-02  6.98736370e-02 -6.66724129e-02  3.68170301e-02
  -2.20498786e-02]
 [-7.23107051e-02  4.20699000e-02  8.87153472e-02 -8.17698887e-02
  -5.94359433e-05]
 [-1.77576950e-01 -4.30000100e-03 -2.04050738e-01 -1.94348421e-01
   1.24925635e-01]]
U = [[ 0.08128441 -0.02745843  0.23593073  0.27729479 -0.01829914]
 [-0.35879204  0.06903685  0.09003583  0.04563228  0.16347555]
 [ 0.080338   -0.11616968 -0.14720718 -0.26898917  0.20285165]
 [ 0.2573899  -0.08480988  0.35206654  0.03556924 -0.14761413]
 [-0.20211794 -0.02860687 -0.28061416 -0.11526489  0.11548052]]
Matrix Pair 59; W = [[ 0.2723686  -0.12583182 -0.00271511 -0.10403081  0.2335236 ]
 [-0.07424425 -0.33649654 -0.08904167  0.21302922 -0.15646349]
 [-0.08768256  0.0428907  -0.04168499  0.10788191 -0.07705068]
 [-0.04000971 -0.00519571  0.06706517 -0.02407622 -0.07379398]
 [-0.15532182 -0.05090542 -0.22568727 -0.13150947  0.11537041]]
U = [[ 0.11960402 -0.05691019  0.2431525   0.28597592 -0.02431392]
 [-0.423941    0.04995814  0.0939167   0.01130951  0.17479353]
 [ 0.15979151 -0.16741092 -0.12008759 -0.20779273  0.16753512]
 [ 0.27718263 -0.00388661  0.36207748  0.08580282 -0.14851263]
 [-0.14700193 -0.09002402 -0.22202088 -0.13305331  0.09653315]]
Matrix Pair 60; W = [[ 0.22347697 -0.08275852 -0.0198007  -0.09031444  0.21073487]
 [-0.0582842  -0.38305355 -0.00982574  0.22497754 -0.06997771]
 [-0.06580123  0.06526687 -0.05304622  0.12055833 -0.05411049]
 [-0.05676545 -0.02504103  0.11363534 -0.07627398 -0.07763827]
 [-0.1296769  -0.07973744 -0.2353805  -0.13081324  0.11412845]]
U = [[ 0.11610439 -0.01573353  0.24676383  0.27264076 -0.03569706]
 [-0.45448269  0.06892787  0.04664288 -0.02014028  0.09569571]
 [ 0.12531455 -0.18388004 -0.13700691 -0.28403357  0.19543576]
 [ 0.25093545 -0.03420964  0.33479562  0.00505868 -0.09700511]
 [-0.16012342 -0.0674537  -0.25542186 -0.10426312  0.05778954]]
Matrix Pair 61; W = [[ 0.32012868 -0.08237409 -0.03707081 -0.07739572  0.21300821]
 [-0.06843533 -0.4019771  -0.10769402  0.26633097 -0.14809411]
 [-0.01631119  0.13108155 -0.09639714  0.06597135 -0.0668078 ]
 [-0.07046025 -0.02389367  0.07763633 -0.08432987 -0.06604488]
 [-0.15491626 -0.06839937 -0.21682427 -0.15054631  0.14824021]]
U = [[ 0.08073851 -0.05730951  0.20991153  0.29258004 -0.08400078]
 [-0.37539389  0.00858638  0.12648147  0.00919469  0.11045002]
 [ 0.10246048 -0.1812026  -0.1379457  -0.23822961  0.19259919]
 [ 0.26451557 -0.02968411  0.33766031  0.08058416 -0.12707953]
 [-0.19678294 -0.08490401 -0.2549821  -0.14917873  0.02990628]]
Matrix Pair 62; W = [[ 0.22400395 -0.09463403 -0.03985493 -0.07089176  0.21573324]
 [-0.04598706 -0.36147355 -0.09482989  0.25573867 -0.099757  ]
 [-0.05310066  0.05069813 -0.02500546  0.03514018 -0.02333033]
 [-0.09443242 -0.02255916  0.1554472  -0.01386042 -0.07011844]
 [-0.18051693 -0.04159019 -0.19850399 -0.16476656  0.10647041]]
U = [[ 0.08979282 -0.05518065  0.2153981   0.27014277 -0.02942355]
 [-0.44173808  0.05522626  0.09197059  0.04147266  0.10997737]
 [ 0.14437824 -0.11696913 -0.14539152 -0.2568656   0.21207681]
 [ 0.26528667 -0.03591628  0.36552278  0.02400933 -0.10365336]
 [-0.19931576 -0.08449269 -0.29291686 -0.09599712  0.03122807]]
Matrix Pair 63; W = [[ 0.267097   -0.08066216  0.01947597 -0.11504626  0.24190421]
 [ 0.00110304 -0.38819231 -0.07067397  0.26456624 -0.09642506]
 [-0.05395359  0.12734556 -0.07664753  0.11299599 -0.0386128 ]
 [-0.08414167  0.00078511  0.11319519 -0.07892197 -0.0049422 ]
 [-0.09438484 -0.06057597 -0.2198724  -0.21139554  0.12460135]]
U = [[ 0.10150621 -0.03838486  0.20840142  0.27636201 -0.07222203]
 [-0.36231442  0.07132119  0.03821572 -0.01915409  0.126093  ]
 [ 0.10100731 -0.11178195 -0.17624828 -0.22909214  0.16462954]
 [ 0.26925227 -0.02396022  0.27902766  0.06160442 -0.08562304]
 [-0.147505   -0.044224   -0.21901174 -0.13434345  0.07768459]]
Matrix Pair 64; W = [[ 0.19962191  0.00219085  0.07328215 -0.14438519  0.21470692]
 [-0.07440375 -0.38501905 -0.07425838  0.20196061 -0.10541807]
 [-0.0804007   0.02685569 -0.04809464  0.04851087  0.02733628]
 [-0.10017319  0.01430998  0.16966609 -0.12253263 -0.03147052]
 [-0.06888453 -0.12893531 -0.17046551 -0.12745425  0.12166602]]
U = [[ 0.05621053 -0.0191817   0.19727263  0.41831985 -0.04697869]
 [-0.3202307  -0.06064888  0.10457442  0.01970453  0.15265926]
 [ 0.07466311 -0.19406141 -0.12761437 -0.18739471  0.14047023]
 [ 0.21183567 -0.13457723  0.29386233  0.04263564 -0.17730794]
 [-0.1205019   0.03314564 -0.21677675 -0.06328078  0.05811482]]
Matrix Pair 65; W = [[ 0.2453676   0.01417075  0.14599713 -0.18091337  0.15309973]
 [ 0.00737347 -0.36619858 -0.03864576  0.28786962 -0.13555651]
 [-0.08042559  0.0208905  -0.11501556  0.08444355 -0.01245481]
 [-0.1021936   0.07645994  0.14402079 -0.11027868 -0.07301137]
 [-0.09295315 -0.13002426 -0.16647782 -0.13342037  0.09849231]]
U = [[ 0.03585965  0.04559136  0.25310922  0.34411725 -0.03305255]
 [-0.41610234 -0.04122551  0.13266016  0.08301933  0.16156143]
 [ 0.02290299 -0.18599457 -0.1000069  -0.26005567  0.15603857]
 [ 0.2895619  -0.06844959  0.30464491  0.06688186 -0.23776866]
 [-0.07772597 -0.03359005 -0.18296815 -0.09118244  0.00945485]]
Matrix Pair 66; W = [[ 0.27174264 -0.06880819  0.15831415 -0.17934483  0.12863071]
 [-0.06659019 -0.38460249 -0.03933565  0.23790677 -0.17805679]
 [-0.03758585  0.00209799 -0.08888354  0.09969933  0.02329705]
 [-0.10667092  0.05130391  0.11175101 -0.11950569 -0.11115358]
 [-0.13877707 -0.18573289 -0.16805803 -0.18363831  0.12686476]]
U = [[ 0.1031373   0.01428195  0.2474081   0.35169647 -0.00329108]
 [-0.40175899 -0.0784796   0.09001699  0.09505238  0.18255679]
 [ 0.09081232 -0.1893686  -0.09070929 -0.22013057  0.21457456]
 [ 0.28500631 -0.13064529  0.32199273  0.07222425 -0.24173326]
 [-0.11793702  0.01228468 -0.23050179 -0.10704399  0.03577475]]
Matrix Pair 67; W = [[ 0.21229078  0.00816524  0.08954266 -0.09858922  0.18667309]
 [-0.02720835 -0.41055013 -0.11013365  0.26269969 -0.14675847]
 [-0.05886245  0.06760288 -0.08069471  0.01539398 -0.02174783]
 [-0.07368413  0.07504481  0.11076145 -0.05471843 -0.01850505]
 [-0.09729143 -0.14794679 -0.21662393 -0.18395284  0.11333908]]
U = [[ 0.04378209  0.02758436  0.19853916  0.40947912 -0.00974055]
 [-0.41613399 -0.02277698  0.15727496  0.01333225  0.12087177]
 [ 0.06659369 -0.10837949 -0.14807249 -0.21664912  0.14885768]
 [ 0.26074904 -0.08315054  0.2707885   0.02785299 -0.20811574]
 [-0.14802454  0.04002791 -0.24497946 -0.10646988  0.04088131]]
Matrix Pair 68; W = [[ 0.23036502  0.0095143   0.09692968 -0.11643887  0.16753866]
 [ 0.00617954 -0.33746601 -0.02975723  0.20368413 -0.19218045]
 [-0.02202304  0.00129938 -0.10276358  0.08180603  0.02342213]
 [-0.09770004  0.01605783  0.17137582 -0.06933742 -0.03979604]
 [-0.11051649 -0.1769453  -0.21112571 -0.13778689  0.14789907]]
U = [[ 0.12459341 -0.01394598  0.24329353  0.36141029 -0.02280257]
 [-0.3277251  -0.02257458  0.12129959  0.03108385  0.19721227]
 [ 0.12150448 -0.1674826  -0.08907717 -0.18208076  0.16365051]
 [ 0.22052931 -0.07726714  0.27919687  0.0203893  -0.2410786 ]
 [-0.12016947  0.0164502  -0.20974967 -0.05223909  0.01867771]]
Matrix Pair 69; W = [[ 0.20190929 -0.07428599  0.12549585 -0.10422073  0.2220415 ]
 [ 0.01258576 -0.38301221 -0.09577532  0.24738388 -0.14061439]
 [-0.1216472   0.02221861 -0.08525488  0.04406444 -0.01881673]
 [-0.05253319  0.06419622  0.12574064 -0.09064214 -0.09422148]
 [-0.11236674 -0.16546008 -0.16993567 -0.2165096   0.12635088]]
U = [[ 0.10900235  0.0037683   0.249427    0.32356961  0.01211653]
 [-0.3507406  -0.02996402  0.16056803  0.0700029   0.11887505]
 [ 0.0730267  -0.10911131 -0.11514272 -0.1972628   0.18686194]
 [ 0.21450858 -0.09013662  0.33700657 -0.00093507 -0.22250632]
 [-0.13113924  0.0103461  -0.246046   -0.03043937  0.0087663 ]]
Matrix Pair 70; W = [[ 0.20522563  0.00486972  0.13256174 -0.12690678  0.16731807]
 [ 0.0070518  -0.33085421 -0.05258728  0.24666369 -0.15267693]
 [-0.11074022  0.05639268 -0.08482669  0.04891929  0.01225251]
 [-0.11138821  0.11318082  0.1768818  -0.12041088 -0.09063858]
 [-0.10257478 -0.13033595 -0.2327473  -0.17788831  0.0880139 ]]
U = [[ 0.10826206  0.04465447  0.27442225  0.3253197  -0.00388191]
 [-0.36538099 -0.06735659  0.11085071  0.05190106  0.14348026]
 [ 0.07841324 -0.17023601 -0.09083558 -0.17275647  0.19991284]
 [ 0.21817749 -0.11497506  0.27664681  0.05613975 -0.23154983]
 [-0.09809045 -0.03080023 -0.25877503 -0.10898888  0.05441851]]
Matrix Pair 71; W = [[ 0.22924578  0.00166445  0.1557196  -0.13945914  0.17316308]
 [-0.05527695 -0.31683272 -0.05728754  0.26025034 -0.18015214]
 [-0.09903602  0.06081258 -0.0917345   0.03107092 -0.04678421]
 [-0.0633218   0.03501546  0.14271141 -0.04748957 -0.08774798]
 [-0.11091494 -0.1760959  -0.2227057  -0.21870978  0.1277865 ]]
U = [[ 0.11350461  0.02803626  0.20847888  0.37514323 -0.0432437 ]
 [-0.36452543 -0.08524459  0.14532862  0.01195797  0.19428919]
 [ 0.075704   -0.10168331 -0.1004561  -0.19624184  0.21060945]
 [ 0.20301566 -0.11288008  0.30179142  0.0466324  -0.18074172]
 [-0.08716541  0.03808029 -0.18213976 -0.1105415   0.01593321]]
Matrix Pair 72; W = [[ 0.20387902  0.01875264  0.11783646 -0.09655415  0.18486294]
 [-0.03169686 -0.37583891 -0.1064834   0.21655742 -0.14536178]
 [-0.10305375  0.05088112 -0.04760672  0.01680725  0.00229141]
 [-0.04410643  0.01453901  0.14896882 -0.13384539 -0.03900004]
 [-0.14388161 -0.15225043 -0.16969953 -0.13384623  0.07699324]]
U = [[ 0.10853126 -0.00117622  0.24321839  0.3257187  -0.0159163 ]
 [-0.39132012 -0.03043379  0.09277764  0.0724449   0.18020261]
 [ 0.10442165 -0.1938992  -0.13895629 -0.20693477  0.16852558]
 [ 0.25594361 -0.14233617  0.29566449  0.0641802  -0.2338467 ]
 [-0.07960097  0.03516118 -0.26194468 -0.05875922  0.0285456 ]]
Matrix Pair 73; W = [[ 0.26472608 -0.05523165  0.10997779 -0.13193821  0.18537361]
 [ 0.01103445 -0.36500453 -0.02116898  0.28338938 -0.13037706]
 [-0.04799389  0.01140371 -0.13381566  0.03351355  0.03327464]
 [-0.12735467  0.06943602  0.15941502 -0.04482817 -0.05586224]
 [-0.08390398 -0.12459144 -0.16534801 -0.13712585  0.11787327]]
U = [[ 0.08939476  0.01928703  0.21432329  0.33591981 -0.05415294]
 [-0.41430745 -0.0623486   0.14484684  0.06150363  0.12631006]
 [ 0.03443976 -0.10091738 -0.11067789 -0.20479285  0.15338663]
 [ 0.25243455 -0.10932274  0.29266764  0.0537632  -0.21136236]
 [-0.16617833 -0.03526867 -0.24125986 -0.1167594   0.0764394 ]]
Matrix Pair 74; W = [[ 0.26544698 -0.0710368   0.11959582 -0.13384205  0.17696958]
 [-0.05346912 -0.39297699 -0.06210506  0.28643664 -0.1716879 ]
 [-0.04065553  0.00775131 -0.08463618  0.0953506  -0.02966986]
 [-0.09407421  0.06939457  0.14403329 -0.13248239 -0.0359547 ]
 [-0.07721524 -0.14375959 -0.23567811 -0.18463322  0.15976622]]
U = [[ 0.06040789  0.06105097  0.26183061  0.35793167  0.02658687]
 [-0.35807699 -0.02716462  0.16753012  0.08448064  0.16585875]
 [ 0.11213281 -0.18145752 -0.16729717 -0.21220803  0.18114577]
 [ 0.21755892 -0.15152915  0.27020861  0.07787937 -0.1748492 ]
 [-0.0838005  -0.02516388 -0.19139844 -0.12140758  0.00692259]]
Matrix Pair 75; W = [[ 0.27325779 -0.05647801  0.06905832 -0.12258967  0.15171182]
 [ 0.01039887 -0.36087529 -0.06360276  0.25166913 -0.15240988]
 [-0.0323843   0.00735444 -0.13398844  0.09943613 -0.00383318]
 [-0.10535887  0.05935429  0.09545876 -0.04152178 -0.06272799]
 [-0.07195906 -0.12636821 -0.16100027 -0.20290558  0.15537872]]
U = [[ 0.07611154 -0.008991    0.22491745  0.40427682  0.00982358]
 [-0.34473257 -0.08432782  0.14478722  0.09147579  0.1009113 ]
 [ 0.06664222 -0.10479166 -0.13241386 -0.21936754  0.18817408]
 [ 0.27323747 -0.06607065  0.31064918  0.06140241 -0.19462841]
 [-0.13719685  0.02765002 -0.25681265 -0.10565363  0.0305317 ]]
Matrix Pair 76; W = [[ 0.29877496  0.00463009  0.12834279 -0.14835675  0.19617344]
 [ 0.01472961 -0.38683404 -0.03019258  0.23114075 -0.16128552]
 [-0.10969794 -0.01461772 -0.12796902  0.05238191  0.01062979]
 [-0.12581515  0.08069205  0.18003002 -0.09454342 -0.06443374]
 [-0.07125435 -0.11802124 -0.25594206 -0.20123199  0.12328129]]
U = [[ 0.11052753  0.02956203  0.22838905  0.37846004 -0.00938903]
 [-0.40950128 -0.04082042  0.08844184  0.03364379  0.11405731]
 [ 0.0976343  -0.14003323 -0.12656053 -0.26000842  0.17931992]
 [ 0.20328745 -0.09137421  0.30005283  0.03852449 -0.23522528]
 [-0.11826984  0.01076685 -0.24514301 -0.11155218  0.07337046]]
Matrix Pair 77; W = [[ 0.2856011  -0.07319253  0.0787336  -0.18424972  0.2078812 ]
 [-0.02466485 -0.33300189 -0.07064192  0.22128298 -0.17271238]
 [-0.06066088 -0.00245451 -0.10122376  0.07132817  0.01564022]
 [-0.05396731  0.03288929  0.10981105 -0.07942321 -0.05524751]
 [-0.08539843 -0.12454085 -0.19213542 -0.15622919  0.17107494]]
U = [[ 0.03854123  0.01870519  0.20697311  0.37407992 -0.02311108]
 [-0.36224039 -0.0893754   0.08976185  0.05238873  0.10442396]
 [ 0.10500786 -0.11283655 -0.09388203 -0.2300687   0.21934973]
 [ 0.28252718 -0.13443641  0.3257466   0.00182329 -0.22745304]
 [-0.0845681  -0.00110132 -0.17874387 -0.06743232  0.01895262]]
Matrix Pair 78; W = [[ 0.24517541 -0.02539674  0.10876282 -0.11801152  0.17832602]
 [-0.04594005 -0.36119356 -0.03744677  0.24687007 -0.15974483]
 [-0.06120413  0.0300226  -0.1154892   0.07535264 -0.01538892]
 [-0.10296901  0.10957638  0.10059291 -0.12469025 -0.08073422]
 [-0.09893567 -0.14465194 -0.20705717 -0.15525948  0.09518214]]
U = [[ 0.09972362  0.01455857  0.19935056  0.40327591  0.01258574]
 [-0.41694874 -0.07551967  0.10134662  0.0048443   0.11886352]
 [ 0.09841644 -0.16670305 -0.09401278 -0.24234461  0.14983088]
 [ 0.2506805  -0.06302159  0.30533655 -0.01273543 -0.20488457]
 [-0.16648517  0.01344759 -0.26780931 -0.0437921   0.0578988 ]]
Matrix Pair 79; W = [[ 0.29552687 -0.00296486  0.13025749 -0.1000816   0.17192615]
 [-0.05861317 -0.37009935 -0.10988799  0.28956564 -0.13249473]
 [-0.08589893  0.04707305 -0.05816843  0.05349156 -0.00138139]
 [-0.10668652  0.04186481  0.15137409 -0.04138508 -0.09951932]
 [-0.11323265 -0.15465834 -0.19337589 -0.12134922  0.15100927]]
U = [[ 6.00300565e-02 -2.18769489e-02  1.83121478e-01  3.53976737e-01
  -5.37769812e-02]
 [-3.72353672e-01 -2.92896534e-02  1.48295218e-01  3.10287341e-04
   1.36210713e-01]
 [ 6.66359485e-02 -1.70250717e-01 -1.20849099e-01 -1.88253391e-01
   2.18158580e-01]
 [ 2.83208510e-01 -1.16677541e-01  3.52519534e-01  4.40409812e-02
  -1.92574518e-01]
 [-8.14747650e-02 -4.77795506e-02 -2.03752575e-01 -9.09170402e-02
   6.97537236e-02]]
Matrix Pair 80; W = [[ 0.2218434  -0.04871784  0.08888558 -0.13749144  0.20326393]
 [-0.03501311 -0.35304964 -0.06709633  0.24672714 -0.1572458 ]
 [-0.06074769  0.05442384 -0.07134691  0.1267828   0.04966895]
 [-0.04964002  0.05572529  0.11736454 -0.05091489 -0.04629292]
 [-0.15409324 -0.06888429 -0.21665218 -0.1754124   0.16895602]]
U = [[ 0.11933092  0.01161288  0.27508144  0.35716533 -0.0970344 ]
 [-0.36995085 -0.03522522  0.18823391  0.03947812  0.1059888 ]
 [ 0.14528119 -0.19959652 -0.1945614  -0.18410711  0.23143257]
 [ 0.18155851 -0.08144884  0.36769755  0.02397057 -0.21300144]
 [-0.10274848 -0.01211856 -0.21342927 -0.03242103  0.11125545]]
Matrix Pair 81; W = [[ 0.20566512 -0.00495229  0.04122417 -0.21164003  0.15178285]
 [-0.07858113 -0.37714732 -0.08716863  0.20194869 -0.18624009]
 [-0.06392481  0.02631166 -0.08413899  0.05160498  0.02087399]
 [-0.03274528  0.10425179  0.15720742 -0.06493588 -0.01639589]
 [-0.09192159 -0.06160999 -0.18598032 -0.16915816  0.15757516]]
U = [[ 0.12248327  0.00080587  0.21103429  0.27165992 -0.11397094]
 [-0.40323558 -0.05647703  0.1105801   0.02196806  0.14840426]
 [ 0.14446404 -0.15827433 -0.13283112 -0.26058527  0.25643075]
 [ 0.26222772 -0.0827403   0.38331833  0.00820663 -0.21599083]
 [-0.11619137 -0.0035948  -0.23297976 -0.02092431  0.15848817]]
Matrix Pair 82; W = [[ 0.26791947 -0.04391802  0.09212148 -0.19033507  0.20550541]
 [-0.03280559 -0.41383237 -0.09057796  0.2384904  -0.13798787]
 [-0.07196132  0.00932022 -0.10790451  0.05026296  0.03620019]
 [-0.05846852  0.0417134   0.06937256 -0.02480147 -0.03759701]
 [-0.10071275 -0.12707033 -0.15322755 -0.12631903  0.12689668]]
U = [[ 0.14209368 -0.02074884  0.22294071  0.29447243 -0.05727427]
 [-0.3577394  -0.01955611  0.12713393  0.04169168  0.10969505]
 [ 0.10293591 -0.20130621 -0.21266912 -0.17078813  0.21966708]
 [ 0.24710497 -0.05434831  0.36406992  0.06478199 -0.16348767]
 [-0.07056796  0.00105446 -0.2527201  -0.02780084  0.10266961]]
Matrix Pair 83; W = [[ 0.28686636 -0.03681325  0.01389926 -0.14624557  0.2087938 ]
 [-0.02363392 -0.37872621 -0.07508748  0.20685197 -0.13760829]
 [-0.1088236   0.03835789 -0.12639553  0.12743242 -0.00345114]
 [-0.06189831  0.04233307  0.15303019 -0.09727949 -0.10825865]
 [-0.12780407 -0.11862156 -0.15553112 -0.14780633  0.13937147]]
U = [[ 0.08860798  0.03530101  0.28540763  0.31047659 -0.03312379]
 [-0.36107519 -0.00990251  0.1318975   0.07927177  0.14866991]
 [ 0.11582905 -0.12373804 -0.1961141  -0.25761032  0.22844937]
 [ 0.22619944 -0.1360177   0.37569826  0.07252079 -0.23918776]
 [-0.06993164 -0.00937951 -0.25459813 -0.0803012   0.1674193 ]]
Matrix Pair 84; W = [[ 0.22498445 -0.05254857  0.01167634 -0.13326605  0.21745394]
 [-0.05639924 -0.37628272 -0.06389591  0.18622446 -0.21139852]
 [-0.06631566  0.05218174 -0.06819865  0.14167711 -0.00910057]
 [-0.07357262  0.07115962  0.08781351 -0.09116612 -0.09872656]
 [-0.07331119 -0.07091158 -0.17013812 -0.14418195  0.15187131]]
U = [[ 0.09707558 -0.03694776  0.19947653  0.27548059 -0.06807256]
 [-0.37768449 -0.03614987  0.13963091  0.09008708  0.1059991 ]
 [ 0.11732812 -0.15197763 -0.20694593 -0.20199685  0.18693803]
 [ 0.20302879 -0.05578159  0.31622876  0.05163503 -0.15920587]
 [-0.04936097  0.02959613 -0.25814264 -0.09087359  0.1431634 ]]
Matrix Pair 85; W = [[ 0.21335266 -0.0583192   0.07883832 -0.11940455  0.11875143]
 [-0.02944808 -0.35199618 -0.12117267  0.24547421 -0.14430047]
 [-0.09367635  0.03752408 -0.09489899  0.1018614   0.00164934]
 [-0.04965271  0.05208313  0.14747051 -0.0883514  -0.0636622 ]
 [-0.07935844 -0.05505133 -0.22714021 -0.16920321  0.14251842]]
U = [[ 0.16491648 -0.02230679  0.25570493  0.2857283  -0.01917149]
 [-0.38517452 -0.02775926  0.11719142  0.07012375  0.13331984]
 [ 0.0904779  -0.1508417  -0.20361166 -0.26461617  0.18778138]
 [ 0.27073875 -0.09981818  0.32486458 -0.01325357 -0.20375887]
 [-0.09697158  0.03644591 -0.27057609 -0.06753249  0.17465991]]
Matrix Pair 86; W = [[ 0.20916338 -0.03070765  0.06760409 -0.13973703  0.13145545]
 [-0.00041277 -0.35731618 -0.05351466  0.21132393 -0.2050867 ]
 [-0.10432855  0.04652369 -0.12650441  0.07965508  0.05686822]
 [-0.00184867  0.0489859   0.08172945 -0.05650429 -0.07243835]
 [-0.14389555 -0.09281577 -0.19523435 -0.21764757  0.17929274]]
U = [[ 0.10121544 -0.0338845   0.20528585  0.32174183 -0.04285707]
 [-0.39722493 -0.00290368  0.13223886  0.09207046  0.14959495]
 [ 0.06255792 -0.12473084 -0.14629724 -0.1792637   0.17168115]
 [ 0.18223397 -0.13129904  0.39067716  0.01626954 -0.22325706]
 [-0.04540471 -0.01470558 -0.23032228 -0.02354507  0.16904555]]
Matrix Pair 87; W = [[ 0.21623558  0.02173402  0.08837868 -0.14990929  0.12525631]
 [-0.00136775 -0.38564214 -0.046257    0.24122082 -0.14381253]
 [-0.04236339  0.04209653 -0.06192381  0.05102428  0.05028577]
 [-0.07258423  0.05230065  0.11692804 -0.08797575 -0.05491358]
 [-0.07103231 -0.06607061 -0.20340115 -0.1500438   0.17678491]]
U = [[ 0.09435749  0.00966662  0.25429905  0.27130805 -0.0669179 ]
 [-0.35483237 -0.06696904  0.16273262  0.10119696  0.1409044 ]
 [ 0.08003627 -0.21975288 -0.20835012 -0.18699319  0.18743696]
 [ 0.19932766 -0.08039728  0.35317092  0.00932629 -0.24459968]
 [-0.11539966 -0.03954933 -0.27740613 -0.01930029  0.13246984]]
Matrix Pair 88; W = [[ 0.20819283 -0.05835223  0.086609   -0.20734982  0.14714708]
 [-0.01940382 -0.41117037 -0.13408011  0.22430845 -0.19669223]
 [-0.0748233   0.01299313 -0.0336203   0.07123508  0.05021947]
 [-0.00875342  0.07512085  0.08860039 -0.04413987 -0.09345015]
 [-0.1348509  -0.12441344 -0.24167566 -0.1428728   0.1216429 ]]
U = [[ 0.12896862 -0.01786558  0.19871709  0.29666738 -0.09846976]
 [-0.31771491 -0.0798615   0.14117546  0.07954093  0.09185217]
 [ 0.08625872 -0.19208658 -0.15923932 -0.18818958  0.23565267]
 [ 0.25275209 -0.13065369  0.31525757  0.03876505 -0.17633705]
 [-0.07642038  0.02382078 -0.27658245 -0.10982523  0.17542309]]
Matrix Pair 89; W = [[ 0.22442171 -0.03044602  0.06286381 -0.16652765  0.20318029]
 [-0.02148285 -0.34225014 -0.10045487  0.28378476 -0.1945638 ]
 [-0.10887794  0.04551229 -0.11430442  0.10945436  0.04826571]
 [-0.09774728  0.07357974  0.13338876 -0.0966583  -0.0217053 ]
 [-0.10254754 -0.06617421 -0.20361473 -0.17351332  0.19434954]]
U = [[ 0.16445713  0.0340109   0.25664758  0.29590536 -0.07539737]
 [-0.31702179  0.01224245  0.17575877  0.07276809  0.11336079]
 [ 0.09964603 -0.1583197  -0.17702758 -0.19164827  0.22489204]
 [ 0.23019474 -0.08503881  0.39605305  0.07486867 -0.22703456]
 [-0.13017437 -0.01437135 -0.2226851  -0.05434603  0.16077651]]
Matrix Pair 90; W = [[ 0.25323916 -0.03987295  0.07543878 -0.15059992  0.17357661]
 [-0.04785062 -0.40913382 -0.05982324  0.23807845 -0.13513784]
 [-0.07712057  0.07585117 -0.10087515  0.05271407 -0.009014  ]
 [-0.03778067  0.11208817  0.07124892 -0.01973815 -0.05084752]
 [-0.09097781 -0.09747328 -0.21592624 -0.18495395  0.17223616]]
U = [[ 0.11217794  0.01000027  0.20280593  0.30375427 -0.02256886]
 [-0.367199   -0.06347473  0.18294342  0.04534514  0.13387703]
 [ 0.08223484 -0.15350995 -0.18381354 -0.26065715  0.25789735]
 [ 0.18985484 -0.10912575  0.34752424 -0.01425122 -0.2102059 ]
 [-0.11337714  0.04928337 -0.25990497 -0.03495668  0.13463971]]
Matrix Pair 91; W = [[ 0.26683081 -0.07219512  0.00827994 -0.13807878  0.15212662]
 [ 0.01480034 -0.34250956 -0.10965048  0.20012107 -0.15922634]
 [-0.12913584  0.02800564 -0.07692018  0.11128422  0.0319995 ]
 [-0.08065196  0.05837885  0.07109477 -0.06367004 -0.07263776]
 [-0.08835603 -0.1213454  -0.15925407 -0.17798968  0.17787253]]
U = [[ 0.08413209  0.02548015  0.27586899  0.25895611 -0.06884745]
 [-0.35587793 -0.06487675  0.1623131   0.01388267  0.12758362]
 [ 0.08939537 -0.13581884 -0.13621142 -0.25140568  0.20148079]
 [ 0.18891222 -0.13485843  0.37980614  0.06953293 -0.16578802]
 [-0.07243564  0.03753027 -0.28908003 -0.02354539  0.1405756 ]]
Matrix Pair 92; W = [[ 0.21175128 -0.02856702  0.02238433 -0.15242811  0.20092179]
 [-0.05866392 -0.38895447 -0.0762388   0.19655453 -0.21053445]
 [-0.10687638  0.04082182 -0.09997398  0.07327579 -0.00669264]
 [-0.02658968  0.04392848  0.14005209 -0.01581241 -0.04123607]
 [-0.1172444  -0.092832   -0.17859974 -0.1342865   0.11080695]]
U = [[ 0.15304551 -0.02816367  0.22760622  0.31139655 -0.09558586]
 [-0.33906771 -0.00153924  0.15443059  0.00920043  0.06987449]
 [ 0.13671432 -0.19465953 -0.17924272 -0.2022517   0.22737665]
 [ 0.25326587 -0.08844777  0.39847612 -0.02135144 -0.22925676]
 [-0.05671072 -0.00214421 -0.24839013 -0.09328029  0.12599828]]
Matrix Pair 93; W = [[ 0.29586495 -0.03960908  0.04533597 -0.18439774  0.18857086]
 [ 0.0126205  -0.32943621 -0.0906841   0.19395436 -0.21232265]
 [-0.1135826  -0.00155793 -0.05377496  0.04582784 -0.01160182]
 [-0.07973857  0.10193279  0.12582488 -0.08218122 -0.05494834]
 [-0.07152481 -0.06320541 -0.14649607 -0.13862586  0.16264356]]
U = [[ 0.10531041 -0.05111184  0.21938152  0.30266944 -0.09459291]
 [-0.36354645 -0.03993936  0.15326929  0.05195453  0.06914991]
 [ 0.13917539 -0.15247166 -0.19141405 -0.16950081  0.23899572]
 [ 0.26831169 -0.0889873   0.35155837  0.00584648 -0.15322639]
 [-0.05045787 -0.02518764 -0.25651641 -0.03400093  0.09312947]]
Matrix Pair 94; W = [[ 0.20688309 -0.03387033  0.04513819 -0.20922109  0.16665374]
 [-0.03774616 -0.35951864 -0.12699401  0.20928653 -0.21389057]
 [-0.12056175 -0.00215175 -0.04414981  0.04837185  0.03897016]
 [-0.07803485  0.03948214  0.13835647 -0.0807074  -0.04550978]
 [-0.07058186 -0.04125932 -0.20258853 -0.19987209  0.12340075]]
U = [[ 0.16021739 -0.04639334  0.20308016  0.3282749  -0.03077519]
 [-0.33984581 -0.03627525  0.16742491  0.00718302  0.14705775]
 [ 0.08995971 -0.15932255 -0.2135719  -0.25937604  0.17647146]
 [ 0.27167487 -0.10633659  0.378313    0.01784592 -0.21917643]
 [-0.1132144   0.04180653 -0.21717837 -0.1074119   0.14442734]]
Matrix Pair 95; W = [[ 0.29967198  0.0130711   0.09414676 -0.17994271  0.20425441]
 [-0.02268795 -0.4041494  -0.12229234  0.20366443 -0.20473021]
 [-0.08937515  0.0585641  -0.06111523  0.10005897 -0.00355534]
 [-0.09608395  0.06495008  0.12742795 -0.0352522  -0.1083509 ]
 [-0.10436019 -0.03914949 -0.16297538 -0.13154101  0.14166614]]
U = [[ 0.15156245 -0.0253628   0.22487757  0.34138714 -0.04103972]
 [-0.37087422  0.01133694  0.1189477   0.09961986  0.06365975]
 [ 0.12236731 -0.16300401 -0.12338562 -0.25241736  0.26039905]
 [ 0.23109232 -0.0963175   0.39032968  0.01040343 -0.1943494 ]
 [-0.13456581 -0.02206204 -0.19738422 -0.09317303  0.07777535]]
Matrix Pair 96; W = [[ 0.29056068 -0.10933595  0.07217697 -0.12287938  0.25807502]
 [-0.06399076 -0.39431622 -0.0920208   0.24811029 -0.13854206]
 [-0.02894353  0.04289997 -0.04024884  0.09912056  0.01970928]
 [-0.09212588  0.0306684   0.1615854  -0.06517706  0.02112122]
 [-0.06457438 -0.09225189 -0.25961002 -0.19536299  0.05618106]]
U = [[ 0.14318047 -0.06929467  0.22608221  0.36058653 -0.05424189]
 [-0.392852    0.0009798   0.11214032 -0.00968415  0.09236138]
 [ 0.09350787 -0.19386066 -0.20443193 -0.21215676  0.18406406]
 [ 0.18619265 -0.05426247  0.26686419  0.07268094 -0.223407  ]
 [-0.19131364 -0.06467031 -0.21815874 -0.19607015  0.07059297]]
Matrix Pair 97; W = [[ 0.29587817 -0.06024781  0.00870143 -0.20907637  0.22988408]
 [-0.01655388 -0.44604719 -0.01700995  0.25406294 -0.11837518]
 [-0.07863686  0.00151281 -0.05471735  0.09259408  0.04171516]
 [-0.13596698  0.05453334  0.1720231  -0.13712515  0.0178302 ]
 [-0.05101793 -0.08768357 -0.19231196 -0.23084435  0.04497542]]
U = [[ 0.17131461  0.00651633  0.2206535   0.32069356 -0.10391274]
 [-0.4374705  -0.03724693  0.16390994  0.05187533  0.08795388]
 [ 0.13938616 -0.17218558 -0.20769531 -0.2133162   0.23251244]
 [ 0.19804455 -0.10642694  0.30474468  0.05810751 -0.20879252]
 [-0.16530606 -0.02878379 -0.22301831 -0.15363828  0.0772709 ]]
Matrix Pair 98; W = [[ 0.23593425 -0.07946896  0.09667095 -0.19532314  0.20152433]
 [-0.08408176 -0.38435117 -0.06314799  0.23996877 -0.13702417]
 [-0.0027537   0.03205602 -0.06844622  0.15000471  0.04297362]
 [-0.14534796 -0.01898251  0.08730652 -0.06834593  0.01495297]
 [-0.02384537 -0.11883971 -0.19734308 -0.17544283  0.02155464]]
U = [[ 0.11105738 -0.07287809  0.25459153  0.33359247 -0.09465062]
 [-0.35234596 -0.01018117  0.19567543  0.03059568  0.09220637]
 [ 0.14983135 -0.0981045  -0.16174522 -0.21158416  0.17267323]
 [ 0.20853523 -0.0924013   0.29998564  0.01360766 -0.13340438]
 [-0.1701905  -0.03092307 -0.18613974 -0.17597522  0.11802874]]
Matrix Pair 99; W = [[ 0.28741686 -0.09367513 -0.0016691  -0.16709433  0.22522654]
 [-0.00647531 -0.42214217 -0.09611314  0.1980004  -0.09133937]
 [-0.03480573  0.06560287 -0.09003895  0.10669561  0.0233727 ]
 [-0.13443759  0.0440049   0.11391082 -0.09265234 -0.04424578]
 [-0.01786343 -0.09191675 -0.17815118 -0.17047698  0.04467293]]
U = [[ 0.13877498  0.00605405  0.2219773   0.38871234 -0.06747988]
 [-0.41532349 -0.06153749  0.15088852 -0.01121084  0.09418046]
 [ 0.14139703 -0.17048928 -0.19228348 -0.22195865  0.15092766]
 [ 0.27675386 -0.02129886  0.29878154  0.08878266 -0.16986332]
 [-0.1636809  -0.00565451 -0.22752627 -0.13279205  0.06032632]]
Matrix Pair 100; W = [[ 0.22788521 -0.07502291  0.02419836 -0.12986194  0.19425   ]
 [-0.02918706 -0.40311694 -0.04121955  0.22790797 -0.09736356]
 [-0.07035215 -0.01304914 -0.01212718  0.1292196   0.02671254]
 [-0.14956333  0.04683347  0.13171779 -0.07931453 -0.04052301]
 [-0.01350391 -0.12505833 -0.19072725 -0.19426794  0.01732506]]
U = [[ 0.15572233 -0.06828564  0.28103789  0.37031319 -0.01400893]
 [-0.39692059 -0.02537859  0.0985802   0.05555211  0.10467042]
 [ 0.1396069  -0.10557016 -0.16068126 -0.23840321  0.21192351]
 [ 0.25173801 -0.08869126  0.27703854  0.0820293  -0.15151876]
 [-0.1169036   0.00517495 -0.20402589 -0.14819973  0.10805773]]
Matrix Pair 101; W = [[ 0.26359673 -0.07833288  0.08233857 -0.11148141  0.20216722]
 [-0.08178373 -0.40149428 -0.02281076  0.25679647 -0.17748314]
 [ 0.00072451  0.00753066 -0.03894217  0.09442032  0.04432073]
 [-0.16579408  0.0214999   0.11727873 -0.06993711  0.01020917]
 [-0.01496555 -0.07590871 -0.21430927 -0.23133093  0.09608835]]
U = [[ 0.10874768 -0.0187056   0.23368883  0.35746538 -0.05557046]
 [-0.36701384  0.01370726  0.15299483 -0.02123656  0.15468208]
 [ 0.10259348 -0.12941686 -0.19753987 -0.22247926  0.24041493]
 [ 0.23191653 -0.0461398   0.29057852  0.06284178 -0.14968265]
 [-0.16429902  0.01493311 -0.25365018 -0.11672308  0.11284548]]
Matrix Pair 102; W = [[ 2.52830436e-01 -1.24354429e-01  6.19428019e-02 -1.64023859e-01
   2.18473976e-01]
 [-3.85416366e-02 -3.56518301e-01 -1.01613903e-01  2.23962144e-01
  -8.96059723e-02]
 [-4.19641489e-03  8.60376188e-04 -9.19249621e-02  1.30735770e-01
   5.37812438e-02]
 [-1.22694264e-01  1.00932254e-02  1.72012226e-01 -5.77248783e-02
  -2.84854097e-02]
 [-4.29965280e-05 -9.84050704e-02 -1.97484240e-01 -1.48382645e-01
   5.10793795e-02]]
U = [[ 0.18500961 -0.07439433  0.28936479  0.3436654  -0.01723186]
 [-0.43982849 -0.01272165  0.1627075  -0.00226082  0.14055941]
 [ 0.13016251 -0.10461994 -0.1509003  -0.21201723  0.21868215]
 [ 0.25759602 -0.08861186  0.25701888  0.0146352  -0.17007498]
 [-0.18258344 -0.04638431 -0.15779541 -0.11686268  0.12530422]]
Matrix Pair 103; W = [[ 0.3063288  -0.07835639  0.08084742 -0.15398404  0.19844218]
 [-0.06225914 -0.36033694 -0.06647759  0.26200882 -0.14402115]
 [-0.05223787  0.02569849  0.00097979  0.10703201 -0.00670022]
 [-0.13665707  0.00466606  0.10189626 -0.13491219 -0.02154453]
 [-0.00421028 -0.09896508 -0.2221025  -0.23300457  0.02537602]]
U = [[ 0.16564684  0.01788862  0.26161339  0.37436433 -0.09137336]
 [-0.41832725 -0.00582698  0.1151119  -0.03593348  0.13218289]
 [ 0.14513996 -0.17254837 -0.17657297 -0.27107876  0.19531708]
 [ 0.26801211 -0.10085138  0.26270531  0.09193853 -0.21864308]
 [-0.14856854 -0.04569664 -0.18339207 -0.12340584  0.08905066]]
Matrix Pair 104; W = [[ 0.30987099 -0.11894291  0.0428161  -0.19556422  0.19564876]
 [-0.08641739 -0.43171809 -0.03623702  0.24752523 -0.14922101]
 [-0.08286389  0.05471255 -0.02646477  0.14593143 -0.00163934]
 [-0.14326964  0.02751094  0.12951741 -0.0690137   0.01257671]
 [-0.01474058 -0.09775024 -0.24628405 -0.16172075  0.03008492]]
U = [[ 0.13774173 -0.06524102  0.26953592  0.35576817 -0.01915101]
 [-0.38731574 -0.02581064  0.16040451  0.00642919  0.11216688]
 [ 0.12808815 -0.18093469 -0.13134929 -0.28742052  0.23138056]
 [ 0.26395477 -0.05015412  0.31963889  0.03695236 -0.18811476]
 [-0.1657491   0.00400454 -0.1731164  -0.18766312  0.05253725]]
Matrix Pair 105; W = [[ 0.26401173 -0.07775189  0.00291435 -0.12766477  0.19561692]
 [-0.04717518 -0.43231088 -0.04750441  0.20499287 -0.11230219]
 [-0.07020052  0.03181737 -0.03315463  0.08376883  0.03025524]
 [-0.14852349  0.00488398  0.12107448 -0.05533039 -0.0472175 ]
 [ 0.00920886 -0.06139684 -0.26064891 -0.21292382  0.04763555]]
U = [[ 0.13665067 -0.04544293  0.23045179  0.40328743 -0.08803728]
 [-0.42809272 -0.06438846  0.14383159  0.0306242   0.1355752 ]
 [ 0.15131568 -0.1743091  -0.20699792 -0.19256611  0.17184683]
 [ 0.26527381 -0.00844674  0.28246629  0.07831978 -0.20276307]
 [-0.18915869 -0.05622582 -0.19445211 -0.16585244  0.06182246]]
Matrix Pair 106; W = [[ 0.21707806 -0.07130204  0.05535428 -0.1196979   0.2037883 ]
 [-0.07925093 -0.43355983 -0.03115119  0.23641833 -0.16968724]
 [-0.02225054  0.04455484 -0.03754235  0.12020315  0.04830308]
 [-0.09132058  0.00158538  0.13062796 -0.12355747 -0.03401662]
 [ 0.01114317 -0.14298086 -0.22917118 -0.16298208  0.09133207]]
U = [[ 0.10371639 -0.03479406  0.24378335  0.330145   -0.07776409]
 [-0.35189373  0.0175708   0.16773057  0.05196931  0.08758105]
 [ 0.14346838 -0.1676743  -0.16837417 -0.22192239  0.18690846]
 [ 0.21182215 -0.05090665  0.34392421  0.09228444 -0.1399671 ]
 [-0.10089855 -0.05240049 -0.25174352 -0.11254417  0.03580636]]
Matrix Pair 107; W = [[ 0.30808457 -0.06058463  0.08244443 -0.2000021   0.1853224 ]
 [-0.08459627 -0.44120057 -0.05560574  0.29281209 -0.15200422]
 [-0.01562899 -0.00221247 -0.09498605  0.1394237   0.00309777]
 [-0.07417084 -0.01866122  0.11030026 -0.13814005 -0.06242042]
 [-0.05821374 -0.06993879 -0.23607943 -0.16269897  0.05282994]]
U = [[ 0.12184553  0.00105463  0.22593104  0.34495904 -0.00607939]
 [-0.40774062  0.0083769   0.17447047  0.00290001  0.09470573]
 [ 0.1877447  -0.1736814  -0.1571043  -0.23250455  0.22730675]
 [ 0.20552081 -0.10736428  0.28396885  0.03984897 -0.17979222]
 [-0.19174099 -0.03886807 -0.21333881 -0.14955127  0.09626212]]
Matrix Pair 108; W = [[ 0.2674905  -0.12632808  0.08015679 -0.20037594  0.18163713]
 [-0.03115248 -0.40374957 -0.10561431  0.283323   -0.10314076]
 [-0.07096752  0.07520477 -0.0609951   0.07912992  0.04032707]
 [-0.11394531  0.00520667  0.10604712 -0.09028609 -0.05544347]
 [-0.06583252 -0.07239727 -0.23341464 -0.22754983  0.06539253]]
U = [[ 0.17696625 -0.05161639  0.30384502  0.39120175 -0.09382611]
 [-0.42792715 -0.01067448  0.14762106  0.02259445  0.14536803]
 [ 0.09450415 -0.10805962 -0.13286083 -0.27549993  0.18890784]
 [ 0.2798905  -0.02772698  0.29961563  0.03061669 -0.22216963]
 [-0.16845866 -0.07451237 -0.17709915 -0.18643243  0.10973243]]
Matrix Pair 109; W = [[ 0.22357732 -0.0503121   0.07150714 -0.12663587  0.18292402]
 [-0.05139339 -0.42046391 -0.09556367  0.26469699 -0.14360685]
 [-0.06149284  0.05593718 -0.05494829  0.08920645  0.02011158]
 [-0.14866808  0.0452785   0.17115802 -0.11191253  0.01356024]
 [-0.01079464 -0.10808982 -0.25671121 -0.17939158  0.05242219]]
U = [[ 0.18344602 -0.04153181  0.26336801  0.32403376 -0.03295341]
 [-0.35755972 -0.05297003  0.11583833 -0.02366924  0.0872204 ]
 [ 0.12919138 -0.17043838 -0.19079646 -0.27247839  0.23579361]
 [ 0.22593783 -0.09319031  0.27229364  0.10477768 -0.13706532]
 [-0.18449308 -0.04944797 -0.21451568 -0.1156595   0.07923519]]
Matrix Pair 110; W = [[ 0.23219844 -0.10828143  0.03356715 -0.16355579  0.2031153 ]
 [-0.0757982  -0.3585295  -0.10198009  0.27835981 -0.15954832]
 [-0.06102795 -0.01407005 -0.04399266  0.07328053 -0.01061943]
 [-0.16269218  0.05722304  0.15893326 -0.1200548  -0.033099  ]
 [-0.0326755  -0.06606291 -0.22743873 -0.15537575  0.08131838]]
U = [[ 0.1068147   0.01502991  0.29086937  0.37803723 -0.04551618]
 [-0.37276512  0.02196958  0.12452338 -0.02674753  0.1039034 ]
 [ 0.18343295 -0.10030628 -0.19129183 -0.20939055  0.20284021]
 [ 0.22066176 -0.09372126  0.28433158  0.06821711 -0.22328197]
 [-0.15064075  0.02137017 -0.23412805 -0.18415293  0.08827093]]
Matrix Pair 111; W = [[ 0.2422844  -0.03719591  0.00048551 -0.18343086  0.20935661]
 [-0.00469755 -0.39542937 -0.03029279  0.23242481 -0.10346222]
 [-0.01783794  0.06640139 -0.01086399  0.09570875 -0.00365453]
 [-0.12166715  0.0333975   0.12182906 -0.13696161 -0.01780666]
 [-0.07429719 -0.06140999 -0.22801435 -0.2065723   0.03442547]]
U = [[ 0.16360771  0.01496322  0.24452619  0.39625618 -0.0192486 ]
 [-0.41845324 -0.01649204  0.11211051 -0.00216846  0.15273824]
 [ 0.15849122 -0.16499572 -0.11993317 -0.20738827  0.2094949 ]
 [ 0.27280393 -0.02166835  0.26817311  0.05644597 -0.19008009]
 [-0.19224926 -0.06801261 -0.21065376 -0.15449805  0.07540034]]
Matrix Pair 112; W = [[ 0.24531617 -0.00331128  0.12893453 -0.16323376  0.14204684]
 [-0.02370572 -0.43391932 -0.09619209  0.2206183  -0.172348  ]
 [-0.04309992  0.04907675 -0.08628054  0.06881909 -0.04290356]
 [ 0.00267137  0.06692074  0.10110595 -0.08783246 -0.05380149]
 [-0.10772163 -0.08842879 -0.22829983 -0.13490104  0.14147658]]
U = [[ 0.07684325  0.02447771  0.26900289  0.30788795 -0.0095935 ]
 [-0.35292528 -0.05281177  0.10783385  0.11321709  0.02183064]
 [ 0.15553096 -0.14277977 -0.13117371 -0.27561414  0.20569067]
 [ 0.25140452 -0.01512515  0.27763092  0.02720471 -0.24708642]
 [-0.15871665 -0.08692274 -0.22225283 -0.10268692  0.04595063]]
Matrix Pair 113; W = [[ 0.26867925 -0.01537423  0.16518541 -0.21199698  0.12664888]
 [-0.08519893 -0.37148446 -0.06226782  0.28090113 -0.10186064]
 [-0.0109747  -0.01004766 -0.05798024  0.11648141 -0.05313749]
 [-0.02263966  0.03750173  0.18734152 -0.0731769  -0.00881184]
 [-0.09562579 -0.0468738  -0.23350992 -0.11862428  0.1159323 ]]
U = [[ 1.17999392e-01  6.11360093e-02  2.76031092e-01  3.11153184e-01
  -5.48971313e-02]
 [-3.82104151e-01 -1.27652798e-04  1.54809921e-01  7.53887486e-02
   3.99989922e-02]
 [ 9.74180741e-02 -1.47731135e-01 -1.38968158e-01 -2.84247447e-01
   2.36053265e-01]
 [ 2.68413670e-01 -6.60418858e-02  2.73433186e-01  1.86984214e-02
  -1.55760438e-01]
 [-6.93438960e-02 -5.03768521e-02 -2.12571305e-01 -1.01909379e-01
   1.30072768e-02]]
Matrix Pair 114; W = [[ 0.30633117 -0.05459971  0.07594838 -0.12313275  0.10630228]
 [-0.04793529 -0.42503303 -0.05142287  0.21647346 -0.17278632]
 [ 0.0098135   0.00609234 -0.04942059  0.06689572 -0.01749735]
 [ 0.01975723  0.02894712  0.10820313 -0.11209039 -0.06302374]
 [-0.0887995  -0.07601072 -0.18842695 -0.12481686  0.10129624]]
U = [[ 0.07034172 -0.01806656  0.25113097  0.29697029 -0.04480015]
 [-0.38580908 -0.07455244  0.09876037  0.10833347  0.10650879]
 [ 0.08184509 -0.11054987 -0.14862749 -0.31825819  0.19838081]
 [ 0.27496156 -0.04637324  0.27445232 -0.01450717 -0.15716035]
 [-0.09768626 -0.02143637 -0.17254771 -0.10477253  0.01642091]]
Matrix Pair 115; W = [[ 0.23930982 -0.01801546  0.0970775  -0.17645436  0.1215232 ]
 [-0.01615406 -0.35922185 -0.10469439  0.2585999  -0.10120329]
 [-0.05881023  0.02111549 -0.11806065  0.10889724 -0.00992017]
 [-0.03873406  0.10663302  0.17768272 -0.0748587  -0.05652783]
 [-0.09895386 -0.0802721  -0.2101163  -0.18267746  0.11860995]]
U = [[ 0.07330055 -0.01349256  0.29945932  0.34587322 -0.03140522]
 [-0.36221547 -0.05566941  0.14544705  0.04742124  0.04289267]
 [ 0.0961123  -0.11885732 -0.13119327 -0.22274733  0.17319552]
 [ 0.21629117 -0.03637127  0.30309446  0.03899263 -0.22570547]
 [-0.14955045 -0.0658813  -0.18763739 -0.03196661  0.05836147]]
Matrix Pair 116; W = [[ 0.25259151 -0.06022684  0.11791092 -0.21096711  0.18951497]
 [-0.0799759  -0.44245403 -0.07445419  0.22162773 -0.1748934 ]
 [-0.07529868  0.04760087 -0.14484418  0.11913596 -0.01925391]
 [-0.05280283  0.04453474  0.12092169 -0.06163631 -0.019732  ]
 [-0.10441735 -0.04356058 -0.16957342 -0.1444432   0.07509737]]
U = [[ 0.10355731  0.04395775  0.27535902  0.35972293 -0.10168806]
 [-0.34041682 -0.05155903  0.05911218  0.06753078  0.04939872]
 [ 0.13788375 -0.15700269 -0.10959152 -0.30807571  0.17980128]
 [ 0.2163393  -0.01842266  0.33720371  0.00772801 -0.23028283]
 [-0.14727177  0.00084915 -0.16398735 -0.0292992  -0.00225656]]
Matrix Pair 117; W = [[ 0.28083867 -0.00913919  0.07336267 -0.16140701  0.09794765]
 [-0.04681768 -0.39320107 -0.10528148  0.2134027  -0.1756442 ]
 [-0.00682     0.05791731 -0.08531571  0.06060484 -0.00727513]
 [-0.00744394  0.05839559  0.14903099 -0.03465663 -0.06076475]
 [-0.07566456 -0.09932235 -0.16645003 -0.16100096  0.06918536]]
U = [[ 0.14725067  0.01432326  0.27437726  0.36087596 -0.03799768]
 [-0.32153449 -0.04094541  0.08964787  0.0377406   0.09065435]
 [ 0.15181675 -0.104004   -0.10456175 -0.31317025  0.17937419]
 [ 0.2317988  -0.04587911  0.31165499  0.00167643 -0.18121357]
 [-0.13518316 -0.00139875 -0.18822873 -0.02006029  0.02073217]]
Matrix Pair 118; W = [[ 0.24956393 -0.08475526  0.14193673 -0.14374759  0.14670903]
 [-0.0629411  -0.3639018  -0.07058493  0.23512779 -0.14342628]
 [ 0.00170801 -0.00117003 -0.05214605  0.1451057   0.01925747]
 [-0.03524278  0.08531004  0.17512436 -0.04374959 -0.00372026]
 [-0.10053082 -0.11059575 -0.19066373 -0.18721469  0.06619295]]
U = [[ 0.08910936 -0.02584639  0.25897845  0.33802506 -0.09417748]
 [-0.33110896 -0.01872907  0.12860261  0.0665956   0.04525072]
 [ 0.11467222 -0.13091036 -0.11481263 -0.30572703  0.14435682]
 [ 0.27596063 -0.02485288  0.29352004 -0.01597661 -0.21857492]
 [-0.15563722 -0.0342805  -0.23612902 -0.03505279  0.03906934]]
Matrix Pair 119; W = [[ 0.22881092 -0.04059168  0.15862109 -0.15725672  0.15651182]
 [-0.07753928 -0.37027927 -0.10023625  0.21375696 -0.13171196]
 [-0.0277385   0.0034615  -0.12768473  0.05904016 -0.03750529]
 [ 0.01107435  0.05678482  0.17781056 -0.066595   -0.00947441]
 [-0.07613931 -0.05174831 -0.2136518  -0.11222204  0.15487889]]
U = [[ 0.1014812   0.05368097  0.2258238   0.32739956 -0.06849112]
 [-0.39874771 -0.05646235  0.08584021  0.09958453  0.0522053 ]
 [ 0.12464777 -0.14174163 -0.10741677 -0.30611911  0.20072446]
 [ 0.27000277 -0.02087945  0.28907875  0.03657957 -0.22496098]
 [-0.09157671 -0.010152   -0.17896388 -0.06776092  0.07134111]]
Matrix Pair 120; W = [[ 0.2207677  -0.05463948  0.11965203 -0.17521591  0.16377414]
 [-0.08438676 -0.42762848 -0.1294236   0.27800529 -0.15123931]
 [-0.06607598  0.08189966 -0.11356591  0.11309733 -0.07219912]
 [ 0.00753691  0.06341325  0.09606655 -0.06734778  0.01578391]
 [-0.07792661 -0.05656926 -0.1431765  -0.18870359  0.0783014 ]]
U = [[ 0.10640163 -0.01719802  0.22543782  0.30320314 -0.03324347]
 [-0.36068042 -0.05482025  0.13015741  0.07250376  0.01963546]
 [ 0.07710174 -0.10274545 -0.13319572 -0.24751113  0.1559342 ]
 [ 0.20132175 -0.02746983  0.34074507 -0.04256286 -0.24363702]
 [-0.15621509 -0.02566261 -0.20296336 -0.05021891 -0.00919872]]
Matrix Pair 121; W = [[ 0.2449283  -0.08628298  0.15518796 -0.13088869  0.1503873 ]
 [-0.04599052 -0.38579607 -0.10114982  0.27058391 -0.16943384]
 [-0.05555531  0.02285667 -0.113093    0.06911412  0.01701302]
 [-0.05218463  0.08928394  0.1514062  -0.02987498  0.02441415]
 [-0.10903675 -0.05190972 -0.22307154 -0.18244515  0.09175935]]
U = [[ 0.12665932 -0.02864604  0.27922662  0.3357897  -0.09166847]
 [-0.35951082 -0.09209241  0.08494162  0.10487376  0.04319154]
 [ 0.0689376  -0.11622665 -0.12489964 -0.23706953  0.21191956]
 [ 0.25703479 -0.03450795  0.31598917 -0.04166415 -0.20445733]
 [-0.06559966 -0.09519371 -0.19362386 -0.04605669  0.07330107]]
Matrix Pair 122; W = [[ 0.25656287 -0.03946022  0.08196874 -0.13013292  0.15459111]
 [-0.08378526 -0.36101717 -0.10232905  0.22767146 -0.08544019]
 [-0.01214268  0.01382498 -0.05622964  0.08652551 -0.06367784]
 [-0.02980931  0.05421406  0.1662401  -0.0675527  -0.03468627]
 [-0.14243026 -0.04300883 -0.17672153 -0.1673823   0.10341362]]
U = [[ 0.07370038  0.06170834  0.20779585  0.34189594 -0.04354553]
 [-0.3873619  -0.04630209  0.08200007  0.05678668  0.01241312]
 [ 0.12795342 -0.10798125 -0.09406242 -0.22163259  0.14834703]
 [ 0.27589763 -0.05429567  0.34784479  0.02184994 -0.21832219]
 [-0.13851149 -0.04292544 -0.17061533 -0.06375967  0.00915064]]
Matrix Pair 123; W = [[ 0.22384345 -0.01577954  0.09902847 -0.17871764  0.16560421]
 [-0.04615847 -0.356839   -0.14420078  0.21818237 -0.16568374]
 [-0.07111274  0.00391801 -0.11247933  0.07020767  0.01219025]
 [-0.00136294  0.05992661  0.18125467 -0.02151985 -0.065794  ]
 [-0.13166328 -0.09382328 -0.22216922 -0.19493961  0.14779809]]
U = [[ 0.09861324 -0.01052639  0.24676995  0.36532102 -0.09753048]
 [-0.37890023 -0.09319129  0.09537102  0.10293312  0.09464507]
 [ 0.09657651 -0.09450652 -0.16166395 -0.22685825  0.20760773]
 [ 0.28908142 -0.03805206  0.30357581 -0.03385703 -0.15739332]
 [-0.11042955 -0.06191592 -0.15591017 -0.023149   -0.01349098]]
Matrix Pair 124; W = [[ 0.25185768 -0.08967523  0.13393891 -0.15640129  0.13284269]
 [-0.07699654 -0.42708235 -0.0469869   0.27955244 -0.17740111]
 [-0.08372163 -0.00904456 -0.05158661  0.0824328  -0.00534767]
 [-0.04809947  0.09236182  0.17235256 -0.0782621  -0.01656617]
 [-0.11168771 -0.03758796 -0.15270134 -0.15792334  0.09523205]]
U = [[ 0.11776022 -0.03013365  0.2090885   0.30761065 -0.07820841]
 [-0.36512659 -0.02932767  0.13489294  0.04050906  0.10451701]
 [ 0.15700914 -0.12187229 -0.11308993 -0.2829893   0.1611037 ]
 [ 0.26659371  0.00561719  0.29929931  0.04485019 -0.18464976]
 [-0.12850401 -0.02519286 -0.18558038 -0.07881243  0.0413079 ]]
Matrix Pair 125; W = [[ 0.22228472 -0.07629762  0.09746686 -0.11958689  0.14350047]
 [-0.07383385 -0.35882015 -0.10386795  0.24503291 -0.10860334]
 [-0.04838801  0.01712316 -0.11707839  0.08141192 -0.06859751]
 [-0.06787913  0.02837095  0.16452085 -0.0738895  -0.01235854]
 [-0.0758958  -0.09347473 -0.17981081 -0.10493078  0.11760328]]
U = [[ 0.12514584  0.05330728  0.27068304  0.36071206 -0.0315933 ]
 [-0.40422336 -0.00133384  0.13942266  0.04697187  0.04510733]
 [ 0.14612153 -0.11787644 -0.17407455 -0.24331853  0.16548957]
 [ 0.21940468 -0.07138206  0.29439538  0.0501352  -0.17123886]
 [-0.09348094 -0.02596035 -0.16506266 -0.05618228 -0.01744011]]
Matrix Pair 126; W = [[ 0.26688276 -0.03282099  0.09844842 -0.16351931  0.11401707]
 [-0.0056286  -0.41591238 -0.08217434  0.26388835 -0.1008943 ]
 [-0.03519902  0.02811768 -0.12642932  0.06628324 -0.06180702]
 [ 0.01550867  0.08216081  0.10853027 -0.02670684  0.02400244]
 [-0.0532822  -0.05111052 -0.18311488 -0.19229072  0.07160124]]
U = [[ 0.15412893  0.00530422  0.26916392  0.31725538 -0.05885167]
 [-0.33599273 -0.0648583   0.06343407  0.11571376  0.01871906]
 [ 0.08608583 -0.13414114 -0.17885149 -0.2854      0.22197762]
 [ 0.26400777 -0.02217887  0.31193298 -0.03844533 -0.16834143]
 [-0.11336595 -0.00400919 -0.17962348 -0.06442329  0.04837236]]
Matrix Pair 127; W = [[ 0.29220451 -0.02858244  0.11323159 -0.14706095  0.19119673]
 [-0.01081413 -0.41542211 -0.08406882  0.27007637 -0.13596144]
 [ 0.00928806  0.00843171 -0.123965    0.11428254 -0.0590798 ]
 [ 0.01430613  0.02630941  0.1834231  -0.10211065 -0.00290823]
 [-0.05853759 -0.0792238  -0.23666687 -0.11956058  0.10969314]]
U = [[ 0.13504965  0.05563865  0.27244566  0.32424993 -0.08299418]
 [-0.32872699 -0.05108591  0.10733666  0.10295438  0.06239194]
 [ 0.11310694 -0.14388159 -0.09305939 -0.23864168  0.2125235 ]
 [ 0.28570001 -0.01341734  0.33144955  0.00791063 -0.16281839]
 [-0.13008423 -0.06876177 -0.25495756 -0.07434985 -0.00407462]]
