Epoch: 85Matrix Pair 0; W = [[ 0.31889973  0.03348875  0.08232331 -0.22866222  0.18953632]
 [-0.09551424 -0.41655403 -0.11944323  0.17404227 -0.110013  ]
 [-0.07951152  0.00067437 -0.07047929  0.17131515  0.0404456 ]
 [-0.05124124  0.15348936  0.11527743 -0.04327446 -0.04952218]
 [-0.16828934 -0.14676193 -0.14635282 -0.24686641 -0.01799373]]
U = [[ 0.19332102  0.12244306  0.32393003  0.39764398  0.00062516]
 [-0.39677721 -0.09279595  0.05190965  0.14681514  0.10380108]
 [ 0.05824278 -0.09099601 -0.27374328 -0.25532463  0.18007199]
 [ 0.26746052  0.04628173  0.3479049  -0.01394843 -0.25715282]
 [-0.20071834  0.02663089 -0.26325807 -0.04654817 -0.00573431]]
Matrix Pair 1; W = [[ 0.25869311 -0.03170025  0.06450678 -0.229362    0.11769612]
 [-0.07604734 -0.37738106 -0.0864856   0.16490946 -0.15434272]
 [-0.12875991  0.04867064  0.00392569  0.13040011  0.10083574]
 [-0.11260459  0.14686651  0.09077749 -0.02771036 -0.11435557]
 [-0.14064522 -0.10592627 -0.16453287 -0.20506354  0.03678116]]
U = [[ 0.09988517  0.11427252  0.31085808  0.34753641 -0.06344506]
 [-0.38936545 -0.02811535  0.00149128  0.10229851  0.09910892]
 [ 0.06983451 -0.10826338 -0.24314515 -0.21598859  0.1628259 ]
 [ 0.31906744  0.02274979  0.26603328  0.04621025 -0.21217775]
 [-0.11908232  0.07974343 -0.27964359 -0.03791692 -0.01876611]]
Matrix Pair 2; W = [[ 0.24077973 -0.02802239  0.05406056 -0.23878948  0.17346987]
 [-0.09387905 -0.3429103  -0.05672975  0.14240591 -0.14640937]
 [-0.10161824  0.08110049 -0.0140409   0.20860327  0.0465799 ]
 [-0.07257282  0.09676619  0.16836532 -0.10287487 -0.03148265]
 [-0.19911833 -0.13313981 -0.15225926 -0.18578092 -0.03091556]]
U = [[ 0.17821094  0.12284765  0.26916405  0.42978021 -0.07959893]
 [-0.39603154 -0.00412335  0.02969816  0.09832544  0.11562777]
 [ 0.04855619 -0.1112473  -0.27919518 -0.22526014  0.18880455]
 [ 0.2421034  -0.00059869  0.34276561 -0.00749307 -0.20136577]
 [-0.14354004  0.05009653 -0.25282251 -0.06124996 -0.01893777]]
Matrix Pair 3; W = [[ 0.24807215  0.00632434  0.09514228 -0.22079349  0.09582861]
 [-0.12156819 -0.37535812 -0.05775917  0.16214155 -0.12301659]
 [-0.04287028  0.02427417 -0.02863535  0.15088352  0.03907326]
 [-0.0179309   0.15419687  0.07604644 -0.06842907 -0.07397546]
 [-0.14909207 -0.14554413 -0.10864472 -0.22462883 -0.03649754]]
U = [[ 0.14872968  0.14069122  0.32441494  0.36818847 -0.00773616]
 [-0.32315606 -0.00964412  0.05807071  0.1205648   0.09507257]
 [ 0.07758518 -0.16015439 -0.1982987  -0.23739464  0.11588146]
 [ 0.29050497  0.05504991  0.33812961 -0.01553095 -0.26308554]
 [-0.18719539  0.07434384 -0.28648621 -0.06100159  0.01528041]]
Matrix Pair 4; W = [[ 0.26238245  0.01280526  0.05045272 -0.15316426  0.11435684]
 [-0.1196044  -0.38703415 -0.05795806  0.19049789 -0.08126043]
 [-0.07528079  0.05175536 -0.01917538  0.19203515  0.01834331]
 [-0.06278223  0.16514519  0.16056424 -0.03058624 -0.0513576 ]
 [-0.14614115 -0.1253149  -0.11073709 -0.19195132 -0.02342357]]
U = [[ 0.10827312  0.07042793  0.30977537  0.36716525 -0.00929233]
 [-0.39831182 -0.07577435  0.08189573  0.15754337  0.13356492]
 [ 0.1298381  -0.15044091 -0.19982165 -0.26295776  0.11268338]
 [ 0.22191265  0.04216356  0.34115987  0.02709407 -0.24897234]
 [-0.12065229  0.02892793 -0.22790225 -0.03950454  0.02613074]]
Matrix Pair 5; W = [[ 0.2540658  -0.02624065  0.06202626 -0.18611666  0.14567178]
 [-0.05956992 -0.36042489 -0.12518692  0.15482157 -0.12728554]
 [-0.09664215  0.01180375 -0.02606825  0.15361262  0.09295283]
 [-0.03243901  0.10752257  0.09848942 -0.0598123  -0.04832105]
 [-0.22302076 -0.10142765 -0.16312591 -0.22527293  0.04667684]]
U = [[ 0.14462584  0.1176065   0.35992722  0.34399786 -0.06419855]
 [-0.34586829 -0.04365149  0.06443394  0.10901107  0.09382895]
 [ 0.07046632 -0.1200142  -0.23154907 -0.2192145   0.11898659]
 [ 0.31935179  0.03302503  0.35963258  0.02220272 -0.17955268]
 [-0.18195036  0.05843167 -0.22793466 -0.01376454  0.03869445]]
Matrix Pair 6; W = [[ 0.31103361 -0.03955439  0.09235493 -0.22876238  0.13938341]
 [-0.09927555 -0.4020136  -0.12513906  0.17326105 -0.06907287]
 [-0.05254078  0.0494141  -0.03809264  0.11993562  0.01947117]
 [-0.01461167  0.0745768   0.11210526 -0.10378334 -0.10091291]
 [-0.15885805 -0.06246003 -0.1269583  -0.23032916 -0.01364821]]
U = [[ 0.10781606  0.10012016  0.31230179  0.37256894 -0.0330111 ]
 [-0.31944847 -0.05213217  0.08437596  0.16112541  0.11864837]
 [ 0.06073981 -0.11000783 -0.25131895 -0.2429596   0.1385616 ]
 [ 0.27114781  0.03299197  0.35263714  0.05568546 -0.20449048]
 [-0.12678534  0.07324526 -0.24172136 -0.07362647 -0.03358404]]
Matrix Pair 7; W = [[ 2.98294234e-01 -3.30637085e-04  4.85060815e-02 -2.08472315e-01
   1.32011234e-01]
 [-1.02551190e-01 -4.06274991e-01 -1.32379479e-01  1.06543336e-01
  -1.05852482e-01]
 [-3.29629498e-02  8.99850021e-02 -7.34158573e-02  1.32206252e-01
   9.50444621e-02]
 [-8.72465219e-02  1.02794859e-01  1.62840455e-01 -9.13012765e-02
  -6.22610346e-02]
 [-1.56269839e-01 -8.93278317e-02 -1.15807044e-01 -2.05331916e-01
  -2.98814518e-02]]
U = [[ 0.1787568   0.10294699  0.33400127  0.33406624 -0.06435161]
 [-0.39954662 -0.04204435  0.0310327   0.12338718  0.11190032]
 [ 0.07971152 -0.13198757 -0.26582959 -0.17482564  0.15368745]
 [ 0.29567812  0.07256116  0.32343699 -0.00730473 -0.26397592]
 [-0.19054869  0.0899307  -0.2911679  -0.0221619   0.02355523]]
Matrix Pair 8; W = [[ 0.2357868  -0.04478545  0.10214388 -0.19081036  0.16798626]
 [-0.10166977 -0.38258662 -0.05268755  0.13340231 -0.12392561]
 [-0.09268769  0.07062761 -0.05696593  0.20508861  0.03514959]
 [-0.04074966  0.07444231  0.08954573 -0.03434725 -0.10135739]
 [-0.15988444 -0.06274439 -0.10194071 -0.18883947  0.00485448]]
U = [[ 0.11588225  0.05898361  0.2680017   0.38654535 -0.01977214]
 [-0.31101946 -0.0475447   0.04580168  0.145065    0.14344738]
 [ 0.07553722 -0.10428616 -0.27474576 -0.1791762   0.18909123]
 [ 0.26095894 -0.01177918  0.34608917 -0.02313512 -0.23051199]
 [-0.12523279  0.0271938  -0.26723905 -0.06971192 -0.01142188]]
Matrix Pair 9; W = [[ 0.25128561  0.03476504  0.12115512 -0.20469076  0.19231903]
 [-0.12217285 -0.34303205 -0.09548364  0.12013725 -0.11066301]
 [-0.0624246   0.01303694  0.00242114  0.12227944  0.04549165]
 [-0.01491508  0.14180506  0.12822016 -0.0321883  -0.08497758]
 [-0.13604447 -0.14030137 -0.11689818 -0.18096523 -0.01762369]]
U = [[ 0.17608768  0.1235654   0.33496237  0.36123407 -0.08627582]
 [-0.38433679 -0.04308816  0.02610382  0.14597869  0.1870222 ]
 [ 0.08807854 -0.12083483 -0.19937915 -0.20991813  0.14834863]
 [ 0.26451461  0.05964994  0.35605169 -0.00777035 -0.23772333]
 [-0.18785616  0.09842529 -0.25887512 -0.03335328 -0.04227644]]
Matrix Pair 10; W = [[ 0.30045828 -0.00872659  0.08476301 -0.19885034  0.13138679]
 [-0.08700572 -0.42043163 -0.0619246   0.16550655 -0.16192299]
 [-0.05288335  0.03652582 -0.04296833  0.18715778  0.04116254]
 [-0.0951387   0.0918636   0.14478118 -0.06468782 -0.03893142]
 [-0.19083492 -0.08778664 -0.08710515 -0.23432041 -0.01655205]]
U = [[ 0.1613554   0.10706494  0.34104832  0.36041817 -0.08413186]
 [-0.35009414 -0.08043189  0.0469578   0.16122022  0.13829533]
 [ 0.1079626  -0.09330402 -0.25330169 -0.226618    0.1015642 ]
 [ 0.24564332 -0.0062174   0.35533165  0.04972573 -0.24236715]
 [-0.1456142   0.09775797 -0.24071631 -0.01150069 -0.04089   ]]
Matrix Pair 11; W = [[ 0.22826389  0.04389252  0.11925082 -0.19912981  0.12464823]
 [-0.10793403 -0.39964783 -0.06331213  0.14526703 -0.12134135]
 [-0.08770951  0.03583673 -0.01161569  0.17548703  0.10016121]
 [-0.07837573  0.15630444  0.15649125 -0.10753349 -0.05756041]
 [-0.19365906 -0.08862792 -0.09944219 -0.22958041 -0.02778124]]
U = [[ 0.14628998  0.08811813  0.33432617  0.40931564 -0.04844232]
 [-0.37636529 -0.08737317  0.04873709  0.15593067  0.14043989]
 [ 0.12819861 -0.13153022 -0.25428862 -0.25363978  0.126475  ]
 [ 0.30574262  0.03420891  0.28870604  0.05437738 -0.18405522]
 [-0.1505822   0.03294161 -0.23018309 -0.02041741 -0.00133767]]
Matrix Pair 12; W = [[ 0.31472171 -0.01762017  0.05409168 -0.17927361  0.14675781]
 [-0.10564852 -0.33673001 -0.11381233  0.1813202  -0.15962949]
 [-0.10907734  0.07808478 -0.04504596  0.20638803  0.07759268]
 [-0.08261405  0.10945601  0.15452902 -0.04286227 -0.1089857 ]
 [-0.21843193 -0.05981892 -0.14716107 -0.15180414 -0.02497836]]
U = [[ 0.1536386   0.10273706  0.28510278  0.40413572 -0.0121612 ]
 [-0.38356759 -0.07505741  0.05096351  0.08506867  0.17622135]
 [ 0.10290507 -0.10906752 -0.24195992 -0.21019317  0.17106729]
 [ 0.2836182   0.00742999  0.33722104  0.02473282 -0.18082146]
 [-0.12735985  0.08787771 -0.2862731   0.01491256 -0.02413385]]
Matrix Pair 13; W = [[ 0.28428036  0.03683398  0.09088711 -0.24864633  0.14490411]
 [-0.12817527 -0.36091324 -0.14027327  0.16076714 -0.13634143]
 [-0.07692486  0.06335674  0.0056344   0.12402883  0.0824857 ]
 [-0.07550536  0.15067633  0.15662953 -0.0430847  -0.07959144]
 [-0.18320453 -0.06594607 -0.13693757 -0.2079356  -0.01579359]]
U = [[ 0.19260886  0.09541579  0.34778989  0.3811357  -0.08417223]
 [-0.35887708 -0.09362496  0.02417354  0.10957281  0.1224166 ]
 [ 0.13422592 -0.10227081 -0.26700824 -0.25971889  0.15739513]
 [ 0.27054635  0.03155586  0.30439348 -0.00601752 -0.22613829]
 [-0.15673547  0.05860667 -0.23466463 -0.02128591 -0.05564686]]
Matrix Pair 14; W = [[ 0.29614665 -0.01484902  0.05043574 -0.17127323  0.14487529]
 [-0.03352607 -0.4223206  -0.13868572  0.11351503 -0.13711711]
 [-0.12300038  0.07062972 -0.08490522  0.15436792  0.0118681 ]
 [-0.05052869  0.07968936  0.08349545 -0.07869572 -0.05335973]
 [-0.18891882 -0.07102162 -0.11691693 -0.17849319  0.02179261]]
U = [[ 0.18470095  0.07942722  0.28068731  0.40095967 -0.02924253]
 [-0.37719208 -0.08473909  0.08901114  0.14669366  0.15949785]
 [ 0.08767898 -0.15732021 -0.21011253 -0.26257698  0.16141871]
 [ 0.25402433  0.05699299  0.31206148 -0.02069137 -0.18782104]
 [-0.13595178  0.04678681 -0.2300026  -0.06717615  0.01463425]]
Matrix Pair 15; W = [[ 0.31338144  0.01479186  0.12648346 -0.15725346  0.17786739]
 [-0.06556716 -0.40704486 -0.05754588  0.13000943 -0.10071053]
 [-0.10090427  0.08309508 -0.08916135  0.11277253  0.02222704]
 [-0.08298136  0.0890721   0.16236944 -0.10490451 -0.04893207]
 [-0.17970856 -0.13185103 -0.0971334  -0.23822264  0.04468307]]
U = [[ 0.11828695  0.09544121  0.34403929  0.42103844 -0.02026757]
 [-0.31668083 -0.05920704  0.07359029  0.09855106  0.14980682]
 [ 0.07883333 -0.17394029 -0.24849326 -0.17803805  0.10552675]
 [ 0.2861193   0.04596551  0.33033686  0.03805647 -0.2186206 ]
 [-0.14974116  0.07539604 -0.29633974 -0.00076102  0.0093345 ]]
Matrix Pair 16; W = [[ 0.32170639  0.01551644  0.12846694 -0.14123691  0.17882628]
 [-0.09107625 -0.42262995 -0.11569229  0.21469526 -0.16326284]
 [-0.10171486  0.01720359 -0.02921509  0.07725651  0.11077898]
 [-0.11112484  0.06966289  0.13364793 -0.11454132 -0.07988094]
 [-0.16391786 -0.0833526  -0.16109459 -0.14785201  0.06358617]]
U = [[ 8.64403946e-02  4.53435104e-02  3.06223934e-01  3.95218962e-01
   1.29270013e-05]
 [-2.72290689e-01 -1.17035647e-01  5.89489416e-02  1.21090579e-01
   8.80314453e-02]
 [ 7.53800348e-02 -8.48662699e-02 -2.43578508e-01 -2.03652875e-01
   1.55089390e-01]
 [ 2.26223193e-01 -1.49779704e-02  3.61271269e-01 -2.50523183e-02
  -1.33141016e-01]
 [-1.40442047e-01  2.76774062e-02 -3.31369230e-01  5.38546198e-03
   3.28556620e-02]]
Matrix Pair 17; W = [[ 0.22724311 -0.04761085  0.09216997 -0.07434513  0.12664474]
 [-0.06543656 -0.46508081 -0.12469551  0.1461729  -0.13494594]
 [-0.04166639 -0.01346026 -0.02072661  0.11459282  0.12332517]
 [-0.06334067 -0.00083624  0.08612244 -0.10173875 -0.04623457]
 [-0.09710721 -0.12370752 -0.16606671 -0.11930012 -0.0088938 ]]
U = [[ 0.07392676  0.07556428  0.28471752  0.41833671 -0.00089636]
 [-0.27415498 -0.0693367   0.09312211  0.10075973  0.08665391]
 [ 0.01035331 -0.06054155 -0.26696509 -0.21112386  0.1552026 ]
 [ 0.23397174 -0.03519092  0.2894237   0.02708055 -0.15343951]
 [-0.10839246  0.01397572 -0.29086943 -0.05963279  0.06771213]]
Matrix Pair 18; W = [[ 0.23640414 -0.04578944  0.09037963 -0.08780461  0.16487343]
 [-0.05294966 -0.37742836 -0.07497201  0.22404769 -0.09428333]
 [-0.00592231 -0.03854965 -0.01414778  0.07796542  0.04756075]
 [-0.06031947  0.02982619  0.08411524 -0.05773847 -0.02326875]
 [-0.08962654 -0.10019418 -0.22878276 -0.18105549 -0.03066156]]
U = [[ 0.17285895  0.03994636  0.3388111   0.37427135 -0.05210281]
 [-0.30270918 -0.09720973  0.06366883  0.09124648  0.068322  ]
 [ 0.07133776 -0.06258117 -0.17361831 -0.13281062  0.1755916 ]
 [ 0.23485818 -0.04985371  0.33669961 -0.05319315 -0.22879328]
 [-0.1393395   0.07219388 -0.33855468 -0.00338432  0.0767337 ]]
Matrix Pair 19; W = [[ 0.28257337  0.00175129  0.05503902 -0.10048919  0.15950407]
 [-0.12002726 -0.39524459 -0.10155195  0.15625325 -0.10505047]
 [-0.09167631  0.00636842 -0.03144174  0.07820978  0.06921567]
 [-0.07257638  0.0238866   0.15021523 -0.10869135 -0.04722789]
 [-0.11140036 -0.15211143 -0.17428912 -0.13920815  0.00174045]]
U = [[ 0.1696671   0.00907665  0.34060647  0.3534668   0.02476941]
 [-0.31237771 -0.07799614  0.04246664  0.06402447  0.10463681]
 [ 0.06735525 -0.09709553 -0.18905601 -0.1645511   0.21236308]
 [ 0.28901261 -0.0872083   0.30347044 -0.03249551 -0.1993307 ]
 [-0.16811758  0.08547982 -0.35108612 -0.01714224  0.03399541]]
Matrix Pair 20; W = [[ 0.28505676 -0.03763897  0.07129395 -0.05255786  0.13924942]
 [-0.07960792 -0.42152694 -0.07671384  0.16413746 -0.13996492]
 [-0.05470603  0.04503335 -0.00380534  0.09008086  0.06750974]
 [-0.05754324  0.00768487  0.15390381 -0.11432477 -0.06722463]
 [-0.13800388 -0.15514262 -0.15716188 -0.18595579 -0.01184662]]
U = [[ 0.15033987  0.02639901  0.33927154  0.35275953 -0.03336027]
 [-0.28363935 -0.1105417   0.04699747  0.07798215  0.10478964]
 [ 0.03554568 -0.07258847 -0.20199227 -0.18138093  0.20664059]
 [ 0.27086149 -0.05345667  0.32760868 -0.058405   -0.15787469]
 [-0.18663681  0.03338942 -0.32550961 -0.00869535 -0.01512422]]
Matrix Pair 21; W = [[ 0.31232324 -0.05524115  0.05668604 -0.10524552  0.11868628]
 [-0.07976546 -0.37850798 -0.09755751  0.21122778 -0.14229566]
 [-0.01677214 -0.00227243 -0.02198944  0.05057788  0.08917457]
 [-0.07724092  0.01279267  0.09418575 -0.07044351 -0.03665426]
 [-0.1430751  -0.13137795 -0.16920554 -0.11515586  0.00194468]]
U = [[ 0.14547649  0.07858414  0.28979267  0.33526634  0.02280937]
 [-0.34203081 -0.08257556  0.07585484  0.06807148  0.11848522]
 [ 0.05264855 -0.08212528 -0.20790927 -0.20870815  0.15932482]
 [ 0.23933474 -0.01640741  0.29742309 -0.01416439 -0.22788335]
 [-0.13601243  0.0690907  -0.29070999 -0.01654544  0.07495361]]
Matrix Pair 22; W = [[ 0.24523795 -0.00336235  0.10029498 -0.14060495  0.19520822]
 [-0.10720239 -0.37563595 -0.10425234  0.21181322 -0.10983351]
 [-0.03888333 -0.04461924 -0.04861472  0.04835254  0.12057192]
 [-0.09092051  0.03011933  0.10080073 -0.06341049 -0.05003754]
 [-0.12305723 -0.0775809  -0.17930077 -0.17062906 -0.00756904]]
U = [[ 0.14164598  0.05342766  0.28993136  0.37538417 -0.04319884]
 [-0.33880058 -0.10174264  0.02998748  0.11538298  0.09312252]
 [ 0.04622803 -0.09351507 -0.27093722 -0.15218306  0.19662953]
 [ 0.26656109 -0.08774483  0.31921672  0.01095664 -0.20963826]
 [-0.1950171   0.05468769 -0.27191066 -0.0274132   0.0754976 ]]
Matrix Pair 23; W = [[ 0.30017286 -0.02597349  0.13157051 -0.07862005  0.12537707]
 [-0.02231637 -0.43981063 -0.09429639  0.23976674 -0.14920575]
 [-0.01341771  0.00493862 -0.05854733  0.06827768  0.1247395 ]
 [-0.0580907   0.03160659  0.15237859 -0.06253828 -0.06310819]
 [-0.11320527 -0.1395029  -0.19716543 -0.10677966  0.04733292]]
U = [[ 0.14278413  0.0346665   0.2649279   0.3428642  -0.00976149]
 [-0.34562893 -0.10120589  0.09488724  0.14127548  0.10274129]
 [-0.00204051 -0.12882792 -0.24683062 -0.13581595  0.1813214 ]
 [ 0.22259765 -0.01163598  0.31656467  0.00306572 -0.15535127]
 [-0.15446187  0.01543109 -0.32887875 -0.0015157   0.04687397]]
Matrix Pair 24; W = [[ 0.27448077 -0.0458098   0.12875737 -0.05965773  0.18456992]
 [-0.10469636 -0.4478366  -0.06994222  0.14312715 -0.11283845]
 [-0.02131487 -0.02720998 -0.01709548  0.05325244  0.04420665]
 [-0.08899154 -0.02177318  0.1594019  -0.1083047  -0.00687405]
 [-0.12146585 -0.07245664 -0.18381607 -0.098541    0.00109958]]
U = [[ 0.13234627  0.03524372  0.33149541  0.38337945 -0.05064992]
 [-0.32981077 -0.03437745  0.10513584  0.14397213  0.0702431 ]
 [ 0.03926046 -0.11188168 -0.20673417 -0.18705413  0.14407327]
 [ 0.22587893 -0.02045173  0.35291007 -0.06976278 -0.19301155]
 [-0.18161328 -0.00447679 -0.33983232 -0.00122571  0.07083511]]
Matrix Pair 25; W = [[ 0.27044231 -0.0708185   0.10237007 -0.14584363  0.1160148 ]
 [-0.07263916 -0.43313892 -0.12817062  0.15483219 -0.15269472]
 [-0.06794371  0.02075499 -0.06628993  0.03953949  0.05989163]
 [-0.02407619  0.00588758  0.12552819 -0.07437314 -0.061731  ]
 [-0.13845664 -0.06469751 -0.19802242 -0.18730358 -0.01383295]]
U = [[ 0.07472505  0.06853847  0.33222947  0.42835237 -0.0029544 ]
 [-0.31349843 -0.0366413   0.06001461  0.10167283  0.14179916]
 [ 0.08628108 -0.0931744  -0.22868702 -0.2010767   0.16371981]
 [ 0.25402905 -0.08969995  0.27333086 -0.06985567 -0.2056562 ]
 [-0.13385553  0.02751272 -0.34654739 -0.0266114   0.03539699]]
Matrix Pair 26; W = [[ 0.28727042 -0.03298418  0.06988934 -0.07807201  0.16282142]
 [-0.02482966 -0.46665515 -0.11773405  0.2214334  -0.13142658]
 [-0.04737903  0.00616832 -0.0352937   0.08832178  0.10707764]
 [-0.10450075  0.03067697  0.13996994 -0.0623196  -0.09416819]
 [-0.16117899 -0.09344888 -0.19718208 -0.12328788 -0.00417482]]
U = [[ 0.16088949  0.06781398  0.25689617  0.40576091  0.02561719]
 [-0.29576388 -0.04227186  0.02458079  0.06119241  0.0666287 ]
 [ 0.0640759  -0.12261954 -0.19682942 -0.19949559  0.18877548]
 [ 0.26172029 -0.03744475  0.33394926  0.00257723 -0.13865959]
 [-0.13870504  0.0634092  -0.3039463  -0.05386806  0.07777703]]
Matrix Pair 27; W = [[ 0.2746561  -0.01112687  0.13023597 -0.07648562  0.19385287]
 [-0.08220164 -0.44124419 -0.05306003  0.22022672 -0.09587106]
 [-0.00918195  0.00604113 -0.05020952  0.04311904  0.12836031]
 [-0.10653105  0.05545119  0.10649588 -0.1195353  -0.0571503 ]
 [-0.1646879  -0.1180685  -0.23510507 -0.19504032 -0.02837498]]
U = [[ 0.09660274  0.0462759   0.3396512   0.35304277 -0.00798197]
 [-0.27449078 -0.09760693  0.02135504  0.11439203  0.14856109]
 [ 0.08426416 -0.14003506 -0.22715708 -0.16469456  0.19962621]
 [ 0.22273176 -0.04875131  0.31491945 -0.05088474 -0.16174203]
 [-0.18189209  0.01494138 -0.34082596  0.0101557   0.0131746 ]]
Matrix Pair 28; W = [[ 0.2964007  -0.06239783  0.0918886  -0.05960473  0.13180519]
 [-0.11947953 -0.39930412 -0.09387796  0.20102307 -0.09226344]
 [-0.04961928  0.02898027 -0.06066469  0.10175052  0.10380929]
 [-0.01792682 -0.00434857  0.14377725 -0.06850923 -0.03794696]
 [-0.11489948 -0.07664826 -0.14849031 -0.12212752 -0.00745811]]
U = [[ 0.17200804  0.09414176  0.34227176  0.42781164 -0.00473984]
 [-0.30591005 -0.04964336  0.05217703  0.12432107  0.1058752 ]
 [ 0.04785145 -0.09463327 -0.26640927 -0.15406679  0.21625637]
 [ 0.25744669 -0.0412805   0.33605242  0.02066191 -0.19593626]
 [-0.15211922  0.06881949 -0.32999849 -0.00663023  0.06681377]]
Matrix Pair 29; W = [[ 0.23267727 -0.03734863  0.0861198  -0.05870949  0.14589662]
 [-0.08871385 -0.46187404 -0.09917763  0.16204463 -0.14507522]
 [-0.05293021  0.00208538  0.00621252  0.03629305  0.05327714]
 [-0.07921037  0.02022457  0.09350552 -0.10152717 -0.10149615]
 [-0.10034025 -0.1513203  -0.23555469 -0.13186774  0.05351396]]
U = [[ 1.31778934e-01  4.23242071e-02  3.23055473e-01  3.52852930e-01
   1.98866902e-02]
 [-3.27793931e-01 -4.43654574e-02  1.01557491e-01  1.49278981e-01
   1.40828896e-01]
 [ 5.17977557e-02 -1.46249780e-01 -1.79130938e-01 -1.50472200e-01
   1.54994457e-01]
 [ 2.66509273e-01 -1.33348748e-04  3.58620127e-01  1.93018357e-02
  -1.69689236e-01]
 [-1.34068712e-01  5.59828211e-02 -2.96383776e-01 -8.43705486e-02
   7.11378689e-02]]
Matrix Pair 30; W = [[ 0.31295666  0.0230726   0.13090038 -0.06758245  0.18323567]
 [-0.0984649  -0.42972565 -0.05095658  0.23044331 -0.10191583]
 [-0.09767416 -0.02700276 -0.04602759  0.06897506  0.07999968]
 [-0.0962466  -0.0170956   0.17106192 -0.12833629 -0.0270939 ]
 [-0.1038132  -0.13412619 -0.23542663 -0.16910468  0.01684301]]
U = [[ 0.16090577  0.09138248  0.26632622  0.41444019 -0.04550522]
 [-0.32729828 -0.0590025   0.07882534  0.10461718  0.1438231 ]
 [ 0.05260115 -0.13683334 -0.25301139 -0.14923483  0.17042075]
 [ 0.20569955 -0.02523741  0.35612992 -0.07006445 -0.19944231]
 [-0.15888923  0.05869023 -0.27579413 -0.00817392  0.05360156]]
Matrix Pair 31; W = [[ 0.28612407 -0.07245862  0.05166472 -0.12627571  0.16015799]
 [-0.03364831 -0.38907394 -0.08655226  0.24057917 -0.10757498]
 [-0.04327283 -0.02394024 -0.05890246  0.02078227  0.05400331]
 [-0.11194814  0.05839495  0.13865911 -0.13833659 -0.03541755]
 [-0.15438756 -0.06234989 -0.22445469 -0.16703644  0.01792819]]
U = [[ 0.08224174  0.06943246  0.33803623  0.34062828  0.02388296]
 [-0.34350502 -0.11554119  0.05312671  0.10647556  0.0953252 ]
 [ 0.00814072 -0.11765152 -0.22724661 -0.15558152  0.20246272]
 [ 0.26601491 -0.0500949   0.35096944  0.02639429 -0.14773203]
 [-0.11689066  0.04544088 -0.31303072 -0.02373279 -0.00804948]]
Matrix Pair 32; W = [[ 0.28549554 -0.10505466  0.08267501 -0.17529982  0.23937779]
 [-0.11004748 -0.36604999 -0.0891379   0.22909632 -0.18223387]
 [-0.06186642 -0.03186029  0.00132559  0.0953842  -0.01093661]
 [-0.01002022  0.10984087  0.22634202 -0.07912383 -0.04118593]
 [-0.13484292 -0.03140618 -0.16808884 -0.18361298 -0.02495701]]
U = [[ 0.13238444  0.08241304  0.22612344  0.37978209  0.01923478]
 [-0.37931315 -0.11805978  0.09681264  0.16292339  0.14422695]
 [ 0.10978535 -0.16837247 -0.16446113 -0.2037748   0.13551439]
 [ 0.29474155 -0.00081906  0.21129367 -0.06653942 -0.13065139]
 [-0.17794382 -0.06551143 -0.28391115 -0.0459796   0.01209396]]
Matrix Pair 33; W = [[ 0.26745079 -0.02893304  0.0403884  -0.18423541  0.23936454]
 [-0.08686756 -0.33439356 -0.08327753  0.22847586 -0.12566895]
 [-0.08846839 -0.00991591 -0.02401719  0.09163465  0.01742357]
 [ 0.0237099   0.11676471  0.20155274 -0.04427984 -0.11227178]
 [-0.05872706 -0.07699825 -0.17778142 -0.12764508 -0.02135867]]
U = [[ 0.11016634  0.08751062  0.22089122  0.4113545  -0.01626638]
 [-0.31898624 -0.07713092  0.08592279  0.10232344  0.0919433 ]
 [ 0.04302083 -0.09441139 -0.1840952  -0.2475807   0.1373156 ]
 [ 0.25336309 -0.02420105  0.24045443 -0.0030647  -0.17768703]
 [-0.16102295  0.00557699 -0.22565966  0.00173729  0.07597631]]
Matrix Pair 34; W = [[ 0.30858319 -0.10566362  0.05519227 -0.15839767  0.16556707]
 [-0.07660846 -0.39893243 -0.07509901  0.24937463 -0.18660217]
 [-0.10737553 -0.00948284 -0.01015735  0.09229691  0.02001429]
 [-0.03303212  0.08520577  0.23334628 -0.07187571 -0.08329956]
 [-0.06128788 -0.06247598 -0.13298164 -0.18610381 -0.01807084]]
U = [[ 0.17048051  0.10705624  0.24066285  0.37973784  0.03410984]
 [-0.38067405 -0.09433281  0.10371247  0.13414535  0.10519948]
 [ 0.07102021 -0.13822806 -0.14354957 -0.1995065   0.15264393]
 [ 0.25811901 -0.0462415   0.26332544 -0.02482275 -0.14544925]
 [-0.18441041 -0.06075399 -0.21550167  0.00676792  0.08607069]]
Matrix Pair 35; W = [[ 0.30070821 -0.09923637  0.100759   -0.20137945  0.14979852]
 [-0.05647941 -0.34200354 -0.05091334  0.21789019 -0.2063438 ]
 [-0.09230705  0.05378525 -0.05318631  0.08136618 -0.00350784]
 [-0.0498983   0.07194174  0.17799164 -0.05449255 -0.06807573]
 [-0.05992509 -0.04094581 -0.11818157 -0.19244202 -0.00489935]]
U = [[ 0.18012952  0.07662873  0.22499249  0.37020746  0.0414339 ]
 [-0.28971132 -0.12457583  0.06756949  0.10068     0.09354915]
 [ 0.12962343 -0.15617326 -0.1655519  -0.15786388  0.20959732]
 [ 0.24945603 -0.05063782  0.30245489 -0.04665597 -0.15701852]
 [-0.18665237  0.00373189 -0.2275814   0.0004942   0.01510505]]
Matrix Pair 36; W = [[ 0.25701049 -0.11275679  0.06756513 -0.12791106  0.19202309]
 [-0.10684206 -0.34001006 -0.08319088  0.24574476 -0.14318869]
 [-0.05383427 -0.02108373 -0.02576063  0.1141272   0.06941931]
 [-0.05134806  0.07186276  0.15005333 -0.04341418 -0.0529023 ]
 [-0.04560561 -0.08674436 -0.19346026 -0.16051668  0.04677811]]
U = [[ 0.14929084  0.03254773  0.2320368   0.42109327  0.04749901]
 [-0.37554195 -0.05041603  0.13343837  0.12410846  0.1175399 ]
 [ 0.06970277 -0.17088796 -0.17654562 -0.19012593  0.18487508]
 [ 0.26034583 -0.04946319  0.22292424 -0.05971725 -0.15336808]
 [-0.17782431 -0.07651739 -0.21586197 -0.04618819  0.0754456 ]]
Matrix Pair 37; W = [[ 0.29401646 -0.09670458  0.03417077 -0.14029454  0.19655284]
 [-0.05192493 -0.41541084 -0.09771641  0.21015167 -0.19825997]
 [-0.10566649 -0.0144029  -0.07542804  0.08670878 -0.00814572]
 [-0.053713    0.11586344  0.16822272 -0.09992197 -0.12882873]
 [-0.13695916 -0.1035724  -0.13988504 -0.21698132  0.01907923]]
U = [[ 0.17701662  0.08052529  0.2720999   0.36661048 -0.02676081]
 [-0.33352167 -0.09765687  0.14480039  0.14074199  0.1527091 ]
 [ 0.03966856 -0.1593679  -0.19873261 -0.24289064  0.19919619]
 [ 0.30716006 -0.0503287   0.27436839 -0.02595215 -0.1900474 ]
 [-0.12450589 -0.07265271 -0.24723896 -0.08272986  0.07595574]]
Matrix Pair 38; W = [[ 0.34033703 -0.04105762  0.06006688 -0.15442655  0.17823955]
 [-0.0523318  -0.32925064 -0.07338494  0.23626129 -0.20596255]
 [-0.0738028   0.00068917 -0.05945766  0.08613954  0.0505961 ]
 [ 0.02606786  0.11633045  0.16496022 -0.0389708  -0.07415595]
 [-0.13923748 -0.11070951 -0.13191515 -0.17655683  0.04811386]]
U = [[ 0.15809607  0.02125166  0.2442019   0.41856948 -0.01203793]
 [-0.29267671 -0.1345433   0.15992003  0.09212951  0.10294669]
 [ 0.0993156  -0.08455326 -0.19862537 -0.22715178  0.12226714]
 [ 0.28686456 -0.07918138  0.30093458 -0.0796272  -0.19953369]
 [-0.17801615 -0.07783464 -0.25295746 -0.07308171  0.06518184]]
Matrix Pair 39; W = [[ 3.10123509e-01 -1.21389526e-01  7.72684757e-02 -1.40091622e-01
   2.19003046e-01]
 [-6.28873397e-02 -3.57193995e-01 -4.43946598e-02  2.03539348e-01
  -1.24162857e-01]
 [-6.97780300e-02 -5.10331424e-03 -1.55355585e-02  8.42594547e-02
  -2.07743631e-04]
 [ 2.13320954e-02  2.05987937e-02  1.72091656e-01 -8.28437581e-02
  -6.15416915e-02]
 [-1.10840650e-01 -9.22676438e-02 -1.16358306e-01 -1.92458703e-01
  -1.40973003e-02]]
U = [[ 0.14707442  0.04648416  0.24801465  0.38027646 -0.00658843]
 [-0.31208467 -0.06976423  0.07767068  0.10316482  0.12667369]
 [ 0.10235303 -0.11198428 -0.14262406 -0.16023219  0.13530291]
 [ 0.22154264 -0.0830472   0.20576616  0.00835165 -0.21519439]
 [-0.14984027 -0.00068741 -0.27231977 -0.08179402  0.06767532]]
Matrix Pair 40; W = [[ 0.32061039 -0.09483272  0.09250754 -0.13875137  0.20545156]
 [-0.12457858 -0.39790977 -0.09583775  0.18456794 -0.19628726]
 [-0.11215694 -0.01822764 -0.08156311  0.07993976  0.01691411]
 [ 0.02374817  0.09819622  0.19887851 -0.09219066 -0.04578871]
 [-0.09031005 -0.05915067 -0.12990075 -0.13054403  0.0449821 ]]
U = [[ 0.17305541  0.02413094  0.25992712  0.3636342  -0.00090489]
 [-0.31097685 -0.07630885  0.14600821  0.08812433  0.1544008 ]
 [ 0.13241128 -0.1546308  -0.17946362 -0.16820254  0.13391671]
 [ 0.29909531 -0.02289565  0.21796827 -0.04245869 -0.19192534]
 [-0.19478431 -0.0076199  -0.18844119 -0.07449201  0.06977594]]
Matrix Pair 41; W = [[ 0.27080257 -0.05710997  0.04169433 -0.10609793  0.19523443]
 [-0.03162527 -0.35722979 -0.08105159  0.25410272 -0.15946339]
 [-0.06530029 -0.01059797 -0.05357795  0.10327677 -0.00613561]
 [-0.01018956  0.08320132  0.20386095 -0.04722206 -0.09643508]
 [-0.0741742  -0.06882966 -0.19116135 -0.19807706 -0.00844776]]
U = [[ 0.10766849  0.09912468  0.22905219  0.4370645   0.02592003]
 [-0.37250595 -0.04900295  0.07384256  0.13879251  0.15117858]
 [ 0.12382345 -0.14339916 -0.16392432 -0.23080176  0.12019016]
 [ 0.21621379 -0.01487446  0.28829768 -0.04967884 -0.18548675]
 [-0.20791516 -0.04080993 -0.27313324 -0.04856714  0.01128408]]
Matrix Pair 42; W = [[ 0.33127102 -0.06223382  0.05977694 -0.15223613  0.21488609]
 [-0.09390118 -0.40366701 -0.09110158  0.17868503 -0.21687716]
 [-0.11073786  0.05818908 -0.00639711  0.03842932  0.01529861]
 [-0.04501666  0.06115637  0.21629077 -0.04546095 -0.10080057]
 [-0.1261656  -0.03205656 -0.1258413  -0.14417765  0.00716773]]
U = [[ 0.13348505  0.05197115  0.20119982  0.45699092 -0.02139939]
 [-0.3120934  -0.13209326  0.15006372  0.13039546  0.12754206]
 [ 0.04668349 -0.15316771 -0.20774843 -0.17553269  0.19405887]
 [ 0.31289308 -0.08357315  0.25518108 -0.06959087 -0.18107786]
 [-0.17950824 -0.0359013  -0.19392097 -0.05200754  0.06266431]]
Matrix Pair 43; W = [[ 0.28743548 -0.04400048  0.04349328 -0.11524136  0.21016445]
 [-0.06932016 -0.39930507 -0.0618097   0.21182694 -0.15966407]
 [-0.04547127  0.02232193 -0.01451022  0.09655173  0.0513298 ]
 [-0.07220738  0.07994228  0.16797892 -0.05673393 -0.07314311]
 [-0.06417183 -0.02891701 -0.16282589 -0.12006236 -0.0130124 ]]
U = [[ 0.10195232  0.07642639  0.19449125  0.42084137 -0.02880454]
 [-0.37114174 -0.08555372  0.08935185  0.14833489  0.09653017]
 [ 0.06412777 -0.17124444 -0.16877845 -0.17955105  0.1539702 ]
 [ 0.23185192 -0.03659452  0.22158444  0.01263427 -0.14367711]
 [-0.13643096 -0.08383629 -0.2264079  -0.0055104   0.02928786]]
Matrix Pair 44; W = [[ 0.31783671 -0.02755332  0.07278178 -0.20246524  0.20075824]
 [-0.0302475  -0.39400003 -0.07937042  0.18640971 -0.14617594]
 [-0.07822599 -0.02421129 -0.01969427  0.12354757  0.05666339]
 [ 0.01928507  0.11211787  0.13977863 -0.05787349 -0.10036605]
 [-0.11165041 -0.06584273 -0.1078786  -0.216937   -0.0048297 ]]
U = [[ 0.15834951  0.10942073  0.24591343  0.36438711 -0.01313516]
 [-0.36896535 -0.10243101  0.06266917  0.12517704  0.12074859]
 [ 0.06269448 -0.14352046 -0.17949592 -0.22006573  0.13197425]
 [ 0.22351109 -0.03687761  0.22138824  0.01111545 -0.18038734]
 [-0.20647949 -0.03204665 -0.19660319 -0.03468973  0.06612035]]
Matrix Pair 45; W = [[ 0.34260087 -0.04378632  0.04868175 -0.11952583  0.22932865]
 [-0.07500501 -0.33934413 -0.12388009  0.19901103 -0.168596  ]
 [-0.04983048 -0.02813644 -0.08077138  0.03935429  0.03765192]
 [-0.07021261  0.11207909  0.18009989 -0.08943157 -0.03758219]
 [-0.1336524  -0.03229584 -0.1224928  -0.19968519 -0.00826147]]
U = [[ 0.19616407  0.08465478  0.23194039  0.4424907  -0.03124293]
 [-0.32608919 -0.10136403  0.10523758  0.16093854  0.14886885]
 [ 0.1076785  -0.14809101 -0.19212761 -0.19904613  0.18844038]
 [ 0.26858944 -0.07954009  0.22248978 -0.00992758 -0.16285819]
 [-0.15633302 -0.05532287 -0.24111862 -0.03573747 -0.00485557]]
Matrix Pair 46; W = [[ 0.34566717 -0.11784799  0.114921   -0.17890551  0.23155884]
 [-0.07614695 -0.41260419 -0.11577424  0.24526699 -0.21098821]
 [-0.08646537 -0.01187869 -0.03582494  0.05972418  0.00895518]
 [-0.04863646  0.06653686  0.14965323 -0.07367988 -0.04212174]
 [-0.1396799  -0.09624206 -0.11208962 -0.2058493   0.03858771]]
U = [[ 0.10694243  0.09882457  0.20341238  0.3776728  -0.01667067]
 [-0.31321183 -0.13752742  0.11193477  0.15571206  0.11040639]
 [ 0.0799818  -0.16541857 -0.19720117 -0.20844227  0.19284423]
 [ 0.25981534 -0.08474893  0.2361015  -0.01336522 -0.14662971]
 [-0.14334343 -0.07121748 -0.28081426 -0.03915821  0.07387623]]
Matrix Pair 47; W = [[ 0.30428014 -0.07657024  0.10479951 -0.13110491  0.17926554]
 [-0.04529494 -0.36477166 -0.0663727   0.26607297 -0.18630837]
 [-0.05408587 -0.03184532 -0.04694062  0.10691999  0.00859251]
 [-0.00346933  0.11255712  0.22684765 -0.08239532 -0.0439451 ]
 [-0.12979559 -0.04419808 -0.15735469 -0.14973624  0.0020446 ]]
U = [[ 0.17731965  0.01998615  0.23305671  0.36922268  0.0293473 ]
 [-0.3496494  -0.07338793  0.08953686  0.15096841  0.14022149]
 [ 0.13463473 -0.13218597 -0.11872699 -0.24070576  0.11164353]
 [ 0.21874431 -0.072807    0.28977123  0.00369104 -0.20840988]
 [-0.20026114 -0.01901088 -0.2743481  -0.00807402  0.08024283]]
Matrix Pair 48; W = [[ 0.28918923 -0.06297656  0.06981814 -0.19345238  0.18202808]
 [-0.04684897 -0.3181366  -0.05700672  0.24897652 -0.09190592]
 [-0.06965947  0.02672867 -0.04558824  0.1610936   0.04413093]
 [-0.13404003  0.01341942  0.13421985 -0.04114777 -0.06705465]
 [-0.10177273 -0.14825526 -0.17112249 -0.24290668  0.06273935]]
U = [[ 0.16879828  0.03570272  0.32026199  0.35398254 -0.01135863]
 [-0.3472594  -0.07038592  0.0472962   0.06828129  0.12698082]
 [ 0.1168054  -0.10976631 -0.19822874 -0.18093694  0.10902869]
 [ 0.21988915 -0.04676046  0.26724214  0.04517503 -0.28202795]
 [-0.15303418 -0.03850652 -0.23465283 -0.10445144 -0.04222565]]
Matrix Pair 49; W = [[ 0.26849946 -0.09765639  0.06923217 -0.18377648  0.16269392]
 [-0.05099775 -0.39017759 -0.05077909  0.18854144 -0.07831312]
 [-0.12591406 -0.0541247  -0.04604132  0.13383074  0.04422492]
 [-0.13180963  0.06494182  0.15109132 -0.06524984 -0.08177969]
 [-0.16799642 -0.15531181 -0.15686368 -0.21204021  0.04728509]]
U = [[ 0.16061766  0.04966573  0.29607382  0.40147176 -0.08300245]
 [-0.37320909 -0.05595368 -0.02664115  0.07016897  0.08447091]
 [ 0.06054807 -0.09924883 -0.20542793 -0.21455454  0.10961263]
 [ 0.25911842 -0.01775452  0.3296082   0.01967147 -0.20243376]
 [-0.16904674 -0.00932299 -0.24130424 -0.04178004 -0.03579973]]
Matrix Pair 50; W = [[ 3.38119258e-01 -7.13429472e-02  6.59653924e-02 -1.28169579e-01
   1.46623872e-01]
 [-4.69739309e-02 -3.49829833e-01 -5.08096518e-02  1.90840057e-01
  -9.10034154e-02]
 [-1.30837676e-01 -6.74289838e-03  3.98317625e-05  1.67975857e-01
   1.79273694e-02]
 [-1.74578609e-01  4.05977966e-02  1.22190019e-01 -8.10157664e-02
  -7.39715890e-02]
 [-1.65159650e-01 -1.02321060e-01 -1.77929027e-01 -2.10082327e-01
   1.05199451e-01]]
U = [[ 0.20959466  0.04391742  0.29293684  0.40237396 -0.09102594]
 [-0.36147368 -0.06648027  0.04715535  0.09814299  0.10279583]
 [ 0.08139519 -0.1117617  -0.18322381 -0.14818986  0.07164929]
 [ 0.20511388 -0.02247423  0.27521661  0.05490342 -0.20975137]
 [-0.15086026  0.03789494 -0.25071022 -0.04720485  0.01777625]]
Matrix Pair 51; W = [[ 0.28825738 -0.1048795   0.12391041 -0.12211762  0.16210963]
 [-0.09250835 -0.40923025 -0.0434554   0.18192678 -0.13493674]
 [-0.15247785 -0.02019427 -0.07091729  0.0833574   0.01227378]
 [-0.15305179  0.03826266  0.17562165 -0.0673624  -0.14710195]
 [-0.16989246 -0.12662327 -0.12520669 -0.18499387  0.05808461]]
U = [[ 0.1600001   0.10961366  0.34022735  0.38072086 -0.05906489]
 [-0.30177466 -0.016379   -0.02417314  0.09628849  0.09164841]
 [ 0.12743736 -0.1725259  -0.23328005 -0.15853017  0.13200388]
 [ 0.23254399  0.03404747  0.29460567 -0.00922047 -0.19565115]
 [-0.22086251 -0.03085323 -0.28677266 -0.08210429 -0.00797754]]
Matrix Pair 52; W = [[ 0.28117719 -0.03830765  0.08824564 -0.13732207  0.13854844]
 [-0.10477591 -0.36168309 -0.08169087  0.2551197  -0.14138278]
 [-0.05811814 -0.01735946 -0.04433715  0.1490395  -0.03070238]
 [-0.12740768  0.05602118  0.20469555 -0.02375067 -0.11662651]
 [-0.16805469 -0.15319713 -0.13328685 -0.19304619  0.0610763 ]]
U = [[ 0.21970706  0.02819514  0.29680725  0.39007738 -0.02688463]
 [-0.30411565 -0.09628153 -0.00827149  0.06239697  0.12144379]
 [ 0.14542099 -0.09456472 -0.21215295 -0.20403006  0.12784524]
 [ 0.29377143 -0.01347267  0.33393479 -0.01973592 -0.24178794]
 [-0.24130283  0.034747   -0.23534636 -0.05678904  0.04466626]]
Matrix Pair 53; W = [[ 0.26079417 -0.03395486  0.08163159 -0.19866469  0.10517562]
 [-0.01423392 -0.40706489 -0.06378651  0.19730636 -0.09279512]
 [-0.06641224  0.03222872 -0.0126997   0.14005603 -0.02267896]
 [-0.09269201  0.01409058  0.17293402 -0.1000026  -0.05972698]
 [-0.17212113 -0.1327751  -0.15648722 -0.23088305  0.0916618 ]]
U = [[ 0.12911501  0.11163633  0.28981312  0.36073222 -0.09065228]
 [-0.31405119 -0.06492936  0.00994807  0.10696836  0.11272277]
 [ 0.13767956 -0.1650133  -0.20256889 -0.15285617  0.15818378]
 [ 0.25648893 -0.04999032  0.27272293 -0.00727294 -0.19797488]
 [-0.21267207 -0.0459062  -0.28638468 -0.08695464  0.04078961]]
Matrix Pair 54; W = [[ 0.3191254  -0.12090201  0.14509499 -0.19568016  0.13165255]
 [-0.01904388 -0.39789574 -0.02125671  0.21615909 -0.11712105]
 [-0.11212715 -0.00419098 -0.00747395  0.1663591   0.01730557]
 [-0.12855924  0.02565289  0.13744657 -0.06877862 -0.14927513]
 [-0.15730687 -0.10601148 -0.19509018 -0.26900951  0.07500848]]
U = [[ 0.21380238  0.09255635  0.37387411  0.340494   -0.09982852]
 [-0.29051981 -0.10311148 -0.02545508  0.06119812  0.14555322]
 [ 0.08811773 -0.09140286 -0.1696634  -0.23967845  0.10165519]
 [ 0.29072979 -0.03689846  0.28243847 -0.03291678 -0.24003907]
 [-0.16611708 -0.03559964 -0.30678033 -0.07091529  0.00453459]]
Matrix Pair 55; W = [[ 0.26284637 -0.06226855  0.10967133 -0.18407172  0.10824861]
 [-0.07564985 -0.37043028 -0.0437242   0.18754382 -0.10881106]
 [-0.07964213 -0.03476745 -0.06065089  0.1043943  -0.0143103 ]
 [-0.10809654  0.08241633  0.14463437 -0.05742583 -0.12464422]
 [-0.13072729 -0.13157329 -0.18524444 -0.24668585  0.02056437]]
U = [[ 0.14219141  0.11213327  0.35374823  0.39936213 -0.07631601]
 [-0.30220806 -0.09329087  0.00489854  0.09108974  0.10509836]
 [ 0.13458722 -0.11799975 -0.21469987 -0.19064584  0.10144357]
 [ 0.27840826  0.0152984   0.32852651  0.00813072 -0.23066915]
 [-0.1505614  -0.04085877 -0.30422401 -0.04840919  0.00495766]]
Matrix Pair 56; W = [[ 0.27242314 -0.07341894  0.14688686 -0.11072221  0.17244319]
 [-0.0245915  -0.4024459  -0.07260334  0.16728564 -0.15125974]
 [-0.07723735 -0.05361454 -0.09294153  0.12531555 -0.02517439]
 [-0.08682169  0.01929728  0.18714195 -0.10886341 -0.08073936]
 [-0.11960377 -0.10125582 -0.15592934 -0.21040197  0.01795012]]
U = [[ 0.17221972  0.03459615  0.34654949  0.3968597  -0.01154646]
 [-0.32876975 -0.04786287  0.02672673  0.04202449  0.13033877]
 [ 0.0753882  -0.15677185 -0.16785651 -0.19172819  0.09509493]
 [ 0.21395368  0.02584251  0.31680009  0.03186809 -0.25283664]
 [-0.17228128  0.00921844 -0.31139767 -0.05339318 -0.00386857]]
Matrix Pair 57; W = [[ 0.3404442  -0.06737103  0.0909935  -0.19045546  0.08611794]
 [-0.08310338 -0.41146981 -0.05157369  0.227416   -0.07204534]
 [-0.15321651  0.0150701  -0.03167792  0.13156802 -0.02763425]
 [-0.09284934  0.01998297  0.12841642 -0.03234513 -0.13163373]
 [-0.13514963 -0.13045947 -0.21354952 -0.22222467  0.00805221]]
U = [[ 0.16989633  0.10966048  0.37952544  0.40555692 -0.06380179]
 [-0.35511742 -0.09366989  0.00336621  0.10911134  0.07707775]
 [ 0.0683789  -0.17660837 -0.24549224 -0.14226531  0.07079989]
 [ 0.21739553 -0.01234415  0.26941992 -0.00856234 -0.27170366]
 [-0.23845235 -0.03434828 -0.24834363 -0.09508677 -0.04113385]]
Matrix Pair 58; W = [[ 0.32377133 -0.02752542  0.08715295 -0.17862236  0.15438257]
 [-0.08634224 -0.34811904 -0.02201883  0.17530502 -0.08477508]
 [-0.14787237  0.01148069 -0.05915031  0.1047201   0.01161922]
 [-0.08554297  0.01297128  0.16862384 -0.06660769 -0.07859723]
 [-0.17251131 -0.08615956 -0.19209813 -0.24434433  0.09223076]]
U = [[ 0.21842134  0.03809243  0.28136433  0.40130607 -0.06004105]
 [-0.34022889 -0.08403116  0.02396207  0.09991556  0.11718155]
 [ 0.06885093 -0.16859682 -0.17344923 -0.23178857  0.14750608]
 [ 0.2015686   0.01196829  0.24961833  0.04375539 -0.26505315]
 [-0.20528424 -0.05099591 -0.23950258 -0.12193669  0.00718388]]
Matrix Pair 59; W = [[ 0.30066397 -0.0726251   0.07626647 -0.13188882  0.107623  ]
 [-0.013303   -0.37178757 -0.05883569  0.18847993 -0.0686956 ]
 [-0.12048928 -0.06139745 -0.0463629   0.13886402 -0.01844016]
 [-0.09142881  0.10768455  0.18517956 -0.03041537 -0.0845754 ]
 [-0.12191257 -0.10799049 -0.17977753 -0.22384049  0.07390701]]
U = [[ 0.15980044  0.03994074  0.34161179  0.43214965 -0.03209373]
 [-0.30795823 -0.05259438  0.04358554  0.06906305  0.10261685]
 [ 0.12613236 -0.1484801  -0.1611507  -0.18833502  0.14762505]
 [ 0.27063828 -0.0268392   0.33738186  0.05672868 -0.2184772 ]
 [-0.2056732   0.01916926 -0.26540187 -0.0423882   0.03688065]]
Matrix Pair 60; W = [[ 0.35121949 -0.08337669  0.08524915 -0.14698198  0.10783303]
 [-0.05376807 -0.41557372 -0.0495382   0.24901844 -0.1072039 ]
 [-0.08070853 -0.04186009 -0.02393206  0.09076782  0.04592222]
 [-0.09940291  0.02981424  0.12451171 -0.02498807 -0.07040091]
 [-0.11986605 -0.14273298 -0.19380068 -0.19249809  0.01642103]]
U = [[ 0.1435887   0.11560517  0.32831114  0.3426398  -0.02904492]
 [-0.29988403 -0.07088674 -0.00590443  0.06212093  0.11054793]
 [ 0.13576533 -0.10111744 -0.23238169 -0.15902101  0.09358875]
 [ 0.24816289  0.02408432  0.33872815 -0.03647857 -0.21580516]
 [-0.16622848  0.03182396 -0.29258417 -0.04221037  0.04622181]]
Matrix Pair 61; W = [[ 0.30181485 -0.0713336   0.13191173 -0.16931201  0.15049606]
 [-0.02234219 -0.35757969 -0.09563711  0.18416345 -0.1077034 ]
 [-0.11573253  0.00423335 -0.05153061  0.09167714  0.03611697]
 [-0.16281272  0.09764555  0.11964776 -0.04900411 -0.12169096]
 [-0.15501773 -0.096315   -0.19831081 -0.18423379  0.08853662]]
U = [[ 0.15514259  0.10435325  0.29089454  0.3480142  -0.06210645]
 [-0.29417026 -0.110128   -0.01514703  0.05663047  0.07964174]
 [ 0.07137195 -0.11888684 -0.17475156 -0.22033187  0.07713981]
 [ 0.27491525  0.00701865  0.2851091   0.0374337  -0.26031494]
 [-0.2268683  -0.00471379 -0.21994376 -0.11651787  0.04951978]]
Matrix Pair 62; W = [[ 0.2851664  -0.09641784  0.09386233 -0.18009112  0.09424931]
 [-0.04013612 -0.38437113 -0.04342566  0.22920071 -0.0923341 ]
 [-0.14897955 -0.00326857 -0.03411843  0.14149722 -0.03999138]
 [-0.14008854  0.08236544  0.15937795 -0.07186277 -0.06052236]
 [-0.15594079 -0.12500113 -0.21116884 -0.22112178  0.06576581]]
U = [[ 0.18706343  0.0426051   0.35322424  0.38902052 -0.07087139]
 [-0.34613033 -0.08595461 -0.00535116  0.11260312  0.15394245]
 [ 0.14793492 -0.10164967 -0.21046844 -0.18131522  0.11518267]
 [ 0.24381179 -0.02085919  0.31610855 -0.02898504 -0.21508307]
 [-0.15184116 -0.01799173 -0.30051466 -0.12497415  0.0080333 ]]
Matrix Pair 63; W = [[ 0.34922835 -0.06950195  0.06704384 -0.17281896  0.17463835]
 [-0.01657858 -0.41239113 -0.07991533  0.16566516 -0.07430422]
 [-0.09076087  0.00339705 -0.0270916   0.13384296  0.02353161]
 [-0.14694457  0.06151049  0.15569103 -0.01522671 -0.05421291]
 [-0.10182377 -0.16012897 -0.17519578 -0.22251112  0.04754202]]
U = [[ 1.28868824e-01  8.43591443e-02  3.37781825e-01  3.46991497e-01
  -7.37769321e-02]
 [-3.51393343e-01 -5.46124233e-02  2.42434014e-02  1.01423476e-01
   1.38557644e-01]
 [ 7.45287227e-02 -1.66719854e-01 -2.29508261e-01 -1.95054868e-01
   8.96733237e-02]
 [ 1.99699127e-01  1.65205841e-02  2.51315039e-01  5.33312197e-02
  -2.05989444e-01]
 [-1.83387627e-01  1.30498957e-04 -3.09272322e-01 -6.62396775e-02
  -2.81066826e-02]]
Matrix Pair 64; W = [[ 0.28252809 -0.02639561  0.0975995  -0.14695003  0.15866258]
 [-0.01003991 -0.38716687 -0.11412134  0.266027   -0.06768537]
 [-0.0812047   0.02722147 -0.04168478  0.06406621  0.0600299 ]
 [-0.0452413   0.04386169  0.1035285  -0.06715552 -0.09753314]
 [-0.10453153 -0.10457081 -0.17723971 -0.13481359  0.05079018]]
U = [[ 0.19358668  0.08994778  0.23662357  0.40861901 -0.0790442 ]
 [-0.36369637 -0.01225205  0.11202264  0.07847868  0.09496404]
 [ 0.07636508 -0.08609771 -0.13921805 -0.15370132  0.13043412]
 [ 0.25884501 -0.02393188  0.29146162 -0.03920682 -0.20073452]
 [-0.18655114 -0.03025894 -0.22791794 -0.01094841  0.06178384]]
Matrix Pair 65; W = [[ 3.11981893e-01 -1.59148245e-02  1.10131402e-01 -8.89153950e-02
   1.77386488e-01]
 [-3.36669167e-04 -4.14522753e-01 -1.19255493e-01  2.12937128e-01
  -1.30774313e-01]
 [-8.14957305e-02 -2.48446531e-02  1.21206629e-02  7.99361909e-02
   5.04370333e-02]
 [-3.36154123e-02  9.42585722e-02  7.11631795e-02 -6.71573768e-02
  -7.86818780e-02]
 [-6.46954515e-02 -1.00917906e-01 -1.86215722e-01 -1.98435913e-01
   2.04777550e-02]]
U = [[ 0.18439494  0.05873874  0.28261908  0.39346674 -0.01274662]
 [-0.35555198 -0.07346908  0.1159137   0.06499738  0.08916863]
 [ 0.06014232 -0.11123093 -0.22365773 -0.12426838  0.21516677]
 [ 0.26638705 -0.05190867  0.34855247 -0.03786877 -0.23313805]
 [-0.15778091  0.02164012 -0.26417361 -0.05275032 -0.00665826]]
Matrix Pair 66; W = [[ 0.2897876   0.04112704  0.08375763 -0.11802179  0.17006683]
 [ 0.00575742 -0.41217944 -0.0867691   0.26965968 -0.08527316]
 [-0.17893378  0.03470254 -0.01455336  0.03053342  0.06540542]
 [ 0.00254559  0.05100595  0.07562993 -0.10052206 -0.04900606]
 [-0.10023038 -0.1012197  -0.2044793  -0.16390163  0.01195432]]
U = [[ 0.1732188   0.0690818   0.27819526  0.42165112 -0.03641568]
 [-0.29872755 -0.04715377  0.12302349  0.04940166  0.17107556]
 [ 0.06153734 -0.03518055 -0.14043189 -0.12646967  0.18859517]
 [ 0.27925343 -0.07314436  0.29006661 -0.0091808  -0.24116796]
 [-0.13088679  0.02480501 -0.2548469  -0.04769432  0.00632367]]
Matrix Pair 67; W = [[ 0.28925493 -0.02138325  0.11248416 -0.10224934  0.13651602]
 [-0.03722419 -0.45247328 -0.09236136  0.21066648 -0.0969291 ]
 [-0.13860771 -0.00997592 -0.03568369  0.01663222  0.08156709]
 [ 0.00102521  0.11290594  0.11643702 -0.0356917  -0.02122259]
 [-0.06078953 -0.09900192 -0.23248263 -0.17875245  0.06168226]]
U = [[ 0.115463    0.0809781   0.28318747  0.43614268 -0.07828226]
 [-0.28665884 -0.03438822  0.07068912  0.02582388  0.14068038]
 [ 0.06980058 -0.10515446 -0.13961385 -0.1403895   0.13043869]
 [ 0.27859206  0.00259589  0.35818038 -0.00625312 -0.18064903]
 [-0.18351999  0.02093797 -0.27918355 -0.02798216  0.05477585]]
Matrix Pair 68; W = [[ 0.28544569  0.03338829  0.0479612  -0.08822728  0.16374924]
 [-0.04137527 -0.44039347 -0.11298444  0.26917335 -0.10497592]
 [-0.14108926 -0.02591737 -0.03805058  0.0500691   0.02564132]
 [-0.04522045  0.04453063  0.10329661 -0.04482899 -0.04096392]
 [-0.12449157 -0.03920489 -0.20556085 -0.13184139  0.05177134]]
U = [[ 0.13552419  0.00669885  0.33257124  0.35229352 -0.0880146 ]
 [-0.29007604 -0.05309559  0.09072602  0.05544006  0.17906306]
 [ 0.11253058 -0.04338803 -0.20717349 -0.19253378  0.17374675]
 [ 0.30887677 -0.0150036   0.34006011 -0.01167594 -0.22114349]
 [-0.19323894 -0.02833376 -0.31847414 -0.08777914  0.00684929]]
Matrix Pair 69; W = [[ 0.2800239  -0.01363408  0.10868527 -0.11136504  0.20011863]
 [ 0.02079222 -0.45218613 -0.06178757  0.26692925 -0.08301268]
 [-0.16629294 -0.00570658 -0.0120057   0.03703784  0.07115061]
 [-0.0277454   0.09971895  0.14883632 -0.08477673 -0.03844119]
 [-0.10465001 -0.10529817 -0.18269489 -0.15672279 -0.01558195]]
U = [[ 0.12247983  0.0313567   0.2618648   0.38386265  0.00418516]
 [-0.32981283 -0.04458014  0.04727212  0.05797133  0.14238028]
 [ 0.10185787 -0.04311614 -0.15489846 -0.1188242   0.19305727]
 [ 0.2242404  -0.04043594  0.28713138 -0.01132028 -0.17844129]
 [-0.21226325  0.00953371 -0.23220493 -0.03442756  0.03764352]]
Matrix Pair 70; W = [[ 0.29218102 -0.01930887  0.12456878 -0.12993727  0.19729714]
 [ 0.0227851  -0.39188722 -0.10666813  0.20479614 -0.08740119]
 [-0.15854136 -0.03487678 -0.06160055  0.10586197  0.11948251]
 [-0.08640956  0.0992645   0.07803694 -0.05125554 -0.04033038]
 [-0.13630187 -0.02555458 -0.25732021 -0.10772461 -0.01836769]]
U = [[ 0.18167087  0.04558641  0.24464072  0.41839021 -0.06217701]
 [-0.28358323 -0.06563802  0.11353277  0.10410717  0.14882504]
 [ 0.12680509 -0.09643209 -0.18233443 -0.18437665  0.18702948]
 [ 0.22379821 -0.03857049  0.26644865 -0.06903323 -0.20148745]
 [-0.13247427 -0.01178653 -0.23373509 -0.06385061  0.04306043]]
Matrix Pair 71; W = [[ 2.89398785e-01  1.80938639e-03  7.36894253e-02 -1.29381904e-01
   1.15454318e-01]
 [-2.68913098e-04 -3.71924776e-01 -9.98142874e-02  2.04997331e-01
  -1.53012760e-01]
 [-1.47345247e-01 -2.19804983e-02  1.01068340e-02  8.85438582e-02
   8.87479873e-02]
 [-1.60344769e-02  7.90890140e-02  6.57257175e-02 -1.17393013e-01
  -2.22230334e-02]
 [-5.91880892e-02 -8.03442142e-02 -2.01014936e-01 -1.80530102e-01
  -1.32564200e-02]]
U = [[ 0.13472941  0.07545901  0.29125864  0.44222999 -0.02211815]
 [-0.30188615 -0.10151122  0.12005459  0.06405074  0.10664956]
 [ 0.04579635 -0.06699128 -0.20077111 -0.18871137  0.19007023]
 [ 0.29818082 -0.02095581  0.30583985  0.01817806 -0.17722797]
 [-0.14363857  0.00489017 -0.31254023 -0.07208252 -0.00866697]]
Matrix Pair 72; W = [[ 0.3116485  -0.04515322  0.08323655 -0.14666142  0.19651625]
 [-0.02077546 -0.42088311 -0.06422889  0.28240501 -0.10855683]
 [-0.08486141  0.01658919  0.01000394  0.06118382  0.09136538]
 [-0.088082    0.02433569  0.09443842 -0.02930991 -0.10075141]
 [-0.11711679 -0.07069493 -0.22487761 -0.19280086  0.0178843 ]]
U = [[ 0.19345836  0.02030065  0.296939    0.44351868 -0.00957019]
 [-0.32619778 -0.04472166  0.07028657  0.09373573  0.13903083]
 [ 0.09634537 -0.12467826 -0.13496542 -0.16417665  0.19437718]
 [ 0.21373944 -0.07857567  0.30171945 -0.03030158 -0.24680951]
 [-0.15627521 -0.0363117  -0.31700735 -0.08594418  0.05235141]]
Matrix Pair 73; W = [[ 3.53768248e-01 -3.94685289e-02  8.85120774e-02 -1.40962538e-01
   1.94939618e-01]
 [ 3.12644069e-02 -4.15620459e-01 -1.13370955e-01  2.67429189e-01
  -8.50550034e-02]
 [-1.61875702e-01  3.28987539e-04 -2.66352337e-02  2.04122281e-02
   4.65056299e-02]
 [-2.56646147e-02  3.80585784e-02  1.44880561e-01 -1.22170474e-01
  -1.05612539e-01]
 [-7.47168292e-02 -1.73220860e-02 -2.11726288e-01 -1.39678171e-01
  -1.94680562e-02]]
U = [[ 0.13646101  0.00450177  0.2826595   0.43904253 -0.03345156]
 [-0.336715   -0.02205508  0.0625724   0.04011013  0.16099681]
 [ 0.10424555 -0.11996088 -0.16505344 -0.11554469  0.13851172]
 [ 0.24244068 -0.03643233  0.31192494 -0.0495678  -0.17082981]
 [-0.17138971 -0.05111748 -0.26593094 -0.03565138 -0.00600726]]
Matrix Pair 74; W = [[ 0.32558749  0.03989844  0.06972291 -0.09145726  0.16728098]
 [ 0.02213292 -0.45711406 -0.08795875  0.29603436 -0.08826851]
 [-0.15671093  0.03413379 -0.04050656  0.07695558  0.02995837]
 [-0.05605466  0.07315404  0.13360788 -0.08627416 -0.01948566]
 [-0.06636416 -0.08980661 -0.2035217  -0.18528882  0.02901004]]
U = [[ 0.12320778  0.09048351  0.24681453  0.39355985 -0.07331571]
 [-0.35568688 -0.05601318  0.05708194  0.06022706  0.11726914]
 [ 0.1355733  -0.053882   -0.21170571 -0.14351131  0.18655686]
 [ 0.21341061 -0.05558356  0.26017251 -0.03165776 -0.16682555]
 [-0.13578233 -0.00783825 -0.26171514 -0.02984442  0.04526284]]
Matrix Pair 75; W = [[ 0.28330051  0.02144801  0.05129699 -0.08948477  0.17472674]
 [-0.04776307 -0.43943338 -0.1259589   0.28190035 -0.1347815 ]
 [-0.09371204 -0.04193096 -0.00624001  0.1073555   0.11069509]
 [-0.0134303   0.08382042  0.07764587 -0.04213732 -0.07970521]
 [-0.10144924 -0.02570264 -0.16866809 -0.10244247 -0.00477226]]
U = [[ 0.12073084  0.00805984  0.25370042  0.41265571 -0.08409477]
 [-0.27803466 -0.07894324  0.12111169  0.07476652  0.15398977]
 [ 0.08305292 -0.09074901 -0.15335751 -0.16721685  0.13211352]
 [ 0.26984244 -0.02641223  0.29268154  0.02168036 -0.19490128]
 [-0.15305255  0.00830891 -0.22097934 -0.09401855  0.07068578]]
Matrix Pair 76; W = [[ 0.35232491  0.02189583  0.07769355 -0.12609434  0.19701036]
 [-0.02861254 -0.43289455 -0.06121088  0.27448916 -0.1123474 ]
 [-0.15907513 -0.01038284 -0.01088453  0.02890617  0.05658112]
 [-0.0099132   0.02781901  0.10275223 -0.03389248 -0.09869555]
 [-0.14694179 -0.07567095 -0.25131004 -0.18117048 -0.01737076]]
U = [[ 0.13776837  0.07063898  0.30596782  0.37477648  0.00410038]
 [-0.3612855  -0.07937965  0.06692966  0.02342388  0.15344876]
 [ 0.08585435 -0.0585114  -0.21763086 -0.1261189   0.12964788]
 [ 0.22976239 -0.04186408  0.2639121  -0.043394   -0.19297851]
 [-0.15559044  0.01841776 -0.26221438 -0.03418545  0.05022458]]
Matrix Pair 77; W = [[ 0.33887897  0.03448515  0.04584943 -0.11672091  0.11987559]
 [ 0.01887508 -0.43878509 -0.13520948  0.28044339 -0.11787694]
 [-0.14637038 -0.02242591 -0.00302365  0.0223334   0.07710474]
 [-0.08755206  0.11018038  0.11562022 -0.07497708 -0.09807832]
 [-0.05353905 -0.02198366 -0.22283936 -0.1340377   0.00934548]]
U = [[ 0.1032081   0.08315879  0.31840532  0.41292887 -0.07757888]
 [-0.34419247 -0.01746117  0.08948876  0.02771333  0.11025035]
 [ 0.1172894  -0.08653627 -0.13464275 -0.15081277  0.14149821]
 [ 0.24482849  0.00686655  0.30489256 -0.07173785 -0.23606134]
 [-0.13294404  0.02317561 -0.305525   -0.09892474  0.03415461]]
Matrix Pair 78; W = [[ 0.28105605 -0.04687526  0.05085765 -0.10463585  0.12019697]
 [-0.0237411  -0.43620378 -0.08728604  0.26935981 -0.1133678 ]
 [-0.0995838   0.01258029 -0.02418267  0.1037503   0.09756041]
 [-0.05423257  0.11560237  0.10473654 -0.06169911 -0.10452979]
 [-0.06162559 -0.05427529 -0.21563843 -0.10222612 -0.00327837]]
U = [[ 0.16144549  0.00701281  0.33482194  0.37998243 -0.0334962 ]
 [-0.31706394 -0.10430676  0.04127774  0.10683983  0.15702577]
 [ 0.12370817 -0.07774633 -0.13359319 -0.17823791  0.21427016]
 [ 0.27557799 -0.01126323  0.29890014 -0.04438561 -0.22845976]
 [-0.18285365 -0.06612491 -0.27177589 -0.02789205  0.06257396]]
Matrix Pair 79; W = [[ 0.35092574 -0.04882924  0.04989288 -0.07753199  0.1193854 ]
 [-0.04017932 -0.38198332 -0.06651795  0.20376946 -0.08267165]
 [-0.14873886  0.01985598 -0.0567439   0.04123439  0.02775922]
 [-0.0089182   0.01836446  0.08166416 -0.05970337 -0.02948011]
 [-0.14195069 -0.06259706 -0.2270819  -0.11309835  0.0457436 ]]
U = [[ 0.16401419  0.08065766  0.25822649  0.37931038 -0.07851205]
 [-0.29701171 -0.01675879  0.0755429   0.04700026  0.13209597]
 [ 0.07963615 -0.13290268 -0.18484069 -0.16032565  0.17802631]
 [ 0.29976497 -0.05011124  0.29741737 -0.02211957 -0.19169427]
 [-0.17806344  0.02401846 -0.28102285 -0.09344431  0.07211206]]
Matrix Pair 80; W = [[ 0.21302548  0.01681749  0.07111541 -0.15974593  0.22033731]
 [ 0.00479212 -0.4065564  -0.08885795  0.21512151 -0.1062255 ]
 [-0.08778014 -0.03442856 -0.01258786  0.08780757  0.09643424]
 [-0.08359532  0.11036802  0.1208549  -0.12510513 -0.03502467]
 [-0.07226071 -0.091974   -0.21558125 -0.09929769  0.08545053]]
U = [[ 0.16871127  0.04617192  0.25493934  0.45391005 -0.01415793]
 [-0.35048686 -0.09772719  0.05353648  0.1433471   0.09386301]
 [ 0.10253808 -0.12488047 -0.17897828 -0.13516438  0.18619247]
 [ 0.3206006  -0.02115618  0.29319296 -0.01015841 -0.16947934]
 [-0.05505534 -0.02248945 -0.24008154 -0.01514381  0.01017346]]
Matrix Pair 81; W = [[ 0.31032794  0.04742366  0.02365523 -0.13193359  0.22088775]
 [ 0.05099811 -0.40553571 -0.15063153  0.24936665 -0.09591212]
 [-0.08317835  0.02099016  0.06593752  0.05336334  0.09837249]
 [-0.13388164  0.05738583  0.12195793 -0.11210658 -0.08064444]
 [-0.07574095 -0.14190742 -0.21706283 -0.13583528  0.05093532]]
U = [[ 0.10463621  0.04662357  0.16842599  0.38968443 -0.07709987]
 [-0.37603228 -0.13896551  0.04335886  0.10171078  0.08520339]
 [ 0.01483743 -0.09380917 -0.18075482 -0.11276987  0.19746375]
 [ 0.25090486 -0.04793416  0.35184132  0.00167984 -0.21979092]
 [-0.12292623 -0.03577938 -0.23077412 -0.01296419  0.10435632]]
Matrix Pair 82; W = [[ 0.28921053  0.06751165  0.05248697 -0.13244824  0.20597661]
 [ 0.05793656 -0.3781875  -0.1416343   0.2967295  -0.08253491]
 [-0.08313846  0.04386292  0.00156599  0.07388087  0.03956082]
 [-0.0732933   0.02697482  0.13200069 -0.08127586 -0.08332102]
 [-0.10138826 -0.14768816 -0.24618946 -0.10219685  0.07862431]]
U = [[ 0.15733891  0.05078288  0.25369865  0.45089404 -0.0043032 ]
 [-0.35292674 -0.08161268  0.07599481  0.06184837  0.17643666]
 [ 0.03992103 -0.12842497 -0.21509229 -0.17712549  0.11883231]
 [ 0.26649901 -0.03243584  0.32672621 -0.01963467 -0.15275307]
 [-0.09934847 -0.02152952 -0.18790021 -0.02657311  0.06397927]]
Matrix Pair 83; W = [[ 0.23257414  0.03379345  0.03319489 -0.11884476  0.17652212]
 [ 0.00774331 -0.46551061 -0.12730265  0.22022823 -0.09498212]
 [-0.09523589  0.02124235  0.01997272  0.10413309  0.0874144 ]
 [-0.10518156  0.04732237  0.16033068 -0.04513958 -0.07561476]
 [-0.09834813 -0.12368365 -0.23523147 -0.16597483 -0.00316887]]
U = [[ 0.1330799   0.06380424  0.18553202  0.42830354 -0.03270343]
 [-0.32230018 -0.09884022  0.07971696  0.142215    0.12133081]
 [ 0.06314419 -0.1081468  -0.18080651 -0.12405942  0.19500839]
 [ 0.29667136 -0.03122193  0.2787687  -0.03029145 -0.17547365]
 [-0.07717407 -0.06270221 -0.20563149 -0.06593331  0.10322206]]
Matrix Pair 84; W = [[ 0.27655981  0.05114335  0.08970074 -0.12136405  0.2039475 ]
 [ 0.04509674 -0.39423138 -0.08174201  0.22173744 -0.0855945 ]
 [-0.06166181  0.02010423  0.03524701  0.10454976  0.0124778 ]
 [-0.03958433  0.0488326   0.15273188 -0.11041762 -0.05082159]
 [-0.04615339 -0.10869385 -0.23775062 -0.14790232  0.08555234]]
U = [[ 0.12935513  0.10905678  0.18358437  0.38213125 -0.06781153]
 [-0.35498259 -0.13946802  0.03950117  0.10381705  0.08636415]
 [ 0.05383225 -0.09611284 -0.18199392 -0.19562293  0.20406059]
 [ 0.2492539  -0.06928008  0.34938002  0.03889025 -0.18837779]
 [-0.05534467 -0.03272441 -0.22414536  0.0205497   0.10192131]]
Matrix Pair 85; W = [[ 2.41076885e-01  2.99572487e-04  6.48030563e-02 -1.80953985e-01
   1.42783083e-01]
 [ 1.72734788e-02 -3.99845820e-01 -1.49909251e-01  2.71441740e-01
  -1.38323596e-01]
 [-4.94459884e-02 -1.86688568e-02 -2.32978564e-02  6.16626198e-02
   9.68035309e-03]
 [-1.15010483e-01  1.13030488e-01  1.62613912e-01 -7.15370340e-02
  -1.04573076e-01]
 [-1.01099059e-01 -5.75476393e-02 -2.41312310e-01 -1.41797272e-01
  -4.47815026e-03]]
U = [[ 1.07468982e-01  5.75099540e-02  1.69486089e-01  4.17733146e-01
   1.67822060e-03]
 [-3.29133927e-01 -8.48418269e-02  5.26959968e-02  1.30456186e-01
   8.85200135e-02]
 [ 1.00818222e-01 -1.18339249e-01 -1.73172417e-01 -1.20247896e-01
   1.59267371e-01]
 [ 2.77015253e-01 -4.50914231e-02  2.91898628e-01  1.02457574e-02
  -1.44842843e-01]
 [-6.27688505e-02 -4.22324706e-02 -2.20531909e-01 -3.41776150e-04
   3.20771755e-02]]
Matrix Pair 86; W = [[ 0.23984833 -0.01923351  0.09260132 -0.12184224  0.21181693]
 [ 0.04334817 -0.44190874 -0.063826    0.25489908 -0.06082478]
 [-0.0684699   0.02631035 -0.02204784  0.0604217   0.04777736]
 [-0.07861753  0.0216704   0.12703981 -0.09180239 -0.05744908]
 [-0.03382343 -0.08522667 -0.2311386  -0.15978179  0.08220286]]
U = [[ 0.13515936  0.01042644  0.19310222  0.46336405 -0.08592883]
 [-0.35601042 -0.066387    0.01191088  0.10068518  0.09820118]
 [ 0.0746712  -0.03376343 -0.13709047 -0.12835986  0.12088493]
 [ 0.326556   -0.07637404  0.33634617 -0.02730578 -0.14216793]
 [-0.03714333 -0.06656893 -0.27909218  0.01768374  0.05272681]]
Matrix Pair 87; W = [[ 0.25756799 -0.00491605  0.05517763 -0.15053869  0.2135297 ]
 [-0.02717464 -0.42633132 -0.07264798  0.27128087 -0.05233009]
 [-0.05467978  0.04310304  0.03225622  0.13203556  0.04009149]
 [-0.08188756  0.04608502  0.16880641 -0.09581456 -0.03549984]
 [-0.10122845 -0.11010758 -0.18590759 -0.13080104  0.0468037 ]]
U = [[ 0.10810831  0.0781061   0.18747512  0.42552989  0.00154596]
 [-0.3858384  -0.07520044  0.07018788  0.05281767  0.08431454]
 [ 0.11225055 -0.03071112 -0.1712381  -0.18778765  0.18699663]
 [ 0.23999546 -0.02070571  0.31753134  0.04396239 -0.19785652]
 [-0.04668982 -0.04994678 -0.28237511 -0.04424215  0.06340436]]
Matrix Pair 88; W = [[ 0.29061938  0.00883607  0.03014067 -0.18652985  0.1499693 ]
 [ 0.00603748 -0.41819646 -0.06861114  0.21534994 -0.06637331]
 [-0.0446721  -0.0276462  -0.02246367  0.06314062  0.07733366]
 [-0.08824988  0.0615779   0.16931678 -0.06272666 -0.09213799]
 [-0.08445868 -0.09485904 -0.25373658 -0.10570903  0.02300814]]
U = [[ 0.11252255  0.043847    0.25183037  0.37285003 -0.02294856]
 [-0.40536138 -0.12584464  0.08416015  0.10782653  0.09828331]
 [ 0.10913679 -0.12671827 -0.21967219 -0.19470084  0.17026303]
 [ 0.32596465 -0.02349305  0.31562506  0.03538976 -0.14803375]
 [-0.06964724 -0.06768069 -0.22195691 -0.02688114  0.06553206]]
Matrix Pair 89; W = [[ 0.21552849  0.01654969  0.0328687  -0.11493188  0.21767119]
 [ 0.0065344  -0.38532014 -0.07506182  0.21704874 -0.08010922]
 [-0.11170537 -0.00363922  0.0313997   0.06510603  0.09546317]
 [-0.06705621  0.04636724  0.12351001 -0.09820782 -0.06332992]
 [-0.02725718 -0.08270708 -0.27225495 -0.12623437  0.04343998]]
U = [[ 0.19526122  0.01875189  0.18692776  0.43666563  0.00068298]
 [-0.37109928 -0.0848658   0.04134196  0.05939076  0.16975055]
 [ 0.06839837 -0.04452503 -0.1925203  -0.14855775  0.11735506]
 [ 0.31651118 -0.01284743  0.30265761  0.0414196  -0.1775218 ]
 [-0.0418919  -0.06373467 -0.21123653 -0.02330851  0.03638762]]
Matrix Pair 90; W = [[ 0.2136753  -0.01098687  0.02393212 -0.18411855  0.22464001]
 [-0.01823042 -0.37803679 -0.08635169  0.2316934  -0.14895184]
 [-0.09222859  0.00424839  0.0590836   0.04152556  0.08073163]
 [-0.04584457  0.04864278  0.14824395 -0.05634496 -0.04471712]
 [-0.08651323 -0.09264376 -0.20226188 -0.132322    0.0415172 ]]
U = [[ 0.17346348  0.06914197  0.21632382  0.42147592 -0.00240234]
 [-0.32342497 -0.07660938  0.0569682   0.05741295  0.1281333 ]
 [ 0.09300409 -0.0426119  -0.21485326 -0.19243708  0.1164901 ]
 [ 0.31428279 -0.08607155  0.31708568  0.0175613  -0.16586248]
 [-0.06261584 -0.07169929 -0.18468351 -0.05383936  0.09719628]]
Matrix Pair 91; W = [[ 0.27283015  0.00681807  0.03016413 -0.19094061  0.15305853]
 [ 0.01512929 -0.37294197 -0.14806334  0.25636038 -0.0789605 ]
 [-0.05749121  0.0471895  -0.02515371  0.1259657   0.04024022]
 [-0.08366325  0.0186069   0.1356199  -0.13100427 -0.05426803]
 [-0.05266244 -0.08715368 -0.21905786 -0.14914623  0.00475662]]
U = [[ 0.1297273   0.06012021  0.2481041   0.45387582 -0.07642098]
 [-0.38043626 -0.13138407  0.09138282  0.04469492  0.12103028]
 [ 0.04063271 -0.11141204 -0.18547871 -0.1756121   0.19991742]
 [ 0.26328975 -0.07856563  0.32908133  0.02214691 -0.17819997]
 [-0.07686903 -0.01104865 -0.18724352 -0.0606886   0.0634152 ]]
Matrix Pair 92; W = [[ 0.27645376 -0.00664312  0.08495198 -0.18956998  0.1735683 ]
 [-0.01564671 -0.40166659 -0.09414458  0.25901623 -0.08146112]
 [-0.06213585  0.04305714  0.05972861  0.05697173  0.0132514 ]
 [-0.13196     0.0785212   0.13175676 -0.09958562 -0.02901746]
 [-0.10062842 -0.12464587 -0.23709484 -0.15258828  0.01130688]]
U = [[ 0.16763744  0.04964091  0.21149163  0.46500612 -0.07314451]
 [-0.38439956 -0.1254513   0.08023128  0.14189983  0.17566179]
 [ 0.09212203 -0.12323434 -0.15712089 -0.1765078   0.15526698]
 [ 0.31345945 -0.00287309  0.28735601  0.0196833  -0.15490508]
 [-0.12021999 -0.00490848 -0.19926084 -0.04285244  0.02500997]]
Matrix Pair 93; W = [[ 0.30957966  0.04888105  0.07943013 -0.11016873  0.15902536]
 [-0.03897467 -0.37172714 -0.0795825   0.23512498 -0.11004362]
 [-0.07495299  0.03893997  0.03658484  0.09749628  0.04556588]
 [-0.08159563  0.10937229  0.11271274 -0.11501109 -0.10427091]
 [-0.07243938 -0.10190258 -0.26541709 -0.18367964  0.01022174]]
U = [[ 0.15867195  0.07837915  0.23041286  0.38882002  0.0006801 ]
 [-0.33735249 -0.12043344  0.06352408  0.11270516  0.10670893]
 [ 0.04683217 -0.08922596 -0.13539995 -0.19667128  0.17008916]
 [ 0.27847184  0.00278689  0.29887246 -0.03799139 -0.16583002]
 [-0.09695334  0.01861358 -0.19363122 -0.01968869  0.01363747]]
Matrix Pair 94; W = [[ 0.21308781  0.00739016  0.07258435 -0.10677553  0.16628968]
 [ 0.04714293 -0.37157468 -0.11672142  0.28980583 -0.14241062]
 [-0.11066704 -0.02910961  0.00581009  0.09199034  0.09078236]
 [-0.12190019  0.07648172  0.13195872 -0.13189502 -0.05255282]
 [-0.09485736 -0.07065195 -0.24641166 -0.14110319  0.05981756]]
U = [[ 0.14461333  0.09661026  0.23916427  0.40245962 -0.01035842]
 [-0.37793791 -0.13013655 -0.0024391   0.05541787  0.14013271]
 [ 0.08256218 -0.11793591 -0.16929701 -0.1142217   0.16540705]
 [ 0.2620685  -0.06486493  0.27658477 -0.02214354 -0.13646661]
 [-0.12076762 -0.00854829 -0.28055367 -0.02040103  0.04040483]]
Matrix Pair 95; W = [[ 0.30306745  0.0136341   0.09408814 -0.14229524  0.21305504]
 [-0.03272355 -0.38258497 -0.1207198   0.30435339 -0.07020326]
 [-0.04981195 -0.02177092  0.05967238  0.08655347  0.04087801]
 [-0.07837114  0.08422443  0.14090511 -0.07918268 -0.022895  ]
 [-0.04187233 -0.05522629 -0.2513453  -0.18553538  0.00715076]]
U = [[ 0.1358133   0.04331734  0.16505161  0.43997213 -0.04419532]
 [-0.34409365 -0.12569403  0.06269395  0.11335755  0.11697415]
 [ 0.08566203 -0.10075473 -0.19609837 -0.13791216  0.1380234 ]
 [ 0.33605436 -0.08466935  0.35187933 -0.02125484 -0.15796866]
 [-0.09193934 -0.04753664 -0.25071486 -0.04164218  0.05328518]]
Matrix Pair 96; W = [[ 0.30191843 -0.06437743  0.09738376 -0.18621197  0.04962948]
 [-0.03660164 -0.39784124 -0.04807001  0.21661643 -0.17244142]
 [-0.0130888   0.08747344 -0.09733999  0.06844624  0.0667282 ]
 [-0.1434644   0.04849263  0.17413907 -0.00887087 -0.05307068]
 [-0.11296211 -0.07524517 -0.13221185 -0.17652624  0.03188605]]
U = [[ 0.17705139 -0.01760165  0.23870646  0.33490207  0.00227818]
 [-0.38440439 -0.0266067   0.03208651  0.04762261  0.12176334]
 [ 0.09258485 -0.13516399 -0.14546691 -0.126355    0.2431723 ]
 [ 0.26923536  0.00336764  0.35767635  0.05424268 -0.21424147]
 [-0.13814919 -0.05419028 -0.27363195 -0.05929961  0.00078253]]
Matrix Pair 97; W = [[ 0.28716131 -0.09267571  0.11302093 -0.17712762  0.05996427]
 [-0.0875573  -0.34397012 -0.06456123  0.21702367 -0.18308778]
 [-0.08890124  0.02690781 -0.11515516  0.15072204  0.04974347]
 [-0.14538199  0.04709292  0.17297695 -0.00813214 -0.05704653]
 [-0.14676761 -0.08875113 -0.05483861 -0.19073103  0.05372667]]
U = [[ 0.21161422  0.05358863  0.3053134   0.42910626 -0.00982563]
 [-0.39622027 -0.07372142  0.0214216   0.05401412  0.13618813]
 [ 0.0993447  -0.12437767 -0.20536764 -0.12798437  0.22751307]
 [ 0.26897482  0.01497565  0.27392413  0.03007131 -0.20778972]
 [-0.1275466  -0.05134997 -0.22863731 -0.03220961 -0.05593274]]
Matrix Pair 98; W = [[ 0.34565201 -0.08815418  0.07300059 -0.20571649  0.13703222]
 [-0.09619513 -0.40090438  0.00229587  0.18867554 -0.17502904]
 [-0.0658796   0.04408353 -0.0304894   0.06591314  0.08191026]
 [-0.13827894  0.07026115  0.18585628 -0.02073692 -0.02532991]
 [-0.08346264 -0.10226437 -0.05529638 -0.20190794 -0.01843722]]
U = [[ 0.23201988 -0.01894628  0.28334108  0.41499323  0.02483787]
 [-0.3689207   0.01062658  0.00796367  0.03233591  0.10895401]
 [ 0.03455057 -0.13607654 -0.14107803 -0.12030892  0.17131624]
 [ 0.24727659 -0.03393094  0.33514586  0.00474089 -0.17956521]
 [-0.09687498 -0.01272115 -0.22669114 -0.05497477 -0.04802866]]
Matrix Pair 99; W = [[ 0.36815968 -0.04041589  0.08851443 -0.22773556  0.05965664]
 [-0.00271433 -0.34459414 -0.04554599  0.23792056 -0.17614814]
 [-0.10594561  0.05230829 -0.04681061  0.06921101  0.09115815]
 [-0.12929339  0.06435694  0.09605983 -0.08036805 -0.07459474]
 [-0.10820475 -0.0824604  -0.12379784 -0.153639    0.00481424]]
U = [[ 0.15513205  0.05415642  0.2227261   0.39386328  0.00739122]
 [-0.42717531 -0.05096556  0.01165485  0.07792881  0.15265095]
 [ 0.06011381 -0.07144415 -0.14709784 -0.1628546   0.20192428]
 [ 0.21940084 -0.07278147  0.29458121  0.00468914 -0.18505587]
 [-0.09160564 -0.00647452 -0.22922319 -0.05298162 -0.063861  ]]
Matrix Pair 100; W = [[ 0.30500323 -0.00370368  0.05234578 -0.18648427  0.08686695]
 [-0.04630317 -0.41583632 -0.08738952  0.19392506 -0.15510821]
 [-0.02000188  0.02643957 -0.07918115  0.13470926  0.11239599]
 [-0.11479223  0.02830295  0.08885505 -0.05117408 -0.07889452]
 [-0.10811165 -0.08540533 -0.13096985 -0.13608178 -0.01799489]]
U = [[ 0.18656821 -0.02406392  0.25149063  0.38717441 -0.01593351]
 [-0.39635432 -0.07862113  0.07042909  0.06393154  0.08886627]
 [ 0.10211309 -0.09773022 -0.16455223 -0.16980097  0.17503823]
 [ 0.25364084 -0.05137354  0.3654564  -0.01953755 -0.18856213]
 [-0.10799587 -0.02655433 -0.28812356 -0.02191758 -0.02716031]]
Matrix Pair 101; W = [[ 0.33494793 -0.01273331  0.02465556 -0.13619328  0.08232241]
 [-0.00962538 -0.39612353 -0.01539602  0.20319604 -0.16731002]
 [-0.04805804  0.0297881  -0.06462197  0.14633017  0.0592922 ]
 [-0.09586269  0.06728626  0.09216847 -0.09635412 -0.05651195]
 [-0.13990163 -0.06920409 -0.10389011 -0.1619617   0.01019635]]
U = [[ 0.20400111  0.0184775   0.25287587  0.36282104  0.02929332]
 [-0.44315832 -0.01308921  0.03798155  0.06853704  0.15134342]
 [ 0.02536848 -0.10468436 -0.15339641 -0.15450943  0.23141941]
 [ 0.20634977 -0.07407115  0.33233039  0.00069022 -0.18459673]
 [-0.12894663 -0.06056106 -0.30055597 -0.02275133 -0.03163374]]
Matrix Pair 102; W = [[ 0.3000537  -0.07809508  0.03776371 -0.16320081  0.05263418]
 [-0.03686707 -0.35611886 -0.0915566   0.19439236 -0.18563755]
 [-0.00980959  0.09505225 -0.06761107  0.12407536  0.10789775]
 [-0.10122069  0.03001228  0.1359297  -0.09846315 -0.04456347]
 [-0.1185237  -0.07283871 -0.05804554 -0.13429478  0.04063018]]
U = [[ 0.23896504  0.03217242  0.22429156  0.34675055  0.00446953]
 [-0.36436211 -0.0565007   0.03010902  0.02561908  0.11523867]
 [ 0.09669293 -0.12348026 -0.13291691 -0.09759023  0.20958284]
 [ 0.19655456 -0.04940212  0.34441405  0.03609172 -0.16088837]
 [-0.13444315 -0.03627622 -0.27372039 -0.03531979 -0.06936738]]
Matrix Pair 103; W = [[ 0.33802743 -0.01951119  0.0834329  -0.17962115  0.09212405]
 [-0.0277478  -0.34525457 -0.05616231  0.21753388 -0.13541368]
 [-0.04875883  0.02078302 -0.09180078  0.13995647  0.02497262]
 [-0.15695498  0.07243289  0.16876251 -0.03554815 -0.00308067]
 [-0.15932803 -0.0737903  -0.09188967 -0.12315211 -0.01760298]]
U = [[ 0.18905445 -0.00537395  0.23604294  0.42229446  0.04318501]
 [-0.4348419  -0.00485092  0.03276308  0.0500989   0.09559247]
 [ 0.03596147 -0.09162427 -0.13439962 -0.09722282  0.18565861]
 [ 0.25272549 -0.03970329  0.36537659 -0.01001219 -0.15584426]
 [-0.10886294 -0.0068771  -0.24004012 -0.05946488  0.01423101]]
Matrix Pair 104; W = [[ 0.36595214 -0.02229882  0.06901177 -0.22381367  0.08899352]
 [-0.00366664 -0.37032697 -0.0781832   0.17411059 -0.09945685]
 [-0.06554832  0.05581981 -0.05138446  0.07702137  0.08670121]
 [-0.12663583  0.0401267   0.09066759 -0.00887898 -0.03965293]
 [-0.1192993  -0.06908569 -0.07258046 -0.18516602  0.0133145 ]]
U = [[ 0.20713881  0.00431203  0.25298097  0.34491589  0.01023527]
 [-0.37565154 -0.0605087   0.08710533  0.06584424  0.16452865]
 [ 0.0656374  -0.07588533 -0.17636676 -0.17134697  0.2428032 ]
 [ 0.27762167 -0.02289506  0.32118279  0.05306409 -0.22759191]
 [-0.154466   -0.0648377  -0.26550338 -0.03110102 -0.0217831 ]]
Matrix Pair 105; W = [[ 0.32349475 -0.08650072  0.07531226 -0.13787484  0.06714103]
 [-0.05731046 -0.38471693 -0.05262209  0.16845457 -0.17941978]
 [-0.10716739  0.03661836 -0.11279115  0.09624573  0.05500562]
 [-0.07575738  0.01291203  0.11958806 -0.0303415  -0.08315097]
 [-0.1036093  -0.09708534 -0.04682459 -0.10792925 -0.01733728]]
U = [[ 0.21332432 -0.00669068  0.32214476  0.36128173 -0.02931413]
 [-0.37467914 -0.07362147  0.02398709  0.03167751  0.12915868]
 [ 0.0623296  -0.11734239 -0.16994164 -0.13381793  0.23844382]
 [ 0.24636938 -0.06991823  0.27628043  0.02749264 -0.15101553]
 [-0.14816418 -0.02252723 -0.27482366 -0.02384614  0.01994016]]
Matrix Pair 106; W = [[ 0.31831031 -0.04148208  0.08079139 -0.18262277  0.11042559]
 [-0.0632962  -0.36940883 -0.02113676  0.21119972 -0.09684849]
 [-0.02791164  0.08851967 -0.076917    0.11718827  0.02001487]
 [-0.07043249  0.0178394   0.10599195 -0.00898591 -0.01040972]
 [-0.1021785  -0.06919311 -0.08766722 -0.12750324 -0.00090187]]
U = [[ 2.43590854e-01  1.97802125e-04  2.27486439e-01  3.68532614e-01
   4.15432630e-02]
 [-3.90156620e-01 -6.46783574e-02  8.21584449e-02  3.61197762e-02
   9.99942503e-02]
 [ 5.42143661e-02 -9.98640645e-02 -1.11411664e-01 -1.06278185e-01
   1.87886579e-01]
 [ 2.62383916e-01 -5.61422937e-02  3.14001474e-01 -4.64831444e-03
  -1.59837620e-01]
 [-8.91647459e-02 -2.36534517e-02 -2.25640501e-01 -6.80775239e-02
  -6.70035047e-02]]
Matrix Pair 107; W = [[ 0.31029388 -0.02091107  0.06011578 -0.21362344  0.10177181]
 [-0.06922146 -0.35301045  0.0027838   0.15114998 -0.15654774]
 [-0.04749596  0.05712821 -0.04521317  0.12332256  0.10019029]
 [-0.10874896  0.08320872  0.15739412 -0.06477509 -0.06141429]
 [-0.09409166 -0.15530693 -0.05651875 -0.1542552   0.01723186]]
U = [[ 0.16188718 -0.02242456  0.22967969  0.42519831  0.00936979]
 [-0.43091684 -0.04817205  0.00262409  0.03698669  0.13243395]
 [ 0.10648732 -0.0870763  -0.18587859 -0.15923729  0.18680272]
 [ 0.29275367 -0.04070374  0.36597975  0.00854452 -0.23257333]
 [-0.14951787 -0.01922495 -0.22899363 -0.07979382  0.02018407]]
Matrix Pair 108; W = [[ 0.30355587 -0.03022817  0.07307682 -0.16104609  0.12783409]
 [-0.01420831 -0.34029533  0.00058816  0.15739321 -0.13093232]
 [-0.01658354  0.09824365 -0.04186336  0.08407599  0.03336202]
 [-0.10411991  0.09218555  0.17014132 -0.02208323 -0.0758378 ]
 [-0.08613231 -0.14656596 -0.07441905 -0.11572652  0.02901635]]
U = [[ 0.19011076  0.01068759  0.30794548  0.38052747  0.026363  ]
 [-0.35778338 -0.00883079  0.08737375  0.12187415  0.14218659]
 [ 0.05891993 -0.14735945 -0.16469271 -0.11880136  0.23572397]
 [ 0.2451856  -0.07053878  0.3374076  -0.03417508 -0.19621206]
 [-0.12493041 -0.00817951 -0.22293643 -0.09306753  0.01595455]]
Matrix Pair 109; W = [[ 0.29231645 -0.09252526  0.04188848 -0.15014429  0.04358651]
 [-0.08565084 -0.38556335 -0.03402972  0.23585364 -0.10735039]
 [-0.03418095  0.08616475 -0.0464209   0.09244658  0.03820235]
 [-0.11772068  0.07823415  0.15895201 -0.08451133 -0.04570281]
 [-0.12345903 -0.1404138  -0.08111251 -0.12301566 -0.00449309]]
U = [[ 0.14688817  0.04001311  0.24486267  0.4123991   0.03713517]
 [-0.37351645 -0.03117314  0.07491237  0.09075914  0.08703007]
 [ 0.05890959 -0.15034578 -0.17640811 -0.11419915  0.18706299]
 [ 0.23359578 -0.02689381  0.36315282  0.00077166 -0.23921097]
 [-0.13651832 -0.02640097 -0.21487999 -0.03494941 -0.03004487]]
Matrix Pair 110; W = [[ 0.26900812 -0.09236017  0.07999234 -0.21706925  0.1374249 ]
 [-0.07303841 -0.37926071 -0.07599909  0.17868491 -0.16296492]
 [-0.0826935   0.07588337 -0.0281851   0.0828249   0.05938237]
 [-0.10840456  0.0310809   0.09633806 -0.02702618 -0.07365296]
 [-0.15174436 -0.11574566 -0.10908356 -0.10588535  0.05575505]]
U = [[ 0.21972723  0.05839308  0.27395539  0.33654202  0.02229728]
 [-0.39630543 -0.03955522  0.08324469  0.05932225  0.14508129]
 [ 0.08403012 -0.09760899 -0.14203273 -0.13349364  0.23068478]
 [ 0.23219757 -0.00334411  0.34622499 -0.02247518 -0.17312391]
 [-0.11266009 -0.04423633 -0.28374252 -0.09478068  0.01290771]]
Matrix Pair 111; W = [[ 3.32848924e-01 -6.99692658e-02  9.15560828e-02 -1.41469442e-01
   6.33493870e-02]
 [-5.05541783e-02 -4.08875578e-01 -3.00482775e-02  2.00906403e-01
  -1.49568884e-01]
 [-7.64792830e-03  9.73719653e-02 -6.99796922e-02  7.73262136e-02
   1.18502591e-01]
 [-9.98840108e-02  4.01450913e-02  1.39668233e-01 -3.58254992e-02
   4.90265330e-06]
 [-1.36805442e-01 -7.89120584e-02 -6.84550410e-02 -1.84597643e-01
   1.56527419e-02]]
U = [[ 0.19503239 -0.01001823  0.27804344  0.38506325  0.04856861]
 [-0.37869803 -0.08534303  0.01433863  0.07534252  0.14454804]
 [ 0.08229525 -0.09536683 -0.18416235 -0.18796772  0.2422291 ]
 [ 0.23258921 -0.02189663  0.36475784  0.01589791 -0.15943604]
 [-0.16411113  0.01304784 -0.21315173 -0.0423598  -0.04166208]]
Matrix Pair 112; W = [[ 0.24599884  0.0041462   0.03342148 -0.21079409  0.16610556]
 [-0.01250552 -0.39845773 -0.03543013  0.27794524 -0.16312429]
 [-0.12764409  0.0038784  -0.05983403  0.04220946  0.0224697 ]
 [-0.03474436  0.15755507  0.10654173 -0.13733658 -0.06674048]
 [-0.07320076 -0.07506777 -0.22139533 -0.22397231  0.04906555]]
U = [[ 0.13001651  0.09821975  0.28266088  0.35575362 -0.00302819]
 [-0.27221039 -0.03924212  0.04653245  0.01169483  0.16287532]
 [ 0.03690217 -0.09965838 -0.13511605 -0.16734611  0.12755697]
 [ 0.30183533 -0.00185811  0.25429784  0.00838731 -0.16655912]
 [-0.1013845  -0.02154088 -0.24551438 -0.03364107  0.04427509]]
Matrix Pair 113; W = [[ 0.265767   -0.05490114  0.05351038 -0.21358857  0.23506449]
 [-0.08366452 -0.39919351  0.00264724  0.26654594 -0.13622069]
 [-0.0999819   0.02138137 -0.07035656  0.03968945 -0.03281268]
 [-0.01890573  0.07391533  0.12680207 -0.10363014 -0.07266827]
 [-0.11589868 -0.02663227 -0.18220592 -0.24667292 -0.02917101]]
U = [[ 0.14010624  0.07026313  0.23552378  0.43119027 -0.05982176]
 [-0.26738213 -0.01349492  0.02304216  0.09149402  0.10069619]
 [ 0.07978137 -0.11234481 -0.13207912 -0.13058159  0.18611456]
 [ 0.23163577 -0.06844415  0.32866421  0.05442851 -0.18389131]
 [-0.19811851  0.01728013 -0.33522842 -0.02347669 -0.01475235]]
Matrix Pair 114; W = [[ 0.27587705 -0.0111088   0.02675218 -0.13541522  0.16185975]
 [-0.03110789 -0.38158281 -0.08099705  0.22838677 -0.12368399]
 [-0.12366516  0.0176652  -0.06334599  0.06175612  0.01924616]
 [ 0.01990941  0.09796427  0.10468911 -0.12839783 -0.02789878]
 [-0.11821694 -0.10592406 -0.21108746 -0.18321901  0.03315408]]
U = [[ 0.08040918  0.03286412  0.27720632  0.35685926  0.02218099]
 [-0.2826537  -0.03106018  0.10594774  0.0922373   0.15584665]
 [ 0.11463646 -0.10899481 -0.16401832 -0.09595113  0.1616668 ]
 [ 0.28081214 -0.03798022  0.26799337  0.0387161  -0.22216827]
 [-0.19046484  0.01994292 -0.3180095  -0.07490664  0.03404116]]
Matrix Pair 115; W = [[ 0.24271604 -0.01246922  0.050608   -0.21128597  0.17858265]
 [-0.01501428 -0.38567113 -0.0024508   0.24252648 -0.18684318]
 [-0.06994178 -0.03456847 -0.00333869  0.0405037  -0.00928546]
 [-0.05693345  0.08123346  0.09713717 -0.15551072 -0.06029171]
 [-0.06715865 -0.11079332 -0.17160468 -0.18591294  0.01451117]]
U = [[ 0.13279249  0.01690189  0.26895464  0.39891648  0.01792724]
 [-0.25995702 -0.0471335   0.08808759  0.03472402  0.15635924]
 [ 0.04392199 -0.06468596 -0.17763119 -0.13973882  0.14608457]
 [ 0.24546386 -0.02959353  0.28598771  0.04220609 -0.16856414]
 [-0.0994026  -0.01995421 -0.27024351 -0.06138225 -0.01600539]]
Matrix Pair 116; W = [[ 0.23545219  0.00335551  0.09290221 -0.15367336  0.20837217]
 [-0.07577554 -0.40233713 -0.02630249  0.22600578 -0.11224407]
 [-0.08729751  0.04432554 -0.04140034  0.11696709 -0.03330627]
 [-0.05468331  0.13369339  0.16354953 -0.0640574   0.01782   ]
 [-0.07113356 -0.04191551 -0.1915355  -0.23431849  0.02802406]]
U = [[ 0.11397912  0.06217241  0.25046653  0.35739005 -0.00078521]
 [-0.34311838 -0.0736503   0.11449983  0.10027407  0.0900789 ]
 [ 0.07054899 -0.06702062 -0.17250619 -0.09940789  0.1316223 ]
 [ 0.25190257 -0.05864081  0.29209843  0.0279579  -0.24041082]
 [-0.10464868  0.06293135 -0.24825699 -0.05984429  0.05122398]]
Matrix Pair 117; W = [[ 0.24216776 -0.01051112  0.06172091 -0.12266208  0.22997567]
 [-0.04636698 -0.38568223 -0.00638029  0.22181277 -0.1278334 ]
 [-0.14483415  0.02358572 -0.04806066  0.07409063 -0.0428808 ]
 [-0.02904042  0.12669857  0.15792142 -0.11597306 -0.06850241]
 [-0.1333168  -0.0920873  -0.18305466 -0.25207427  0.0687371 ]]
U = [[ 0.14910725  0.09356499  0.19760501  0.36204795 -0.01632822]
 [-0.24722819 -0.04882547  0.10447027  0.08012421  0.08991591]
 [ 0.06239496 -0.04940351 -0.16826919 -0.09220174  0.18382831]
 [ 0.23743345 -0.06587907  0.29180297  0.02320412 -0.19228965]
 [-0.10803777  0.02185344 -0.28414359 -0.04216451  0.00642016]]
Matrix Pair 118; W = [[ 0.26114415 -0.06038455  0.01700142 -0.12110518  0.17208858]
 [-0.03706115 -0.34389934 -0.07034846  0.21760085 -0.16746939]
 [-0.10299096  0.05794828 -0.0027928   0.0644592  -0.02895657]
 [ 0.0066573   0.10165849  0.17430623 -0.06419254 -0.06615276]
 [-0.03978489 -0.083754   -0.19922245 -0.21419176  0.03258526]]
U = [[ 0.12556554  0.08673572  0.25228359  0.43638866  0.02097991]
 [-0.26065019 -0.04864323  0.10872222  0.0820426   0.13982222]
 [ 0.10484799 -0.12810583 -0.13500785 -0.19106771  0.16933616]
 [ 0.20632457 -0.02142395  0.29881184  0.06210268 -0.24762602]
 [-0.10035583  0.00476466 -0.30809763 -0.08075053  0.0069055 ]]
Matrix Pair 119; W = [[ 0.28600038 -0.05129024  0.07386572 -0.14256609  0.21308873]
 [-0.00432532 -0.3335027  -0.0847553   0.21267025 -0.14535041]
 [-0.13982706  0.01849148  0.00527797  0.03153363 -0.01583542]
 [-0.04109591  0.13283675  0.17246486 -0.15777808 -0.00217923]
 [-0.08069712 -0.05253199 -0.18300542 -0.16902201  0.01966653]]
U = [[ 0.16735273  0.04071398  0.26755789  0.35234495 -0.05866156]
 [-0.27151968 -0.08931431  0.02627089  0.02719572  0.065375  ]
 [ 0.05749924 -0.07759033 -0.16597344 -0.09198987  0.16187235]
 [ 0.21250791 -0.04247692  0.24306074 -0.00184441 -0.23561251]
 [-0.17511927  0.0298814  -0.32993    -0.04224387 -0.01722782]]
Matrix Pair 120; W = [[ 0.27272207  0.01815286  0.04251149 -0.16622895  0.19847632]
 [-0.00157141 -0.35013843 -0.07654376  0.26075704 -0.18807102]
 [-0.12590716  0.04192744 -0.05042554  0.0797237   0.01049848]
 [ 0.02736874  0.06491245  0.178576   -0.14233603 -0.02260935]
 [-0.09976722 -0.05231292 -0.22170972 -0.22234466 -0.0266693 ]]
U = [[ 0.10465175  0.05429031  0.23030245  0.36744183 -0.04080402]
 [-0.34271091 -0.08119717  0.04214293  0.07864534  0.07264177]
 [ 0.10355116 -0.09249643 -0.18326728 -0.17401266  0.16686801]
 [ 0.29319304 -0.07687908  0.29922332  0.04684885 -0.17288154]
 [-0.19486166  0.0428035  -0.30203219 -0.07205456  0.00351581]]
Matrix Pair 121; W = [[ 0.25045145 -0.0258505   0.07808488 -0.19470365  0.23295467]
 [-0.02467001 -0.42073761 -0.06595159  0.23998711 -0.15398588]
 [-0.10669529  0.02727779 -0.02337153  0.06534652  0.00575108]
 [ 0.01774721  0.07434738  0.17734757 -0.13045876 -0.05729162]
 [-0.1158113  -0.01656704 -0.26909763 -0.21290443  0.02418387]]
U = [[ 0.12248726  0.02216004  0.18427432  0.43596546  0.02226837]
 [-0.26458722 -0.03130422  0.03604352  0.07599954  0.160073  ]
 [ 0.09442987 -0.0677548  -0.15324383 -0.18322894  0.14484916]
 [ 0.2699862  -0.0702521   0.29866912  0.05104384 -0.23394733]
 [-0.11598402  0.06231901 -0.32646246  0.01323737 -0.01056616]]
Matrix Pair 122; W = [[ 0.31063527 -0.03282989  0.04138971 -0.17104463  0.20543518]
 [-0.08390189 -0.3487473  -0.07872867  0.21186702 -0.19471872]
 [-0.0879035   0.03858803  0.00386352  0.09544213  0.02214703]
 [-0.02853289  0.12191394  0.18121541 -0.14218046 -0.00700684]
 [-0.05035829 -0.10109191 -0.22721721 -0.18066699  0.02337108]]
U = [[ 0.11693531  0.0871093   0.25808931  0.36427833  0.02593339]
 [-0.26190972 -0.00742665  0.02809764  0.06546257  0.11826273]
 [ 0.11823374 -0.14100964 -0.22880917 -0.14928577  0.19285419]
 [ 0.24415538 -0.01756709  0.26947921  0.08686484 -0.21461752]
 [-0.13752749 -0.00908104 -0.29269179  0.00270518  0.06146062]]
Matrix Pair 123; W = [[ 0.23016422 -0.01530142  0.00571643 -0.17860377  0.18885933]
 [-0.03725255 -0.35685289 -0.04907595  0.29854008 -0.12377117]
 [-0.13168262  0.00576617  0.01017367  0.09235964  0.0050755 ]
 [-0.01150842  0.15308173  0.14875449 -0.09564652 -0.02768723]
 [-0.13361672 -0.06870762 -0.19067305 -0.15942208  0.04463395]]
U = [[ 1.20758746e-01  3.24797418e-02  1.90736463e-01  4.06626783e-01
  -1.02544014e-02]
 [-2.47872447e-01 -8.56668805e-02  7.24841089e-02  9.31718275e-02
   7.58166433e-02]
 [ 6.91008798e-02 -1.02539225e-01 -1.39038693e-01 -1.82819038e-01
   1.82066345e-01]
 [ 2.08295024e-01 -4.74442531e-02  2.52012696e-01  4.97076655e-02
  -2.15456377e-01]
 [-1.84595324e-01 -1.61701409e-02 -2.84286697e-01  9.26640620e-05
   1.32266556e-02]]
Matrix Pair 124; W = [[ 0.29799591 -0.03384067  0.08182322 -0.1743877   0.16383278]
 [-0.08199894 -0.36152851 -0.03670418  0.29610459 -0.1438112 ]
 [-0.04902198  0.0497367  -0.08546249  0.08098952  0.01054114]
 [ 0.01751003  0.11088149  0.10042365 -0.1088092   0.00760822]
 [-0.05471205 -0.04579669 -0.25585482 -0.18462925  0.04793617]]
U = [[ 0.09866992  0.07076109  0.19679691  0.38032067  0.03190205]
 [-0.28824806 -0.08223826  0.02078088  0.08270792  0.11206563]
 [ 0.07220999 -0.09861192 -0.13590624 -0.11172812  0.17730312]
 [ 0.2795578  -0.04325101  0.31262984  0.05506856 -0.24669694]
 [-0.11093868 -0.02874391 -0.28772431 -0.01940468 -0.02006971]]
Matrix Pair 125; W = [[ 0.25773704 -0.02835865  0.07634191 -0.13423144  0.16741806]
 [-0.01454906 -0.3600646  -0.04879645  0.23202017 -0.15449965]
 [-0.05082336 -0.01992967  0.00156844  0.07002595  0.04225069]
 [-0.01858807  0.11958224  0.14036745 -0.06467971  0.00849574]
 [-0.05081029 -0.0340976  -0.21911631 -0.22889179 -0.01939225]]
U = [[ 0.10183741  0.05274158  0.27172956  0.37674579  0.03824145]
 [-0.25935704 -0.05402697  0.01636908  0.05997265  0.16103109]
 [ 0.10619367 -0.12336357 -0.15877692 -0.18225767  0.20565185]
 [ 0.21662154  0.00689673  0.29828021  0.00731615 -0.1552944 ]
 [-0.15310475  0.04764317 -0.29152682 -0.0224417   0.04054966]]
Matrix Pair 126; W = [[ 0.25589229 -0.01674079  0.04511907 -0.1257818   0.22822107]
 [-0.02828389 -0.37048381 -0.06511501  0.21414245 -0.14034834]
 [-0.07538508 -0.00943512  0.01187607  0.04528446 -0.01951914]
 [-0.05912905  0.15397125  0.14346739 -0.06765438 -0.00775185]
 [-0.05063722 -0.06715181 -0.23905449 -0.17394097  0.02501717]]
U = [[ 0.1163884   0.08673898  0.23696098  0.3719048   0.0350867 ]
 [-0.32862839 -0.07203578  0.09297246  0.04574841  0.07316646]
 [ 0.06451979 -0.12199924 -0.17641433 -0.17536465  0.15774658]
 [ 0.20936744 -0.03201468  0.24891646  0.05590106 -0.202063  ]
 [-0.12154204  0.03928128 -0.26304278 -0.00884672  0.0467285 ]]
Matrix Pair 127; W = [[ 0.31819118 -0.04504379  0.09138598 -0.13848886  0.18599307]
 [-0.05974707 -0.42918935 -0.00091672  0.23884132 -0.1376137 ]
 [-0.0672447   0.01001352 -0.08335429  0.03827074 -0.02164295]
 [-0.06078336  0.10323966  0.11391954 -0.14507338 -0.03816539]
 [-0.03833445 -0.10359273 -0.17644756 -0.20249231  0.02221329]]
U = [[ 0.09085953  0.07325962  0.25801034  0.38899063 -0.01932968]
 [-0.33818502 -0.03716584  0.11408084  0.07896545  0.06622038]
 [ 0.06245345 -0.0543221  -0.13498079 -0.15931251  0.14766193]
 [ 0.2080208  -0.00651912  0.2356798   0.0258734  -0.22707994]
 [-0.16936713  0.03467079 -0.26604628 -0.07362138  0.01524776]]
