Epoch: 38Matrix Pair 0; W = [[ 0.1850527  -0.08696792  0.21257333 -0.12151268 -0.11387914]
 [-0.15325622 -0.41361072 -0.01940078  0.24712815 -0.08871698]
 [-0.11515094 -0.07007363 -0.12939008  0.09969662 -0.09321722]
 [ 0.08578493  0.11987748  0.07765024 -0.12911017 -0.00249575]
 [-0.16401159 -0.08267459 -0.30190477 -0.17179919  0.01376741]]
U = [[ 0.15738781  0.2399963   0.33740882  0.35461108  0.00366758]
 [-0.30483882 -0.17039797  0.00796999  0.1605922   0.24398718]
 [ 0.0861045  -0.07774072 -0.24519208 -0.0799005   0.24034671]
 [ 0.20856285 -0.10136661  0.27758261 -0.144337   -0.12432764]
 [-0.17940176 -0.07663621 -0.27958017  0.00703901 -0.05163114]]
Matrix Pair 1; W = [[ 0.25436033  0.00069477  0.15436323 -0.09022214 -0.14503082]
 [-0.1356357  -0.38895526 -0.01257383  0.23803085 -0.07730378]
 [-0.08860863 -0.07038745 -0.14803457  0.07539774 -0.12483624]
 [ 0.08627691  0.10284566  0.11378266 -0.064037   -0.00498632]
 [-0.17351822 -0.13498656 -0.23180495 -0.15124182  0.09035773]]
U = [[ 0.12355858  0.19850703  0.28903217  0.30881296 -0.06068117]
 [-0.26938326 -0.15661717  0.02352878  0.12892765  0.2767848 ]
 [ 0.11300968 -0.03301294 -0.23867257 -0.15049949  0.21976465]
 [ 0.25782179 -0.026522    0.32539291 -0.1133839  -0.13977862]
 [-0.17947297 -0.11364316 -0.2911745  -0.05536584 -0.0490164 ]]
Matrix Pair 2; W = [[ 0.16056105 -0.02630242  0.21285925 -0.11347797 -0.13055513]
 [-0.14706549 -0.41696839  0.00372749  0.27975696 -0.15891917]
 [-0.07674425 -0.04123263 -0.14728617  0.02662843 -0.10844055]
 [ 0.08629736  0.11856663  0.07423173 -0.12463729  0.03840966]
 [-0.23303179 -0.0734255  -0.24340348 -0.23089134  0.04175633]]
U = [[ 0.13092591  0.22877283  0.35011494  0.32987165 -0.02897766]
 [-0.26795588 -0.1686821   0.04860133  0.16010765  0.2983094 ]
 [ 0.12875155 -0.02936618 -0.24946525 -0.17158714  0.22612221]
 [ 0.23843743 -0.08109985  0.34730414 -0.10092243 -0.13088913]
 [-0.11378106 -0.08809988 -0.22028621 -0.02820773 -0.04767731]]
Matrix Pair 3; W = [[ 0.1819656  -0.06613756  0.16761412 -0.12040134 -0.08979925]
 [-0.17069162 -0.36764993 -0.07364372  0.24078149 -0.07874311]
 [-0.02694683 -0.12475313 -0.16790157  0.03628709 -0.07039242]
 [ 0.03136975  0.06713857  0.11527625 -0.03187842  0.01703928]
 [-0.24382429 -0.11623877 -0.31623521 -0.21810032  0.00506382]]
U = [[ 0.14302729  0.2101083   0.33122063  0.38038822 -0.06998097]
 [-0.25760968 -0.1425467   0.03610271  0.1164461   0.23752815]
 [ 0.14336609 -0.07158494 -0.2263872  -0.16394154  0.18816333]
 [ 0.24431814 -0.08997534  0.32044687 -0.14798669 -0.14283373]
 [-0.15815028 -0.07690278 -0.25466804 -0.03401088  0.01221502]]
Matrix Pair 4; W = [[ 0.17208934  0.00373902  0.14265262 -0.0618944  -0.14043618]
 [-0.16168224 -0.41563609 -0.04946758  0.2245649  -0.13086158]
 [-0.08019783 -0.03474893 -0.17398742  0.08395726 -0.05584111]
 [ 0.0698285   0.12504592  0.11441013 -0.09203942 -0.03275329]
 [-0.18904267 -0.06229915 -0.26868581 -0.20168216  0.0949066 ]]
U = [[ 0.15498956  0.22484087  0.30297809  0.35571066 -0.03698774]
 [-0.31589454 -0.15453727  0.08107764  0.13084248  0.28164158]
 [ 0.10695831 -0.03791841 -0.28903711 -0.17199292  0.19050038]
 [ 0.20849397 -0.05079035  0.33796642 -0.06984135 -0.08101776]
 [-0.11838419 -0.04425159 -0.23025545  0.02583534 -0.05152244]]
Matrix Pair 5; W = [[ 0.24188868  0.00723629  0.21617355 -0.10046976 -0.09281502]
 [-0.1701579  -0.42283223 -0.02810572  0.24614525 -0.13724478]
 [-0.06229113 -0.06994612 -0.16826612  0.08417363 -0.06600584]
 [ 0.01814203  0.07200616  0.13296352 -0.12255511  0.00193444]
 [-0.14870554 -0.11445619 -0.25519206 -0.17971491  0.02734507]]
U = [[ 0.14454333  0.25370315  0.32465732  0.31728929 -0.01700467]
 [-0.30729104 -0.10952971  0.00117806  0.16195968  0.26990255]
 [ 0.10202204 -0.00501046 -0.26190726 -0.12878018  0.20551414]
 [ 0.23909047 -0.09178325  0.35162806 -0.06056691 -0.05891037]
 [-0.12199775 -0.09252781 -0.21759047 -0.00311104  0.001865  ]]
Matrix Pair 6; W = [[ 0.23686208 -0.07029404  0.22712273 -0.09828091 -0.10379806]
 [-0.08850946 -0.35923001 -0.04224614  0.2501845  -0.17160973]
 [-0.04114531 -0.06629093 -0.09113977  0.10170326 -0.06451043]
 [ 0.00172345  0.13485263  0.095273   -0.0807722  -0.04995943]
 [-0.24493235 -0.14965822 -0.22481963 -0.19142087  0.02567548]]
U = [[ 0.16639305  0.1990869   0.29080082  0.31186662 -0.01492701]
 [-0.23167857 -0.16458765  0.00290244  0.09942419  0.24308046]
 [ 0.15563396 -0.02672949 -0.22067752 -0.12373452  0.2138454 ]
 [ 0.17418756 -0.02356675  0.28808069 -0.10033845 -0.05763703]
 [-0.13788758 -0.09672769 -0.24372598 -0.07030447 -0.04791521]]
Matrix Pair 7; W = [[ 0.22637842  0.00495317  0.15320599 -0.12255658 -0.06036131]
 [-0.15709994 -0.38564208 -0.06581949  0.28074253 -0.12152479]
 [-0.08194591 -0.08729215 -0.14415717  0.04930441 -0.12005878]
 [ 0.07362667  0.08643915  0.05787202 -0.03073009  0.04020968]
 [-0.23363163 -0.0812189  -0.29945377 -0.19688934  0.05594568]]
U = [[ 0.08335047  0.21347822  0.31746029  0.30382039  0.00040636]
 [-0.2391372  -0.11574012  0.07031719  0.15168717  0.2242319 ]
 [ 0.08962659 -0.05159732 -0.19859783 -0.08999915  0.21437935]
 [ 0.25805134 -0.08726236  0.26503934 -0.05694643 -0.08186476]
 [-0.12308142 -0.03105079 -0.24522675 -0.06809135  0.00456481]]
Matrix Pair 8; W = [[ 0.17006308 -0.01894699  0.16491357 -0.11944529 -0.08855231]
 [-0.10168988 -0.42403267 -0.01098885  0.22366184 -0.11481736]
 [-0.07824404 -0.10111311 -0.09183924  0.05087023 -0.05322476]
 [ 0.02907818  0.11535171  0.04048395 -0.0988366  -0.04263343]
 [-0.20077683 -0.09582399 -0.23972765 -0.1820142   0.08222069]]
U = [[ 0.14008142  0.19267587  0.2717246   0.32639814 -0.05156865]
 [-0.27335806 -0.11799501  0.00140793  0.18298405  0.27609404]
 [ 0.10782121 -0.05658228 -0.29116902 -0.10763734  0.18169198]
 [ 0.19447667 -0.06417409  0.30824337 -0.11948365 -0.11412936]
 [-0.14397372 -0.02939328 -0.30375127 -0.01681088 -0.01530074]]
Matrix Pair 9; W = [[ 0.2033427  -0.03656585  0.22569953 -0.09442831 -0.06958175]
 [-0.14260129 -0.36255667 -0.06800045  0.2054965  -0.14186247]
 [-0.06586574 -0.09612359 -0.15087076  0.0681306  -0.13668087]
 [ 0.05369389  0.07768047  0.07643912 -0.04846578 -0.04884721]
 [-0.15594387 -0.13061489 -0.23260262 -0.16973456  0.0419286 ]]
U = [[ 0.1149519   0.2402345   0.31767433  0.35442711 -0.06105187]
 [-0.23013182 -0.13711507  0.05528663  0.12646019  0.23639328]
 [ 0.13302425 -0.05179693 -0.24579786 -0.11352834  0.17755338]
 [ 0.22888268 -0.02505791  0.35546839 -0.06923388 -0.09924773]
 [-0.14704646 -0.05264644 -0.26424454 -0.00073709 -0.02800505]]
Matrix Pair 10; W = [[ 0.20531306 -0.00195378  0.17206137 -0.14083462 -0.07323963]
 [-0.0985252  -0.43353272 -0.05204909  0.27373505 -0.09940845]
 [-0.07958767 -0.03792682 -0.09157018  0.04985363 -0.08489293]
 [ 0.07941041  0.10695258  0.08831578 -0.03038567 -0.01653548]
 [-0.22692765 -0.10173069 -0.31866386 -0.15800612  0.01602549]]
U = [[ 0.09213613  0.16747101  0.32984606  0.30958954 -0.05049404]
 [-0.25523421 -0.08629149 -0.00081163  0.15361137  0.23561685]
 [ 0.11669117 -0.09170591 -0.27778199 -0.16875687  0.17631344]
 [ 0.25275464 -0.02299221  0.33715901 -0.08016815 -0.10887346]
 [-0.12233816 -0.02326795 -0.26913973 -0.0353517  -0.05723679]]
Matrix Pair 11; W = [[ 0.16381865 -0.00819291  0.19473983 -0.06494148 -0.11817678]
 [-0.18698244 -0.41352626 -0.04553478  0.24592293 -0.10101159]
 [-0.09448094 -0.10305    -0.15259967  0.07478656 -0.07922384]
 [ 0.08364203  0.14349442  0.10040841 -0.05731368 -0.05788134]
 [-0.1700037  -0.11157374 -0.24030783 -0.16631148  0.04906705]]
U = [[ 0.1236108   0.21788323  0.32085437  0.34894557  0.00373351]
 [-0.31690789 -0.12215448  0.04208107  0.11370143  0.27837856]
 [ 0.17054853 -0.05394812 -0.27995389 -0.12819992  0.24854376]
 [ 0.190614   -0.03544949  0.35282278 -0.07036891 -0.07806291]
 [-0.12081364 -0.08431325 -0.28943533 -0.00722727 -0.05049966]]
Matrix Pair 12; W = [[ 0.19523945 -0.0178684   0.14371185 -0.08569265 -0.12466262]
 [-0.13865614 -0.37641379 -0.04993928  0.25647555 -0.16166779]
 [-0.11223161 -0.11162172 -0.16789356  0.05359643 -0.13014675]
 [ 0.03788642  0.14053318  0.12071649 -0.1090742   0.03721987]
 [-0.15838078 -0.09741298 -0.26962444 -0.2222257   0.00246823]]
U = [[ 0.14801852  0.24591078  0.27026907  0.29489214  0.00336744]
 [-0.24579112 -0.17237041  0.00307126  0.11165482  0.29738851]
 [ 0.09793103 -0.08677529 -0.27838397 -0.13816903  0.22250112]
 [ 0.19016663 -0.0497931   0.28030638 -0.13413313 -0.15411336]
 [-0.12996944 -0.03284871 -0.2174263  -0.03092588  0.01612311]]
Matrix Pair 13; W = [[ 0.17612252 -0.05093225  0.20472309 -0.09219871 -0.13792014]
 [-0.16257134 -0.43770166 -0.01434282  0.20328748 -0.127603  ]
 [-0.11842411 -0.10945129 -0.18864131  0.0272665  -0.12649422]
 [ 0.01367146  0.06878527  0.10472856 -0.04547797 -0.02469271]
 [-0.22984165 -0.07493258 -0.27008247 -0.17730161  0.03124456]]
U = [[ 0.12778475  0.1650348   0.28077615  0.31151303 -0.07251044]
 [-0.26720415 -0.08980917  0.0540227   0.18739795  0.28659737]
 [ 0.08950051 -0.10079815 -0.20672365 -0.16598623  0.15110889]
 [ 0.21929416 -0.04316486  0.27719543 -0.09161595 -0.10831775]
 [-0.10860949 -0.06105509 -0.2636946   0.00375195 -0.02783888]]
Matrix Pair 14; W = [[ 0.18615105 -0.06876235  0.20161621 -0.0763875  -0.12813698]
 [-0.09515998 -0.38665503 -0.05560803  0.22697576 -0.15428502]
 [-0.08100729 -0.08801226 -0.18799273  0.06923479 -0.13591082]
 [ 0.03657672  0.14099489  0.10056533 -0.05420125 -0.05198507]
 [-0.20022878 -0.13876228 -0.27884445 -0.22465486  0.04819693]]
U = [[ 0.11858953  0.17257548  0.288555    0.32229301 -0.00845096]
 [-0.23539848 -0.11817054  0.07418671  0.09730701  0.30946735]
 [ 0.10875202 -0.07385339 -0.20129243 -0.16119724  0.24353045]
 [ 0.20713851 -0.09061093  0.34954046 -0.10979594 -0.10007271]
 [-0.17881627 -0.02169711 -0.28387119 -0.03098087  0.01320141]]
Matrix Pair 15; W = [[ 0.22446332 -0.06370205  0.17967583 -0.11445233 -0.08829833]
 [-0.16999834 -0.41140225 -0.02222763  0.27213286 -0.14463858]
 [-0.10483523 -0.05117032 -0.18514646  0.0139207  -0.12061428]
 [ 0.06616026  0.1012637   0.11116097 -0.04576275 -0.03090241]
 [-0.15986215 -0.12901851 -0.28337242 -0.13913306  0.01451047]]
U = [[ 0.12767108  0.24224028  0.35777053  0.31711781 -0.02704957]
 [-0.30451338 -0.16978201  0.056988    0.17260831  0.3049757 ]
 [ 0.16229221 -0.07923257 -0.22659696 -0.14950465  0.23212379]
 [ 0.18553794 -0.10406935  0.29618381 -0.12250856 -0.10207057]
 [-0.18261429 -0.07647019 -0.30936148 -0.00091351 -0.05342192]]
Matrix Pair 16; W = [[ 0.21409251 -0.06190942  0.18776638 -0.06238254 -0.01966561]
 [-0.19172682 -0.38921236 -0.06438618  0.32341678 -0.12675694]
 [-0.03606687  0.03306484 -0.134551    0.0794809  -0.13058909]
 [ 0.03542725  0.0222889   0.17487771 -0.08759381 -0.04877586]
 [-0.16703192 -0.15828752 -0.2989284  -0.14341504  0.03625399]]
U = [[ 0.19309636  0.15230162  0.32559771  0.34891695 -0.06885238]
 [-0.29969125 -0.18650838 -0.02292301  0.18144852  0.24322812]
 [ 0.21470236 -0.10213792 -0.17086073 -0.02648662  0.14555026]
 [ 0.14487758  0.01726622  0.27556164 -0.07528547 -0.09649722]
 [-0.15200995 -0.09590473 -0.29151325  0.00296826 -0.0672403 ]]
Matrix Pair 17; W = [[ 0.19903907 -0.05182657  0.13807461 -0.07457982 -0.01365052]
 [-0.209796   -0.40809439 -0.06246321  0.28526943 -0.13075434]
 [-0.0439454  -0.02185444 -0.12621829  0.00757026 -0.0661892 ]
 [ 0.02155993 -0.00164727  0.09052631 -0.04637226 -0.08462757]
 [-0.19257792 -0.10927521 -0.29512582 -0.13578802  0.06529269]]
U = [[ 0.17185285  0.22126207  0.32535502  0.25902648 -0.02364307]
 [-0.20308656 -0.17750242 -0.00089462  0.17403942  0.3293129 ]
 [ 0.24674363 -0.07793607 -0.15290461 -0.08293006  0.14478053]
 [ 0.17409347  0.02061381  0.34939329 -0.09898956 -0.10959816]
 [-0.12235334 -0.14937372 -0.28175355 -0.03295269 -0.05725766]]
Matrix Pair 18; W = [[ 0.19434745 -0.02114195  0.14467201 -0.10793907 -0.06579941]
 [-0.16456475 -0.37834222 -0.02959663  0.31317022 -0.06248985]
 [-0.09767737  0.02882515 -0.10437523  0.00697483 -0.1386866 ]
 [ 0.02142884 -0.00127809  0.10159487 -0.07659536 -0.03334115]
 [-0.167511   -0.11002953 -0.25214422 -0.15117288  0.04771999]]
U = [[ 0.13891356  0.18181008  0.33815522  0.34189205 -0.01969556]
 [-0.226277   -0.16256856 -0.00363471  0.22358668  0.2618958 ]
 [ 0.16409239 -0.11359531 -0.15032172 -0.06857611  0.15876227]
 [ 0.14504362 -0.02274151  0.34451752 -0.11372974 -0.07459556]
 [-0.15213266 -0.09511924 -0.25532694  0.01345884 -0.10785937]]
Matrix Pair 19; W = [[ 0.24225124 -0.04614328  0.13879661 -0.03582639 -0.02449357]
 [-0.16587056 -0.36930653 -0.04502048  0.31738795 -0.10863196]
 [-0.09055356 -0.01946513 -0.15733499  0.00397808 -0.10903348]
 [-0.00719145  0.00080591  0.08497018 -0.03807918 -0.10967164]
 [-0.12586246 -0.16302033 -0.29209812 -0.07977899 -0.00564846]]
U = [[ 0.18786375  0.19081225  0.31011705  0.2707821  -0.0126518 ]
 [-0.24504831 -0.15867028  0.04896745  0.20276924  0.23297497]
 [ 0.16268228 -0.1356889  -0.12341278  0.00354695  0.12619559]
 [ 0.24026979 -0.0353802   0.26093764 -0.08106602 -0.07062712]
 [-0.12001025 -0.07813468 -0.2929693   0.05160808 -0.11102219]]
Matrix Pair 20; W = [[ 0.2360115  -0.00990474  0.17686262 -0.08152787 -0.03747161]
 [-0.14987275 -0.39808826 -0.04764932  0.24510628 -0.10880931]
 [-0.09832945 -0.02210514 -0.12036697  0.0332227  -0.12480625]
 [ 0.01884793  0.02173198  0.14524188 -0.10690008 -0.10571651]
 [-0.15048802 -0.1197124  -0.24362982 -0.13815494  0.06868228]]
U = [[ 0.1470302   0.19229172  0.30634107  0.33773386 -0.01743567]
 [-0.23990109 -0.12130292  0.04300062  0.26858692  0.30355366]
 [ 0.18352262 -0.07961911 -0.13574774 -0.0044592   0.12701196]
 [ 0.19179464 -0.0191451   0.31336691 -0.09618821 -0.15033543]
 [-0.11089338 -0.10185326 -0.32259839  0.02846796 -0.05057046]]
Matrix Pair 21; W = [[ 2.45828098e-01 -1.25764495e-02  1.35843982e-01 -8.85153366e-02
  -7.35266823e-02]
 [-2.13932514e-01 -3.66046778e-01 -3.18202570e-04  2.46793256e-01
  -1.28896176e-01]
 [-7.62710497e-02 -7.69721962e-03 -1.15851673e-01  7.30401599e-02
  -9.54440211e-02]
 [ 6.40299844e-02  2.86062713e-02  1.52289753e-01 -1.05260438e-01
  -3.48432231e-02]
 [-2.07860554e-01 -1.32524954e-01 -3.17046590e-01 -1.48180036e-01
   1.74121466e-02]]
U = [[ 0.19341376  0.23367353  0.27720687  0.30578265 -0.06935642]
 [-0.29184599 -0.11336622  0.03945795  0.21845854  0.23985708]
 [ 0.20047074 -0.10282955 -0.17316221 -0.03355611  0.10643965]
 [ 0.18396788 -0.00294382  0.27387604 -0.1321957  -0.12808848]
 [-0.13194978 -0.14140136 -0.30108962  0.04733906 -0.10833584]]
Matrix Pair 22; W = [[ 0.21068861 -0.00941157  0.17588083 -0.03950344 -0.02330966]
 [-0.20170356 -0.40186999 -0.05517074  0.25558033 -0.12933048]
 [-0.06146056  0.03941046 -0.12889478  0.05054378 -0.1542436 ]
 [-0.01757105 -0.01337465  0.09983672 -0.04325379 -0.02302968]
 [-0.21361322 -0.11378577 -0.32010223 -0.08384928  0.08805254]]
U = [[ 0.16316747  0.21002681  0.35938777  0.30465587 -0.03363908]
 [-0.26011444 -0.1991503  -0.0398979   0.25952832  0.28016623]
 [ 0.22339127 -0.08328935 -0.19004552 -0.002457    0.15501929]
 [ 0.17525237  0.00840029  0.27163292 -0.08554482 -0.0941128 ]
 [-0.13005889 -0.05945775 -0.29940084 -0.01467728 -0.12838957]]
Matrix Pair 23; W = [[ 0.19582204 -0.06999858  0.19272453 -0.09296745 -0.06265962]
 [-0.15532353 -0.45188447 -0.01973626  0.28247002 -0.08587104]
 [-0.05013277 -0.02510824 -0.12707919  0.05362914 -0.09725807]
 [-0.00599047  0.03113897  0.10403386 -0.03731226 -0.08100101]
 [-0.14898837 -0.13302789 -0.3210917  -0.10441746  0.0275235 ]]
U = [[ 0.16611881  0.23547533  0.33080715  0.35112158 -0.0550219 ]
 [-0.22080865 -0.16416832 -0.02249118  0.23625669  0.28729596]
 [ 0.25129802 -0.13403971 -0.12169304 -0.07096368  0.10444538]
 [ 0.18570035 -0.00268951  0.33874389 -0.13728356 -0.08865347]
 [-0.15937637 -0.07540017 -0.32723655  0.0293411  -0.04731224]]
Matrix Pair 24; W = [[ 1.76553460e-01  1.57869571e-02  2.10718449e-01 -1.01271472e-01
  -7.14621146e-02]
 [-2.16312231e-01 -3.92296456e-01 -5.56494793e-02  3.26089632e-01
  -6.58827313e-02]
 [-1.03144391e-01 -2.15193710e-02 -1.06678753e-01  6.85658026e-02
  -1.46840089e-01]
 [-2.99430700e-03 -3.14926755e-04  1.46637856e-01 -8.06347247e-02
  -5.98443071e-02]
 [-1.91824054e-01 -6.86172981e-02 -3.21752713e-01 -6.08587159e-02
   1.13130452e-02]]
U = [[ 0.19483054  0.16496402  0.37179355  0.25814436 -0.00400573]
 [-0.26254221 -0.20531029  0.05664361  0.18106311  0.2737108 ]
 [ 0.19519022 -0.05477581 -0.10916429 -0.00488908  0.15563663]
 [ 0.16435456  0.00638801  0.31086372 -0.14416644 -0.09086597]
 [-0.1719287  -0.09070513 -0.3160508   0.04885535 -0.08524126]]
Matrix Pair 25; W = [[ 1.87444750e-01 -3.88922791e-02  1.40599294e-01 -1.06069500e-01
  -2.01652491e-02]
 [-1.96055183e-01 -3.92108821e-01 -6.57974989e-02  3.35557704e-01
  -9.51102081e-02]
 [-5.41046146e-02 -2.04530933e-02 -1.73947847e-01  1.52818357e-02
  -7.92568217e-02]
 [ 3.81266511e-04  5.15036929e-02  8.29728160e-02 -7.59993408e-02
  -8.54562438e-02]
 [-1.66363964e-01 -1.00573814e-01 -3.03192477e-01 -1.16736887e-01
   1.56836194e-02]]
U = [[ 0.18723303  0.17111645  0.35874346  0.29362465 -0.07037195]
 [-0.21005292 -0.12164302 -0.03743181  0.1976833   0.26859221]
 [ 0.2137054  -0.09610419 -0.10625305 -0.03099503  0.15244671]
 [ 0.19916208 -0.02624155  0.33435572 -0.14295966 -0.11146799]
 [-0.11434856 -0.10035056 -0.28453645 -0.02356769 -0.13350621]]
Matrix Pair 26; W = [[ 0.21986225 -0.06996385  0.16094024 -0.05394878 -0.04200054]
 [-0.15694517 -0.3998952  -0.06501474  0.27073729 -0.1507099 ]
 [-0.05944592  0.05788763 -0.15798103  0.05903933 -0.10160918]
 [ 0.0387278   0.04865819  0.15603881 -0.08469501 -0.09739742]
 [-0.14819461 -0.15344709 -0.25074146 -0.09858591  0.06667643]]
U = [[ 0.1064923   0.19352883  0.35416177  0.25804049 -0.00219003]
 [-0.29852733 -0.17312494 -0.0054299   0.2169765   0.32486491]
 [ 0.18972077 -0.13577736 -0.15341636 -0.05461483  0.06846769]
 [ 0.18649325 -0.04008433  0.30060163 -0.12258804 -0.10601245]
 [-0.12776091 -0.0792339  -0.32278583  0.00215139 -0.11951241]]
Matrix Pair 27; W = [[ 0.25390331 -0.03808418  0.21041965 -0.09575435 -0.01183946]
 [-0.20046317 -0.39203639 -0.08139507  0.28177717 -0.11575338]
 [-0.08755861  0.04698358 -0.18539137  0.03535753 -0.09540079]
 [ 0.04173242  0.07837821  0.12250951 -0.08013481 -0.03893245]
 [-0.14791764 -0.1608818  -0.31566507 -0.07653466  0.01050922]]
U = [[ 0.10610602  0.17276972  0.34295889  0.26116619 -0.06884466]
 [-0.29886949 -0.17972727  0.00139118  0.18251988  0.24494966]
 [ 0.23874294 -0.13012663 -0.09275196 -0.0330447   0.11069239]
 [ 0.18820266 -0.04450609  0.30309569 -0.1094129  -0.09974288]
 [-0.15744734 -0.07609492 -0.33121783  0.01979698 -0.0621669 ]]
Matrix Pair 28; W = [[ 0.19634148 -0.00141363  0.20613893 -0.04532045 -0.0017527 ]
 [-0.20686418 -0.39905537 -0.05942463  0.25205574 -0.07185211]
 [-0.07374884 -0.01048237 -0.1718456   0.04758073 -0.09517744]
 [ 0.0614416  -0.00501002  0.16184065 -0.07700671 -0.04351541]
 [-0.13677596 -0.14882661 -0.2547251  -0.07900671  0.07029676]]
U = [[ 0.19018693  0.22509335  0.3581106   0.27836327  0.00883623]
 [-0.23366412 -0.13675372 -0.01291702  0.20006478  0.25967307]
 [ 0.18799976 -0.10412141 -0.107279   -0.02882228  0.10920511]
 [ 0.18302402 -0.05478946  0.30326632 -0.06305775 -0.1235765 ]
 [-0.17747336 -0.13585989 -0.33772754 -0.01847119 -0.11428716]]
Matrix Pair 29; W = [[ 0.19435006 -0.06159742  0.12491782 -0.10134328 -0.04078128]
 [-0.18216448 -0.39536277 -0.02783947  0.32182936 -0.06919077]
 [-0.06437476  0.04062857 -0.10240851  0.07772089 -0.13414496]
 [ 0.02674904  0.00514932  0.17994109 -0.11883301 -0.10164769]
 [-0.16214512 -0.15586586 -0.31087749 -0.12636504  0.02833682]]
U = [[ 0.15883064  0.21622866  0.37120333  0.3182606  -0.07184882]
 [-0.23973637 -0.18303461  0.00130818  0.26710504  0.25646963]
 [ 0.23936135 -0.08117547 -0.1556734   0.01062228  0.15829249]
 [ 0.15807129  0.00879306  0.29233173 -0.0919152  -0.05834235]
 [-0.12552574 -0.13431225 -0.30549275  0.03710666 -0.09673011]]
Matrix Pair 30; W = [[ 0.22467199 -0.00255945  0.16360368 -0.07814358 -0.07167864]
 [-0.24546665 -0.41165195 -0.01652151  0.26217923 -0.1098803 ]
 [-0.02265223  0.04794606 -0.10258081  0.03319926 -0.0925242 ]
 [-0.00418243  0.04855314  0.09991309 -0.0347155  -0.04999311]
 [-0.17291061 -0.07954325 -0.24128648 -0.06471997  0.08509574]]
U = [[ 0.11737211  0.16406858  0.37544258  0.3238571  -0.03784986]
 [-0.27573782 -0.13113728 -0.01921871  0.21469886  0.32398079]
 [ 0.18928477 -0.07161152 -0.18867148 -0.06178885  0.07872356]
 [ 0.19079527 -0.0363864   0.31465816 -0.06715006 -0.07829501]
 [-0.12886677 -0.10060171 -0.28958189  0.03769651 -0.07111387]]
Matrix Pair 31; W = [[ 0.18503123 -0.00289371  0.15463007 -0.05602069 -0.01941911]
 [-0.20631487 -0.40851924 -0.0824899   0.25888452 -0.08027713]
 [-0.10526365  0.04154572 -0.17926281  0.06869562 -0.09729414]
 [ 0.0738024   0.01971247  0.14661638 -0.07323809 -0.03185144]
 [-0.17401418 -0.10892761 -0.30306276 -0.10341247  0.06136318]]
U = [[ 0.14165451  0.18994949  0.2922326   0.27707679 -0.02593913]
 [-0.24095754 -0.19511751  0.03774815  0.23372293  0.30268182]
 [ 0.20082609 -0.10858654 -0.16636355 -0.04642743  0.08145584]
 [ 0.21348261 -0.03929236  0.29517768 -0.07175152 -0.14574124]
 [-0.17395122 -0.13226433 -0.33168256 -0.04153783 -0.12477778]]
Matrix Pair 32; W = [[ 0.17650328 -0.06256665  0.19890397 -0.02823367 -0.12965978]
 [-0.18649198 -0.32900009 -0.06943682  0.30875401 -0.12149712]
 [-0.07621466 -0.06276453 -0.17490288  0.0863159  -0.06511349]
 [ 0.01383583  0.12449777  0.08822486 -0.09643741 -0.08331831]
 [-0.11193963 -0.11523633 -0.35455692 -0.21541893  0.05542184]]
U = [[ 0.1568006   0.1944155   0.35063388  0.3300299   0.00139088]
 [-0.21787175 -0.1151151   0.01873318  0.14744654  0.29554603]
 [ 0.17936544 -0.0228197  -0.21939857 -0.08555378  0.15729648]
 [ 0.29971398 -0.04134726  0.28379761 -0.05007843 -0.17089492]
 [-0.08442473 -0.02367981 -0.29495348 -0.05049484  0.00801138]]
Matrix Pair 33; W = [[ 0.23401543 -0.01633386  0.17669301 -0.02759672 -0.06733442]
 [-0.14627432 -0.34317262 -0.03345453  0.25454302 -0.09016675]
 [-0.11867985 -0.082055   -0.16037103  0.07698773 -0.09934085]
 [-0.0508667   0.11139206  0.05597754 -0.13231387 -0.07448353]
 [-0.1533047  -0.06312337 -0.32423876 -0.20545327 -0.00648244]]
U = [[ 0.07667899  0.17601482  0.33302475  0.32637879 -0.03108306]
 [-0.17557054 -0.09128069  0.03024414  0.19477779  0.31486321]
 [ 0.1432258  -0.03903897 -0.17867707 -0.08196476  0.20169409]
 [ 0.2097035   0.01387105  0.2018491  -0.07365576 -0.16275945]
 [-0.06404313 -0.06511234 -0.35270955 -0.09522702  0.0276773 ]]
Matrix Pair 34; W = [[ 0.21600274 -0.02906857  0.21660963 -0.07546133 -0.09263336]
 [-0.15130765 -0.37161884 -0.02781111  0.24802818 -0.15065545]
 [-0.1292845  -0.07642398 -0.15882832  0.09064022 -0.04550064]
 [-0.03221285  0.15015352  0.05474334 -0.11775383 -0.08464999]
 [-0.10727128 -0.13171584 -0.28705296 -0.2309809   0.04135662]]
U = [[ 0.14456367  0.19499106  0.2879391   0.38159869 -0.01387605]
 [-0.23422137 -0.10065672  0.02761632  0.23061443  0.25481966]
 [ 0.13388462 -0.09392863 -0.1887233  -0.13268013  0.19273155]
 [ 0.2286751  -0.01586975  0.24985854 -0.06350031 -0.11074831]
 [-0.0784639   0.02254589 -0.28111197 -0.08965249 -0.02562591]]
Matrix Pair 35; W = [[ 0.18090944 -0.03211022  0.14081442 -0.03422674 -0.10259415]
 [-0.1418814  -0.36058076 -0.0067857   0.23600878 -0.13126158]
 [-0.10244633 -0.01814353 -0.13758687  0.05583179 -0.0448514 ]
 [-0.04861443  0.11259516  0.05708356 -0.13084878  0.00990547]
 [-0.11326671 -0.11101073 -0.30512339 -0.20873489  0.03971529]]
U = [[ 0.15224745  0.2176773   0.30440142  0.38818469  0.01949229]
 [-0.21868025 -0.12356936  0.0581388   0.15740686  0.26782154]
 [ 0.10789102 -0.04656657 -0.21400044 -0.06821598  0.14079018]
 [ 0.2900291  -0.00463673  0.27792904 -0.09118303 -0.16767364]
 [-0.08515212  0.02729153 -0.29864532 -0.12580123 -0.01892997]]
Matrix Pair 36; W = [[ 0.17349718 -0.01802258  0.16531379 -0.03862603 -0.06985481]
 [-0.19789356 -0.39366079 -0.0231899   0.23598582 -0.12413317]
 [-0.06204994 -0.002413   -0.20773929  0.09689757 -0.08783231]
 [ 0.02720957  0.16499382  0.06150009 -0.05074942  0.00753634]
 [-0.16795344 -0.09736316 -0.29758008 -0.19846692  0.03474064]]
U = [[ 1.13311061e-01  2.52084639e-01  3.43617774e-01  3.85725890e-01
   3.06477111e-04]
 [-2.11949324e-01 -1.52495689e-01  3.24449108e-02  1.65010432e-01
   2.34986099e-01]
 [ 9.74372197e-02 -5.36680628e-02 -2.54657693e-01 -1.31273964e-01
   1.52004307e-01]
 [ 2.72473278e-01 -2.05136291e-02  2.88350396e-01 -1.11854016e-01
  -1.35591643e-01]
 [-7.38845552e-02 -4.55236624e-02 -2.78767562e-01 -1.04372548e-01
  -1.88596768e-02]]
Matrix Pair 37; W = [[ 0.20076178 -0.01565007  0.19776104 -0.04641416 -0.07568728]
 [-0.19567436 -0.38040043 -0.05751457  0.30095378 -0.13610377]
 [-0.09347338 -0.02494425 -0.21942225  0.08384017 -0.03818127]
 [ 0.03539334  0.09824376  0.07255369 -0.09364941 -0.04312294]
 [-0.20169871 -0.09829093 -0.35945849 -0.17668929  0.0331599 ]]
U = [[ 0.15202263  0.23464306  0.32543995  0.30729437 -0.04565461]
 [-0.19928287 -0.17095991  0.06523827  0.16626219  0.25686913]
 [ 0.11943498 -0.02417415 -0.18394823 -0.06388646  0.157181  ]
 [ 0.28924722 -0.05434696  0.27894632 -0.10877675 -0.16207203]
 [-0.02134818  0.00852673 -0.35661209 -0.11841595  0.01658183]]
Matrix Pair 38; W = [[ 0.19637544  0.03155362  0.20826088 -0.10737251 -0.11228367]
 [-0.2079827  -0.37909462 -0.05267733  0.23565684 -0.07978822]
 [-0.05546542 -0.05027872 -0.18686922  0.10803755 -0.06704736]
 [ 0.00177428  0.15037604  0.04552568 -0.09369967 -0.0602237 ]
 [-0.16545225 -0.056089   -0.33472428 -0.21044039  0.01071599]]
U = [[ 1.55526469e-01  1.78920325e-01  2.72136608e-01  3.35689775e-01
   1.93240730e-02]
 [-1.87504893e-01 -1.24289432e-01  6.69250095e-02  1.99409216e-01
   3.05614096e-01]
 [ 1.20672539e-01 -2.92893096e-02 -2.32887737e-01 -5.08572634e-02
   1.80316647e-01]
 [ 2.64593639e-01 -3.29985073e-04  2.13456083e-01 -1.42915492e-01
  -1.17163966e-01]
 [-1.05356449e-01 -5.94734030e-02 -3.73828104e-01 -3.82159669e-02
   9.76217946e-03]]
Matrix Pair 39; W = [[ 0.23532385 -0.02306439  0.15166713 -0.07076768 -0.14729926]
 [-0.19942658 -0.34153035 -0.01373392  0.22358488 -0.10514934]
 [-0.058837   -0.03401774 -0.2078581   0.09452985 -0.08238584]
 [ 0.00562322  0.16080845  0.03695076 -0.0405268  -0.0234424 ]
 [-0.11763035 -0.095202   -0.32263991 -0.21675815  0.00934099]]
U = [[ 0.09058587  0.25523725  0.27936509  0.39272022 -0.01699249]
 [-0.26549493 -0.15635544  0.00996485  0.13836775  0.25009276]
 [ 0.1850106  -0.05514692 -0.16627476 -0.12327167  0.16372741]
 [ 0.23242917 -0.08280621  0.21803924 -0.05542565 -0.13709516]
 [-0.03704863 -0.04215443 -0.29924154 -0.10772815 -0.0121291 ]]
Matrix Pair 40; W = [[ 0.16132064  0.03088109  0.16924024 -0.05722468 -0.13140999]
 [-0.14364542 -0.40487799 -0.02799777  0.3202832  -0.06364671]
 [-0.05350395 -0.0014074  -0.16775719  0.12600068 -0.08762938]
 [ 0.00446973  0.11966162  0.07044759 -0.08670281 -0.01805345]
 [-0.12748618 -0.03995812 -0.32903396 -0.22405458  0.07067457]]
U = [[ 0.11687552  0.23824695  0.34775619  0.37325316  0.02268464]
 [-0.24652624 -0.18487432 -0.01420589  0.19140729  0.26726011]
 [ 0.17193394 -0.08553454 -0.18986619 -0.07552463  0.15784585]
 [ 0.28180788 -0.04889649  0.22521501 -0.10979019 -0.155515  ]
 [-0.03782098  0.02265779 -0.30960254 -0.07942219  0.02358887]]
Matrix Pair 41; W = [[ 0.21603764 -0.04960175  0.20759785 -0.02866101 -0.11632223]
 [-0.17429007 -0.36669935 -0.07450762  0.26455206 -0.15527797]
 [-0.04699262 -0.09066064 -0.14699651  0.12868898 -0.04996778]
 [ 0.03391303  0.17869756  0.07431714 -0.13783607 -0.0348823 ]
 [-0.15201914 -0.13464826 -0.37045277 -0.21530735  0.02345347]]
U = [[ 0.13013003  0.19133668  0.31783729  0.37925841  0.01486259]
 [-0.17815541 -0.09653022 -0.00234267  0.17826405  0.27771161]
 [ 0.14196844 -0.02388774 -0.19128289 -0.05827869  0.12696047]
 [ 0.28835271 -0.00928995  0.27756614 -0.1035713  -0.09555341]
 [-0.04487834 -0.01241398 -0.35179797 -0.05472048 -0.04691747]]
Matrix Pair 42; W = [[ 0.2181221   0.03004166  0.16662573 -0.10231681 -0.13875634]
 [-0.1913526  -0.3846863  -0.01825229  0.29953089 -0.10131507]
 [-0.11026299 -0.08479418 -0.16578853  0.08255934 -0.12386788]
 [ 0.02997295  0.16640015  0.09635801 -0.09079971 -0.01528262]
 [-0.18865472 -0.13662113 -0.33130558 -0.14491209  0.07688636]]
U = [[ 0.12526725  0.19764732  0.28270276  0.33632025 -0.0184772 ]
 [-0.22210352 -0.14525536  0.07551176  0.21362338  0.26481729]
 [ 0.18930444 -0.07861951 -0.23471154 -0.12931233  0.19772808]
 [ 0.27540903 -0.0263008   0.25616868 -0.14287221 -0.12358776]
 [-0.10496479 -0.0244196  -0.37225559 -0.06077133 -0.05906081]]
Matrix Pair 43; W = [[ 0.24583624 -0.02693937  0.17280535 -0.06172662 -0.07546444]
 [-0.12524987 -0.33580936 -0.07538811  0.2486491  -0.14577539]
 [-0.07853871 -0.01373452 -0.18673442  0.06508925 -0.03594294]
 [ 0.00545445  0.14034132  0.02117172 -0.10219023 -0.01188945]
 [-0.1272179  -0.05531072 -0.35512549 -0.20735965 -0.00800184]]
U = [[ 0.07769347  0.18513928  0.28183746  0.33697446 -0.02918076]
 [-0.20294933 -0.13434429  0.00753349  0.16814124  0.22962217]
 [ 0.15950585 -0.09308522 -0.22597337 -0.11189616  0.2218778 ]
 [ 0.24945507 -0.05896272  0.22660275 -0.10633876 -0.18914649]
 [-0.10525266 -0.06397343 -0.34254918 -0.09325831 -0.03491404]]
Matrix Pair 44; W = [[ 0.18080517 -0.05299858  0.21093669 -0.07049271 -0.12088159]
 [-0.15024661 -0.39186281 -0.02095167  0.22458248 -0.10154479]
 [-0.08995003 -0.0263839  -0.14654283  0.10925766 -0.06037684]
 [ 0.00688147  0.14512931  0.11293314 -0.07246418 -0.03943943]
 [-0.12324016 -0.09018033 -0.35416783 -0.20773631  0.08077836]]
U = [[ 0.08082553  0.22256048  0.26833675  0.33668377  0.04643685]
 [-0.24015281 -0.14732027 -0.01745102  0.1679773   0.30519645]
 [ 0.09536157 -0.08401873 -0.17285916 -0.13344443  0.15913383]
 [ 0.30354767 -0.0268391   0.2161135  -0.0455326  -0.13206167]
 [-0.11598069 -0.01355733 -0.34278533 -0.07762811  0.02190351]]
Matrix Pair 45; W = [[ 0.22072222  0.02966686  0.15900102 -0.01323087 -0.14101864]
 [-0.12751876 -0.39864437 -0.08766988  0.23204734 -0.1574263 ]
 [-0.04578824 -0.0559251  -0.13390609  0.13495678 -0.03483118]
 [-0.0231966   0.17109714  0.11009251 -0.12179949 -0.04441659]
 [-0.19384584 -0.07503991 -0.34925451 -0.161874    0.01231095]]
U = [[ 0.06642629  0.23485098  0.3209983   0.31096886  0.01930913]
 [-0.17033661 -0.15536364  0.04511707  0.16867869  0.29672017]
 [ 0.10662372 -0.0465391  -0.18279523 -0.13252177  0.20318143]
 [ 0.27863198 -0.03087765  0.2875549  -0.10247503 -0.09584372]
 [-0.10933737 -0.0130264  -0.32264055 -0.04375888 -0.05486016]]
Matrix Pair 46; W = [[ 0.19622128 -0.0315895   0.15090986 -0.01489248 -0.10710777]
 [-0.12824592 -0.35850013 -0.0712256   0.28277009 -0.11162766]
 [-0.08890234 -0.07634536 -0.17777961  0.04340604 -0.10760127]
 [ 0.01574905  0.17343741  0.09992802 -0.04452583 -0.08178394]
 [-0.13173682 -0.11281852 -0.38049877 -0.18148672  0.0500989 ]]
U = [[ 0.15519047  0.20951232  0.35958774  0.35002141  0.04849121]
 [-0.23485372 -0.1624857  -0.00409437  0.17354201  0.31656244]
 [ 0.16779551 -0.02909599 -0.22696637 -0.12110128  0.20414643]
 [ 0.29296888 -0.01339673  0.27739694 -0.14423225 -0.11092918]
 [-0.02730631  0.00879805 -0.30351128 -0.1297565  -0.0125621 ]]
Matrix Pair 47; W = [[ 0.19621731 -0.02600986  0.20935852 -0.06990126 -0.06922329]
 [-0.20337173 -0.40623601 -0.02837286  0.24421674 -0.15396976]
 [-0.11806826 -0.02691358 -0.20624963  0.13198755 -0.08198478]
 [ 0.021173    0.10761763  0.04357399 -0.11928569  0.01242181]
 [-0.14682133 -0.08709043 -0.31900289 -0.20652666  0.07163809]]
U = [[ 0.10693927  0.20040394  0.30832521  0.33581923  0.04344061]
 [-0.23657532 -0.10909566  0.05357525  0.22880226  0.28250048]
 [ 0.11533926 -0.0885759  -0.2003646  -0.06522137  0.13524595]
 [ 0.26895943 -0.05055135  0.24808442 -0.12320762 -0.13102042]
 [-0.1069906  -0.03248146 -0.37465135 -0.09185834 -0.00833414]]
Matrix Pair 48; W = [[ 0.26503215  0.01172203  0.19418911 -0.06751327 -0.12340256]
 [-0.2257613  -0.42777377 -0.07449709  0.28269019 -0.17668245]
 [-0.11198081 -0.01402027 -0.17896444  0.01992701  0.01015711]
 [ 0.06323907  0.04133425  0.18600066 -0.08696505 -0.04324982]
 [-0.1529182  -0.06682768 -0.33410082 -0.20809807  0.02431895]]
U = [[ 0.10939013  0.2301575   0.23709935  0.29985602  0.01706926]
 [-0.2711287  -0.12982133  0.03619495  0.22499424  0.26429074]
 [ 0.19165222 -0.13912307 -0.22441608 -0.14998627  0.22700681]
 [ 0.2332758  -0.11150712  0.25790567 -0.03760003 -0.06723687]
 [-0.10338282 -0.08194882 -0.25429202 -0.05030758 -0.04822738]]
Matrix Pair 49; W = [[ 2.18070959e-01 -6.17953703e-02  1.86052709e-01 -8.97744646e-02
  -7.46977132e-02]
 [-1.53845352e-01 -4.05386275e-01 -2.76107430e-02  2.90249985e-01
  -1.43108077e-01]
 [-4.27209369e-02 -6.31035179e-02 -1.45000203e-01  7.52488665e-02
  -5.30570801e-02]
 [ 2.83605957e-03  6.97292094e-02  1.75560816e-01 -1.29243470e-01
  -1.07625940e-04]
 [-1.61931728e-01 -1.21808535e-01 -3.20209875e-01 -1.90907283e-01
  -2.44394867e-02]]
U = [[ 0.14026682  0.19496457  0.24512702  0.30868542  0.01645625]
 [-0.25652107 -0.11898822  0.00459115  0.18544459  0.33675989]
 [ 0.14214726 -0.11432449 -0.24012666 -0.15259023  0.20693774]
 [ 0.221175   -0.02902496  0.28188899 -0.04547561 -0.0316024 ]
 [-0.16611437 -0.08506701 -0.29041545 -0.0668533  -0.05847779]]
Matrix Pair 50; W = [[ 0.19458258 -0.07216391  0.20952671 -0.13862202 -0.04775378]
 [-0.17053162 -0.37396522 -0.04942151  0.20614926 -0.12194453]
 [-0.09621702 -0.04240954 -0.16276813  0.10570855 -0.0156305 ]
 [ 0.02652825  0.05533121  0.16435098 -0.15216624 -0.07697939]
 [-0.10346909 -0.10631443 -0.35185733 -0.17982178 -0.00404112]]
U = [[ 0.17110923  0.27355526  0.2565937   0.27712395  0.02965809]
 [-0.28064098 -0.09323502  0.07991631  0.23031339  0.34204786]
 [ 0.1549505  -0.13053629 -0.20237839 -0.13481637  0.18100219]
 [ 0.18811585 -0.0791415   0.28817665 -0.01685188 -0.11295668]
 [-0.16416458 -0.02883376 -0.25545154 -0.1160421   0.00118036]]
Matrix Pair 51; W = [[ 0.26277345 -0.0074862   0.14673223 -0.06034423 -0.11786235]
 [-0.16130614 -0.36498757 -0.09800543  0.27087491 -0.14477028]
 [-0.10108342  0.00824789 -0.16091635  0.05989081 -0.06299352]
 [ 0.01351034  0.1196717   0.1974743  -0.07035878 -0.07132186]
 [-0.18635266 -0.10575286 -0.31558168 -0.1834054  -0.00872072]]
U = [[ 0.08807963  0.18836365  0.24414429  0.33331726  0.02007948]
 [-0.25241701 -0.05211599  0.08879022  0.2204725   0.34757282]
 [ 0.12905627 -0.08931837 -0.21074486 -0.11905948  0.17692966]
 [ 0.17268691 -0.11980759  0.19156418 -0.0586745  -0.09417393]
 [-0.11219609 -0.02096763 -0.30937799 -0.0788946  -0.0119331 ]]
Matrix Pair 52; W = [[ 0.26267324 -0.05830447  0.20451841 -0.06113809 -0.13491916]
 [-0.1369328  -0.36492943 -0.09233545  0.24906109 -0.0988334 ]
 [-0.04294211 -0.01688949 -0.15949707  0.04987537  0.00814685]
 [ 0.0408147   0.080519    0.17143116 -0.0797891  -0.02643197]
 [-0.15845892 -0.09326307 -0.29978894 -0.21305574  0.02388312]]
U = [[ 0.17397435  0.28199434  0.24400651  0.26475818  0.03037938]
 [-0.33606454 -0.10697186  0.00463025  0.19152968  0.3451014 ]
 [ 0.17272581 -0.10904578 -0.249031   -0.15681146  0.25555006]
 [ 0.20253763 -0.08992083  0.26828258 -0.11186921 -0.11886309]
 [-0.08545457 -0.05862534 -0.26162768 -0.05600396  0.00279212]]
Matrix Pair 53; W = [[ 0.25610455 -0.03387307  0.18508642 -0.10538869 -0.07178439]
 [-0.14004709 -0.41251875 -0.07459402  0.25586692 -0.17041945]
 [-0.03800131 -0.0387226  -0.18362624  0.05862827 -0.0111534 ]
 [-0.02874135  0.10116547  0.14108493 -0.1557226  -0.05991986]
 [-0.12837497 -0.0618245  -0.27450463 -0.1730918   0.0433452 ]]
U = [[ 0.18574353  0.23227832  0.26558186  0.28121969  0.04262137]
 [-0.267659   -0.04652493  0.05489231  0.20738693  0.2716343 ]
 [ 0.12349265 -0.0733757  -0.22751782 -0.11555885  0.21162826]
 [ 0.20281856 -0.10651028  0.20977553 -0.10535521 -0.08090759]
 [-0.08390571 -0.07021873 -0.31909404 -0.08437904 -0.00198354]]
Matrix Pair 54; W = [[ 0.25931798 -0.03310771  0.23307754 -0.12885381 -0.13171867]
 [-0.18772327 -0.42884407 -0.0558908   0.23856044 -0.15176309]
 [-0.10723011 -0.03625806 -0.14612624  0.09037027 -0.05007828]
 [-0.00050759  0.09459729  0.12799149 -0.12085791 -0.04076189]
 [-0.09497215 -0.05842413 -0.29970715 -0.1443288  -0.02243607]]
U = [[ 0.1471102   0.23953587  0.27574726  0.32831273 -0.03592897]
 [-0.33265142 -0.06434897  0.08554634  0.21343238  0.25951607]
 [ 0.18336592 -0.09196823 -0.23805807 -0.09972508  0.25115701]
 [ 0.1612562  -0.03258565  0.19480559 -0.03335215 -0.0626713 ]
 [-0.07561404 -0.10136472 -0.34315815 -0.12699463 -0.03146665]]
Matrix Pair 55; W = [[ 0.17685854 -0.04538245  0.14521922 -0.06147036 -0.10478216]
 [-0.15181477 -0.43989237 -0.01598858  0.25638765 -0.11114165]
 [-0.10745005 -0.05080134 -0.09180335  0.07795888 -0.05539357]
 [ 0.00461465  0.10819381  0.11367034 -0.11557883 -0.08031473]
 [-0.09974526 -0.10776318 -0.25963773 -0.13848706 -0.03779294]]
U = [[ 0.12918462  0.2139431   0.26126347  0.29701177 -0.04415432]
 [-0.25845754 -0.10135009  0.06231014  0.22514956  0.31641258]
 [ 0.20289065 -0.0873965  -0.2266165  -0.11569637  0.19853064]
 [ 0.23641645 -0.10994624  0.27145357 -0.06030213 -0.07440299]
 [-0.09541522 -0.06385271 -0.25602416 -0.03793781  0.01440557]]
Matrix Pair 56; W = [[ 0.2370993  -0.036191    0.16532472 -0.10615143 -0.06869133]
 [-0.19787175 -0.44171937 -0.09941817  0.2817581  -0.14454954]
 [-0.0953229  -0.01118495 -0.09357366  0.09342466 -0.02758201]
 [ 0.01696859  0.1201821   0.13818653 -0.08197448 -0.07438547]
 [-0.14890356 -0.07681945 -0.34134836 -0.20108156 -0.03491334]]
U = [[ 0.14697884  0.20586089  0.23884482  0.32784839  0.02404013]
 [-0.28961951 -0.08072755  0.0456307   0.13961512  0.25998083]
 [ 0.18006596 -0.13988942 -0.23239329 -0.15015328  0.25192893]
 [ 0.19453485 -0.08405999  0.22089631 -0.1044765  -0.05460305]
 [-0.11511505 -0.07973475 -0.29242923 -0.08096681  0.02699416]]
Matrix Pair 57; W = [[ 0.25028614 -0.06919992  0.23919101 -0.07442138 -0.03980622]
 [-0.22421105 -0.36639011 -0.0308781   0.21039812 -0.19816733]
 [-0.13163007  0.0126875  -0.16743428  0.0524936   0.00488179]
 [ 0.04801408  0.11876661  0.11303228 -0.09704528 -0.05561663]
 [-0.12637601 -0.0831937  -0.30972767 -0.14613995  0.02427043]]
U = [[ 0.13268612  0.26833949  0.24149308  0.30110917  0.03477891]
 [-0.2927293  -0.04622453  0.05647856  0.17245391  0.34253262]
 [ 0.12739878 -0.1137583  -0.20524964 -0.11944443  0.19336801]
 [ 0.15488947 -0.05617409  0.21796474 -0.02673337 -0.0452306 ]
 [-0.15111705 -0.1083863  -0.31110138 -0.1120229   0.00721962]]
Matrix Pair 58; W = [[ 0.22453655 -0.04625603  0.14814448 -0.13830062 -0.04326426]
 [-0.18070474 -0.42154533 -0.07653498  0.20823625 -0.16374732]
 [-0.04461316 -0.06491538 -0.17500545  0.09559122 -0.02465195]
 [ 0.03992528  0.11268831  0.12552826 -0.07741276 -0.00367337]
 [-0.11771657 -0.07393724 -0.32215016 -0.13061458 -0.006863  ]]
U = [[ 0.11219959  0.26276083  0.28430147  0.26050962 -0.00543667]
 [-0.33051212 -0.12978422  0.07593437  0.14274996  0.25928617]
 [ 0.16631013 -0.06484593 -0.25298787 -0.15925689  0.23692261]
 [ 0.22102421 -0.06782875  0.24664004 -0.02089789 -0.02895264]
 [-0.11901361 -0.04285866 -0.29845473 -0.08650401 -0.05930257]]
Matrix Pair 59; W = [[ 0.26105911 -0.0693534   0.21030004 -0.09266323 -0.08531574]
 [-0.14804558 -0.35353705 -0.09554873  0.24364204 -0.11878779]
 [-0.07444044 -0.05929627 -0.10565202  0.04173235 -0.0504768 ]
 [ 0.05423814  0.12279281  0.14656879 -0.08945108 -0.02089379]
 [-0.17649583 -0.07876919 -0.29888712 -0.17621535 -0.03415312]]
U = [[ 0.1601712   0.21748066  0.28557561  0.27820889 -0.02864465]
 [-0.30817101 -0.0576273   0.0512663   0.18409887  0.27872856]
 [ 0.16808513 -0.12100943 -0.22235337 -0.08181663  0.23391323]
 [ 0.18273859 -0.05799849  0.23471593 -0.02933312 -0.0266535 ]
 [-0.08080975 -0.06034115 -0.30102361 -0.10764847 -0.06702011]]
Matrix Pair 60; W = [[ 0.22219876 -0.03042783  0.1899111  -0.13564417 -0.04894268]
 [-0.17994964 -0.36626249 -0.04816872  0.23926702 -0.11258785]
 [-0.12931273 -0.07124128 -0.10771555  0.10408831 -0.0685242 ]
 [ 0.06454512  0.06247889  0.13517768 -0.07734481 -0.04737113]
 [-0.14545496 -0.1015455  -0.28241509 -0.21982029  0.01640236]]
U = [[ 0.14305334  0.22832504  0.24360913  0.26052668  0.01005637]
 [-0.27189486 -0.12002279  0.00265878  0.13229338  0.28727473]
 [ 0.12008612 -0.06484824 -0.1931487  -0.07471593  0.25387192]
 [ 0.17571996 -0.06408465  0.23298269 -0.0503332  -0.11547191]
 [-0.13902883 -0.08744919 -0.27554215 -0.12950951 -0.06644719]]
Matrix Pair 61; W = [[ 0.17533657  0.00266374  0.15218803 -0.0871523  -0.04189476]
 [-0.16586557 -0.41220776 -0.0717994   0.23958709 -0.13030567]
 [-0.0918026  -0.00462538 -0.12562174  0.05228233 -0.05095451]
 [ 0.00321941  0.0594092   0.10481016 -0.0641185  -0.00591011]
 [-0.14032413 -0.09687538 -0.30366203 -0.16809512 -0.01682643]]
U = [[ 0.17415288  0.1986217   0.26308238  0.30702684 -0.02525612]
 [-0.26811823 -0.10525977  0.0441709   0.17059126  0.30771071]
 [ 0.17490864 -0.0803062  -0.24241804 -0.158613    0.25879484]
 [ 0.13827439 -0.06082792  0.20468879 -0.06018583 -0.0622228 ]
 [-0.16447978 -0.03657274 -0.30609155 -0.09623004 -0.03628308]]
Matrix Pair 62; W = [[ 0.23287213 -0.02637879  0.18229645 -0.07124483 -0.11886366]
 [-0.14879    -0.39173209 -0.0133969   0.21123549 -0.1296288 ]
 [-0.12753129  0.02418662 -0.14881463  0.09290867 -0.05442876]
 [ 0.0405356   0.05746683  0.18736297 -0.09682967 -0.04573728]
 [-0.13519274 -0.11962255 -0.33339056 -0.17840196 -0.03497894]]
U = [[ 0.14488155  0.22059894  0.25957628  0.25902463 -0.00551578]
 [-0.25249955 -0.05572031  0.08178175  0.13916971  0.30134777]
 [ 0.21469186 -0.11690164 -0.20472971 -0.06795419  0.24523569]
 [ 0.14628892 -0.04596727  0.19608119 -0.1062978  -0.05076946]
 [-0.10001726 -0.06544719 -0.28187874 -0.10776473 -0.05807839]]
Matrix Pair 63; W = [[ 0.25170667 -0.04881772  0.15840556 -0.05289854 -0.05256481]
 [-0.14406022 -0.45182108 -0.08682852  0.24571144 -0.10985991]
 [-0.04507646  0.00219071 -0.10775689  0.0986949  -0.04827794]
 [ 0.03179897  0.03763148  0.18387668 -0.07912635 -0.07984496]
 [-0.11530855 -0.06421377 -0.26701903 -0.15124535 -0.00961579]]
U = [[ 0.14538289  0.20715405  0.31669485  0.28187649  0.00582349]
 [-0.24675746 -0.04400467  0.02974536  0.16763847  0.30973475]
 [ 0.12084736 -0.1009711  -0.21205388 -0.15933476  0.22427553]
 [ 0.14091873 -0.03702379  0.27537606 -0.07087338 -0.07751508]
 [-0.10695992 -0.03623366 -0.34355261 -0.09506069 -0.02072707]]
Matrix Pair 64; W = [[ 0.20546389 -0.08749205  0.21534629 -0.09723867 -0.03422536]
 [-0.11918889 -0.41447507 -0.04925851  0.23799102 -0.13542851]
 [-0.07404288 -0.0536638  -0.23625993  0.04237842 -0.12413665]
 [ 0.01078179  0.10056433  0.12773896 -0.06539851  0.07086487]
 [-0.09937172 -0.11285649 -0.30839385 -0.22774641  0.0961479 ]]
U = [[ 0.09165104  0.20703773  0.24827899  0.30661202  0.03251746]
 [-0.29612083 -0.10481045 -0.0095127   0.23865391  0.27422419]
 [ 0.1197095  -0.01489298 -0.17553724 -0.13881425  0.23473256]
 [ 0.19448713 -0.00068148  0.3399944  -0.06309998 -0.0812502 ]
 [-0.07762562 -0.05424746 -0.34963525  0.00105329 -0.11705861]]
Matrix Pair 65; W = [[ 0.25671189 -0.08102374  0.15864735 -0.04498612 -0.08628926]
 [-0.17830705 -0.41562713 -0.06544033  0.31084416 -0.1490016 ]
 [-0.06495906 -0.11489694 -0.20068676  0.0198637  -0.05275686]
 [ 0.03606593  0.03108904  0.10049542 -0.06414885 -0.01087437]
 [-0.09789732 -0.16289223 -0.27821104 -0.24953604  0.02853965]]
U = [[ 0.08567578  0.21504245  0.26273741  0.35353488 -0.02381476]
 [-0.3425574  -0.14126569  0.03271245  0.18356701  0.29375791]
 [ 0.14967088 -0.01360958 -0.18242775 -0.16912661  0.25074329]
 [ 0.26843275 -0.04347024  0.28037424 -0.03796783 -0.09056853]
 [-0.11739915 -0.07349289 -0.2958588  -0.02657127 -0.03063664]]
Matrix Pair 66; W = [[ 0.18735498 -0.06448898  0.19713157 -0.02229766 -0.02704705]
 [-0.17821811 -0.44818849 -0.02203263  0.23771767 -0.08664258]
 [-0.05179726 -0.11336641 -0.23645119  0.07956228 -0.11999728]
 [ 0.00395439  0.02247911  0.07335178 -0.05772352  0.07853889]
 [-0.12602707 -0.07899901 -0.33424266 -0.26316986  0.06865029]]
U = [[ 0.1018783   0.1879102   0.22264063  0.33029958 -0.02412505]
 [-0.35816267 -0.16446162  0.00235394  0.18212081  0.28863899]
 [ 0.18847714 -0.01966861 -0.17383467 -0.1801629   0.21150874]
 [ 0.19293345 -0.00974039  0.30238836 -0.072526   -0.13188253]
 [-0.14553675 -0.01992201 -0.33383404 -0.02886262 -0.08421846]]
Matrix Pair 67; W = [[ 0.17928293 -0.0733628   0.24858707 -0.05327221 -0.0450962 ]
 [-0.12131999 -0.47980017 -0.01873774  0.24386306 -0.13115898]
 [-0.03936402 -0.13066327 -0.2146493   0.04114005 -0.04257672]
 [ 0.03235872  0.0507045   0.13384138 -0.07199415  0.01138754]
 [-0.14118031 -0.16482559 -0.29146614 -0.25817874  0.02984368]]
U = [[ 0.12580721  0.18990046  0.22866149  0.35419406  0.03687297]
 [-0.26918455 -0.16133742  0.00964194  0.21027452  0.26067519]
 [ 0.14894521 -0.01058807 -0.1706901  -0.09538367  0.15579785]
 [ 0.19260881 -0.0160525   0.34648651 -0.03071903 -0.15779727]
 [-0.12954554 -0.0230457  -0.25470461 -0.06664234 -0.06945495]]
Matrix Pair 68; W = [[ 0.21672962 -0.08739177  0.23363791 -0.08224042 -0.06362431]
 [-0.1402535  -0.39709191 -0.04727763  0.29274819 -0.08723593]
 [-0.09770589 -0.08010147 -0.18452968  0.09225565 -0.06783411]
 [-0.01831561  0.06461843  0.12645174 -0.08782733  0.02950923]
 [-0.09319594 -0.07709333 -0.26111878 -0.22497962  0.00951053]]
U = [[ 0.12748317  0.17355961  0.22927702  0.27743857  0.02860636]
 [-0.32879128 -0.15988064 -0.04336074  0.22026913  0.29982237]
 [ 0.13603413 -0.0982238  -0.20965001 -0.15892637  0.23424357]
 [ 0.24096127 -0.05503001  0.37447818 -0.04899668 -0.08584167]
 [-0.10646256  0.007097   -0.30498555 -0.09343545 -0.05724454]]
Matrix Pair 69; W = [[ 0.26216488 -0.02149049  0.18394766 -0.01867554 -0.04590206]
 [-0.16176463 -0.41615113 -0.02192194  0.22349744 -0.17985305]
 [-0.12349976 -0.09450997 -0.16719452  0.08333588 -0.07160495]
 [ 0.01052735  0.06013404  0.09813746 -0.05452175 -0.01497606]
 [-0.08800663 -0.10561356 -0.25408463 -0.25825933  0.04560546]]
U = [[ 0.08937035  0.22374913  0.29115618  0.27000385 -0.01595931]
 [-0.34501463 -0.11236966  0.01568637  0.19237897  0.27654625]
 [ 0.11981417 -0.06611454 -0.18751373 -0.1843282   0.20946751]
 [ 0.20141968 -0.02030907  0.32762598 -0.03880705 -0.15888865]
 [-0.1483788  -0.03237464 -0.27349623 -0.06733907 -0.09875701]]
Matrix Pair 70; W = [[ 0.18690561 -0.00777049  0.17157561 -0.06330424 -0.06887574]
 [-0.14485268 -0.47117617 -0.0604497   0.22775723 -0.17894841]
 [-0.08739393 -0.10674475 -0.26555362  0.07493328 -0.02979301]
 [ 0.04878608  0.11298398  0.06125442 -0.10892695  0.0423893 ]
 [-0.16439672 -0.10302021 -0.28793388 -0.24203549  0.01920366]]
U = [[ 0.12237998  0.2224853   0.26674448  0.29410989 -0.00231864]
 [-0.3207125  -0.10717659  0.03462549  0.25088619  0.29810012]
 [ 0.14447037 -0.07243251 -0.22766918 -0.17307801  0.16770845]
 [ 0.20522585 -0.01034754  0.28299734 -0.02289687 -0.1180882 ]
 [-0.1245351  -0.06478833 -0.27345166 -0.09065544 -0.1126505 ]]
Matrix Pair 71; W = [[ 0.22499559  0.00306239  0.22615059 -0.08541563 -0.11387575]
 [-0.08914097 -0.45679684 -0.06097804  0.28596619 -0.10422397]
 [-0.06564379 -0.09789527 -0.17382949  0.08344379 -0.09348198]
 [ 0.00336405  0.03407902  0.09878148 -0.04165695  0.06097789]
 [-0.1699051  -0.14098415 -0.24839962 -0.1733344   0.10462338]]
U = [[ 0.0961673   0.19473516  0.24084935  0.31255189 -0.0347434 ]
 [-0.33458392 -0.10274512 -0.0481787   0.25190181  0.25677728]
 [ 0.16382987 -0.10148341 -0.18668315 -0.09581574  0.23021384]
 [ 0.26458015 -0.0564921   0.33723106 -0.08422368 -0.11592035]
 [-0.08918446 -0.00808246 -0.27202678 -0.02243264 -0.03764039]]
Matrix Pair 72; W = [[ 0.18598707 -0.01357513  0.17211303 -0.09892846 -0.07169428]
 [-0.1049134  -0.42059701 -0.01846172  0.2943192  -0.12897926]
 [-0.10729115 -0.08054513 -0.19770909  0.03459912 -0.02785451]
 [ 0.03206488  0.05707269  0.12451739 -0.08060673 -0.01052128]
 [-0.10616723 -0.11253685 -0.25315822 -0.17516707  0.08186131]]
U = [[ 0.09596286  0.13421205  0.23189848  0.26842204 -0.03027689]
 [-0.3560859  -0.08620701 -0.0109178   0.20736434  0.31438576]
 [ 0.11308943 -0.02085379 -0.21780271 -0.11770485  0.20946845]
 [ 0.26446539  0.00071652  0.28436651 -0.1146434  -0.12522502]
 [-0.14032583 -0.0486754  -0.33853197 -0.07046248 -0.10840718]]
Matrix Pair 73; W = [[ 0.21941342 -0.00794477  0.24986376 -0.06929285 -0.10399425]
 [-0.16478972 -0.43447992  0.01826123  0.30068398 -0.12642724]
 [-0.06112816 -0.03529901 -0.16988237  0.09432783 -0.1114786 ]
 [ 0.06575403  0.04213129  0.06861189 -0.10370344  0.02756496]
 [-0.1340887  -0.08045619 -0.26958987 -0.2665682   0.03741344]]
U = [[ 0.08810687  0.18885849  0.23608836  0.36168043 -0.02539113]
 [-0.29597874 -0.09138446 -0.02267749  0.23945627  0.26680736]
 [ 0.10200658 -0.07332934 -0.25131833 -0.16948569  0.17440137]
 [ 0.24583647  0.00112073  0.3038031  -0.03659247 -0.13504987]
 [-0.14776017 -0.00395187 -0.28197339 -0.00996184 -0.06123269]]
Matrix Pair 74; W = [[ 0.21489206 -0.00849433  0.22210732 -0.06955227 -0.05013057]
 [-0.1141996  -0.43330632 -0.01873724  0.23135036 -0.11711848]
 [-0.09967145 -0.05265524 -0.22043953  0.03762158 -0.03780597]
 [ 0.01768713  0.11277173  0.04050075 -0.07631599  0.03781566]
 [-0.1533241  -0.12366348 -0.3256123  -0.23515029  0.08660089]]
U = [[ 0.1375752   0.12848625  0.22922532  0.3449797  -0.02756526]
 [-0.34569185 -0.12154541 -0.04132705  0.26549499  0.28861315]
 [ 0.17398639 -0.05978281 -0.20761075 -0.10451342  0.22466244]
 [ 0.27161551 -0.01030306  0.33365324 -0.10442545 -0.11274088]
 [-0.16294773 -0.08131638 -0.35124433 -0.08451732 -0.05046283]]
Matrix Pair 75; W = [[ 0.17566852 -0.06580076  0.18885003 -0.00557313 -0.09332045]
 [-0.14339972 -0.41140938 -0.05931155  0.31865426 -0.1331809 ]
 [-0.09117995 -0.1251566  -0.18246246  0.06145154 -0.07948573]
 [ 0.04505308  0.02861403  0.04122851 -0.0338695   0.00181794]
 [-0.09001886 -0.1049524  -0.23812786 -0.22607425  0.00835685]]
U = [[ 0.17728561  0.15888108  0.28612347  0.33051111  0.04015003]
 [-0.32247101 -0.12760292 -0.02731908  0.22584067  0.26241017]
 [ 0.16150988 -0.00854705 -0.22345418 -0.18071999  0.21642482]
 [ 0.27840014 -0.03530238  0.35096702 -0.04260583 -0.08965342]
 [-0.10168996 -0.06232158 -0.32651703 -0.05867497 -0.0270421 ]]
Matrix Pair 76; W = [[ 0.19546277 -0.01283017  0.21445574 -0.0872806  -0.05479083]
 [-0.10340856 -0.4074199  -0.01525632  0.31140875 -0.17841047]
 [-0.13255198 -0.05510828 -0.17002549  0.10770913 -0.04355486]
 [ 0.01737934  0.0701809   0.12543224 -0.10855287  0.06423054]
 [-0.09015401 -0.10480392 -0.26414215 -0.22782299  0.09394115]]
U = [[ 0.14364842  0.17673306  0.27151028  0.26652759  0.00610561]
 [-0.34452789 -0.14248669 -0.0533028   0.17238486  0.26497491]
 [ 0.11531989 -0.06192692 -0.22617871 -0.12572882  0.20878534]
 [ 0.20643761 -0.03701054  0.36552046 -0.0777935  -0.16022523]
 [-0.13056011 -0.06829768 -0.3209817  -0.04056158 -0.09743068]]
Matrix Pair 77; W = [[ 0.18311025 -0.07467375  0.1600059  -0.08416919 -0.10683712]
 [-0.09622099 -0.4413691  -0.0307812   0.30582441 -0.13385705]
 [-0.0437954  -0.08683195 -0.23030128  0.09479919 -0.12377909]
 [ 0.04740076  0.06780994  0.08628451 -0.09872933  0.04372793]
 [-0.12574224 -0.1312976  -0.29856384 -0.23815534  0.06632501]]
U = [[ 0.11785197  0.21263111  0.2368577   0.35922722 -0.00055993]
 [-0.27850398 -0.13353137  0.01224656  0.22396362  0.24863931]
 [ 0.16756126 -0.09262838 -0.16564754 -0.17268025  0.21230382]
 [ 0.21868969 -0.07928004  0.36272532 -0.02359187 -0.07261329]
 [-0.14950222 -0.04213651 -0.28685023 -0.02181336 -0.11800624]]
Matrix Pair 78; W = [[ 0.20663346 -0.02521572  0.22590132 -0.02614611 -0.09037575]
 [-0.18521822 -0.43935276 -0.03078914  0.30592019 -0.11564856]
 [-0.07207306 -0.06964709 -0.24171255  0.04402695 -0.03633013]
 [ 0.01996766  0.03157994  0.04504372 -0.04373195  0.04127139]
 [-0.148925   -0.16761515 -0.29414902 -0.25740011  0.08415649]]
U = [[ 0.14571838  0.12948987  0.22830709  0.32519698 -0.01996039]
 [-0.30805819 -0.07634353 -0.00919102  0.26372625  0.27598624]
 [ 0.17232198 -0.05084795 -0.16722155 -0.16601581  0.17819267]
 [ 0.23314099 -0.03709631  0.30176605 -0.11590632 -0.14314065]
 [-0.17109106 -0.06435484 -0.31255594 -0.05866137 -0.07166923]]
Matrix Pair 79; W = [[ 0.23853207 -0.08350113  0.20347579 -0.086651   -0.07548362]
 [-0.16019598 -0.46162803 -0.03754451  0.31917189 -0.15818065]
 [-0.10673613 -0.08920786 -0.21922172  0.03550399 -0.10282206]
 [-0.01575958  0.02855214  0.12307678 -0.12381711 -0.00536117]
 [-0.07621292 -0.16483494 -0.32390621 -0.19419806  0.03206867]]
U = [[ 0.1144785   0.17007086  0.22917909  0.31480293 -0.04396722]
 [-0.27186649 -0.10898916 -0.05923931  0.20859934  0.32194878]
 [ 0.17347732 -0.03922271 -0.21311304 -0.17530939  0.23181307]
 [ 0.23043591 -0.02614494  0.30913494 -0.11113425 -0.12833958]
 [-0.13801063 -0.05607369 -0.33390519 -0.09628943 -0.09260018]]
Matrix Pair 80; W = [[ 0.21007736 -0.04474023  0.08496964 -0.0144319  -0.03154298]
 [-0.17106792 -0.35367047 -0.05733273  0.1987715  -0.04545671]
 [-0.03468182 -0.08122995 -0.19225303  0.1290926  -0.17526776]
 [-0.00244465  0.09619248  0.16655654 -0.11467936 -0.03830136]
 [-0.11726684 -0.13245822 -0.36398719 -0.1248647  -0.03160825]]
U = [[ 0.13820156  0.18839908  0.28745521  0.33906853 -0.10297363]
 [-0.20334476 -0.0929785  -0.02055201  0.17724967  0.27141531]
 [ 0.1240662  -0.04547059 -0.16902841 -0.14164353  0.18857319]
 [ 0.18203043 -0.14639492  0.32994461 -0.11500261 -0.12079225]
 [-0.1013845  -0.03792592 -0.21778555 -0.03659401 -0.11406394]]
Matrix Pair 81; W = [[ 0.22002617 -0.01351118  0.14242081 -0.06971194 -0.01733338]
 [-0.16297398 -0.35237015 -0.07781183  0.27175927 -0.0800028 ]
 [-0.04105165 -0.06148816 -0.12642274  0.06609919 -0.09135123]
 [-0.01271817  0.06358911  0.18203034 -0.13547925 -0.10127909]
 [-0.2009623  -0.06459362 -0.37125049 -0.18591737 -0.06102279]]
U = [[ 0.17772108  0.16280092  0.31370578  0.34681238 -0.11179932]
 [-0.26371364 -0.12417027  0.03784701  0.17248599  0.20844854]
 [ 0.10443851 -0.11090043 -0.23184587 -0.06666394  0.16860479]
 [ 0.17730716 -0.12979758  0.27997985 -0.11627371 -0.13862943]
 [-0.15113516  0.01578788 -0.18289248 -0.02711985 -0.13519774]]
Matrix Pair 82; W = [[ 0.20108364 -0.00896645  0.07794296 -0.08325194  0.00669052]
 [-0.12897208 -0.39370234 -0.11545073  0.19895131 -0.10468496]
 [ 0.03317203 -0.02937195 -0.15075796  0.11571677 -0.10444488]
 [-0.04965576  0.0647279   0.16983827 -0.13104544 -0.06927819]
 [-0.2018776  -0.08784628 -0.33180889 -0.13560398 -0.08538783]]
U = [[ 0.14934417  0.19963299  0.33204514  0.34244446 -0.03411539]
 [-0.23561221 -0.1484867   0.02903626  0.15928222  0.23435892]
 [ 0.08130962 -0.0205136  -0.16431289 -0.09812902  0.21645121]
 [ 0.19529547 -0.14058353  0.33334409 -0.10026213 -0.14757572]
 [-0.06705795  0.0043641  -0.17889636 -0.00775175 -0.08234502]]
Matrix Pair 83; W = [[ 0.28172943 -0.04938468  0.10255219  0.00866835 -0.04146092]
 [-0.1141428  -0.36714989 -0.08890856  0.22008898 -0.05696658]
 [ 0.01530105 -0.04653817 -0.13183675  0.09765446 -0.14129441]
 [-0.04438265  0.08045325  0.12868089 -0.09338696 -0.10860884]
 [-0.11105363 -0.1462591  -0.39516226 -0.19570746 -0.05036756]]
U = [[ 0.1762059   0.11781931  0.32965994  0.29671559 -0.04693039]
 [-0.25858659 -0.08874781 -0.02274124  0.24371673  0.25799702]
 [ 0.11317842 -0.07696636 -0.19852041 -0.07268866  0.23558187]
 [ 0.24100088 -0.13456735  0.32118951 -0.10827478 -0.1217065 ]
 [-0.10463561  0.0151887  -0.18955707  0.03525079 -0.06309379]]
Matrix Pair 84; W = [[ 2.15595619e-01 -3.20305648e-02  9.45469254e-02  3.20443964e-04
  -7.79003031e-02]
 [-1.32400252e-01 -3.30374022e-01 -9.62649174e-02  2.81656714e-01
  -9.66012458e-02]
 [ 1.47577203e-02 -8.57157073e-02 -1.39626098e-01  1.51262782e-01
  -1.33681822e-01]
 [-3.00653763e-02  8.48929275e-02  2.13760723e-01 -1.14655335e-01
  -9.97478333e-02]
 [-1.67357416e-01 -1.54723480e-01 -4.09967046e-01 -1.27627258e-01
  -7.08953398e-02]]
U = [[ 0.19414687  0.13099389  0.25781957  0.31986882 -0.0712948 ]
 [-0.23808239 -0.16755747  0.03743783  0.17654615  0.29449589]
 [ 0.14658366 -0.03318291 -0.2165665  -0.12672723  0.25311149]
 [ 0.15484942 -0.1747579   0.31929637 -0.08878031 -0.1106325 ]
 [-0.14216279 -0.03299334 -0.19872004  0.05529429 -0.1083739 ]]
Matrix Pair 85; W = [[ 0.21583258 -0.06121854  0.10180654 -0.08401388 -0.02573673]
 [-0.10689764 -0.41540225 -0.05463219  0.19885081 -0.05455535]
 [-0.0116016  -0.07133171 -0.14572378  0.13760273 -0.13150185]
 [-0.01586005  0.14530492  0.16420146 -0.05780879 -0.03307742]
 [-0.12053762 -0.15218319 -0.39272159 -0.13032532 -0.10352305]]
U = [[ 0.18307074  0.21193228  0.26613919  0.27383819 -0.03825357]
 [-0.20411754 -0.14402716  0.03748265  0.20340703  0.20112116]
 [ 0.07967478 -0.08967101 -0.19227712 -0.06350335  0.23209573]
 [ 0.18889792 -0.15461013  0.30633648 -0.11165698 -0.18982094]
 [-0.10606409 -0.01529335 -0.1649793  -0.01026133 -0.0763231 ]]
Matrix Pair 86; W = [[ 0.27527808 -0.03641462  0.14689661 -0.07208749 -0.00198245]
 [-0.12122589 -0.3987818  -0.0916822   0.27594558 -0.07418725]
 [ 0.01538094 -0.06183829 -0.17249341  0.09503871 -0.10143857]
 [ 0.02265146  0.08370649  0.12266626 -0.10133172 -0.03487681]
 [-0.15320283 -0.10341767 -0.35550125 -0.20341845 -0.09975374]]
U = [[ 0.10213394  0.16570149  0.31207369  0.32157286 -0.03214848]
 [-0.24700137 -0.08277936  0.02104633  0.24117964  0.28090273]
 [ 0.10850835 -0.02252633 -0.18683778 -0.06932706  0.19042182]
 [ 0.18925189 -0.12775541  0.31333663 -0.11286742 -0.11944001]
 [-0.13056688 -0.00162607 -0.17836176  0.05518719 -0.12612367]]
Matrix Pair 87; W = [[ 0.22925365 -0.08178911  0.12896112  0.00894428 -0.07510868]
 [-0.17280616 -0.32877334 -0.04804057  0.20559238 -0.04456975]
 [ 0.01264673 -0.0584035  -0.12645181  0.15644301 -0.16831119]
 [-0.01183928  0.10014808  0.20286101 -0.12686022 -0.10908842]
 [-0.16005536 -0.11744499 -0.34882781 -0.180366   -0.05076433]]
U = [[ 0.15811692  0.19283653  0.32818522  0.34361742 -0.08371197]
 [-0.25210702 -0.15596906  0.05424993  0.20841845  0.26108486]
 [ 0.09551623 -0.02742899 -0.19618707 -0.08508435  0.23799253]
 [ 0.18876319 -0.14076267  0.3213782  -0.06554416 -0.20023135]
 [-0.08814294 -0.00310694 -0.20894356  0.04289339 -0.05026016]]
Matrix Pair 88; W = [[ 0.23234573 -0.02007186  0.08898071  0.01150907  0.01301648]
 [-0.11026063 -0.35488924 -0.04383036  0.2854303  -0.09396689]
 [-0.04729207 -0.07951082 -0.14267129  0.10749624 -0.11416788]
 [-0.02876221  0.09666219  0.19582592 -0.09946965 -0.01509477]
 [-0.17034147 -0.11147335 -0.33543415 -0.19431404 -0.02058374]]
U = [[ 0.17733149  0.20892885  0.31714851  0.26885699 -0.07540922]
 [-0.2748837  -0.07966781 -0.01086513  0.21742535  0.25719227]
 [ 0.12405559 -0.08230374 -0.21162697 -0.07843262  0.21801428]
 [ 0.20866997 -0.09527028  0.32418333 -0.05594665 -0.15994517]
 [-0.12075033  0.00694931 -0.18438666  0.05805081 -0.11026836]]
Matrix Pair 89; W = [[ 0.24722359 -0.04071651  0.12706856  0.00184095 -0.00403768]
 [-0.10708334 -0.34907851 -0.04354414  0.23150737 -0.04864579]
 [-0.02557607 -0.08956231 -0.12700862  0.10013369 -0.09149711]
 [-0.00531861  0.11413396  0.13583016 -0.09762075 -0.09244748]
 [-0.19942559 -0.13751014 -0.33637472 -0.12229439 -0.07368513]]
U = [[ 0.15214152  0.13896663  0.31247341  0.27001017 -0.06627975]
 [-0.24971087 -0.11737236 -0.01809498  0.17603888  0.28882142]
 [ 0.14072394 -0.02839703 -0.23705108 -0.07864363  0.25790386]
 [ 0.19550163 -0.15075979  0.3255295  -0.09021077 -0.18453552]
 [-0.11177136 -0.02918551 -0.22807332  0.04115164 -0.06346224]]
Matrix Pair 90; W = [[ 0.2632741  -0.04819006  0.16648889 -0.01915357  0.00679428]
 [-0.12848201 -0.33668656 -0.09918835  0.19208173 -0.04359245]
 [ 0.03007076 -0.07559504 -0.18845597  0.13993324 -0.13693143]
 [ 0.01250078  0.1227315   0.15859542 -0.14218381 -0.09564306]
 [-0.20581974 -0.08999911 -0.42516184 -0.1640751  -0.03881876]]
U = [[ 0.17927195  0.19400202  0.34016589  0.30772759 -0.02624822]
 [-0.27554177 -0.11829299 -0.00938291  0.183054    0.221296  ]
 [ 0.16766744 -0.02943808 -0.19794267 -0.0744455   0.20939528]
 [ 0.21123459 -0.08673199  0.31225243 -0.12029059 -0.14644863]
 [-0.06263126 -0.0361045  -0.17340969  0.03177179 -0.06036975]]
Matrix Pair 91; W = [[ 0.28520398 -0.07855992  0.13364471 -0.05097525  0.00750151]
 [-0.10504853 -0.36406298 -0.03167965  0.23240237 -0.05023476]
 [ 0.00329386 -0.07653019 -0.17243571  0.11998279 -0.18137275]
 [-0.00876305  0.13202205  0.18364231 -0.11417274 -0.09925424]
 [-0.18126926 -0.11816261 -0.37388418 -0.18116859 -0.02222378]]
U = [[ 0.17193657  0.15178069  0.2626718   0.29461321 -0.09929156]
 [-0.2607173  -0.12997055 -0.0210089   0.18964115  0.26259713]
 [ 0.08029022 -0.05836301 -0.19392287 -0.12157134  0.20216512]
 [ 0.1891797  -0.17095287  0.27056093 -0.14482965 -0.1176076 ]
 [-0.12425593  0.0056629  -0.14481477 -0.03307186 -0.11132   ]]
Matrix Pair 92; W = [[ 0.20872418 -0.09317283  0.07746215 -0.08477845 -0.06035893]
 [-0.16066441 -0.41620057 -0.12228037  0.25699686 -0.11776088]
 [-0.05226592 -0.05934427 -0.19927064  0.12728025 -0.13482968]
 [ 0.01460192  0.14356402  0.20041358 -0.05341224 -0.0518545 ]
 [-0.18972541 -0.11835958 -0.40869298 -0.14527434 -0.01956748]]
U = [[ 0.14229971  0.11626141  0.26193411  0.34555461 -0.1196311 ]
 [-0.25544025 -0.12809331  0.0229365   0.19895621  0.29769208]
 [ 0.12789464 -0.07641284 -0.22318901 -0.08054052  0.22705169]
 [ 0.21971935 -0.14038737  0.31643542 -0.05023393 -0.16058309]
 [-0.08921398 -0.01098258 -0.23529031  0.02598174 -0.05750721]]
Matrix Pair 93; W = [[ 0.23525585 -0.09230867  0.13893629  0.00355336 -0.04297464]
 [-0.08256303 -0.32775583 -0.07326777  0.24745497 -0.11667968]
 [ 0.04079214 -0.07432446 -0.15813291  0.12764482 -0.10687693]
 [-0.03314239  0.09558763  0.20418722 -0.13010881 -0.0529316 ]
 [-0.14588478 -0.07879323 -0.40982946 -0.14549216 -0.06264527]]
U = [[ 0.116995    0.14079945  0.31037227  0.32683312 -0.08361089]
 [-0.26461774 -0.16337144 -0.02434075  0.2056487   0.295729  ]
 [ 0.11333776 -0.10635993 -0.2485442  -0.09664335  0.16830077]
 [ 0.20464238 -0.10531564  0.29355501 -0.1297088  -0.11326615]
 [-0.13166563 -0.006229   -0.21019767  0.01764835 -0.08555607]]
Matrix Pair 94; W = [[ 0.22253109 -0.07658921  0.15716463 -0.05777575 -0.02529069]
 [-0.09171104 -0.4144614  -0.06840268  0.24647175 -0.11249889]
 [-0.05312876 -0.01439056 -0.11509505  0.08256234 -0.08935848]
 [-0.02332414  0.13813652  0.15624521 -0.06655942 -0.04882154]
 [-0.10886482 -0.06487066 -0.33169227 -0.18878131 -0.03757306]]
U = [[ 0.14110651  0.15364483  0.3224592   0.3124272  -0.10822627]
 [-0.27772068 -0.13549647 -0.00073499  0.16925781  0.28626828]
 [ 0.0845934  -0.04078562 -0.23376631 -0.07578108  0.1841234 ]
 [ 0.18246395 -0.08645537  0.32842829 -0.10854787 -0.15479287]
 [-0.07945379 -0.07291393 -0.17689893  0.01983231 -0.11257931]]
Matrix Pair 95; W = [[ 0.22793313 -0.01558978  0.12065502 -0.01720762  0.006005  ]
 [-0.16774443 -0.34221428 -0.0482906   0.22081986 -0.07399263]
 [-0.01649346  0.00251094 -0.11139002  0.06195686 -0.16275553]
 [ 0.03024403  0.11725927  0.15789511 -0.12960488 -0.03666186]
 [-0.12137085 -0.120953   -0.34026182 -0.20665818 -0.06609154]]
U = [[ 0.11438102  0.18964357  0.26417859  0.33126618 -0.05100845]
 [-0.26843882 -0.15441635 -0.03145208  0.19028532  0.21334832]
 [ 0.11590004 -0.05665165 -0.2340356  -0.05137991  0.19146577]
 [ 0.18984024 -0.15428158  0.26178187 -0.13006809 -0.1833786 ]
 [-0.1339257   0.01053423 -0.2353894   0.00669557 -0.06668881]]
Matrix Pair 96; W = [[ 0.25039819  0.02931834  0.10951712 -0.06020715 -0.06249723]
 [-0.16006776 -0.39350341 -0.0480327   0.27473416 -0.02434272]
 [ 0.05555302 -0.05894686 -0.18606402  0.08012642 -0.07432493]
 [-0.0059703   0.06641244  0.10663853 -0.12109302 -0.12136949]
 [-0.20283323 -0.13991982 -0.29052969 -0.19909519  0.066106  ]]
U = [[ 0.12800974  0.18720205  0.27570049  0.28404935 -0.02571027]
 [-0.17273556 -0.09106442  0.01655411  0.24011661  0.22983389]
 [ 0.1096979  -0.07896433 -0.13987536 -0.09389892  0.1651368 ]
 [ 0.21880664 -0.07121024  0.24382132 -0.05779852 -0.13955791]
 [-0.04162472 -0.09617964 -0.24719685 -0.04065399 -0.0071969 ]]
Matrix Pair 97; W = [[ 0.18568288  0.01648421  0.09487023 -0.03706496 -0.08523655]
 [-0.14874182 -0.39528106 -0.08331245  0.26337543 -0.10291998]
 [ 0.06798215 -0.07619496 -0.19807758  0.07713595 -0.00630523]
 [-0.02305833  0.04373326  0.08258025 -0.07538085 -0.09822377]
 [-0.16115946 -0.20524045 -0.30360162 -0.20105736  0.08900661]]
U = [[ 0.20264835  0.17697518  0.29329162  0.30152542 -0.05229811]
 [-0.15407346 -0.11138529  0.06834854  0.1849712   0.26214972]
 [ 0.19202338 -0.06752658 -0.13109121 -0.03264363  0.16373696]
 [ 0.19758431 -0.01540518  0.30779459 -0.0923734  -0.10203333]
 [-0.12442442 -0.07128443 -0.29726335 -0.03632529 -0.01718994]]
Matrix Pair 98; W = [[ 0.18197444  0.00115682  0.18212005 -0.05803988 -0.03950379]
 [-0.17638445 -0.35112296 -0.13275228  0.25902402 -0.0387678 ]
 [ 0.05652751 -0.05727613 -0.16728863  0.08664501 -0.01271903]
 [-0.03746934  0.06740746  0.16334722 -0.06821187 -0.05539747]
 [-0.20341604 -0.17557672 -0.36260237 -0.18575718  0.0186148 ]]
U = [[ 0.22004167  0.17650016  0.27353508  0.28014521 -0.07615282]
 [-0.16106707 -0.04026176  0.0537974   0.24604712  0.2264937 ]
 [ 0.13846788 -0.0683904  -0.14036372 -0.07777735  0.17791843]
 [ 0.1226431  -0.02941951  0.32248418 -0.04250951 -0.16423576]
 [-0.11059498 -0.14637677 -0.2812394  -0.0045327  -0.06463127]]
Matrix Pair 99; W = [[ 0.19022819  0.01294258  0.11334034  0.0052403  -0.08748394]
 [-0.19730262 -0.42554602 -0.11551909  0.24767769 -0.1067573 ]
 [ 0.04984979  0.00086801 -0.17531126  0.09753146 -0.06712401]
 [-0.01359343  0.01582674  0.16511511 -0.10550656 -0.03710666]
 [-0.14003801 -0.19273177 -0.34775549 -0.17626143  0.09794139]]
U = [[ 0.17551575  0.12334454  0.34723316  0.29078585 -0.05864651]
 [-0.22235692 -0.12933312 -0.01514774  0.18947946  0.25561465]
 [ 0.15377541 -0.1548086  -0.17982049 -0.03074648  0.13749849]
 [ 0.16229985 -0.0895489   0.24956605 -0.09879162 -0.13293185]
 [-0.12379347 -0.05900522 -0.27306048  0.00985591  0.02137719]]
Matrix Pair 100; W = [[ 0.2137601   0.07613695  0.17689199 -0.07069871 -0.09868738]
 [-0.23988109 -0.40215657 -0.03336481  0.29704389 -0.03351714]
 [ 0.07783729 -0.03734221 -0.1894415   0.09971358 -0.03431228]
 [-0.01201162  0.06796276  0.16810251 -0.04870512 -0.03752529]
 [-0.20947477 -0.14538509 -0.31552547 -0.18328616  0.01989006]]
U = [[ 0.13003128  0.1752414   0.33091026  0.32153957 -0.08387171]
 [-0.24604336 -0.0400394   0.05755691  0.21490529  0.2499725 ]
 [ 0.1210572  -0.11557553 -0.14694095 -0.01520347  0.23186536]
 [ 0.15402114 -0.05890273  0.33993466 -0.07249687 -0.17528404]
 [-0.08152307 -0.09591289 -0.23650405 -0.05247044 -0.01653245]]
Matrix Pair 101; W = [[ 1.95136378e-01  4.62878408e-02  1.02620565e-01 -7.03101027e-02
  -2.60248284e-02]
 [-1.90729587e-01 -3.94411235e-01 -4.76909862e-02  2.64282248e-01
  -4.61223164e-02]
 [ 3.71880751e-02 -4.24959640e-02 -1.45644240e-01  1.02185857e-01
   2.80632808e-05]
 [ 1.30583135e-02  9.26381313e-02  1.60812445e-01 -6.91325471e-02
  -1.21997772e-01]
 [-2.19099206e-01 -1.67453577e-01 -3.05000790e-01 -1.57449341e-01
   9.63011376e-02]]
U = [[ 0.19817636  0.1845359   0.2535021   0.26974347 -0.09074131]
 [-0.21632631 -0.09255846 -0.01129353  0.19277723  0.21514771]
 [ 0.16903259 -0.09711112 -0.14721961 -0.0155251   0.22399429]
 [ 0.16459231 -0.02735541  0.32953208 -0.06812367 -0.12962615]
 [-0.08058506 -0.06224314 -0.25417392  0.02948669 -0.06663493]]
Matrix Pair 102; W = [[ 0.2636965   0.01478088  0.10172984  0.00178354 -0.11037474]
 [-0.18234681 -0.35121688 -0.05047304  0.22294079 -0.07594178]
 [ 0.02576495 -0.00739472 -0.12499882  0.09656498 -0.00738522]
 [ 0.02263541  0.00564504  0.1572521  -0.03446815 -0.09788066]
 [-0.19407468 -0.17586371 -0.30339242 -0.16065996  0.09896756]]
U = [[ 0.21146592  0.12222388  0.32947605  0.27703938 -0.01935955]
 [-0.20794274 -0.11895938 -0.01039163  0.24680711  0.18193267]
 [ 0.18408875 -0.13330303 -0.12409355 -0.0290332   0.21040481]
 [ 0.18536075 -0.08301572  0.28354453 -0.09227855 -0.17435225]
 [-0.08006253 -0.0607072  -0.29969224  0.0188878  -0.0093172 ]]
Matrix Pair 103; W = [[ 0.22896926  0.03636272  0.09615685 -0.01144204 -0.02257187]
 [-0.21541429 -0.35992092 -0.05703624  0.28735986 -0.07429537]
 [ 0.06904811  0.01532892 -0.14258206  0.06079926 -0.01095122]
 [ 0.00489564  0.03124129  0.07893113 -0.09733989 -0.0666934 ]
 [-0.15828313 -0.21247636 -0.31359441 -0.1876663   0.06832493]]
U = [[ 1.99130372e-01  1.62565085e-01  2.95738790e-01  3.17426828e-01
   2.29305168e-04]
 [-2.36104292e-01 -9.46704287e-02  2.45381773e-02  1.86784150e-01
   2.49088950e-01]
 [ 1.59635075e-01 -5.98147854e-02 -1.41700551e-01 -6.11631307e-02
   1.89889144e-01]
 [ 2.18096481e-01 -3.97413830e-02  2.52844869e-01 -6.74639720e-02
  -9.95271277e-02]
 [-3.91549158e-02 -5.29813504e-02 -2.55512869e-01  3.42070719e-03
  -6.41887159e-02]]
Matrix Pair 104; W = [[ 0.21709283  0.00695376  0.10132826 -0.01299017 -0.02734397]
 [-0.1634893  -0.41713628 -0.10558744  0.30858833 -0.10961281]
 [ 0.03481    -0.06721803 -0.14685601  0.15723485 -0.05892374]
 [ 0.00872744  0.08666996  0.13992857 -0.10302438 -0.10122736]
 [-0.16224356 -0.21091124 -0.34963093 -0.17932837  0.01084157]]
U = [[ 0.21175593  0.13824928  0.29647193  0.28691884 -0.07744772]
 [-0.15284801 -0.09493178  0.00105087  0.21826818  0.24975418]
 [ 0.12030405 -0.08608251 -0.20320966 -0.05753165  0.16239178]
 [ 0.16625457 -0.06233111  0.32425621 -0.09858438 -0.15278708]
 [-0.04488198 -0.07762904 -0.22436535  0.01126375  0.01188372]]
Matrix Pair 105; W = [[ 0.21812871  0.04494514  0.11411148 -0.07406703 -0.02323483]
 [-0.15891455 -0.39793987 -0.11575904  0.31810487 -0.05742894]
 [ 0.00918656 -0.00644095 -0.16911544  0.06374076 -0.00322133]
 [-0.01604892  0.03750066  0.17464075 -0.10666315 -0.11350011]
 [-0.14694015 -0.21367138 -0.28248243 -0.18557133  0.02827562]]
U = [[ 0.12463939  0.10411405  0.2693183   0.29126815 -0.08568812]
 [-0.21287565 -0.12631122  0.06932372  0.16661335  0.26781556]
 [ 0.19876913 -0.06009717 -0.18079904 -0.02299685  0.14058763]
 [ 0.13734211 -0.02292146  0.26197593 -0.0871218  -0.17326869]
 [-0.07591567 -0.11402146 -0.26078583  0.02724954 -0.0495249 ]]
Matrix Pair 106; W = [[ 0.21281427  0.00042942  0.17895031 -0.03792307 -0.02536133]
 [-0.22704098 -0.38381735 -0.05937832  0.30632279 -0.04222916]
 [ 0.08917093 -0.02793768 -0.14870397  0.12003675 -0.07880141]
 [-0.02431998  0.09010954  0.16357389 -0.07379971 -0.0314005 ]
 [-0.14969776 -0.20036074 -0.31725316 -0.14362011  0.09471337]]
U = [[ 0.17673969  0.10944231  0.28333985  0.27112117 -0.0327087 ]
 [-0.21502114 -0.09702473 -0.00367283  0.24418113  0.27193518]
 [ 0.11636107 -0.1256906  -0.20237463 -0.03572753  0.1754133 ]
 [ 0.21138763 -0.07262422  0.30843849 -0.02472309 -0.1812966 ]
 [-0.04042465 -0.14861787 -0.20829283 -0.01882625 -0.05890368]]
Matrix Pair 107; W = [[ 0.24143719  0.03244184  0.15643283 -0.03838854 -0.1026284 ]
 [-0.17943829 -0.42995053 -0.10483465  0.22629506 -0.11204401]
 [ 0.05498193 -0.05281027 -0.16447481  0.0633897  -0.06745571]
 [-0.02480517  0.09044017  0.16619948 -0.06432257 -0.10510704]
 [-0.14576015 -0.11595809 -0.31826416 -0.11983008  0.08906536]]
U = [[ 0.14107521  0.12350255  0.2722025   0.35639072 -0.0064425 ]
 [-0.18773027 -0.05299117  0.04377876  0.18669145  0.23352175]
 [ 0.19014886 -0.08490673 -0.12539202 -0.06037999  0.22480468]
 [ 0.21754537 -0.03385916  0.29688092 -0.0113984  -0.10079812]
 [-0.09487158 -0.07066066 -0.26593461 -0.04531258 -0.00839347]]
Matrix Pair 108; W = [[ 0.26542548  0.03402756  0.13552688 -0.0193133  -0.03572528]
 [-0.18692675 -0.3531394  -0.11685173  0.30064818 -0.08484532]
 [ 0.08147928 -0.03393594 -0.14705817  0.0645249   0.01178516]
 [-0.02148575  0.09220901  0.14829775 -0.050917   -0.06357106]
 [-0.14493399 -0.16821284 -0.33724048 -0.19961841  0.09742716]]
U = [[ 0.14263331  0.18677913  0.28984834  0.34965154 -0.01230074]
 [-0.24203758 -0.04837153  0.0094535   0.15240997  0.22317695]
 [ 0.16044806 -0.12980265 -0.21061263 -0.09121135  0.17019866]
 [ 0.19134664 -0.01034811  0.33644063 -0.03942763 -0.08793493]
 [-0.12130232 -0.10593561 -0.22843678 -0.0641184  -0.03512907]]
Matrix Pair 109; W = [[ 0.20050196  0.05173331  0.14952242 -0.01350083 -0.04154054]
 [-0.20274256 -0.35596941 -0.06909225  0.23176434 -0.04261515]
 [ 0.01752245 -0.02537025 -0.14570255  0.13137695 -0.0642539 ]
 [-0.02089459  0.00494356  0.1072101  -0.11212758 -0.09859185]
 [-0.22482578 -0.17414635 -0.34405131 -0.18645728  0.0935585 ]]
U = [[ 0.18520054  0.17099211  0.32147855  0.30641258 -0.02517737]
 [-0.19650784 -0.12390129  0.05649794  0.21974361  0.23411564]
 [ 0.1390279  -0.06173651 -0.16042145  0.00465835  0.23399585]
 [ 0.18574912 -0.05390463  0.27307291 -0.09317016 -0.18378134]
 [-0.07966074 -0.10664295 -0.2919739  -0.02394709  0.02250892]]
Matrix Pair 110; W = [[ 0.27742074 -0.01012781  0.13563204 -0.08508501 -0.04931106]
 [-0.15156917 -0.36576867 -0.07615333  0.31016468 -0.02495735]
 [ 0.01747277 -0.05486814 -0.20385676  0.14413021 -0.00496595]
 [ 0.01877509  0.06172214  0.11095571 -0.07475583 -0.12317701]
 [-0.21943888 -0.11589804 -0.29171845 -0.11277623  0.06990111]]
U = [[ 0.14257485  0.13798979  0.32334657  0.30138446 -0.07454549]
 [-0.1615721  -0.04340653  0.07153249  0.17144577  0.22954276]
 [ 0.10914349 -0.09206615 -0.1892368  -0.01606659  0.15413973]
 [ 0.15792273 -0.05490121  0.32291388 -0.04267218 -0.15138044]
 [-0.06218783 -0.12587841 -0.27125323  0.0114758   0.01715236]]
Matrix Pair 111; W = [[ 0.2407055   0.0396168   0.15032424 -0.04722057 -0.08844973]
 [-0.17597518 -0.37923542 -0.07529465  0.27875885 -0.09319184]
 [ 0.06564329 -0.00939988 -0.12505836  0.11194509 -0.03846611]
 [-0.04168384  0.01491057  0.11009255 -0.08495216 -0.07495687]
 [-0.1415684  -0.11759824 -0.29894109 -0.19775916  0.07097158]]
U = [[ 0.20022343  0.16889664  0.27845725  0.29967547 -0.0215236 ]
 [-0.22539352 -0.0914798   0.05748278  0.19257885  0.2018015 ]
 [ 0.13245039 -0.07640236 -0.18501145 -0.05415194  0.16929081]
 [ 0.15116454  0.00325232  0.27026517 -0.02153447 -0.17003553]
 [-0.08653157 -0.08815425 -0.21799657 -0.03362369  0.02294357]]
Matrix Pair 112; W = [[ 0.20113919 -0.01607001  0.14078081 -0.06878763 -0.00955228]
 [-0.16982549 -0.43253607 -0.08429798  0.20392602 -0.14245146]
 [-0.05754718  0.02483222 -0.17039227  0.03854548 -0.03652632]
 [-0.01987036  0.01467     0.1100229  -0.07170656 -0.12701381]
 [-0.1888192  -0.20393425 -0.30621713 -0.13296296 -0.00173533]]
U = [[ 0.18609535  0.17386039  0.30557603  0.27305429 -0.03346841]
 [-0.22986524 -0.16075339  0.03352227  0.16142672  0.24532941]
 [ 0.12337623 -0.08578834 -0.12520491 -0.12317639  0.10264126]
 [ 0.19441681 -0.06623052  0.28514731 -0.04760193 -0.11978255]
 [-0.04473019  0.00422821 -0.28775418  0.025994   -0.07582961]]
Matrix Pair 113; W = [[ 0.23237373 -0.00916854  0.21224931 -0.04939992 -0.02278921]
 [-0.15339059 -0.37900531 -0.09016549  0.20365848 -0.18801301]
 [ 0.00955501  0.01012283 -0.18149105  0.04597991 -0.06681977]
 [-0.03392435  0.05684183  0.08591758 -0.08442251 -0.12390737]
 [-0.16508579 -0.21730554 -0.26594772 -0.18804832  0.05853107]]
U = [[ 0.17880721  0.16892556  0.3689609   0.27481412 -0.04602512]
 [-0.19951389 -0.11879071 -0.00796759  0.18892634  0.23120383]
 [ 0.16107197 -0.09286578 -0.12646654 -0.10605099  0.17327762]
 [ 0.17345876 -0.0744849   0.29185338 -0.1286756  -0.14383029]
 [-0.10532041 -0.03614323 -0.27089151  0.02466464 -0.08222437]]
Matrix Pair 114; W = [[ 0.21739058  0.04027672  0.22315499 -0.09728066 -0.01040289]
 [-0.16876899 -0.44806766 -0.04032562  0.24914096 -0.17987782]
 [ 0.02334214 -0.00399513 -0.16421724  0.08321998 -0.09959093]
 [ 0.03123991  0.06273027  0.1356885  -0.10472417 -0.13015435]
 [-0.20113331 -0.20905207 -0.27281414 -0.10369414 -0.00736114]]
U = [[ 0.18773431  0.1727345   0.29936054  0.34248917 -0.02826995]
 [-0.21152224 -0.14097007  0.06818241  0.19671835  0.23106417]
 [ 0.13960425 -0.09728958 -0.19265389 -0.0890855   0.16096786]
 [ 0.2322441  -0.02544569  0.32311134 -0.09151434 -0.11598239]
 [-0.12244747 -0.04348947 -0.23582345 -0.00706673 -0.09616174]]
Matrix Pair 115; W = [[ 0.23183155 -0.01433734  0.14653088 -0.06188002 -0.00381526]
 [-0.14949497 -0.4247805  -0.10237953  0.21906249 -0.19395514]
 [ 0.00735758 -0.00221634 -0.12253997  0.08111279 -0.06361134]
 [-0.03540367  0.04027101  0.11269745 -0.12551959 -0.10426816]
 [-0.17574876 -0.16700125 -0.31978319 -0.09239107  0.00592078]]
U = [[ 0.18745665  0.22134512  0.3360437   0.34203683 -0.07058796]
 [-0.21430729 -0.19488158  0.06957335  0.15379128  0.25352234]
 [ 0.13090084 -0.08933333 -0.14513409 -0.09222612  0.08026847]
 [ 0.19655973 -0.04551776  0.25700754 -0.10939972 -0.06090906]
 [-0.04257674 -0.02150534 -0.25945885 -0.00889763 -0.07085143]]
Matrix Pair 116; W = [[ 0.22749958  0.04145671  0.16776646 -0.08712043 -0.0430831 ]
 [-0.16677155 -0.36886006 -0.00377899  0.20938097 -0.15877909]
 [-0.07371782  0.00386815 -0.15114344  0.07161116 -0.07318817]
 [ 0.02574853  0.02579461  0.15614162 -0.06486923 -0.10488167]
 [-0.15746571 -0.20888916 -0.31926546 -0.10977813 -0.03006578]]
U = [[ 0.14168936  0.13196884  0.36057414  0.26619889 -0.06227762]
 [-0.28086839 -0.15551665  0.07080857  0.2162069   0.24923245]
 [ 0.17196972 -0.15386722 -0.1812473  -0.06521478  0.140044  ]
 [ 0.23328072 -0.03894757  0.27856585 -0.0792621  -0.08062035]
 [-0.02945614 -0.06833507 -0.26613237 -0.00737613 -0.07083576]]
Matrix Pair 117; W = [[ 0.23151825  0.04721719  0.16984063 -0.03825291 -0.02402708]
 [-0.21887468 -0.39647009 -0.03264605  0.28840805 -0.13069738]
 [-0.02268353  0.01345146 -0.1828913   0.04325456 -0.09780187]
 [-0.04028884  0.04510808  0.078728   -0.11858649 -0.06617312]
 [-0.15702801 -0.17539445 -0.30569084 -0.18530961  0.04887167]]
U = [[ 0.11632484  0.21745847  0.30897024  0.34791874 -0.03736517]
 [-0.26476964 -0.10428423  0.04170539  0.15000356  0.19834043]
 [ 0.10184196 -0.10805098 -0.20803051 -0.11059916  0.08127149]
 [ 0.22734868 -0.03031088  0.32658308 -0.12807828 -0.06648057]
 [-0.12821421 -0.02577438 -0.27812153 -0.0457547  -0.07099932]]
Matrix Pair 118; W = [[ 0.2322079   0.03761193  0.2085651  -0.02063991 -0.07444709]
 [-0.21811554 -0.38465008 -0.04891964  0.28628291 -0.18584421]
 [ 0.01154048  0.0282477  -0.12019724  0.11545717 -0.02680873]
 [ 0.02528166  0.04884142  0.10994205 -0.07716645 -0.06300027]
 [-0.22158448 -0.16521019 -0.3007598  -0.130267   -0.01121317]]
U = [[ 0.1131651   0.15665174  0.35348131  0.32600978 -0.01794474]
 [-0.22255529 -0.12729284  0.06716301  0.19470293  0.24706745]
 [ 0.11352405 -0.09016213 -0.19324525 -0.04535849  0.09764727]
 [ 0.24136206 -0.03779865  0.30072994 -0.0743544  -0.10524359]
 [-0.03278758 -0.01727548 -0.30105345 -0.04966505 -0.00898906]]
Matrix Pair 119; W = [[ 2.06314356e-01  1.68188465e-02  1.44406495e-01 -5.64803992e-02
  -4.02015643e-02]
 [-2.43829395e-01 -4.31319336e-01 -5.84395566e-02  2.02205375e-01
  -1.87209794e-01]
 [-3.26305306e-02 -3.73363425e-02 -1.92444177e-01  1.19270188e-01
  -3.19556998e-02]
 [ 2.19270623e-04  1.37471699e-02  1.62120942e-01 -1.17803442e-01
  -4.37142525e-02]
 [-1.92387121e-01 -1.61563750e-01 -2.50378090e-01 -1.10875153e-01
  -1.62042177e-02]]
U = [[ 0.1062355   0.13712989  0.3262328   0.29093397 -0.0419035 ]
 [-0.23976489 -0.16437414  0.00661195  0.15491042  0.21915664]
 [ 0.12946921 -0.15162532 -0.18200185 -0.03851301  0.11682055]
 [ 0.15328444 -0.01198183  0.28494019 -0.07991672 -0.13692036]
 [-0.07050586 -0.00106783 -0.2156799  -0.04993019 -0.00413121]]
Matrix Pair 120; W = [[ 0.20704238  0.04940906  0.18556614 -0.00301261 -0.03804612]
 [-0.18812465 -0.44838062 -0.00983758  0.24974776 -0.17794507]
 [-0.0293919   0.02200037 -0.11084768  0.12811073 -0.03724936]
 [ 0.01162217  0.07148404  0.12826931 -0.0327286  -0.03818002]
 [-0.16061452 -0.21577976 -0.32824532 -0.18238352  0.05741489]]
U = [[ 0.1073146   0.20046952  0.28733224  0.25447504 -0.08555261]
 [-0.21016026 -0.11631448  0.05529957  0.2125755   0.19789197]
 [ 0.13124213 -0.15246801 -0.14442409 -0.07625592  0.14106701]
 [ 0.18994865 -0.08929655  0.26684982 -0.05184336 -0.13273285]
 [-0.12489911 -0.03398616 -0.30269602 -0.0504093  -0.0475259 ]]
Matrix Pair 121; W = [[ 0.25144918  0.048502    0.23201044 -0.04957569 -0.06069775]
 [-0.23485582 -0.43572239 -0.10071768  0.26927908 -0.14174862]
 [-0.03089264 -0.03856706 -0.13602975  0.07804457 -0.0818974 ]
 [-0.00907535  0.0900361   0.07425261 -0.04228172 -0.11284835]
 [-0.20344607 -0.14350855 -0.33574102 -0.12021867  0.0307627 ]]
U = [[ 0.17590976  0.22847393  0.3657108   0.32336768 -0.05975201]
 [-0.26913407 -0.13430023  0.01012715  0.22813903  0.23190852]
 [ 0.17478498 -0.12048564 -0.18620469 -0.10731197  0.12872302]
 [ 0.202675   -0.02794788  0.23943592 -0.11570181 -0.10129063]
 [-0.06519072  0.00055663 -0.20534578  0.01954004 -0.05816345]]
Matrix Pair 122; W = [[ 0.21924878  0.06343267  0.16699301 -0.00535623 -0.03111048]
 [-0.23189836 -0.39377064 -0.10056803  0.28282139 -0.18321763]
 [ 0.01347192 -0.012581   -0.10651449  0.0964807  -0.06110627]
 [ 0.04203514  0.09413943  0.07041189 -0.09679393 -0.04648073]
 [-0.20926187 -0.1936867  -0.28407213 -0.11175756  0.00893876]]
U = [[ 0.15630254  0.20258039  0.28778416  0.3210474  -0.05083335]
 [-0.26180639 -0.15102172  0.03587366  0.15345695  0.24741209]
 [ 0.11834118 -0.07057038 -0.19579514 -0.02911204  0.15694795]
 [ 0.20066441 -0.07842778  0.30168172 -0.0407362  -0.08835941]
 [-0.0402868  -0.08207476 -0.29095333 -0.04545313 -0.01486334]]
Matrix Pair 123; W = [[ 0.1825702  -0.00932667  0.21011075  0.00054332 -0.03443737]
 [-0.21156855 -0.37547546 -0.00635406  0.27349031 -0.18181349]
 [-0.0469528  -0.05307724 -0.17605073  0.06608031 -0.05326057]
 [-0.03762323  0.09836415  0.11989398 -0.10229786 -0.11181282]
 [-0.19519211 -0.1891773  -0.33766186 -0.11455273  0.05648359]]
U = [[ 0.16071147  0.15712256  0.30846022  0.29534745 -0.06377154]
 [-0.26094102 -0.14982405  0.01230659  0.19024169  0.19684069]
 [ 0.17793481 -0.15561711 -0.15855468 -0.10075582  0.12037275]
 [ 0.15221256 -0.02152209  0.26507413 -0.05493874 -0.1386756 ]
 [-0.02992331  0.00623494 -0.26315046  0.00840963 -0.04064791]]
Matrix Pair 124; W = [[ 0.1744659   0.01201205  0.19578697 -0.00482248 -0.03189857]
 [-0.22346438 -0.38133645 -0.00420571  0.26942106 -0.19939939]
 [ 0.02304024  0.01694827 -0.1018244   0.06848598 -0.07209169]
 [-0.03032307  0.0350977   0.06935782 -0.05892764 -0.07775573]
 [-0.20737555 -0.21461875 -0.27042867 -0.15348217  0.04079997]]
U = [[ 0.14418961  0.22641383  0.28303212  0.25843458 -0.07135176]
 [-0.27984335 -0.10523289  0.04139388  0.16619585  0.18090661]
 [ 0.10091808 -0.08590624 -0.13039809 -0.11793613  0.16416675]
 [ 0.15355212 -0.05605735  0.29413468 -0.11618469 -0.07207621]
 [-0.03354231 -0.03511375 -0.29438311 -0.02549317 -0.08142383]]
Matrix Pair 125; W = [[ 0.23991986  0.00065164  0.19052528 -0.01162914 -0.02171054]
 [-0.22246208 -0.36085063 -0.04455934  0.26791686 -0.14060429]
 [-0.01262322  0.00215216 -0.12725659  0.03768321 -0.02793343]
 [-0.00272629  0.01012738  0.09224704 -0.03089969 -0.06615063]
 [-0.17437575 -0.19240048 -0.32453352 -0.1857812   0.01973909]]
U = [[ 0.15941382  0.21559972  0.31844185  0.26026484 -0.10274314]
 [-0.26827548 -0.16732334 -0.01708825  0.23868063  0.22750983]
 [ 0.18355147 -0.11470143 -0.15886585 -0.09771618  0.11884323]
 [ 0.20867097 -0.0376298   0.28589621 -0.08766104 -0.06614317]
 [-0.04208441 -0.07915547 -0.29292771  0.00409491 -0.07647529]]
Matrix Pair 126; W = [[ 0.21019755 -0.01550191  0.14296269 -0.07439248 -0.09853277]
 [-0.21566646 -0.4211688  -0.02245921  0.20960519 -0.12483367]
 [ 0.00519329 -0.05362026 -0.14987443  0.03489176 -0.02156723]
 [-0.03913165  0.01743716  0.13310951 -0.11241564 -0.13050255]
 [-0.20471364 -0.21159465 -0.30398783 -0.18199474  0.03751761]]
U = [[ 0.1749818   0.20591117  0.30788181  0.27757102 -0.02239051]
 [-0.25684389 -0.18775315  0.04850015  0.17613565  0.18639998]
 [ 0.10634282 -0.13953073 -0.19311788 -0.08195278  0.09527778]
 [ 0.17268475 -0.06112188  0.31711027 -0.09094988 -0.08193241]
 [-0.05073947 -0.0116752  -0.22108981 -0.04114602 -0.07265409]]
Matrix Pair 127; W = [[ 0.17476576  0.03402835  0.17334973 -0.05443322 -0.08693675]
 [-0.16865099 -0.44217034 -0.06678595  0.25113082 -0.10535221]
 [ 0.01177119  0.02620592 -0.12969379  0.08662586 -0.10165841]
 [ 0.02200002  0.01448693  0.15209824 -0.10159795 -0.09327406]
 [-0.15411081 -0.13088992 -0.25175171 -0.1036382  -0.02019443]]
U = [[ 0.19537334  0.13053607  0.34190753  0.26813044 -0.01327081]
 [-0.28368719 -0.12298798  0.02477916  0.2392733   0.25115438]
 [ 0.11845221 -0.14034493 -0.14226421 -0.0624514   0.13051093]
 [ 0.20424864 -0.06798988  0.3260987  -0.03840986 -0.11226155]
 [-0.12833475 -0.00173062 -0.29483437 -0.01765032 -0.05041977]]
