Epoch: 82Matrix Pair 0; W = [[-0.02140364  0.01164209  0.18409881  0.05894006 -0.20129952]
 [ 0.07153302 -0.16953111 -0.05097273 -0.08736098  0.26355984]
 [-0.14645872  0.02966569 -0.09416082  0.05310686  0.16446529]
 [-0.03749959 -0.05051436 -0.03021031  0.03693305  0.04354703]
 [-0.12504871 -0.22644418 -0.04366574  0.1678817  -0.09169628]]
U = [[ 0.03002702 -0.09499667  0.13370542 -0.06187252  0.21617627]
 [-0.20183187  0.06860721  0.19103741  0.15171463  0.02859403]
 [ 0.2826472   0.03826996  0.16819601  0.11498769  0.19134751]
 [ 0.08676624  0.1327288   0.03860694  0.06283015  0.12764762]
 [-0.29912393  0.20120444  0.40889486  0.2029296  -0.0126713 ]]
Matrix Pair 1; W = [[-0.0507557   0.01158326  0.11009233  0.07735441 -0.16450341]
 [ 0.07470369 -0.18392374 -0.08822442 -0.10577407  0.27340338]
 [-0.13527027  0.01370525 -0.11174577 -0.00422013  0.18570383]
 [ 0.01248174 -0.1312507  -0.0053904   0.0371025   0.0487643 ]
 [-0.18734527 -0.22379781 -0.04673864  0.12066109 -0.08018733]]
U = [[ 0.09589685 -0.10712585  0.18669558 -0.09405919  0.17864953]
 [-0.16967353  0.0975033   0.15779128  0.12788857  0.03348899]
 [ 0.25680265  0.01577335  0.16279821  0.08301903  0.20562087]
 [ 0.0536594   0.21294366  0.00618926  0.06232955  0.07015604]
 [-0.28270721  0.18594659  0.3822175   0.11402967  0.04982778]]
Matrix Pair 2; W = [[-0.07052393  0.01022309  0.17822652  0.04115624 -0.12231775]
 [ 0.11570554 -0.14830476 -0.11455564 -0.11265073  0.26272079]
 [-0.08640564 -0.00185015 -0.12140156  0.0530985   0.23596756]
 [ 0.04514985 -0.10175202  0.00102932  0.01174064  0.05595859]
 [-0.15685894 -0.20987907 -0.03808413  0.13643272 -0.04272718]]
U = [[ 0.06084154 -0.09710045  0.10697002 -0.07475409  0.18036654]
 [-0.18503727  0.1045817   0.19622715  0.14612392  0.00735883]
 [ 0.27613427  0.06778396  0.11675349  0.15574972  0.24849321]
 [ 0.03412796  0.17112657  0.03568674  0.04265645  0.12003746]
 [-0.34138621  0.16338298  0.36715375  0.15889543  0.01366424]]
Matrix Pair 3; W = [[-0.05229414  0.05044279  0.15372111  0.10210868 -0.17288369]
 [ 0.10150586 -0.16873092 -0.04538696 -0.1599538   0.22510532]
 [-0.11555035  0.05798102 -0.15324663 -0.02139735  0.20128894]
 [ 0.03976262 -0.10543703  0.04802403 -0.02258581 -0.00872262]
 [-0.11718426 -0.22305765 -0.07442576  0.10951383 -0.06519742]]
U = [[ 9.65037445e-02 -1.38737046e-01  1.12821515e-01 -6.42943067e-02
   1.57232257e-01]
 [-2.13075477e-01  3.28481681e-02  1.15094060e-01  1.83761258e-01
  -2.71733169e-02]
 [ 2.29546114e-01  2.35883748e-02  1.49446657e-01  7.56423253e-02
   2.40203058e-01]
 [ 2.74364636e-02  1.76156744e-01  8.91506790e-02 -2.92269285e-04
   1.22716740e-01]
 [-2.81029705e-01  2.28387550e-01  4.03830763e-01  1.76326854e-01
   1.27138152e-02]]
Matrix Pair 4; W = [[-0.04037113  0.09025948  0.1498785   0.06689661 -0.09965466]
 [ 0.14149755 -0.23147651 -0.17795196 -0.15213813  0.21588874]
 [-0.10939844  0.06002988 -0.08833127 -0.04001383  0.20914307]
 [-0.01055983 -0.07006009  0.0723656  -0.03458952  0.0187267 ]
 [-0.12638585 -0.15465722  0.01084551  0.18836186 -0.06965779]]
U = [[ 0.07313583 -0.18528375  0.20870831 -0.02943885  0.19927804]
 [-0.09446307  0.07816698  0.16492369  0.12662172 -0.04399551]
 [ 0.24925463  0.01699533  0.16049508  0.12821114  0.18470654]
 [-0.01075321  0.1712014   0.0878151   0.08297239  0.10706218]
 [-0.20653562  0.16653113  0.3001321   0.2234954   0.01927208]]
Matrix Pair 5; W = [[-0.01898197  0.0745046   0.15604421  0.10815283 -0.13508795]
 [ 0.12900976 -0.24183059 -0.10708214 -0.17789722  0.2334786 ]
 [-0.12314855  0.05160507 -0.15682186 -0.02530402  0.23151988]
 [-0.01871992 -0.04093614  0.00345779  0.02711249  0.03969198]
 [-0.10754034 -0.21208049 -0.00077445  0.14338754  0.00093839]]
U = [[ 0.05835832 -0.1777414   0.14157493 -0.03271348  0.2204308 ]
 [-0.16112538  0.03846844  0.12979402  0.1632769  -0.07355308]
 [ 0.24653555  0.03413176  0.18057147  0.15722471  0.08663917]
 [ 0.03202149  0.18456072  0.02043097  0.04032863  0.13373864]
 [-0.26744158  0.20929443  0.31253551  0.1611462   0.03258608]]
Matrix Pair 6; W = [[-7.57184974e-02  1.25727357e-01  1.34990415e-01  1.04879786e-01
  -8.82265490e-02]
 [ 1.04358865e-01 -2.33974802e-01 -1.43634777e-01 -1.51414688e-01
   2.26426883e-01]
 [-1.58961701e-01  3.27440864e-02 -1.05843013e-01  3.09621203e-02
   2.08594450e-01]
 [ 2.72129011e-02 -8.29552293e-02  5.24218575e-02 -1.18230874e-02
   2.10886171e-02]
 [-1.10586793e-01 -1.69521726e-01 -1.10516652e-04  2.08540681e-01
  -2.98280831e-02]]
U = [[ 0.06938421 -0.12999587  0.21022548 -0.08346771  0.23577148]
 [-0.15166767  0.08035395  0.1346019   0.09879306 -0.04840112]
 [ 0.32290573  0.02672065  0.17548693  0.13964647  0.12881855]
 [ 0.02812798  0.16324747  0.03028098  0.0508612   0.12359912]
 [-0.2225761   0.18936835  0.3355961   0.18251312 -0.04254812]]
Matrix Pair 7; W = [[-0.00878813  0.1178621   0.19204311  0.05267782 -0.13956923]
 [ 0.19464862 -0.28985148 -0.18272157 -0.16852409  0.21631548]
 [-0.14820436  0.0379539  -0.07230472 -0.00527759  0.17710902]
 [ 0.02922492 -0.08110836  0.03802014  0.00916571  0.01123304]
 [-0.13984953 -0.19855335  0.01232831  0.22233584  0.00568471]]
U = [[ 0.04412434 -0.17005601  0.16608643 -0.07809545  0.1943495 ]
 [-0.15280036  0.10300018  0.18278756  0.14541046  0.00296839]
 [ 0.30481824  0.01171445  0.15751673  0.18490438  0.12710669]
 [-0.0118263   0.17212691  0.03582611  0.02747071  0.04127307]
 [-0.28950285  0.18541004  0.33198674  0.19123459  0.04392418]]
Matrix Pair 8; W = [[-0.09942569  0.06327421  0.17836245  0.10630022 -0.14614275]
 [ 0.11236607 -0.19060598 -0.04291513 -0.10958435  0.25603851]
 [-0.13195462  0.01317377 -0.14657692  0.04602875  0.17858345]
 [-0.0870403  -0.05742174  0.02935681  0.03952327  0.00490066]
 [-0.1705249  -0.09542543 -0.02715703  0.08884375 -0.0425954 ]]
U = [[ 0.00580148 -0.12123608  0.18218658 -0.07626768  0.25835248]
 [-0.0974129   0.1853134   0.16139307  0.15027396  0.02305261]
 [ 0.22828799 -0.0311425   0.04799772  0.13901755  0.08648538]
 [ 0.13551724  0.1401704   0.05903463  0.09128064  0.06072407]
 [-0.24685695  0.1760633   0.39202281  0.10156817  0.04175684]]
Matrix Pair 9; W = [[-0.04361287  0.03758649  0.09227867  0.0931311  -0.17388336]
 [ 0.18805261 -0.21439034 -0.06896684 -0.08976488  0.24260585]
 [-0.11230641  0.01427024 -0.14396598 -0.03222601  0.22706648]
 [-0.01954698 -0.0494435   0.08645853  0.05129551 -0.00126266]
 [-0.24265432 -0.17234413 -0.05479719  0.12881208  0.01739677]]
U = [[ 0.03443172 -0.11428128  0.12912958 -0.07504963  0.21239246]
 [-0.18819321  0.12820957  0.13161528  0.14802542  0.0324696 ]
 [ 0.25971971 -0.00194482  0.12962178  0.07796933  0.18340578]
 [ 0.12100809  0.14980774  0.08107561  0.07325857  0.04523333]
 [-0.27552663  0.15981275  0.42546396  0.11040716  0.06124632]]
Matrix Pair 10; W = [[-0.12002035  0.07095497  0.10527723  0.09208337 -0.1801648 ]
 [ 0.12347218 -0.27008059 -0.09146491 -0.10516786  0.20894741]
 [-0.04306451 -0.00787181 -0.1791412   0.00891819  0.21489638]
 [-0.09820113 -0.04579222  0.0788239   0.03270828  0.021839  ]
 [-0.20779297 -0.15801398  0.00526925  0.05287126 -0.06891138]]
U = [[ 0.06264284 -0.13812357  0.1785941  -0.06353048  0.25526084]
 [-0.09677742  0.14051194  0.14469078  0.19153246  0.07069726]
 [ 0.20936927 -0.02066164  0.06418872  0.1021269   0.10273101]
 [ 0.094142    0.18557818  0.08364513  0.01451462  0.07579044]
 [-0.20906868  0.20331214  0.39496288  0.1450894   0.09759634]]
Matrix Pair 11; W = [[-0.05954639  0.07362959  0.09686165  0.0570912  -0.09830501]
 [ 0.11590833 -0.19576354 -0.0688302  -0.11630595  0.24601188]
 [-0.07995446  0.01805097 -0.17364043 -0.03580237  0.20487492]
 [-0.09559867 -0.10239421  0.06154783 -0.00799411  0.02383426]
 [-0.1671809  -0.16973896  0.0096429   0.05098127 -0.02092763]]
U = [[ 0.01426293 -0.120726    0.19635397 -0.09128238  0.23705722]
 [-0.10554371  0.14169874  0.09979119  0.18036143 -0.01654482]
 [ 0.30571681 -0.03696253  0.07549451  0.16711037  0.15244061]
 [ 0.08207524  0.15273551  0.02861226  0.03759295  0.04980244]
 [-0.26090221  0.2373998   0.40018852  0.18810573  0.09685155]]
Matrix Pair 12; W = [[-0.06228165  0.01159439  0.15024898  0.13935714 -0.07336507]
 [ 0.18943937 -0.24141191 -0.04220289 -0.10752178  0.26423509]
 [-0.12079594  0.05781479 -0.19261513  0.02313764  0.22638052]
 [ 0.06432477 -0.04925554  0.0381841  -0.05622801 -0.03262388]
 [-0.22856783 -0.1880543   0.03382301  0.17815859 -0.07027141]]
U = [[ 0.06425966 -0.16686076  0.1961275  -0.07373087  0.21711682]
 [-0.17913261  0.07631546  0.14277571  0.15191618  0.01521426]
 [ 0.26756731  0.01619999  0.1145911   0.09822636  0.11044051]
 [-0.01774506  0.12192754  0.07020597 -0.03473542 -0.00825001]
 [-0.28312175  0.20735058  0.29766197  0.1740194   0.0177672 ]]
Matrix Pair 13; W = [[-0.02064685  0.03391258  0.1266447   0.13696141 -0.0935464 ]
 [ 0.14368596 -0.21179844 -0.10684977 -0.08355743  0.28127521]
 [-0.17042628  0.03315847 -0.16069622  0.05848391  0.26452235]
 [ 0.03891    -0.04866909  0.0170272  -0.10010576 -0.06240783]
 [-0.13970328 -0.18510819 -0.05633859  0.14274515 -0.07820305]]
U = [[ 8.68227245e-02 -1.04861732e-01  1.76483559e-01 -8.25550874e-02
   1.65431033e-01]
 [-1.98670410e-01  5.17223611e-02  8.31491392e-02  1.18233553e-01
   3.97803133e-04]
 [ 2.83710874e-01 -5.73439961e-03  1.30609237e-01  1.56300802e-01
   1.67635552e-01]
 [ 1.32405070e-02  1.64113646e-01  8.78650889e-02 -2.47915280e-04
  -1.30017432e-02]
 [-3.27566953e-01  2.78540679e-01  2.94430599e-01  2.01482268e-01
   3.47218867e-02]]
Matrix Pair 14; W = [[-0.07990728  0.06225369  0.10559443  0.1009796  -0.10786309]
 [ 0.18518046 -0.18711547 -0.0645631  -0.07415065  0.20685639]
 [-0.11407393  0.00292943 -0.19198115  0.01162258  0.27005601]
 [-0.01314584 -0.07942804  0.05049937 -0.07352725  0.01234648]
 [-0.1432254  -0.19329458 -0.00718391  0.12053315 -0.03220352]]
U = [[ 0.02989172 -0.17854272  0.16389779 -0.06895303  0.18158302]
 [-0.20213146  0.10271801  0.12626584  0.14184334  0.01917594]
 [ 0.33455744 -0.01007335  0.08925354  0.16041882  0.16640069]
 [-0.00323584  0.19495637  0.03214636  0.02168235  0.00431488]
 [-0.33198367  0.27018942  0.38911774  0.20576706  0.00611607]]
Matrix Pair 15; W = [[-0.02265971  0.04533201  0.15140587  0.16386668 -0.07326423]
 [ 0.18950019 -0.18590997 -0.10623503 -0.14675381  0.19654565]
 [-0.18121785  0.02317204 -0.18220652  0.03130706  0.25602971]
 [-0.00840407 -0.01803694  0.08358532 -0.09312634 -0.06088884]
 [-0.14592435 -0.24462595 -0.0127658   0.1074336  -0.08953345]]
U = [[ 0.08263385 -0.18178482  0.175448   -0.11768621  0.21102649]
 [-0.12438698  0.09043416  0.12644741  0.10393516 -0.02032321]
 [ 0.29030988  0.00561783  0.10068736  0.12266403  0.09260756]
 [-0.02547018  0.11787543  0.09092707  0.01681424 -0.01252848]
 [-0.28127678  0.20484697  0.33777497  0.13858754  0.01018031]]
Matrix Pair 16; W = [[-0.07668132  0.16315786  0.12276491  0.09226817 -0.09190759]
 [ 0.17975746 -0.27408587 -0.08174374 -0.09624751  0.14311813]
 [-0.13034595  0.10912959 -0.051699    0.02230196  0.21858555]
 [ 0.01394017 -0.10839103  0.04378265  0.03434929 -0.0117112 ]
 [-0.17850318 -0.13766951  0.02446535  0.11866902 -0.04778265]]
U = [[-0.02550177 -0.17291479  0.05773566 -0.02148602  0.2496463 ]
 [-0.09710618  0.09152091  0.12715431  0.19940107 -0.0180358 ]
 [ 0.25222749 -0.01916216  0.11127715  0.17759102  0.11976399]
 [ 0.10088438  0.16658923  0.05841394 -0.01033681  0.00054324]
 [-0.25425092  0.14730192  0.39768533  0.13493119 -0.00208092]]
Matrix Pair 17; W = [[-0.08099532  0.16185497  0.19122103  0.07312653 -0.09051377]
 [ 0.16276584 -0.20276641 -0.0717863  -0.11898049  0.21533004]
 [-0.09465876  0.02902906 -0.04100855  0.04714917  0.18785144]
 [-0.07055129 -0.08701464  0.05496563  0.08237408 -0.06799627]
 [-0.12774377 -0.13650248  0.05115224  0.19026874 -0.06854718]]
U = [[ 0.02849799 -0.11969637  0.09082257 -0.01994818  0.21844956]
 [-0.12687396  0.11811662  0.15883999  0.17875041 -0.04049764]
 [ 0.26230217 -0.03244424  0.18073525  0.20664951  0.10951881]
 [ 0.10447591  0.15382176  0.11336575  0.01333928  0.03814317]
 [-0.17924079  0.19226717  0.3912467   0.22172437 -0.04257601]]
Matrix Pair 18; W = [[-0.00024877  0.12585661  0.15933777  0.09368352 -0.12133102]
 [ 0.1383976  -0.20083922 -0.10522653 -0.09066585  0.18319256]
 [-0.14010729  0.08745455 -0.02191393  0.03339165  0.20855552]
 [-0.06767921 -0.12291217  0.05084107  0.0616067  -0.02344807]
 [-0.1231164  -0.15843209  0.04563069  0.12950562 -0.01797352]]
U = [[-0.00988809 -0.10384968  0.13164849 -0.07422214  0.20336977]
 [-0.12856309  0.09401173  0.13420882  0.2066839   0.02705903]
 [ 0.22898776 -0.01438834  0.18265037  0.18718068  0.19360076]
 [ 0.0650751   0.16687698  0.0688227   0.03473539  0.0865784 ]
 [-0.18919866  0.18028194  0.37194903  0.17712696 -0.04527098]]
Matrix Pair 19; W = [[-0.04586907  0.07315962  0.13937451  0.07101047 -0.14643027]
 [ 0.16084611 -0.28500816 -0.09651275 -0.09783007  0.20794844]
 [-0.11884766  0.04831228 -0.04471238  0.03649141  0.13870677]
 [-0.04915347 -0.09237725  0.04782003  0.04670034  0.00989141]
 [-0.18304774 -0.14397921  0.02367858  0.16165853 -0.05048422]]
U = [[-0.01242399 -0.18187812  0.14038546 -0.02353494  0.22836877]
 [-0.0921954   0.08085313  0.17137524  0.1904208   0.00725347]
 [ 0.32135233  0.02592847  0.11470118  0.14242065  0.20594485]
 [ 0.15538729  0.12378946  0.1180088   0.04157496  0.08739701]
 [-0.21317455  0.17041824  0.38145706  0.22284962  0.00879416]]
Matrix Pair 20; W = [[ 0.00493273  0.10716582  0.24090702  0.01416294 -0.17445684]
 [ 0.15434814 -0.19170752 -0.08629539 -0.08082667  0.18771579]
 [-0.0233705  -0.04473577 -0.1620619   0.00968577  0.26534039]
 [-0.06926394 -0.10000064  0.08374548  0.00562297  0.09214359]
 [-0.10458624 -0.22250483  0.01106802  0.07878195 -0.09419063]]
U = [[ 0.04566915 -0.17391339  0.10189701 -0.09467091  0.27574166]
 [-0.13468669  0.08545785  0.131954    0.12462102 -0.00285872]
 [ 0.2789646   0.04148101  0.14138157  0.13702561  0.10683362]
 [ 0.06482128  0.18297679  0.07755118 -0.0095553   0.00584043]
 [-0.21546317  0.26420221  0.30959109  0.19525747 -0.06319554]]
Matrix Pair 21; W = [[-0.0737315   0.09553785  0.25724649  0.08734331 -0.18174302]
 [ 0.10610562 -0.27870048 -0.09022116 -0.07974259  0.25365939]
 [-0.06584959 -0.0633427  -0.14370438  0.03848583  0.23815609]
 [-0.04686062 -0.06023911  0.07901054 -0.01545667  0.09186321]
 [-0.06197177 -0.26725325  0.01259182  0.11331552 -0.10252703]]
U = [[-0.00628568 -0.15603818  0.16782618 -0.13015823  0.25334937]
 [-0.15625892  0.13189591  0.11617614  0.17934148 -0.0522709 ]
 [ 0.2554843   0.01446845  0.15752671  0.17291695  0.07684891]
 [ 0.01692594  0.12865522  0.01004266 -0.00618759  0.03661656]
 [-0.21498084  0.24677805  0.38570789  0.22288058 -0.07820532]]
Matrix Pair 22; W = [[ 0.01129225  0.12175016  0.23990066  0.06519692 -0.12175373]
 [ 0.16076823 -0.21112111 -0.0379821  -0.05646722  0.235299  ]
 [-0.08728453 -0.07119141 -0.16990298  0.01791589  0.28421207]
 [-0.06365876 -0.07310531  0.02087506  0.04037841  0.02603535]
 [-0.08637487 -0.27241403  0.00052163  0.107913   -0.02776152]]
U = [[ 0.05070558 -0.1368152   0.1823741  -0.03636335  0.23389704]
 [-0.09668801  0.13099941  0.14176492  0.18543795 -0.0665432 ]
 [ 0.27312419  0.03917681  0.10192599  0.17188891  0.1369997 ]
 [ 0.07776574  0.1863309  -0.00153188  0.03570518 -0.0063014 ]
 [-0.25657519  0.26825667  0.32464959  0.17390928 -0.01624007]]
Matrix Pair 23; W = [[-0.02017247  0.02637611  0.23219595  0.07540232 -0.20722582]
 [ 0.13486408 -0.28287931 -0.07024917 -0.14180495  0.18919973]
 [-0.07928779  0.0190997  -0.15572074  0.07787718  0.29885319]
 [-0.04969821 -0.07764637  0.06981125  0.02980509  0.07530972]
 [-0.08949887 -0.27389339  0.00796793  0.07759853 -0.0603756 ]]
U = [[ 0.0572171  -0.13488431  0.10844643 -0.06285615  0.29053914]
 [-0.11375358  0.10218093  0.13540918  0.11648163 -0.05342353]
 [ 0.21939069  0.07571778  0.13796303  0.17883119  0.11405352]
 [ 0.02315672  0.1662537   0.00973237 -0.00304172 -0.01251344]
 [-0.16455564  0.25100733  0.2985823   0.24815841  0.00084224]]
Matrix Pair 24; W = [[-0.08122888  0.10417127  0.08860144  0.13715436 -0.09314444]
 [ 0.21260612 -0.24164103 -0.0144011  -0.03943111  0.1534096 ]
 [-0.02858445  0.07673308 -0.04625758  0.0267288   0.20493199]
 [ 0.0183541  -0.07020223  0.018455    0.04146387 -0.00828201]
 [-0.14654525 -0.10868948  0.06523229  0.05478361  0.0131825 ]]
U = [[ 0.0638557  -0.09127207  0.11763033 -0.0949091   0.26953124]
 [-0.14059272  0.08336508  0.16229922  0.2042144  -0.10332092]
 [ 0.25858636 -0.02461098  0.12464514  0.17372339  0.10024821]
 [ 0.04540364  0.19815822  0.02350588  0.02739629  0.02074739]
 [-0.27175807  0.15176252  0.29105918  0.26126479  0.01410807]]
Matrix Pair 25; W = [[-0.12811932  0.07156572  0.1467501   0.06020137 -0.09430263]
 [ 0.12861818 -0.18776133 -0.08198616 -0.04638937  0.14296963]
 [-0.0551781   0.05905243 -0.06199793 -0.02103622  0.22696321]
 [-0.0344688  -0.10298005  0.01755323  0.04139586 -0.00242652]
 [-0.18087658 -0.09610682  0.03857089  0.12717329  0.03696059]]
U = [[ 0.00833772 -0.1585793   0.14369975 -0.09880532  0.24709527]
 [-0.14115973  0.10926131  0.12438823  0.20325737 -0.07439195]
 [ 0.32906556  0.009566    0.11323105  0.17231069  0.17293475]
 [ 0.10881062  0.16396974  0.03643251  0.02637523  0.050295  ]
 [-0.25622862  0.22267138  0.26145085  0.27395692  0.02885718]]
Matrix Pair 26; W = [[-0.12734243  0.09277412  0.1507077   0.12590384 -0.05395474]
 [ 0.19494022 -0.18548703 -0.01736534 -0.04886061  0.22427483]
 [-0.06848443  0.05504122 -0.07158833 -0.03764508  0.20365212]
 [-0.00956999 -0.11974973  0.0489045   0.0307943   0.02251459]
 [-0.18148778 -0.09082768  0.03763223  0.08100782  0.02834783]]
U = [[ 0.05513366 -0.12919071  0.12927811 -0.01930417  0.2565725 ]
 [-0.10771869  0.11900154  0.15871819  0.1407898  -0.06230696]
 [ 0.26060329 -0.00143031  0.09870929  0.12911106  0.16948902]
 [ 0.02456672  0.19830589  0.05821509  0.07432725  0.03881245]
 [-0.28499811  0.14499593  0.34052837  0.21133582 -0.00991439]]
Matrix Pair 27; W = [[-0.11015496  0.06267645  0.1360868   0.1483782  -0.07891664]
 [ 0.16489341 -0.19620207 -0.06269273 -0.05316243  0.14873204]
 [-0.01708643  0.12543242 -0.06205937  0.00724194  0.21960501]
 [-0.03370186 -0.12022016  0.07358902  0.02816434  0.02860694]
 [-0.21425995 -0.11419432  0.0300607   0.11823702 -0.01264345]]
U = [[ 0.02062936 -0.09147246  0.10764668 -0.10157981  0.235193  ]
 [-0.16046408  0.06217135  0.17228695  0.1403822  -0.02490479]
 [ 0.32283904 -0.01018875  0.12726059  0.12098354  0.1490525 ]
 [ 0.06749482  0.19315319  0.07366424 -0.00575435  0.03705269]
 [-0.28399612  0.17311053  0.30192295  0.20411988  0.07132692]]
Matrix Pair 28; W = [[-0.05687164  0.03665484  0.05988224  0.12664325 -0.06809638]
 [ 0.08950721 -0.20669267 -0.0459334  -0.15025689  0.17781097]
 [-0.12506151  0.04331118 -0.09095935  0.00983521  0.21404107]
 [-0.04608761 -0.03640001  0.01371652  0.07469875 -0.01479051]
 [-0.17127456 -0.0735755  -0.01412793  0.09386095  0.00815436]]
U = [[ 0.00814994 -0.15537343  0.11595551 -0.07869043  0.29334754]
 [-0.1884042   0.08753337  0.20297502  0.17266349 -0.01496847]
 [ 0.27734787  0.02335927  0.14521343  0.18556459  0.09148763]
 [ 0.09007431  0.18701836  0.06000814 -0.03006184  0.11781457]
 [-0.26900498  0.24127689  0.36860293  0.20393166 -0.01478432]]
Matrix Pair 29; W = [[-0.05871839  0.05033428  0.1014061   0.05087529 -0.06882421]
 [ 0.16588604 -0.2432899  -0.13568385 -0.08487926  0.20985714]
 [-0.094629    0.10920801 -0.09744707  0.0558478   0.23872401]
 [-0.06221657 -0.09754933 -0.00512894  0.05528527  0.04890184]
 [-0.21304173 -0.08126081  0.05636144  0.15469157 -0.03032911]]
U = [[ 0.05635268 -0.107676    0.11882239 -0.13850955  0.26016235]
 [-0.19738008  0.13574911  0.17658671  0.20099763  0.035461  ]
 [ 0.26345897 -0.01235606  0.17906683  0.19021904  0.0675947 ]
 [ 0.02271071  0.16892515  0.06452944  0.05459645  0.10922126]
 [-0.27616969  0.21460804  0.40208235  0.21592089 -0.00296481]]
Matrix Pair 30; W = [[-0.07127507  0.12990554  0.06252361  0.05030196 -0.04031186]
 [ 0.13600138 -0.26483336 -0.06419393 -0.13568215  0.23660602]
 [-0.07391384  0.05392631 -0.06345061  0.07198812  0.22776141]
 [-0.09767239 -0.07810497  0.00282282  0.01136586  0.01692678]
 [-0.24852642 -0.16263095  0.02055945  0.06473683  0.01665695]]
U = [[ 0.04944026 -0.15109253  0.18305674 -0.1136742   0.28529846]
 [-0.22904887  0.06232612  0.19341323  0.15449806  0.0485086 ]
 [ 0.32497108  0.05404661  0.1708696   0.1572859   0.08365782]
 [ 0.09292777  0.17802565  0.02419278 -0.02622599  0.07078779]
 [-0.22355448  0.24231948  0.42866388  0.23269528  0.00667408]]
Matrix Pair 31; W = [[-0.11454595  0.05164897  0.0577333   0.13009836 -0.03636182]
 [ 0.08256692 -0.17687324 -0.05472478 -0.17088667  0.2131908 ]
 [-0.15919351  0.08936932 -0.11970271  0.03210384  0.21887698]
 [-0.04193174 -0.06115112 -0.02624012  0.03280493  0.03683267]
 [-0.25489262 -0.09783509 -0.00473959  0.07524471 -0.01356846]]
U = [[-2.62932336e-02 -1.44257103e-01  2.04688861e-01 -1.52083003e-01
   2.46456958e-01]
 [-2.27584253e-01  8.12981707e-02  1.67578916e-01  1.79416472e-01
   1.47821453e-02]
 [ 3.04695533e-01  3.37322281e-04  1.20420387e-01  1.01363722e-01
   7.21382513e-02]
 [ 1.06055549e-02  1.37289576e-01  6.95537468e-02  3.31747357e-02
   3.56603338e-02]
 [-1.92266824e-01  1.98342213e-01  3.89972440e-01  1.51832048e-01
  -6.58434316e-04]]
Matrix Pair 32; W = [[-0.05899042  0.02445084  0.09753147  0.14757286 -0.07349678]
 [ 0.12186924 -0.19644737 -0.10584605 -0.12723281  0.21461017]
 [-0.1303088   0.04524416 -0.05883751  0.02844779  0.23385331]
 [ 0.05120887 -0.01711043  0.00201598  0.03676097  0.00971888]
 [-0.20946224 -0.13248349 -0.09769547  0.10167088 -0.04253994]]
U = [[ 0.09321519 -0.0853639   0.1466677  -0.02184096  0.29417843]
 [-0.1495297   0.04798314  0.18135394  0.23048909  0.00070974]
 [ 0.30709154  0.06415289  0.08734668  0.18564935  0.12914858]
 [ 0.11753927  0.1815579   0.07982239  0.04931171  0.04152854]
 [-0.25744302  0.21952937  0.32741615  0.17574215 -0.02298707]]
Matrix Pair 33; W = [[-0.07428613  0.06089121  0.12755584  0.15082289 -0.05638948]
 [ 0.12519896 -0.15046674 -0.10349243 -0.15844803  0.17295712]
 [-0.11996116  0.08456656 -0.07182446 -0.01513093  0.20524733]
 [ 0.02736878 -0.0757257   0.03426479  0.09490826 -0.01834499]
 [-0.19795146 -0.12359473 -0.06927777  0.09498158  0.02396324]]
U = [[ 0.03916425 -0.08564621  0.20667255 -0.10922036  0.24558321]
 [-0.15554091  0.05695236  0.09375548  0.1786563   0.00655105]
 [ 0.30690315  0.06108431  0.1515136   0.10834613  0.09044194]
 [ 0.07590943  0.22064429  0.0859012   0.03943309  0.04664761]
 [-0.25055817  0.2099299   0.33571629  0.1704143   0.05657553]]
Matrix Pair 34; W = [[-0.08491853  0.03804617  0.1587796   0.11930037 -0.05541909]
 [ 0.1306543  -0.14686687 -0.0933907  -0.10747364  0.22037179]
 [-0.04798569  0.07215015 -0.04880395  0.01761085  0.1940876 ]
 [ 0.05729619 -0.0958238   0.01376889  0.07323684 -0.02848483]
 [-0.16042858 -0.09991928 -0.05539575  0.15878433 -0.02713464]]
U = [[ 0.10167304 -0.10701046  0.14357857 -0.04641997  0.21391512]
 [-0.14413576  0.04138732  0.15760345  0.14610627 -0.0123663 ]
 [ 0.29552362  0.02435778  0.1513915   0.20344217  0.15228185]
 [ 0.09038021  0.16987318  0.11185751  0.0488649   0.06212167]
 [-0.18339442  0.18217387  0.39608625  0.16487671  0.06064499]]
Matrix Pair 35; W = [[-0.06072848  0.1048858   0.14934042  0.07734648 -0.01730002]
 [ 0.15303238 -0.2022421  -0.11020656 -0.07115973  0.21292374]
 [-0.08925034  0.07911074 -0.02921972  0.02236744  0.22792003]
 [ 0.07662711 -0.07947869  0.017215    0.04193059  0.00796016]
 [-0.18346184 -0.10590538 -0.02119355  0.0951436   0.01882056]]
U = [[ 0.02334248 -0.08759777  0.14811645 -0.07944931  0.24019457]
 [-0.08619854  0.10256108  0.17631351  0.14830727 -0.06440129]
 [ 0.29681357  0.05968114  0.12782093  0.12421143  0.15640021]
 [ 0.09550126  0.14080666  0.05700948  0.12839674  0.04406267]
 [-0.27710798  0.16972444  0.36132906  0.22882433  0.00623487]]
Matrix Pair 36; W = [[-6.56669634e-02  5.02266507e-02  1.15967653e-01  6.98253159e-02
  -1.40828767e-01]
 [ 1.75369508e-01 -2.63907984e-01 -2.98796824e-02 -1.15203865e-01
   2.47778003e-01]
 [-4.13890693e-02 -2.59949585e-04 -5.72320025e-02 -4.18422071e-02
   2.64762952e-01]
 [-3.80774635e-02 -8.58425554e-02  8.98564585e-02 -2.71223864e-02
   6.05044870e-02]
 [-1.76909466e-01 -1.73319593e-01 -2.80868942e-02  1.21967478e-01
  -3.80306712e-02]]
U = [[ 0.0366928  -0.10061634  0.16933915 -0.10284756  0.19130743]
 [-0.15300944  0.14728245  0.10521837  0.10901724  0.01065991]
 [ 0.31550979  0.06444423  0.19247084  0.20398997  0.16096057]
 [ 0.09276733  0.28126208  0.06328877 -0.03246813  0.10891442]
 [-0.2719398   0.09760283  0.32721761  0.15105253  0.07050009]]
Matrix Pair 37; W = [[-0.06706689 -0.02603064  0.10516142  0.10604896 -0.13655415]
 [ 0.17468274 -0.28811788 -0.08137141 -0.04216676  0.16360662]
 [-0.02365402 -0.02713979 -0.08684949 -0.01113504  0.22818194]
 [-0.09313362 -0.06354423  0.12546812  0.01610648  0.06203758]
 [-0.17961847 -0.09626423 -0.02073304  0.08168825 -0.08741525]]
U = [[ 0.05233555 -0.14270775  0.12638317 -0.1473431   0.24950285]
 [-0.15339874  0.14085225  0.10232672  0.09656937  0.0165265 ]
 [ 0.25444694  0.00381938  0.10721476  0.22653592  0.12399784]
 [ 0.06203381  0.27642659  0.07949167 -0.01224901  0.0338106 ]
 [-0.21062468  0.16660118  0.32019389  0.12317878  0.08029105]]
Matrix Pair 38; W = [[-0.08237054  0.01894054  0.14994867  0.05656581 -0.11004473]
 [ 0.10318769 -0.21011644 -0.08342858 -0.10177669  0.16931275]
 [-0.04005647 -0.0455913  -0.06031514  0.02129299  0.26677454]
 [-0.04084912 -0.09912093  0.08002401  0.03308122  0.02968542]
 [-0.20928439 -0.11499493 -0.03695069  0.07230046 -0.05810693]]
U = [[ 0.08598648 -0.14035454  0.10759379 -0.10074615  0.1874233 ]
 [-0.12195696  0.07494573  0.06157562  0.14974554  0.01103435]
 [ 0.25646583 -0.0018662   0.1805469   0.14095319  0.1793143 ]
 [ 0.05640136  0.25431805  0.03626801 -0.04332434  0.08180349]
 [-0.27148627  0.19041932  0.36433563  0.18658318  0.08282229]]
Matrix Pair 39; W = [[-0.06453437  0.00364593  0.12379129  0.05822897 -0.11570825]
 [ 0.12106969 -0.24344765 -0.04270988 -0.06453359  0.23328331]
 [-0.00984421 -0.00745609 -0.14134512 -0.03780883  0.25959972]
 [-0.02558594 -0.08509955  0.11700521 -0.01882949  0.00550606]
 [-0.20774516 -0.15553375 -0.04121106  0.12400278 -0.06077329]]
U = [[ 0.07503057 -0.15898989  0.13549725 -0.08366586  0.26036661]
 [-0.08108123  0.09740131  0.11218019  0.17789142 -0.02228058]
 [ 0.33820124  0.00412579  0.17883123  0.2083606   0.19903341]
 [ 0.09111747  0.22382834 -0.00644711 -0.02045038  0.07949994]
 [-0.26449013  0.12816716  0.35936989  0.11850198  0.03586874]]
Matrix Pair 40; W = [[-0.03909907  0.05348784  0.04450335  0.04931035 -0.02416184]
 [ 0.11466421 -0.20270289 -0.0511036  -0.12029697  0.1868954 ]
 [-0.13200613  0.0844494  -0.04146949  0.06764208  0.24607856]
 [ 0.02511484 -0.11690398  0.05889811 -0.05470865 -0.01032709]
 [-0.1724943  -0.18120098 -0.01084561  0.18114819 -0.00609179]]
U = [[ 0.01658101 -0.06964143  0.1259063  -0.06779529  0.16764165]
 [-0.17700892  0.1361852   0.14433255  0.14694818 -0.100802  ]
 [ 0.24536012  0.07626216  0.12663117  0.17022414  0.13319303]
 [ 0.02159483  0.17226783  0.08197533  0.01505686  0.03426733]
 [-0.26746048  0.2268777   0.34395427  0.21492     0.01047864]]
Matrix Pair 41; W = [[-0.05824237  0.05867738  0.12863834  0.07446379 -0.08709253]
 [ 0.09924389 -0.19111862 -0.07067825 -0.11586347  0.17413594]
 [-0.17228801  0.04925908 -0.06421944  0.02487837  0.2252074 ]
 [ 0.03006362 -0.07629944  0.07363047 -0.02172773 -0.00295668]
 [-0.17896578 -0.11728534 -0.00966061  0.12345205 -0.07075725]]
U = [[-0.02046736 -0.10175762  0.19840114 -0.06600051  0.12176414]
 [-0.17445285  0.12502245  0.16174186  0.10583168 -0.09506487]
 [ 0.22319608  0.07342789  0.10656902  0.08586907  0.14162695]
 [ 0.09168876  0.20311757  0.09285283 -0.01408668  0.06125122]
 [-0.33763364  0.21038279  0.30822869  0.22801917 -0.01335441]]
Matrix Pair 42; W = [[-0.05370485  0.04228425  0.13310326  0.08586981 -0.07066087]
 [ 0.09252477 -0.20942091 -0.05478351 -0.06072148  0.17453641]
 [-0.10038688  0.06003228 -0.04294089  0.08638158  0.24012029]
 [-0.00973506 -0.06372865  0.09306889 -0.05322248 -0.00947663]
 [-0.23055955 -0.11425046 -0.00667417  0.18534473 -0.09342438]]
U = [[-0.05383195 -0.13023834  0.16470207  0.00886473  0.13378524]
 [-0.12370206  0.08178971  0.14837989  0.0664286  -0.08751144]
 [ 0.23302698  0.0444076   0.11122249  0.09762052  0.12054359]
 [ 0.02300348  0.1461437   0.112973    0.06020543  0.06763367]
 [-0.34588296  0.20253827  0.37426256  0.17398503  0.04944719]]
Matrix Pair 43; W = [[-0.04704118  0.13206557  0.05199365  0.06281579 -0.11855264]
 [ 0.13252118 -0.2162842  -0.09420492 -0.09941489  0.24635424]
 [-0.08331325  0.02107355 -0.06302317  0.0726703   0.2008146 ]
 [-0.028253   -0.09383656  0.03021746  0.01545392  0.00392742]
 [-0.2029996  -0.13426461 -0.00948701  0.10811207 -0.01386789]]
U = [[ 0.01769301 -0.13378303  0.19380631 -0.07620538  0.2139048 ]
 [-0.17112394  0.12960663  0.18629995  0.09908919 -0.01722314]
 [ 0.26918629  0.00262158  0.06950418  0.15461805  0.09849185]
 [ 0.0473686   0.20907293  0.07436713  0.04783065  0.0465246 ]
 [-0.34051244  0.20087462  0.31219297  0.14126275  0.01601923]]
Matrix Pair 44; W = [[-0.0986512   0.00079032  0.17559068  0.05644071 -0.15349065]
 [ 0.08203214 -0.23314567 -0.08436267 -0.06384834  0.21885869]
 [-0.0447177   0.04466462 -0.06870118 -0.02846463  0.19596087]
 [ 0.03739207 -0.10697     0.06549718 -0.03996177 -0.03481263]
 [-0.16365979 -0.1651216  -0.02716487  0.08973632 -0.01111668]]
U = [[ 0.06727043 -0.11555057  0.1421835  -0.10975192  0.24904769]
 [-0.20210686  0.07777507  0.06392018  0.19289685 -0.05150992]
 [ 0.28381    -0.03491187  0.11879115  0.21902776  0.09121383]
 [ 0.05469182  0.25604733  0.06736556  0.02662248  0.04666108]
 [-0.21268322  0.2042575   0.32490969  0.15716315  0.02571603]]
Matrix Pair 45; W = [[-0.06242675 -0.02508891  0.13149416  0.00456091 -0.11624733]
 [ 0.1094391  -0.23606209 -0.07047561 -0.12810764  0.1820882 ]
 [-0.0931395   0.05288081 -0.12205649 -0.01454033  0.18230568]
 [-0.04833109 -0.04974851  0.07665059 -0.03126913  0.00290581]
 [-0.1225793  -0.18108846 -0.01779702  0.06594088 -0.00068702]]
U = [[ 0.07745822 -0.11873013  0.15561763 -0.10870714  0.18885336]
 [-0.16189097 -0.0018      0.11103179  0.21220236 -0.06118586]
 [ 0.34630945  0.04052608  0.15328631  0.19439064  0.08095438]
 [ 0.02464445  0.30476953  0.068104   -0.02512025  0.05631365]
 [-0.18571528  0.1952815   0.39458294  0.09890258  0.07187201]]
Matrix Pair 46; W = [[-0.13176536  0.0444265   0.12131661  0.06301007 -0.0883735 ]
 [ 0.06634478 -0.2976415  -0.09263278 -0.12893957  0.18916245]
 [-0.05377106 -0.01607609 -0.06897862 -0.00965214  0.18415421]
 [ 0.0245782  -0.07930099  0.04398648 -0.03484675  0.00408561]
 [-0.17587616 -0.17844904 -0.07260946  0.04530155 -0.09381532]]
U = [[ 0.02917707 -0.11268827  0.14364608 -0.13171267  0.18395583]
 [-0.21059965 -0.00456409  0.09891868  0.18003294 -0.01600846]
 [ 0.25709022 -0.00250305  0.12549897  0.24499428  0.07871092]
 [ 0.05704146  0.27576398  0.01289974  0.03299058  0.09913457]
 [-0.23153575  0.17453218  0.38854815  0.13789387  0.09594536]]
Matrix Pair 47; W = [[-0.05873632 -0.00877854  0.11394352  0.06662079 -0.11678613]
 [ 0.04027774 -0.27899364 -0.10999607 -0.10037384  0.1718773 ]
 [-0.02565321 -0.00173515 -0.09502058  0.00393639  0.1706977 ]
 [ 0.00450247 -0.04931511  0.07269445  0.04050682 -0.02422844]
 [-0.16989694 -0.15449615  0.01617974  0.07717232 -0.0059887 ]]
U = [[ 0.04703868 -0.08400566  0.12609361 -0.05382975  0.19282   ]
 [-0.17280034  0.03310191  0.06825717  0.20463845  0.00289814]
 [ 0.31515491 -0.02235045  0.11282717  0.17917826  0.14055078]
 [-0.02760284  0.21715614  0.05214812  0.03273086  0.13557536]
 [-0.18227014  0.18801876  0.30176998  0.16527861  0.03327723]]
Matrix Pair 48; W = [[-0.03638315  0.06729377  0.04242438  0.15584612 -0.12683492]
 [ 0.14226063 -0.25764554 -0.03954237 -0.13812838  0.20599953]
 [-0.14853855  0.06130077 -0.10055183 -0.05085247  0.23360301]
 [-0.04799101 -0.05688173 -0.00578853 -0.0389348   0.04485694]
 [-0.19724339 -0.17366066  0.01421401  0.13231536  0.00464083]]
U = [[ 0.08618142 -0.10900685  0.15850897 -0.10940359  0.27947175]
 [-0.19956151  0.14533179  0.13659509  0.07360043 -0.05161765]
 [ 0.29755625  0.00702829  0.14817967  0.1239261   0.09951461]
 [ 0.03270246  0.22177736  0.09547842  0.03890661  0.11540162]
 [-0.29933694  0.17917577  0.36658338  0.20966728  0.04871341]]
Matrix Pair 49; W = [[-0.06735919  0.02440396  0.06308     0.10130265 -0.06051077]
 [ 0.15131786 -0.23408207 -0.09288606 -0.11151578  0.16991324]
 [-0.15646584  0.00521645 -0.06610285  0.00777002  0.23593173]
 [-0.0587692  -0.08589906  0.05184136 -0.03179768 -0.01076499]
 [-0.24405106 -0.16144955  0.01188489  0.10126326 -0.07258786]]
U = [[ 0.10245382 -0.13532709  0.10082789 -0.05862514  0.30438528]
 [-0.15566603  0.05889803  0.09039761  0.11931418 -0.02823154]
 [ 0.28952342  0.01767606  0.19678284  0.1810724   0.12706179]
 [ 0.01687977  0.25021845  0.10253469  0.04915286  0.02380681]
 [-0.27154329  0.18120578  0.40806697  0.19621785  0.0283069 ]]
Matrix Pair 50; W = [[-0.00108068  0.05806226  0.06113207  0.09131466 -0.13285205]
 [ 0.13269947 -0.23597528 -0.04473283 -0.13222806  0.23592037]
 [-0.16514026  0.07282127 -0.12090909 -0.03295818  0.17093467]
 [-0.0323803  -0.05109817  0.00621967  0.05469912  0.08203484]
 [-0.17846218 -0.19028479  0.02303963  0.10461426 -0.02874309]]
U = [[ 0.04147114 -0.15426088  0.13220414 -0.12176953  0.27703669]
 [-0.18021352  0.10238146  0.13725908  0.12950608 -0.0126351 ]
 [ 0.29198061  0.08011428  0.2229121   0.21028122  0.09090452]
 [ 0.0335774   0.24025902  0.08284428  0.03821231  0.10077373]
 [-0.25483942  0.21457866  0.40086817  0.1574025   0.08112686]]
Matrix Pair 51; W = [[-0.02321914  0.08082857  0.02873167  0.13327807 -0.0971479 ]
 [ 0.20598489 -0.1950012  -0.07075871 -0.06468985  0.17871695]
 [-0.1015729   0.01482579 -0.14172777  0.02938414  0.18649836]
 [-0.0153424  -0.13689384  0.02250121  0.02461254  0.00449179]
 [-0.22353676 -0.12895176  0.03280612  0.08927539 -0.02243384]]
U = [[ 0.09757106 -0.17309838  0.15028247 -0.10407637  0.34419805]
 [-0.15550336  0.09114912  0.1020186   0.06114883 -0.05171453]
 [ 0.22756798  0.06488589  0.17644005  0.20421657  0.09795646]
 [ 0.09159459  0.24737792  0.04629031  0.01383308  0.10894636]
 [-0.27790605  0.1900791   0.337476    0.14480872  0.03244739]]
Matrix Pair 52; W = [[-0.09367252  0.05325582  0.06260273  0.08975784 -0.07818268]
 [ 0.11951392 -0.22687613 -0.08378463 -0.05255817  0.22485894]
 [-0.06058776  0.06546031 -0.05257534  0.04263581  0.26905914]
 [ 0.00211725 -0.0416211   0.03575993  0.05064737  0.03891407]
 [-0.20105424 -0.15125759  0.04988794  0.2039081  -0.05147905]]
U = [[-0.04066829 -0.14044151  0.17325985 -0.0498845   0.14605713]
 [-0.10389078  0.08649848  0.08035029  0.15832787  0.04092456]
 [ 0.28402426 -0.03995651  0.09246303  0.10340715  0.15285322]
 [ 0.0678679   0.13919022  0.14920478  0.03654217  0.09144963]
 [-0.34073793  0.24966163  0.29295889  0.16527325 -0.00096273]]
Matrix Pair 53; W = [[-0.01764584  0.03928926  0.12800785  0.04983524 -0.00696324]
 [ 0.1070671  -0.18550736 -0.16075739 -0.11319655  0.26735269]
 [-0.14086455  0.03348749 -0.0689819   0.05122553  0.27285142]
 [ 0.0136161  -0.08729005  0.07534424 -0.00956294 -0.04818118]
 [-0.15271385 -0.17856658  0.00169706  0.19061373 -0.02871579]]
U = [[-0.06870755 -0.1413292   0.10017494 -0.10771766  0.23109025]
 [-0.10309603  0.04826412  0.0952361   0.15706892 -0.02213595]
 [ 0.2372487   0.0305706   0.06734288  0.15333297  0.14587575]
 [ 0.05011589  0.20867137  0.12087328  0.03366148  0.04542461]
 [-0.26722469  0.24822106  0.31622698  0.20958297  0.0134626 ]]
Matrix Pair 54; W = [[-0.04132272  0.11310957  0.09322754  0.12879761 -0.00259094]
 [ 0.14972052 -0.1896445  -0.16385269 -0.06896736  0.24145547]
 [-0.07623065  0.07053969 -0.14307176  0.03659103  0.27929221]
 [-0.04680968 -0.12104094  0.05385982 -0.01373879  0.00182548]
 [-0.15974456 -0.17039265  0.004879    0.10975793  0.00179127]]
U = [[-0.02444932 -0.10215763  0.13485282 -0.05628984  0.16691897]
 [-0.16504532  0.11221766  0.11464074  0.12620071 -0.0307032 ]
 [ 0.25894501  0.04829168  0.06875588  0.11874341  0.19887228]
 [ 0.00949335  0.14260718  0.05887379  0.06181599  0.10371414]
 [-0.24627228  0.1655553   0.35565705  0.19358325  0.00654396]]
Matrix Pair 55; W = [[-0.004643    0.02473138  0.08328755  0.09818611 -0.04502203]
 [ 0.09155418 -0.19976292 -0.12265202 -0.120894    0.20607136]
 [-0.06581436  0.07629172 -0.13539216  0.06347092  0.28193404]
 [ 0.03098014 -0.04930923  0.01741468  0.0470498  -0.0426757 ]
 [-0.18079078 -0.23238876  0.06267751  0.11660304  0.02258153]]
U = [[-0.04508975 -0.16852872  0.10427724 -0.11543469  0.22639589]
 [-0.18207807  0.12211906  0.11253335  0.10561592  0.04985793]
 [ 0.19308722  0.0112947   0.07049698  0.1279802   0.10489192]
 [ 0.08152965  0.16622556  0.08875001 -0.00968765  0.06425719]
 [-0.33784635  0.18505498  0.31180455  0.19321334  0.06925691]]
Matrix Pair 56; W = [[ 0.01931765  0.13207851  0.18110187  0.12011004 -0.10322105]
 [ 0.1026602  -0.23785889 -0.07892729 -0.13087272  0.1315731 ]
 [-0.06147855  0.07093403 -0.07437842 -0.01771766  0.15494052]
 [-0.03037278 -0.08149877 -0.00473362  0.03840115 -0.0146875 ]
 [-0.16251697 -0.16477964  0.02380268  0.13923134 -0.05851188]]
U = [[ 0.00715058 -0.07949655  0.09107894 -0.08430328  0.24655465]
 [-0.13322068  0.04279384  0.11854664  0.15216268 -0.03828258]
 [ 0.3102046  -0.07503579  0.09199143  0.15416092  0.15706909]
 [ 0.1292102   0.13102978  0.10052902  0.03789307  0.04882279]
 [-0.30196183  0.20036694  0.28707576  0.16560072  0.04036949]]
Matrix Pair 57; W = [[ 0.01062159  0.08045967  0.1885693   0.0872987  -0.13736427]
 [ 0.14992108 -0.23072112 -0.04209013 -0.09840572  0.15098737]
 [-0.06514989  0.0691167  -0.03507965 -0.03711714  0.16389095]
 [-0.0572295  -0.0756637   0.02591115  0.05127843 -0.0077147 ]
 [-0.19695499 -0.10391425 -0.0183814   0.13367033 -0.03442778]]
U = [[ 0.05209504 -0.14189523  0.06241145 -0.07795097  0.30273328]
 [-0.11231028  0.08442507  0.11053142  0.12772629  0.00291383]
 [ 0.29807906 -0.02552158  0.0900965   0.12325458  0.17101527]
 [ 0.04248492  0.12971471  0.0851588   0.06221559  0.08170551]
 [-0.24223593  0.15261751  0.31774603  0.12380871 -0.04333873]]
Matrix Pair 58; W = [[ 0.02852667  0.05355991  0.14514882  0.03997806 -0.13241586]
 [ 0.10439782 -0.25884012 -0.089793   -0.11384583  0.14382222]
 [-0.06874837  0.07872141 -0.02523847 -0.0281617   0.22265236]
 [-0.00496974 -0.09341824  0.01469225  0.0021594  -0.02014735]
 [-0.18051503 -0.11306315 -0.05602833  0.14332382 -0.04029195]]
U = [[ 0.06901494 -0.07574354  0.07272463 -0.02780567  0.28353006]
 [-0.08696628  0.0724126   0.14741     0.1054086   0.01570886]
 [ 0.2848861  -0.00744542  0.03070674  0.12204693  0.13641359]
 [ 0.03737418  0.12764863  0.11800079 -0.00113477  0.02397108]
 [-0.2514634   0.16419238  0.35913387  0.11991079 -0.0083744 ]]
Matrix Pair 59; W = [[ 0.03262249  0.11576211  0.13398538  0.09091784 -0.088989  ]
 [ 0.11008859 -0.19768624 -0.09114063 -0.16879619  0.12529853]
 [-0.11338611  0.07653258 -0.02814706 -0.00393415  0.15647222]
 [ 0.0273778  -0.03808712  0.01567866  0.00398413 -0.06902059]
 [-0.17915202 -0.1049833   0.00922695  0.14432615 -0.02387153]]
U = [[ 0.05429819 -0.09482308  0.14478291 -0.08254388  0.30265773]
 [-0.09794981  0.05332646  0.16179705  0.11806325 -0.00145669]
 [ 0.24996462  0.02176602  0.09155986  0.18010801  0.10409235]
 [ 0.08734291  0.11643856  0.1575284   0.04254132  0.09025603]
 [-0.30946343  0.16914419  0.36345442  0.17203015  0.04075113]]
Matrix Pair 60; W = [[ 0.00297019  0.06625713  0.11080583  0.05463618 -0.08776846]
 [ 0.0895232  -0.23610987 -0.06899847 -0.05306741  0.16572399]
 [-0.03983986  0.04551012 -0.16858389 -0.00372635  0.24628056]
 [-0.0906301  -0.0454203   0.09822473  0.01122307  0.08946353]
 [-0.14852192 -0.18943777 -0.02959949  0.13079706 -0.0148297 ]]
U = [[ 0.04963022 -0.15920265  0.08831082  0.02684596  0.21952259]
 [-0.15761717  0.04239669  0.11511271  0.15165532 -0.02576619]
 [ 0.2239115   0.07529019  0.1285328   0.10328151  0.1418677 ]
 [ 0.06595738  0.09377877  0.02515386 -0.05799008  0.07832071]
 [-0.2304677   0.26275239  0.4157592   0.18883242  0.04726754]]
Matrix Pair 61; W = [[-0.02834487  0.0678125   0.20340173  0.04372528 -0.10146357]
 [ 0.1330429  -0.25022153 -0.030182   -0.04460504  0.23080133]
 [-0.10127408 -0.04094619 -0.16577661  0.07358173  0.26184446]
 [-0.10034602 -0.01495511  0.07659383 -0.05851718  0.09269226]
 [-0.16043997 -0.21955411 -0.07641322  0.13881207 -0.08513755]]
U = [[ 0.01369605 -0.13689887  0.11390731  0.04737139  0.1708518 ]
 [-0.12851554  0.11001858  0.07128502  0.19459736 -0.06214774]
 [ 0.24712059  0.04456048  0.19052547  0.14922037  0.17349217]
 [ 0.03038293  0.08501278 -0.00214005 -0.04461259  0.1008443 ]
 [-0.25169497  0.28633208  0.37786586  0.21280221 -0.02672953]]
Matrix Pair 62; W = [[-0.04613682  0.00509123  0.12449533  0.05930659 -0.1510274 ]
 [ 0.13293816 -0.25573269 -0.12798737 -0.02962952  0.20325133]
 [-0.04185919  0.03408748 -0.24600528  0.02884765  0.22760962]
 [-0.02107079 -0.087068    0.04990028  0.01529489  0.06302977]
 [-0.16646587 -0.15675131 -0.07916164  0.11477627 -0.07162968]]
U = [[ 0.08120469 -0.16476176  0.09226049 -0.00341058  0.23964049]
 [-0.17885002  0.12886503  0.15985931  0.22736085 -0.04166614]
 [ 0.27391773 -0.00172371  0.19753134  0.16106573  0.10141661]
 [ 0.00621328  0.12584303 -0.00738792 -0.05993443  0.085345  ]
 [-0.21686655  0.23167595  0.37907011  0.22942977 -0.01080376]]
Matrix Pair 63; W = [[ 0.0024607   0.0987898   0.19182452  0.03045645 -0.1095581 ]
 [ 0.12241835 -0.2792328  -0.03295389 -0.10748394  0.17528116]
 [-0.08049393 -0.04681263 -0.22024493  0.07143991  0.23287428]
 [-0.03842312 -0.07996038  0.00031228 -0.02655297  0.09160856]
 [-0.13825381 -0.16256928 -0.07460866  0.07973308 -0.04397527]]
U = [[ 0.05110746 -0.14914864  0.15660748  0.04755729  0.14175802]
 [-0.22033583  0.04839107  0.11251799  0.14907228 -0.06520509]
 [ 0.26803181  0.00491191  0.14648876  0.10930901  0.16511984]
 [-0.0105797   0.10054723 -0.01979193 -0.04011218  0.00300052]
 [-0.25255722  0.20449108  0.38060746  0.20176101  0.00593535]]
