Epoch: 44Matrix Pair 0; W = [[ 0.13555415 -0.04925468  0.20487348 -0.13358903  0.000773  ]
 [-0.07379726 -0.4034709  -0.08878747  0.24778943 -0.17399657]
 [-0.02789348  0.04744095 -0.1576402   0.08135309 -0.05874571]
 [ 0.03202298  0.06806247  0.17477674 -0.08036016 -0.04894535]
 [-0.20790577 -0.1705854  -0.30261433 -0.16585014 -0.07397805]]
U = [[ 0.18604197  0.12650282  0.26261723  0.35261826 -0.09451575]
 [-0.26022098 -0.16177705  0.08401201  0.15544092  0.16874317]
 [ 0.05278875 -0.13886922 -0.13767358 -0.13903868  0.21234268]
 [ 0.22761346 -0.11303724  0.27201488 -0.09384474 -0.05739251]
 [-0.13789475 -0.09076074 -0.21421483 -0.0995722  -0.08747424]]
Matrix Pair 1; W = [[ 0.11488952 -0.01184066  0.21971556 -0.05912763 -0.04910144]
 [-0.14008497 -0.33864052 -0.10638439  0.19508515 -0.07820194]
 [-0.0360102   0.02086615 -0.16054138  0.04853669 -0.07060229]
 [ 0.01021779  0.03451219  0.09873155 -0.14106479 -0.05237756]
 [-0.20075016 -0.17417017 -0.2648348  -0.1663931  -0.04552324]]
U = [[ 0.13323551  0.14298501  0.27961423  0.37452368 -0.08804718]
 [-0.32646908 -0.11036721  0.04099994  0.13840565  0.16292272]
 [ 0.04600316 -0.0688473  -0.13400482 -0.07335013  0.22000739]
 [ 0.24216987 -0.0386459   0.24580881 -0.07792724 -0.11078991]
 [-0.11367931 -0.0485676  -0.22437267 -0.08258819 -0.11796333]]
Matrix Pair 2; W = [[ 0.12761328 -0.01796392  0.20335904 -0.10905788 -0.03500093]
 [-0.14094071 -0.33253721 -0.10126099  0.21653938 -0.12271883]
 [-0.08340061  0.01231718 -0.17253723  0.10736191 -0.07936776]
 [-0.03323507  0.07820174  0.09933745 -0.11191432 -0.08495654]
 [-0.20363653 -0.15413479 -0.35727259 -0.10332559 -0.02341324]]
U = [[ 0.19915243  0.16735901  0.31706561  0.3791515  -0.00238184]
 [-0.26554044 -0.10882962  0.02157797  0.18920843  0.23627106]
 [ 0.06821081 -0.15922305 -0.13536677 -0.16127112  0.16482708]
 [ 0.25489917 -0.09710917  0.28222822 -0.05357837 -0.08883953]
 [-0.10462088 -0.07065363 -0.2679237  -0.08013171 -0.1399625 ]]
Matrix Pair 3; W = [[ 0.19397961 -0.06268128  0.14668041 -0.15330706 -0.00961976]
 [-0.10353296 -0.39386025 -0.1155401   0.26651652 -0.14688161]
 [-0.0564157   0.07771603 -0.1121496   0.08976794 -0.12607449]
 [-0.00678528  0.09797397  0.15855192 -0.1292094  -0.05805515]
 [-0.16517829 -0.20941795 -0.27575668 -0.19539245 -0.09756749]]
U = [[ 0.17175224  0.12830815  0.33097845  0.37309361 -0.08502099]
 [-0.26128472 -0.14828503  0.05591484  0.1590995   0.17406774]
 [ 0.05939719 -0.15311959 -0.18943003 -0.08622274  0.15977607]
 [ 0.19516809 -0.09877368  0.24829021 -0.07319795 -0.09044868]
 [-0.06065091 -0.04650045 -0.26368063 -0.10348948 -0.06505331]]
Matrix Pair 4; W = [[ 0.1498464  -0.06262843  0.12567088 -0.07570478 -0.04125102]
 [-0.12735858 -0.4088684  -0.13969079  0.27298817 -0.16750598]
 [-0.08091479  0.02035227 -0.16966344  0.01627575 -0.06605845]
 [-0.02438067  0.0495367   0.14453627 -0.1344698  -0.10238941]
 [-0.16798843 -0.19552989 -0.34091645 -0.20072912 -0.07860421]]
U = [[ 0.21779872  0.18230707  0.29534507  0.3952045  -0.07093022]
 [-0.26045907 -0.08496932  0.02701439  0.19949603  0.20371535]
 [ 0.10855781 -0.10074953 -0.11069193 -0.09733412  0.18678491]
 [ 0.26689585 -0.04106681  0.24703428 -0.0543931  -0.13194865]
 [-0.09380856 -0.086955   -0.28281471 -0.02972659 -0.0901865 ]]
Matrix Pair 5; W = [[ 0.13087221  0.02388312  0.16029653 -0.12405705  0.02866374]
 [-0.07998537 -0.35205411 -0.16461999  0.27554358 -0.11586898]
 [-0.09352374  0.06595192 -0.18202712  0.10924705 -0.05656794]
 [-0.05603266  0.05978837  0.12174143 -0.05260249 -0.09808521]
 [-0.17498131 -0.18988771 -0.28232763 -0.11841611 -0.04841912]]
U = [[ 0.18825195  0.1774632   0.31473548  0.38577477 -0.01317756]
 [-0.3211506  -0.11702492  0.02740244  0.19761343  0.20992723]
 [ 0.05365421 -0.15825826 -0.15211324 -0.1348986   0.18368739]
 [ 0.2559021  -0.06266112  0.22188008 -0.10624505 -0.06870385]
 [-0.134563   -0.0618572  -0.27654455 -0.09311016 -0.11802751]]
Matrix Pair 6; W = [[ 0.20596706  0.00142388  0.15072448 -0.10084125  0.02411189]
 [-0.15287952 -0.37199    -0.1477948   0.23644236 -0.0824755 ]
 [-0.00173585  0.03451493 -0.15310248  0.02282821 -0.11918396]
 [ 0.02430704  0.06389312  0.17567732 -0.10199355 -0.0847557 ]
 [-0.22673476 -0.13307489 -0.30059372 -0.13833261 -0.09919313]]
U = [[ 0.1953714   0.18061778  0.25377792  0.36917323 -0.08485923]
 [-0.30081213 -0.07571889  0.03968053  0.15892252  0.24238125]
 [ 0.04680912 -0.11956773 -0.16690262 -0.1191443   0.22593701]
 [ 0.20475135 -0.04790984  0.19582773 -0.06269645 -0.0725553 ]
 [-0.12219277 -0.08571418 -0.21475239 -0.08493827 -0.07237036]]
Matrix Pair 7; W = [[ 0.13088385  0.01049835  0.21140662 -0.15275595  0.02469571]
 [-0.12226891 -0.33426828 -0.09559011  0.18683307 -0.11663771]
 [-0.06985875  0.05021885 -0.18533798  0.01912388 -0.1097214 ]
 [-0.03476228  0.07578496  0.13547753 -0.11150662 -0.06664205]
 [-0.20206177 -0.14105449 -0.32078562 -0.1801527  -0.02586204]]
U = [[ 0.18206014  0.16444863  0.31694038  0.3544234  -0.04684265]
 [-0.31574345 -0.07237293  0.08222342  0.16148417  0.24925568]
 [ 0.10073247 -0.07323726 -0.13240088 -0.07535114  0.14133328]
 [ 0.18161387 -0.06555751  0.25718459 -0.07682309 -0.09093796]
 [-0.06747229 -0.09025312 -0.22106797 -0.1052883  -0.15115033]]
Matrix Pair 8; W = [[ 0.20264737 -0.05580515  0.16614583 -0.14577046 -0.01820737]
 [-0.10772348 -0.40991251 -0.0926881   0.22364544 -0.082166  ]
 [-0.06643323  0.03872283 -0.12902407  0.09521782 -0.07655088]
 [-0.02140663  0.03217934  0.1388573  -0.04599532 -0.0743924 ]
 [-0.15515546 -0.16185513 -0.32544423 -0.17993651 -0.02023789]]
U = [[ 0.17473652  0.13704131  0.31709294  0.39311245 -0.08050233]
 [-0.24900802 -0.14698004  0.04117294  0.19594299  0.15256608]
 [ 0.07876004 -0.07981195 -0.19992572 -0.0942877   0.18233823]
 [ 0.25854665 -0.03244637  0.18589249 -0.11170119 -0.08841221]
 [-0.08953522 -0.00765881 -0.2563404  -0.03107401 -0.10352159]]
Matrix Pair 9; W = [[ 0.18242114 -0.06226953  0.20781139 -0.08648573 -0.03806323]
 [-0.10326734 -0.36961728 -0.13824715  0.24287351 -0.08444651]
 [-0.02145109  0.00050005 -0.14311719  0.09583423 -0.1169839 ]
 [-0.01521933  0.08674789  0.10592775 -0.04933316 -0.04996619]
 [-0.22461798 -0.15900216 -0.26201378 -0.19399992 -0.00584335]]
U = [[ 0.2119423   0.14552346  0.33358969  0.38865194 -0.07460793]
 [-0.2784815  -0.08446378  0.02673559  0.14947229  0.21830971]
 [ 0.06412157 -0.12958942 -0.11139707 -0.07741424  0.18474955]
 [ 0.22674205 -0.13203491  0.2229174  -0.10060082 -0.137086  ]
 [-0.04967832 -0.04106428 -0.25125226 -0.03508965 -0.13225707]]
Matrix Pair 10; W = [[ 0.17576147 -0.04033822  0.22115296 -0.06438567 -0.0239041 ]
 [-0.147958   -0.38371958 -0.15654537  0.25448504 -0.13807494]
 [-0.07100533  0.02720275 -0.10136794  0.09073033 -0.10679026]
 [-0.00382874  0.05610393  0.11149883 -0.11060899 -0.08251255]
 [-0.20533055 -0.1530279  -0.34022274 -0.15538133 -0.06912917]]
U = [[ 0.22028215  0.2030701   0.26914944  0.3798682  -0.07831324]
 [-0.30857278 -0.14724522  0.11208917  0.11282961  0.22451029]
 [ 0.06338484 -0.07187434 -0.12695027 -0.13630334  0.15840381]
 [ 0.24906555 -0.03910126  0.21183151 -0.03985083 -0.14410572]
 [-0.07717281 -0.06916799 -0.28181144 -0.11043182 -0.11137833]]
Matrix Pair 11; W = [[ 0.13586084 -0.06164789  0.20990019 -0.0608923  -0.0615254 ]
 [-0.15326617 -0.40783921 -0.10682496  0.26550143 -0.09396864]
 [-0.01050638  0.07211765 -0.17998906  0.10904425 -0.14684068]
 [ 0.00136987  0.04099478  0.10281328 -0.13209524 -0.04999254]
 [-0.23028684 -0.15635843 -0.31537423 -0.12362688 -0.01682116]]
U = [[ 0.13209339  0.20206844  0.30480742  0.34780162 -0.06003252]
 [-0.24268055 -0.1238058   0.02520638  0.16182803  0.16834036]
 [ 0.10180155 -0.07534762 -0.14267152 -0.16917484  0.17418032]
 [ 0.21364344 -0.09103532  0.23264718 -0.0570971  -0.14017483]
 [-0.07007763 -0.06674765 -0.22830212 -0.07112638 -0.09456864]]
Matrix Pair 12; W = [[ 0.17033983 -0.00672313  0.17229439 -0.07927038 -0.03183409]
 [-0.08033857 -0.4049401  -0.10182637  0.23623265 -0.12266727]
 [-0.03799575  0.02808798 -0.11830093  0.04079473 -0.09745923]
 [-0.05130865  0.12521553  0.13954603 -0.05336903 -0.06729183]
 [-0.20430363 -0.13568508 -0.28013513 -0.1347425  -0.08483215]]
U = [[ 0.14796478  0.1281543   0.3333594   0.42574258 -0.00847159]
 [-0.32125555 -0.12640187  0.05932432  0.10504998  0.19653539]
 [ 0.05975159 -0.09763448 -0.12315478 -0.07679829  0.16020895]
 [ 0.21835925 -0.07151694  0.21005953 -0.05292439 -0.1294817 ]
 [-0.11105553 -0.03847593 -0.26856276 -0.01232927 -0.08235872]]
Matrix Pair 13; W = [[ 0.12207774 -0.02031144  0.16016787 -0.08381989 -0.03190357]
 [-0.0716932  -0.39688883 -0.13972077  0.25544375 -0.09450488]
 [-0.06851074  0.03108367 -0.19631568  0.01647047 -0.09524467]
 [-0.03975247  0.0380974   0.18493868 -0.04888323 -0.04484099]
 [-0.20659394 -0.19823175 -0.32971313 -0.19191021 -0.04192821]]
U = [[ 0.13965151  0.1184574   0.2614608   0.41992986 -0.0110432 ]
 [-0.30706158 -0.09938163  0.04073613  0.12250618  0.21706264]
 [ 0.06301931 -0.13004586 -0.11072332 -0.12897052  0.13740086]
 [ 0.23150488 -0.03227948  0.27560287 -0.10354573 -0.15502743]
 [-0.07154425 -0.04443086 -0.28350664 -0.07660604 -0.11802094]]
Matrix Pair 14; W = [[ 0.18826295 -0.03653567  0.21189201 -0.10636273  0.01218501]
 [-0.09785792 -0.38397465 -0.09193589  0.24631208 -0.08665497]
 [-0.0412815   0.07116677 -0.1408094   0.04577648 -0.08540308]
 [-0.03534959  0.06698239  0.10287119 -0.11953691 -0.01452184]
 [-0.2161571  -0.20062627 -0.32176083 -0.12816495 -0.07930618]]
U = [[ 0.18085027  0.18503678  0.25764547  0.34654989 -0.00379114]
 [-0.23314958 -0.0759353   0.07741945  0.10588793  0.19796407]
 [ 0.09856007 -0.13038876 -0.14595531 -0.15937524  0.22075914]
 [ 0.22176735 -0.10110789  0.22742264 -0.12355138 -0.08744743]
 [-0.05470975 -0.0767979  -0.27746512 -0.08058596 -0.06994743]]
Matrix Pair 15; W = [[ 0.14619021 -0.01569398  0.14869672 -0.07049029 -0.05804414]
 [-0.15651736 -0.34001463 -0.13052228  0.24151668 -0.10938929]
 [-0.07542745  0.02482345 -0.14508502  0.03676271 -0.06612757]
 [ 0.00160972  0.06723731  0.15608629 -0.1367219  -0.04232166]
 [-0.18024587 -0.13910241 -0.35051084 -0.10580482 -0.06402749]]
U = [[ 0.19459327  0.11212969  0.34283304  0.3870726  -0.05057646]
 [-0.24956245 -0.10667793  0.08200244  0.14831374  0.20363332]
 [ 0.05006592 -0.06914785 -0.11899392 -0.14842402  0.15474617]
 [ 0.25723359 -0.04780485  0.26564651 -0.11117701 -0.05986146]
 [-0.06791689 -0.00863462 -0.30130686 -0.02431586 -0.12285162]]
Matrix Pair 16; W = [[ 0.17099696 -0.00957751  0.14336233 -0.10693203  0.0111066 ]
 [-0.11527562 -0.32828431 -0.12890008  0.28811646 -0.0744433 ]
 [-0.0709782   0.01947465 -0.1172145   0.03041783 -0.13560639]
 [ 0.00292391  0.03336413  0.16993355 -0.07870086 -0.13991465]
 [-0.11867664 -0.18641355 -0.35801235 -0.2082404  -0.04937069]]
U = [[ 0.15612641  0.13638503  0.29644368  0.33371852 -0.08083171]
 [-0.32813518 -0.09482511 -0.00166795  0.14629852  0.20840382]
 [ 0.15632026 -0.11938806 -0.25690869 -0.11945202  0.15870187]
 [ 0.20541119 -0.05491362  0.25537915 -0.08433841 -0.10576531]
 [-0.13678451  0.03513996 -0.27623698 -0.02198795 -0.08646895]]
Matrix Pair 17; W = [[ 0.22629087  0.00098265  0.09207289 -0.0978245   0.01494588]
 [-0.14686495 -0.37571361 -0.12044247  0.29355867 -0.08171673]
 [-0.05385871 -0.02011293 -0.1154268   0.05065826 -0.10174499]
 [-0.00909634  0.07586507  0.12713758 -0.03309074 -0.06760878]
 [-0.18950027 -0.15213868 -0.33746919 -0.19388581 -0.02763743]]
U = [[ 0.1405075   0.19660035  0.3232326   0.4098934  -0.07287636]
 [-0.29842085 -0.07408607  0.03121403  0.16466693  0.18070095]
 [ 0.06854105 -0.08756354 -0.28175469 -0.1022233   0.23436811]
 [ 0.185784   -0.0065385   0.21815713 -0.13805277 -0.14516655]
 [-0.12927332 -0.01017592 -0.19749646 -0.06544051 -0.02358048]]
Matrix Pair 18; W = [[ 0.19503094 -0.02093973  0.09599658 -0.12900101  0.02837426]
 [-0.14179746 -0.29984932 -0.05964723  0.27268245 -0.08598689]
 [-0.02220628 -0.01195579 -0.10381747  0.03182096 -0.12812626]
 [-0.04287751  0.06976168  0.08603887 -0.03526068 -0.08225418]
 [-0.11715871 -0.17760181 -0.2797604  -0.22230247 -0.05810855]]
U = [[ 0.17615858  0.19126157  0.30773851  0.35732228 -0.05934252]
 [-0.30216336 -0.07252996  0.05202736  0.12713475  0.24750079]
 [ 0.0957986  -0.15550096 -0.21312509 -0.07803593  0.23704068]
 [ 0.1454908  -0.00570635  0.26498253 -0.14120227 -0.09482876]
 [-0.14465604  0.011976   -0.23232904 -0.01965702 -0.08459283]]
Matrix Pair 19; W = [[ 0.15237464 -0.06545697  0.14822432 -0.1395957   0.00908475]
 [-0.10858765 -0.31183031 -0.1163749   0.20521115 -0.12620878]
 [-0.06006433 -0.01876774 -0.14440303  0.03323113 -0.07354064]
 [ 0.00048774  0.06785705  0.1310316  -0.06345482 -0.06006246]
 [-0.19397513 -0.15142847 -0.27051702 -0.14950294 -0.00481968]]
U = [[ 0.12006504  0.13089638  0.33001728  0.37050082  0.00453546]
 [-0.3111781  -0.04638664  0.02494242  0.08769387  0.17022099]
 [ 0.10375054 -0.14599701 -0.21245843 -0.13425023  0.18100629]
 [ 0.15863372 -0.05770514  0.24410309 -0.07641821 -0.10257605]
 [-0.10026105  0.02626872 -0.20394805 -0.05008885 -0.08201866]]
Matrix Pair 20; W = [[ 0.16709059 -0.04533309  0.1671509  -0.12461601 -0.06532744]
 [-0.15339315 -0.35101042 -0.09812466  0.2896673  -0.15918311]
 [-0.06099174 -0.02842291 -0.15537291  0.05958792 -0.09058522]
 [ 0.02844466  0.10602002  0.10215997 -0.05212509 -0.05617022]
 [-0.09910104 -0.09983693 -0.32132942 -0.13336343  0.03435282]]
U = [[ 0.17418662  0.1390392   0.34863693  0.4160562  -0.08239789]
 [-0.36066752 -0.10203706  0.06956059  0.14883613  0.23620632]
 [ 0.13888102 -0.17981407 -0.266922   -0.13175084  0.175308  ]
 [ 0.15749667 -0.09374435  0.20008077 -0.12613014 -0.09505633]
 [-0.12533972 -0.03770339 -0.21717946  0.00045129 -0.04762963]]
Matrix Pair 21; W = [[ 0.14454816 -0.06451086  0.12794063 -0.06918385 -0.06426523]
 [-0.13414662 -0.32325542 -0.12798013  0.30120968 -0.16152721]
 [-0.06633462  0.03701476 -0.12475672  0.03560049 -0.10642852]
 [ 0.040298    0.10064351  0.15678141 -0.02391365 -0.11289095]
 [-0.13086468 -0.11023956 -0.32453122 -0.21412631 -0.05673241]]
U = [[ 0.15772697  0.17713492  0.33587687  0.40782362 -0.03272965]
 [-0.33825363 -0.05302619  0.04435768  0.14183386  0.25012994]
 [ 0.10769626 -0.12266064 -0.27764702 -0.13985947  0.20348797]
 [ 0.19621618 -0.05484176  0.23395087 -0.15153563 -0.07238617]
 [-0.08862356  0.01888835 -0.19255924 -0.06999053 -0.02082123]]
Matrix Pair 22; W = [[ 0.13606348  0.01076349  0.16334478 -0.14994563 -0.01080453]
 [-0.15895811 -0.37331713 -0.10452802  0.2756172  -0.14155217]
 [-0.02007678 -0.0387123  -0.11366994  0.01158166 -0.05432831]
 [-0.02621756  0.07689682  0.15492527  0.00943401 -0.12275897]
 [-0.12374868 -0.18866184 -0.34904693 -0.18816739  0.01825502]]
U = [[ 0.12136873  0.17891088  0.30045998  0.32860667 -0.03168807]
 [-0.30913084 -0.05111132  0.05185918  0.14613427  0.19069308]
 [ 0.08611967 -0.08385382 -0.27606619 -0.06762158  0.17584149]
 [ 0.23061729 -0.0596877   0.28104431 -0.10880398 -0.0816687 ]
 [-0.06567745 -0.01622465 -0.24794085 -0.00956819 -0.11748229]]
Matrix Pair 23; W = [[ 0.19222376  0.00486253  0.08919944 -0.10052517 -0.05349791]
 [-0.16476458 -0.37378562 -0.0615384   0.22636371 -0.07852172]
 [-0.02038877 -0.03951906 -0.15274879  0.04413467 -0.14269468]
 [ 0.02404727  0.03178537  0.1732083  -0.01795048 -0.11395446]
 [-0.19702907 -0.14831713 -0.36271699 -0.20699054  0.01886655]]
U = [[ 0.15898068  0.20147839  0.30284668  0.39290846 -0.07566532]
 [-0.36247883 -0.04973846  0.00197187  0.15838774  0.19127302]
 [ 0.15358096 -0.17453928 -0.26933565 -0.11959327  0.24997605]
 [ 0.23803631 -0.0210623   0.25403294 -0.08511752 -0.14610166]
 [-0.07397837  0.03746594 -0.19879061 -0.0862255  -0.11324765]]
Matrix Pair 24; W = [[ 0.16276035 -0.01022499  0.15139046 -0.15852482  0.00111665]
 [-0.15723119 -0.31564894 -0.11604141  0.2355782  -0.13963721]
 [-0.06794261 -0.00494706 -0.12263638 -0.00045763 -0.13188489]
 [-0.05588235  0.05703356  0.11156233  0.0011939  -0.13095768]
 [-0.18462859 -0.13856062 -0.29200281 -0.15945065 -0.02808664]]
U = [[ 0.20574216  0.15716962  0.27668351  0.39234598  0.01239747]
 [-0.36536526 -0.0948413   0.08244095  0.15163987  0.20186921]
 [ 0.09696006 -0.16159676 -0.2627843  -0.07270897  0.23220713]
 [ 0.24173926 -0.07887994  0.26049096 -0.14213416 -0.08071732]
 [-0.06924115  0.02579288 -0.23436755 -0.03145998 -0.06294933]]
Matrix Pair 25; W = [[ 0.22234125 -0.00408308  0.16990104 -0.07566241  0.02248109]
 [-0.1394914  -0.36454097 -0.05106363  0.21849076 -0.15663115]
 [-0.0799925  -0.01296042 -0.08094099 -0.01802302 -0.10813646]
 [ 0.00601222  0.10255129  0.07612756 -0.08933385 -0.1370671 ]
 [-0.16806551 -0.10362575 -0.31597798 -0.17901347 -0.02853077]]
U = [[ 0.1454965   0.13604018  0.30640727  0.38630108  0.00388952]
 [-0.33367829 -0.06565929  0.03678482  0.10367281  0.21549075]
 [ 0.11297984 -0.09932895 -0.25745661 -0.06412255  0.21666127]
 [ 0.19415114 -0.04235605  0.22924196 -0.13845379 -0.11592412]
 [-0.15770992 -0.02028175 -0.28516046 -0.06155777 -0.05061597]]
Matrix Pair 26; W = [[ 0.14673678 -0.06442024  0.07244053 -0.09223793 -0.06234291]
 [-0.15866468 -0.35054718 -0.05859063  0.23083168 -0.12362059]
 [-0.05554105  0.02691511 -0.1378637  -0.00049818 -0.07352672]
 [ 0.02529694  0.04463327  0.14972662 -0.07352842 -0.14404109]
 [-0.1239616  -0.13886819 -0.31815689 -0.20191015 -0.03457309]]
U = [[ 0.10742094  0.12252333  0.28106849  0.35636485 -0.00052117]
 [-0.31294188 -0.08905716  0.09085668  0.17012067  0.18129463]
 [ 0.14935308 -0.11708141 -0.29428048 -0.11993085  0.18432177]
 [ 0.15676718 -0.01061753  0.19862717 -0.10093889 -0.15365336]
 [-0.09737229  0.01889179 -0.21923014 -0.05994977 -0.08695034]]
Matrix Pair 27; W = [[ 0.1793261  -0.03390061  0.0732538  -0.10982398 -0.03952564]
 [-0.08222223 -0.35552945 -0.09117577  0.26257336 -0.08926892]
 [-0.09368064 -0.03157364 -0.15792136 -0.00816604 -0.11947132]
 [-0.02086965  0.08621003  0.16690897 -0.00668304 -0.08001552]
 [-0.13176783 -0.14163737 -0.36293713 -0.17257422 -0.00172003]]
U = [[ 1.53659179e-01  1.51689790e-01  3.27586355e-01  3.34368162e-01
  -1.74587155e-04]
 [-3.05701228e-01 -1.12148837e-01  3.57468016e-02  1.28186268e-01
   1.87700031e-01]
 [ 1.45780709e-01 -1.20695653e-01 -2.62556239e-01 -5.44961410e-02
   2.27462912e-01]
 [ 2.01711566e-01 -4.96578987e-02  2.68870212e-01 -6.45638907e-02
  -1.45565869e-01]
 [-1.30898360e-01  3.59621733e-03 -2.02397542e-01 -8.45637720e-02
  -4.21029836e-02]]
Matrix Pair 28; W = [[ 0.18568164 -0.06411001  0.0965606  -0.11244256 -0.01865958]
 [-0.11153425 -0.30957159 -0.09982413  0.24951201 -0.14522818]
 [-0.0212523  -0.0037961  -0.12139992 -0.00578402 -0.05500452]
 [ 0.02590907  0.09904403  0.12548032 -0.05203668 -0.06731527]
 [-0.18462069 -0.1191232  -0.28686194 -0.18133591  0.0062184 ]]
U = [[ 0.16990434  0.12698151  0.31133934  0.40876042 -0.04193676]
 [-0.32599822 -0.10309001  0.06429449  0.12679207  0.23165725]
 [ 0.10535032 -0.1586525  -0.22441647 -0.08559911  0.23732347]
 [ 0.15228459 -0.00638323  0.2752365  -0.12049331 -0.14853373]
 [-0.08488215 -0.01082382 -0.2859586  -0.02033896 -0.11764688]]
Matrix Pair 29; W = [[ 0.15677792  0.02772523  0.11664724 -0.08910274 -0.04777213]
 [-0.09851704 -0.34705381 -0.09733161  0.28530496 -0.16065304]
 [-0.06368058  0.03738881 -0.11901173  0.04645093 -0.12468458]
 [ 0.03130644  0.05363058  0.1752759  -0.04686776 -0.08447672]
 [-0.12762591 -0.10875703 -0.3117994  -0.19855476  0.0238997 ]]
U = [[ 0.15728704  0.16147396  0.34570119  0.40635627 -0.07262463]
 [-0.28849136 -0.08456595  0.0612862   0.18036068  0.17871137]
 [ 0.11998836 -0.13350392 -0.24424374 -0.07928134  0.25414743]
 [ 0.16968936 -0.01150254  0.27080029 -0.14948987 -0.1035408 ]
 [-0.14943869  0.04228003 -0.20711608 -0.02287832 -0.07314075]]
Matrix Pair 30; W = [[ 1.99698314e-01  1.27301993e-02  9.41345843e-02 -1.24272673e-01
  -1.85742907e-02]
 [-1.16219863e-01 -2.89739785e-01 -6.02694278e-02  2.73725539e-01
  -7.23759404e-02]
 [-8.37496829e-02  5.07533225e-02 -6.26046013e-02 -5.24951133e-03
  -1.04995892e-01]
 [ 7.65073505e-03  1.17879362e-01  1.36226895e-01 -6.70075223e-05
  -6.69528878e-02]
 [-1.70613104e-01 -1.88000177e-01 -2.96922388e-01 -1.70686482e-01
  -8.53774593e-03]]
U = [[ 0.14230989  0.20256234  0.32169973  0.36349581 -0.01428889]
 [-0.36137466 -0.10252803  0.00049528  0.09892525  0.22400671]
 [ 0.08474011 -0.08911956 -0.27915868 -0.06024549  0.21320513]
 [ 0.17996569 -0.00329078  0.22452047 -0.07368733 -0.10102394]
 [-0.08542332 -0.01143367 -0.28325136 -0.08487492 -0.03539145]]
Matrix Pair 31; W = [[ 0.15735743  0.01303145  0.10045754 -0.13478295 -0.01671348]
 [-0.16372027 -0.32865228 -0.08735997  0.2100623  -0.07520533]
 [-0.0886894  -0.01082016 -0.13266587 -0.00954788 -0.05628386]
 [-0.04496812  0.06071247  0.11050492 -0.0010997  -0.1178558 ]
 [-0.12013887 -0.19576299 -0.35162985 -0.22219215 -0.01431719]]
U = [[ 0.18552149  0.19906059  0.29283492  0.38844978  0.00130762]
 [-0.36156294 -0.13204057  0.01135418  0.17745982  0.19395035]
 [ 0.16136665 -0.09286019 -0.24186701 -0.13625954  0.23653574]
 [ 0.21032012 -0.05251322  0.26157819 -0.10444843 -0.0987316 ]
 [-0.0762999  -0.03312396 -0.19960891 -0.01068548 -0.1096601 ]]
Matrix Pair 32; W = [[ 0.22889782  0.05347471  0.14008322 -0.10402344 -0.0746676 ]
 [-0.13541463 -0.37251995 -0.11219505  0.20908899 -0.15771892]
 [-0.10154649  0.06244984 -0.10251571  0.13238779 -0.07156861]
 [-0.00469846  0.09101174  0.12952413 -0.07016965 -0.03742372]
 [-0.09493242 -0.09817967 -0.24634653 -0.16831369 -0.05222225]]
U = [[ 0.17463966  0.20495414  0.23252038  0.3941502   0.01328453]
 [-0.28762284 -0.08373505  0.04933922  0.17216414  0.30070322]
 [ 0.12136762 -0.09841036 -0.26447124 -0.0819429   0.25851506]
 [ 0.19062455 -0.02858634  0.31564376 -0.11521816 -0.14364855]
 [-0.10121861 -0.03160279 -0.1894519  -0.06656009  0.00347433]]
Matrix Pair 33; W = [[ 0.16478547  0.05262865  0.12703925 -0.07045814 -0.07355013]
 [-0.16508815 -0.33351884 -0.07900716  0.23286689 -0.13633536]
 [-0.05087477 -0.00819156 -0.14114227  0.10618623 -0.04096878]
 [-0.0252061   0.09772489  0.11023273 -0.10951537 -0.05090437]
 [-0.10550848 -0.06986816 -0.23829454 -0.1165437  -0.08932785]]
U = [[ 0.15868041  0.15576546  0.2313277   0.30890638 -0.04483696]
 [-0.30954972 -0.06358561  0.08284069  0.08589396  0.26087803]
 [ 0.14255636 -0.07438637 -0.26941797 -0.07082955  0.22284727]
 [ 0.22354079  0.04040924  0.28440618 -0.0864085  -0.0930248 ]
 [-0.1321852  -0.0055002  -0.19084672 -0.07089655 -0.07773268]]
Matrix Pair 34; W = [[ 0.23653092 -0.01155873  0.17396339 -0.12439205 -0.0900792 ]
 [-0.1770754  -0.38369113 -0.09391282  0.26477072 -0.11349841]
 [-0.02595288  0.01998119 -0.14944321  0.10979964 -0.11430098]
 [ 0.01473871  0.03576304  0.05360923 -0.06603243 -0.0929014 ]
 [-0.16308907 -0.06190215 -0.22935758 -0.18180638 -0.03893673]]
U = [[ 0.15553573  0.20354113  0.26182078  0.39279865  0.0100322 ]
 [-0.31463142 -0.08806866  0.06006732  0.17356447  0.26058935]
 [ 0.09732503 -0.05296668 -0.25767165 -0.05528111  0.26125754]
 [ 0.15328815 -0.039875    0.28895544 -0.04387988 -0.09664446]
 [-0.12099457  0.02850242 -0.18540324 -0.08085629 -0.03584954]]
Matrix Pair 35; W = [[ 0.17614442  0.02443709  0.19645824 -0.11334093 -0.11038132]
 [-0.15218716 -0.3931791  -0.05261101  0.3051702  -0.14467226]
 [-0.07176129 -0.00353168 -0.11009424  0.12812334 -0.01976955]
 [ 0.00592625  0.04650003  0.05541446 -0.08275846 -0.07760456]
 [-0.17504042 -0.1125174  -0.29414533 -0.13737291 -0.09938166]]
U = [[ 0.12479242  0.15119657  0.29405688  0.32021126  0.00245585]
 [-0.22508817 -0.13216326  0.0516741   0.16753566  0.27302088]
 [ 0.11846011 -0.0812142  -0.23607998 -0.05300579  0.21391279]
 [ 0.21322447 -0.02813567  0.29395615 -0.07895416 -0.14952449]
 [-0.15351737  0.01264713 -0.23005304 -0.04956778 -0.01319033]]
Matrix Pair 36; W = [[ 0.19243086  0.07565965  0.20797841 -0.04960543 -0.12412708]
 [-0.17216331 -0.32362655 -0.10937532  0.28503946 -0.10705355]
 [-0.09635476  0.03504251 -0.16537567  0.06245908 -0.07717889]
 [ 0.01441492  0.0782471   0.06451318 -0.12695325 -0.06422495]
 [-0.10248445 -0.09660599 -0.29531808 -0.18624754 -0.09699786]]
U = [[ 0.1729863   0.18884116  0.30223488  0.32218112 -0.06755114]
 [-0.29632031 -0.12413708  0.06118418  0.120777    0.24732551]
 [ 0.17190473 -0.12542838 -0.27512911 -0.04544027  0.26363131]
 [ 0.23089259  0.02557329  0.25523103 -0.09194514 -0.06596901]
 [-0.08928217 -0.06323406 -0.22889959 -0.13723915 -0.03644372]]
Matrix Pair 37; W = [[ 0.2227583   0.03733434  0.20814749 -0.07149938 -0.13024584]
 [-0.11775503 -0.31651456 -0.0807372   0.21989088 -0.11512095]
 [-0.04931432  0.01867917 -0.08386526  0.05053871 -0.02920801]
 [-0.0041479   0.07778955  0.06924458 -0.06856629 -0.1174305 ]
 [-0.12855165 -0.09937963 -0.23356981 -0.20398992 -0.11795109]]
U = [[ 0.13249854  0.1740626   0.22783295  0.39534838 -0.00867575]
 [-0.22023854 -0.05104887  0.08206391  0.12318362  0.25306707]
 [ 0.08697031 -0.06995692 -0.23356624 -0.11209184  0.23602833]
 [ 0.1529663   0.01557843  0.24265595 -0.05268612 -0.09644855]
 [-0.13870532  0.02971871 -0.20383742 -0.08880408  0.00348908]]
Matrix Pair 38; W = [[ 0.17354256  0.01928096  0.17396382 -0.09187718 -0.13254451]
 [-0.20898181 -0.39920674 -0.04662331  0.29033372 -0.09084628]
 [-0.01656946  0.02041973 -0.15350332  0.08825273 -0.03174101]
 [-0.02548551  0.02244682  0.08301206 -0.04879877 -0.03709213]
 [-0.14426568 -0.13838144 -0.30245552 -0.14688239 -0.10736918]]
U = [[ 0.17187234  0.21420748  0.22224686  0.38633565 -0.06275946]
 [-0.27895553 -0.03795314  0.00934619  0.18280295  0.2899306 ]
 [ 0.08394014 -0.05743142 -0.28643024 -0.07232728  0.22239099]
 [ 0.24328992  0.00726766  0.23675431 -0.06862245 -0.06638863]
 [-0.14228511 -0.00818939 -0.15972414 -0.12154318 -0.07565286]]
Matrix Pair 39; W = [[ 0.21006529  0.00402879  0.19095688 -0.1200809  -0.12424871]
 [-0.18003909 -0.37847508 -0.07713254  0.2616266  -0.15092671]
 [-0.09299684  0.05397988 -0.13450052  0.08184767 -0.01661188]
 [-0.02659853  0.09748234  0.08678342 -0.08109628 -0.0359379 ]
 [-0.15920803 -0.14337067 -0.26330414 -0.14183797 -0.0802622 ]]
U = [[ 0.13380436  0.2268733   0.31641396  0.31786219 -0.00771246]
 [-0.25504414 -0.12842654  0.08533608  0.13973236  0.28393184]
 [ 0.10890599 -0.03045438 -0.2447297  -0.09578871  0.23006679]
 [ 0.16366136  0.0295218   0.30330486 -0.09417988 -0.13780708]
 [-0.12019677 -0.06327214 -0.24297638 -0.12212076 -0.06102669]]
Matrix Pair 40; W = [[ 0.18242673 -0.00594614  0.17421647 -0.11158765 -0.10782351]
 [-0.14694761 -0.33627165 -0.09541085  0.25531721 -0.09958112]
 [-0.01788639  0.04600632 -0.15934994  0.04925735 -0.06042199]
 [ 0.06374806  0.03352375  0.04470543 -0.05103179 -0.10519627]
 [-0.13083619 -0.09801165 -0.22172731 -0.11158009 -0.06647543]]
U = [[ 0.10522888  0.19251321  0.29810997  0.39504603 -0.02246868]
 [-0.25744061 -0.07182939  0.07722311  0.11254932  0.27868038]
 [ 0.16425336 -0.04010884 -0.22218131 -0.10785846  0.19484643]
 [ 0.1985826  -0.0307536   0.28505011 -0.06693844 -0.13037838]
 [-0.11061441  0.03174904 -0.2315905  -0.10731245 -0.03548563]]
Matrix Pair 41; W = [[ 0.15133416  0.04658948  0.16825011 -0.12637077 -0.10569701]
 [-0.2055468  -0.37064799 -0.02762863  0.27452379 -0.16457589]
 [-0.01396349  0.03117544 -0.16951694  0.1147021  -0.07793802]
 [-0.01919274  0.01554221  0.11396945 -0.08288382 -0.0919961 ]
 [-0.17091355 -0.10857148 -0.27813002 -0.20103555 -0.1141998 ]]
U = [[ 0.14181445  0.17993804  0.3090099   0.37061834 -0.04652595]
 [-0.30404746 -0.05610468  0.08428087  0.13091771  0.24545899]
 [ 0.15947835 -0.04804382 -0.21213558 -0.05590958  0.21083368]
 [ 0.15177665  0.01864114  0.24502515 -0.06888707 -0.1421262 ]
 [-0.09744356 -0.01965025 -0.2161194  -0.10626982 -0.05947576]]
Matrix Pair 42; W = [[ 0.18979697  0.01679956  0.2024533  -0.12796827 -0.09132707]
 [-0.13093546 -0.32297061 -0.05906409  0.2722546  -0.09933156]
 [-0.0559639   0.00334489 -0.11124273  0.13608546 -0.03316932]
 [-0.00339025  0.03850988  0.05265381 -0.1154131  -0.08670657]
 [-0.14480515 -0.11284098 -0.25327066 -0.20187259 -0.07920865]]
U = [[ 0.13574255  0.19545439  0.25377884  0.32159713 -0.00933887]
 [-0.29454215 -0.11557908  0.07732985  0.15825694  0.23647905]
 [ 0.11762602 -0.0885506  -0.19000489 -0.12963449  0.21618175]
 [ 0.16713134 -0.03934489  0.25835961 -0.0445708  -0.07988647]
 [-0.14555637 -0.06414202 -0.18415952 -0.0887917  -0.08219752]]
Matrix Pair 43; W = [[ 0.20041842  0.05181219  0.11074372 -0.11473279 -0.06723942]
 [-0.17450355 -0.33453714 -0.02594085  0.26167154 -0.12717185]
 [-0.07969392  0.04088865 -0.11423201  0.04916612 -0.07908428]
 [ 0.02167889  0.0616453   0.09494282 -0.0568601  -0.10024075]
 [-0.08973902 -0.06733377 -0.29909017 -0.19761248 -0.06219822]]
U = [[ 0.13349911  0.24294102  0.25548131  0.33334192  0.01686759]
 [-0.23119795 -0.11012408  0.06790227  0.18250605  0.2302916 ]
 [ 0.10664285 -0.11021744 -0.27494604 -0.11697108  0.21399117]
 [ 0.20992877  0.03633005  0.24890375 -0.06588355 -0.127015  ]
 [-0.11303191 -0.0511661  -0.22944671 -0.11056864 -0.04824801]]
Matrix Pair 44; W = [[ 0.20496112  0.00561916  0.16511758 -0.07665601 -0.10450368]
 [-0.12366336 -0.39974025 -0.06701866  0.28950822 -0.16141765]
 [-0.06382498  0.04014246 -0.11440439  0.0406073  -0.05054023]
 [ 0.0464733   0.09119505  0.11138784 -0.0769753  -0.11064149]
 [-0.13900884 -0.10994204 -0.2429746  -0.12614583 -0.08409235]]
U = [[ 0.10029474  0.20756347  0.25970102  0.33050457 -0.07561987]
 [-0.2332622  -0.03717611  0.04976136  0.13461478  0.25362467]
 [ 0.16853561 -0.02994185 -0.27570541 -0.04134531  0.17659067]
 [ 0.14897569 -0.00422258  0.31217852 -0.06431865 -0.11058809]
 [-0.09880151 -0.02229818 -0.18705582 -0.07488741 -0.06544416]]
Matrix Pair 45; W = [[ 0.19936918  0.07610791  0.12614116 -0.07399107 -0.13560383]
 [-0.19709805 -0.37605693 -0.03750663  0.30543453 -0.15974118]
 [-0.07832931  0.0254253  -0.12280743  0.11699359 -0.10116356]
 [ 0.04230592  0.04098404  0.12904099 -0.05916824 -0.06211875]
 [-0.16336918 -0.0772758  -0.24537729 -0.12638829 -0.0700309 ]]
U = [[ 0.14785144  0.185875    0.31736558  0.32493797  0.00734505]
 [-0.22189706 -0.11432259  0.07819994  0.12539383  0.24760604]
 [ 0.08110713 -0.04528882 -0.22799575 -0.05674708  0.21967684]
 [ 0.14895244  0.02955099  0.30938885 -0.11431344 -0.093479  ]
 [-0.09613199 -0.02914884 -0.16119333 -0.04660609 -0.01766605]]
Matrix Pair 46; W = [[ 0.21623706  0.06355136  0.1360195  -0.13417616 -0.05587871]
 [-0.18648321 -0.32670857 -0.12008083  0.22970144 -0.09248905]
 [-0.0750279  -0.00316728 -0.07998476  0.04854355 -0.06218613]
 [-0.00350469  0.1005999   0.10752553 -0.06768624 -0.10743582]
 [-0.08008458 -0.06093031 -0.26429315 -0.11417063 -0.08606933]]
U = [[ 0.11917779  0.23066838  0.2770968   0.38635485 -0.0680697 ]
 [-0.26330055 -0.09311942  0.06957277  0.1681323   0.28812065]
 [ 0.10574259 -0.11084429 -0.24366346 -0.04796014  0.24010431]
 [ 0.21648077 -0.01471454  0.27233536 -0.1167086  -0.07011445]
 [-0.09108615 -0.03422677 -0.16911332 -0.05169802 -0.01482189]]
Matrix Pair 47; W = [[ 0.16924702  0.03882066  0.14991059 -0.03875319 -0.05144904]
 [-0.13229591 -0.35434812 -0.12175848  0.22065569 -0.10235314]
 [-0.02793658 -0.02131883 -0.08746668  0.08762108 -0.04154711]
 [ 0.05157724  0.08676552  0.11547227 -0.0864395  -0.11482747]
 [-0.10896331 -0.09327227 -0.26379674 -0.190785   -0.11064016]]
U = [[ 0.12638014  0.15716914  0.28274574  0.3678259  -0.02030427]
 [-0.23379561 -0.1108025   0.04067245  0.10447627  0.23283392]
 [ 0.17052222 -0.05955417 -0.21819199 -0.10842921  0.2659388 ]
 [ 0.15600076  0.05232772  0.24888633 -0.11222492 -0.06057163]
 [-0.09949037 -0.02344062 -0.18398178 -0.12510573 -0.01073119]]
Matrix Pair 48; W = [[ 0.13978885 -0.00448661  0.17430267 -0.03519603 -0.05696596]
 [-0.13243938 -0.40509502 -0.06450297  0.2188383  -0.13787714]
 [-0.05711407  0.00600653 -0.17976584  0.07869765 -0.05375721]
 [ 0.01759148  0.04116041  0.06274167 -0.11674872 -0.11417394]
 [-0.15677678 -0.17505571 -0.27195027 -0.11991318 -0.06728103]]
U = [[ 0.17557102  0.1593034   0.31625167  0.36200793 -0.07846063]
 [-0.35495137 -0.04308118  0.04749083  0.14557104  0.22384143]
 [ 0.0803959  -0.08159697 -0.21387332 -0.06935406  0.22668006]
 [ 0.18712505 -0.07923607  0.18471608 -0.0672501  -0.05863938]
 [-0.07829177  0.00832391 -0.1901695  -0.06443714 -0.03895578]]
Matrix Pair 49; W = [[ 0.21922764 -0.01179087  0.1467301  -0.02303816 -0.08131677]
 [-0.20008954 -0.45458005 -0.10823392  0.19168168 -0.07668144]
 [-0.03711493  0.02074791 -0.12069507  0.10820195 -0.13972533]
 [ 0.00151183  0.1291263   0.07255416 -0.11818015 -0.07381851]
 [-0.17797467 -0.13346051 -0.30465229 -0.18553489  0.02304753]]
U = [[ 0.1756755   0.18421431  0.30639813  0.28813066 -0.10042251]
 [-0.33787431 -0.0878755   0.02846218  0.13459171  0.22612488]
 [ 0.12445886 -0.08378384 -0.2755721  -0.16679296  0.21699273]
 [ 0.18688747 -0.05012672  0.27281988 -0.08598858 -0.03569625]
 [-0.0229886   0.01889439 -0.16797349 -0.02502021 -0.11180792]]
Matrix Pair 50; W = [[ 0.15949678 -0.00617064  0.15480802 -0.03636341 -0.03238597]
 [-0.12688696 -0.37211525 -0.07021318  0.25993628 -0.06877133]
 [-0.05915032  0.06319504 -0.17135574  0.12981482 -0.09373704]
 [-0.00618791  0.09271784  0.0696908  -0.06498204 -0.15105734]
 [-0.15396801 -0.17279928 -0.25107902 -0.1512232  -0.03892279]]
U = [[ 0.20211508  0.12545172  0.29396349  0.34466347 -0.0160342 ]
 [-0.31882567 -0.10808071  0.06653855  0.16184935  0.27972181]
 [ 0.10823594 -0.12780973 -0.23887605 -0.07738911  0.15634329]
 [ 0.19128208 -0.0544525   0.25251817 -0.04303953 -0.07086542]
 [-0.09721799 -0.00621345 -0.19843745 -0.0294688  -0.03109501]]
Matrix Pair 51; W = [[ 0.23351197  0.01338325  0.10450011 -0.02984162 -0.02437803]
 [-0.1454363  -0.4142549  -0.1164173   0.24591112 -0.09466092]
 [-0.0658084   0.04965609 -0.13125348  0.11386645 -0.10230554]
 [ 0.0199431   0.06194949  0.08251222 -0.09235801 -0.17209336]
 [-0.20132362 -0.15173716 -0.2934831  -0.14961682 -0.02901137]]
U = [[ 1.15800660e-01  1.12012205e-01  3.47172333e-01  3.50391761e-01
  -2.15643732e-02]
 [-3.02828281e-01 -6.27934364e-02  1.16307749e-02  1.82365824e-01
   3.03608783e-01]
 [ 1.65148944e-01 -8.56909803e-02 -2.59197480e-01 -1.05480991e-01
   2.00984545e-01]
 [ 1.21704871e-01 -3.73314332e-02  1.93623244e-01 -1.11597777e-01
  -1.07906037e-01]
 [-8.44882158e-02  3.33271329e-04 -1.52758457e-01 -7.88136337e-02
  -6.24805115e-02]]
Matrix Pair 52; W = [[ 0.18578383  0.03511082  0.09438379 -0.0398869  -0.02242755]
 [-0.10907043 -0.44378588 -0.07764667  0.22086979 -0.1177218 ]
 [-0.10579825  0.03038009 -0.11537595  0.11656074 -0.09026408]
 [ 0.07905963  0.07901198  0.10100028 -0.02841283 -0.0848609 ]
 [-0.1284225  -0.17401919 -0.31478082 -0.11711197 -0.06774838]]
U = [[ 0.21097431  0.16370605  0.30412905  0.29388792 -0.09811773]
 [-0.35660745 -0.09920387  0.00567519  0.12054776  0.29780112]
 [ 0.07954571 -0.04647691 -0.19093788 -0.06965253  0.15809269]
 [ 0.19622017 -0.03596733  0.23772652 -0.02511715 -0.05350741]
 [-0.03100177  0.01578327 -0.20152369 -0.00044977 -0.05245703]]
Matrix Pair 53; W = [[ 0.189312   -0.03632537  0.15778521 -0.04249538 -0.09132081]
 [-0.14144786 -0.45486656 -0.07629934  0.18863476 -0.09660251]
 [-0.04402221  0.03008827 -0.16767024  0.09291558 -0.12346879]
 [-0.00298887  0.05024494  0.08941735 -0.11380675 -0.07731191]
 [-0.14819586 -0.14214026 -0.27174499 -0.13128697 -0.01374118]]
U = [[ 0.17921958  0.14260585  0.33324454  0.3567704  -0.08884379]
 [-0.34053788 -0.11351608  0.04238333  0.1498207   0.27372135]
 [ 0.0948413  -0.11084376 -0.17666717 -0.07065806  0.19705425]
 [ 0.14170383 -0.04811845  0.21908244 -0.08018062 -0.10081033]
 [-0.09211753  0.00401353 -0.24080217 -0.01186762 -0.1238387 ]]
Matrix Pair 54; W = [[ 0.18495987  0.05975319  0.11725512 -0.11227281 -0.08786609]
 [-0.11932491 -0.41518174 -0.06701806  0.21339522 -0.14952446]
 [-0.04247504  0.06729983 -0.18177291  0.13252244 -0.14525085]
 [ 0.03814859  0.05209075  0.04498853 -0.0658377  -0.16787767]
 [-0.19585721 -0.13797415 -0.32265111 -0.17265398 -0.0360239 ]]
U = [[ 0.19720897  0.11021179  0.27919557  0.30306914 -0.0260421 ]
 [-0.29721153 -0.05448694  0.07225482  0.14316384  0.27315678]
 [ 0.14938794 -0.0931879  -0.22481355 -0.08321202  0.16290986]
 [ 0.15182885 -0.09720117  0.23635949 -0.03078167 -0.09162459]
 [-0.06689542 -0.05265768 -0.21454516 -0.04294546 -0.08167877]]
Matrix Pair 55; W = [[ 0.23497705 -0.03079889  0.18435624 -0.10991511 -0.07237479]
 [-0.12370353 -0.37519002 -0.05887117  0.20200301 -0.10066862]
 [-0.13389886  0.00229572 -0.15103833  0.10353244 -0.05459756]
 [ 0.06176082  0.0370984   0.03353132 -0.09747632 -0.11689708]
 [-0.17057781 -0.12644425 -0.33185917 -0.19458612  0.02464028]]
U = [[ 0.12950455  0.13488957  0.33847453  0.29644134 -0.0283789 ]
 [-0.37286968 -0.10292006  0.00277656  0.16381941  0.27254586]
 [ 0.10694898 -0.10172932 -0.23069562 -0.1620547   0.18462296]
 [ 0.16555947 -0.01026293  0.23049019 -0.074991   -0.09160678]
 [-0.04984816 -0.04134663 -0.235458   -0.04186747 -0.08820802]]
Matrix Pair 56; W = [[ 0.23648366 -0.0379534   0.11205815 -0.09479458 -0.0772111 ]
 [-0.1929824  -0.40064434 -0.09445523  0.22498426 -0.12977594]
 [-0.05682664  0.01058085 -0.12843335  0.04772113 -0.07160346]
 [ 0.04487709  0.09667908  0.03087447 -0.05040647 -0.13356216]
 [-0.13204282 -0.13161514 -0.26277909 -0.13505059 -0.04656997]]
U = [[ 0.15912435  0.15299844  0.31477362  0.29679917 -0.08306173]
 [-0.30921431 -0.06655726  0.03804172  0.09670479  0.29547594]
 [ 0.06811449 -0.04069566 -0.19009037 -0.12899505  0.20709088]
 [ 0.17146405 -0.09762209  0.18925122 -0.0623286  -0.04531346]
 [-0.02951105 -0.01799339 -0.21425882 -0.05988516 -0.1258373 ]]
Matrix Pair 57; W = [[ 0.21740258  0.05308232  0.12104803 -0.08681485 -0.00631957]
 [-0.15213894 -0.43385312 -0.111351    0.22292836 -0.08084882]
 [-0.03661035  0.05918656 -0.11949199  0.0755827  -0.10671747]
 [ 0.00636417  0.07997366  0.11214689 -0.08529047 -0.08447639]
 [-0.19052854 -0.19236491 -0.25987836 -0.2112639  -0.07007042]]
U = [[ 0.14088206  0.10180042  0.30305096  0.33315305 -0.08346891]
 [-0.37357684 -0.03935614  0.01434003  0.10700839  0.21209906]
 [ 0.13151613 -0.13693377 -0.20043197 -0.11892884  0.17807996]
 [ 0.16149794 -0.0973698   0.20465773 -0.10491268 -0.11855374]
 [-0.05388814 -0.06377207 -0.1810631  -0.02589387 -0.11360384]]
Matrix Pair 58; W = [[ 0.20732097  0.05137332  0.18047965 -0.0223987  -0.03639483]
 [-0.15603243 -0.38177542 -0.03480159  0.19018425 -0.13240116]
 [-0.108766    0.02282127 -0.11053056  0.12191417 -0.12740763]
 [ 0.0227545   0.11203576  0.05012369 -0.10097073 -0.16328899]
 [-0.19797574 -0.12365757 -0.26169838 -0.15514674 -0.02521195]]
U = [[ 0.13964805  0.14279647  0.27407867  0.28080259 -0.01596396]
 [-0.3373764  -0.06360402  0.05976406  0.12112798  0.21024976]
 [ 0.12626008 -0.09490287 -0.27234159 -0.15599407  0.19786195]
 [ 0.19440881 -0.01581546  0.21974688 -0.08780607 -0.11430265]
 [-0.05937826 -0.07489013 -0.17076472 -0.08490518 -0.06382081]]
Matrix Pair 59; W = [[ 0.23678114  0.01170285  0.13485442 -0.02572525 -0.09346496]
 [-0.10695318 -0.38487148 -0.05685152  0.23686515 -0.12507737]
 [-0.11498757  0.04703695 -0.133094    0.12725664 -0.06700394]
 [ 0.02213015  0.10247744  0.11360077 -0.03029157 -0.15550826]
 [-0.11629593 -0.1820836  -0.2747231  -0.12738214 -0.0206785 ]]
U = [[ 0.1982043   0.18164384  0.27407544  0.28320873 -0.07100587]
 [-0.34785977 -0.123044    0.06957816  0.16425122  0.28227144]
 [ 0.08326761 -0.07173519 -0.22433441 -0.1428889   0.23307951]
 [ 0.1171134  -0.07432355  0.19044348 -0.11887844 -0.12239493]
 [-0.0919558  -0.06552496 -0.19537864 -0.00344547 -0.04920045]]
Matrix Pair 60; W = [[ 0.15197042  0.01956568  0.1734074  -0.03294304 -0.01928253]
 [-0.15710242 -0.37237564 -0.10067788  0.21939152 -0.15353082]
 [-0.04289556  0.03370588 -0.09433644  0.09862739 -0.07746834]
 [ 0.04977631  0.10274934  0.04808027 -0.02844678 -0.16957879]
 [-0.14381612 -0.17845323 -0.31948197 -0.11797905  0.00723581]]
U = [[ 0.20391961  0.17287868  0.30738617  0.27390261 -0.10199127]
 [-0.28799739 -0.08621587  0.06985658  0.16979965  0.26827732]
 [ 0.14804256 -0.0395817  -0.21432117 -0.16088762  0.21214524]
 [ 0.16623391 -0.00366161  0.19958043 -0.06513949 -0.1100856 ]
 [-0.01309935 -0.05035642 -0.17288518 -0.00286099 -0.11523533]]
Matrix Pair 61; W = [[ 0.19040273  0.00783088  0.09380057 -0.02047192 -0.09583197]
 [-0.11260691 -0.37196063 -0.06178925  0.22442366 -0.09609999]
 [-0.05020222 -0.01769285 -0.09621994  0.12889845 -0.09906513]
 [ 0.0153183   0.05807957  0.0421194  -0.02867112 -0.14613506]
 [-0.16726121 -0.11824429 -0.28767833 -0.14311019 -0.06004828]]
U = [[ 0.11497679  0.17300552  0.25974136  0.34573942 -0.01970609]
 [-0.35534214 -0.05104604  0.01033009  0.10108156  0.29212966]
 [ 0.08563513 -0.04014049 -0.23583875 -0.10055737  0.17852341]
 [ 0.17497506 -0.04244728  0.23323056 -0.08413608 -0.10507702]
 [-0.08730131 -0.03645229 -0.24444626 -0.00853206 -0.04916683]]
Matrix Pair 62; W = [[ 0.21658201  0.02067762  0.17092606 -0.10551826 -0.03996799]
 [-0.1364281  -0.44831333 -0.07611194  0.18712351 -0.09687347]
 [-0.09822926  0.01243315 -0.11497334  0.05685362 -0.09432861]
 [ 0.05267914  0.07247252  0.09519097 -0.03903056 -0.08731152]
 [-0.16943535 -0.14904808 -0.25643522 -0.13654384 -0.03881572]]
U = [[ 0.20746257  0.11961747  0.35420722  0.31370702 -0.08801535]
 [-0.34433774 -0.07921821 -0.00144195  0.17588738  0.30391317]
 [ 0.15164043 -0.11617887 -0.20765199 -0.14618167  0.24290439]
 [ 0.11094152 -0.05022311  0.23003106 -0.09397163 -0.04354915]
 [-0.00851633  0.01262522 -0.21106521 -0.07652759 -0.09122839]]
Matrix Pair 63; W = [[ 0.22989105  0.06026221  0.12752633 -0.10659997 -0.03637079]
 [-0.18437923 -0.37021367 -0.04597133  0.20404513 -0.15742161]
 [-0.1028065   0.05326685 -0.10880216  0.06248499 -0.0935781 ]
 [ 0.05327067  0.06328405  0.07277345 -0.1197583  -0.12356717]
 [-0.19294665 -0.20080235 -0.2668993  -0.17437265 -0.04610602]]
U = [[ 0.15959924  0.14297738  0.29264921  0.36878713 -0.0240927 ]
 [-0.34539325 -0.05264975  0.01552668  0.10111494  0.27824176]
 [ 0.15644822 -0.0831909  -0.1834843  -0.09273293  0.23095726]
 [ 0.13522373 -0.09772016  0.21989384 -0.05356372 -0.02586767]
 [-0.09522782 -0.00334076 -0.2377262   0.00376399 -0.0401768 ]]
Matrix Pair 64; W = [[ 0.18068402 -0.03123165  0.11530283 -0.01508608 -0.09538421]
 [-0.12567302 -0.3572773  -0.11727594  0.25911723 -0.10945862]
 [ 0.00090519 -0.00463371 -0.12735435  0.13507589 -0.09670258]
 [-0.02446881  0.03821107  0.18937198 -0.06547118 -0.01579753]
 [-0.19573339 -0.09991941 -0.24058878 -0.19523133 -0.06860537]]
U = [[ 0.11635988  0.14442218  0.2853659   0.29179361 -0.07153812]
 [-0.2554533  -0.09545497  0.04156956  0.17126585  0.18280222]
 [ 0.07831225 -0.12696813 -0.19863764 -0.19837893  0.26165168]
 [ 0.23896332 -0.01886561  0.25612702 -0.05787795 -0.08963646]
 [-0.14028449 -0.01436554 -0.29881333  0.00534153 -0.06730467]]
Matrix Pair 65; W = [[ 2.04227621e-01 -9.49775511e-02  1.22457719e-01 -9.51933874e-02
  -6.18136337e-02]
 [-1.21760082e-01 -3.21582701e-01 -7.86547406e-02  2.32524742e-01
  -1.61453123e-01]
 [-5.76974787e-03  2.22748756e-02 -1.39477689e-01  7.05079465e-02
  -9.96481542e-02]
 [-1.43648055e-02  8.45717960e-02  1.18015246e-01 -5.50885316e-02
   5.48339752e-03]
 [-1.53397367e-01 -1.17812441e-01 -2.77321698e-01 -1.15287575e-01
   2.53229073e-04]]
U = [[ 0.1121799   0.09940579  0.30820452  0.309606   -0.03138388]
 [-0.24211195 -0.0593291   0.02726489  0.1446756   0.19396919]
 [ 0.16308548 -0.10499204 -0.20681841 -0.1299812   0.17990173]
 [ 0.17345265 -0.08617965  0.30539359 -0.13708061 -0.09808952]
 [-0.06080966  0.02643969 -0.22689936 -0.01095503 -0.04346254]]
Matrix Pair 66; W = [[ 0.15580895 -0.01194356  0.17218443 -0.04302915 -0.0400986 ]
 [-0.14194424 -0.32601334 -0.11232226  0.21253069 -0.14237125]
 [ 0.00313529  0.05924413 -0.18051942  0.1148872  -0.11234653]
 [-0.01199273  0.09021631  0.19229216 -0.08948778 -0.04932341]
 [-0.2052605  -0.15113121 -0.25811622 -0.11976564  0.01012967]]
U = [[ 0.17074771  0.14039677  0.27485042  0.28990337  0.01712206]
 [-0.2310851  -0.1249187   0.06303237  0.09329128  0.15693397]
 [ 0.07144953 -0.05385827 -0.20213284 -0.14640181  0.22438305]
 [ 0.17427992 -0.07902626  0.27215358 -0.10212799 -0.11682305]
 [-0.10221767 -0.04504621 -0.29755025 -0.03144066 -0.06090229]]
Matrix Pair 67; W = [[ 0.15816052 -0.01304528  0.13947861 -0.07164766 -0.03356568]
 [-0.08431283 -0.39682738 -0.1548028   0.21306418 -0.10413877]
 [ 0.00631616  0.02492983 -0.1250038   0.05766855 -0.0524057 ]
 [ 0.01141406  0.09184805  0.12206748 -0.08666352 -0.02306319]
 [-0.15215675 -0.12106708 -0.26313419 -0.13179189 -0.03846798]]
U = [[ 0.0762662   0.15204449  0.30501558  0.33715735 -0.03912159]
 [-0.22037787 -0.07028475  0.01772578  0.08405039  0.21014848]
 [ 0.14466058 -0.09591577 -0.22462669 -0.19775094  0.25015368]
 [ 0.25114499 -0.04633108  0.24376901 -0.10479032 -0.15843269]
 [-0.10671905  0.00041856 -0.23198495 -0.02950229 -0.01262195]]
Matrix Pair 68; W = [[ 0.15734637 -0.07135795  0.17112772 -0.04829537 -0.02414433]
 [-0.05083964 -0.3676852  -0.1078397   0.22437012 -0.14095306]
 [-0.0597598   0.00134116 -0.14807133  0.05232205 -0.07841702]
 [ 0.01132704  0.03469058  0.17231946 -0.0512115  -0.09145849]
 [-0.16017384 -0.16723267 -0.30456487 -0.20465379 -0.03883954]]
U = [[ 0.09316385  0.13516103  0.32350058  0.24901539 -0.03030686]
 [-0.26911797 -0.05997437  0.04148014  0.07651597  0.19129054]
 [ 0.14623407 -0.06144681 -0.23668552 -0.21881056  0.18642877]
 [ 0.24255196 -0.03934345  0.27474192 -0.1264103  -0.15866272]
 [-0.05895486 -0.03698852 -0.28125766  0.04114336 -0.08012317]]
Matrix Pair 69; W = [[ 0.10998379 -0.03984187  0.16383785 -0.07037806 -0.06928108]
 [-0.08339941 -0.37704022 -0.13101592  0.24716898 -0.17247333]
 [-0.06960523  0.06745521 -0.1341614   0.0926893  -0.10200376]
 [ 0.0218947   0.07872992  0.12703479 -0.05788098 -0.09047835]
 [-0.14867563 -0.14641896 -0.29168066 -0.14187933 -0.07445643]]
U = [[ 0.16936621  0.07056538  0.25172128  0.26339979 -0.07171729]
 [-0.2401319  -0.09036359  0.02943118  0.09828319  0.19579425]
 [ 0.09871343 -0.09320882 -0.20146036 -0.18487389  0.23540938]
 [ 0.19823119 -0.05986437  0.26797122 -0.10091719 -0.14274382]
 [-0.11983915 -0.00338003 -0.21660318 -0.03511353 -0.0427752 ]]
Matrix Pair 70; W = [[ 0.19085665 -0.03562632  0.18025065 -0.02139193 -0.08313227]
 [-0.12536142 -0.35128811 -0.13272787  0.2573676  -0.11358302]
 [ 0.00237415  0.01169532 -0.10121029  0.11277661 -0.07605362]
 [-0.02602825  0.06311341  0.18276867 -0.06244073 -0.01768805]
 [-0.16265904 -0.16711352 -0.25318922 -0.13351571 -0.00075082]]
U = [[ 0.16242705  0.14410859  0.25098759  0.2977367   0.01349095]
 [-0.1980656  -0.04269398  0.03228797  0.11697305  0.19325391]
 [ 0.12069311 -0.12712294 -0.2286942  -0.19920625  0.20006492]
 [ 0.17446775 -0.0607027   0.28206489 -0.13101264 -0.15205279]
 [-0.07738523  0.01699076 -0.22726456  0.02482679 -0.03156301]]
Matrix Pair 71; W = [[ 0.12976959 -0.09513018  0.17249283 -0.10628014 -0.02603757]
 [-0.11626219 -0.30756146 -0.07665149  0.30262782 -0.15014848]
 [-0.06478029 -0.01079357 -0.10158887  0.05175256 -0.06892279]
 [-0.01090381  0.05220434  0.1211128  -0.01710107 -0.03515917]
 [-0.19396502 -0.1619222  -0.32831354 -0.20586083  0.01583794]]
U = [[ 0.1296599   0.1172243   0.30465705  0.262916   -0.04065818]
 [-0.25479114 -0.12422101  0.0033519   0.14646471  0.21028569]
 [ 0.12071938 -0.14605617 -0.18956686 -0.12222052  0.24815986]
 [ 0.19367201 -0.05267897  0.32519116 -0.10207206 -0.16626941]
 [-0.112119    0.01208893 -0.23353564  0.04807579 -0.00555845]]
Matrix Pair 72; W = [[ 0.12442392 -0.03910637  0.10072068 -0.10707093 -0.016811  ]
 [-0.09558215 -0.35949713 -0.08032918  0.21871774 -0.16044341]
 [ 0.00770463  0.027471   -0.17474187  0.13443735 -0.09375831]
 [-0.0520394   0.10921229  0.14285558 -0.02984666  0.00410619]
 [-0.188628   -0.16548447 -0.26118049 -0.14144364 -0.05921392]]
U = [[ 0.08001607  0.13802056  0.2948286   0.29290434 -0.035246  ]
 [-0.20594755 -0.0940208   0.01438441  0.15080809  0.22677995]
 [ 0.09120958 -0.13774017 -0.16307504 -0.15024535  0.2594561 ]
 [ 0.18057878 -0.03342623  0.29863814 -0.11511879 -0.13973635]
 [-0.04973032  0.01582244 -0.25641095 -0.00278059 -0.05219974]]
Matrix Pair 73; W = [[ 0.20217163 -0.02577512  0.18668958 -0.01937679 -0.09574762]
 [-0.05335084 -0.33078994 -0.15532811  0.26505209 -0.1374436 ]
 [-0.0683248   0.01327564 -0.1716742   0.12143482 -0.06924038]
 [-0.04064235  0.05957108  0.1767248  -0.01199264 -0.07643531]
 [-0.17677777 -0.11630752 -0.28599895 -0.14836552 -0.02455969]]
U = [[ 0.17267408  0.08672118  0.30464594  0.25950214  0.01050072]
 [-0.2679385  -0.06017135  0.06125128  0.17251612  0.19598338]
 [ 0.16283648 -0.13923849 -0.16220609 -0.18134377  0.25867448]
 [ 0.24723727 -0.02957322  0.29944398 -0.10848477 -0.07372409]
 [-0.07550463  0.01538192 -0.26779906  0.0182757  -0.02634525]]
Matrix Pair 74; W = [[ 0.11446599 -0.01671775  0.13359469 -0.07892365 -0.06898536]
 [-0.11532243 -0.3708105  -0.13308207  0.27755882 -0.09774629]
 [-0.0349852   0.0017136  -0.16239651  0.05867718 -0.07036691]
 [ 0.0060147   0.11553019  0.17673046 -0.03589332 -0.03031763]
 [-0.16070077 -0.14005747 -0.29892474 -0.15709317  0.01559041]]
U = [[ 1.31225185e-01  1.07488087e-01  3.43129380e-01  3.42701244e-01
   1.38398901e-04]
 [-2.64136560e-01 -6.79209315e-02 -1.02556770e-02  1.08680417e-01
   1.97632480e-01]
 [ 1.17518266e-01 -8.15865034e-02 -2.30576754e-01 -1.29769085e-01
   2.56497382e-01]
 [ 1.88028993e-01 -7.98132480e-02  2.81945493e-01 -1.27008262e-01
  -1.32825819e-01]
 [-1.36525592e-01 -4.58470247e-04 -2.40299969e-01  3.70191608e-02
  -7.88231923e-02]]
Matrix Pair 75; W = [[ 0.15041621 -0.02541515  0.15967303 -0.04394946 -0.01223426]
 [-0.05568002 -0.31518882 -0.15199681  0.27948362 -0.11595564]
 [-0.0063366  -0.01707876 -0.10613199  0.07968367 -0.13590144]
 [-0.03243696  0.12961048  0.18051109 -0.04646453 -0.03044319]
 [-0.20364881 -0.11834701 -0.32393518 -0.16455561 -0.02263875]]
U = [[ 0.0991016   0.10358833  0.32017263  0.27731877 -0.060021  ]
 [-0.2470716  -0.07054893  0.06003901  0.09043923  0.21587583]
 [ 0.10505296 -0.10480248 -0.20321299 -0.1467579   0.19173103]
 [ 0.18167049 -0.06605676  0.2461395  -0.07196683 -0.10544389]
 [-0.11542842  0.00136866 -0.24905542 -0.03295721 -0.03304201]]
Matrix Pair 76; W = [[ 0.18875108 -0.00345061  0.09529996 -0.07301919 -0.02209477]
 [-0.10069091 -0.33093986 -0.08655097  0.29498741 -0.09032408]
 [-0.036159    0.04561212 -0.10289206  0.07745457 -0.14014534]
 [ 0.02292655  0.12286951  0.13149454 -0.02728052 -0.07438635]
 [-0.18497021 -0.12498848 -0.31839852 -0.19536825  0.01165398]]
U = [[ 0.14555152  0.14972273  0.3243417   0.27821747 -0.0740934 ]
 [-0.28370884 -0.08991705  0.03853269  0.10330747  0.1554037 ]
 [ 0.08328232 -0.0896882  -0.24673958 -0.20350848  0.18502007]
 [ 0.19443422 -0.07406189  0.32341345 -0.09525501 -0.08792933]
 [-0.04896685 -0.02974637 -0.27034568  0.04763755 -0.01582921]]
Matrix Pair 77; W = [[ 0.1063315  -0.048416    0.15184076 -0.07691288 -0.01547535]
 [-0.12749572 -0.34116347 -0.14000053  0.29158995 -0.15862216]
 [ 0.00710521  0.04256745 -0.14630555  0.13467283 -0.08421739]
 [ 0.02231281  0.07660966  0.12851751 -0.04158466 -0.05235942]
 [-0.2284573  -0.17339882 -0.32945578 -0.16203457 -0.07401748]]
U = [[ 0.13509656  0.14928325  0.3130802   0.31583075 -0.06984276]
 [-0.21661032 -0.03522428  0.01707704  0.1580381   0.22099405]
 [ 0.08577992 -0.13420889 -0.21120442 -0.16211644  0.19941138]
 [ 0.18936703 -0.0503019   0.29223905 -0.09747752 -0.16913986]
 [-0.11770449 -0.04247207 -0.28423967  0.05301813 -0.06916834]]
Matrix Pair 78; W = [[ 0.17231687 -0.05077558  0.17212183 -0.05817928 -0.09121123]
 [-0.04521791 -0.38220268 -0.08413112  0.29406976 -0.15335507]
 [-0.0567662   0.04412458 -0.14868467  0.0539069  -0.0945251 ]
 [ 0.02536801  0.06059555  0.15603412 -0.01800392 -0.09013336]
 [-0.19982461 -0.11398706 -0.23893649 -0.14858805 -0.04502798]]
U = [[ 0.09998162  0.12145168  0.29032495  0.28922883 -0.03101978]
 [-0.2039277  -0.03345387  0.03328865  0.16932966  0.21123205]
 [ 0.16278152 -0.0538569  -0.2075904  -0.16073183  0.2203488 ]
 [ 0.17016828 -0.0118787   0.25735769 -0.11454476 -0.1143309 ]
 [-0.130059   -0.04004817 -0.24332147 -0.00853076 -0.03769154]]
Matrix Pair 79; W = [[ 0.16933623 -0.04183179  0.1562807  -0.05880678 -0.03414662]
 [-0.07078417 -0.3290203  -0.15476066  0.28890978 -0.12042361]
 [-0.06894133  0.05864294 -0.11249645  0.05938706 -0.10656448]
 [-0.06445449  0.09894463  0.15038437 -0.05793007  0.00103084]
 [-0.15171936 -0.16291968 -0.2707501  -0.15900305 -0.03011197]]
U = [[ 0.07559968  0.10680771  0.34443934  0.26814859  0.00529555]
 [-0.23164478 -0.06402296  0.04055952  0.16576478  0.21699058]
 [ 0.1622587  -0.07616929 -0.23991646 -0.13223654  0.25987004]
 [ 0.18487894 -0.01470286  0.33202413 -0.12098115 -0.16020876]
 [-0.08970357 -0.05748118 -0.26521635  0.01672428 -0.00211567]]
Matrix Pair 80; W = [[ 0.20052419  0.02759033  0.09491719 -0.11571072 -0.06545535]
 [-0.0944544  -0.39611558 -0.16091716  0.24682529 -0.05500248]
 [-0.10369824 -0.06045185 -0.14891501  0.15695358 -0.02457203]
 [ 0.04952792  0.13708245  0.11310134 -0.07904948 -0.07000162]
 [-0.1457112  -0.12631716 -0.35921395 -0.16123999 -0.05540069]]
U = [[ 0.14703762  0.18171815  0.29861163  0.31761583 -0.08668971]
 [-0.25425686 -0.15072057  0.00932768  0.13002192  0.29762219]
 [ 0.12787766 -0.09526269 -0.29241883 -0.10529559  0.20062525]
 [ 0.18179151 -0.12823826  0.23564034 -0.14668202 -0.11191587]
 [-0.13837926 -0.01680791 -0.2495518  -0.07092181 -0.07700757]]
Matrix Pair 81; W = [[ 0.14933973  0.01029618  0.1479498  -0.08492462 -0.04394211]
 [-0.09914217 -0.43624977 -0.12654724  0.27203129 -0.02148832]
 [-0.03393584 -0.01219065 -0.08067629  0.15206914 -0.01517913]
 [-0.00637879  0.07525238  0.14313488 -0.09250842 -0.06987303]
 [-0.21436841 -0.0802461  -0.38602475 -0.20713073 -0.03188324]]
U = [[ 0.1813482   0.15229776  0.30508571  0.30924049 -0.06236247]
 [-0.30386937 -0.08417035  0.07124089  0.11172975  0.25970017]
 [ 0.1714241  -0.07605053 -0.27951108 -0.13240024  0.18360003]
 [ 0.12566635 -0.13731925  0.25916654 -0.11341773 -0.10293926]
 [-0.10030117 -0.02721104 -0.22361898 -0.10486793 -0.05377042]]
Matrix Pair 82; W = [[ 0.20000832 -0.02333711  0.08890096 -0.0571119  -0.10630069]
 [-0.11857299 -0.3967738  -0.1511839   0.23634165 -0.06036773]
 [-0.09708155 -0.04861399 -0.1530158   0.10245822 -0.03418168]
 [-0.01386635  0.15871046  0.06950504 -0.0882475  -0.08493988]
 [-0.20796972 -0.13427469 -0.37741063 -0.16413281 -0.04197946]]
U = [[ 0.16481855  0.12855556  0.35432216  0.26254655 -0.06644255]
 [-0.29678244 -0.11641071  0.03935754  0.17196875  0.23288197]
 [ 0.17715822 -0.05286865 -0.26167961 -0.13959097  0.16993331]
 [ 0.17760144 -0.12888554  0.18743283 -0.13706832 -0.10166698]
 [-0.04649098 -0.03113736 -0.2173246  -0.09843984 -0.02786769]]
Matrix Pair 83; W = [[ 0.19251805 -0.04150354  0.11773586 -0.09093824 -0.02434129]
 [-0.08596899 -0.3537632  -0.1305586   0.29151647 -0.09554576]
 [-0.10797518 -0.01300503 -0.12967393  0.11602197 -0.11103536]
 [-0.02059622  0.15791775  0.12951479 -0.06430637 -0.03455528]
 [-0.22095079 -0.08314977 -0.31095761 -0.12065204 -0.08169909]]
U = [[ 0.13328696  0.13859312  0.28479706  0.32677865 -0.00662114]
 [-0.27338105 -0.12438326  0.02799885  0.17249034  0.23437123]
 [ 0.18817192 -0.05861976 -0.30669086 -0.08744875  0.21764688]
 [ 0.13167415 -0.13476887  0.20596685 -0.08845413 -0.10712339]
 [-0.12641278 -0.07544859 -0.24821558 -0.07345337 -0.08467427]]
Matrix Pair 84; W = [[ 0.2154056   0.03859515  0.14638169 -0.04820664 -0.04813762]
 [-0.14013597 -0.38136458 -0.06918361  0.26496767 -0.06596149]
 [-0.04171813 -0.06302547 -0.15950575  0.07233759 -0.09284398]
 [ 0.02242251  0.07776072  0.145871   -0.07869861 -0.01227044]
 [-0.20311983 -0.11336424 -0.34245706 -0.20753044 -0.06220931]]
U = [[ 0.16567767  0.17506352  0.33025115  0.28253922 -0.01383583]
 [-0.33181373 -0.09145088  0.09381398  0.09463993  0.25690812]
 [ 0.16878838 -0.07845305 -0.23124686 -0.16278451  0.21786576]
 [ 0.17525211 -0.14124443  0.17871283 -0.10369976 -0.08887188]
 [-0.07424526 -0.05139564 -0.23663948 -0.11060935 -0.05980206]]
Matrix Pair 85; W = [[ 0.14445931  0.04577347  0.10542063 -0.08461973 -0.02375965]
 [-0.12935412 -0.38719627 -0.08712503  0.20094113 -0.07799122]
 [-0.07469984  0.00327664 -0.09985874  0.13940558 -0.05698149]
 [ 0.050433    0.11778521  0.15254403 -0.08965871 -0.06376068]
 [-0.17228235 -0.04527909 -0.3214962  -0.15975137 -0.04772581]]
U = [[ 0.1186628   0.20345004  0.3496549   0.26383488 -0.00145282]
 [-0.26600662 -0.07327446  0.00505143  0.1494141   0.25645328]
 [ 0.17385881 -0.02982817 -0.2331971  -0.08886339  0.15516428]
 [ 0.17538694 -0.13574543  0.22232852 -0.16552608 -0.07878934]
 [-0.08493449 -0.00484666 -0.18980207 -0.08605433 -0.07665909]]
Matrix Pair 86; W = [[ 0.20729895  0.0102811   0.11992251 -0.09418529 -0.10591079]
 [-0.11253178 -0.36844558 -0.07700104  0.23107633 -0.08328844]
 [-0.04096164 -0.0676642  -0.15139275  0.08079313 -0.0916771 ]
 [ 0.04398927  0.09282877  0.12820842 -0.04095885 -0.05794357]
 [-0.17718645 -0.09385868 -0.32339945 -0.1551708  -0.10026765]]
U = [[ 0.18988556  0.14074736  0.29916327  0.26959004 -0.0327229 ]
 [-0.31570866 -0.12602188  0.08258042  0.10499855  0.24517183]
 [ 0.15007295 -0.03334227 -0.27455796 -0.07228957  0.19808289]
 [ 0.11391147 -0.0722784   0.17880984 -0.13556076 -0.1666857 ]
 [-0.10865944 -0.01281421 -0.21449588 -0.11856869 -0.08652374]]
Matrix Pair 87; W = [[ 0.18840602 -0.03534356  0.11926009 -0.12544162 -0.10440826]
 [-0.16172228 -0.41352226 -0.14278474  0.26081694 -0.07757563]
 [-0.03969437 -0.02257546 -0.13077535  0.09413542 -0.02382683]
 [ 0.01066093  0.14948972  0.08641165 -0.06640494 -0.06068569]
 [-0.24322555 -0.090089   -0.29329095 -0.20200785 -0.01781278]]
U = [[ 0.19639111  0.17236917  0.31143687  0.30593646 -0.05479757]
 [-0.25350185 -0.07474942  0.01577588  0.15883551  0.24791962]
 [ 0.17976051 -0.11531623 -0.26790654 -0.1557922   0.21613936]
 [ 0.19772504 -0.09086878  0.26484388 -0.15460398 -0.15087812]
 [-0.06621525 -0.08569316 -0.19256366 -0.10594556 -0.03329702]]
Matrix Pair 88; W = [[ 0.1886682  -0.01003198  0.10078557 -0.03081885 -0.02148079]
 [-0.09831982 -0.33999981 -0.14686789  0.23656919 -0.0407479 ]
 [-0.10188659 -0.05478827 -0.14066994  0.08412842 -0.03725065]
 [-0.00773068  0.08090547  0.16329571 -0.13827309 -0.08545347]
 [-0.15448922 -0.0519396  -0.37121572 -0.2184965  -0.08563683]]
U = [[ 0.20389451  0.17875276  0.29462179  0.28642604 -0.05260875]
 [-0.33007752 -0.09139077  0.09351968  0.14644106  0.27477927]
 [ 0.12557218 -0.02569097 -0.31160812 -0.13190891  0.14729299]
 [ 0.13340375 -0.13784553  0.19456078 -0.13908089 -0.14101935]
 [-0.13724004 -0.09110308 -0.23163556 -0.06634512 -0.09359801]]
Matrix Pair 89; W = [[ 0.16220195  0.04567532  0.14887429 -0.11383148 -0.06150144]
 [-0.07381457 -0.43199542 -0.12625742  0.27146128 -0.04010499]
 [-0.08045536 -0.04853738 -0.16761817  0.08117346 -0.03178365]
 [ 0.05181259  0.12951246  0.07744732 -0.10857977  0.00059841]
 [-0.23315819 -0.11656546 -0.29186081 -0.13217331 -0.0948005 ]]
U = [[ 1.84065646e-01  1.95575710e-01  2.88093554e-01  2.92013365e-01
  -3.67683120e-02]
 [-2.97185048e-01 -1.19812375e-01  4.56835224e-02  1.52672250e-01
   2.86303298e-01]
 [ 1.02167401e-01 -3.85819757e-02 -2.96475837e-01 -8.81183875e-02
   1.71820023e-01]
 [ 1.81944058e-01 -7.31047405e-02  2.04830530e-01 -1.39337344e-01
  -1.61432570e-01]
 [-1.10367804e-01  1.05890907e-04 -1.85029232e-01 -5.85628317e-02
  -4.11800270e-02]]
Matrix Pair 90; W = [[ 0.14870311  0.00630542  0.1485652  -0.10843946 -0.01473792]
 [-0.16181954 -0.38699461 -0.07778948  0.27023406 -0.08960215]
 [-0.0787691  -0.07761428 -0.15577028  0.13706002 -0.03488852]
 [ 0.07509032  0.11340289  0.10258183 -0.09612847 -0.04622851]
 [-0.15902401 -0.12086769 -0.31014497 -0.18948979 -0.10287307]]
U = [[ 0.12303148  0.14241567  0.33986984  0.34945995 -0.00900539]
 [-0.25996922 -0.12340181  0.05533266  0.12573609  0.24370082]
 [ 0.11680841 -0.0235765  -0.30342919 -0.15250184  0.16855398]
 [ 0.15778023 -0.09204234  0.25061503 -0.16247611 -0.1364033 ]
 [-0.07113419 -0.00261762 -0.21516594 -0.05360334 -0.01471548]]
Matrix Pair 91; W = [[ 0.22798734 -0.04754569  0.11943762 -0.06000255 -0.08033254]
 [-0.13841981 -0.36794333 -0.06931831  0.20839403 -0.09089317]
 [-0.10143557  0.00938994 -0.13926251  0.07699135 -0.0131803 ]
 [ 0.03027837  0.09479334  0.14313457 -0.11587615 -0.06956849]
 [-0.2222694  -0.08203552 -0.38115825 -0.15024323 -0.0893323 ]]
U = [[ 0.18839039  0.13820125  0.33385082  0.2833649  -0.0618764 ]
 [-0.29841692 -0.0980565   0.01141288  0.1170335   0.27231073]
 [ 0.15320534 -0.06049617 -0.27740846 -0.13496143  0.15153485]
 [ 0.18312388 -0.08099433  0.17818238 -0.15404965 -0.09236169]
 [-0.07249943 -0.07609038 -0.21176479 -0.06918639 -0.09010741]]
Matrix Pair 92; W = [[ 0.17113309 -0.01701531  0.15937023 -0.12490951 -0.0789841 ]
 [-0.10266582 -0.35714175 -0.14882961  0.20655151 -0.01608632]
 [-0.05951284 -0.05267891 -0.112889    0.1547563  -0.03198321]
 [-0.00336925  0.11057934  0.15654583 -0.13255295  0.00984614]
 [-0.14982288 -0.07161574 -0.31417443 -0.21164621 -0.03864094]]
U = [[ 0.1964083   0.15523014  0.27429942  0.26775237 -0.06153684]
 [-0.31786513 -0.15438157  0.07601383  0.15309175  0.27627029]
 [ 0.13065676 -0.10671883 -0.30375644 -0.08785593  0.16767476]
 [ 0.16570057 -0.12836542  0.25391656 -0.12612057 -0.10258333]
 [-0.08316251 -0.09162148 -0.17880713 -0.02843019 -0.01712862]]
Matrix Pair 93; W = [[ 0.22380987  0.03031558  0.11132194 -0.1094153  -0.01203492]
 [-0.15493359 -0.35555253 -0.09320142  0.24764033 -0.08389363]
 [-0.11990752  0.01770461 -0.16249858  0.07141116 -0.11104604]
 [ 0.01971305  0.13788677  0.15504924 -0.07609123 -0.05391718]
 [-0.21939571 -0.09941079 -0.34902568 -0.1936205  -0.07628349]]
U = [[ 0.1582348   0.20178824  0.35731464  0.25319287 -0.07105941]
 [-0.31136557 -0.12142218  0.07685915  0.10011531  0.26207867]
 [ 0.16012563 -0.11452973 -0.2869262  -0.13706567  0.14627186]
 [ 0.11478073 -0.14258239  0.26626104 -0.14220836 -0.14842323]
 [-0.09333842  0.00334693 -0.24778153 -0.07705138 -0.06452285]]
Matrix Pair 94; W = [[ 0.17012217  0.03690165  0.08897566 -0.09293273 -0.03143011]
 [-0.08390318 -0.37718156 -0.11496493  0.28796012 -0.08585892]
 [-0.08161716 -0.0477766  -0.10526183  0.06219689 -0.01623682]
 [ 0.06631206  0.06510399  0.12495045 -0.04426924 -0.00355126]
 [-0.16668076 -0.06657036 -0.32365104 -0.12159662 -0.01729553]]
U = [[ 0.18322506  0.13667868  0.31723826  0.31106002 -0.00348235]
 [-0.27024453 -0.10324299  0.03593243  0.16856691  0.26337872]
 [ 0.10287603 -0.04551177 -0.2817169  -0.12361522  0.22207652]
 [ 0.15565761 -0.118528    0.2022142  -0.1482064  -0.13343495]
 [-0.08634218 -0.03816359 -0.16520056 -0.07473512 -0.06832454]]
Matrix Pair 95; W = [[ 0.20498557 -0.04469783  0.16301425 -0.09263809 -0.03507181]
 [-0.12240613 -0.3480944  -0.13022372  0.27464077 -0.10636766]
 [-0.10121396 -0.02338515 -0.12181999  0.15864826 -0.09025038]
 [ 0.05002929  0.14584477  0.1216672  -0.0518372  -0.02872347]
 [-0.2396325  -0.09553753 -0.29533242 -0.17215675 -0.01182657]]
U = [[ 0.20606519  0.18651447  0.34287099  0.28909413 -0.07759989]
 [-0.3003432  -0.07627462  0.00372977  0.12427965  0.2687755 ]
 [ 0.11400797 -0.02242807 -0.28541047 -0.11542381  0.23165152]
 [ 0.12213244 -0.05078527  0.24174381 -0.07792662 -0.11734413]
 [-0.11943352  0.00280201 -0.2274823  -0.11605119 -0.00970653]]
Matrix Pair 96; W = [[ 0.106876    0.05156811  0.14400791 -0.08403097 -0.03004637]
 [-0.08618603 -0.37125509 -0.14889995  0.20093561 -0.07922986]
 [-0.02868747 -0.0203222  -0.08585945 -0.00401627 -0.05647546]
 [ 0.07240835  0.116078    0.19294704 -0.03587641 -0.0177821 ]
 [-0.23147485 -0.09963121 -0.32228024 -0.29266888 -0.07413097]]
U = [[ 0.1404714   0.17934049  0.212113    0.27575037 -0.05406949]
 [-0.19921502 -0.01308206  0.02815045  0.17686688  0.23743829]
 [ 0.12033293 -0.05129004 -0.18657635 -0.09776151  0.19667455]
 [ 0.23661826 -0.13262601  0.30952501 -0.03087394 -0.11595723]
 [-0.10360124 -0.00085718 -0.23420293  0.010446   -0.01367308]]
Matrix Pair 97; W = [[ 0.14218703 -0.00210126  0.15574551 -0.09713847 -0.07890588]
 [-0.1370348  -0.38379898 -0.08491168  0.2346855  -0.05130175]
 [-0.09983902 -0.02954755 -0.13400894  0.03100164 -0.12256345]
 [ 0.02726997  0.05136038  0.18681544 -0.05712468 -0.06962007]
 [-0.24391914 -0.16913825 -0.30667786 -0.24496027 -0.06089111]]
U = [[ 0.15563695  0.12709178  0.23093703  0.29567141 -0.05959913]
 [-0.24496304 -0.04258014  0.06562337  0.17723664  0.23712029]
 [ 0.20018466 -0.04469711 -0.20271281 -0.10315148  0.1997005 ]
 [ 0.23843616 -0.1215222   0.36529804 -0.10259955 -0.09487964]
 [-0.1222724   0.02676752 -0.21831721 -0.03636449 -0.04906505]]
Matrix Pair 98; W = [[ 0.13065806  0.01790156  0.11366875 -0.09204624 -0.04945601]
 [-0.14454043 -0.36662696 -0.07930695  0.23768238 -0.0530917 ]
 [-0.02824248 -0.02285462 -0.12327944  0.03998192 -0.0960276 ]
 [ 0.00478436  0.05927193  0.18128464 -0.00930491 -0.09056954]
 [-0.151173   -0.1809559  -0.22343761 -0.29666475 -0.08318699]]
U = [[ 0.15287069  0.1114113   0.22221995  0.27510715 -0.09343541]
 [-0.20814483 -0.08330679  0.0390569   0.20569991  0.30495617]
 [ 0.12442855 -0.05226105 -0.23536394 -0.1123853   0.21304198]
 [ 0.18596274 -0.0956512   0.38373518 -0.08904207 -0.14110231]
 [-0.09885639 -0.01691777 -0.2231438   0.01808553 -0.0912475 ]]
Matrix Pair 99; W = [[ 0.0883418   0.06015797  0.12825912 -0.09939223 -0.00457546]
 [-0.10157003 -0.38258885 -0.07739881  0.2296292  -0.11875297]
 [-0.07216084  0.0462935  -0.11180729  0.07224727 -0.08531601]
 [ 0.07885027  0.10983226  0.16267808 -0.00813891 -0.00325437]
 [-0.153947   -0.14934983 -0.23498229 -0.29829295 -0.03259893]]
U = [[ 0.07517272  0.13854898  0.20724013  0.31495772 -0.08166002]
 [-0.19596835 -0.03116723  0.04310003  0.18755039  0.29789252]
 [ 0.1163475  -0.03137505 -0.16552737 -0.16738921  0.25175568]
 [ 0.21609525 -0.08017674  0.30978406 -0.11995111 -0.10096993]
 [-0.10735779  0.01791739 -0.19540049 -0.02602181 -0.03576032]]
Matrix Pair 100; W = [[ 0.11262666 -0.01237138  0.1678193  -0.0921226  -0.06143956]
 [-0.14346477 -0.39468989 -0.05887572  0.29105188 -0.10339548]
 [-0.10121792  0.04497341 -0.11894489  0.02217962 -0.12964682]
 [ 0.00299634  0.14118169  0.12957894  0.01963186 -0.03665963]
 [-0.16295456 -0.16414976 -0.271481   -0.22168843 -0.06062895]]
U = [[ 0.15078943  0.14575691  0.22172242  0.26139339 -0.0561532 ]
 [-0.24577287 -0.09511726  0.01486111  0.15895686  0.2823968 ]
 [ 0.1451673  -0.09623144 -0.17132783 -0.0812821   0.23917412]
 [ 0.23367818 -0.13664688  0.3052687  -0.03003834 -0.12305694]
 [-0.06291469  0.00620066 -0.28831433  0.0140122  -0.00525424]]
Matrix Pair 101; W = [[ 0.06387466 -0.02417353  0.11431183 -0.08228816 -0.00610991]
 [-0.07589289 -0.39860134 -0.1470694   0.28452735 -0.08187997]
 [-0.07823165 -0.00511422 -0.08282701  0.02499457 -0.05558274]
 [-0.01240751  0.07127157  0.17578541 -0.04757423 -0.06956374]
 [-0.2422946  -0.15146056 -0.31957023 -0.22729371 -0.01265396]]
U = [[ 0.10152443  0.12179209  0.27785592  0.24575846 -0.06848655]
 [-0.28016307 -0.08075033 -0.01791403  0.18887105  0.26661047]
 [ 0.15288504 -0.07796004 -0.20566061 -0.12793951  0.21417806]
 [ 0.19605129 -0.11936996  0.37849541 -0.05638049 -0.08220332]
 [-0.10145829 -0.02117416 -0.22943454 -0.053877   -0.01934141]]
Matrix Pair 102; W = [[ 1.28794971e-01  1.16634774e-02  1.90581879e-01 -1.06824585e-01
  -6.16327373e-02]
 [-1.32467265e-01 -4.07867168e-01 -1.43752377e-01  2.78628620e-01
  -1.04311186e-01]
 [-2.81844445e-02  4.14364758e-02 -6.57164663e-02  8.26994796e-02
  -5.68886948e-02]
 [-2.06966738e-04  4.99337589e-02  1.20667252e-01 -2.03006088e-02
  -8.19259649e-02]
 [-2.01681705e-01 -8.84710142e-02 -3.12384397e-01 -2.34566241e-01
  -5.49572134e-02]]
U = [[ 0.14228227  0.13385828  0.25477149  0.24905171 -0.06812419]
 [-0.2240754  -0.04305354  0.02726408  0.13580914  0.29489755]
 [ 0.13065962 -0.10791411 -0.182285   -0.12320507  0.20571697]
 [ 0.22795571 -0.06487787  0.30064943 -0.09567754 -0.10180696]
 [-0.04329499 -0.00376897 -0.19523485  0.00268852 -0.00879175]]
Matrix Pair 103; W = [[ 0.15370369  0.06607892  0.19712445 -0.065304    0.00211709]
 [-0.15978471 -0.34578401 -0.12917148  0.21893342 -0.08715732]
 [-0.08443155  0.00988935 -0.12333319  0.01683272 -0.09953945]
 [ 0.04025696  0.1235302   0.1337251  -0.03341487 -0.07966873]
 [-0.1759311  -0.15763112 -0.30561148 -0.24633317 -0.05037862]]
U = [[ 0.12684242  0.14573979  0.20748036  0.2518511  -0.0751446 ]
 [-0.23374957 -0.09227691  0.00883176  0.18776564  0.27670042]
 [ 0.18919483 -0.0940916  -0.19029121 -0.15592476  0.17482841]
 [ 0.22234769 -0.09922339  0.36046185 -0.0627629  -0.14117496]
 [-0.07623945  0.02397692 -0.26330085 -0.03546863 -0.06837986]]
Matrix Pair 104; W = [[ 0.124951    0.04852586  0.20305702 -0.11122584 -0.06662054]
 [-0.14323006 -0.41597001 -0.06800662  0.27528321 -0.04302222]
 [-0.04527964 -0.02888173 -0.13074315  0.01577896 -0.10509812]
 [-0.00065302  0.12299501  0.20463708 -0.06833439 -0.01097241]
 [-0.23694014 -0.14898437 -0.30132645 -0.25429589 -0.06850057]]
U = [[ 0.15065853  0.15713197  0.20470102  0.26289342 -0.03017617]
 [-0.26168081 -0.03753792  0.01208928  0.14855103  0.27555272]
 [ 0.12469869 -0.0125063  -0.16050642 -0.09585251  0.2397637 ]
 [ 0.24149883 -0.06892252  0.32520182 -0.05637494 -0.10223077]
 [-0.08430199 -0.00156836 -0.23812416 -0.00838206 -0.05015564]]
Matrix Pair 105; W = [[ 0.13804651  0.05998086  0.11320046 -0.11006354 -0.07593312]
 [-0.14223971 -0.35381755 -0.08196492  0.20434236 -0.0784425 ]
 [-0.07824186 -0.00949008 -0.05935716  0.05661487 -0.05255359]
 [-0.01442721  0.10764255  0.17864038 -0.02855945 -0.034767  ]
 [-0.16678589 -0.17099691 -0.22999031 -0.27872847 -0.01670991]]
U = [[ 0.07432056  0.1582342   0.23249673  0.34119877 -0.07630068]
 [-0.29210993 -0.01547289 -0.00558513  0.14316418  0.24760409]
 [ 0.17877269 -0.02586889 -0.23695926 -0.13857768  0.23597419]
 [ 0.22329949 -0.11776979  0.39142117 -0.09512109 -0.05172506]
 [-0.13001494  0.04209593 -0.2800721  -0.04274976 -0.07269241]]
Matrix Pair 106; W = [[ 0.14097783 -0.007839    0.20413946 -0.11350172 -0.04457784]
 [-0.14442942 -0.39089667 -0.07056403  0.25499464 -0.06453714]
 [-0.04920762  0.01762026 -0.14435519  0.0194199  -0.09140888]
 [-0.01745298  0.07986995  0.20084927 -0.05060435 -0.00244054]
 [-0.17460026 -0.10561705 -0.22282839 -0.24216109 -0.06093033]]
U = [[ 0.1417764   0.15720857  0.28859506  0.27723166 -0.07314043]
 [-0.20527194 -0.05881234 -0.01416718  0.1505293   0.30277176]
 [ 0.12824202 -0.0607253  -0.24972932 -0.10544403  0.24301356]
 [ 0.22829644 -0.06840338  0.31152726 -0.05418124 -0.10279304]
 [-0.07882975 -0.00900758 -0.23730727 -0.01473021 -0.01572681]]
Matrix Pair 107; W = [[ 0.06067566  0.04848373  0.11333926 -0.08896149  0.00614353]
 [-0.07831059 -0.32948222 -0.1069622   0.26512252 -0.13157225]
 [-0.09014864 -0.01108842 -0.091563    0.02982677 -0.09194931]
 [ 0.03532863  0.0711765   0.12350678  0.01646802 -0.03656176]
 [-0.22389483 -0.1665394  -0.28374062 -0.24195452 -0.09660364]]
U = [[ 0.10534975  0.12320531  0.21513865  0.31797028 -0.08526068]
 [-0.25570958 -0.02721918  0.00231433  0.18094481  0.27486748]
 [ 0.13219975 -0.07883483 -0.23700403 -0.15044193  0.19414398]
 [ 0.22054664 -0.13466925  0.35253724 -0.09840771 -0.07862079]
 [-0.08807357 -0.02398837 -0.24518552  0.02111449 -0.02913561]]
Matrix Pair 108; W = [[ 0.08309715  0.05574793  0.1185056  -0.04408237 -0.07196405]
 [-0.15065206 -0.40533222 -0.14479577  0.26343663 -0.10285914]
 [-0.04448692 -0.04333617 -0.05314184  0.07288083 -0.05462516]
 [ 0.02253743  0.13393307  0.19964788 -0.07277906 -0.0900616 ]
 [-0.187839   -0.17908018 -0.27195369 -0.2672163  -0.08685271]]
U = [[ 0.11787143  0.12167701  0.27150696  0.24382056 -0.07935941]
 [-0.22365397 -0.02734067  0.04495983  0.14717472  0.29068267]
 [ 0.14940714 -0.05496195 -0.16192927 -0.11919912  0.1668368 ]
 [ 0.169984   -0.07593731  0.33704251 -0.07649408 -0.06699537]
 [-0.13005829  0.03533811 -0.24699905 -0.06954235 -0.022997  ]]
Matrix Pair 109; W = [[ 7.48683092e-02 -1.24881348e-02  1.62786435e-01 -4.01837278e-02
  -7.96665307e-06]
 [-1.11347141e-01 -4.11599675e-01 -1.01721915e-01  2.40072630e-01
  -1.18133200e-01]
 [-1.16219757e-01  3.49686466e-02 -1.48680194e-01  5.91389731e-02
  -1.09569277e-01]
 [ 5.56564119e-02  1.33322485e-01  1.09776183e-01 -7.41649104e-02
  -8.82317345e-02]
 [-1.75540676e-01 -1.31721760e-01 -2.34435702e-01 -2.54800501e-01
  -9.48566869e-02]]
U = [[ 0.0854627   0.14634408  0.29619292  0.30747466 -0.05296995]
 [-0.21210046 -0.10562493 -0.00130394  0.14361465  0.23490227]
 [ 0.20523079 -0.08340893 -0.21609662 -0.08213578  0.17397787]
 [ 0.2154331  -0.13043254  0.34613648 -0.05341678 -0.0601642 ]
 [-0.13111348 -0.04688853 -0.24249076 -0.06823734 -0.02715397]]
Matrix Pair 110; W = [[ 0.14209233  0.06334037  0.19188254 -0.07265327  0.00213469]
 [-0.12586919 -0.40497358 -0.1249178   0.28578521 -0.03259545]
 [-0.10363306  0.03871055 -0.07114784  0.04593965 -0.13027789]
 [-0.00798225  0.12270099  0.12400959 -0.02473001 -0.09124829]
 [-0.23505644 -0.15504812 -0.22320109 -0.27296481 -0.01878738]]
U = [[ 0.14485777  0.12098991  0.28885966  0.29465326 -0.00908026]
 [-0.26681307 -0.08500036  0.05144074  0.18691045  0.31382901]
 [ 0.18782248 -0.05134206 -0.24011063 -0.09131639  0.21305316]
 [ 0.15501801 -0.10861538  0.35824091 -0.02736602 -0.0542335 ]
 [-0.06502844  0.03891422 -0.21864848 -0.00202712 -0.09715743]]
Matrix Pair 111; W = [[ 0.14431525 -0.02793251  0.13909473 -0.03369869  0.0007327 ]
 [-0.12049976 -0.36667817 -0.11172435  0.28455147 -0.0695386 ]
 [-0.07833237  0.00888135 -0.09527152  0.07036103 -0.05289219]
 [ 0.0669593   0.0519115   0.12482102  0.01482673 -0.06074794]
 [-0.16959979 -0.15405506 -0.2868544  -0.23082733 -0.09292848]]
U = [[ 0.08035574  0.12450642  0.28805069  0.33892007 -0.03415441]
 [-0.25480494 -0.10169998  0.00359453  0.1442116   0.22899405]
 [ 0.13766776 -0.07601039 -0.18069697 -0.08201692  0.18249253]
 [ 0.14534991 -0.07450684  0.30299233 -0.11468798 -0.09863939]
 [-0.11092465  0.00496664 -0.26212977 -0.05380441 -0.03709001]]
Matrix Pair 112; W = [[ 0.22161108  0.022026    0.10573005 -0.00774464  0.02922095]
 [-0.1280841  -0.38020965 -0.16401715  0.2482746  -0.02263616]
 [-0.08254883 -0.02468979 -0.06818996  0.0773401  -0.09632061]
 [ 0.00693841  0.0695567   0.14711675 -0.06467916 -0.08402746]
 [-0.14670178 -0.119186   -0.35982378 -0.10712717  0.0106743 ]]
U = [[ 0.24435744  0.20537774  0.32242901  0.43774263 -0.04683985]
 [-0.28443108 -0.12795761  0.02218904  0.12132279  0.25162097]
 [ 0.15423438 -0.10980584 -0.20050197 -0.10936495  0.2376862 ]
 [ 0.16192939 -0.02981613  0.2945059  -0.15206002 -0.12800802]
 [-0.11066332 -0.00505813 -0.25270399 -0.07625653 -0.0763396 ]]
Matrix Pair 113; W = [[ 0.16524046 -0.02720483  0.16502795 -0.04314431  0.02699024]
 [-0.06934924 -0.36591206 -0.18577783  0.17437506 -0.03743666]
 [-0.05066736 -0.05311036 -0.07336469  0.06634889 -0.06154282]
 [ 0.0790555   0.10974891  0.11481721 -0.04976906 -0.13784028]
 [-0.17099066 -0.1479963  -0.35134658 -0.16916983 -0.06305901]]
U = [[ 0.18781839  0.16138032  0.32152507  0.45119026 -0.00732984]
 [-0.27995768 -0.08992722  0.01657064  0.20486816  0.24453449]
 [ 0.20993183 -0.14408492 -0.23231309 -0.0808388   0.22612501]
 [ 0.11710656 -0.0492701   0.25767637 -0.06799991 -0.16994139]
 [-0.07560843 -0.03949015 -0.29689792 -0.01904862 -0.05724495]]
Matrix Pair 114; W = [[ 0.19181978 -0.00317883  0.13218006 -0.10056002 -0.06578794]
 [-0.07368332 -0.37818758 -0.14960604  0.220138   -0.01540513]
 [-0.07893142 -0.01198135 -0.14350874  0.01187036 -0.05140922]
 [ 0.07778109  0.13435961  0.16261268 -0.01868217 -0.13848766]
 [-0.13823896 -0.07442098 -0.35629589 -0.16913231 -0.01406827]]
U = [[ 0.16987178  0.17408972  0.26775314  0.37469337 -0.07786948]
 [-0.26572793 -0.09570918  0.02199877  0.21468197  0.29415804]
 [ 0.20284972 -0.12213309 -0.23690111 -0.06547687  0.15952183]
 [ 0.11111014 -0.05907529  0.28962193 -0.15743971 -0.12537725]
 [-0.11013073 -0.05017192 -0.28646231 -0.04889207 -0.05855547]]
Matrix Pair 115; W = [[ 1.85500619e-01  5.66480180e-03  1.19099842e-01 -9.67209046e-02
  -8.28209309e-03]
 [-1.50829820e-01 -3.29515607e-01 -1.76381863e-01  2.24029605e-01
  -9.75447799e-02]
 [-3.84133221e-02  2.76974341e-04 -8.61052161e-02  2.53862135e-02
  -8.62570998e-02]
 [ 1.44218683e-02  6.72092949e-02  9.14934229e-02 -8.22650610e-02
  -5.42077119e-02]
 [-9.21371041e-02 -1.11841853e-01 -3.05883809e-01 -9.30423437e-02
  -7.38432380e-02]]
U = [[ 0.23503897  0.21993663  0.2655161   0.37357698 -0.02999456]
 [-0.29315498 -0.15343617  0.04577335  0.16542505  0.25389584]
 [ 0.17233728 -0.05981142 -0.22546718 -0.09406649  0.24711168]
 [ 0.15030076 -0.08229486  0.24928039 -0.10433563 -0.14898132]
 [-0.08817739 -0.04554713 -0.29081513 -0.0483159  -0.04192267]]
Matrix Pair 116; W = [[ 0.17706082 -0.07580405  0.17562573 -0.06725692  0.02673494]
 [-0.09867061 -0.33903861 -0.12555756  0.22282206 -0.05595407]
 [-0.03820766 -0.01232684 -0.07735557  0.04344544 -0.11167896]
 [ 0.0600729   0.15672209  0.11479961 -0.0996161  -0.07529139]
 [-0.11428338 -0.12186973 -0.30915297 -0.18852057 -0.04786378]]
U = [[ 0.20168684  0.18760861  0.31859153  0.36110954 -0.05516719]
 [-0.23537317 -0.11533391  0.08915742  0.14152123  0.26873053]
 [ 0.12618613 -0.1240457  -0.2322337  -0.13168132  0.22796447]
 [ 0.13930637 -0.0374649   0.2259048  -0.11490387 -0.1158532 ]
 [-0.04839318 -0.01988288 -0.23392524 -0.08412163 -0.02461862]]
Matrix Pair 117; W = [[ 0.16898379 -0.0609433   0.0923738  -0.03208458  0.00782902]
 [-0.13839955 -0.32194704 -0.1545905   0.18120357 -0.04807334]
 [-0.03774476 -0.03703034 -0.09104146  0.01033627 -0.06788431]
 [ 0.01463352  0.15597973  0.18813864 -0.02137954 -0.0819543 ]
 [-0.17612007 -0.06070791 -0.33530938 -0.10672338 -0.07868216]]
U = [[ 0.19925861  0.22124714  0.34405533  0.45419045 -0.05493986]
 [-0.24904857 -0.12505032  0.09216846  0.1453009   0.26830773]
 [ 0.20594886 -0.10499189 -0.25948846 -0.08598992  0.16717124]
 [ 0.10127982 -0.04799661  0.21795035 -0.15207831 -0.15567177]
 [-0.05678846 -0.06398886 -0.24902421 -0.06283511  0.01390155]]
Matrix Pair 118; W = [[ 0.17831939 -0.00478705  0.1198734  -0.07616825  0.01254244]
 [-0.10020362 -0.36077847 -0.17191797  0.17818008 -0.06005237]
 [-0.05133229 -0.01088732 -0.05759708  0.05624655 -0.12597189]
 [ 0.00470857  0.13770359  0.09471718 -0.03847137 -0.04577536]
 [-0.16963625 -0.13691062 -0.34433603 -0.12652012 -0.03813572]]
U = [[ 0.15623888  0.2003773   0.2828303   0.37870253 -0.01152776]
 [-0.29411921 -0.1547155   0.05490013  0.16619549  0.23817201]
 [ 0.14903884 -0.12039443 -0.21926107 -0.10053557  0.22995028]
 [ 0.12923361 -0.04079652  0.23162097 -0.10928556 -0.10708028]
 [-0.09934118 -0.02993457 -0.30023965 -0.03966813 -0.03634034]]
Matrix Pair 119; W = [[ 2.46488567e-01 -7.58049340e-02  1.45204311e-01 -2.18773353e-02
   1.98520386e-02]
 [-1.12832355e-01 -4.03036167e-01 -1.61287802e-01  2.45861363e-01
  -3.29243822e-02]
 [-3.46193407e-02  3.24810986e-03 -1.02129921e-01  3.67874179e-04
  -9.26504603e-02]
 [ 4.81473358e-02  1.41729574e-01  1.54699597e-01 -8.72329604e-02
  -6.19261970e-02]
 [-1.18987422e-01 -1.01716256e-01 -3.16329849e-01 -1.34457990e-01
  -1.20779143e-02]]
U = [[ 0.16920677  0.18565022  0.30598877  0.44316111 -0.03811349]
 [-0.2669259  -0.14354676  0.02973677  0.15126568  0.32307823]
 [ 0.13809731 -0.14734721 -0.27120307 -0.06302365  0.23850487]
 [ 0.15408222 -0.0728043   0.30695503 -0.13428629 -0.14834844]
 [-0.10433342 -0.05111789 -0.25205583 -0.06736512  0.00239258]]
Matrix Pair 120; W = [[ 0.221574   -0.04937415  0.14322746 -0.09130603 -0.04550447]
 [-0.1405499  -0.39673764 -0.12943032  0.159282   -0.01018017]
 [-0.05249805 -0.04111314 -0.06962252  0.08451705 -0.11393692]
 [ 0.0038387   0.07382826  0.09430501 -0.08166247 -0.08916167]
 [-0.17925613 -0.14547737 -0.31925921 -0.14680903 -0.04856108]]
U = [[ 0.19033446  0.2069144   0.29535072  0.41452483  0.00934038]
 [-0.27062058 -0.13944338  0.02240156  0.20674204  0.28022062]
 [ 0.11077489 -0.13032261 -0.18990829 -0.14413495  0.1618489 ]
 [ 0.1382047  -0.04818746  0.23582267 -0.10825823 -0.11472224]
 [-0.02807436  0.02464918 -0.2397831  -0.04773543 -0.00496143]]
Matrix Pair 121; W = [[ 0.22746346 -0.03013349  0.12068655 -0.03984707 -0.03657087]
 [-0.07489223 -0.325283   -0.15768535  0.23946369 -0.03033539]
 [-0.06012269 -0.02318142 -0.08887822  0.03914902 -0.04951478]
 [ 0.02965844  0.11177064  0.12908637 -0.05638175 -0.13773008]
 [-0.12644073 -0.10558454 -0.34374215 -0.12791102 -0.04576881]]
U = [[ 0.17716489  0.15451365  0.31553672  0.40113608  0.01191561]
 [-0.31558909 -0.15597572  0.08986397  0.1993012   0.25236525]
 [ 0.17805442 -0.1482396  -0.20286762 -0.13796304  0.17902364]
 [ 0.13949454 -0.04596953  0.3060975  -0.15232309 -0.17325678]
 [-0.07310531  0.00629854 -0.28328683 -0.09806768 -0.0704169 ]]
Matrix Pair 122; W = [[ 0.16957448 -0.04754411  0.17283347 -0.01005194 -0.02979875]
 [-0.15189933 -0.37550068 -0.18478196  0.24461779 -0.02991681]
 [-0.0598548  -0.03580528 -0.11504471  0.07040849 -0.10597999]
 [ 0.04679958  0.10491036  0.15781989 -0.07532451 -0.11600272]
 [-0.17102578 -0.08897245 -0.36485967 -0.1322688  -0.05002356]]
U = [[ 0.24795818  0.16991422  0.28096225  0.43963476  0.0026623 ]
 [-0.24689966 -0.12026233  0.0867749   0.14929905  0.24420593]
 [ 0.11248097 -0.12736457 -0.2185374  -0.07820935  0.16579223]
 [ 0.15227426 -0.06685005  0.21787062 -0.08446038 -0.12205336]
 [-0.02859799  0.02420421 -0.24895006 -0.02575873 -0.03636847]]
Matrix Pair 123; W = [[ 0.23223037  0.01592302  0.10902526 -0.01401773 -0.00293492]
 [-0.11637051 -0.37043249 -0.1108931   0.16114791 -0.09606881]
 [-0.07308915 -0.03041065 -0.05864916  0.08708943 -0.04691782]
 [ 0.07629211  0.1350045   0.11579527 -0.06028802 -0.07291401]
 [-0.12329143 -0.09974849 -0.27676202 -0.14328568 -0.02221161]]
U = [[ 0.21427836  0.17240257  0.26726982  0.36063613 -0.0423745 ]
 [-0.27054622 -0.08627924  0.04212408  0.11886374  0.28725924]
 [ 0.19301032 -0.07313233 -0.2611335  -0.1151142   0.17780925]
 [ 0.16567419 -0.049161    0.30482135 -0.11975662 -0.16503742]
 [-0.0331241  -0.02313416 -0.26817611 -0.09793215 -0.0804724 ]]
Matrix Pair 124; W = [[ 0.15968898 -0.01108925  0.09917268 -0.02052913 -0.05128297]
 [-0.06066804 -0.32761098 -0.09912003  0.25152571 -0.02630954]
 [-0.10847948 -0.04601589 -0.11826094  0.00934622 -0.09546248]
 [ 0.01743731  0.07295738  0.18321137 -0.03539594 -0.13022587]
 [-0.13503838 -0.11694879 -0.33952335 -0.09568458 -0.08641164]]
U = [[ 0.21512263  0.21110706  0.26699164  0.44814439 -0.06115839]
 [-0.29330429 -0.13891351  0.08700759  0.20345253  0.25346081]
 [ 0.17620726 -0.10691465 -0.26126299 -0.14572257  0.17865795]
 [ 0.16452566 -0.05116459  0.22562261 -0.15583904 -0.13676698]
 [-0.02813921 -0.05279738 -0.29204821 -0.02089013 -0.02498321]]
Matrix Pair 125; W = [[ 0.20454942 -0.05224852  0.10139891 -0.0248057   0.02726118]
 [-0.08525021 -0.34285475 -0.13007479  0.22598815 -0.05956906]
 [-0.04140859  0.00486151 -0.0553694   0.04623483 -0.13684913]
 [ 0.0684803   0.15563177  0.10677214 -0.04831546 -0.09332788]
 [-0.10306437 -0.06263696 -0.37344729 -0.19181957 -0.07910131]]
U = [[ 0.17207773  0.22111669  0.2905413   0.37531212 -0.00913477]
 [-0.28810743 -0.1194576   0.08286599  0.21049924  0.32153673]
 [ 0.19929968 -0.12778029 -0.25860474 -0.11466478  0.2387982 ]
 [ 0.13871339 -0.0291227   0.28985939 -0.13525172 -0.11618517]
 [-0.02821388 -0.02014148 -0.28072568 -0.02492216 -0.04624988]]
Matrix Pair 126; W = [[ 0.24132938  0.02163198  0.11618734 -0.05399439 -0.03124415]
 [-0.1484731  -0.34354343 -0.11118733  0.18528635 -0.09877464]
 [-0.10341896  0.03282623 -0.11601719  0.07545726 -0.09268186]
 [ 0.03840764  0.08363286  0.157746   -0.09278813 -0.04119422]
 [-0.08901904 -0.06123161 -0.28521469 -0.11052395 -0.04716344]]
U = [[ 0.19607486  0.14437666  0.352209    0.39392395 -0.04352035]
 [-0.28038537 -0.13345051  0.08906841  0.20233362  0.24875659]
 [ 0.19602235 -0.13666377 -0.25069617 -0.11102539  0.21167123]
 [ 0.17477733 -0.07284321  0.26705367 -0.08125744 -0.13479789]
 [-0.04173335 -0.03663223 -0.2661263  -0.00860004 -0.00586323]]
Matrix Pair 127; W = [[ 0.17488223 -0.04619294  0.09276882 -0.02621068  0.01294264]
 [-0.11587185 -0.38855075 -0.09428106  0.15952622 -0.02322649]
 [-0.10573184 -0.04667434 -0.06486599  0.07576785 -0.08040974]
 [ 0.05617187  0.0784836   0.18533301 -0.06682142 -0.06111211]
 [-0.12519807 -0.07132128 -0.29505421 -0.15238867 -0.08058736]]
U = [[ 0.1878706   0.21212173  0.36249693  0.41265341 -0.02163965]
 [-0.23955696 -0.12011677  0.01714687  0.12996694  0.24867194]
 [ 0.19815419 -0.11342972 -0.19205567 -0.07484289  0.23667912]
 [ 0.09601278 -0.02467591  0.24992718 -0.08753257 -0.11563599]
 [-0.03599091 -0.04740937 -0.28856524 -0.08011524 -0.05001629]]
