Epoch: 17Matrix Pair 0; W = [[-0.08514662  0.0050517   0.21377156  0.09644421 -0.12038899]
 [ 0.1564046  -0.21892582 -0.11490293 -0.09747809  0.22548667]
 [-0.04300376  0.09536201 -0.09039186 -0.02864085  0.17630919]
 [ 0.00960936 -0.17338848  0.07825446  0.06116157  0.0471257 ]
 [-0.024385   -0.07551414  0.03900886  0.04082594 -0.12325751]]
U = [[ 0.12440778 -0.04418569  0.27596624 -0.08771132  0.12822398]
 [-0.18814788  0.11516808  0.14440247  0.11049416  0.00952596]
 [ 0.26150768  0.02092708  0.21620548  0.15996478  0.07593162]
 [ 0.06401815  0.14209468  0.02050907  0.0342987   0.21657597]
 [-0.13050921  0.1002204   0.28942472  0.13928729 -0.15014086]]
Matrix Pair 1; W = [[-0.09331525  0.01423653  0.21933957  0.04853758 -0.08041701]
 [ 0.12351132 -0.21266424 -0.13905339 -0.09447575  0.24590911]
 [-0.00124731  0.09922084 -0.07440848 -0.00774224  0.18831019]
 [ 0.03943954 -0.19316652  0.11018103  0.07516216  0.1107418 ]
 [-0.05664973 -0.12443687  0.01941374  0.07326202 -0.04506499]]
U = [[ 0.09102957 -0.00531729  0.24705859 -0.04388608  0.121494  ]
 [-0.22004252  0.06145281  0.20632308  0.10427741  0.00375201]
 [ 0.20783536  0.04989789  0.17069205  0.0882146   0.10866186]
 [ 0.07651766  0.1960071   0.05016967  0.05788359  0.17462021]
 [-0.16161109  0.16276194  0.30338239  0.15091107 -0.15656042]]
Matrix Pair 2; W = [[-0.01936225  0.02310642  0.17663801  0.13285983 -0.07640782]
 [ 0.08787899 -0.20752658 -0.09588508 -0.12477534  0.1972889 ]
 [-0.03038582  0.1407175  -0.09051518 -0.02985413  0.21315163]
 [-0.00529097 -0.17403749  0.10598463  0.09461318  0.1032123 ]
 [-0.10425708 -0.09256034 -0.00980414  0.01932232 -0.10501242]]
U = [[ 0.09975988 -0.0056896   0.24151653 -0.08969625  0.18628568]
 [-0.22021014  0.06736565  0.15762934  0.16370284 -0.01086446]
 [ 0.23147547  0.05247807  0.1605652   0.11427171  0.15064933]
 [ 0.12542302  0.10114114  0.09856586  0.01357132  0.16303822]
 [-0.13116259  0.07569223  0.2973969   0.118964   -0.09112717]]
Matrix Pair 3; W = [[-8.34757645e-02 -1.05109053e-04  1.95605763e-01  5.32228022e-02
  -4.98268512e-02]
 [ 1.57019821e-01 -2.26128719e-01 -6.16963370e-02 -9.50773455e-02
   1.76420134e-01]
 [ 5.60807573e-03  1.05928693e-01 -6.81691047e-02 -7.44459148e-02
   2.11550534e-01]
 [-1.44697179e-02 -1.00651105e-01  8.14272607e-02  4.76023994e-02
   6.22950745e-02]
 [-1.14270454e-01 -8.16769894e-02  6.36843942e-03  1.00022161e-01
  -6.77714269e-02]]
U = [[ 0.13036192 -0.0872166   0.21092204 -0.11625711  0.15536226]
 [-0.18426043  0.13506871  0.20824058  0.10052615 -0.01729544]
 [ 0.25692967  0.10329086  0.19407623  0.14589527  0.15686393]
 [ 0.10755699  0.17792544  0.02027358  0.06208705  0.18070455]
 [-0.17350957  0.11401821  0.33950786  0.10705053 -0.1573501 ]]
Matrix Pair 4; W = [[-0.05674158 -0.00773765  0.20637943  0.10596218 -0.06928755]
 [ 0.09852816 -0.26999564 -0.02679921 -0.04625507  0.28373315]
 [-0.01585545  0.10068237 -0.15096366 -0.00777949  0.22638649]
 [-0.08360075 -0.06478434  0.06363787  0.08014585 -0.02659345]
 [-0.08682486 -0.06949922  0.04820701  0.10646937 -0.06593485]]
U = [[ 0.17847279 -0.04385126  0.27345781 -0.03936473  0.21975325]
 [-0.06028953  0.02504807  0.18450157  0.1320489   0.02720627]
 [ 0.18447141  0.02680925  0.20289579  0.09731041  0.06666669]
 [ 0.07502173  0.12399963  0.05690939 -0.01213704  0.21499326]
 [-0.21681855  0.11421916  0.36609307  0.15369165 -0.04780356]]
Matrix Pair 5; W = [[-0.0248586   0.08404838  0.16751694  0.10784227 -0.0951265 ]
 [ 0.09627941 -0.22322532 -0.09424697 -0.03543591  0.19875196]
 [ 0.00706278  0.09442914 -0.15480282 -0.04441338  0.24705458]
 [-0.02204291 -0.01274277  0.04292733 -0.004471    0.03487512]
 [-0.10848835 -0.12121248  0.05142975  0.0670545  -0.04938295]]
U = [[ 0.12327218  0.02974701  0.19341697 -0.00504854  0.18435818]
 [-0.15503524  0.07737392  0.19145396  0.11394502 -0.00493132]
 [ 0.18159495 -0.00832602  0.17708244  0.04166467  0.10207215]
 [ 0.03247745  0.15308979  0.0727725   0.01806088  0.16520275]
 [-0.18743308  0.1185567   0.37381876  0.19350395 -0.08965736]]
Matrix Pair 6; W = [[-0.02377426  0.02540581  0.20191668  0.07874746 -0.07280836]
 [ 0.06073773 -0.24653376 -0.05710406 -0.03178117  0.22748716]
 [-0.04560744  0.13527448 -0.11632274 -0.03852835  0.24286129]
 [-0.06574307 -0.06581557  0.08138549  0.02712998  0.00597027]
 [-0.04942312 -0.05669738 -0.02736306  0.0450538  -0.02364784]]
U = [[ 0.10758137  0.02160953  0.20480687 -0.0372152   0.1911651 ]
 [-0.10815744  0.02168243  0.14359217  0.08937935  0.00721769]
 [ 0.16248486  0.01001209  0.17284738  0.07391211  0.10677731]
 [ 0.06328467  0.12453096  0.07825202 -0.02133875  0.22884431]
 [-0.16995199  0.19409393  0.33234299  0.185892   -0.03620509]]
Matrix Pair 7; W = [[-0.00250973  0.02615245  0.13943689  0.07889267 -0.10716274]
 [ 0.06004275 -0.21749537 -0.05782616 -0.01421452  0.25714929]
 [ 0.00506342  0.15841758 -0.07731017 -0.00356392  0.24479155]
 [-0.10177027 -0.04710821 -0.0050532   0.02649301  0.00594618]
 [-0.09855908 -0.14985116 -0.0285025   0.09895604 -0.0498862 ]]
U = [[ 0.17182359  0.00753369  0.20308849  0.01860081  0.2013391 ]
 [-0.12627609  0.04416333  0.1478361   0.11170769  0.02805486]
 [ 0.24173689  0.02842253  0.12229062  0.12607868  0.10916359]
 [ 0.03860974  0.14770521  0.02059598  0.03742645  0.21055454]
 [-0.16137177  0.20309628  0.34983062  0.13739224 -0.08661807]]
Matrix Pair 8; W = [[-0.00755252  0.01103702  0.1423042  -0.02566435 -0.10471786]
 [ 0.12180377 -0.22851781 -0.06175467 -0.06100446  0.20505796]
 [-0.04483475  0.02438009 -0.16074774 -0.03529432  0.22508361]
 [ 0.02485601 -0.0982164   0.01986847 -0.00089137  0.00890457]
 [-0.15304885 -0.07018431  0.07050767  0.08182756 -0.06643533]]
U = [[ 0.09407094 -0.02588592  0.15008188 -0.05653925  0.09573397]
 [-0.24802718  0.08745837  0.12814631  0.16564259  0.02959177]
 [ 0.22938794  0.03650798  0.15663708  0.15303286  0.20677498]
 [ 0.05706547  0.16773864  0.01434916 -0.05064495  0.11282492]
 [-0.20496034  0.214216    0.36283797  0.16082875 -0.14079174]]
Matrix Pair 9; W = [[-0.0855974  -0.00324121  0.21737347  0.03882297 -0.07536402]
 [ 0.09136401 -0.1739274  -0.07939057 -0.08695554  0.23706966]
 [ 0.00984175  0.08907057 -0.17389597 -0.06469133  0.27027802]
 [-0.02005506 -0.04676345  0.0021946   0.04226898  0.03941285]
 [-0.11698122 -0.02028005  0.00101515  0.00201224 -0.07861421]]
U = [[ 0.16814921 -0.00900292  0.18728596 -0.08883577  0.13857187]
 [-0.2089188   0.04795732  0.10825927  0.18029218  0.00517748]
 [ 0.24691582  0.01244612  0.2012727   0.13876347  0.1931777 ]
 [ 0.06839018  0.09295518  0.05623014 -0.04134244  0.12650444]
 [-0.1494554   0.13820971  0.26385233  0.09229422 -0.11830694]]
Matrix Pair 10; W = [[-0.06409454 -0.0639026   0.21613412  0.01237164 -0.07799178]
 [ 0.09642456 -0.14668289 -0.03932502 -0.08333361  0.18703449]
 [ 0.0058636   0.00939572 -0.11671197 -0.04966463  0.22478151]
 [-0.06042781 -0.10838077 -0.0187875   0.05293072  0.04934951]
 [-0.1283687  -0.01890224  0.03205491  0.01516702 -0.08227508]]
U = [[ 0.14814805 -0.0323649   0.16187608 -0.08817102  0.08008196]
 [-0.2111401   0.10902855  0.07424023  0.20261234  0.05679809]
 [ 0.28415088  0.06698878  0.21724437  0.08195896  0.21123314]
 [ 0.0360421   0.15843068  0.05062801 -0.07927529  0.1954277 ]
 [-0.16362016  0.13829417  0.29662722  0.10259024 -0.09504697]]
Matrix Pair 11; W = [[-0.00783692 -0.00391276  0.14779413  0.0226798  -0.10437765]
 [ 0.05977226 -0.19874316 -0.05408616 -0.05344829  0.25615976]
 [-0.02918482  0.08872166 -0.16894685 -0.08270994  0.23992255]
 [-0.0086595  -0.0510503  -0.03661464  0.05036221  0.05530623]
 [-0.13963249 -0.08963038  0.02346385  0.08585823 -0.06547131]]
U = [[ 0.14372954 -0.0487933   0.21795751 -0.08895148  0.15170714]
 [-0.25247844  0.05597481  0.14902811  0.14335242 -0.02668196]
 [ 0.23328691  0.03362378  0.12002739  0.08242925  0.16781573]
 [ 0.09135472  0.17378763  0.05524748 -0.09423089  0.19196157]
 [-0.19394115  0.21703451  0.35852865  0.13983513 -0.10293767]]
Matrix Pair 12; W = [[-0.01073668  0.01215243  0.1311074   0.05619725 -0.07230709]
 [ 0.11647585 -0.22379608 -0.04984142 -0.12171212  0.23813067]
 [-0.01283339  0.06537252 -0.11888383 -0.10350731  0.17172476]
 [ 0.01568616 -0.02050447  0.10067937  0.02735577 -0.00588724]
 [-0.07662805 -0.07660759  0.05060886  0.06146367 -0.02860852]]
U = [[ 3.87375920e-02 -1.08466270e-01  1.83196103e-01 -1.45702745e-01
   2.47010267e-01]
 [-1.67293714e-01  7.12764715e-02  1.97365638e-01  1.46353718e-01
   6.21483321e-02]
 [ 2.02246774e-01 -2.20291727e-02  2.24700563e-01  6.23116658e-02
   1.55644353e-01]
 [-2.68392075e-02  1.76848808e-01 -6.00363172e-02  2.11229921e-04
   2.64447562e-01]
 [-1.79940246e-01  1.78917818e-01  2.72852415e-01  1.98047454e-01
  -1.47056063e-02]]
Matrix Pair 13; W = [[-0.0512792   0.03450737  0.18747577  0.02558111 -0.11777793]
 [ 0.17328414 -0.22778232 -0.08357368 -0.09281152  0.17826719]
 [-0.02392476  0.08268532 -0.14555697 -0.09122283  0.10738297]
 [ 0.01093857 -0.05811309  0.12346249  0.09758422  0.03446216]
 [-0.14113103 -0.07321178  0.09488173  0.08754227 -0.07717302]]
U = [[ 0.11332942 -0.10009667  0.22631301 -0.16202902  0.20588291]
 [-0.14748712  0.12543273  0.16531202  0.1737525   0.00704   ]
 [ 0.15415097  0.01470349  0.24625441  0.05575229  0.11452941]
 [ 0.04117947  0.1733728  -0.03612735 -0.03837506  0.26519186]
 [-0.15591779  0.10100882  0.33581902  0.22749407 -0.00052392]]
Matrix Pair 14; W = [[-0.01377002  0.04110585  0.109314   -0.01223337 -0.09083297]
 [ 0.12762591 -0.19967205 -0.01538476 -0.11410779  0.20277403]
 [ 0.04410341  0.11249748 -0.08807245 -0.11464679  0.15638297]
 [ 0.00380155 -0.09648858  0.09463169  0.02222854  0.01595416]
 [-0.1590918  -0.061805    0.06838066  0.05274484 -0.01885952]]
U = [[ 0.12101769 -0.11310355  0.1944622  -0.16552924  0.17143075]
 [-0.15626147  0.09162029  0.23453455  0.19903     0.04223789]
 [ 0.17986813 -0.00640194  0.27381473  0.04036705  0.17495345]
 [-0.00220701  0.18173102 -0.04554316 -0.00628041  0.30585013]
 [-0.17919978  0.16933031  0.2801201   0.18213709 -0.05187986]]
Matrix Pair 15; W = [[-0.07787286  0.00391479  0.19017519  0.00449405 -0.03804411]
 [ 0.18965825 -0.16726662 -0.03662719 -0.11381988  0.21678443]
 [-0.04203197  0.01750985 -0.05156863 -0.10483782  0.11516779]
 [ 0.00546511 -0.01474744  0.11365146  0.11007487  0.01369836]
 [-0.09349483 -0.12207721  0.05927003  0.02895683 -0.01301758]]
U = [[ 0.02959986 -0.09127032  0.17978303 -0.14046087  0.25055071]
 [-0.19177129  0.10521584  0.23380945  0.12172439 -0.00884258]
 [ 0.12935648  0.0171805   0.24104026  0.12722406  0.12749994]
 [-0.01136555  0.16650619 -0.03903312  0.04085401  0.24781556]
 [-0.22199015  0.08453045  0.33226324  0.14172479 -0.03301112]]
Matrix Pair 16; W = [[-0.1038988   0.03217288  0.15100509 -0.00344568 -0.00171769]
 [ 0.12131048 -0.21462152 -0.07174436 -0.09672269  0.19586211]
 [ 0.04600682  0.07716619 -0.04449163 -0.00390058  0.19492875]
 [-0.05848728 -0.1275221   0.03677664 -0.00874434 -0.03793519]
 [-0.10356886 -0.05527874  0.03870893  0.08776407  0.0099185 ]]
U = [[ 0.05833407 -0.03478566  0.16027803 -0.17361897  0.16902008]
 [-0.22574362  0.02866588  0.10559283  0.13536416  0.07302674]
 [ 0.20988156 -0.03612265  0.20716422  0.07774883  0.0925446 ]
 [ 0.10378679  0.19849813  0.0858667   0.01279167  0.24768839]
 [-0.18167865  0.13313103  0.28249366  0.09411328 -0.00046742]]
Matrix Pair 17; W = [[-0.04679065  0.07838666  0.14468586  0.06591825 -0.06155141]
 [ 0.08106338 -0.27317987 -0.06676035 -0.06315694  0.24071902]
 [ 0.06171718  0.04399923  0.01509367 -0.09263295  0.16932569]
 [ 0.02038829 -0.12720327 -0.02598355  0.06624258 -0.04068753]
 [-0.15211253 -0.08282303  0.00447453  0.13054496  0.03689505]]
U = [[ 0.02265687 -0.07782768  0.17619775 -0.19251237  0.22524915]
 [-0.1778587   0.09697126  0.17799317  0.13301481  0.07157281]
 [ 0.25340759 -0.09760674  0.21267631  0.01147241  0.10624531]
 [ 0.02053002  0.18950764  0.11557479 -0.01097924  0.24952086]
 [-0.22082441  0.17370098  0.34096667  0.0808944  -0.08587283]]
Matrix Pair 18; W = [[-0.06754831  0.09447475  0.2110526   0.06355275  0.002655  ]
 [ 0.08364298 -0.24153441 -0.06686569 -0.07545596  0.22376026]
 [ 0.05552588  0.13541656 -0.0575505  -0.05467843  0.23501837]
 [-0.02568345 -0.11947753  0.0191217   0.0399799   0.01697513]
 [-0.12817009 -0.11478635  0.05029338  0.08872263 -0.02036612]]
U = [[ 0.10884321 -0.12865376  0.2047072  -0.17940394  0.21590786]
 [-0.24345826  0.04338426  0.11396786  0.14444433  0.07064339]
 [ 0.19956174 -0.0625099   0.21629087  0.0262518   0.09068772]
 [ 0.04098272  0.20887193  0.1470772  -0.05441331  0.2260208 ]
 [-0.19849161  0.19297159  0.32329655  0.17072032 -0.0872557 ]]
Matrix Pair 19; W = [[-0.10575584  0.07512668  0.18266732  0.02290947 -0.08313163]
 [ 0.1282808  -0.19711226 -0.0244533  -0.08036653  0.17216969]
 [ 0.03534691  0.06953102 -0.0543183  -0.02571652  0.20604026]
 [-0.05998861 -0.0460285  -0.0147513   0.07272717  0.01087194]
 [-0.10192689 -0.09615641  0.04430958  0.1720053  -0.01467913]]
U = [[ 0.09252905 -0.11431506  0.13903589 -0.16313918  0.16925782]
 [-0.17773772  0.07204079  0.08327579  0.1186344   0.08000199]
 [ 0.28389874 -0.06444874  0.23307541  0.06367366  0.18874634]
 [ 0.05827271  0.21559482  0.05078772 -0.04132062  0.22345595]
 [-0.22529486  0.21830866  0.32861096  0.14612709 -0.04074092]]
Matrix Pair 20; W = [[-0.00530842  0.06026194  0.1735141   0.02669166 -0.10638505]
 [ 0.13522973 -0.22308533 -0.07956875 -0.04872534  0.25793729]
 [-0.04461724  0.05168918 -0.07093264 -0.03895645  0.15416821]
 [-0.04681574 -0.06217249  0.06879071  0.0804347   0.03870033]
 [-0.16982496 -0.0983294   0.07238827  0.11456783 -0.01093598]]
U = [[ 0.1122119  -0.10024028  0.18551875 -0.14308612  0.16581538]
 [-0.12089632  0.03970096  0.08056147  0.0845988   0.09278751]
 [ 0.16285873  0.02335373  0.16707613  0.13933519  0.17175265]
 [-0.00919905  0.21663179  0.0219553   0.03139083  0.21433977]
 [-0.24712366  0.1524616   0.39533337  0.15079323 -0.03642326]]
Matrix Pair 21; W = [[-0.0228937   0.01685865  0.17446474  0.00872705 -0.04691249]
 [ 0.08510837 -0.28639191 -0.07347087 -0.04449748  0.24443914]
 [ 0.00145164  0.07671447 -0.07796355 -0.06284569  0.21721405]
 [-0.02337169 -0.08188566  0.02038844  0.112232    0.04538523]
 [-0.14348922 -0.10694621  0.03896009  0.02187046  0.0158201 ]]
U = [[ 0.10918742 -0.1540294   0.15980962 -0.07654372  0.21719518]
 [-0.11521245  0.00909246  0.11087917  0.11254395  0.03825331]
 [ 0.22258315  0.00442973  0.14170703  0.14921587  0.1820662 ]
 [ 0.05682657  0.1794414  -0.00426259  0.00515695  0.17995228]
 [-0.18466313  0.12160902  0.32748417  0.20428837 -0.04206316]]
Matrix Pair 22; W = [[-0.02211669  0.06759855  0.16279114  0.07689166 -0.03958252]
 [ 0.14653717 -0.27854377 -0.05908555 -0.05427037  0.23621101]
 [-0.05624085  0.06043243 -0.07246486 -0.00818991  0.17214162]
 [ 0.03073558 -0.12418346 -0.00198898  0.10925724  0.05539241]
 [-0.12290441 -0.12300242 -0.01171587  0.06929028  0.01910188]]
U = [[ 0.18876108 -0.15124418  0.23000589 -0.11492996  0.14392725]
 [-0.13272685  0.05600977  0.11480897  0.15223585  0.01455578]
 [ 0.1922333   0.033497    0.15724742  0.08289717  0.15853879]
 [ 0.05951139  0.21296118  0.05701686 -0.02143515  0.19412596]
 [-0.20540064  0.11575534  0.30098326  0.12594155 -0.05323427]]
Matrix Pair 23; W = [[ 0.0230535   0.09164662  0.20453645  0.08908361 -0.0991325 ]
 [ 0.08533859 -0.30530883 -0.10395873 -0.03879378  0.29719179]
 [-0.07119938  0.08966873 -0.16222875 -0.03781978  0.18839819]
 [-0.03308194 -0.08977537  0.04338104  0.0327173  -0.02683902]
 [-0.19298732 -0.14749128  0.05737766  0.08862218 -0.02506739]]
U = [[ 0.10913479 -0.11889183  0.20955077 -0.10452553  0.1648095 ]
 [-0.15812531  0.10025115  0.10795381  0.15197866  0.0709979 ]
 [ 0.15340662 -0.03084834  0.14531586  0.11964596  0.12915318]
 [ 0.05478189  0.15325633 -0.003622    0.00396546  0.18952732]
 [-0.22699928  0.1527519   0.34949995  0.19285071 -0.13344258]]
Matrix Pair 24; W = [[-0.07190997 -0.05434081  0.15136327 -0.00049938 -0.058634  ]
 [ 0.12796733 -0.24444943 -0.08117257 -0.12061084  0.19774514]
 [-0.0313423   0.05788127 -0.18420154 -0.05697318  0.17617302]
 [ 0.02936976 -0.08362796  0.03577673 -0.0251033   0.09539549]
 [-0.15317415 -0.05814751  0.04406943  0.10278112 -0.08191755]]
U = [[ 0.11535246 -0.0828578   0.19070957 -0.11596567  0.13542368]
 [-0.14154486  0.05232033  0.13533629  0.18336871  0.04838335]
 [ 0.17368099  0.02979789  0.15823062  0.07080694  0.13755752]
 [-0.02702056  0.2534113   0.10668816 -0.006603    0.19329623]
 [-0.21246776  0.11542002  0.30676741  0.18496812 -0.07327626]]
Matrix Pair 25; W = [[-0.05831999  0.03238187  0.20696276  0.04704387 -0.08333012]
 [ 0.12490316 -0.27599489 -0.08292099 -0.07637496  0.20261761]
 [-0.07465892  0.02703617 -0.18002474  0.0003783   0.19547177]
 [ 0.02515996 -0.04738719  0.0612092  -0.04608701  0.06731765]
 [-0.0689377  -0.00292989  0.08474363  0.12960886 -0.09440261]]
U = [[ 0.09385106 -0.0339054   0.23087803 -0.07271197  0.15652067]
 [-0.10539764  0.01755621  0.2034692   0.12158271 -0.00814862]
 [ 0.15357515 -0.0293779   0.09467306  0.122571    0.10032144]
 [ 0.02437161  0.25386567  0.03491283  0.00183753  0.16888161]
 [-0.21805945  0.11803242  0.33648453  0.11349857 -0.08628746]]
Matrix Pair 26; W = [[-0.12686503  0.00587351  0.16055894  0.02513547 -0.04470874]
 [ 0.1185904  -0.21647085 -0.12595031 -0.09139356  0.22197818]
 [-0.04294457  0.06932264 -0.16538946 -0.00619804  0.21091005]
 [ 0.0077853  -0.03593441 -0.01607163 -0.00362418  0.05236676]
 [-0.08824783 -0.05096404  0.04897303  0.11160385 -0.09159105]]
U = [[ 0.11627626 -0.10023682  0.17758026 -0.07914681  0.16745985]
 [-0.12129595  0.03401656  0.1331216   0.17734931 -0.00588159]
 [ 0.21730738  0.05754043  0.16970281  0.13993264  0.10102233]
 [-0.00957818  0.23883728  0.11201324  0.04186792  0.17205415]
 [-0.19432104  0.16507093  0.31883529  0.16238458 -0.05618731]]
Matrix Pair 27; W = [[-0.1087888   0.0314666   0.14888472  0.09541547 -0.03813297]
 [ 0.05999141 -0.21581784 -0.13517325 -0.11990513  0.19913677]
 [-0.08934917  0.0345147  -0.20057804  0.0170737   0.18247618]
 [ 0.02848112 -0.06911641 -0.02336251 -0.03543935  0.03919755]
 [-0.14876991 -0.01479132  0.00400669  0.17916    -0.11006674]]
U = [[ 0.10427548 -0.04665552  0.17598483 -0.1243001   0.07714252]
 [-0.12157748  0.05557463  0.19486228  0.13160233 -0.01775513]
 [ 0.2388347  -0.02257599  0.11701749  0.12815259  0.14984208]
 [ 0.0544661   0.22733809  0.01850139  0.0088935   0.23250699]
 [-0.20220419  0.11958453  0.34444423  0.12558932 -0.06073308]]
Matrix Pair 28; W = [[-0.09612656 -0.02112411  0.1661459   0.09764807 -0.09600236]
 [ 0.12706825 -0.19881011 -0.13538483 -0.16975242  0.18521637]
 [-0.08230718  0.14089616 -0.09299369 -0.02294113  0.15445654]
 [ 0.02779009 -0.10949374  0.06340356  0.03486042  0.00361605]
 [-0.16964998 -0.15294084 -0.00779452  0.09864952 -0.10855587]]
U = [[ 0.06849303 -0.11891468  0.18497913 -0.11933148  0.16884695]
 [-0.15387518  0.05638965  0.12619821  0.17469268 -0.04812992]
 [ 0.20452326 -0.01169809  0.1863005   0.06163931  0.08341774]
 [ 0.06765324  0.12893739  0.09276645 -0.00508784  0.16982562]
 [-0.21445675  0.18005696  0.3320676   0.0974825  -0.09593469]]
Matrix Pair 29; W = [[-0.048394   -0.01527121  0.19361834  0.09686022 -0.08629816]
 [ 0.15515533 -0.24139725 -0.08029286 -0.1451655   0.17694591]
 [-0.00789458  0.10379385 -0.06520558 -0.06230524  0.15015367]
 [-0.01831758 -0.12508687  0.08861935  0.07344617 -0.04531697]
 [-0.1153054  -0.06335598 -0.0378      0.13833724 -0.15554396]]
U = [[ 0.08250756 -0.05931173  0.21130444 -0.03550839  0.20866781]
 [-0.06084648  0.10748894  0.18442976  0.12485032 -0.04135875]
 [ 0.20873653 -0.04892149  0.24341649  0.09811385  0.10196596]
 [ 0.00667494  0.14902549  0.03788988 -0.0103426   0.20138119]
 [-0.21973506  0.09051249  0.29868052  0.15856243 -0.08096678]]
Matrix Pair 30; W = [[-0.07607411 -0.02861222  0.16002092  0.05595096 -0.06558795]
 [ 0.13574202 -0.21175086 -0.13417388 -0.12893252  0.2303988 ]
 [-0.02605802  0.09282881 -0.06699385 -0.03266201  0.17360612]
 [ 0.00913452 -0.09093157  0.02638507  0.03337033 -0.0035411 ]
 [-0.19217906 -0.09646626 -0.02110367  0.09153525 -0.13027705]]
U = [[ 0.1326532  -0.04905505  0.26994314 -0.05623157  0.19448131]
 [-0.15488364  0.14006133  0.14218078  0.12703714 -0.02536634]
 [ 0.15722458 -0.04349048  0.25774631  0.13859967  0.12241887]
 [ 0.07542583  0.20472493  0.05095578  0.04193124  0.21573865]
 [-0.20710472  0.13601459  0.29673073  0.1582193  -0.05250746]]
Matrix Pair 31; W = [[-0.08640119  0.06053008  0.18687426  0.04205408 -0.09278922]
 [ 0.19337765 -0.19305068 -0.08178654 -0.15626685  0.21316577]
 [-0.02568426  0.13914063 -0.04260973 -0.06250716  0.14039222]
 [-0.0332256  -0.12325729  0.08295452  0.018898   -0.04303745]
 [-0.10562656 -0.11251868 -0.0145049   0.07774099 -0.08559343]]
U = [[ 0.06967792 -0.03691546  0.21349549 -0.05833316  0.16680194]
 [-0.09575113  0.11316184  0.17887854  0.16400625 -0.03635324]
 [ 0.12506263 -0.02189973  0.17010285  0.10437427  0.11214979]
 [ 0.07892676  0.15282072  0.05074872 -0.03688821  0.19923056]
 [-0.17666061  0.14279335  0.29926517  0.14709595 -0.03174428]]
Matrix Pair 32; W = [[-0.11664168  0.02927394  0.18134892  0.11790042 -0.03826618]
 [ 0.09227207 -0.2086323  -0.11452682 -0.05262052  0.17460053]
 [ 0.0784598   0.03027675 -0.03779661 -0.00982464  0.13654204]
 [-0.03604141 -0.10829522  0.02722433  0.07767859  0.09761653]
 [-0.12729969 -0.0670741  -0.02163813  0.10911467 -0.04672023]]
U = [[ 0.14989896 -0.04007979  0.15630006 -0.05926462  0.18432156]
 [-0.19483453  0.1535245   0.20907638  0.10107227  0.06772909]
 [ 0.19803595  0.02568003  0.20652634  0.07915409  0.14374954]
 [ 0.081709    0.30792603  0.1105806   0.05469208  0.24538784]
 [-0.17372854  0.13647687  0.35397451  0.14396852 -0.03101217]]
Matrix Pair 33; W = [[-0.08622732  0.0309543   0.16751182  0.05466237 -0.06339016]
 [ 0.14434387 -0.18815536 -0.09796771 -0.03768956  0.16302255]
 [ 0.03704799 -0.00124217 -0.07433453  0.00924079  0.20824052]
 [-0.04646342 -0.17413116  0.02874763  0.0455444   0.08463436]
 [-0.08065492 -0.10774096 -0.00861872  0.08905943 -0.03854053]]
U = [[ 0.08916704 -0.03518233  0.17058905 -0.05952493  0.17112489]
 [-0.18421791  0.11986789  0.16536313  0.11131527  0.06817093]
 [ 0.19809015  0.08339062  0.14785517  0.12904134  0.09304155]
 [ 0.11921921  0.24335959  0.08221099 -0.01108199  0.2773725 ]
 [-0.14459358  0.15597225  0.36273198  0.15657562 -0.07124648]]
Matrix Pair 34; W = [[-0.07608764  0.02839487  0.20217781  0.10329509 -0.04930607]
 [ 0.16983466 -0.26718643 -0.08947365 -0.0551802   0.1849291 ]
 [ 0.0865235   0.07016058 -0.09601606  0.04042625  0.22327535]
 [-0.06752668 -0.17768547  0.08595321  0.02884369  0.08636483]
 [-0.06817206 -0.05361298 -0.0043889   0.13484748 -0.02159753]]
U = [[ 0.15252825 -0.11931874  0.22555453 -0.08566877  0.18203005]
 [-0.14856405  0.0957556   0.15565094  0.14626378 -0.01242631]
 [ 0.20049066  0.020484    0.13529744  0.13660864  0.15180586]
 [ 0.12092358  0.32003661  0.12630951 -0.01739746  0.2156879 ]
 [-0.13069447  0.16821415  0.29162622  0.16366128 -0.03884042]]
Matrix Pair 35; W = [[-0.03527044 -0.03610744  0.17802786  0.08366932 -0.11959708]
 [ 0.09373887 -0.24683215 -0.03134302 -0.07593923  0.18802058]
 [ 0.03348563 -0.00146996 -0.02227352  0.02506188  0.13712447]
 [-0.09076292 -0.1030729   0.09611992  0.02007321  0.10468077]
 [-0.13866741 -0.07395549  0.04705376  0.13420852 -0.09937941]]
U = [[ 0.14573602 -0.0579493   0.15937603 -0.07266982  0.16660909]
 [-0.16901795  0.10651894  0.17109119  0.12387621  0.00437878]
 [ 0.17108126  0.07189039  0.13054069  0.16271792  0.16981698]
 [ 0.0691468   0.31596817  0.04999237  0.026459    0.22418031]
 [-0.20579887  0.07737045  0.33722617  0.20985641 -0.00113733]]
Matrix Pair 36; W = [[-0.12131738  0.02093871  0.16937236  0.03937852 -0.12340958]
 [ 0.08953342 -0.19689024 -0.10980075 -0.14850365  0.2287169 ]
 [-0.02862174  0.09537827 -0.13133212 -0.05771045  0.18752472]
 [-0.0387448  -0.0309979   0.10260366 -0.01513059  0.04082843]
 [-0.12431822 -0.00849176 -0.01214652  0.0820061  -0.09228403]]
U = [[ 0.04729466 -0.08814122  0.23603911 -0.19351962  0.21603633]
 [-0.14378393  0.07854234  0.16914138  0.21510859  0.07247697]
 [ 0.10823157  0.04370905  0.19427836  0.16011616  0.14731756]
 [ 0.04693431  0.21237821  0.0604656   0.08288423  0.21493468]
 [-0.21892283  0.12517031  0.3601305   0.22778691  0.0151675 ]]
Matrix Pair 37; W = [[-0.06500261 -0.00389779  0.21262132  0.09392292 -0.0783029 ]
 [ 0.04669196 -0.20805631 -0.14445958 -0.18120707  0.22486676]
 [-0.01012254  0.10752491 -0.18824115 -0.0461537   0.1675368 ]
 [-0.03942204 -0.0672289   0.05732939 -0.02145985  0.0403309 ]
 [-0.18578469 -0.02285378  0.04039779  0.08186535 -0.08289775]]
U = [[ 0.10008135 -0.13866751  0.2026933  -0.19442379  0.15065853]
 [-0.10048163  0.06275458  0.21406637  0.20457588  0.02403921]
 [ 0.10703865  0.01422794  0.17955297  0.17119989  0.13414773]
 [-0.02273504  0.27327239  0.05724211  0.03524458  0.17543527]
 [-0.12487741  0.16456026  0.42315415  0.17234597  0.0138934 ]]
Matrix Pair 38; W = [[-0.11936166  0.00172473  0.19552184  0.11338548 -0.14827775]
 [ 0.10953237 -0.16948805 -0.11801645 -0.14458337  0.21964471]
 [-0.01020138  0.10217255 -0.16509391 -0.06149332  0.18493884]
 [-0.04535884 -0.06709014  0.10325714 -0.01472164  0.05755753]
 [-0.16857482 -0.08280538  0.05802888  0.06290623 -0.08033561]]
U = [[ 0.062682   -0.09531656  0.23663115 -0.17303072  0.19174014]
 [-0.16091433  0.0323206   0.20781478  0.18023518  0.07112548]
 [ 0.14489985  0.05901393  0.12868904  0.18794681  0.17735096]
 [ 0.01643231  0.25710478  0.03234588  0.0609705   0.19166255]
 [-0.12717731  0.15026652  0.4222951   0.18652773  0.00169518]]
Matrix Pair 39; W = [[-0.0568461  -0.00035402  0.15963924  0.11489497 -0.14950344]
 [ 0.07746485 -0.21845643 -0.13735257 -0.09524549  0.20774068]
 [ 0.00202326  0.05659477 -0.18072213 -0.04027783  0.18701584]
 [-0.03529855  0.00758682  0.05679732  0.07640808  0.03139149]
 [-0.1207146  -0.03896854 -0.01110746  0.10055485 -0.08681079]]
U = [[ 1.09160973e-01 -7.45008453e-02  2.37089362e-01 -1.25409227e-01
   2.34119954e-01]
 [-1.64812230e-01  2.70975984e-02  1.33270365e-01  1.67973295e-01
   2.10586316e-02]
 [ 1.06478998e-01  6.58072381e-02  2.13174122e-01  1.08570302e-01
   1.17368075e-01]
 [ 5.82373519e-02  1.94275053e-01  7.12009859e-03  6.25265493e-02
   1.81738873e-01]
 [-2.07498208e-01  1.07091376e-01  3.86918283e-01  1.91929629e-01
  -3.33266057e-04]]
Matrix Pair 40; W = [[-0.01133681 -0.03077126  0.17033821  0.09706621 -0.13691184]
 [ 0.13966748 -0.22676043 -0.11841574 -0.0538422   0.19162735]
 [ 0.0699038   0.05043439 -0.18017551 -0.00343217  0.21519081]
 [-0.05811574 -0.13181185  0.03044134 -0.0077305  -0.00694461]
 [-0.06039208 -0.05431262  0.04038096  0.03151315 -0.11195314]]
U = [[ 0.07771158 -0.07085623  0.19052835 -0.1516371   0.19348425]
 [-0.22221847  0.07027778  0.20118897  0.15949194  0.0412481 ]
 [ 0.19771836  0.0018153   0.1699308   0.12450519  0.16913677]
 [ 0.07876145  0.19294019  0.03341801 -0.03736551  0.11916189]
 [-0.23509574  0.14860037  0.31473134  0.12861775 -0.12766798]]
Matrix Pair 41; W = [[-0.02420617  0.04055902  0.20545636  0.05758678 -0.11623845]
 [ 0.09510731 -0.23981508 -0.12815339 -0.10500986  0.19715092]
 [ 0.0266835   0.10531981 -0.15016897 -0.06496634  0.17975084]
 [-0.05011472 -0.1585898   0.07010221 -0.0017193   0.04413448]
 [-0.12341089 -0.05981383  0.03491473  0.02981944 -0.06621666]]
U = [[ 0.11766301 -0.03522515  0.21214627 -0.12679244  0.20236055]
 [-0.1823064   0.06880079  0.22265922  0.22875442 -0.03251132]
 [ 0.16018509 -0.03141417  0.19720681  0.14770986  0.12426492]
 [ 0.05848273  0.13741711  0.03538878 -0.05859677  0.11946226]
 [-0.18391626  0.17390859  0.32922314  0.12183817 -0.0793381 ]]
Matrix Pair 42; W = [[ 0.00378377  0.02747344  0.20002289  0.05893097 -0.06115287]
 [ 0.11016227 -0.25279719 -0.1060364  -0.04643518  0.24161347]
 [ 0.02468857  0.10546855 -0.19849408 -0.05633504  0.24910737]
 [-0.00027406 -0.14270969  0.03919396 -0.00345409 -0.00074952]
 [-0.06108861 -0.0375004   0.03657927  0.10563316 -0.06598065]]
U = [[ 0.14091016 -0.06702729  0.21396249 -0.13541897  0.19265181]
 [-0.17206759  0.10585422  0.20534154  0.17098136 -0.01197571]
 [ 0.20366947  0.04450364  0.23494526  0.1497211   0.16222991]
 [ 0.07698719  0.13309189  0.00476766  0.00441927  0.19017351]
 [-0.17337396  0.21738955  0.40086729  0.16354004 -0.08817834]]
Matrix Pair 43; W = [[-0.00219044  0.00609362  0.15852863  0.01666757 -0.06040702]
 [ 0.07544073 -0.25712427 -0.13154756 -0.03605381  0.16453419]
 [ 0.02952261  0.09030757 -0.11782624  0.01761054  0.24853975]
 [-0.04223368 -0.14837     0.03524085 -0.00704743  0.02299396]
 [-0.12867548 -0.08994192  0.03531634  0.08557963 -0.0883615 ]]
U = [[ 0.09474904 -0.07149775  0.18655087 -0.10491023  0.22075244]
 [-0.23787166  0.07674455  0.21394193  0.17931031  0.03686707]
 [ 0.21004111  0.0158134   0.17904311  0.1300254   0.10097044]
 [ 0.07531732  0.18316929  0.0222368  -0.03718004  0.20023604]
 [-0.14235907  0.15570475  0.31225428  0.09850557 -0.04414451]]
Matrix Pair 44; W = [[-0.0780457  -0.04151608  0.14581748  0.04159344 -0.07181248]
 [ 0.08248357 -0.24881389 -0.05066468 -0.11346279  0.25324827]
 [-0.00875193  0.08337997 -0.14708293 -0.06151765  0.29428067]
 [-0.05301571 -0.03426129  0.03307253  0.06189761  0.03761166]
 [-0.0519801  -0.12593121 -0.00448257  0.01311117  0.00693701]]
U = [[ 0.18102979  0.01584577  0.22185129 -0.08625819  0.1947176 ]
 [-0.18009951  0.09961157  0.18410442  0.19322021 -0.00770647]
 [ 0.26581253  0.03023882  0.13089268  0.06658396  0.16370487]
 [ 0.07907057  0.2083818   0.01769278 -0.01003684  0.18372548]
 [-0.11499868  0.16765951  0.30934705  0.16524606 -0.02697393]]
Matrix Pair 45; W = [[-0.01798864 -0.01255518  0.10046548  0.07755656 -0.14656356]
 [ 0.08940613 -0.20870406 -0.0257163  -0.08452566  0.17978612]
 [ 0.02404727  0.12334481 -0.08973078  0.0267197   0.23224492]
 [-0.02907439 -0.11254038 -0.00418838  0.05351827 -0.01216163]
 [-0.10559214 -0.07077679  0.04385928  0.03352967  0.01671365]]
U = [[ 0.14432051  0.00571047  0.22884694 -0.13665844  0.14049464]
 [-0.16187838  0.0825987   0.10282301  0.13969251  0.01875912]
 [ 0.22164895  0.03960928  0.19157077  0.11225071  0.14832116]
 [ 0.08922882  0.16338622  0.03136836 -0.03011917  0.1898257 ]
 [-0.12794163  0.16165158  0.29111221  0.17339405 -0.09598367]]
Matrix Pair 46; W = [[-0.09621353 -0.04445949  0.11704462  0.04184879 -0.06657711]
 [ 0.087574   -0.22170982 -0.0690156  -0.07607412  0.22539354]
 [-0.05982197  0.05568884 -0.12006013 -0.06022338  0.24262972]
 [-0.01831839 -0.05656211 -0.02751504  0.01306433 -0.03107361]
 [-0.12522528 -0.04157465  0.02228128  0.00379769 -0.05960966]]
U = [[ 0.13455972  0.00862206  0.2291259  -0.13599588  0.20495489]
 [-0.16397839  0.08937103  0.16729704  0.16898904  0.04258841]
 [ 0.28000599  0.00618735  0.18747759  0.09957647  0.0921448 ]
 [ 0.0520116   0.2063316   0.04784168 -0.05758661  0.13731734]
 [-0.15467812  0.10583804  0.30731321  0.15646346 -0.06808916]]
Matrix Pair 47; W = [[-5.24613011e-02 -4.11653829e-03  9.75377835e-02 -3.49258711e-03
  -1.55204621e-01]
 [ 8.20391954e-02 -1.83056193e-01 -4.05530643e-02 -1.17829499e-01
   2.37322445e-01]
 [-1.88953184e-04  1.30701164e-01 -1.52908613e-01 -6.04546950e-02
   2.63068220e-01]
 [-2.95603464e-02 -7.71673140e-02  1.88236280e-02 -1.60149892e-03
   1.96121611e-02]
 [-1.29325814e-01 -1.15834136e-01  1.38699977e-02  3.58892182e-02
  -4.81840263e-02]]
U = [[ 0.17045724  0.01718526  0.1962824  -0.07876209  0.17634243]
 [-0.15281524  0.14937634  0.09635702  0.16462313  0.02782234]
 [ 0.20646074  0.00305872  0.17940416  0.06800679  0.14269353]
 [-0.00764157  0.21725582  0.04264932 -0.03323343  0.17055757]
 [-0.1292436   0.1630214   0.30910239  0.16988445 -0.03221866]]
Matrix Pair 48; W = [[-0.05119302  0.04687855  0.17964905  0.03082789 -0.03004864]
 [ 0.11485465 -0.32245609 -0.08281662 -0.14529156  0.21602648]
 [ 0.03637833  0.11676117 -0.21652674 -0.0132001   0.19675926]
 [-0.02820255 -0.09476181  0.08333716  0.09732103  0.04693996]
 [-0.13776076 -0.02483943  0.03486159  0.09460085 -0.11294718]]
U = [[ 0.1073886  -0.10347212  0.23547337 -0.11147336  0.1605966 ]
 [-0.12786125  0.09257343  0.15381114  0.13100369  0.03093464]
 [ 0.19028903  0.01985309  0.17991883  0.09671344  0.18093001]
 [ 0.03774291  0.27829367  0.04933944  0.07277705  0.19275132]
 [-0.17016148  0.20755101  0.31230709  0.14946705 -0.03489676]]
Matrix Pair 49; W = [[-0.08468714  0.05986956  0.25272389  0.11835786 -0.02219775]
 [ 0.08233917 -0.31134967 -0.09766634 -0.1651985   0.17876435]
 [-0.04787466  0.05425898 -0.13270318 -0.03076982  0.16139436]
 [ 0.03394739 -0.0135002   0.05605386  0.08520619 -0.03914669]
 [-0.12374171 -0.05615384  0.04246802  0.15265134 -0.07594046]]
U = [[ 0.08993032 -0.14378245  0.1544491  -0.09149833  0.20873241]
 [-0.09903645  0.0417554   0.17415167  0.18104801 -0.02188733]
 [ 0.23157518  0.04731182  0.20232106  0.08430184  0.13391174]
 [ 0.024661    0.28953053  0.01938223  0.00630759  0.12408443]
 [-0.19125509  0.21481646  0.37853197  0.13291519 -0.0503042 ]]
Matrix Pair 50; W = [[-0.08042882  0.01272152  0.2586461   0.12253489 -0.0816208 ]
 [ 0.10412084 -0.23471226 -0.00961022 -0.10717519  0.15670549]
 [-0.03906647  0.11796402 -0.22697711 -0.08464141  0.13501277]
 [ 0.03832334 -0.06541382  0.0320286   0.04687846 -0.04121392]
 [-0.14694748 -0.05648765 -0.02527152  0.16279288 -0.08568806]]
U = [[ 0.12312262 -0.1181159   0.20703411 -0.12670592  0.12250332]
 [-0.07844519  0.10745075  0.13454258  0.12515108  0.05643446]
 [ 0.18197014  0.06617549  0.19384942  0.06861495  0.1796995 ]
 [ 0.03909343  0.27940593  0.04603133  0.06387911  0.18843858]
 [-0.16444122  0.21009979  0.32847395  0.21846702 -0.03485057]]
Matrix Pair 51; W = [[-0.12377607  0.03375459  0.1700313   0.03734111 -0.08212435]
 [ 0.09245261 -0.28635552 -0.09380669 -0.17479588  0.17263161]
 [-0.0528275   0.09032667 -0.13812358 -0.05489774  0.15056163]
 [-0.00485836 -0.0143958   0.05074611  0.09025979  0.0231997 ]
 [-0.16535122 -0.08070212  0.02286766  0.16351096 -0.07679875]]
U = [[ 0.13973713 -0.17751496  0.19282042 -0.09269902  0.16680509]
 [-0.11888507  0.10449653  0.16380045  0.11272586  0.05017127]
 [ 0.2348982   0.05006948  0.15136077  0.11711416  0.18140397]
 [ 0.0356113   0.21595977 -0.01739625  0.05986924  0.13175235]
 [-0.17194778  0.19173483  0.30197945  0.1830207  -0.03178766]]
Matrix Pair 52; W = [[-0.05255247  0.06516316  0.17273324  0.03449457 -0.05957055]
 [ 0.14583671 -0.26077745 -0.06551212 -0.12513863  0.23445106]
 [-0.01648974  0.00186496 -0.00190957 -0.01444368  0.17607251]
 [ 0.02078109 -0.09192568  0.05622312  0.02389342  0.06924223]
 [-0.14055652 -0.09001809 -0.0159593   0.13408228 -0.00392912]]
U = [[ 0.08954359 -0.09942235  0.1191526  -0.01758673  0.16547391]
 [-0.15986201  0.12263768  0.12198109  0.15913459 -0.01451774]
 [ 0.24902447  0.02264522  0.12615572  0.06335299  0.12694319]
 [ 0.07483805  0.20306481  0.05877401 -0.02926609  0.19591918]
 [-0.16664807  0.17330153  0.37427098  0.14091449 -0.06785471]]
Matrix Pair 53; W = [[-0.03998602  0.05160769  0.14719362  0.03895633 -0.05534274]
 [ 0.16604355 -0.24908239 -0.09711203 -0.15933914  0.21663032]
 [ 0.02863978  0.0119068  -0.08029386  0.00913721  0.17721606]
 [-0.01812875 -0.05443103  0.00848538  0.03043952  0.03617257]
 [-0.11757587 -0.06246772 -0.00138702  0.06894286  0.03755453]]
U = [[ 0.1156859  -0.13828416  0.17661719 -0.05961815  0.12230996]
 [-0.20973879  0.07725211  0.14623456  0.12832704  0.04898353]
 [ 0.27854426 -0.01541402  0.18033672  0.05337012  0.19890538]
 [ 0.02993234  0.2127889   0.09061028  0.02292296  0.22417665]
 [-0.13840309  0.11142563  0.39203926  0.18742304 -0.04235228]]
Matrix Pair 54; W = [[-0.10242114  0.02750198  0.1426701   0.00940085 -0.07612886]
 [ 0.15237476 -0.22163269 -0.07596809 -0.08486175  0.22744897]
 [-0.01405236  0.03264913 -0.06667798  0.00194621  0.17355452]
 [ 0.00153008 -0.09669697  0.03038421  0.02376468  0.03090636]
 [-0.08917061 -0.01496031  0.00102335  0.13293926  0.02198755]]
U = [[ 0.1078788  -0.10435763  0.17813261 -0.06492082  0.12074447]
 [-0.20152178  0.06648478  0.09520955  0.1533183   0.04892859]
 [ 0.24195803  0.02301964  0.12173951  0.05337054  0.18359581]
 [ 0.0677898   0.26771308  0.15554639 -0.03044413  0.1785127 ]
 [-0.14550874  0.17269251  0.30935107  0.10342735 -0.06518809]]
Matrix Pair 55; W = [[-0.07805739  0.08370838  0.12400563  0.0413022  -0.04597509]
 [ 0.14280442 -0.2270723  -0.07453739 -0.16972767  0.16929793]
 [-0.01153978  0.06799201 -0.04117447 -0.06516196  0.17460918]
 [-0.04366084 -0.09373066 -0.00585624  0.03237085  0.09937213]
 [-0.14075079  0.00447421  0.00258766  0.06808848 -0.05178103]]
U = [[ 0.13094395 -0.1396778   0.18256235 -0.09401079  0.19139364]
 [-0.1526846   0.05900957  0.09157196  0.11668609  0.05544783]
 [ 0.21726294 -0.00183975  0.20780022  0.12991984  0.16843133]
 [ 0.03141907  0.28918956  0.14263262  0.03050588  0.22740105]
 [-0.10910975  0.0863841   0.35879214  0.15457923 -0.05369323]]
Matrix Pair 56; W = [[-0.06137486  0.02720209  0.14247336  0.11976222 -0.05531916]
 [ 0.11566011 -0.18491029 -0.07194795 -0.05838692  0.18367679]
 [ 0.00573147  0.08478699 -0.11788506 -0.00764094  0.22019412]
 [ 0.01263817 -0.15856228  0.01548487  0.06964161  0.09026562]
 [-0.05512961 -0.05510308  0.04533557  0.14445217 -0.0244249 ]]
U = [[ 0.11604526 -0.09671331  0.16067749 -0.08473487  0.2225493 ]
 [-0.12494478  0.12130281  0.14191388  0.15189087  0.0066372 ]
 [ 0.1728243   0.01160616  0.17403627  0.04902316  0.16311123]
 [ 0.05590649  0.21222795  0.10838558 -0.05996029  0.24537806]
 [-0.26769165  0.19365595  0.25989526  0.1528084  -0.05849564]]
Matrix Pair 57; W = [[-0.09464813  0.02727615  0.1670516   0.07976407 -0.09649113]
 [ 0.12684978 -0.21278863 -0.12501135 -0.04811624  0.21383637]
 [-0.05196963  0.12176797 -0.08467715 -0.03517681  0.24498724]
 [-0.00449564 -0.16888458  0.03261371  0.04731172  0.11091242]
 [-0.1150813  -0.09850934  0.00323402  0.13011427 -0.01898285]]
U = [[ 0.11431166 -0.03733506  0.21846249 -0.11477195  0.2241707 ]
 [-0.16190306  0.09950326  0.07679437  0.16885129  0.03236346]
 [ 0.19234089  0.06349812  0.16477831  0.11477931  0.14265719]
 [ 0.03958531  0.18418431  0.10497295 -0.01883326  0.22240989]
 [-0.24823273  0.16821272  0.29816493  0.11918974 -0.05843107]]
Matrix Pair 58; W = [[-0.01810676 -0.0599232   0.20750481  0.08142193 -0.06705915]
 [ 0.10454678 -0.27721384 -0.06601731 -0.13192234  0.22730438]
 [-0.02350757  0.0867052  -0.15507119 -0.08157059  0.24067791]
 [-0.07489925 -0.09214461  0.0892893   0.05264857  0.09397906]
 [-0.12655097 -0.10906782  0.00675999  0.11753453 -0.05787422]]
U = [[ 0.09131012 -0.06382093  0.21469034 -0.11356185  0.21955855]
 [-0.2006056   0.16662732  0.09470299  0.09963676  0.03531542]
 [ 0.25799573  0.08912314  0.19663185  0.14601813  0.11182772]
 [ 0.00123133  0.26491406  0.0654211  -0.08468673  0.21276431]
 [-0.18135757  0.19284152  0.28544284  0.15268262 -0.08034846]]
Matrix Pair 59; W = [[-0.08804481 -0.00948246  0.20558991  0.03879165 -0.05498363]
 [ 0.0790586  -0.25343728 -0.07827107 -0.06335936  0.21114108]
 [ 0.02572316  0.15332076 -0.16591692 -0.06356941  0.24629092]
 [-0.01774874 -0.09128975  0.08699788 -0.00306849  0.06364702]
 [-0.07131253 -0.02111187  0.00680004  0.06834971 -0.07270739]]
U = [[ 0.18696975 -0.02231371  0.23809244 -0.09897495  0.17059366]
 [-0.14056807  0.1574634   0.15725732  0.18841107  0.04580856]
 [ 0.25407306  0.04539153  0.21921641  0.05350961  0.10989754]
 [-0.00536007  0.19690235  0.09459808 -0.02199711  0.22275604]
 [-0.24632364  0.18535631  0.28329179  0.1127211  -0.0672708 ]]
Matrix Pair 60; W = [[-0.01034085 -0.02158328  0.1803991  -0.00816717 -0.09745576]
 [ 0.10190563 -0.2452314  -0.02873253 -0.11486356  0.2549804 ]
 [ 0.04596873  0.08166624 -0.12970739 -0.05985576  0.18886515]
 [-0.06343457 -0.06339321  0.0555999   0.04389012 -0.01036959]
 [-0.12908887 -0.00109029  0.09745613  0.06801439 -0.07175078]]
U = [[ 0.07684165 -0.15501035  0.26513392 -0.09897672  0.20527763]
 [-0.10643006  0.06592324  0.18554297  0.11057012  0.02225748]
 [ 0.26297101  0.0569667   0.17393792  0.06921761  0.13171652]
 [ 0.05088207  0.18631279  0.0086852  -0.0269906   0.21027076]
 [-0.17887638  0.14303931  0.26766412  0.17140454 -0.07363519]]
Matrix Pair 61; W = [[-0.07554019  0.06872649  0.17031605  0.03259974 -0.03242769]
 [ 0.1061448  -0.27727319 -0.11295961 -0.06727432  0.21514972]
 [-0.02059364  0.12391517 -0.15715968 -0.06601068  0.16082828]
 [-0.10012839 -0.09977551  0.02513279  0.03320092  0.06545179]
 [-0.1534345  -0.01301117  0.04323547  0.05604767 -0.10613282]]
U = [[ 0.07237944 -0.18363923  0.27270491 -0.10304954  0.13988211]
 [-0.09154422  0.08908037  0.13841374  0.11686559  0.00978922]
 [ 0.19873964  0.04499393  0.20932062  0.16521177  0.1239341 ]
 [-0.02683006  0.22439886  0.06305435  0.04739306  0.16529298]
 [-0.17927611  0.13828817  0.3221723   0.17451262 -0.06606002]]
Matrix Pair 62; W = [[-0.01594113 -0.02700617  0.19290075  0.01995011 -0.06337473]
 [ 0.11733441 -0.24914981 -0.10931947 -0.06506177  0.28352125]
 [ 0.04475148  0.11088064 -0.14630771 -0.00254995  0.19933767]
 [-0.03718128 -0.06904845  0.03473816  0.016199    0.06222926]
 [-0.08440992 -0.07191544  0.05478304  0.05126718 -0.07622487]]
U = [[ 0.12295378 -0.17757553  0.2701451  -0.17267414  0.15199463]
 [-0.15050661  0.08754155  0.14852734  0.13739903  0.01295215]
 [ 0.18587095  0.06721916  0.21225619  0.11077083  0.07248141]
 [-0.00708016  0.20884805  0.06599211  0.01548532  0.15168986]
 [-0.10757075  0.19773607  0.25623511  0.17255265 -0.0463298 ]]
Matrix Pair 63; W = [[-0.04178046  0.00835346  0.19527168 -0.01827185 -0.09529416]
 [ 0.14472354 -0.25143547 -0.09139129 -0.1327162   0.26692623]
 [-0.05065166  0.14277798 -0.16530279 -0.05238499  0.24184527]
 [-0.02262649 -0.08418785  0.06493921  0.00157068  0.05472181]
 [-0.12451036 -0.0497592   0.07675856  0.12569456 -0.07997786]]
U = [[ 0.13812329 -0.12897578  0.27287821 -0.13437559  0.14636484]
 [-0.14018941  0.07024822  0.15642291  0.12766911 -0.00311357]
 [ 0.23172518  0.0564538   0.17932571  0.15844538  0.09518989]
 [ 0.01134919  0.26240278  0.01433184  0.04148468  0.19802379]
 [-0.10603178  0.22329937  0.26978883  0.13082885 -0.04026457]]
