Epoch: 92Matrix Pair 0; W = [[ 0.22018668  0.01297519  0.09757988 -0.19923043  0.13969844]
 [ 0.01085034 -0.43390937 -0.11399887  0.253707   -0.18487374]
 [-0.00065081  0.0156421  -0.10073598  0.11316986  0.02393596]
 [-0.10460831  0.10714517  0.01873944  0.01751989 -0.02193865]
 [-0.0793874  -0.13854325 -0.24835812 -0.16907541  0.10962334]]
U = [[ 0.13697951 -0.05489203  0.21979437  0.36080939 -0.02639279]
 [-0.43950262  0.02830581  0.23281806  0.01715702  0.09987194]
 [ 0.12998204 -0.05800501 -0.18535473 -0.23610319  0.24660661]
 [ 0.1801446  -0.00642162  0.32056554  0.00786549 -0.09064219]
 [-0.15429616 -0.02981743 -0.25540893 -0.15422446  0.09150496]]
Matrix Pair 1; W = [[ 0.27619697  0.00195481  0.03887463 -0.14881368  0.09336316]
 [-0.03143033 -0.40782283 -0.14301221  0.1992582  -0.19721277]
 [-0.06667349  0.01422876 -0.04763665  0.09362263  0.0092599 ]
 [-0.11829394  0.10929461  0.08489631 -0.02039832 -0.03745622]
 [-0.09843117 -0.07008237 -0.26647108 -0.21154416  0.1227873 ]]
U = [[ 2.16981885e-01 -4.23830076e-02  2.53615587e-01  3.58417715e-01
  -7.22384148e-02]
 [-4.28235587e-01  7.05075316e-03  2.18355668e-01 -4.86710512e-03
   9.58574474e-02]
 [ 9.87893470e-02 -5.01719471e-02 -1.29919809e-01 -2.63438785e-01
   2.21985453e-01]
 [ 2.11108307e-01  4.04618953e-04  2.87998905e-01 -5.81053647e-02
  -1.39994849e-01]
 [-1.11984494e-01 -7.91034840e-03 -2.57831470e-01 -8.32708538e-02
   6.61349477e-02]]
Matrix Pair 2; W = [[ 0.29026749 -0.03900919  0.01817147 -0.20276901  0.17070266]
 [-0.00219977 -0.45728558 -0.10966184  0.21597143 -0.16535714]
 [-0.0844252  -0.02200658 -0.06518115  0.05510509  0.01187173]
 [-0.05554356  0.08309905  0.09357778 -0.03651209 -0.05454816]
 [-0.05932217 -0.1659386  -0.2151335  -0.21707126  0.09901087]]
U = [[ 0.17686325  0.00814562  0.26393254  0.38032912 -0.06542285]
 [-0.40612982 -0.04009076  0.14510451  0.00395478  0.06709138]
 [ 0.13401001 -0.08605814 -0.16494239 -0.21408058  0.25175964]
 [ 0.20881142 -0.08009047  0.3122188   0.00998125 -0.15868447]
 [-0.10995521 -0.07981087 -0.25944904 -0.1497596   0.08412347]]
Matrix Pair 3; W = [[ 0.23938049 -0.02762268  0.05357273 -0.15643388  0.15971716]
 [-0.0191054  -0.45949315 -0.06233365  0.24862863 -0.2193824 ]
 [-0.0502357  -0.02574581 -0.06660326  0.0930965  -0.02815141]
 [-0.09943539  0.14353937  0.06836046 -0.05115068 -0.0732954 ]
 [-0.08136297 -0.11250345 -0.27946793 -0.19732405  0.12353126]]
U = [[ 0.13435179 -0.01372421  0.25478995  0.35216761 -0.01191422]
 [-0.39853633  0.02188063  0.20517038  0.09333011  0.08378309]
 [ 0.0947975  -0.11885808 -0.1552284  -0.24266555  0.19318948]
 [ 0.23974354 -0.00335574  0.35537861 -0.03729571 -0.17144048]
 [-0.14992581 -0.02398142 -0.25212466 -0.130167    0.05362368]]
Matrix Pair 4; W = [[ 0.21412633 -0.03048654  0.10950718 -0.15298814  0.1579722 ]
 [-0.03870078 -0.42786462 -0.07926943  0.19996867 -0.12907312]
 [-0.01269314 -0.02587385 -0.03506229  0.04396576  0.0641069 ]
 [-0.05538295  0.15953833  0.03677401  0.01991228  0.01671137]
 [-0.02998538 -0.09623382 -0.2143471  -0.16780626  0.09747263]]
U = [[ 0.13402273 -0.06004622  0.24386914  0.35457271 -0.02436666]
 [-0.43387358 -0.00776154  0.20633544  0.05322478  0.07796722]
 [ 0.08875926 -0.080193   -0.13963015 -0.20368683  0.27628071]
 [ 0.20180964  0.0006837   0.3669569  -0.029432   -0.13118424]
 [-0.09983158 -0.03134253 -0.30196426 -0.07593767  0.08263462]]
Matrix Pair 5; W = [[ 0.26112755  0.01932845  0.09641563 -0.1903823   0.12939271]
 [-0.02597347 -0.39268196 -0.13237034  0.17747799 -0.13373078]
 [-0.08808826  0.04621072 -0.04923409  0.0513406   0.04819841]
 [-0.14873505  0.0679453   0.11139156 -0.03433248  0.0107144 ]
 [-0.10265813 -0.15941453 -0.22126188 -0.17630014  0.04691036]]
U = [[ 0.1839831  -0.05578503  0.25231891  0.31381302 -0.08566906]
 [-0.41157358 -0.02392385  0.17605747  0.08800334  0.1324812 ]
 [ 0.13831989 -0.09244542 -0.17983782 -0.19283963  0.25105084]
 [ 0.24940097 -0.02759484  0.2996017  -0.04670983 -0.17329906]
 [-0.13121176 -0.01442251 -0.29377106 -0.10797154  0.11232077]]
Matrix Pair 6; W = [[ 0.24866704 -0.05982858  0.03499843 -0.18348256  0.10541517]
 [-0.03718819 -0.47172564 -0.06738899  0.26071783 -0.22170215]
 [-0.06931123 -0.03757114 -0.03829595  0.09136691  0.00598279]
 [-0.08380581  0.12719259  0.01611436 -0.00297763 -0.029676  ]
 [-0.05586671 -0.08471352 -0.22358189 -0.19553974  0.10257679]]
U = [[ 0.13499914 -0.04050482  0.24114237  0.39588655 -0.06026797]
 [-0.35364695 -0.00294889  0.17319486  0.01685453  0.12772448]
 [ 0.10646865 -0.11945076 -0.18054581 -0.26949351  0.24848107]
 [ 0.21204418 -0.01567131  0.35032023  0.00774267 -0.1771719 ]
 [-0.1498901  -0.01787405 -0.24257086 -0.15544992  0.11904641]]
Matrix Pair 7; W = [[ 0.25218358 -0.02071517  0.01688382 -0.14867097  0.19158757]
 [-0.00958108 -0.43554048 -0.13959478  0.24065118 -0.20497121]
 [-0.05714155  0.0123623  -0.10692231  0.11283462  0.0322747 ]
 [-0.14766042  0.15779686  0.04465839 -0.02534814 -0.0480533 ]
 [-0.0552054  -0.11684366 -0.28787657 -0.22055395  0.07548481]]
U = [[ 0.14914631 -0.01389271  0.29264261  0.31738608 -0.01417601]
 [-0.40694803  0.03291797  0.21191908  0.01194454  0.14358541]
 [ 0.09761474 -0.13524369 -0.11425894 -0.19695558  0.25269291]
 [ 0.1900449  -0.0868615   0.28308637 -0.00568459 -0.13625214]
 [-0.10970265 -0.08646455 -0.27945106 -0.1127127   0.08840868]]
Matrix Pair 8; W = [[ 0.21182453  0.0153466   0.10264584 -0.11059197  0.15883941]
 [ 0.00136633 -0.46377797 -0.12612598  0.24807489 -0.21930783]
 [ 0.00826905  0.01194541 -0.0896888   0.10058435  0.04853707]
 [-0.05501868  0.16147031  0.02105965 -0.05039169  0.01117001]
 [-0.03618424 -0.10531757 -0.2665458  -0.19495789  0.13861517]]
U = [[ 0.12415531 -0.04767914  0.27127101  0.35814328 -0.04455477]
 [-0.35524002  0.0307802   0.21337233  0.00435728  0.13912324]
 [ 0.12470074 -0.05357678 -0.17229713 -0.22228409  0.23404359]
 [ 0.20414072 -0.06769696  0.30136717 -0.05803362 -0.14406908]
 [-0.16366417 -0.04612757 -0.23265408 -0.10658361  0.09237265]]
Matrix Pair 9; W = [[ 0.22905172  0.0128452   0.06279939 -0.11514108  0.18951702]
 [-0.04797588 -0.47117791 -0.13008742  0.21231068 -0.15845537]
 [-0.03908168  0.04015909 -0.10265213  0.06342303  0.05160556]
 [-0.11259379  0.14936396  0.05580678 -0.03656012 -0.01281071]
 [-0.11578907 -0.07263169 -0.26025877 -0.19367496  0.13760974]]
U = [[ 0.18584888 -0.02088369  0.25368089  0.37894645 -0.06066739]
 [-0.37468049 -0.06062856  0.17917152  0.00450263  0.15242444]
 [ 0.1552516  -0.07994327 -0.0997654  -0.22704192  0.19200211]
 [ 0.22159533 -0.05691354  0.2885351  -0.02602216 -0.09303313]
 [-0.10726812  0.00612853 -0.26437702 -0.10935727  0.10231019]]
Matrix Pair 10; W = [[ 0.28389941  0.02719824  0.05894735 -0.18490946  0.18773908]
 [-0.06481794 -0.47516099 -0.0469256   0.26784663 -0.15741244]
 [-0.02632057  0.02244711 -0.07282899  0.10255923  0.01159924]
 [-0.14484671  0.14362496  0.01599225 -0.03357833 -0.07597469]
 [-0.11854058 -0.10756967 -0.2877503  -0.17172729  0.08068344]]
U = [[ 0.21899803 -0.00106393  0.21003367  0.32609737 -0.07550329]
 [-0.37592578 -0.05914238  0.23295935  0.0932805   0.15471082]
 [ 0.15423166 -0.13109725 -0.12697251 -0.21447147  0.22748233]
 [ 0.20014316 -0.03034066  0.32284186 -0.04687385 -0.13632838]
 [-0.1405468  -0.02409422 -0.32496792 -0.1012578   0.09668403]]
Matrix Pair 11; W = [[ 0.2108307  -0.04515601  0.11280529 -0.18617969  0.16687835]
 [-0.05015998 -0.42006708 -0.0501081   0.19132256 -0.17361655]
 [ 0.00624957 -0.00641903 -0.10042855  0.13049956  0.02173516]
 [-0.09496486  0.14377792  0.05505805 -0.06434004 -0.0591289 ]
 [-0.08479228 -0.10004455 -0.27845062 -0.20025662  0.06866522]]
U = [[ 0.21496809 -0.04112559  0.26731705  0.31901064 -0.02695375]
 [-0.39121224  0.02772546  0.17957126  0.0470844   0.12241   ]
 [ 0.15006224 -0.04718819 -0.17042508 -0.23405018  0.21374149]
 [ 0.18713984 -0.01649342  0.3589575   0.01984049 -0.14984679]
 [-0.15723051 -0.00558955 -0.2625853  -0.09988661  0.0927388 ]]
Matrix Pair 12; W = [[ 0.26839802  0.00067897  0.08353478 -0.16477428  0.17593281]
 [-0.03623199 -0.423176   -0.07829747  0.22790166 -0.17052217]
 [-0.08360723  0.04934882 -0.11099012  0.10539551  0.02313241]
 [-0.09562603  0.09704029  0.04803602 -0.04612586 -0.02430463]
 [-0.11830279 -0.14200815 -0.1974234  -0.19634629  0.08245426]]
U = [[ 0.14783932  0.00791487  0.28890567  0.30682672 -0.07223263]
 [-0.39930142  0.00954014  0.14394538  0.06873354  0.14349359]
 [ 0.15394059 -0.11976095 -0.09614233 -0.18977165  0.27182998]
 [ 0.18341263 -0.01601803  0.35916078 -0.00235934 -0.15614688]
 [-0.12862613 -0.08569613 -0.31892417 -0.14667585  0.02936054]]
Matrix Pair 13; W = [[ 0.26118893 -0.00101866  0.05926027 -0.17338175  0.13604439]
 [-0.06218519 -0.41329237 -0.07901518  0.17426922 -0.12548778]
 [-0.02478039  0.0494628  -0.04875019  0.05614162 -0.00084955]
 [-0.06128057  0.15838384  0.05021486 -0.0353308   0.02154587]
 [-0.10671839 -0.16211652 -0.19461903 -0.1532133   0.04158598]]
U = [[ 0.19324847  0.02093576  0.27879206  0.33201519 -0.02908687]
 [-0.41738545 -0.03355281  0.14530938 -0.00622559  0.0926893 ]
 [ 0.15750739 -0.05600533 -0.11307743 -0.24021535  0.28736159]
 [ 0.26363731 -0.02665004  0.33402074 -0.01963144 -0.15366392]
 [-0.09027232 -0.08569558 -0.24526211 -0.15967254  0.07698527]]
Matrix Pair 14; W = [[ 2.45155219e-01 -2.57087781e-02  1.63790985e-02 -1.94960778e-01
   1.33329043e-01]
 [-5.34751059e-02 -4.63873900e-01 -1.10149079e-01  2.38831687e-01
  -1.94255673e-01]
 [-6.26314300e-02 -3.14702932e-05 -1.11033461e-01  1.02854780e-01
   3.46968659e-02]
 [-9.22946648e-02  9.04792471e-02  9.29630256e-02 -4.74302813e-02
   6.35302835e-03]
 [-7.55605180e-02 -7.46574974e-02 -2.36994870e-01 -2.11551186e-01
   6.58501430e-02]]
U = [[ 0.14716937 -0.04143902  0.21365896  0.35288606 -0.0779729 ]
 [-0.37203222  0.03150045  0.1934855   0.07304253  0.06716472]
 [ 0.11045618 -0.06632268 -0.14089058 -0.27780795  0.21275785]
 [ 0.20201603 -0.03217179  0.33131857 -0.04274462 -0.1563408 ]
 [-0.10306191 -0.06752271 -0.25699278 -0.1315039   0.04854525]]
Matrix Pair 15; W = [[ 0.20606516  0.01527187  0.09409306 -0.17043692  0.1691248 ]
 [-0.00141876 -0.43047236 -0.09566108  0.2084438  -0.19613894]
 [-0.02841917  0.00855965 -0.03956571  0.12392232  0.01863963]
 [-0.09192034  0.13160037  0.03908245 -0.01718282 -0.06001574]
 [-0.11059327 -0.14816809 -0.23076723 -0.15594127  0.0856666 ]]
U = [[ 0.14958599 -0.03468962  0.2880412   0.30414558 -0.06876595]
 [-0.35176945 -0.01100768  0.21205055  0.08203608  0.06845354]
 [ 0.15548088 -0.05247545 -0.09558546 -0.24132663  0.21553819]
 [ 0.17511146  0.00529639  0.33231678 -0.01755526 -0.09654515]
 [-0.07609234 -0.06815186 -0.32475881 -0.14411843  0.08998364]]
Matrix Pair 16; W = [[ 0.20370714 -0.02344384  0.02960703 -0.10097386  0.12479761]
 [-0.0472785  -0.4465238  -0.10987292  0.20059913 -0.08482002]
 [-0.11420315  0.0270594  -0.07873118  0.16944946 -0.0275883 ]
 [-0.11224496  0.04222413  0.12458394 -0.00913784 -0.01847998]
 [-0.06337098 -0.14052758 -0.24707216 -0.16808356  0.04158109]]
U = [[ 0.21005219  0.0071596   0.26980535  0.31605326 -0.07528324]
 [-0.42982864 -0.03476992  0.11328704  0.02294766  0.12677836]
 [ 0.14002858 -0.14361747 -0.14033397 -0.20480387  0.14524675]
 [ 0.25151438 -0.05223548  0.29919648  0.00839013 -0.18820181]
 [-0.08795293 -0.05117115 -0.13218839 -0.08267231 -0.00785563]]
Matrix Pair 17; W = [[ 0.21113906 -0.03572457  0.04504836 -0.16515917  0.1174968 ]
 [-0.11493406 -0.48562136 -0.06190727  0.24400104 -0.15744697]
 [-0.10689538 -0.02437986 -0.11164593  0.09385719 -0.03110517]
 [-0.1307743   0.06332345  0.1660444  -0.04430027  0.02603516]
 [-0.06463146 -0.08854782 -0.2693016  -0.18516926  0.05905334]]
U = [[ 0.19816891  0.04097631  0.25664647  0.32814041 -0.01770033]
 [-0.39955625 -0.02183795  0.08526717  0.09650627  0.0810653 ]
 [ 0.06447506 -0.1572731  -0.16545862 -0.25665778  0.1758751 ]
 [ 0.2484368  -0.11322053  0.377272    0.01666031 -0.16762687]
 [-0.08526154 -0.00831186 -0.17920006 -0.03290408 -0.02007476]]
Matrix Pair 18; W = [[ 0.2501318  -0.09375285  0.06293629 -0.15273974  0.1525177 ]
 [-0.02100639 -0.41696666 -0.04985817  0.19671424 -0.11599796]
 [-0.0614334   0.00736292 -0.06373823  0.17288443  0.03599953]
 [-0.13433399  0.00178805  0.14550799 -0.0126571  -0.01891882]
 [-0.02826241 -0.0951     -0.21923604 -0.15846476  0.01916866]]
U = [[ 0.13318899 -0.01560926  0.30343625  0.32033309 -0.00995659]
 [-0.37696239 -0.09679682  0.07278155  0.01681715  0.1430319 ]
 [ 0.12555031 -0.12350123 -0.18214673 -0.24350891  0.12600965]
 [ 0.24033579 -0.06967734  0.3553401  -0.01842948 -0.20999301]
 [-0.14831399 -0.0431401  -0.2138073  -0.06267474  0.05132024]]
Matrix Pair 19; W = [[ 0.26397604 -0.04541771  0.0848553  -0.14556918  0.21465972]
 [-0.06987455 -0.45810413 -0.0883161   0.25244974 -0.130585  ]
 [-0.09111208  0.02511883 -0.08420553  0.0982575   0.00509007]
 [-0.07442971  0.05357193  0.13679329 -0.07537253  0.03637364]
 [-0.08894932 -0.15709359 -0.25639949 -0.1817956   0.05670396]]
U = [[ 0.20965621  0.04671955  0.31703548  0.40629412 -0.04502318]
 [-0.36003225 -0.0221178   0.09693365  0.00478603  0.06173225]
 [ 0.13167605 -0.13915592 -0.15609435 -0.22834274  0.16156834]
 [ 0.18156523 -0.14299115  0.33052134 -0.00211478 -0.24158359]
 [-0.14123036 -0.0419241  -0.1806337  -0.09922359 -0.00593621]]
Matrix Pair 20; W = [[ 0.20886727 -0.09312283  0.06481361 -0.17155277  0.18337252]
 [-0.07516413 -0.40118571 -0.12945347  0.2645279  -0.12693628]
 [-0.07911157  0.02551269 -0.1182561   0.09571473 -0.05802461]
 [-0.08814091  0.06166256  0.18025306  0.00605756 -0.04430104]
 [-0.05279933 -0.13697254 -0.20015637 -0.20887728  0.02257853]]
U = [[ 0.15660248  0.05191653  0.32283619  0.36342731 -0.02138956]
 [-0.37294856 -0.01513155  0.12310648  0.00548395  0.11334321]
 [ 0.13501915 -0.15876789 -0.11840463 -0.23761901  0.1730497 ]
 [ 0.19540288 -0.10887175  0.30598261 -0.02976761 -0.24905283]
 [-0.16116166  0.01214802 -0.16918285 -0.06489621  0.0252791 ]]
Matrix Pair 21; W = [[ 0.28311894 -0.0962411   0.12485436 -0.12369259  0.16558302]
 [-0.03289064 -0.46692134 -0.08020227  0.23845387 -0.1245666 ]
 [-0.09172214  0.02751486 -0.06346488  0.10406667 -0.01164699]
 [-0.12492378  0.03489858  0.14312349 -0.00946635 -0.03763294]
 [-0.09103583 -0.10569101 -0.23885796 -0.17982055  0.02492062]]
U = [[ 0.12847131  0.01341774  0.27751864  0.33430192 -0.06919882]
 [-0.42076228 -0.05454626  0.08760295  0.0331232   0.12166088]
 [ 0.10916538 -0.1266632  -0.18199901 -0.18936602  0.17714889]
 [ 0.20282317 -0.05821077  0.31456818  0.0532628  -0.23168056]
 [-0.1767874  -0.02197271 -0.15594882 -0.08913377 -0.00526031]]
Matrix Pair 22; W = [[ 0.19668614 -0.11023325  0.03900898 -0.15223413  0.21320291]
 [-0.09114173 -0.49236572 -0.05745438  0.18439437 -0.13635476]
 [-0.13717067  0.02688445 -0.07712314  0.17680254  0.01225635]
 [-0.1199856  -0.01922125  0.10347626 -0.0811777   0.04359306]
 [-0.09218639 -0.15560355 -0.28467666 -0.14624103  0.02338112]]
U = [[ 0.19192522  0.0350374   0.23126394  0.31562573 -0.03589894]
 [-0.40068588 -0.07123898  0.07703732  0.07634271  0.07834545]
 [ 0.05796503 -0.14708792 -0.17966124 -0.16208339  0.12421301]
 [ 0.21817135 -0.09832355  0.2893341   0.02334328 -0.19543992]
 [-0.11045478  0.02285145 -0.12323093 -0.10528998  0.03097532]]
Matrix Pair 23; W = [[ 0.22604874 -0.02882401  0.09530504 -0.13778336  0.12611628]
 [-0.03034453 -0.48563238 -0.12023204  0.23325828 -0.09759083]
 [-0.09348686 -0.00477086 -0.14053147  0.14687018 -0.00838893]
 [-0.11694571  0.07486829  0.13232705 -0.05093546 -0.04040069]
 [-0.02606434 -0.15246869 -0.25043629 -0.17528585  0.10138271]]
U = [[ 0.18659904 -0.01942774  0.31285001  0.37649095 -0.10324534]
 [-0.3826672  -0.10915965  0.04316546  0.04372535  0.14251373]
 [ 0.07118787 -0.15564549 -0.09225268 -0.25082103  0.14582648]
 [ 0.2365305  -0.1416784   0.29346285 -0.03123037 -0.20351176]
 [-0.08569833 -0.01559727 -0.1533238  -0.11304445 -0.02007676]]
Matrix Pair 24; W = [[ 0.2232474  -0.07444889  0.10532794 -0.18802327  0.18832603]
 [-0.02069858 -0.46962844 -0.13269025  0.17056409 -0.06818553]
 [-0.14260058  0.05202805 -0.12317133  0.10894731 -0.00917414]
 [-0.08924221  0.01178622  0.14233581 -0.02152374  0.0354389 ]
 [-0.08487642 -0.10389414 -0.24374266 -0.21553818  0.07563717]]
U = [[ 0.13866373  0.05098984  0.29165561  0.31075038 -0.02627615]
 [-0.39249554 -0.09347823  0.12438839  0.09794158  0.10133296]
 [ 0.05057733 -0.07685185 -0.17055491 -0.20055225  0.10693784]
 [ 0.17116954 -0.09987454  0.32669403 -0.02834969 -0.25316014]
 [-0.14672851  0.02237976 -0.20544599 -0.03900732 -0.01461863]]
Matrix Pair 25; W = [[ 0.29030325 -0.08599472  0.05146689 -0.12842691  0.15178219]
 [-0.03275181 -0.4558682  -0.03621474  0.20956543 -0.06807015]
 [-0.0978684  -0.03586572 -0.06123902  0.12850816 -0.03663105]
 [-0.12027144  0.02981607  0.1672255  -0.05684409  0.03496134]
 [-0.03188303 -0.16219006 -0.24002785 -0.15128251  0.02634899]]
U = [[ 0.16233294 -0.01865713  0.30629614  0.40300989 -0.10304422]
 [-0.39578587 -0.10924294  0.0388214   0.04819782  0.08870634]
 [ 0.08536832 -0.1412109  -0.154091   -0.23957409  0.15563328]
 [ 0.20699251 -0.07606016  0.37088629 -0.00368811 -0.19854513]
 [-0.13433185 -0.02872482 -0.13382883 -0.0484681   0.07409537]]
Matrix Pair 26; W = [[ 0.23228541 -0.04782288  0.0431124  -0.17775143  0.14730423]
 [-0.04867201 -0.41309138 -0.1038258   0.23939084 -0.14145954]
 [-0.10934691  0.04326249 -0.15266505  0.12448399  0.02023513]
 [-0.09238316  0.03743033  0.17939668  0.0080496  -0.01968855]
 [-0.05692693 -0.11334712 -0.27956037 -0.14362486  0.04456749]]
U = [[ 0.17627549  0.0650844   0.29547474  0.34960402 -0.07665786]
 [-0.4258856  -0.08269192  0.07649617  0.04516119  0.13279211]
 [ 0.11486185 -0.08145497 -0.09849396 -0.24197612  0.1307217 ]
 [ 0.26031445 -0.05164022  0.30247037  0.03648374 -0.25106028]
 [-0.17612228 -0.02871764 -0.18937207 -0.08695362 -0.00902833]]
Matrix Pair 27; W = [[ 0.22624145 -0.07177558  0.10455699 -0.09946423  0.16061748]
 [-0.07069185 -0.40568727 -0.04820743  0.25613516 -0.12495355]
 [-0.08437511 -0.04035935 -0.12342422  0.09207408 -0.04950502]
 [-0.06378068  0.07465668  0.18530419 -0.02933827 -0.03783751]
 [-0.06786863 -0.12440754 -0.19178274 -0.2074807   0.07830986]]
U = [[ 0.13857064  0.06151343  0.23244661  0.4024554  -0.08729699]
 [-0.4226147  -0.08333623  0.11432863  0.04886439  0.13475963]
 [ 0.10245722 -0.11572359 -0.15259813 -0.22591154  0.14533429]
 [ 0.23086642 -0.14662967  0.35546261  0.03862489 -0.2585352 ]
 [-0.08038282  0.01550877 -0.14528489 -0.06085763  0.0310303 ]]
Matrix Pair 28; W = [[ 0.26204565 -0.06925313  0.06238383 -0.1301929   0.20185453]
 [-0.11425501 -0.45196413 -0.05732242  0.17828666 -0.14510929]
 [-0.06742915  0.01012281 -0.1037245   0.1461205  -0.05219157]
 [-0.09586961 -0.02032631  0.19860595 -0.02938388 -0.00890936]
 [-0.11590469 -0.08286934 -0.28361398 -0.17832942  0.0537648 ]]
U = [[ 0.18096248  0.03577085  0.31104089  0.39882891 -0.06057423]
 [-0.39396743 -0.09141005  0.04072421  0.03218537  0.10991408]
 [ 0.13060386 -0.14717258 -0.17953194 -0.17259756  0.19408382]
 [ 0.19467238 -0.14252468  0.33929434  0.00111608 -0.21069978]
 [-0.08406475 -0.03275878 -0.20461986 -0.11841541  0.04259933]]
Matrix Pair 29; W = [[ 0.2156432  -0.01900301  0.07218832 -0.17623227  0.19393345]
 [-0.0983235  -0.40563788 -0.13112397  0.22625877 -0.09619374]
 [-0.0496911  -0.00956566 -0.14804969  0.13766918  0.03613927]
 [-0.10251096  0.02817338  0.11190694 -0.05961838  0.02615995]
 [-0.07213313 -0.0908182  -0.26870411 -0.12500512  0.05428357]]
U = [[ 0.14052128 -0.03231176  0.28709996  0.30948978 -0.07507383]
 [-0.4202097  -0.10944009  0.09055859  0.06355131  0.10696736]
 [ 0.1244264  -0.12520514 -0.17726923 -0.19631986  0.18376057]
 [ 0.21378927 -0.08467763  0.36844627 -0.00114302 -0.22558683]
 [-0.14761107 -0.02355787 -0.14554027 -0.09995439  0.01652355]]
Matrix Pair 30; W = [[ 2.61311600e-01 -5.62097937e-02  5.08288158e-02 -1.11664854e-01
   1.34399283e-01]
 [-9.65283881e-02 -4.05447933e-01 -1.18785759e-01  2.18404150e-01
  -1.46961911e-01]
 [-4.77370009e-02  3.25230497e-04 -1.20307464e-01  1.83858564e-01
   1.35808432e-03]
 [-1.14500602e-01 -1.79605763e-02  1.94946654e-01 -4.78097915e-02
   3.77498407e-02]
 [-1.01273550e-01 -1.44066672e-01 -2.65075884e-01 -1.45126519e-01
   5.96017026e-02]]
U = [[ 0.11933537 -0.02827928  0.26997507  0.30740486 -0.09149106]
 [-0.35645725 -0.08774554  0.06661913  0.02687241  0.12808078]
 [ 0.11361068 -0.13250249 -0.18364076 -0.23766109  0.15884267]
 [ 0.25703495 -0.06410645  0.29499339 -0.02843502 -0.24867939]
 [-0.14782566 -0.01277466 -0.14678754 -0.12392218  0.06366595]]
Matrix Pair 31; W = [[ 0.2055829  -0.02291582  0.08664243 -0.16889215  0.15059445]
 [-0.02310775 -0.45530968 -0.12134803  0.24561617 -0.07939725]
 [-0.05009675  0.05189093 -0.12658761  0.11602234 -0.03127316]
 [-0.05198748  0.02104344  0.12083103 -0.03375871 -0.00578991]
 [-0.05524051 -0.10535645 -0.19742263 -0.18946409  0.05667547]]
U = [[ 1.18679401e-01  3.99277865e-04  2.95781390e-01  3.30302216e-01
  -4.38776261e-02]
 [-4.32293902e-01 -7.61430434e-02  9.29191705e-02  6.68632347e-02
   7.90949546e-02]
 [ 5.27826739e-02 -7.01731819e-02 -1.63887208e-01 -1.75072597e-01
   1.64385405e-01]
 [ 2.47218334e-01 -1.29137266e-01  3.73369022e-01  3.38699499e-02
  -2.29806048e-01]
 [-1.33053791e-01 -3.80581939e-02 -2.03376707e-01 -3.53519342e-02
   6.57851780e-03]]
Matrix Pair 32; W = [[ 0.21015093 -0.00098821  0.08005037 -0.16524274  0.17815874]
 [-0.05393965 -0.43081151 -0.08526051  0.23202646 -0.1045664 ]
 [-0.07439809  0.03394144 -0.02443059  0.14697704  0.0690153 ]
 [-0.05517979  0.03993271  0.13216192 -0.09521329  0.01753091]
 [-0.06546222 -0.05025744 -0.23101658 -0.17754927  0.07025708]]
U = [[ 0.18637007  0.05513004  0.24373723  0.41517468  0.04500681]
 [-0.35455347 -0.07456147  0.06692262  0.06403691  0.06509455]
 [ 0.09227779 -0.05427676 -0.09558655 -0.24031088  0.15875906]
 [ 0.32974098 -0.05838141  0.27645186 -0.07067889 -0.18296676]
 [-0.15449479 -0.03182324 -0.24397063 -0.02302933  0.03106728]]
Matrix Pair 33; W = [[ 0.29119132 -0.0078288   0.07349768 -0.19217835  0.15126331]
 [-0.10492451 -0.41263364 -0.07592471  0.19326954 -0.09172406]
 [ 0.01060052  0.00305984 -0.02798448  0.09482919  0.03941576]
 [-0.08124208  0.05045426  0.16996081 -0.01308635 -0.01231758]
 [-0.0932151  -0.07811763 -0.14747865 -0.17671564 -0.01522377]]
U = [[ 0.15618842  0.07580247  0.28801314  0.3981795   0.01237159]
 [-0.38940086 -0.07051518  0.05671734  0.06867578  0.11631773]
 [ 0.05569082 -0.14025337 -0.10674941 -0.16132069  0.20916338]
 [ 0.33394256 -0.11375423  0.34747019 -0.00394399 -0.15956483]
 [-0.1927983  -0.0314001  -0.26164834 -0.08471363  0.00419923]]
Matrix Pair 34; W = [[ 0.30350002  0.01807919  0.08283307 -0.14830497  0.17199849]
 [-0.0311165  -0.40243805 -0.08562198  0.26837995 -0.14222816]
 [-0.00483561  0.0005114  -0.00848608  0.13153921  0.03999047]
 [-0.11521719 -0.01964504  0.19253858 -0.03389791  0.00629509]
 [-0.08120612 -0.07937904 -0.15346596 -0.2233795   0.00218156]]
U = [[ 0.21100931  0.09798355  0.28856287  0.43241544 -0.01343404]
 [-0.42574341 -0.02303569  0.13349468  0.07269746  0.09837635]
 [ 0.10200159 -0.13403942 -0.05073537 -0.16961282  0.17370958]
 [ 0.33388185 -0.09174181  0.31578344  0.01739456 -0.226586  ]
 [-0.16078978 -0.0240196  -0.23349206  0.00755756  0.04151966]]
Matrix Pair 35; W = [[ 0.23546996  0.03038772  0.11335286 -0.10860746  0.14417312]
 [-0.02362652 -0.47169937 -0.12637263  0.22138832 -0.13939834]
 [-0.02233052  0.00914712 -0.08584979  0.12559093  0.06529554]
 [-0.05336492  0.0285236   0.20557993 -0.0967105  -0.01618675]
 [-0.04204162 -0.09455472 -0.20250679 -0.24548498  0.00699082]]
U = [[ 0.21284597  0.12098804  0.27992104  0.37152985  0.04887151]
 [-0.41160512 -0.02026925  0.0406593   0.16208256  0.09869728]
 [ 0.14633503 -0.08348667 -0.01715042 -0.20563344  0.14618935]
 [ 0.25839627 -0.02379927  0.34939096 -0.0518863  -0.191974  ]
 [-0.17329719 -0.06869487 -0.247807   -0.03251488  0.02136995]]
Matrix Pair 36; W = [[ 0.25729786 -0.02818506  0.06217678 -0.12429228  0.17334958]
 [-0.03697272 -0.45514089 -0.08824377  0.26361721 -0.11279144]
 [-0.058943    0.00772632 -0.0866635   0.12318761  0.00320055]
 [-0.0860895   0.01372782  0.15875363 -0.02022979 -0.04272382]
 [-0.05652171 -0.12852163 -0.2245997  -0.19231542  0.03055008]]
U = [[ 0.1568219   0.05459382  0.26018695  0.43517522  0.04125107]
 [-0.33048265 -0.02983371  0.1203957   0.0847801   0.08225781]
 [ 0.10749003 -0.09850715 -0.08841616 -0.18022407  0.20259069]
 [ 0.32191459 -0.0465478   0.30788736 -0.00807719 -0.1425645 ]
 [-0.13472227 -0.03006873 -0.26766946 -0.02365481  0.04337509]]
Matrix Pair 37; W = [[ 0.30412974 -0.0115109   0.10485943 -0.12466349  0.1845075 ]
 [-0.02359487 -0.46097312 -0.10011189  0.23672821 -0.15594131]
 [-0.07492643 -0.03656025 -0.07447184  0.1318704   0.05690573]
 [-0.05270321 -0.02632194  0.20153462 -0.04611185 -0.04961947]
 [-0.06391225 -0.05641957 -0.22389266 -0.2104365   0.07092678]]
U = [[ 0.1764456   0.08050184  0.26388113  0.3571132   0.04642867]
 [-0.32897018 -0.04387627  0.09022788  0.1282719   0.0660165 ]
 [ 0.07390761 -0.13918905 -0.08408084 -0.22635938  0.21767134]
 [ 0.25796246 -0.07766201  0.31005504 -0.06619888 -0.1747547 ]
 [-0.15492274 -0.04595218 -0.24046806 -0.07256676  0.08926263]]
Matrix Pair 38; W = [[ 0.29204439  0.00218783  0.12227249 -0.09822571  0.15822686]
 [-0.03555419 -0.39460764 -0.15515478  0.20888654 -0.10899814]
 [-0.07180366 -0.04018098 -0.04157981  0.09465069  0.0103921 ]
 [-0.04820601 -0.00478263  0.15021592 -0.11087058 -0.00222304]
 [-0.05699082 -0.11121804 -0.19368487 -0.18638336  0.06942874]]
U = [[ 0.11936615  0.05882571  0.22944619  0.41252908 -0.00678318]
 [-0.34126144 -0.08112305  0.07486306  0.0941141   0.0885291 ]
 [ 0.10144824 -0.11130489 -0.0881074  -0.17699915  0.15564908]
 [ 0.29272725 -0.08191724  0.29203591 -0.01102094 -0.21288799]
 [-0.13202204 -0.06117829 -0.27929027 -0.00313782  0.00123091]]
Matrix Pair 39; W = [[ 0.24479102 -0.0176023   0.10533433 -0.13750769  0.1212513 ]
 [-0.03913434 -0.42368002 -0.12115937  0.28219879 -0.14247339]
 [-0.02471659  0.01437158  0.00702177  0.13126872  0.09934558]
 [-0.10401321  0.05751748  0.13341829 -0.10949656 -0.02868764]
 [-0.03100047 -0.10944125 -0.16750981 -0.16561691  0.03257595]]
U = [[ 0.17699475  0.12679344  0.26025515  0.41133152 -0.02691434]
 [-0.35905543 -0.03652926  0.09574379  0.12109959  0.0553993 ]
 [ 0.10491439 -0.09221879 -0.10839742 -0.1613313   0.13662553]
 [ 0.29396197 -0.05073763  0.3438082  -0.02294445 -0.17720841]
 [-0.15097246 -0.08244951 -0.25192761 -0.02973437  0.08282864]]
Matrix Pair 40; W = [[ 0.29567661  0.01347986  0.08913635 -0.11594252  0.13363138]
 [-0.05984136 -0.4292996  -0.14585659  0.24059717 -0.07354232]
 [-0.01370561 -0.02971157 -0.07361598  0.1498853   0.03032408]
 [-0.11124519  0.02771238  0.20400543 -0.05133098 -0.01598588]
 [-0.0594915  -0.06527424 -0.20713491 -0.15877532  0.06473345]]
U = [[ 0.13335166  0.06054489  0.2616166   0.39289841  0.02364127]
 [-0.36686617 -0.05134563  0.12962588  0.12524223  0.03737985]
 [ 0.1146925  -0.07655263 -0.06971606 -0.21683489  0.13771828]
 [ 0.3182154  -0.02710898  0.31835698 -0.05241956 -0.22814263]
 [-0.10682629 -0.04257177 -0.2926113  -0.01977163 -0.00314349]]
Matrix Pair 41; W = [[ 0.26471652  0.00486502  0.06113939 -0.11939512  0.18672479]
 [-0.08678963 -0.4555991  -0.10811023  0.240638   -0.16573841]
 [-0.00723278 -0.01280728 -0.07728227  0.06464395  0.04577965]
 [-0.10113577 -0.00243181  0.13533099 -0.01555509  0.03044239]
 [-0.03073656 -0.04256972 -0.16080656 -0.22201649  0.07896279]]
U = [[ 0.20724363  0.10986125  0.22283893  0.3549458   0.02239845]
 [-0.41323358 -0.07550228  0.11871437  0.15964501  0.10458797]
 [ 0.14359965 -0.11318841 -0.0820338  -0.16274409  0.18308878]
 [ 0.31838642 -0.08723001  0.26869548  0.01690891 -0.17703283]
 [-0.10549571 -0.0370214  -0.2005347  -0.04347547  0.02997403]]
Matrix Pair 42; W = [[ 0.23899313  0.02855974  0.08893598 -0.16606148  0.15082871]
 [-0.09827334 -0.41101327 -0.06759528  0.18638852 -0.07215787]
 [-0.00814883 -0.05140117 -0.07459517  0.12218527  0.04537784]
 [-0.10841247 -0.01476713  0.11552002 -0.10407178 -0.04493255]
 [-0.04893056 -0.0754604  -0.13346001 -0.21652064  0.07112701]]
U = [[ 0.18782317  0.12398258  0.22563368  0.37426729  0.06216013]
 [-0.41654997 -0.02909034  0.12569705  0.13767164  0.1155618 ]
 [ 0.14049947 -0.09464582 -0.08537863 -0.21015251  0.21914946]
 [ 0.29605324 -0.0537376   0.34719252 -0.01761815 -0.20652531]
 [-0.16112113 -0.0544763  -0.2748778  -0.00898778 -0.00063929]]
Matrix Pair 43; W = [[ 0.27556691 -0.00776545  0.11649593 -0.18438213  0.1103196 ]
 [-0.03797395 -0.46822736 -0.07905665  0.26592491 -0.10049213]
 [-0.06055047  0.04259791 -0.04267558  0.15377283  0.06705322]
 [-0.09186226 -0.0329069   0.16479656 -0.06226301  0.01984821]
 [-0.02240134 -0.09273565 -0.20233877 -0.16800392  0.07322476]]
U = [[ 0.19340903  0.08846891  0.28210928  0.43196707  0.01757217]
 [-0.41041537 -0.06445412  0.08649433  0.10170394  0.09400768]
 [ 0.08995477 -0.13131088 -0.09588308 -0.17268118  0.21783774]
 [ 0.30418098 -0.08134924  0.34350104 -0.00394525 -0.19808144]
 [-0.14419677 -0.10022309 -0.24505458 -0.08079518  0.00386668]]
Matrix Pair 44; W = [[ 0.20947609  0.01313052  0.09795322 -0.10747432  0.16963669]
 [-0.10311261 -0.45901896 -0.11568952  0.1864087  -0.10078343]
 [-0.07466759 -0.03848574 -0.05181918  0.12369973  0.05222966]
 [-0.12126104 -0.02156571  0.13845839 -0.03609852 -0.02856335]
 [-0.04013584 -0.11991238 -0.21729818 -0.15882351  0.04602789]]
U = [[ 0.11760525  0.05803492  0.20418816  0.40608827 -0.02424812]
 [-0.37317901 -0.08464407  0.08197787  0.14985119  0.12292729]
 [ 0.06731391 -0.09731326 -0.08435264 -0.14344309  0.15222023]
 [ 0.3367887  -0.03519038  0.25946737 -0.01355355 -0.13732853]
 [-0.1127829  -0.07711906 -0.19583859 -0.05473811  0.01810285]]
Matrix Pair 45; W = [[ 0.25862376  0.03407651  0.07169235 -0.17031372  0.1864982 ]
 [-0.03713022 -0.44768469 -0.09518959  0.21444043 -0.13982437]
 [-0.04767067 -0.0168109  -0.05889502  0.07846381  0.07932797]
 [-0.04915188  0.04532967  0.17269599 -0.05137692 -0.06043057]
 [-0.08366117 -0.07909878 -0.13639781 -0.21983597  0.0637275 ]]
U = [[ 0.20454565  0.06956261  0.22230231  0.43585069 -0.00914909]
 [-0.38372053 -0.01676175  0.04539711  0.09102363  0.08784235]
 [ 0.08937889 -0.13730146 -0.08111496 -0.18323325  0.17827719]
 [ 0.34419692 -0.09306737  0.30344376 -0.04434091 -0.19076194]
 [-0.15583696 -0.0231645  -0.22873414 -0.08446019  0.06774698]]
Matrix Pair 46; W = [[ 0.2908072  -0.03543315  0.03524781 -0.14834158  0.14511308]
 [-0.0254065  -0.41461471 -0.09543855  0.2737321  -0.0823198 ]
 [-0.07232565  0.04282632 -0.07825247  0.13213627  0.01406707]
 [-0.10865944  0.05927923  0.15278909 -0.07239773 -0.0320369 ]
 [-0.04531185 -0.04961178 -0.22771811 -0.17452881 -0.00524907]]
U = [[ 0.14820707  0.11689566  0.24391059  0.42930251  0.05270737]
 [-0.424504   -0.03214695  0.10357215  0.1174914   0.05556258]
 [ 0.14181261 -0.09216716 -0.03939666 -0.20971374  0.14823104]
 [ 0.27146099 -0.10980891  0.27845475  0.01310741 -0.15865847]
 [-0.18961996 -0.07388406 -0.20387103 -0.02909854  0.04132482]]
Matrix Pair 47; W = [[ 0.22036588  0.03314569  0.08403295 -0.16253145  0.12834635]
 [-0.05160475 -0.3785124  -0.10065571  0.23112619 -0.1090197 ]
 [-0.00919566  0.00496777 -0.02405179  0.12888365  0.00622798]
 [-0.13213042  0.00256471  0.13832919 -0.02930633 -0.06189383]
 [-0.08274275 -0.03208493 -0.1374281  -0.18305683  0.06485153]]
U = [[ 0.11811279  0.11646353  0.25891211  0.42067205  0.05711035]
 [-0.35162095 -0.0610834   0.11704179  0.13732073  0.12524975]
 [ 0.14451555 -0.08701079 -0.05190798 -0.2003295   0.1878454 ]
 [ 0.3415394  -0.03849077  0.31917392  0.01848188 -0.1687482 ]
 [-0.14121047 -0.04499247 -0.21100285 -0.01248852  0.08911302]]
Matrix Pair 48; W = [[ 0.26921199 -0.03164449  0.06322162 -0.15889597  0.15531506]
 [-0.13342689 -0.41913563 -0.08333883  0.26199247 -0.05278324]
 [-0.12884098 -0.04447171 -0.04820929  0.08322434  0.00521826]
 [-0.10263777  0.00313015  0.20604714  0.02664526 -0.02125705]
 [-0.09979768 -0.10484236 -0.10262427 -0.12830621  0.05967382]]
U = [[ 0.10926455  0.09507354  0.13901338  0.35233323  0.0463271 ]
 [-0.42162965  0.00187323  0.09858773  0.14833173  0.11526272]
 [ 0.06959141 -0.17734818 -0.16764677 -0.17656056  0.17401953]
 [ 0.23479251 -0.09655336  0.26207228  0.06624295 -0.18781424]
 [-0.07650122  0.05266871 -0.24415319 -0.13469429  0.07365999]]
Matrix Pair 49; W = [[ 0.25137746 -0.06840897  0.08898061 -0.20743936  0.17296763]
 [-0.06423894 -0.37844568 -0.0131444   0.19863532 -0.12950959]
 [-0.0340207  -0.03674443 -0.10839238  0.10618545 -0.04191491]
 [-0.0366469   0.05374324  0.20721417  0.01664259 -0.03870206]
 [-0.07708382 -0.0643597  -0.1013327  -0.12646352  0.06651768]]
U = [[ 0.18118418  0.11043853  0.16473433  0.38924063  0.00755665]
 [-0.36835871  0.01439392  0.08418514  0.18469545  0.07159094]
 [ 0.12772685 -0.12527198 -0.10448336 -0.16519378  0.1719425 ]
 [ 0.303037   -0.12350787  0.23675497  0.02260696 -0.19528864]
 [-0.14992099  0.03445876 -0.2196081  -0.12137226  0.07737122]]
Matrix Pair 50; W = [[ 0.23588483  0.01703326  0.13400403 -0.13181064  0.16811486]
 [-0.05451136 -0.35147051 -0.05173736  0.16901095 -0.06627206]
 [-0.12191297  0.00947468 -0.10263481  0.09789198  0.00649045]
 [-0.09250238  0.01084164  0.18223459  0.02545037 -0.03709856]
 [-0.0870867  -0.10649395 -0.11304902 -0.09194012  0.08282487]]
U = [[ 0.11567972  0.10056751  0.13578522  0.39368202  0.06837343]
 [-0.37961763  0.03067076  0.10534383  0.13334827  0.0761061 ]
 [ 0.09001158 -0.14794278 -0.10937738 -0.14551674  0.14245249]
 [ 0.301311   -0.11789055  0.24663108  0.01280505 -0.22149883]
 [-0.08998563 -0.02465815 -0.23579906 -0.13059729  0.06527541]]
Matrix Pair 51; W = [[ 0.25825006 -0.02324717  0.13052378 -0.17820748  0.20381738]
 [-0.06516431 -0.41871277 -0.0890623   0.20705987 -0.0618646 ]
 [-0.12721208 -0.03148101 -0.0663852   0.03933882 -0.0337424 ]
 [-0.03431409  0.03451719  0.1938326  -0.03081865 -0.02536174]
 [-0.12412332 -0.11589136 -0.10446689 -0.13048506  0.07345101]]
U = [[ 0.13162198  0.12330761  0.21621723  0.30135328  0.03108042]
 [-0.34573697 -0.03456472  0.11236362  0.14963488  0.09894331]
 [ 0.05463348 -0.10916565 -0.13674782 -0.1415962   0.16247726]
 [ 0.23433537 -0.07091937  0.22689001  0.05589445 -0.22376444]
 [-0.15575664  0.01938492 -0.22208832 -0.04946053  0.05244423]]
Matrix Pair 52; W = [[ 0.26631095 -0.01276105  0.04522897 -0.2017173   0.1333415 ]
 [-0.05786099 -0.40365474 -0.04650008  0.25047737 -0.13778307]
 [-0.09679447  0.00461553 -0.02293906  0.04211398 -0.04274802]
 [-0.10624676  0.08617789  0.12814105  0.04443566  0.01402114]
 [-0.07755885 -0.14870038 -0.11290087 -0.15140009  0.1317442 ]]
U = [[ 0.19283749  0.13582991  0.12004774  0.39108174  0.03296679]
 [-0.36707336  0.01978998  0.06717482  0.18179636  0.0465543 ]
 [ 0.10284994 -0.13095741 -0.07929638 -0.17376084  0.16572389]
 [ 0.30242662 -0.1386521   0.2348057   0.02050522 -0.14476416]
 [-0.10611821 -0.01598783 -0.21526397 -0.08049646  0.08714534]]
Matrix Pair 53; W = [[ 0.27456571 -0.07863879  0.08676484 -0.11134596  0.12836976]
 [-0.04197345 -0.40834621 -0.00214595  0.23052279 -0.09407431]
 [-0.11453389 -0.04743707 -0.10735231  0.07790958 -0.00183143]
 [-0.037738    0.08777347  0.20629088 -0.0384723  -0.0697981 ]
 [-0.12221292 -0.0810779  -0.08597848 -0.16289357  0.10286271]]
U = [[ 0.17698576  0.10651935  0.12425511  0.34035397 -0.01358101]
 [-0.38836782  0.02089025  0.0562962   0.1707251   0.11213478]
 [ 0.12316682 -0.09141126 -0.0792267  -0.15045868  0.19627397]
 [ 0.28839978 -0.11620801  0.28390367 -0.01267284 -0.18493788]
 [-0.10525691  0.0271552  -0.22788633 -0.12151421  0.02500606]]
Matrix Pair 54; W = [[ 0.21921263 -0.00474454  0.13964056 -0.1965938   0.20380659]
 [-0.07929467 -0.4476629  -0.0710715   0.22866838 -0.0551493 ]
 [-0.11395573 -0.00104404 -0.02939341  0.04078331 -0.00110333]
 [-0.11446364  0.08203819  0.18541219  0.02574619 -0.03533732]
 [-0.04532633 -0.09815182 -0.15181595 -0.15275346  0.13319207]]
U = [[ 0.12923584  0.10576481  0.1168135   0.35580375 -0.02120754]
 [-0.42547538 -0.0055915   0.07842007  0.12622621  0.05773188]
 [ 0.10378833 -0.17624309 -0.09797686 -0.21584115  0.22808833]
 [ 0.25477707 -0.05605598  0.30121036  0.06444426 -0.20279783]
 [-0.13223496 -0.02675631 -0.23960011 -0.06139353  0.07958857]]
Matrix Pair 55; W = [[ 0.24083563 -0.06341928  0.09272246 -0.20854814  0.17152427]
 [-0.05660755 -0.3547846  -0.01924856  0.18849197 -0.10305341]
 [-0.10021636  0.00354965 -0.02238685  0.02759462 -0.01944953]
 [-0.03074933  0.041345    0.14073524  0.04340324  0.01347683]
 [-0.10082129 -0.12339133 -0.12166452 -0.08997561  0.06976791]]
U = [[ 0.12281246  0.07185422  0.19783896  0.38108828  0.03460739]
 [-0.42317111 -0.03134418  0.10158918  0.16371184  0.09571545]
 [ 0.11907421 -0.11397696 -0.11803383 -0.16370054  0.22049881]
 [ 0.30422336 -0.14308938  0.28559163  0.01943252 -0.2196516 ]
 [-0.11560744  0.01907331 -0.19188322 -0.08449699  0.06915991]]
Matrix Pair 56; W = [[ 0.19510058  0.0039851   0.09117693 -0.12442578  0.12329016]
 [-0.09730766 -0.41678287 -0.09120315  0.16857077 -0.07042416]
 [-0.07148549 -0.01743336 -0.07336459  0.03530304  0.02718301]
 [-0.10324095  0.05039441  0.16962248  0.00885718 -0.06962391]
 [-0.07107292 -0.14742984 -0.10103567 -0.11961448  0.04224208]]
U = [[ 0.18207555  0.06569803  0.17626577  0.32265942  0.05180982]
 [-0.36675999  0.00264286  0.05503226  0.12668338  0.07034448]
 [ 0.06080094 -0.16129    -0.08824569 -0.19601309  0.20972588]
 [ 0.31884162 -0.07291301  0.2338192  -0.00616548 -0.22982246]
 [-0.08898879 -0.01125571 -0.22617317 -0.12311549  0.03241015]]
Matrix Pair 57; W = [[ 0.23206699 -0.04197552  0.04817739 -0.18701691  0.21016992]
 [-0.09943549 -0.43895121 -0.09817017  0.22990405 -0.13238858]
 [-0.10565266 -0.03250509 -0.02701218  0.09733629  0.00792326]
 [-0.07970958  0.04998443  0.17921063 -0.04533215  0.01626598]
 [-0.10596952 -0.13993564 -0.14186782 -0.14022384  0.07470065]]
U = [[ 0.19138206  0.0791366   0.17530092  0.3159344   0.04363798]
 [-0.34760962 -0.05851084  0.10237522  0.19700046  0.09701963]
 [ 0.11776188 -0.17353906 -0.07673696 -0.20124761  0.20559976]
 [ 0.23051755 -0.10668555  0.27125073 -0.0049943  -0.19894521]
 [-0.12763806 -0.04455743 -0.19055172 -0.12911403  0.04589658]]
Matrix Pair 58; W = [[ 0.26909476  0.0170749   0.11329811 -0.12336905  0.15588952]
 [-0.10920672 -0.44941004 -0.01128349  0.23369956 -0.1406431 ]
 [-0.0498331   0.03459272 -0.09439669  0.07204592 -0.03015545]
 [-0.06940384  0.08306847  0.17250211  0.04262737 -0.05067152]
 [-0.12316971 -0.15378892 -0.1191679  -0.14505978  0.05680994]]
U = [[ 0.15108288  0.07858207  0.13657872  0.31916345  0.05854292]
 [-0.41249364  0.02054347  0.10880105  0.10661441  0.03929061]
 [ 0.04783729 -0.13269867 -0.16303816 -0.1926345   0.18199048]
 [ 0.24902336 -0.09361856  0.23046506  0.07637478 -0.15275124]
 [-0.08727833 -0.00978623 -0.19316403 -0.08672748  0.0130153 ]]
Matrix Pair 59; W = [[ 0.18470014 -0.02067583  0.14374968 -0.13366068  0.17580535]
 [-0.08968697 -0.3586003  -0.01482541  0.17261985 -0.13627381]
 [-0.07918249  0.0264253  -0.02388501  0.08760198 -0.0004698 ]
 [-0.10419639  0.06200456  0.12085286 -0.04164244 -0.01259643]
 [-0.09119359 -0.13150741 -0.1189708  -0.12268969  0.10657101]]
U = [[ 0.13663738  0.12532732  0.16344018  0.32593687  0.01898673]
 [-0.39085924  0.01683205  0.11687267  0.14675263  0.06348657]
 [ 0.13098277 -0.15456183 -0.16340663 -0.21088211  0.23286479]
 [ 0.29776522 -0.14304216  0.3192274   0.05412579 -0.23032507]
 [-0.09007816 -0.01642612 -0.2396993  -0.06239743  0.05685325]]
Matrix Pair 60; W = [[ 0.19976914 -0.01606085  0.06045456 -0.1424754   0.15969831]
 [-0.03795395 -0.39784691 -0.05316004  0.17021174 -0.05394177]
 [-0.07126478  0.04385718 -0.0705672   0.11231417 -0.02946823]
 [-0.07444358  0.05591481  0.18097029  0.03301215 -0.03965115]
 [-0.0281407  -0.11056066 -0.10731147 -0.18014695  0.08492008]]
U = [[ 0.12877669  0.06233646  0.19032009  0.31723925 -0.0138625 ]
 [-0.43518325 -0.03820013  0.09682777  0.13618587  0.03298998]
 [ 0.04650017 -0.09474238 -0.08932223 -0.19601454  0.14498182]
 [ 0.28596769 -0.05455456  0.27153036  0.04123961 -0.23376912]
 [-0.14167751  0.0117073  -0.19130992 -0.08942716  0.08046857]]
Matrix Pair 61; W = [[ 0.22571055 -0.063062    0.13967267 -0.12261051  0.15552973]
 [-0.12272551 -0.43613726 -0.01043608  0.24492766 -0.0836936 ]
 [-0.04328647  0.04608876 -0.04763381  0.08730621  0.01898494]
 [-0.08873339  0.00323735  0.17091372 -0.02799225  0.00351992]
 [-0.09403183 -0.1148134  -0.12920031 -0.09138515  0.10746341]]
U = [[ 0.11926468  0.10368999  0.14731298  0.37842392  0.07425415]
 [-0.36103565  0.02603759  0.12643423  0.17960564  0.07185177]
 [ 0.11754941 -0.14508474 -0.07917354 -0.22905488  0.18841787]
 [ 0.26452404 -0.0747471   0.22828742  0.05162914 -0.16789901]
 [-0.12127162  0.01831331 -0.21625187 -0.12861892  0.05858907]]
Matrix Pair 62; W = [[ 0.22268246 -0.08111277  0.04860636 -0.13806196  0.18079862]
 [-0.08159415 -0.35188118 -0.07255816  0.25081998 -0.07933986]
 [-0.07671057  0.01602924 -0.06612838  0.02447307 -0.02352032]
 [-0.05839715  0.04211919  0.21441411 -0.03822669 -0.06262084]
 [-0.02919535 -0.06224208 -0.14176758 -0.09223502  0.05805959]]
U = [[ 0.1926785   0.11781254  0.20977036  0.30921146  0.01259963]
 [-0.37987717  0.01442817  0.03515285  0.11931758  0.11257989]
 [ 0.0506211  -0.12588187 -0.10098904 -0.15873645  0.17843031]
 [ 0.26864246 -0.05579283  0.27944557 -0.01050578 -0.200168  ]
 [-0.1324636   0.05119709 -0.18001818 -0.09889028  0.07113478]]
Matrix Pair 63; W = [[ 0.18065575 -0.03795579  0.04813145 -0.18258134  0.15633418]
 [-0.10935206 -0.36771701 -0.03729667  0.21405106 -0.12769789]
 [-0.07407835  0.0465279  -0.08060619  0.03378518 -0.04097652]
 [-0.12025995  0.05162262  0.1519784  -0.02948439 -0.0284491 ]
 [-0.06172292 -0.06716901 -0.15189334 -0.16983832  0.11321671]]
U = [[ 0.17211486  0.09559427  0.13520115  0.35717691  0.04716417]
 [-0.38214337 -0.00537947  0.11259673  0.17889366  0.11361308]
 [ 0.09893729 -0.16593546 -0.12690724 -0.1626358   0.14061289]
 [ 0.24476745 -0.14884191  0.29615226  0.0767855  -0.23619391]
 [-0.15560274 -0.00782723 -0.25346097 -0.11851195  0.04704042]]
Matrix Pair 64; W = [[ 0.28218237 -0.10537915  0.06022653 -0.09129195  0.1444959 ]
 [ 0.02159576 -0.3704788  -0.05382811  0.27315202 -0.24707058]
 [-0.07761355  0.00402602 -0.05966501  0.13073195  0.02494557]
 [-0.07932723  0.07063721  0.11855908 -0.0331201   0.01335409]
 [-0.13538805 -0.12124555 -0.27984029 -0.09931512 -0.00922427]]
U = [[ 0.12973737 -0.02043566  0.29057116  0.33606777 -0.03800293]
 [-0.30937186 -0.06562112  0.13582078  0.03103559  0.13931212]
 [ 0.12516427 -0.09577473 -0.08464065 -0.24662475  0.1526986 ]
 [ 0.20606418 -0.01300763  0.29558414  0.03245234 -0.18122289]
 [-0.16854693  0.02291757 -0.19785853 -0.15023206  0.10828843]]
Matrix Pair 65; W = [[ 0.3268826  -0.11275959  0.07947932 -0.08418801  0.12602784]
 [-0.01696019 -0.39120375 -0.04365814  0.27560609 -0.25009862]
 [-0.13896827 -0.02759836 -0.15357951  0.07268344 -0.00039523]
 [-0.03340991  0.05805249  0.12956115 -0.03367832 -0.02499226]
 [-0.15486741 -0.06328982 -0.29011725 -0.1149533  -0.01146079]]
U = [[ 0.18901184  0.0064942   0.29439766  0.36635364 -0.02621358]
 [-0.36309663 -0.01128176  0.12642739  0.12000602  0.14472715]
 [ 0.12495954 -0.11228763 -0.15656874 -0.15952709  0.22421469]
 [ 0.21025168 -0.0787821   0.33010119  0.00114045 -0.19143475]
 [-0.14645506  0.06967692 -0.16321465 -0.12571851  0.02195546]]
Matrix Pair 66; W = [[ 0.31156059 -0.09169233  0.03298629 -0.09890359  0.14232181]
 [ 0.01458042 -0.36701738 -0.07587561  0.2599188  -0.21996688]
 [-0.063338    0.01283662 -0.13175276  0.17168908  0.0270701 ]
 [-0.10850687  0.01840021  0.13878395 -0.07215311  0.05581948]
 [-0.16076831 -0.0967753  -0.24565109 -0.1301707   0.06349735]]
U = [[ 0.09779154  0.03333781  0.25920367  0.31079385 -0.01178204]
 [-0.34136542 -0.03128213  0.11353117  0.11075126  0.13951881]
 [ 0.05635083 -0.13539414 -0.12390814 -0.21908777  0.16484173]
 [ 0.22021809 -0.07009671  0.27761261  0.00888745 -0.19492176]
 [-0.19732624 -0.00303888 -0.19222582 -0.15210515  0.08505932]]
Matrix Pair 67; W = [[ 0.31719222 -0.04333889  0.05289023 -0.13644273  0.13213641]
 [-0.0311961  -0.39235753 -0.01093575  0.28139779 -0.20837316]
 [-0.09156367 -0.01762097 -0.11175464  0.11323387  0.03813658]
 [-0.0507655   0.038769    0.17157337 -0.03561326 -0.02528776]
 [-0.0834589  -0.10426604 -0.25783317 -0.18386664  0.01649424]]
U = [[ 0.15781738 -0.00820073  0.30453884  0.3149584   0.02001869]
 [-0.37070085 -0.09212565  0.15087795  0.0820424   0.06707326]
 [ 0.11404004 -0.06618025 -0.12080432 -0.23097116  0.15011481]
 [ 0.23133102 -0.07000223  0.28605193  0.03402763 -0.25512961]
 [-0.20681192  0.02329646 -0.23054264 -0.15930377  0.07431351]]
Matrix Pair 68; W = [[ 0.26106434 -0.03734987  0.06315894 -0.09841949  0.20102971]
 [ 0.04366692 -0.37067226 -0.03177272  0.29475003 -0.16312156]
 [-0.12621485 -0.01807246 -0.06904526  0.12599225  0.02634283]
 [-0.05225498  0.05125582  0.14577913 -0.08421764  0.03900142]
 [-0.12842753 -0.10104886 -0.25103273 -0.11769883  0.07537873]]
U = [[ 0.11495961 -0.00732212  0.29945999  0.34663959 -0.02204282]
 [-0.36431982 -0.07131736  0.0980245   0.11533725  0.13985499]
 [ 0.07570194 -0.09410748 -0.10488865 -0.15551361  0.20761649]
 [ 0.18782668 -0.06903867  0.32219117  0.07605011 -0.22373136]
 [-0.2161437   0.00809601 -0.21434008 -0.14547578  0.05223845]]
Matrix Pair 69; W = [[ 0.24529197 -0.05158892  0.11508135 -0.1040801   0.18116819]
 [ 0.03545224 -0.32999269 -0.06123634  0.21206642 -0.25515891]
 [-0.07012749  0.00319456 -0.13679942  0.10986269  0.04895259]
 [-0.07177408  0.10723352  0.10560892 -0.05299106 -0.02947893]
 [-0.14072958 -0.05382034 -0.25902397 -0.15893553  0.03942996]]
U = [[ 0.15777238  0.04160991  0.25524622  0.36228069  0.0245561 ]
 [-0.36869648 -0.07576267  0.10237105  0.10122442  0.15113745]
 [ 0.11705331 -0.13282564 -0.06765651 -0.18653395  0.1995312 ]
 [ 0.26349835 -0.04016508  0.3445488   0.05567651 -0.26455185]
 [-0.13499181  0.00929452 -0.23629297 -0.12189443  0.05648176]]
Matrix Pair 70; W = [[ 0.33043848 -0.06087046  0.06305652 -0.12358509  0.16085602]
 [ 0.04763185 -0.32645427 -0.09429256  0.24610236 -0.20227231]
 [-0.04572178  0.05278711 -0.06607964  0.08604899  0.00889707]
 [-0.02603638  0.0985951   0.08650051 -0.11007137  0.03612033]
 [-0.11844457 -0.09718332 -0.2484682  -0.14647626  0.06860656]]
U = [[ 0.15330191 -0.00139869  0.3160107   0.3029928   0.02375506]
 [-0.37672229 -0.0558833   0.09500775  0.0804888   0.11001615]
 [ 0.06658331 -0.15230067 -0.13851383 -0.2325798   0.13487811]
 [ 0.1890091  -0.03400816  0.31003002 -0.00329792 -0.25652199]
 [-0.14034212 -0.01012751 -0.19474596 -0.16111049  0.08797587]]
Matrix Pair 71; W = [[ 0.32095993 -0.05990127  0.06202935 -0.12825657  0.17414107]
 [ 0.02577273 -0.36974024 -0.0479823   0.25434879 -0.18945563]
 [-0.11200738  0.00439029 -0.13716643  0.09708285 -0.00716427]
 [-0.02757444  0.04032869  0.15162554 -0.02486516  0.04337884]
 [-0.09515358 -0.12557355 -0.25279807 -0.10068933 -0.00501524]]
U = [[ 0.18325321  0.03712459  0.28207947  0.37721317 -0.03210411]
 [-0.36243427 -0.08371242  0.09030277  0.06006082  0.13616729]
 [ 0.10242782 -0.15966421 -0.11862651 -0.16038867  0.17637499]
 [ 0.23911492 -0.03441047  0.2701654  -0.01141155 -0.23001559]
 [-0.23045962 -0.00278111 -0.20717994 -0.14507253  0.04838477]]
Matrix Pair 72; W = [[ 0.28872774 -0.03644281  0.11376505 -0.07992872  0.18709174]
 [-0.02140371 -0.37514608 -0.01179781  0.21758305 -0.17697685]
 [-0.08060051 -0.01418579 -0.15322183  0.10034902  0.02368736]
 [-0.07814916  0.09447624  0.15283257 -0.0791969   0.01081657]
 [-0.16623116 -0.09324105 -0.26888591 -0.09735941 -0.01700935]]
U = [[ 0.17131956  0.02186106  0.22721852  0.37968637  0.02435966]
 [-0.32222194 -0.04836111  0.14866933  0.10723553  0.11909619]
 [ 0.04583681 -0.06740053 -0.07190032 -0.18136815  0.16644552]
 [ 0.21419351 -0.02090306  0.32890093  0.00380983 -0.20217632]
 [-0.22484979  0.02543106 -0.22317311 -0.17364876  0.05770368]]
Matrix Pair 73; W = [[ 0.29133423 -0.04710983  0.09765006 -0.12892882  0.21396402]
 [ 0.00124839 -0.38032806 -0.02936167  0.27577942 -0.22155998]
 [-0.11823741  0.0354633  -0.11318445  0.08176326  0.03497395]
 [-0.06199618  0.11038967  0.08871448 -0.07152046  0.01095042]
 [-0.13547631 -0.10044136 -0.22050918 -0.15015038  0.07174509]]
U = [[ 0.15780819 -0.00071441  0.29733425  0.34591627  0.00781035]
 [-0.34366993 -0.01371851  0.16436485  0.03255999  0.07092639]
 [ 0.1163566  -0.13767566 -0.14982423 -0.16473103  0.22016702]
 [ 0.20014692 -0.09668275  0.32844279  0.03258245 -0.27598797]
 [-0.19878056  0.05628591 -0.24656711 -0.15908634  0.02556579]]
Matrix Pair 74; W = [[ 0.3314814  -0.02491708  0.09132386 -0.17424186  0.12646313]
 [-0.02394979 -0.31974533  0.0042481   0.25880504 -0.21846101]
 [-0.08585273  0.01406403 -0.07459038  0.14618748  0.03541964]
 [-0.1001768   0.06026885  0.10208589 -0.01855796  0.02437158]
 [-0.130003   -0.05358235 -0.21099401 -0.18139384  0.05991339]]
U = [[ 0.10153281 -0.0319678   0.32312987  0.31662041  0.0082478 ]
 [-0.32457945 -0.01908393  0.16247109  0.11753336  0.12318727]
 [ 0.10675092 -0.0937775  -0.11516815 -0.17826693  0.14650559]
 [ 0.22516396 -0.05559717  0.33647263  0.07537106 -0.22067647]
 [-0.19543839 -0.0116063  -0.16997123 -0.10515375  0.08154258]]
Matrix Pair 75; W = [[ 0.31680283 -0.10471556  0.06688524 -0.13051588  0.11509737]
 [-0.0362264  -0.35133431 -0.04951826  0.22163092 -0.16806219]
 [-0.13508498  0.0434263  -0.1462152   0.11063114  0.03074902]
 [-0.07545637  0.0762432   0.10121173 -0.02857055  0.00887642]
 [-0.09072266 -0.07414131 -0.2898403  -0.16080783  0.06395477]]
U = [[ 0.12742443 -0.03015643  0.24943497  0.30683276 -0.01776239]
 [-0.35129564 -0.0304675   0.08969514  0.02992673  0.08482701]
 [ 0.06830796 -0.08269424 -0.07507905 -0.19628662  0.22591212]
 [ 0.27866729 -0.03258356  0.36457666  0.00823581 -0.20388843]
 [-0.13845081  0.00156605 -0.19459872 -0.08688337  0.08441809]]
Matrix Pair 76; W = [[ 0.33600219 -0.03722394  0.09448676 -0.10532225  0.20808036]
 [ 0.03804304 -0.33053547 -0.03674974  0.23677383 -0.19013008]
 [-0.10983526  0.0680378  -0.12500653  0.12825526 -0.00060032]
 [-0.04964693  0.06871673  0.16086796 -0.05197499  0.02638944]
 [-0.1688192  -0.10287678 -0.22727336 -0.17584567 -0.00553073]]
U = [[ 0.10846119 -0.03309524  0.26876884  0.29237617  0.00905   ]
 [-0.33158646 -0.07262668  0.15383879  0.07223673  0.08456692]
 [ 0.12550155 -0.11829673 -0.10123908 -0.22766438  0.18262284]
 [ 0.20885247 -0.03647136  0.36090716  0.06187426 -0.21156079]
 [-0.2075256   0.02996271 -0.17278304 -0.15833018  0.11208053]]
Matrix Pair 77; W = [[ 0.2606207  -0.02138544  0.03402425 -0.12417179  0.16132862]
 [-0.04695189 -0.38364915 -0.02554455  0.27742703 -0.22851212]
 [-0.06265889 -0.02232092 -0.05966488  0.08039524 -0.01420662]
 [-0.03487852  0.11313802  0.13286012 -0.06154701  0.01138922]
 [-0.12168954 -0.08059658 -0.23412935 -0.18210741  0.01014827]]
U = [[ 1.65765205e-01 -1.05530425e-02  2.36307905e-01  2.85428595e-01
   1.10114160e-02]
 [-3.54627305e-01  9.18586707e-05  1.12868419e-01  8.21479311e-02
   1.05322368e-01]
 [ 1.34782490e-01 -1.17992278e-01 -7.44938875e-02 -2.41473775e-01
   1.29630463e-01]
 [ 1.91591891e-01 -1.03288283e-01  2.96583909e-01  5.30030517e-04
  -2.13275138e-01]
 [-2.22262939e-01  3.28797557e-02 -2.17699936e-01 -1.04489356e-01
   7.23193293e-02]]
Matrix Pair 78; W = [[ 0.34379751 -0.02641095  0.08998903 -0.08648937  0.14729417]
 [-0.02718123 -0.32801664 -0.04383815  0.30155209 -0.19828541]
 [-0.11078564  0.06094234 -0.05829821  0.12868259 -0.00642435]
 [-0.06513494  0.11700271  0.15695598 -0.07237772  0.05337459]
 [-0.07417722 -0.07001844 -0.26308919 -0.11048025  0.03636547]]
U = [[ 0.18232241  0.02891634  0.26831861  0.31953431  0.02246304]
 [-0.38374912 -0.07076203  0.15687922  0.06765405  0.10034022]
 [ 0.14102166 -0.11410894 -0.15334568 -0.20399449  0.20835248]
 [ 0.28314079 -0.04295198  0.31022155  0.03313725 -0.19163887]
 [-0.14381639  0.04698272 -0.20015815 -0.16573577  0.09447943]]
Matrix Pair 79; W = [[ 0.30947355 -0.03543353  0.05956032 -0.12105683  0.17200579]
 [ 0.02891715 -0.34839396 -0.05059079  0.22507686 -0.16679669]
 [-0.09271209 -0.01995724 -0.06714569  0.07254509  0.00959673]
 [-0.05653567  0.09570883  0.15764986 -0.04653684 -0.01108846]
 [-0.12674384 -0.08243399 -0.27077416 -0.15461876  0.00677855]]
U = [[ 0.18412431  0.00660798  0.30713645  0.38353868 -0.0627903 ]
 [-0.30286636 -0.07318025  0.15890048  0.09288975  0.05143617]
 [ 0.0656945  -0.15109749 -0.06171671 -0.20117066  0.1439733 ]
 [ 0.23173286 -0.06550066  0.30745332  0.02986064 -0.187045  ]
 [-0.19315165  0.07359323 -0.17172067 -0.16275793  0.04304435]]
Matrix Pair 80; W = [[ 0.26390115 -0.07592493  0.04816801 -0.13197963  0.12419451]
 [-0.04033376 -0.41815376 -0.08883547  0.27407198 -0.10974849]
 [-0.12441851 -0.00773724 -0.05055846  0.17226357  0.01846902]
 [-0.0919673   0.003297    0.06166483 -0.00690295 -0.12723552]
 [-0.05081274 -0.14335916 -0.12042354 -0.16650915  0.05262633]]
U = [[ 0.11074273  0.05428416  0.23596175  0.33452782 -0.03199187]
 [-0.37396058 -0.08891147  0.08178673  0.05242464  0.12949702]
 [ 0.1220946  -0.09623409 -0.12663283 -0.17460006  0.16141829]
 [ 0.26068322 -0.08263358  0.29814452  0.06296595 -0.18459834]
 [-0.185125   -0.0249351  -0.24786081 -0.17213063  0.04502859]]
Matrix Pair 81; W = [[ 0.26491697 -0.06741005  0.06449554 -0.13011611  0.16775265]
 [-0.13248064 -0.41480171 -0.12530754  0.20618896 -0.11747753]
 [-0.07757168  0.04760375 -0.08785775  0.16362136 -0.03235539]
 [-0.04123967  0.09029835  0.09858986  0.03424149 -0.05730267]
 [-0.05612644 -0.05973393 -0.20087195 -0.14883112  0.0712025 ]]
U = [[ 0.08538005  0.05396973  0.1973893   0.3968927  -0.03553498]
 [-0.36924418 -0.08264916  0.09588144  0.03130232  0.11524335]
 [ 0.10052557 -0.10247305 -0.07664378 -0.22960948  0.14795431]
 [ 0.26178354 -0.11878513  0.28878032  0.00173442 -0.214266  ]
 [-0.16668968 -0.01876936 -0.22584776 -0.14794443 -0.01799698]]
Matrix Pair 82; W = [[ 0.2991678  -0.04042753  0.08866611 -0.106377    0.09564727]
 [-0.11073338 -0.38715211 -0.1203115   0.23500286 -0.1394747 ]
 [-0.10935132  0.03351065 -0.04411573  0.15143164  0.00175604]
 [-0.06909905  0.04155124  0.11670611  0.02298545 -0.08978094]
 [-0.07545936 -0.10345865 -0.18186905 -0.21958606  0.09412814]]
U = [[ 0.04924458 -0.01651242  0.21326082  0.32734518 -0.05124444]
 [-0.37529502 -0.04095763  0.13012897  0.03952351  0.05220105]
 [ 0.10022615 -0.14663506 -0.13251109 -0.20925126  0.10985478]
 [ 0.2403204  -0.12803651  0.26996373  0.06130473 -0.25057348]
 [-0.17745603  0.00939719 -0.24457769 -0.15545568 -0.02554666]]
Matrix Pair 83; W = [[ 0.28226504 -0.1209889   0.06089646 -0.13318503  0.1127342 ]
 [-0.09849451 -0.45126498 -0.03383122  0.20747934 -0.1433652 ]
 [-0.08036464 -0.00783474 -0.05051591  0.17286764  0.05098282]
 [-0.03982234  0.07543243  0.11802625  0.00234131 -0.06258503]
 [-0.1114193  -0.05140467 -0.19412232 -0.2054359   0.05152464]]
U = [[ 0.1285368  -0.00467828  0.24713697  0.40077661 -0.02449631]
 [-0.36481928 -0.04583202  0.06301055  0.00606479  0.0722542 ]
 [ 0.06905768 -0.101372   -0.11451884 -0.15154948  0.0741364 ]
 [ 0.21461371 -0.04510282  0.27487166 -0.0256631  -0.17919034]
 [-0.21987124 -0.01442595 -0.23689506 -0.09869804 -0.01817352]]
Matrix Pair 84; W = [[ 0.28476209 -0.03789152  0.13587205 -0.18448827  0.09425893]
 [-0.12403099 -0.41670346 -0.1233174   0.1941467  -0.08902632]
 [-0.12232244  0.03383557 -0.10905211  0.07642925  0.04158268]
 [-0.08543506  0.09481269  0.13092485 -0.03521743 -0.06309934]
 [-0.08576323 -0.07669415 -0.13109941 -0.16594222  0.09132609]]
U = [[ 0.06378508  0.00299848  0.23667924  0.3846454   0.02286468]
 [-0.37122306 -0.12605964  0.06579618  0.06771253  0.08881022]
 [ 0.09851785 -0.12245322 -0.09178805 -0.19590921  0.12752543]
 [ 0.26448589 -0.12731033  0.28965235  0.04473549 -0.18904204]
 [-0.23850762  0.02209753 -0.17735189 -0.16973065  0.0557186 ]]
Matrix Pair 85; W = [[ 0.28989679 -0.10505824  0.13251331 -0.13637486  0.07656226]
 [-0.08074541 -0.41641222 -0.06906196  0.22379912 -0.09685044]
 [-0.08581963  0.06782868 -0.09977254  0.09164092  0.04534859]
 [-0.09841851  0.00241985  0.13439901  0.00589008 -0.04110489]
 [-0.09427796 -0.11565673 -0.16549579 -0.19376706  0.13623006]]
U = [[ 0.05608632 -0.0051029   0.27809686  0.38493824 -0.03980471]
 [-0.35097761 -0.03876948  0.11336839  0.0500779   0.0588937 ]
 [ 0.10580885 -0.1535522  -0.08395788 -0.2107105   0.09919561]
 [ 0.18720727 -0.04507257  0.24256546  0.02808615 -0.18897105]
 [-0.18460739  0.00539726 -0.21281123 -0.1278662  -0.01428184]]
Matrix Pair 86; W = [[ 0.2450647  -0.10543781  0.05849991 -0.1099371   0.16957476]
 [-0.05015832 -0.4072086  -0.08799467  0.21090668 -0.14523177]
 [-0.07984888  0.07328776 -0.06898767  0.13149137 -0.02441332]
 [-0.12203474  0.07274529  0.13807036  0.05255853 -0.08789794]
 [-0.04180319 -0.1134777  -0.13137004 -0.15547684  0.13666575]]
U = [[ 0.07878117  0.03918048  0.20343537  0.39959915  0.0020762 ]
 [-0.34035513 -0.04962106  0.04944672  0.08880727  0.08470576]
 [ 0.14068923 -0.10347188 -0.15256084 -0.21634182  0.09095799]
 [ 0.20418513 -0.10362555  0.29685025  0.0293938  -0.22065143]
 [-0.18014703  0.04222171 -0.16173975 -0.1333576   0.04207757]]
Matrix Pair 87; W = [[ 0.32064412 -0.0592486   0.13320803 -0.10038794  0.1028716 ]
 [-0.09269203 -0.45448887 -0.06314201  0.21786793 -0.09538759]
 [-0.08362927  0.03463734 -0.1102789   0.14212316  0.01310115]
 [-0.07104263  0.04285267  0.10414064  0.01488846 -0.09091579]
 [-0.12934457 -0.13231256 -0.17618669 -0.13739904  0.09770342]]
U = [[ 0.07479732  0.00659888  0.24152488  0.39711611  0.01233317]
 [-0.32664844 -0.05480717  0.09021077  0.02709183  0.13417458]
 [ 0.15161099 -0.17951362 -0.08226689 -0.22997528  0.14292108]
 [ 0.24078648 -0.08288282  0.25430655  0.06514471 -0.20904985]
 [-0.18818067 -0.02435061 -0.2060484  -0.08385382 -0.00625902]]
Matrix Pair 88; W = [[ 0.2943757  -0.0956581   0.12775788 -0.09633167  0.17091765]
 [-0.09283308 -0.42633434 -0.08515541  0.23872356 -0.14684961]
 [-0.11989357 -0.00265115 -0.06892236  0.1498181   0.00754515]
 [-0.126729    0.08866504  0.05903031  0.03408231 -0.03503325]
 [-0.05399873 -0.14181715 -0.12088669 -0.16558019  0.10110614]]
U = [[ 0.08357135  0.00387019  0.29648388  0.41096872 -0.04680355]
 [-0.34636888 -0.08609678  0.07044889  0.06396083  0.10623391]
 [ 0.10973719 -0.15743005 -0.15384015 -0.21961352  0.12814741]
 [ 0.20712253 -0.11587689  0.32318688  0.06167735 -0.1926163 ]
 [-0.2392277  -0.01607    -0.20764782 -0.1081932  -0.0302965 ]]
Matrix Pair 89; W = [[ 0.32583603 -0.05669561  0.04631287 -0.13573397  0.12935688]
 [-0.05128158 -0.39466967 -0.0383501   0.22744879 -0.15355405]
 [-0.04432732  0.07217472 -0.04625245  0.16727046  0.0206325 ]
 [-0.04131123  0.03012461  0.11790238  0.01074147 -0.03313458]
 [-0.09062695 -0.0811106  -0.21416283 -0.1499033   0.07855292]]
U = [[ 0.04760307  0.0605911   0.22487427  0.37626611 -0.00937196]
 [-0.34467937 -0.10482496  0.13295057  0.03511475  0.12245445]
 [ 0.14807038 -0.18231106 -0.07470634 -0.22618407  0.08434272]
 [ 0.19675042 -0.0629451   0.25583092  0.02052455 -0.2356066 ]
 [-0.19900204  0.02879866 -0.18063446 -0.10672432 -0.02849971]]
Matrix Pair 90; W = [[ 0.2548607  -0.07062813  0.05504276 -0.12533128  0.11838573]
 [-0.13278919 -0.41050937 -0.04039271  0.21617122 -0.1636833 ]
 [-0.13207613  0.03790478 -0.05284849  0.09033936  0.03543367]
 [-0.10937938  0.04272552  0.08067885  0.0158849  -0.11792667]
 [-0.133477   -0.13942727 -0.20017709 -0.14785185  0.11762922]]
U = [[ 0.09687197  0.05709085  0.23582895  0.37289661  0.03241525]
 [-0.37067946 -0.11671044  0.07122837  0.00830131  0.12084026]
 [ 0.11724789 -0.18750492 -0.1077312  -0.21138341  0.07126916]
 [ 0.18842602 -0.08968343  0.27830869  0.06879801 -0.16579735]
 [-0.19774793  0.00815976 -0.21558367 -0.10829995 -0.03624337]]
Matrix Pair 91; W = [[ 0.26590995 -0.12334025  0.13286076 -0.16726297  0.11171389]
 [-0.12271722 -0.39925248 -0.08279275  0.24566554 -0.12513773]
 [-0.10061106  0.00338328 -0.083426    0.10313912  0.02571372]
 [-0.06651806  0.03107851  0.10907672  0.04415206 -0.10931175]
 [-0.12437789 -0.06760961 -0.14714287 -0.21046665  0.13714289]]
U = [[ 0.06668436  0.03502717  0.25364551  0.38402036 -0.00843501]
 [-0.39551357 -0.08869381  0.10957284  0.00261333  0.07060726]
 [ 0.14108438 -0.14295262 -0.15285832 -0.21843879  0.09767261]
 [ 0.17850875 -0.03513595  0.32779808  0.00061942 -0.20378245]
 [-0.21043255 -0.02965382 -0.20343594 -0.1678049   0.05727304]]
Matrix Pair 92; W = [[ 0.23769144 -0.03568875  0.12718531 -0.09932397  0.14273801]
 [-0.11833909 -0.41389077 -0.09482688  0.22139308 -0.10413193]
 [-0.13057144  0.00765255 -0.0457246   0.15130821 -0.02481251]
 [-0.03593085  0.04317356  0.14203567  0.04316655 -0.07791604]
 [-0.13036261 -0.1297646  -0.19739699 -0.18233434  0.11840015]]
U = [[ 0.10454362  0.07060146  0.27278718  0.37647898  0.00315081]
 [-0.39491771 -0.1143953   0.0940818   0.02754977  0.11991394]
 [ 0.06893951 -0.14399952 -0.09226351 -0.22815742  0.15585196]
 [ 0.24243203 -0.05456015  0.2558358   0.06554923 -0.23453379]
 [-0.17660008 -0.02850136 -0.20481159 -0.11272233  0.04966274]]
Matrix Pair 93; W = [[ 0.30537424 -0.03301696  0.08838847 -0.18190952  0.16167788]
 [-0.06579647 -0.37817151 -0.09377037  0.2806859  -0.14724901]
 [-0.07358079  0.01854336 -0.10972967  0.12155822  0.02990474]
 [-0.11352947  0.0150817   0.09004887 -0.02800658 -0.09860862]
 [-0.07446305 -0.06607174 -0.16020765 -0.16304916  0.09596019]]
U = [[ 0.1034339   0.06228731  0.21602279  0.40724489 -0.03937631]
 [-0.30366421 -0.05109257  0.08954538  0.01505144  0.053925  ]
 [ 0.08175302 -0.18835161 -0.15789861 -0.24181586  0.14914785]
 [ 0.23609646 -0.06155111  0.28176668  0.05496159 -0.2071763 ]
 [-0.16372641 -0.00874435 -0.23170239 -0.1719802  -0.02741255]]
Matrix Pair 94; W = [[ 2.94565651e-01 -7.98322914e-02  4.98252848e-02 -1.02800891e-01
   1.39666704e-01]
 [-8.60761844e-02 -4.26760953e-01 -5.41933774e-02  1.93241097e-01
  -1.27912996e-01]
 [-1.15153054e-01  1.21851752e-02 -6.69249000e-02  8.09780926e-02
  -5.98894448e-05]
 [-6.11755139e-02  8.24424010e-02  1.06822390e-01  2.40583948e-03
  -1.20797375e-01]
 [-5.34680252e-02 -8.86458863e-02 -2.08379712e-01 -1.36036067e-01
   8.66600307e-02]]
U = [[ 0.07114879  0.05294029  0.28756841  0.33012355 -0.04098401]
 [-0.38272222 -0.11431526  0.07415471  0.03495571  0.09825048]
 [ 0.15088155 -0.14884289 -0.10508251 -0.15643655  0.13348392]
 [ 0.20373358 -0.11018009  0.24721972 -0.02761519 -0.15640382]
 [-0.17024569 -0.04498513 -0.1982107  -0.10168536  0.01020899]]
Matrix Pair 95; W = [[ 0.31461782 -0.06549681  0.13536862 -0.09438736  0.14852471]
 [-0.09855646 -0.42837641 -0.11500261  0.27824816 -0.10742982]
 [-0.10117964  0.03590509 -0.10631817  0.1602768   0.0458701 ]
 [-0.12999907  0.00883307  0.15594791  0.05029129 -0.08820518]
 [-0.09311903 -0.05338209 -0.13758934 -0.16753259  0.13603906]]
U = [[ 0.09584016  0.05646631  0.2510349   0.40654377  0.04576181]
 [-0.35244303 -0.03876903  0.06464729  0.05833565  0.05865186]
 [ 0.12429659 -0.17690028 -0.12187542 -0.17570663  0.14167038]
 [ 0.20214404 -0.10507244  0.25490299  0.00897704 -0.18670935]
 [-0.21833192 -0.01524238 -0.17411197 -0.15718274  0.0049387 ]]
Matrix Pair 96; W = [[ 0.24672074 -0.0618201   0.07374736 -0.15156029  0.18333756]
 [-0.00207581 -0.39478241 -0.11129365  0.2265406  -0.0957434 ]
 [-0.06724881  0.016675   -0.16369571  0.05263014 -0.01509956]
 [-0.02576223  0.0822023   0.12161501 -0.04024461 -0.00075193]
 [-0.11757896 -0.1352938  -0.19783379 -0.19011718  0.06743992]]
U = [[ 0.18303447  0.03236805  0.19668673  0.36273192 -0.01657921]
 [-0.38572387 -0.05711308  0.07865542  0.04205614  0.09793698]
 [ 0.10001134 -0.15072866 -0.13970133 -0.18986811  0.19113195]
 [ 0.27128876 -0.10692039  0.31072512  0.00462971 -0.19837945]
 [-0.11085741 -0.03736691 -0.12382569 -0.14254688  0.0056641 ]]
Matrix Pair 97; W = [[ 0.2422811  -0.06369212  0.0511967  -0.10751975  0.21907779]
 [-0.03456471 -0.41420982 -0.09422257  0.29696267 -0.05209313]
 [-0.11718355  0.01572142 -0.14954536  0.04869011 -0.08137378]
 [-0.09496535  0.00989574  0.16506733 -0.08930647 -0.04073933]
 [-0.11209847 -0.09279868 -0.21981398 -0.11874482  0.11812802]]
U = [[ 0.1912112   0.06422123  0.21860121  0.3370982  -0.02789292]
 [-0.3065762  -0.01886918  0.12393276  0.05374412  0.11485967]
 [ 0.10458161 -0.14815546 -0.16171369 -0.21857458  0.2278628 ]
 [ 0.23485911 -0.06872613  0.2874571   0.01145827 -0.2407875 ]
 [-0.15877393 -0.03587585 -0.1725238  -0.10915847  0.0444735 ]]
Matrix Pair 98; W = [[ 2.35416997e-01  8.55736703e-03  1.13683990e-01 -1.44340063e-01
   2.10449056e-01]
 [-2.09868009e-02 -3.70118296e-01 -5.16876119e-02  3.02762310e-01
  -7.09815264e-02]
 [-5.71814340e-02 -2.73273065e-04 -9.05935561e-02  8.97569970e-02
  -2.98025960e-02]
 [-7.08434127e-02  4.56478897e-02  1.50327767e-01 -2.07044730e-02
  -3.49608640e-02]
 [-8.87528903e-02 -1.70729080e-01 -2.01259980e-01 -1.58828427e-01
   9.75043508e-02]]
U = [[ 0.16291228  0.05251596  0.20316638  0.28685604 -0.09497956]
 [-0.31109984 -0.06892394  0.09085319  0.06527361  0.0498972 ]
 [ 0.13538921 -0.08747151 -0.14330141 -0.22171422  0.1635081 ]
 [ 0.2452877  -0.14814886  0.26184587  0.05094318 -0.17732057]
 [-0.11011867 -0.05827082 -0.12342168 -0.10020438  0.01272444]]
Matrix Pair 99; W = [[ 0.23785353  0.00805999  0.02956093 -0.15867339  0.15641963]
 [ 0.01645188 -0.39535595 -0.08056165  0.30060741 -0.09952726]
 [-0.05902149 -0.02744706 -0.09958844  0.09479443 -0.01539777]
 [-0.09959495  0.03950438  0.15364479 -0.0232081  -0.05067297]
 [-0.13581628 -0.11172989 -0.23616251 -0.13246629  0.0236377 ]]
U = [[ 0.10496393  0.08836009  0.22300885  0.32580322 -0.03643904]
 [-0.33510955 -0.07719867  0.1386657   0.1078288   0.10962952]
 [ 0.11769008 -0.09821793 -0.11284981 -0.21044351  0.19272164]
 [ 0.24225626 -0.1257393   0.28863244  0.0418372  -0.22937517]
 [-0.12795898 -0.05466165 -0.17791888 -0.10182154  0.07355626]]
Matrix Pair 100; W = [[ 0.31088805 -0.05476388  0.10116245 -0.18358197  0.23398299]
 [ 0.00535592 -0.39424103 -0.05023508  0.28280593 -0.06251078]
 [-0.04950946  0.0443928  -0.12269505  0.12481338  0.00323679]
 [-0.03891346  0.05599596  0.11502295 -0.05201414 -0.01422837]
 [-0.11144433 -0.15843402 -0.19052651 -0.14551283  0.10263593]]
U = [[ 0.1858614   0.02072032  0.23869498  0.35750845 -0.07074855]
 [-0.33967876  0.00160006  0.10979521  0.07057407  0.05574405]
 [ 0.08986117 -0.06913862 -0.07870199 -0.19944721  0.21633405]
 [ 0.20808583 -0.07987911  0.28107394  0.09658473 -0.24213926]
 [-0.11229776 -0.01560418 -0.13126091 -0.05917768 -0.00566011]]
Matrix Pair 101; W = [[ 0.21736946  0.0310122   0.04576294 -0.15939917  0.19063428]
 [-0.00919905 -0.3941605  -0.06106168  0.2809444  -0.06155796]
 [-0.1104095  -0.01413253 -0.10508075  0.05247991 -0.08173841]
 [-0.0713059   0.03917404  0.16224868 -0.07593401 -0.02483988]
 [-0.08038052 -0.168857   -0.21623655 -0.15548731  0.03103884]]
U = [[ 0.10503509  0.03552709  0.22842619  0.3577422  -0.03597067]
 [-0.31333496 -0.03919433  0.10777376  0.08494009  0.07650076]
 [ 0.11294529 -0.1174033  -0.14143348 -0.2213412   0.23098483]
 [ 0.23221758 -0.1083765   0.33567374  0.03529611 -0.2377085 ]
 [-0.09826312  0.00693201 -0.19584524 -0.10982823  0.07389906]]
Matrix Pair 102; W = [[ 0.26088847  0.03327254  0.03821993 -0.19417788  0.21176242]
 [-0.03745589 -0.35626368 -0.05747587  0.30803244 -0.04694634]
 [-0.07114697  0.00415815 -0.14460103  0.06130828 -0.04063499]
 [-0.05614569  0.05686965  0.15050079 -0.0395944  -0.07511487]
 [-0.13677491 -0.13889785 -0.18460171 -0.11251343  0.08370377]]
U = [[ 0.16224555  0.102929    0.2073441   0.37725229 -0.02464588]
 [-0.31210597 -0.04306516  0.0901542   0.10047608  0.08447496]
 [ 0.11116886 -0.06532135 -0.14656329 -0.17163082  0.13896822]
 [ 0.26432392 -0.08267416  0.27565327  0.02009325 -0.19817121]
 [-0.16648533 -0.04071571 -0.19050833 -0.05399233  0.00800835]]
Matrix Pair 103; W = [[ 0.25313556 -0.05115953  0.0409537  -0.13897572  0.18216783]
 [-0.04776891 -0.43869864 -0.11377355  0.30927933 -0.05789284]
 [-0.05709897  0.04045367 -0.13453741  0.07019595 -0.04007638]
 [-0.10709175  0.00996434  0.21295952 -0.03925552 -0.0702339 ]
 [-0.1007447  -0.10825175 -0.25308362 -0.11799864  0.04867455]]
U = [[ 0.10129515  0.08686124  0.18821202  0.29904752 -0.0107099 ]
 [-0.31855925 -0.00501704  0.09258387  0.04632055  0.04886185]
 [ 0.07589768 -0.06694564 -0.14706628 -0.22353435  0.14736956]
 [ 0.21745925 -0.09474081  0.30384957  0.02407008 -0.25905556]
 [-0.16247207 -0.02486947 -0.18671271 -0.06920594 -0.00229438]]
Matrix Pair 104; W = [[ 0.28817042  0.01351679  0.10015617 -0.17988996  0.22414654]
 [ 0.00451044 -0.35457423 -0.06304099  0.25991379 -0.04168326]
 [-0.06017999 -0.00506992 -0.13481257  0.07217126 -0.08590994]
 [-0.06810872  0.01663638  0.21021162 -0.02057978 -0.05195305]
 [-0.07926351 -0.14515213 -0.26421322 -0.11461256  0.05856509]]
U = [[ 0.13919145  0.04000013  0.19230841  0.36208459 -0.05225711]
 [-0.32060181 -0.08913417  0.13379703  0.07700589  0.05421102]
 [ 0.08850023 -0.06601293 -0.10758355 -0.18125639  0.23651488]
 [ 0.27353397 -0.08989389  0.30083459  0.09209586 -0.26323023]
 [-0.14655035 -0.0141593  -0.14390841 -0.14239913  0.02519256]]
Matrix Pair 105; W = [[ 0.30357575 -0.00727168  0.03973117 -0.14976266  0.16395002]
 [-0.04297072 -0.43325956 -0.09204809  0.24859095 -0.12385679]
 [-0.09887879  0.02853621 -0.10003169  0.09129284 -0.02606467]
 [-0.1142676   0.06427232  0.15314894 -0.03742033 -0.04713364]
 [-0.10288977 -0.17305523 -0.20575948 -0.12303745  0.08685797]]
U = [[ 0.16388531  0.02152969  0.22160949  0.31267001 -0.04408884]
 [-0.31237134 -0.0517551   0.04632377  0.05346672  0.12828153]
 [ 0.14174388 -0.10955859 -0.14780079 -0.16973738  0.23120046]
 [ 0.27912944 -0.06839072  0.2870063   0.03989181 -0.24979022]
 [-0.15854128  0.00369834 -0.17886492 -0.07269306  0.07388213]]
Matrix Pair 106; W = [[ 0.31224253 -0.02813646  0.06534851 -0.14279436  0.19141735]
 [-0.06427474 -0.42454803 -0.13843605  0.26521442 -0.10193556]
 [-0.09700121 -0.02775167 -0.12521091  0.06608842 -0.05324626]
 [-0.05928276  0.02412269  0.16230924 -0.08736072 -0.08973009]
 [-0.13872105 -0.12793737 -0.20705953 -0.16509859  0.10296185]]
U = [[ 0.13135037  0.0059914   0.19777011  0.33055181 -0.04840999]
 [-0.3543057  -0.08333429  0.06243676  0.09858564  0.13908135]
 [ 0.1403449  -0.1015529  -0.09784935 -0.18501972  0.19746135]
 [ 0.19638371 -0.12290114  0.3354096   0.02250355 -0.20317019]
 [-0.09341641 -0.07494264 -0.21606516 -0.0851075   0.07479604]]
Matrix Pair 107; W = [[ 0.23032524 -0.02758739  0.02701321 -0.11706271  0.18922293]
 [-0.06449361 -0.41407346 -0.09669451  0.28867037 -0.05400016]
 [-0.02711662  0.03494886 -0.13559015  0.08432889 -0.03450548]
 [-0.02560162  0.06414051  0.17435383 -0.05548237 -0.01271117]
 [-0.05821213 -0.10017736 -0.19304515 -0.18984433  0.0611931 ]]
U = [[ 0.18836787  0.0700083   0.24417064  0.36107044 -0.01347183]
 [-0.32573513 -0.06311884  0.04521521  0.0325174   0.08176781]
 [ 0.11005793 -0.08324537 -0.07909281 -0.20120637  0.19039597]
 [ 0.20405768 -0.15487723  0.27794971  0.07950457 -0.17115117]
 [-0.10520894 -0.07890524 -0.15371928 -0.09841809  0.0832289 ]]
Matrix Pair 108; W = [[ 0.25957885 -0.02315569  0.04835851 -0.1258146   0.22436327]
 [-0.05878738 -0.36667858 -0.09037106  0.22529823 -0.06125772]
 [-0.09121411  0.03915867 -0.11787425  0.09920384 -0.09045274]
 [-0.0441154   0.0161027   0.18845276 -0.06133361 -0.02874066]
 [-0.07550715 -0.10808034 -0.2628973  -0.1675202   0.09115267]]
U = [[ 0.16790639  0.03130426  0.23657123  0.3626617  -0.03433482]
 [-0.30424261 -0.04796962  0.05890989  0.094561    0.06663546]
 [ 0.05053509 -0.13228081 -0.1457774  -0.17098807  0.19853033]
 [ 0.27415542 -0.15021165  0.26566636  0.03046659 -0.17296937]
 [-0.14887302  0.00268455 -0.13770329 -0.06202634  0.01695946]]
Matrix Pair 109; W = [[ 0.28406034 -0.0408493   0.1209272  -0.19336752  0.23635222]
 [ 0.01488897 -0.39938033 -0.07139076  0.27966853 -0.05353078]
 [-0.06822817  0.0039358  -0.14297179  0.1254453  -0.03826023]
 [-0.05511886  0.00184635  0.19476426 -0.05190053 -0.07343351]
 [-0.10936841 -0.14178327 -0.18752171 -0.16034564  0.11314254]]
U = [[ 0.16557115  0.0220043   0.18689408  0.35681068 -0.08140155]
 [-0.33429749 -0.0875978   0.09414005  0.01202579  0.07353371]
 [ 0.06899858 -0.07652065 -0.06462776 -0.21028253  0.23476034]
 [ 0.28605938 -0.16435079  0.33307084  0.09662684 -0.20908721]
 [-0.16022952 -0.07491417 -0.18661597 -0.12496685  0.07280498]]
Matrix Pair 110; W = [[ 0.30983873  0.0358181   0.09899584 -0.18766305  0.15910641]
 [ 0.01273728 -0.42885511 -0.11712244  0.26961739 -0.04774157]
 [-0.08210104 -0.01906053 -0.14896798  0.08740875 -0.00656856]
 [-0.02105914 -0.01595466  0.13848934 -0.02987593 -0.08759964]
 [-0.09825393 -0.15407192 -0.20954447 -0.16167071  0.07112317]]
U = [[ 0.14649794  0.01773373  0.22669882  0.37601132 -0.07477933]
 [-0.35090461 -0.00289148  0.11158179  0.01647425  0.11693911]
 [ 0.07559649 -0.06982544 -0.10926254 -0.15438584  0.22887779]
 [ 0.26647993 -0.11894536  0.31238705  0.08136608 -0.21453522]
 [-0.15869596 -0.01213735 -0.15073719 -0.07562101  0.00936903]]
Matrix Pair 111; W = [[ 0.29192207  0.01143827  0.07085302 -0.15541599  0.18512985]
 [-0.02230111 -0.42209677 -0.07202233  0.28391861 -0.05681393]
 [-0.10404171 -0.04403457 -0.14362513  0.12202819 -0.09366888]
 [-0.03348227  0.01254483  0.14819814 -0.08496034 -0.01549703]
 [-0.08530647 -0.1303437  -0.27226656 -0.15089252  0.11624291]]
U = [[ 0.18551946  0.07856653  0.20173191  0.31285065 -0.08629317]
 [-0.33929591 -0.04903038  0.0831377   0.09465313  0.12496557]
 [ 0.06336399 -0.12572245 -0.1269164  -0.17337961  0.20257888]
 [ 0.263584   -0.08589481  0.26073434  0.03569308 -0.24590576]
 [-0.17698422 -0.05201183 -0.12993271 -0.0469578   0.05940166]]
Matrix Pair 112; W = [[ 0.31851561 -0.10426283  0.07342561 -0.16870298  0.16487338]
 [-0.01127113 -0.34297497 -0.09718509  0.29753337 -0.14224163]
 [-0.05491273  0.0348272  -0.05911992  0.05764736  0.06852017]
 [-0.09393904  0.07583076  0.19828427 -0.03490937  0.04819277]
 [-0.08848581 -0.15121506 -0.24032218 -0.19362147  0.08531971]]
U = [[ 0.1709591   0.04797477  0.19669753  0.33334667 -0.00402564]
 [-0.39183361 -0.05432024  0.02914046  0.02956528  0.08628029]
 [ 0.06143041 -0.12072594 -0.16601684 -0.13808761  0.16633604]
 [ 0.25390405 -0.09753001  0.29568021 -0.01306444 -0.19232102]
 [-0.115154   -0.02777189 -0.21204559 -0.07322074  0.11336609]]
Matrix Pair 113; W = [[ 0.27009904 -0.05458764  0.06626736 -0.22623476  0.16104517]
 [-0.04796583 -0.36658631 -0.07094426  0.33006917 -0.12744633]
 [-0.06467006  0.01665783 -0.05101072  0.10090011  0.04752763]
 [-0.026375    0.03143981  0.20428773 -0.12194149  0.05285747]
 [-0.13537829 -0.12379284 -0.18029892 -0.20961356  0.00424941]]
U = [[ 0.11486962  0.0442377   0.21146049  0.33702989 -0.01628683]
 [-0.38834393 -0.07943402  0.0457858   0.11403273  0.10694154]
 [ 0.10902134 -0.15088803 -0.19684801 -0.17589006  0.15018066]
 [ 0.26209886 -0.09140834  0.2594164  -0.00610108 -0.22406842]
 [-0.14891504 -0.04513702 -0.23608211 -0.06003299  0.04616728]]
Matrix Pair 114; W = [[ 0.28472226 -0.09252285  0.10045054 -0.15545255  0.22128571]
 [-0.05705845 -0.31381089 -0.09641741  0.26807153 -0.10102606]
 [-0.12124287  0.06024318 -0.03147578  0.10035333 -0.00298879]
 [-0.10078219  0.0787285   0.16416006 -0.10382445  0.01651349]
 [-0.17961417 -0.1182591  -0.21469142 -0.18403906  0.09804588]]
U = [[ 0.09386648 -0.01235393  0.23975016  0.38423781  0.02978512]
 [-0.36244519 -0.07872951  0.12418669  0.08408823  0.08038472]
 [ 0.14037004 -0.19668881 -0.1226659  -0.22370174  0.17912951]
 [ 0.28589431 -0.09975339  0.27717077  0.05500161 -0.18451706]
 [-0.16086801 -0.00044513 -0.19728386 -0.08469364  0.04278133]]
Matrix Pair 115; W = [[ 0.31745791 -0.09331587  0.07424006 -0.19770328  0.13331782]
 [-0.06161682 -0.35431209 -0.07098056  0.34458177 -0.16962327]
 [-0.11019511  0.01865389 -0.05848331  0.04183374  0.01627065]
 [-0.11794892  0.09798107  0.13758689 -0.1174499   0.046247  ]
 [-0.13022701 -0.16204618 -0.25720021 -0.17091482  0.03113783]]
U = [[ 0.15091599  0.01134719  0.21737032  0.39039205  0.03284838]
 [-0.31827397 -0.07753465  0.08117737  0.11873814  0.09067796]
 [ 0.0769117  -0.10557241 -0.12818065 -0.21880513  0.22221231]
 [ 0.2675759  -0.08194661  0.25924537 -0.02404133 -0.19624637]
 [-0.09397738  0.04289624 -0.21429297 -0.07769472  0.12771756]]
Matrix Pair 116; W = [[ 0.31761631 -0.11491604  0.14186346 -0.18142137  0.17234471]
 [-0.01870999 -0.34368693 -0.14289863  0.28837689 -0.16781755]
 [-0.0321582   0.06130441 -0.0995876   0.09487082  0.00055565]
 [-0.03409813  0.02946225  0.13243598 -0.07994797  0.04331696]
 [-0.12206555 -0.07658384 -0.22799406 -0.13771715  0.08009593]]
U = [[ 0.16383405 -0.03878816  0.20871499  0.31526733 -0.02886031]
 [-0.34361288 -0.05253872  0.10151407  0.09041264  0.0695038 ]
 [ 0.06021457 -0.10942604 -0.15587072 -0.21495386  0.22978897]
 [ 0.26484287 -0.03363436  0.24742235  0.03012583 -0.2380155 ]
 [-0.10430284 -0.02384461 -0.27497572 -0.06663985  0.09187923]]
Matrix Pair 117; W = [[ 0.3294684  -0.100158    0.06811804 -0.19770235  0.16505604]
 [-0.02520891 -0.34094854 -0.08492223  0.30961842 -0.13020944]
 [-0.0788993   0.04607788 -0.112201    0.0666144  -0.01630832]
 [-0.12010483  0.06669188  0.19830995 -0.05648888  0.04544046]
 [-0.13889595 -0.15231083 -0.19456305 -0.20382089  0.01715162]]
U = [[ 0.1072483   0.02780715  0.22625386  0.37384401 -0.01747221]
 [-0.31246321 -0.11299156  0.04102237  0.10669907  0.12352742]
 [ 0.04916177 -0.17664544 -0.17904568 -0.22096214  0.23248873]
 [ 0.31530011 -0.05524283  0.25864598  0.06236642 -0.17674119]
 [-0.1488998   0.03742947 -0.21580893 -0.1404232   0.03272898]]
Matrix Pair 118; W = [[ 0.25041777 -0.06545488  0.05602945 -0.19820539  0.16959169]
 [-0.07761076 -0.34685308 -0.09712067  0.28611627 -0.15356025]
 [-0.10581883  0.02943334 -0.02126731  0.06927797  0.04160507]
 [-0.06389563  0.06720255  0.16046678 -0.12113106 -0.03324133]
 [-0.13235961 -0.07257253 -0.26210527 -0.13278764  0.03575318]]
U = [[ 0.11607421  0.03421132  0.19221052  0.31611275 -0.0026385 ]
 [-0.34100749 -0.06115237  0.08441199  0.11466624  0.06714906]
 [ 0.06772029 -0.16216701 -0.15319491 -0.21207754  0.13654263]
 [ 0.25735663 -0.00775187  0.33506963  0.03561139 -0.18925703]
 [-0.1615788  -0.04738921 -0.26243664 -0.13226592  0.11115108]]
Matrix Pair 119; W = [[ 0.24770577 -0.07262838  0.13322435 -0.19635111  0.19647794]
 [-0.0595271  -0.37713332 -0.095253    0.34710807 -0.16006034]
 [-0.1303676  -0.00709308 -0.10211     0.01873088  0.01522313]
 [-0.10395643  0.06021796  0.12184045 -0.1154231  -0.0167384 ]
 [-0.09839166 -0.10873633 -0.2397668  -0.21310737  0.06136259]]
U = [[ 0.11970351 -0.01743551  0.2483419   0.3124705  -0.02330081]
 [-0.34281337 -0.08467782  0.08208032  0.0324491   0.04650141]
 [ 0.04686695 -0.13034628 -0.16558836 -0.21659182  0.20373796]
 [ 0.28253306 -0.09355372  0.31247346  0.0469435  -0.1868357 ]
 [-0.15804789 -0.02755764 -0.23498676 -0.13211966  0.04405944]]
Matrix Pair 120; W = [[ 0.28341195 -0.06191694  0.05101504 -0.24193035  0.19510009]
 [-0.04262015 -0.38479424 -0.12273612  0.29364864 -0.12900481]
 [-0.09962045  0.02447323 -0.08902922  0.02379422  0.03471738]
 [-0.11673325  0.09831516  0.16311079 -0.09099556 -0.01365673]
 [-0.13781525 -0.10035938 -0.21788334 -0.1347558   0.00587987]]
U = [[ 0.10015748 -0.00558674  0.23863868  0.37110862  0.03378288]
 [-0.40018624 -0.11531841  0.03896944  0.08741543  0.08634534]
 [ 0.07969612 -0.11279933 -0.21710864 -0.21269864  0.14172583]
 [ 0.29252962 -0.0407166   0.25447274 -0.01896484 -0.17677677]
 [-0.16558293 -0.04403578 -0.24979131 -0.08959266  0.09626708]]
Matrix Pair 121; W = [[ 0.28189724 -0.02977303  0.12999096 -0.18811523  0.17886271]
 [-0.06519544 -0.38430369 -0.08052077  0.34157504 -0.13627579]
 [-0.0584817   0.04424676 -0.02999686  0.05793516  0.00681634]
 [-0.12041037  0.03169812  0.12827021 -0.04596686  0.00188506]
 [-0.17689007 -0.13472928 -0.2747302  -0.16189298  0.0943208 ]]
U = [[ 0.15721069  0.03773176  0.20867875  0.39285745 -0.00276607]
 [-0.35911739 -0.05116106  0.12293363  0.04187361  0.0560519 ]
 [ 0.13349598 -0.14794697 -0.20983892 -0.16082418  0.17637865]
 [ 0.25034151 -0.04666854  0.26513069  0.0144819  -0.21511615]
 [-0.07532748 -0.01670629 -0.26908709 -0.13213061  0.08642336]]
Matrix Pair 122; W = [[ 0.25811186 -0.02697624  0.09755565 -0.20733718  0.22773969]
 [-0.06275571 -0.33607371 -0.05962818  0.26741841 -0.15938121]
 [-0.0389175   0.05394483 -0.03015117  0.03691355  0.05937757]
 [-0.06144263  0.07626206  0.15802749 -0.11531949  0.02175783]
 [-0.1512143  -0.11805896 -0.20929383 -0.15355839  0.0272156 ]]
U = [[ 0.10420076  0.0293418   0.27688069  0.3328431   0.02760914]
 [-0.34410838 -0.08081959  0.08596696  0.03425528  0.12228934]
 [ 0.0856277  -0.1391755  -0.20416338 -0.22358469  0.21385426]
 [ 0.29982927 -0.07740186  0.28625793 -0.02203762 -0.16129929]
 [-0.16573185  0.04500858 -0.20730644 -0.05538628  0.06851318]]
Matrix Pair 123; W = [[ 0.26843831 -0.06433861  0.12947391 -0.14887482  0.19803756]
 [-0.00249093 -0.41166173 -0.08571389  0.28521172 -0.15268939]
 [-0.10225671 -0.01075663 -0.10405368  0.08778763  0.01792672]
 [-0.11993886  0.06668576  0.15129638 -0.07415166  0.06253489]
 [-0.16719409 -0.15643654 -0.27369816 -0.15723566  0.0105076 ]]
U = [[ 0.15113416 -0.00908559  0.24733152  0.37567472 -0.00827217]
 [-0.39821602 -0.11893337  0.11107394  0.02996118  0.05955452]
 [ 0.05073418 -0.15784738 -0.20479652 -0.19410125  0.15763531]
 [ 0.28464244 -0.08333881  0.27871924  0.02760728 -0.16621098]
 [-0.15844487 -0.01093679 -0.21668015 -0.13606321  0.12208642]]
Matrix Pair 124; W = [[ 0.28869358 -0.08695584  0.12568027 -0.21399293  0.13606912]
 [-0.08855186 -0.36039177 -0.09738161  0.3207668  -0.14899932]
 [-0.04205628  0.02557299 -0.06032642  0.10818393  0.01656202]
 [-0.05571823  0.03138572  0.11231651 -0.102128   -0.01330362]
 [-0.08701409 -0.11615766 -0.27670268 -0.21973593  0.07825717]]
U = [[ 0.08829515  0.02546467  0.21004989  0.36818473 -0.00698059]
 [-0.31440713 -0.0982786   0.10411559  0.08921657  0.12239246]
 [ 0.04436706 -0.12724574 -0.20677511 -0.13559839  0.21046854]
 [ 0.32191418 -0.06135783  0.24578169  0.00300238 -0.19531797]
 [-0.10087118 -0.02282112 -0.21088858 -0.1362638   0.10154448]]
Matrix Pair 125; W = [[ 0.23995925 -0.06545196  0.10708203 -0.24283253  0.14526162]
 [-0.02081009 -0.38225952 -0.14395272  0.32042789 -0.13399389]
 [-0.11930807  0.05569481 -0.07058363  0.07661618  0.05230425]
 [-0.03662717  0.04897316  0.16515167 -0.04904366  0.00928519]
 [-0.09214105 -0.07322238 -0.19081239 -0.19726313  0.03800429]]
U = [[ 0.1231796  -0.00697426  0.19539794  0.3192223   0.01170543]
 [-0.33044162 -0.09465523  0.10635382  0.07046532  0.05071118]
 [ 0.05127462 -0.12290492 -0.16066456 -0.19004692  0.21578938]
 [ 0.28996087 -0.06732314  0.32469805  0.04389686 -0.21317805]
 [-0.12300227 -0.00669451 -0.23536203 -0.11478609  0.06882313]]
Matrix Pair 126; W = [[ 0.29184249 -0.07926481  0.14800084 -0.17137826  0.17540414]
 [-0.07148593 -0.40474776 -0.13698179  0.29532108 -0.16896811]
 [-0.07786704  0.05382074 -0.08840536  0.08879551  0.06265078]
 [-0.07526599  0.05131566  0.18379829 -0.12373399  0.05700141]
 [-0.10546805 -0.09693134 -0.23377406 -0.13440177  0.09565702]]
U = [[ 0.12222717  0.02795934  0.21016701  0.39000784  0.0292501 ]
 [-0.34135522 -0.10002024  0.08291635  0.05751763  0.05690383]
 [ 0.10594432 -0.16856189 -0.13714061 -0.15006665  0.15229594]
 [ 0.25760953 -0.09519773  0.32091224 -0.0217901  -0.21281441]
 [-0.14769438 -0.00541303 -0.2672942  -0.07762594  0.07326894]]
Matrix Pair 127; W = [[ 0.2441877  -0.08103554  0.10311893 -0.22761122  0.17086076]
 [-0.09245324 -0.35440984 -0.10836097  0.31843143 -0.14447276]
 [-0.09428149  0.01552557 -0.09146611  0.09720377  0.05584981]
 [-0.09768554  0.07248467  0.20074808 -0.06717085  0.05047903]
 [-0.09550357 -0.1467995  -0.19623075 -0.20066121  0.0795529 ]]
U = [[ 0.10089265  0.02312167  0.2397747   0.39436171 -0.04454114]
 [-0.38887196 -0.08420224  0.05136892  0.05177606  0.10657758]
 [ 0.06808295 -0.17526935 -0.18900656 -0.2132127   0.168741  ]
 [ 0.29285556 -0.03928575  0.27493596  0.04648862 -0.2381922 ]
 [-0.10936941  0.03568424 -0.20499559 -0.04913704  0.06662701]]
