Epoch: 86Matrix Pair 0; W = [[ 0.28150031  0.00683331  0.12770105 -0.12781192  0.22315787]
 [ 0.06110196 -0.36017913 -0.165008    0.20282307 -0.06990564]
 [-0.16859039  0.00699563 -0.05220816  0.09921884  0.10593223]
 [-0.07850126  0.10850441  0.12722837 -0.02130091 -0.09727266]
 [-0.15263607 -0.05088869 -0.28316913 -0.12366009  0.03947918]]
U = [[ 0.20539306  0.06569899  0.24793108  0.43644916 -0.01977999]
 [-0.2798471  -0.0836774   0.09471063  0.06434076  0.13236638]
 [ 0.08441308 -0.12277099 -0.22767505 -0.19883214  0.20121046]
 [ 0.21920258 -0.04130694  0.3156369  -0.03845643 -0.16672607]
 [-0.08893462 -0.05784186 -0.21099631 -0.02129858  0.00541536]]
Matrix Pair 1; W = [[ 0.25703891  0.02917701  0.08310581 -0.14557111  0.19177343]
 [ 0.07417507 -0.35303596 -0.14549255  0.28979247 -0.07520427]
 [-0.15994683  0.02162117 -0.01101286  0.07729782  0.03246843]
 [-0.12017808  0.02934938  0.10935357 -0.03923547 -0.07318927]
 [-0.14207977 -0.13071896 -0.24310335 -0.13943111 -0.01982421]]
U = [[ 0.20190898  0.08084281  0.28545021  0.42009955 -0.07612272]
 [-0.35304783 -0.1164093   0.12315546  0.08649003  0.17635285]
 [ 0.1178263  -0.1574829  -0.21428562 -0.17190642  0.11015015]
 [ 0.25265149 -0.06031477  0.34629681 -0.01852967 -0.16060401]
 [-0.128352   -0.02813512 -0.21476895 -0.04978691  0.04354112]]
Matrix Pair 2; W = [[ 0.290084   -0.01832048  0.04824425 -0.14147371  0.21014334]
 [ 0.00822158 -0.41234342 -0.11087774  0.28269639 -0.06605769]
 [-0.1401637   0.0123805  -0.02677645  0.09494638  0.09125413]
 [-0.11637006  0.1088963   0.14753924 -0.09529339 -0.04291909]
 [-0.08759624 -0.0684208  -0.26830308 -0.06459528  0.05608531]]
U = [[ 0.20629993  0.01987118  0.21463675  0.38662582 -0.06072647]
 [-0.34425687 -0.05171341  0.09454507  0.0503467   0.11713395]
 [ 0.03426448 -0.11349738 -0.21549558 -0.20327253  0.12228136]
 [ 0.1959021   0.01185545  0.31741407 -0.04931405 -0.15442577]
 [-0.13319105 -0.00397853 -0.25016996 -0.04211566  0.06595476]]
Matrix Pair 3; W = [[ 0.29271849  0.00667097  0.03915789 -0.10356211  0.21959779]
 [ 0.05203825 -0.39743946 -0.10643695  0.24219172 -0.11800507]
 [-0.11044502 -0.01425404  0.00436773  0.09898448  0.08786618]
 [-0.04904609  0.02816598  0.06244516 -0.10831179 -0.0421826 ]
 [-0.08450351 -0.09108645 -0.25012249 -0.11608276  0.04691737]]
U = [[ 0.19322106  0.03076151  0.20268099  0.43740395 -0.08179618]
 [-0.27976922 -0.09477621  0.14304511  0.11430523  0.13442297]
 [ 0.06520559 -0.11013735 -0.24032316 -0.22085119  0.12024937]
 [ 0.28982288 -0.03166203  0.28087181 -0.01857836 -0.14713145]
 [-0.13070125 -0.04037331 -0.25058401 -0.00955689  0.03775904]]
Matrix Pair 4; W = [[ 0.25636664  0.06043095  0.11123493 -0.17177792  0.1776757 ]
 [ 0.0531305  -0.37187912 -0.12096758  0.27751977 -0.03839622]
 [-0.1296421   0.04638732 -0.04830593  0.13908886  0.12462239]
 [-0.04703272  0.0747192   0.08652219 -0.07983744 -0.04521003]
 [-0.14113573 -0.12313372 -0.28797343 -0.10026718 -0.01883738]]
U = [[ 0.1675374   0.07972967  0.22023025  0.46914336 -0.01872433]
 [-0.30129567 -0.08542605  0.1220878   0.08206713  0.14340002]
 [ 0.13320033 -0.1290519  -0.19982068 -0.22871816  0.11630014]
 [ 0.20765877 -0.02860964  0.27954799 -0.08070851 -0.22379421]
 [-0.10662933 -0.03549373 -0.17054647 -0.08920637  0.02511117]]
Matrix Pair 5; W = [[ 0.26628094  0.03920136  0.07582736 -0.1255871   0.22579266]
 [ 0.0461613  -0.35707964 -0.08172796  0.25298682 -0.12159307]
 [-0.14166528  0.01409772 -0.07204774  0.08036767  0.07796742]
 [-0.09789595  0.03073754  0.0896817  -0.07693215 -0.02865412]
 [-0.15534071 -0.12949018 -0.20837338 -0.10589064  0.04520793]]
U = [[ 0.16268608  0.08308092  0.19969663  0.4348458  -0.03998587]
 [-0.3511023  -0.11570506  0.09537175  0.13136031  0.15864298]
 [ 0.09416343 -0.13352176 -0.1863605  -0.22812567  0.10440062]
 [ 0.27704999 -0.02311189  0.25997951  0.00432686 -0.15049273]
 [-0.10686773 -0.05951867 -0.22094068 -0.05579635  0.02541829]]
Matrix Pair 6; W = [[ 0.27761025 -0.00147027  0.04080731 -0.13181436  0.17362624]
 [ 0.0184527  -0.37297876 -0.14211381  0.26059991 -0.05847127]
 [-0.10498487 -0.03712417 -0.01046398  0.12055064  0.05178153]
 [-0.10673189  0.07121531  0.14756206 -0.02616316 -0.02974345]
 [-0.09099371 -0.10754501 -0.21589461 -0.11681577 -0.00920206]]
U = [[ 0.17040975  0.00457972  0.2554767   0.40510534  0.01525683]
 [-0.31070041 -0.12223946  0.08374615  0.10758999  0.20375594]
 [ 0.08832743 -0.11265695 -0.24256127 -0.1852981   0.15099291]
 [ 0.21981829 -0.08180858  0.30905306 -0.04509237 -0.16683887]
 [-0.12808082  0.0109089  -0.19453604 -0.09124563  0.06356597]]
Matrix Pair 7; W = [[ 0.27463344  0.02482754  0.08532381 -0.14666193  0.17999015]
 [ 0.04281509 -0.34247894 -0.16135927  0.2072166  -0.07028425]
 [-0.10703927 -0.00172887 -0.05693232  0.06264001  0.08280254]
 [-0.12642135  0.09023876  0.08212023 -0.08008315 -0.06662424]
 [-0.11330926 -0.12557154 -0.24920754 -0.07355185  0.00498509]]
U = [[ 0.15205877  0.04313624  0.22802285  0.45928362 -0.06247755]
 [-0.30039053 -0.08861463  0.04493922  0.06529544  0.15710606]
 [ 0.09672425 -0.06816553 -0.21804368 -0.22758405  0.19822573]
 [ 0.28168708 -0.01228769  0.28216602 -0.04906613 -0.20959617]
 [-0.09607774 -0.00953218 -0.16680516 -0.02109336  0.02752229]]
Matrix Pair 8; W = [[ 0.27766923  0.02083369  0.08193541 -0.0943185   0.21601683]
 [ 0.04676783 -0.40200738 -0.14419339  0.22816327 -0.07128127]
 [-0.15623207 -0.00147236 -0.02714511  0.07118593  0.05746683]
 [-0.09130919  0.07117981  0.07457742 -0.09843116 -0.07101159]
 [-0.1076787  -0.0387899  -0.2885141  -0.07581821  0.01714079]]
U = [[ 0.19040079  0.06787036  0.25140177  0.38465507  0.00298897]
 [-0.28654718 -0.02714956  0.09170493  0.06898952  0.13327384]
 [ 0.06172623 -0.07347262 -0.15935895 -0.14165444  0.15383066]
 [ 0.23962408 -0.02047265  0.29967108 -0.06742138 -0.13308796]
 [-0.1394865   0.00358951 -0.20342983 -0.09298543  0.05516819]]
Matrix Pair 9; W = [[ 0.32314876  0.00096892  0.07625046 -0.15334402  0.16098486]
 [ 0.02748259 -0.38660028 -0.16996321  0.27413132 -0.07785872]
 [-0.15285224 -0.03879554 -0.06205063  0.11157372  0.02975209]
 [-0.067203    0.02663836  0.10763121 -0.09147092 -0.05087286]
 [-0.10089307 -0.05000615 -0.28122655 -0.14566246  0.00827689]]
U = [[ 0.20915841  0.04062262  0.29415889  0.47378958 -0.06144788]
 [-0.29130853 -0.10679467  0.10610757  0.08364219  0.19724384]
 [ 0.06052883 -0.09425798 -0.14877061 -0.20925559  0.18525334]
 [ 0.21866456 -0.01944661  0.25107863 -0.02648045 -0.22144593]
 [-0.08930398 -0.00733226 -0.17306949 -0.05738855  0.06004451]]
Matrix Pair 10; W = [[ 0.29716671  0.0149964   0.04364592 -0.14715266  0.18322165]
 [ 0.07587755 -0.37478082 -0.09824495  0.28242898 -0.12104127]
 [-0.10627367  0.03003772 -0.01728103  0.05186449  0.11205028]
 [-0.09691837  0.06876745  0.1440981  -0.03633327 -0.10387854]
 [-0.07553576 -0.04724436 -0.22744066 -0.09013332 -0.0017013 ]]
U = [[ 0.19910419  0.03809167  0.20488054  0.45607788 -0.07555041]
 [-0.31635322 -0.0431933   0.13271267  0.10803776  0.18408823]
 [ 0.11697172 -0.12523301 -0.17200779 -0.18454253  0.16826486]
 [ 0.2332033  -0.05816882  0.34027901 -0.07724707 -0.12765451]
 [-0.15550917  0.03282606 -0.19159994 -0.05205869  0.09221599]]
Matrix Pair 11; W = [[ 0.2691902   0.05403044  0.11313095 -0.0918035   0.16971356]
 [ 0.02388888 -0.41213274 -0.12540548  0.26546451 -0.13250306]
 [-0.15077936  0.00850121  0.01858287  0.0521505   0.03901543]
 [-0.09060635  0.05441331  0.14465828 -0.11180555 -0.05312903]
 [-0.08089559 -0.09981621 -0.21647053 -0.06762653 -0.01511746]]
U = [[ 0.21222786  0.04364099  0.29394969  0.44451169  0.01234675]
 [-0.36522415 -0.0672553   0.07395952  0.06785902  0.12373344]
 [ 0.09196396 -0.14544149 -0.16881362 -0.15580627  0.11085682]
 [ 0.20751787 -0.01991361  0.33334576 -0.01174609 -0.22602098]
 [-0.13640456 -0.05472386 -0.19326987 -0.00609449  0.04446105]]
Matrix Pair 12; W = [[ 0.2646366  -0.00474403  0.1186747  -0.1285397   0.16185082]
 [ 0.02115765 -0.34698953 -0.08562009  0.24322254 -0.08650457]
 [-0.11589759 -0.01309488 -0.06712746  0.08598258  0.10641448]
 [-0.0770783   0.1030678   0.12113989 -0.11063349 -0.09956682]
 [-0.10644306 -0.12234566 -0.20449019 -0.09215587  0.01599554]]
U = [[ 0.16313244  0.00102937  0.26533158  0.43915626  0.01667775]
 [-0.31311213 -0.10196678  0.05125049  0.04813472  0.19028903]
 [ 0.04398823 -0.15624319 -0.15251454 -0.15633442  0.15562264]
 [ 0.25473027 -0.0131348   0.26372818 -0.06168723 -0.17740622]
 [-0.09819873 -0.04076467 -0.24736769 -0.0513039   0.03893777]]
Matrix Pair 13; W = [[ 0.30425297  0.05812121  0.10221776 -0.08239954  0.21119957]
 [ 0.06603808 -0.39449718 -0.16074323  0.27750544 -0.04332633]
 [-0.09971849 -0.02933742 -0.0478913   0.11653765  0.05569994]
 [-0.09513815  0.0368794   0.1065702  -0.04098245 -0.08564019]
 [-0.16398812 -0.04562039 -0.29669186 -0.12823012  0.01542318]]
U = [[ 0.17053543  0.02899667  0.22860268  0.47278753 -0.04880999]
 [-0.33694961 -0.05666222  0.06948136  0.04327988  0.13754654]
 [ 0.05769601 -0.07309061 -0.21774844 -0.20868378  0.18809736]
 [ 0.25149961 -0.06530567  0.33471454 -0.0921058  -0.20268991]
 [-0.14611691 -0.01968551 -0.19727722 -0.06892745  0.02582838]]
Matrix Pair 14; W = [[ 0.24654944  0.00201576  0.04787687 -0.1446846   0.17248793]
 [ 0.00613374 -0.3892333  -0.14874876  0.28378846 -0.11908222]
 [-0.16195562 -0.0250856  -0.01938309  0.07514971  0.10373189]
 [-0.03886134  0.08525106  0.1095145  -0.0442771  -0.02520133]
 [-0.08077835 -0.08189663 -0.26810878 -0.06481453  0.0718587 ]]
U = [[ 0.14242333  0.08264795  0.21529154  0.45305317 -0.07146514]
 [-0.27203449 -0.08121838  0.11411407  0.09881953  0.12721293]
 [ 0.07501747 -0.08049294 -0.16725732 -0.19180221  0.10652543]
 [ 0.24413628 -0.00987648  0.27580598 -0.00250947 -0.12764665]
 [-0.09678795 -0.05510616 -0.18245195 -0.08768527  0.08050163]]
Matrix Pair 15; W = [[ 0.33039424  0.05253785  0.0712587  -0.08289865  0.18985058]
 [-0.00576733 -0.33938987 -0.15788995  0.29762714 -0.09440651]
 [-0.14993256 -0.00521701  0.00714435  0.11340076  0.10435149]
 [-0.03126641  0.0341123   0.12570172 -0.03549047 -0.01687557]
 [-0.09841327 -0.05624223 -0.25141799 -0.12463548 -0.01405955]]
U = [[ 0.20492972  0.0274126   0.2289266   0.43635397 -0.01125773]
 [-0.31702559 -0.09701089  0.05219719  0.07314846  0.13765786]
 [ 0.10305466 -0.13943321 -0.19361855 -0.22112351  0.2024703 ]
 [ 0.27887923 -0.07139527  0.30583084 -0.03951482 -0.17027459]
 [-0.10004053 -0.01999883 -0.24148425 -0.05897597  0.08696751]]
Matrix Pair 16; W = [[ 0.24537226 -0.07232023  0.03725027 -0.21094044  0.20908711]
 [-0.05504116 -0.40994071 -0.10077603  0.23235124 -0.20008132]
 [-0.05975556 -0.05641762 -0.09371026  0.04283721  0.01368465]
 [-0.05763554  0.17087414  0.14403357 -0.07030013 -0.02604966]
 [-0.07114101 -0.01890122 -0.15662533 -0.17179674  0.06766155]]
U = [[ 0.13931887  0.05661992  0.29293392  0.4110432  -0.01100215]
 [-0.30887662 -0.07204374  0.02637446  0.10260443  0.17718164]
 [ 0.06647858 -0.1114202  -0.13968886 -0.16137511  0.13783128]
 [ 0.31023884 -0.02042489  0.25548496  0.02448836 -0.14933813]
 [-0.18079435 -0.01315975 -0.22409959 -0.00089422  0.04498141]]
Matrix Pair 17; W = [[ 0.23706329 -0.08424429  0.10025289 -0.17511399  0.13226941]
 [ 0.00938015 -0.3498571  -0.05472456  0.27459855 -0.13237529]
 [-0.04789212  0.0144784  -0.08864858  0.07699558  0.03644348]
 [-0.02837833  0.11684293  0.14552371 -0.1448476  -0.09293554]
 [-0.12980305 -0.10672123 -0.232835   -0.22370405  0.03020259]]
U = [[ 0.14375973  0.09038145  0.25309747  0.32436079  0.04347929]
 [-0.30680028 -0.09771963  0.04500636  0.08440913  0.11147386]
 [ 0.11673272 -0.15719407 -0.11051988 -0.250397    0.08334012]
 [ 0.23273536 -0.04616766  0.30692649  0.00152395 -0.20021701]
 [-0.13068853 -0.00790496 -0.22468409 -0.06949328  0.06146344]]
Matrix Pair 18; W = [[ 0.2400975   0.00382877  0.03893229 -0.21962396  0.13807598]
 [-0.05581129 -0.38145396 -0.02932647  0.25994645 -0.22075221]
 [-0.08172915 -0.00230485 -0.02542917  0.05544513  0.05532021]
 [-0.00893833  0.16856096  0.16990495 -0.15142653 -0.04618368]
 [-0.06670406 -0.02837982 -0.23609605 -0.15364794  0.01623448]]
U = [[ 0.17478224  0.10261763  0.21678204  0.35901482 -0.00952525]
 [-0.34558649 -0.00900789  0.06566475  0.08899029  0.14144556]
 [ 0.13159853 -0.13956679 -0.14888853 -0.23589896  0.08919856]
 [ 0.23357768 -0.04212816  0.23836368 -0.02061548 -0.16446956]
 [-0.1617712  -0.04537674 -0.22476166  0.01389348  0.08913388]]
Matrix Pair 19; W = [[ 0.32193886 -0.00157568  0.02242194 -0.12509919  0.15613058]
 [ 0.01670694 -0.41917536 -0.01503193  0.24448618 -0.16784922]
 [-0.04644867 -0.03557683 -0.05999962  0.08734663  0.00253706]
 [-0.01465053  0.14764218  0.1672165  -0.14904187 -0.00654861]
 [-0.12872762 -0.08308194 -0.15909302 -0.1426574   0.00715473]]
U = [[ 0.12939702  0.01060658  0.29003906  0.36329888 -0.02229213]
 [-0.28213333 -0.01588811  0.04582584  0.12209669  0.17216583]
 [ 0.05976762 -0.10209823 -0.14153669 -0.19328498  0.12607306]
 [ 0.23420625 -0.0760686   0.22748773  0.04582639 -0.15560647]
 [-0.14133021  0.00350626 -0.28264082 -0.01306075  0.02230105]]
Matrix Pair 20; W = [[ 0.29264227  0.00692859  0.02802779 -0.12712002  0.1613381 ]
 [-0.00081706 -0.33350122 -0.05827123  0.22514876 -0.22179868]
 [-0.09640368 -0.0068165  -0.00380805  0.08456722  0.0084771 ]
 [ 0.01679144  0.12371525  0.15227084 -0.15907977 -0.06607156]
 [-0.05808333 -0.05099917 -0.15708879 -0.13771665  0.0546008 ]]
U = [[ 0.17222048  0.02003415  0.20893297  0.39513788  0.06046377]
 [-0.35596696 -0.10390481  0.09105066  0.05608534  0.20037329]
 [ 0.08690519 -0.12831765 -0.09161636 -0.16020392  0.1452232 ]
 [ 0.27344412 -0.02302154  0.27545678 -0.02522699 -0.18768717]
 [-0.19552664 -0.02363164 -0.22657464 -0.00048186  0.06426638]]
Matrix Pair 21; W = [[ 0.30058924 -0.02792548  0.03742418 -0.15026527  0.19261704]
 [-0.01201858 -0.42039368 -0.0029991   0.28809295 -0.17517053]
 [-0.04835847 -0.0079861  -0.07081463  0.03545303  0.00918842]
 [-0.04958341  0.13935399  0.16041905 -0.13046638 -0.06635034]
 [-0.07618086 -0.09850136 -0.15383359 -0.2310742   0.00960949]]
U = [[ 0.13423135  0.03799363  0.2115224   0.37715632 -0.009316  ]
 [-0.35819838 -0.02280719  0.10548755  0.09622299  0.17538728]
 [ 0.07585115 -0.11961737 -0.11011669 -0.22191088  0.11792219]
 [ 0.21676905  0.00913926  0.22929329 -0.01840345 -0.22087276]
 [-0.14173887 -0.04318526 -0.21271755  0.01959091  0.05541061]]
Matrix Pair 22; W = [[ 0.26178223 -0.02887828  0.0957575  -0.16227854  0.1329022 ]
 [-0.05220905 -0.3674895  -0.08470503  0.27130834 -0.19008652]
 [-0.04562082 -0.06105341 -0.03952275  0.11988978 -0.0162939 ]
 [ 0.02005245  0.15099762  0.1221589  -0.14946209 -0.06228897]
 [-0.10138834 -0.02680478 -0.23004883 -0.19622701  0.04203254]]
U = [[ 0.17110426  0.08581988  0.23689997  0.39599444  0.06047935]
 [-0.31739954 -0.03530289  0.05364147  0.10935214  0.16285201]
 [ 0.03680449 -0.1004533  -0.17370253 -0.18246268  0.12056982]
 [ 0.2119586  -0.02338474  0.27364019  0.05084643 -0.21428051]
 [-0.16015521  0.02567576 -0.24514446 -0.03041312  0.10758978]]
Matrix Pair 23; W = [[ 0.29443258 -0.02306719  0.08608358 -0.18494123  0.12506185]
 [-0.07835971 -0.39686731 -0.00290283  0.26782051 -0.21681112]
 [-0.05235086 -0.04716521 -0.03705013  0.1145211  -0.0336693 ]
 [-0.02101134  0.13965298  0.18113891 -0.09619852 -0.04644977]
 [-0.08004949 -0.03994391 -0.16017906 -0.17548495  0.01009875]]
U = [[ 0.12740952  0.06370035  0.24942326  0.39096552  0.02377494]
 [-0.30608695 -0.06981489  0.09018671  0.09440527  0.10350441]
 [ 0.07988273 -0.14920303 -0.11650053 -0.21291117  0.1303564 ]
 [ 0.24665702 -0.0740858   0.2893253   0.02769228 -0.22092503]
 [-0.1881754  -0.01717098 -0.3022334   0.01546669  0.0325309 ]]
Matrix Pair 24; W = [[ 0.2753292  -0.01544997  0.11481805 -0.13383658  0.21043357]
 [-0.02977565 -0.40045426 -0.09075212  0.29163435 -0.18775102]
 [-0.04651559 -0.04097646 -0.02946355  0.09494273  0.03203926]
 [-0.01704449  0.16401596  0.1944382  -0.12442472 -0.0069623 ]
 [-0.11635242 -0.03795299 -0.18834715 -0.18419712  0.05790299]]
U = [[ 0.17259385  0.06368477  0.26793451  0.36574463 -0.0009082 ]
 [-0.32293118 -0.10022247  0.09182174  0.03554454  0.11289933]
 [ 0.11176321 -0.06641557 -0.13138405 -0.22501006  0.08466218]
 [ 0.28024814 -0.02314817  0.23031245  0.02535482 -0.16790523]
 [-0.13875958 -0.06750466 -0.21074504 -0.02779204  0.10694131]]
Matrix Pair 25; W = [[ 0.32341127 -0.01155383  0.07469751 -0.15677541  0.18681112]
 [-0.04044627 -0.37239597 -0.08209682  0.28002898 -0.19069876]
 [-0.12273617 -0.04755538 -0.07288789  0.09460239  0.02852251]
 [-0.01637976  0.17633463  0.20807378 -0.15758373 -0.01211371]
 [-0.11491628 -0.07470276 -0.14795117 -0.14882971 -0.00059051]]
U = [[ 0.19364731  0.03889721  0.21518848  0.33486243  0.00056047]
 [-0.34526838 -0.02796821  0.07040834  0.06830614  0.10321324]
 [ 0.04840059 -0.0752723  -0.15892417 -0.21180919  0.16779465]
 [ 0.23853908 -0.05561763  0.23589682  0.04842795 -0.14456794]
 [-0.16385757 -0.02464476 -0.21183726 -0.01976729  0.09541641]]
Matrix Pair 26; W = [[ 0.26301334  0.00318497  0.08003967 -0.19815277  0.14122362]
 [ 0.01354025 -0.35196773 -0.08910863  0.31214479 -0.20536562]
 [-0.11948272 -0.05543742 -0.05261203  0.08321258  0.0351609 ]
 [-0.03126267  0.17229015  0.18809916 -0.07656475 -0.03665606]
 [-0.06060833 -0.05415131 -0.23433476 -0.21223268  0.00233339]]
U = [[ 0.18484541  0.01366976  0.27261394  0.34490808  0.06104081]
 [-0.28197459 -0.04974517  0.05813268  0.0629829   0.12130426]
 [ 0.08996039 -0.15418421 -0.08165176 -0.17844642  0.09962555]
 [ 0.25013489 -0.04244096  0.26744355 -0.0273287  -0.20771037]
 [-0.15024875  0.01538461 -0.24296472  0.01412739  0.04841794]]
Matrix Pair 27; W = [[ 0.31484769 -0.03803825  0.03813881 -0.20379858  0.14356624]
 [-0.03122221 -0.40232468 -0.0650079   0.26744569 -0.20599483]
 [-0.12273266 -0.06163405 -0.08747459  0.10686125  0.03377499]
 [-0.04994043  0.14573074  0.14532051 -0.09481546 -0.05028994]
 [-0.0797749  -0.08913916 -0.19883115 -0.1762468  -0.01949684]]
U = [[ 1.96036122e-01  1.83100002e-02  2.11133162e-01  3.91528410e-01
   3.32245265e-02]
 [-3.36920845e-01 -5.36219630e-02  4.97500331e-02  1.15549154e-01
   1.44760504e-01]
 [ 1.32547413e-01 -9.13343336e-02 -1.30277036e-01 -1.75424825e-01
   1.58902787e-01]
 [ 2.98716385e-01 -7.57616116e-02  3.18564491e-01  2.72348355e-02
  -1.85344929e-01]
 [-1.74898739e-01 -1.51410766e-04 -2.91976263e-01 -3.54120663e-02
   1.01145575e-01]]
Matrix Pair 28; W = [[ 0.29560614 -0.0606917   0.11520672 -0.15325911  0.17685895]
 [-0.07273314 -0.33309831 -0.05151184  0.22991352 -0.17549265]
 [-0.12219527 -0.03091255 -0.10188516  0.07397949  0.04373223]
 [ 0.00428294  0.14348039  0.16319859 -0.1187512  -0.10347066]
 [-0.09798135 -0.01060547 -0.19429925 -0.18692255 -0.01580111]]
U = [[ 0.10787272  0.08130332  0.2953333   0.40330863 -0.00649856]
 [-0.36075301 -0.03133639  0.11243025  0.10656822  0.10350753]
 [ 0.13106565 -0.12896675 -0.11434228 -0.19660977  0.1695275 ]
 [ 0.24617847 -0.08039352  0.31848412  0.02687737 -0.22290902]
 [-0.19416472 -0.06626963 -0.23446607 -0.05806298  0.07882306]]
Matrix Pair 29; W = [[ 0.31264295 -0.04648361  0.03020864 -0.1704077   0.14013786]
 [ 0.00504426 -0.41605364 -0.08643841  0.31753892 -0.18125321]
 [-0.07706928 -0.04380009 -0.0366701   0.06123984 -0.00746183]
 [ 0.02923941  0.10845068  0.17485365 -0.10885571 -0.0326662 ]
 [-0.06147501 -0.06953421 -0.14610698 -0.13992432 -0.01053163]]
U = [[ 0.10898762  0.10414864  0.26500001  0.31476724  0.06058381]
 [-0.29596349 -0.03002369  0.06055994  0.11657973  0.16532795]
 [ 0.08198848 -0.09252477 -0.13387697 -0.23695295  0.08544638]
 [ 0.24918046 -0.05425128  0.22814836  0.03630691 -0.15637152]
 [-0.19050686 -0.0633759  -0.22501833 -0.04911566  0.03697287]]
Matrix Pair 30; W = [[ 0.29874967 -0.04024367  0.02440605 -0.19876028  0.15857247]
 [-0.07692084 -0.40077023 -0.05174163  0.24813524 -0.15605964]
 [-0.07620661 -0.0300959  -0.10215559  0.10299564 -0.03069956]
 [-0.00183848  0.13603649  0.16300721 -0.1597546  -0.09521693]
 [-0.06347732 -0.03094552 -0.1492176  -0.21927783  0.01200068]]
U = [[ 0.1239691   0.04976959  0.26156922  0.34058176  0.05839853]
 [-0.32507746 -0.08087786  0.0534028   0.07993252  0.14570297]
 [ 0.09588532 -0.09844374 -0.07912386 -0.16603002  0.1489149 ]
 [ 0.22619358 -0.07207524  0.2332535  -0.00360683 -0.1384322 ]
 [-0.12252092  0.00044867 -0.30504909 -0.02524748  0.08219976]]
Matrix Pair 31; W = [[ 0.27393854 -0.02613245  0.10272165 -0.12152725  0.16779601]
 [ 0.0076502  -0.38004048 -0.00736363  0.28195141 -0.15192263]
 [-0.06361782 -0.04685347 -0.0214093   0.12106755  0.01426965]
 [ 0.01789545  0.09601117  0.21559405 -0.06402141 -0.02015903]
 [-0.12948017 -0.08954814 -0.17784299 -0.15510308 -0.00607446]]
U = [[ 0.12473906  0.05817977  0.26786721  0.36277208 -0.02031535]
 [-0.33114265 -0.02930424  0.10635312  0.07303499  0.15659859]
 [ 0.06484741 -0.13850787 -0.13131738 -0.18296452  0.1125927 ]
 [ 0.2707176  -0.02476472  0.32003021  0.00430564 -0.14862072]
 [-0.10205381 -0.05412004 -0.23406032 -0.06582729  0.01821159]]
Matrix Pair 32; W = [[ 0.2950964  -0.00918424  0.08859982 -0.1610077   0.12156707]
 [-0.01822841 -0.45814283 -0.05511428  0.22474709 -0.08725062]
 [-0.17568214 -0.05812981 -0.04732561  0.09962351  0.07537753]
 [-0.0425564   0.12535367  0.12509412 -0.07276613 -0.09705096]
 [-0.1088767  -0.11966841 -0.19834012 -0.15376882  0.11663712]]
U = [[ 0.11832977  0.05062174  0.30273124  0.45537226 -0.09099457]
 [-0.33155551 -0.08696046  0.10080777  0.08807752  0.08167252]
 [ 0.05958559 -0.13318953 -0.13624679 -0.11578457  0.1490884 ]
 [ 0.2399345  -0.00612198  0.39275658 -0.00270823 -0.24256803]
 [-0.14807284  0.02533544 -0.28639084 -0.00552008  0.02235029]]
Matrix Pair 33; W = [[ 0.27322852 -0.01500348  0.07551827 -0.1544543   0.12613468]
 [-0.03106226 -0.38285484 -0.11564587  0.16528768 -0.09921885]
 [-0.15605674 -0.04290872 -0.04326246  0.04543602 -0.00169345]
 [-0.02932394  0.14846029  0.15840925  0.00675474 -0.07306465]
 [-0.04711292 -0.14373491 -0.16439582 -0.22115207  0.01958261]]
U = [[ 0.11891725  0.09342314  0.27493157  0.46095382 -0.02533821]
 [-0.28743949 -0.0546989   0.0954129   0.00385914  0.15254518]
 [ 0.05395509 -0.08927244 -0.17070681 -0.14839241  0.11341976]
 [ 0.31916063 -0.0489369   0.39712366 -0.01672287 -0.18713401]
 [-0.15756075  0.03322551 -0.25626303 -0.03464455  0.04112039]]
Matrix Pair 34; W = [[ 0.31404611 -0.08965663  0.12508706 -0.06711681  0.14032573]
 [-0.05055495 -0.40362341 -0.06278581  0.24757379 -0.05173753]
 [-0.14025939 -0.02058549 -0.0676436   0.09742034  0.01127018]
 [-0.02537221  0.15759797  0.10997309 -0.0342694  -0.0221649 ]
 [-0.09319616 -0.09969344 -0.22217687 -0.24830659  0.04327604]]
U = [[ 0.1332389   0.08376495  0.34323771  0.48045793 -0.00631362]
 [-0.3135944  -0.03563786  0.0742316   0.05500114  0.15481497]
 [ 0.08682313 -0.12912833 -0.12829669 -0.12753905  0.15729975]
 [ 0.3147784  -0.03788443  0.33402407  0.07154659 -0.2212457 ]
 [-0.15768939 -0.01769193 -0.23134014 -0.03348806  0.07497601]]
Matrix Pair 35; W = [[ 0.33077876 -0.04226377  0.11939262 -0.12680404  0.13886642]
 [-0.05640389 -0.45692203 -0.09706775  0.18721637 -0.05063151]
 [-0.09251419 -0.07371384 -0.07720939  0.03566504  0.04410278]
 [-0.03141046  0.06255261  0.10231247  0.01490866 -0.10188882]
 [-0.04483817 -0.10427449 -0.2168291  -0.21753093  0.07579535]]
U = [[ 0.1594921   0.10804388  0.29760961  0.48043483 -0.07658101]
 [-0.25970246 -0.01218174  0.02919537  0.06952806  0.09332455]
 [ 0.14042091 -0.12493639 -0.15932835 -0.21197703  0.0938251 ]
 [ 0.27781079 -0.04021422  0.30599677  0.06779921 -0.20496924]
 [-0.19284555 -0.02596555 -0.25584772 -0.0605047  -0.00105921]]
Matrix Pair 36; W = [[ 0.30712041 -0.08910127  0.06913575 -0.0842701   0.12556712]
 [ 0.00628686 -0.40299048 -0.08663563  0.15684761 -0.09045014]
 [-0.13982065 -0.06278633 -0.07666528  0.0827723   0.00929994]
 [-0.05202195  0.15857598  0.18976265 -0.04960747 -0.05152897]
 [-0.10317661 -0.12497652 -0.19444871 -0.22918966  0.09683163]]
U = [[ 0.13153937  0.10655992  0.34895416  0.38601626 -0.09167713]
 [-0.3422717  -0.04463905  0.09483671  0.04167028  0.13219541]
 [ 0.13763874 -0.08014627 -0.13994217 -0.19541269  0.17344506]
 [ 0.25938968 -0.05270253  0.36630266 -0.0231405  -0.15575735]
 [-0.21298899  0.03005566 -0.22497839 -0.0319357   0.0786405 ]]
Matrix Pair 37; W = [[ 3.34586856e-01 -6.10005386e-02  1.27836757e-01 -1.64041454e-01
   1.21241372e-01]
 [-3.35242720e-02 -4.30069898e-01 -1.14485921e-01  2.09977865e-01
  -5.35872538e-02]
 [-1.78664562e-01 -2.86080319e-02 -8.47673976e-03  5.19035729e-02
  -1.25233637e-02]
 [-2.71177363e-04  6.17070584e-02  1.47152497e-01 -8.02025842e-02
  -6.74658867e-02]
 [-7.47928336e-02 -9.49659033e-02 -1.95052448e-01 -1.62754074e-01
   2.90568981e-02]]
U = [[ 0.11909782  0.07634434  0.27712578  0.42392939 -0.03126324]
 [-0.28272967 -0.02615035  0.01932488  0.05903197  0.09111138]
 [ 0.13659031 -0.07761789 -0.12793369 -0.11511935  0.11173246]
 [ 0.24931294 -0.05749089  0.39048414  0.06443344 -0.18674463]
 [-0.14861171  0.04283942 -0.23569568 -0.01538386  0.0276766 ]]
Matrix Pair 38; W = [[ 0.2712149  -0.05585691  0.07039357 -0.16335228  0.1675153 ]
 [-0.05924959 -0.36659457 -0.04648383  0.2032967  -0.07626584]
 [-0.08694733 -0.03349925 -0.01729263  0.06370858  0.02704324]
 [-0.00916721  0.1162833   0.14137383 -0.06423951 -0.05023503]
 [-0.08368062 -0.06098797 -0.21834988 -0.24731509  0.0377322 ]]
U = [[ 0.09913495  0.07774276  0.28360258  0.39804458 -0.08969692]
 [-0.2489445  -0.06358504  0.03182833  0.00445421  0.16948892]
 [ 0.07805763 -0.14034101 -0.11046947 -0.12293837  0.15930143]
 [ 0.24434728 -0.00291489  0.34604738  0.01516434 -0.15489949]
 [-0.16168895  0.00205373 -0.25198976 -0.06292056  0.09298452]]
Matrix Pair 39; W = [[ 0.29893877 -0.09231237  0.05085661 -0.07694706  0.10931707]
 [-0.04635318 -0.37713288 -0.03248281  0.15140679 -0.0364766 ]
 [-0.12491293 -0.02645691 -0.08147921  0.044071   -0.01079845]
 [-0.02812844  0.07733309  0.19280633 -0.02264379 -0.00873012]
 [-0.09472434 -0.10303407 -0.19200994 -0.21943337  0.04061964]]
U = [[ 0.13339599  0.01988584  0.3552857   0.39748469 -0.03736962]
 [-0.25234027 -0.0196368   0.07564632  0.0092199   0.13241123]
 [ 0.14785436 -0.12543371 -0.1844706  -0.17533726  0.10496242]
 [ 0.26300129  0.02469338  0.36701997  0.00460387 -0.22815433]
 [-0.2016881  -0.02760801 -0.31557138 -0.01970587  0.04127446]]
Matrix Pair 40; W = [[ 0.26347774 -0.08300484  0.06740578 -0.08505253  0.12106563]
 [-0.01485852 -0.41282705 -0.08766292  0.16644055 -0.05601718]
 [-0.10754321  0.00195353 -0.08422889  0.09069325  0.05832378]
 [-0.08271894  0.07673228  0.19310071 -0.02562544 -0.09398351]
 [-0.07371268 -0.06326135 -0.18478279 -0.16228688  0.05288412]]
U = [[ 0.09004223  0.09392017  0.28053909  0.39401786 -0.03441177]
 [-0.3059077  -0.05955527  0.05332008  0.06450612  0.11211445]
 [ 0.13894315 -0.17070597 -0.12678069 -0.1696582   0.13813635]
 [ 0.29275147  0.00409787  0.30200456  0.02201598 -0.20054354]
 [-0.17940845  0.06472342 -0.25228759 -0.00622256  0.08545168]]
Matrix Pair 41; W = [[ 0.28535234 -0.07080243  0.09096953 -0.08865974  0.11905474]
 [-0.0465335  -0.4101527  -0.04092524  0.20719972 -0.09771085]
 [-0.08393504 -0.02789991 -0.04130684  0.07742016  0.07291317]
 [-0.09482944  0.12287787  0.14352565 -0.04369248 -0.06264018]
 [-0.04985124 -0.09607772 -0.18879461 -0.22257697  0.06511001]]
U = [[ 0.09157379  0.07303272  0.35595026  0.40680387 -0.01943727]
 [-0.31402162 -0.05194238  0.0752134   0.0214172   0.12748203]
 [ 0.09437433 -0.14496634 -0.18246674 -0.1494196   0.15147064]
 [ 0.27835873 -0.05997351  0.34052153  0.03571484 -0.21298986]
 [-0.2392038   0.0550319  -0.30994037 -0.03431438  0.08846895]]
Matrix Pair 42; W = [[ 0.28309807 -0.09064472  0.12107861 -0.15647466  0.16979104]
 [ 0.01056923 -0.43791943 -0.06870716  0.17202856 -0.05183757]
 [-0.09815199 -0.04960936  0.00689004  0.11408283  0.04879976]
 [-0.07185852  0.12485923  0.19360652 -0.00662452 -0.08517693]
 [-0.13552404 -0.07308196 -0.24795837 -0.15767286  0.05496733]]
U = [[ 0.09695236  0.01058165  0.26586669  0.46722675 -0.04767845]
 [-0.30785485 -0.0116282   0.03731707  0.07998068  0.11442831]
 [ 0.06127829 -0.17461208 -0.13445272 -0.12765844  0.13589116]
 [ 0.29306293 -0.06133034  0.31030033  0.03749558 -0.17621174]
 [-0.20298268 -0.01755759 -0.23689713 -0.05755553  0.04277789]]
Matrix Pair 43; W = [[ 0.31592866 -0.05361298  0.07901881 -0.13999513  0.09985463]
 [ 0.00293029 -0.44991657 -0.02896567  0.24171213 -0.09777845]
 [-0.13189386 -0.01883393 -0.05098782  0.12539565 -0.00502795]
 [-0.02441469  0.14086626  0.14015392 -0.00737867 -0.07181325]
 [-0.06809958 -0.06664385 -0.15794918 -0.16616874  0.09926681]]
U = [[ 0.11522463  0.0587633   0.30985103  0.45803879 -0.0816311 ]
 [-0.32320532 -0.03517252  0.0205169   0.01354208  0.14881669]
 [ 0.08726996 -0.09577095 -0.11068733 -0.11756135  0.09402324]
 [ 0.29905711 -0.01967127  0.37238549  0.0708379  -0.21645266]
 [-0.1566239   0.04758357 -0.27967786 -0.04864231  0.00880977]]
Matrix Pair 44; W = [[ 0.34031496 -0.07045791  0.05099494 -0.11315861  0.07982688]
 [-0.05771558 -0.41890809 -0.03252588  0.17230378 -0.07069143]
 [-0.1777226  -0.07329086 -0.04218332  0.10338754 -0.01552714]
 [-0.02848724  0.09142676  0.17266635 -0.0012206  -0.03880066]
 [-0.12631472 -0.12032662 -0.19226117 -0.17231706  0.0359561 ]]
U = [[ 0.17545782  0.08056297  0.2746372   0.47537818 -0.03106941]
 [-0.33313028 -0.02756145  0.05693893  0.08815391  0.16695563]
 [ 0.08325281 -0.13695516 -0.11031836 -0.18146823  0.17799645]
 [ 0.31573387 -0.0508619   0.33559761  0.02783613 -0.17494562]
 [-0.24321531  0.06674603 -0.22401891 -0.05693432 -0.0017853 ]]
Matrix Pair 45; W = [[ 2.71232460e-01 -1.18297874e-02  1.03900540e-01 -8.55262208e-02
   1.33025408e-01]
 [-4.46236239e-02 -4.21483320e-01 -5.68690657e-02  1.85981693e-01
  -6.44761263e-02]
 [-1.05484458e-01 -6.98761443e-02 -2.96295455e-04  1.18290532e-01
   7.58740427e-03]
 [-4.41093365e-02  9.78853218e-02  1.72672992e-01 -3.70541760e-02
  -5.26551486e-02]
 [-7.89123451e-02 -1.06707474e-01 -1.68130107e-01 -1.88977940e-01
   5.08800023e-02]]
U = [[ 0.14263563  0.04930736  0.27042193  0.44366479 -0.10269173]
 [-0.25568184 -0.02947654  0.07680401  0.00827317  0.12264088]
 [ 0.11010021 -0.15283132 -0.16270464 -0.15965564  0.10203657]
 [ 0.28866502 -0.04251342  0.31645067  0.02814001 -0.23490437]
 [-0.23241735  0.03041161 -0.24823806  0.0014058   0.03699877]]
Matrix Pair 46; W = [[ 0.32604596 -0.0831492   0.04600211 -0.1283167   0.10650529]
 [ 0.00082337 -0.43888736 -0.04107012  0.22284376 -0.10166392]
 [-0.0912126  -0.07450952 -0.03685188  0.03682755 -0.00994619]
 [-0.03400859  0.06196544  0.167986   -0.03184911 -0.04899855]
 [-0.12213059 -0.09451295 -0.22199539 -0.23194555  0.11376459]]
U = [[ 0.10196482  0.04928427  0.2702408   0.47721563 -0.03862714]
 [-0.29206992 -0.05563074  0.10599133  0.00267012  0.0847727 ]
 [ 0.06832329 -0.17340336 -0.1386849  -0.20093565  0.15292297]
 [ 0.28635767 -0.02694432  0.36310288  0.06439234 -0.22933206]
 [-0.16481724 -0.00235564 -0.31772862 -0.03206849  0.08527706]]
Matrix Pair 47; W = [[ 0.26714767 -0.00201191  0.06150149 -0.14361792  0.08989185]
 [-0.00579134 -0.39395241 -0.04538977  0.24091283 -0.11815572]
 [-0.08565721 -0.04964079 -0.06396207  0.12751429  0.01264778]
 [-0.0710821   0.14429977  0.17959611  0.00331618 -0.06775863]
 [-0.07305357 -0.14559028 -0.22983334 -0.23813817  0.0864305 ]]
U = [[ 0.09940585  0.09189877  0.3237479   0.47511882 -0.08100605]
 [-0.34011154  0.00500628  0.04880693  0.06701001  0.10569566]
 [ 0.08606356 -0.1219257  -0.11202135 -0.1817773   0.09141055]
 [ 0.30541308  0.01932476  0.39490115  0.01957882 -0.20965692]
 [-0.2059118  -0.006913   -0.22951453 -0.02798019  0.03074472]]
Matrix Pair 48; W = [[ 0.2840429  -0.05259494  0.01469261 -0.17521104  0.11422172]
 [-0.02469858 -0.37788839 -0.07403692  0.23686932 -0.14657324]
 [-0.0888214   0.08212772 -0.01895086  0.04365167  0.04218949]
 [-0.07182763  0.11875243  0.19247581 -0.04780885 -0.07281778]
 [-0.11312111 -0.10315866 -0.0892497  -0.13924221  0.01192558]]
U = [[ 1.61988972e-01  9.74070212e-03  3.21021581e-01  4.08261274e-01
   3.66629112e-02]
 [-4.19228240e-01 -3.08868558e-02  1.00070960e-01  1.39949934e-01
   1.49542524e-01]
 [ 4.22585871e-02 -1.62798743e-01 -2.01922331e-01 -1.79299359e-01
   1.46193938e-01]
 [ 2.23976108e-01 -1.06742225e-01  3.22747186e-01 -7.73465123e-03
  -1.63122981e-01]
 [-1.57586948e-01 -4.40120839e-03 -1.71217350e-01  2.17909041e-04
   8.29278909e-02]]
Matrix Pair 49; W = [[ 0.26657609 -0.07659202  0.05282821 -0.13699776  0.14535547]
 [-0.06755412 -0.40025021 -0.01628937  0.18067937 -0.1307521 ]
 [-0.07349191  0.03020026  0.02074065  0.0538602   0.02974745]
 [-0.06588688  0.09113383  0.16024833 -0.07355586 -0.03288601]
 [-0.09421009 -0.12443394 -0.08530667 -0.15823261  0.03196194]]
U = [[ 0.16679715  0.08169236  0.27620332  0.36021043  0.03950459]
 [-0.34656898 -0.07630433  0.14412695  0.15097017  0.09285078]
 [ 0.02293982 -0.15510177 -0.14643527 -0.12556282  0.16724895]
 [ 0.25731953 -0.02446502  0.27257583 -0.0643581  -0.2159892 ]
 [-0.11943573 -0.00410251 -0.24279953 -0.04216459  0.02300371]]
Matrix Pair 50; W = [[ 0.29331137 -0.08986741  0.07963407 -0.16604184  0.1018769 ]
 [-0.01711116 -0.41334015 -0.05891863  0.23406644 -0.20665735]
 [-0.03626569  0.01191862 -0.04884774  0.06937125  0.06816103]
 [-0.09592047  0.09978955  0.18442794 -0.04525615 -0.1002322 ]
 [-0.06494884 -0.07270508 -0.08871363 -0.15077614  0.04335183]]
U = [[ 0.17792666  0.0750059   0.28446081  0.34696159  0.01614132]
 [-0.40464378 -0.04728166  0.0455971   0.13137803  0.08327291]
 [ 0.04245869 -0.12276759 -0.12540081 -0.13640336  0.18371173]
 [ 0.23925466 -0.09702827  0.33524611 -0.02241719 -0.13545723]
 [-0.15018859 -0.04994974 -0.19816477 -0.0018237   0.08648449]]
Matrix Pair 51; W = [[ 0.33978766 -0.10548598  0.07461233 -0.16665516  0.16080028]
 [-0.05110842 -0.41864907 -0.04237637  0.21765629 -0.12037167]
 [-0.06828175  0.02995353 -0.05952401  0.06886572  0.0182228 ]
 [-0.06994477  0.12691311  0.22251521 -0.02790229 -0.04519448]
 [-0.02819888 -0.07146647 -0.09992816 -0.18048334 -0.01359626]]
U = [[ 0.15148182  0.05704437  0.24247119  0.33597583  0.07207119]
 [-0.39969298 -0.01426587  0.11878285  0.17158811  0.15753276]
 [ 0.04577198 -0.09807613 -0.14947039 -0.16266563  0.17919624]
 [ 0.26199922 -0.09643388  0.26165001  0.01826208 -0.1675327 ]
 [-0.18354683 -0.06990084 -0.25972442 -0.0123095   0.03503957]]
Matrix Pair 52; W = [[ 0.31255209 -0.06451374  0.07472871 -0.13659679  0.13784297]
 [-0.0743528  -0.37800007 -0.06983049  0.18026283 -0.20018207]
 [-0.02989625  0.00731889 -0.05678603  0.11495918  0.03449604]
 [-0.02893595  0.07716189  0.1530524  -0.04551802 -0.10903235]
 [-0.05141504 -0.08054561 -0.12902902 -0.13565517  0.03960428]]
U = [[ 0.15793995  0.03949062  0.2396884   0.37298368  0.03905837]
 [-0.37752105 -0.01185395  0.04770767  0.11283107  0.09081271]
 [ 0.07514589 -0.09311909 -0.14026205 -0.1441084   0.17037818]
 [ 0.24366749 -0.05111448  0.299124   -0.00701681 -0.18362837]
 [-0.11588927 -0.0620346  -0.22238902 -0.01519394  0.09100189]]
Matrix Pair 53; W = [[ 0.33633881 -0.08264508  0.09218946 -0.16448566  0.10624475]
 [-0.04199984 -0.3220295  -0.03841324  0.188527   -0.13072637]
 [-0.09856048 -0.00313121 -0.0554311   0.12474613  0.01637501]
 [-0.08930658  0.12590669  0.23279516 -0.06929276 -0.0991553 ]
 [-0.06462386 -0.07365755 -0.12964411 -0.15396758 -0.01595338]]
U = [[ 0.14514189  0.08443516  0.24783671  0.3442075   0.07625459]
 [-0.37313673 -0.05496818  0.06983942  0.08223524  0.10041947]
 [ 0.01948098 -0.12339904 -0.13683324 -0.20424106  0.1940009 ]
 [ 0.2927321  -0.02527816  0.32681435 -0.06983242 -0.14026685]
 [-0.18146595 -0.02311408 -0.20780465  0.00636484  0.05580497]]
Matrix Pair 54; W = [[ 0.27662654 -0.01930201  0.10552044 -0.16564794  0.12494907]
 [-0.07790909 -0.38010913  0.007597    0.24288982 -0.14475267]
 [-0.0896197   0.00983574 -0.04850761  0.07522235 -0.0027314 ]
 [-0.06419216  0.0639859   0.23375126 -0.06261505 -0.06088743]
 [-0.03521858 -0.10184169 -0.11663709 -0.12068804 -0.04377918]]
U = [[ 0.22725905  0.0873585   0.22527679  0.34247172  0.06018286]
 [-0.33946718 -0.01871668  0.13205426  0.08766058  0.09399168]
 [ 0.02594761 -0.19121267 -0.19537272 -0.2088895   0.18377666]
 [ 0.22303043 -0.08556466  0.30285217 -0.03391309 -0.19292733]
 [-0.12416178 -0.05171471 -0.17481823 -0.03088273  0.07983025]]
Matrix Pair 55; W = [[ 2.61891413e-01 -6.15554609e-02  8.88504573e-02 -1.67304483e-01
   1.28368030e-01]
 [-6.07618045e-02 -3.81837252e-01 -7.18287771e-03  1.66080836e-01
  -1.74776105e-01]
 [-6.92481571e-02  9.36517201e-02 -6.41485351e-02  3.86622132e-02
   3.01130411e-02]
 [-2.43073482e-02  1.18049404e-01  1.60216490e-01 -8.52006554e-02
  -6.14840083e-02]
 [-4.06443630e-02 -9.86501463e-02 -1.13714061e-01 -1.43465843e-01
   2.31295046e-04]]
U = [[ 0.13741218  0.06198815  0.22763853  0.41274527 -0.01911699]
 [-0.40021216 -0.00939665  0.09392699  0.13141833  0.14075461]
 [ 0.08969143 -0.15616718 -0.20143662 -0.18176373  0.22169749]
 [ 0.25486371 -0.04229321  0.25135893 -0.00652269 -0.12405207]
 [-0.14882775  0.00896129 -0.21197521 -0.07086632  0.09332968]]
Matrix Pair 56; W = [[ 0.27783746 -0.08919769  0.02221076 -0.20723225  0.09731826]
 [-0.08652373 -0.40120544 -0.01619638  0.18398243 -0.18002124]
 [-0.09713318  0.09070717 -0.00976013  0.13287676 -0.01263176]
 [-0.11181184  0.08595353  0.20025544 -0.02357486 -0.05679363]
 [-0.07935575 -0.10387255 -0.14911368 -0.12997324 -0.01123876]]
U = [[ 0.22174434  0.06661721  0.31104397  0.361795    0.04617   ]
 [-0.34044861 -0.0574467   0.08052901  0.12093299  0.16509566]
 [ 0.11415726 -0.17170664 -0.15153261 -0.12225069  0.24352243]
 [ 0.22622937 -0.08134011  0.26031736 -0.07477943 -0.14421935]
 [-0.15545896 -0.05312017 -0.22431778 -0.08861502  0.07002229]]
Matrix Pair 57; W = [[ 0.2926954  -0.04328677  0.11194688 -0.12049636  0.1088211 ]
 [-0.08125561 -0.37149143 -0.04281862  0.19664895 -0.1932642 ]
 [-0.02944549  0.04437894 -0.05479898  0.11894497 -0.0158994 ]
 [-0.05211448  0.06246395  0.24619632 -0.03493359 -0.10774871]
 [-0.10613563 -0.07963565 -0.08734491 -0.16913578  0.02546572]]
U = [[ 0.22382039  0.02869352  0.31903455  0.36974665  0.04131448]
 [-0.41122968 -0.08761823  0.05236728  0.09642316  0.1733417 ]
 [ 0.06493259 -0.18542214 -0.15768783 -0.20357229  0.17480731]
 [ 0.22446517 -0.0252174   0.34124573  0.00207103 -0.1853701 ]
 [-0.16335627 -0.02005207 -0.26430372 -0.04528398  0.03182506]]
Matrix Pair 58; W = [[ 0.26871336 -0.02738291  0.04967688 -0.14157805  0.17448076]
 [-0.0124158  -0.38567484 -0.04651174  0.15355842 -0.15464895]
 [-0.018812    0.05900246 -0.01096858  0.07999909  0.05596798]
 [-0.03528056  0.06175409  0.2272511  -0.0594206  -0.08599548]
 [-0.03345103 -0.07366693 -0.07156635 -0.14793604  0.03095944]]
U = [[ 0.20157046  0.1047301   0.28701128  0.36682384 -0.00774551]
 [-0.36290386 -0.08565734  0.09866832  0.08536697  0.10615543]
 [ 0.06326076 -0.16830117 -0.13277093 -0.15759812  0.188776  ]
 [ 0.29018357 -0.03055103  0.31158072 -0.02476407 -0.12765644]
 [-0.18427608 -0.03907149 -0.20502926 -0.07394658  0.04802431]]
Matrix Pair 59; W = [[ 0.31860694 -0.01950061  0.08315488 -0.17535701  0.17135046]
 [-0.06972834 -0.32583185 -0.03383691  0.18150072 -0.18727436]
 [-0.11153372  0.08709714 -0.05826732  0.13699504  0.03136463]
 [-0.04735046  0.09811197  0.19829186 -0.01472229 -0.11015346]
 [-0.04701656 -0.1280912  -0.12816664 -0.12743215 -0.03294677]]
U = [[ 0.18642999  0.02078559  0.27125876  0.38014466  0.01306029]
 [-0.37783657 -0.09882631  0.06638654  0.16230512  0.13409156]
 [ 0.10163251 -0.17602319 -0.19716058 -0.15389133  0.19921125]
 [ 0.2657929  -0.09837894  0.32101053 -0.06334118 -0.17588171]
 [-0.19844535 -0.07654932 -0.20787051 -0.01349957  0.09223819]]
Matrix Pair 60; W = [[ 0.29520887 -0.04239891  0.08234591 -0.12411864  0.17830816]
 [-0.07286529 -0.3941876  -0.01432815  0.18289948 -0.12658453]
 [-0.09532469 -0.00547924 -0.05232417  0.11841532  0.06318079]
 [-0.0604603   0.11854848  0.24907328 -0.00914682 -0.0417299 ]
 [-0.04808183 -0.07688095 -0.1246608  -0.16521546  0.00259521]]
U = [[ 0.16413132  0.0691239   0.2407499   0.37868485  0.07137012]
 [-0.37725223 -0.01689039  0.07688423  0.11373601  0.17360554]
 [ 0.10330361 -0.12935153 -0.12191496 -0.13322202  0.18605758]
 [ 0.2108675  -0.08248331  0.34592295 -0.00495567 -0.16150021]
 [-0.13433696 -0.01623951 -0.24274141  0.00589963  0.06544026]]
Matrix Pair 61; W = [[ 0.33981988 -0.04062387  0.04317328 -0.18022354  0.12569856]
 [-0.08442562 -0.38182318 -0.04116357  0.24902788 -0.15015203]
 [-0.03002062  0.04212854 -0.05663407  0.10600418  0.05882818]
 [-0.01905095  0.06023625  0.24151491 -0.04903793 -0.04636414]
 [-0.07879219 -0.058119   -0.08163707 -0.15730786  0.00491324]]
U = [[ 0.15739291  0.02194418  0.24024947  0.36987204  0.04017424]
 [-0.31960558 -0.03325727  0.08012743  0.11213452  0.08384569]
 [ 0.03136153 -0.12114525 -0.18335767 -0.16819077  0.22138519]
 [ 0.27881725 -0.09839199  0.28774706 -0.04618764 -0.20945834]
 [-0.18940971 -0.02635973 -0.17979757  0.00188177  0.00506982]]
Matrix Pair 62; W = [[ 0.30098649 -0.10518341  0.07533346 -0.14032269  0.1900533 ]
 [-0.00461992 -0.38173103 -0.04245562  0.23879855 -0.14260741]
 [-0.01290713  0.04417639  0.00784537  0.09491237  0.0125773 ]
 [-0.09017384  0.1145751   0.21638916 -0.00169212 -0.09216022]
 [-0.02998468 -0.07861278 -0.09695854 -0.11373187 -0.01922453]]
U = [[ 0.17344008  0.0333275   0.26297088  0.41249992  0.03078997]
 [-0.40753287 -0.06326744  0.05309024  0.1169421   0.10084407]
 [ 0.11274111 -0.12103445 -0.17303005 -0.13235822  0.18276417]
 [ 0.26220465 -0.05814215  0.30181747 -0.06524129 -0.17477593]
 [-0.13933912  0.00656769 -0.23978747 -0.02506571  0.02823752]]
Matrix Pair 63; W = [[ 0.26988805 -0.0874377   0.07460337 -0.18138569  0.14255787]
 [-0.03396338 -0.35609943 -0.07673908  0.18119418 -0.13747644]
 [-0.09197009  0.02565368 -0.04766963  0.05101069  0.05433448]
 [-0.10756906  0.05543661  0.16223524 -0.05672398 -0.08675494]
 [-0.04031879 -0.06288777 -0.1183246  -0.1128977   0.04006106]]
U = [[ 0.18870938  0.02085315  0.27751355  0.41282005  0.00211876]
 [-0.38659493 -0.06833887  0.13761197  0.11915612  0.09389826]
 [ 0.07745889 -0.11040298 -0.1611968  -0.12412833  0.19174221]
 [ 0.24645919 -0.07996036  0.30264719  0.0052745  -0.18364601]
 [-0.11473921 -0.06689565 -0.21660115 -0.07081781  0.07291649]]
Matrix Pair 64; W = [[ 0.3216537  -0.03032289  0.09670954 -0.12428256  0.19650919]
 [-0.03190148 -0.33628948 -0.07836012  0.22400257 -0.09292729]
 [-0.09558031  0.03212876 -0.00407104  0.03346594  0.00494509]
 [ 0.03433454  0.04948914  0.12950939 -0.07952764 -0.04701419]
 [-0.07524458 -0.13093641 -0.17819049 -0.11678755  0.00345848]]
U = [[ 0.15899948  0.02260549  0.25570372  0.36616852 -0.07084196]
 [-0.31357632 -0.04613374  0.10267251  0.06180269  0.07846021]
 [ 0.08729072 -0.13205029 -0.12986964 -0.17817445  0.09215713]
 [ 0.28239382 -0.03750292  0.20757497  0.0268027  -0.23089967]
 [-0.19525404 -0.01021435 -0.28498271 -0.00109936  0.08781075]]
Matrix Pair 65; W = [[ 0.32905227 -0.07067033  0.0533088  -0.1318402   0.20445631]
 [-0.01214202 -0.33180585 -0.12166168  0.27412869 -0.12156378]
 [-0.06101107 -0.02840197 -0.03385949  0.04397416  0.07323947]
 [-0.00541994  0.03819011  0.16834682 -0.05580933 -0.05053613]
 [-0.07512675 -0.14805879 -0.10286607 -0.16199545 -0.02185735]]
U = [[ 0.21540083  0.08134507  0.24354714  0.44333409 -0.03830457]
 [-0.33950857 -0.07701994  0.10384629  0.10716039  0.10166341]
 [ 0.09389262 -0.11893374 -0.15378428 -0.13792103  0.10312013]
 [ 0.27317146 -0.08074385  0.24542202 -0.04765848 -0.20830298]
 [-0.21447617 -0.01309799 -0.24198619 -0.01627393  0.10549114]]
Matrix Pair 66; W = [[ 0.32875993 -0.10821637  0.127786   -0.09805826  0.15617571]
 [ 0.00438348 -0.38412857 -0.12702613  0.23574789 -0.04787743]
 [-0.12503829  0.03865867 -0.03753839  0.10616984  0.07062863]
 [ 0.00414229  0.05424159  0.10085094 -0.10543039 -0.12751567]
 [-0.06889277 -0.11749911 -0.10051448 -0.20637083 -0.01785587]]
U = [[ 0.19309829  0.06604832  0.19361405  0.38350529 -0.07971385]
 [-0.37241792  0.00394357  0.06400122  0.08463102  0.15800352]
 [ 0.06129197 -0.10711349 -0.17181125 -0.12114491  0.13449766]
 [ 0.28868473 -0.03903685  0.21508556  0.01776748 -0.21538189]
 [-0.1704635  -0.02869962 -0.29566468 -0.02566493  0.10656419]]
Matrix Pair 67; W = [[ 3.42531225e-01 -8.80187175e-02  6.80760803e-02 -1.45054684e-01
   1.75901756e-01]
 [-1.22045601e-04 -3.23271194e-01 -5.97374619e-02  2.01687516e-01
  -9.01576151e-02]
 [-4.53211563e-02 -8.24755881e-03 -1.53142117e-02  1.08169662e-01
   5.06069595e-02]
 [-1.61776986e-02  8.72315016e-03  1.33347700e-01 -1.22927279e-01
  -1.29356565e-01]
 [-9.32284473e-02 -1.47047151e-01 -1.25952584e-01 -2.06123603e-01
  -2.62559783e-02]]
U = [[ 0.21014285  0.05085144  0.29186953  0.40734149 -0.01701247]
 [-0.2899396  -0.05162811  0.12155422  0.05583091  0.06662252]
 [ 0.09303599 -0.10311869 -0.14546535 -0.20222847  0.18146908]
 [ 0.24690872 -0.02135057  0.22031743 -0.05544159 -0.16762799]
 [-0.20148606 -0.040879   -0.2947702  -0.0620775   0.11115924]]
Matrix Pair 68; W = [[ 0.25013517 -0.09666183  0.13049797 -0.18873585  0.19667394]
 [-0.02949232 -0.34305736 -0.05265685  0.24020307 -0.12560293]
 [-0.06399033  0.03451914  0.01026378  0.0449671   0.05780835]
 [-0.01749119  0.01365786  0.18047201 -0.10262427 -0.0807753 ]
 [-0.14466618 -0.10036911 -0.1026901  -0.19590182  0.05312726]]
U = [[ 1.62868422e-01  2.44053067e-02  2.09070484e-01  4.24142745e-01
  -2.48115444e-02]
 [-3.07591928e-01 -4.46523907e-02  7.66707774e-02  5.92161135e-02
   9.02331545e-02]
 [ 1.25940119e-01 -1.03305969e-01 -1.48296772e-01 -1.92866168e-01
   1.74045986e-01]
 [ 2.17885220e-01 -8.05046841e-02  2.90174598e-01 -2.17445590e-03
  -2.11931432e-01]
 [-1.34880720e-01  6.28863266e-03 -2.11879265e-01  2.63175898e-04
   9.18738752e-02]]
Matrix Pair 69; W = [[ 0.31805667 -0.05959026  0.12315738 -0.10270725  0.18427283]
 [-0.08136873 -0.40874422 -0.07165957  0.26600191 -0.11689622]
 [-0.08367373  0.04573451 -0.01505796  0.08456943  0.01487836]
 [ 0.01299297  0.06723425  0.16745415 -0.03424877 -0.03930607]
 [-0.08251315 -0.10280994 -0.13890003 -0.17615517  0.03478911]]
U = [[ 0.15040977  0.05825458  0.24073626  0.38297128  0.00477538]
 [-0.3584037  -0.05750875  0.09027493  0.10585183  0.0750791 ]
 [ 0.0963577  -0.08699602 -0.15985454 -0.1530991   0.16130459]
 [ 0.2615908  -0.00363376  0.29113616  0.00415283 -0.22426915]
 [-0.18567805  0.03023256 -0.24021821 -0.04344977  0.05950853]]
Matrix Pair 70; W = [[ 0.32304318 -0.06182953  0.0835456  -0.12169794  0.23369832]
 [-0.07064025 -0.41406324 -0.05763734  0.25659619 -0.06358923]
 [-0.03871458  0.05558988 -0.06196297  0.08623837  0.03637982]
 [-0.0029703   0.05106357  0.1402178  -0.12457674 -0.03814391]
 [-0.12628137 -0.0960701  -0.11768546 -0.20335367  0.02601829]]
U = [[ 0.20089812  0.08743111  0.20240386  0.37287729 -0.02598315]
 [-0.30145151  0.00055481  0.14050845  0.12690777  0.14570908]
 [ 0.07761544 -0.051178   -0.16666518 -0.15142232  0.15905771]
 [ 0.20951592 -0.04357703  0.20878383 -0.06106635 -0.24064228]
 [-0.18253111  0.02940332 -0.29543779 -0.0223195   0.06616268]]
Matrix Pair 71; W = [[ 0.33727186 -0.05413412  0.13534256 -0.12140233  0.17973775]
 [-0.08433372 -0.3734589  -0.11206443  0.24032744 -0.1303625 ]
 [-0.09511211 -0.00181984 -0.01703957  0.07718307  0.0606165 ]
 [-0.02130127  0.01548306  0.13372444 -0.09300622 -0.05009423]
 [-0.12998146 -0.12534535 -0.17802081 -0.1648671  -0.02130726]]
U = [[ 0.19789869  0.08771363  0.25755011  0.42953475 -0.05874805]
 [-0.37193157 -0.05548885  0.12698392  0.13732055  0.15226494]
 [ 0.10160321 -0.06674889 -0.17964778 -0.14625647  0.18130012]
 [ 0.23666441 -0.00755587  0.21646117  0.03105473 -0.18150772]
 [-0.18443739 -0.02378359 -0.20548388 -0.03238638  0.02868172]]
Matrix Pair 72; W = [[ 0.3238817  -0.04554202  0.07742664 -0.11464906  0.20384552]
 [-0.03816265 -0.35947636 -0.03893669  0.27491019 -0.11528408]
 [-0.11368741  0.05082522 -0.02367389  0.07916441  0.01832872]
 [ 0.00232108  0.01723351  0.11245788 -0.11110904 -0.04050774]
 [-0.08139472 -0.0884613  -0.14276801 -0.16931383  0.06278232]]
U = [[ 0.20957495  0.11022727  0.23230224  0.40696219 -0.08627179]
 [-0.28875845 -0.03472631  0.09455386  0.10247292  0.10079502]
 [ 0.08573227 -0.14184974 -0.14041066 -0.16598736  0.16112115]
 [ 0.21915532 -0.03885398  0.22485644  0.00404904 -0.18566122]
 [-0.16438131 -0.00361354 -0.29209279 -0.07738611  0.11208605]]
Matrix Pair 73; W = [[ 0.24742401 -0.0651021   0.06278427 -0.19309242  0.20114679]
 [-0.03011864 -0.41701593 -0.04331587  0.19572752 -0.1204312 ]
 [-0.07096533 -0.0149602  -0.07746815  0.11090034  0.0133672 ]
 [-0.03710943  0.07072091  0.14006811 -0.02654535 -0.07782362]
 [-0.10219096 -0.12139981 -0.17782017 -0.1803928  -0.01394123]]
U = [[ 0.15079565  0.07109205  0.22878113  0.39648948 -0.00711186]
 [-0.33471141 -0.05774429  0.13966936  0.12423788  0.07184454]
 [ 0.06145819 -0.07823487 -0.13999868 -0.17738434  0.18177443]
 [ 0.20181148 -0.07158947  0.21840291 -0.04469574 -0.22976384]
 [-0.1639309   0.03143544 -0.26197085 -0.07111181  0.05882786]]
Matrix Pair 74; W = [[ 0.32166354 -0.10527253  0.05124476 -0.15172858  0.22046368]
 [-0.0860745  -0.37936218 -0.03590362  0.2593488  -0.11977559]
 [-0.0266363  -0.00396637 -0.04729192  0.09428574  0.04207908]
 [-0.00986969  0.03594728  0.16039587 -0.03742805 -0.03164099]
 [-0.1367623  -0.0549449  -0.16187409 -0.13756528  0.0369549 ]]
U = [[ 0.21790364  0.08110657  0.27364751  0.34588639  0.00384201]
 [-0.35390004 -0.03368681  0.11550414  0.05944006  0.16012969]
 [ 0.07881009 -0.13919809 -0.10192188 -0.15057369  0.1575154 ]
 [ 0.23182908 -0.03273773  0.21841836 -0.04219178 -0.16462379]
 [-0.17210329  0.03300958 -0.23004349 -0.03984618  0.08002621]]
Matrix Pair 75; W = [[ 0.34315109 -0.11832886  0.10359712 -0.10388805  0.14779589]
 [-0.03254267 -0.32514449 -0.04297716  0.28310262 -0.08104986]
 [-0.02646613 -0.03736013 -0.0436004   0.10450167  0.02091676]
 [-0.0259204  -0.00530317  0.10221508 -0.06383785 -0.12746733]
 [-0.07099404 -0.05074961 -0.13168432 -0.18612044 -0.01141746]]
U = [[ 0.13027406  0.09169349  0.2087434   0.40894863 -0.08224071]
 [-0.2944381  -0.08464738  0.10369209  0.12954171  0.06260524]
 [ 0.07740014 -0.14210511 -0.10375758 -0.18730601  0.1330461 ]
 [ 0.22798643 -0.10150123  0.25060087  0.01768588 -0.16435042]
 [-0.13964734  0.02856356 -0.29587824 -0.00361569  0.07111746]]
Matrix Pair 76; W = [[ 0.28225656 -0.11808947  0.03793383 -0.18642984  0.17252191]
 [-0.05125177 -0.36026943 -0.09602552  0.28180571 -0.06687889]
 [-0.07131755  0.00579387 -0.02957942  0.06287471  0.00554949]
 [ 0.02669808  0.04378139  0.13695207 -0.05036225 -0.05048457]
 [-0.07857458 -0.10938372 -0.12610806 -0.1452291   0.04193245]]
U = [[ 0.1456813   0.051864    0.23604792  0.35329798 -0.00466186]
 [-0.36980297 -0.04835835  0.08172948  0.12532816  0.13612088]
 [ 0.05860751 -0.11523529 -0.10401631 -0.1406545   0.1236263 ]
 [ 0.19079335 -0.09670154  0.22819089 -0.05232028 -0.19055998]
 [-0.19474522 -0.05170605 -0.29786706 -0.03328905  0.02560305]]
Matrix Pair 77; W = [[ 0.28976817 -0.02820464  0.04491049 -0.16646461  0.15024864]
 [-0.02691079 -0.40725078 -0.03491331  0.25033421 -0.10694882]
 [-0.06643782  0.06053524 -0.04108206  0.06286154  0.06236633]
 [-0.02096837  0.02936368  0.11618565 -0.05536407 -0.09356896]
 [-0.11697385 -0.10966109 -0.13002078 -0.13912718 -0.03008107]]
U = [[ 0.13352393  0.06266661  0.23965143  0.37850845 -0.03013193]
 [-0.30682646 -0.02256403  0.06143917  0.09358375  0.10461011]
 [ 0.06318032 -0.12230149 -0.10473636 -0.13318653  0.09486269]
 [ 0.21916997 -0.09927599  0.21137332 -0.01778004 -0.19763258]
 [-0.13389906  0.02438692 -0.28245916 -0.03862152  0.08611753]]
Matrix Pair 78; W = [[ 0.30834747 -0.11617827  0.08383207 -0.13603199  0.14899389]
 [-0.03551047 -0.35472146 -0.11975905  0.19148031 -0.05686564]
 [-0.11445724  0.0533611   0.00114231  0.05417799  0.01189766]
 [ 0.02536706  0.0683634   0.09512998 -0.04734876 -0.06024043]
 [-0.10125783 -0.0896205  -0.14706515 -0.17741691 -0.02177522]]
U = [[ 0.2117985   0.05224819  0.26027547  0.43982589 -0.03857344]
 [-0.2932037  -0.00254869  0.11457672  0.10962635  0.13955666]
 [ 0.0947217  -0.04912109 -0.13735109 -0.19725457  0.09981945]
 [ 0.25922911 -0.06698633  0.27929572  0.0309265  -0.21747597]
 [-0.12505735 -0.01592134 -0.26266944 -0.02392692  0.05192052]]
Matrix Pair 79; W = [[ 0.32549557 -0.1228547   0.10087388 -0.1187795   0.23124781]
 [-0.0157164  -0.3599386  -0.12814188  0.24625471 -0.08013173]
 [-0.10881082  0.0305915  -0.06431721  0.12368898  0.06316786]
 [-0.06018783  0.05512334  0.11038148 -0.03385999 -0.069895  ]
 [-0.06821774 -0.12633932 -0.12573129 -0.12075408  0.05670031]]
U = [[ 0.20860721  0.11273039  0.19859492  0.3445004  -0.08086859]
 [-0.31804757  0.0076677   0.0895043   0.07175057  0.07206212]
 [ 0.13412048 -0.11787508 -0.16169612 -0.14774429  0.15026577]
 [ 0.28458542 -0.08374936  0.21071061 -0.05702017 -0.20712137]
 [-0.19930203 -0.03731426 -0.20623707 -0.02905654  0.10809222]]
Matrix Pair 80; W = [[ 0.25609193 -0.04100272  0.11279642 -0.19081732  0.1597742 ]
 [-0.04806939 -0.40647997 -0.0029889   0.15564632 -0.14150165]
 [-0.1052366   0.07996673 -0.06081417  0.04504752  0.08454637]
 [-0.11749468  0.01132679  0.14577378 -0.09552509 -0.07814075]
 [-0.18663415 -0.13645078 -0.13432819 -0.12840304  0.08845584]]
U = [[ 0.18381732  0.01637289  0.26586135  0.32827373 -0.00551975]
 [-0.32556123 -0.03101139  0.07866889  0.10673945  0.1781319 ]
 [ 0.10169637 -0.10001758 -0.18876474 -0.14015582  0.23192289]
 [ 0.17451026  0.04859766  0.32308267 -0.02152963 -0.2109315 ]
 [-0.15584141 -0.06256328 -0.27646346 -0.15438205 -0.01766807]]
Matrix Pair 81; W = [[ 0.26785177 -0.03171103  0.09199706 -0.19887382  0.16280591]
 [-0.09386263 -0.33861501 -0.0090721   0.20926157 -0.14928209]
 [-0.08926135  0.07488713 -0.05935354  0.09622029  0.00376341]
 [-0.12582239  0.06393743  0.18167112 -0.07668704 -0.04558383]
 [-0.2051634  -0.05848934 -0.14085401 -0.177611    0.10509954]]
U = [[ 0.17017716  0.04527793  0.24550052  0.37221711  0.00273626]
 [-0.34158434 -0.10623813  0.03288933  0.08890515  0.12537221]
 [ 0.09093968 -0.0832021  -0.13165325 -0.1803323   0.20542696]
 [ 0.26272905  0.01523451  0.32056426  0.04170305 -0.18321323]
 [-0.17784372 -0.01101058 -0.30529726 -0.11189339  0.01219384]]
Matrix Pair 82; W = [[ 0.27855601 -0.05698014  0.06144935 -0.17903322  0.1249109 ]
 [-0.12192362 -0.36714566 -0.01446262  0.18733724 -0.07558986]
 [-0.12540217  0.05285575 -0.01841969  0.09326417  0.01604383]
 [-0.13425529  0.03351849  0.14308202 -0.07628276 -0.06792611]
 [-0.18268697 -0.07387747 -0.14751638 -0.15705181  0.03482247]]
U = [[ 0.23527476 -0.00046095  0.32467344  0.41633465  0.00824104]
 [-0.38789482 -0.01872973  0.05627445  0.11573601  0.13533519]
 [ 0.10111336 -0.14375545 -0.20678993 -0.15938868  0.18727856]
 [ 0.22683141 -0.03490661  0.34044788 -0.02108703 -0.22871397]
 [-0.17136031 -0.01596854 -0.2870486  -0.11055845  0.00450867]]
Matrix Pair 83; W = [[ 0.33692634 -0.06517428  0.07520729 -0.16146159  0.15779275]
 [-0.09117165 -0.36147681 -0.07666482  0.14746442 -0.15309191]
 [-0.079197    0.08082521 -0.05740617  0.12281262  0.07651876]
 [-0.12663746  0.04063161  0.08734288 -0.00317752 -0.08325497]
 [-0.21143453 -0.08459173 -0.14829712 -0.22361907  0.05228073]]
U = [[ 0.23194488  0.05992512  0.30695393  0.3616427   0.00674713]
 [-0.37205023 -0.02985111  0.02879994  0.09964852  0.13042275]
 [ 0.0984098  -0.16783259 -0.17709206 -0.19251533  0.16190217]
 [ 0.26119179  0.02842705  0.3106404   0.02795281 -0.24043014]
 [-0.20811465 -0.05485346 -0.27123413 -0.14953902  0.02540804]]
Matrix Pair 84; W = [[ 0.25770866 -0.02943981  0.09970539 -0.19796676  0.19346383]
 [-0.1066575  -0.40337641 -0.08902788  0.13674426 -0.11558821]
 [-0.08065396  0.02062932 -0.03313339  0.07443357 -0.01319029]
 [-0.07975226  0.06212634  0.09762745 -0.00743912 -0.06265165]
 [-0.19753874 -0.12377065 -0.10368723 -0.16035685  0.02786445]]
U = [[ 0.18958063  0.03035956  0.28463951  0.3514097  -0.01785889]
 [-0.37691365 -0.04493864  0.10017835  0.09860408  0.09964765]
 [ 0.04992329 -0.14938385 -0.11190219 -0.15278011  0.16127071]
 [ 0.19160859 -0.01901405  0.29622977  0.00860087 -0.23237369]
 [-0.1117185  -0.04920714 -0.27115301 -0.14122244  0.04907868]]
Matrix Pair 85; W = [[ 0.27542779 -0.0116396   0.09540207 -0.18968815  0.18370196]
 [-0.05009432 -0.41143817 -0.0429036   0.21199707 -0.10490086]
 [-0.10051824 -0.0011275  -0.00887374  0.13267756  0.04592806]
 [-0.10565937  0.00232564  0.10414367 -0.00816604 -0.03811273]
 [-0.130783   -0.13016722 -0.14926158 -0.15907456  0.08291323]]
U = [[ 0.17322982  0.04960302  0.25434834  0.32525161 -0.06711505]
 [-0.33510223 -0.02283697  0.09164501  0.11158499  0.10791205]
 [ 0.0351603  -0.08865596 -0.13327283 -0.13475308  0.17080046]
 [ 0.18608772 -0.01998027  0.30594077 -0.01349631 -0.21046644]
 [-0.17371636 -0.08822246 -0.27471298 -0.06947534  0.02236629]]
Matrix Pair 86; W = [[ 0.26855297 -0.04550781  0.04393074 -0.23123939  0.12197522]
 [-0.11768076 -0.32938246 -0.00998276  0.17691627 -0.09195617]
 [-0.11410829  0.04387973  0.00131522  0.05867003  0.05799387]
 [-0.12628544 -0.00174247  0.08802115 -0.05326247 -0.10532894]
 [-0.11301434 -0.07461574 -0.18256868 -0.21611369  0.04958515]]
U = [[ 0.21710769  0.01590699  0.23017997  0.36639207 -0.01159477]
 [-0.40784425 -0.02946313  0.0791033   0.07060684  0.10634332]
 [ 0.03844978 -0.15399058 -0.12577359 -0.16075373  0.23024593]
 [ 0.20080027  0.00245828  0.29254428  0.02487321 -0.20827224]
 [-0.13703238 -0.03162689 -0.25299846 -0.14317699  0.02154874]]
Matrix Pair 87; W = [[ 0.34104233 -0.07823474  0.0847438  -0.21703471  0.14264507]
 [-0.11931553 -0.40710428 -0.07006171  0.16643835 -0.15834494]
 [-0.13431333  0.04829216 -0.06370167  0.09011237  0.06466726]
 [-0.1125643   0.04143659  0.08950249 -0.05613937 -0.11469643]
 [-0.16516147 -0.10551408 -0.19540748 -0.16687086  0.04967277]]
U = [[ 0.19799425  0.02903288  0.2889671   0.40949133 -0.01712611]
 [-0.32322303 -0.0268358   0.09046836  0.10184566  0.14839555]
 [ 0.05026184 -0.1740872  -0.1121743  -0.21231257  0.1580027 ]
 [ 0.19507915 -0.03769826  0.31651541  0.05991606 -0.24656738]
 [-0.17854878 -0.00340299 -0.25231113 -0.15118653  0.01829882]]
Matrix Pair 88; W = [[ 0.31086095 -0.01708991  0.12685833 -0.24293828  0.15515148]
 [-0.08044655 -0.32679164 -0.00931445  0.16446078 -0.13459789]
 [-0.09829759  0.00859482 -0.06316093  0.1425431   0.01621044]
 [-0.05240325  0.04513402  0.13239955 -0.09247194 -0.0911613 ]
 [-0.20492914 -0.12683104 -0.12172834 -0.21297899  0.03851425]]
U = [[ 0.17503508  0.03670668  0.24140067  0.41711505 -0.0360746 ]
 [-0.34140311 -0.07383093  0.04349909  0.0889751   0.13634049]
 [ 0.05052956 -0.1235447  -0.12420189 -0.22171397  0.15753674]
 [ 0.19654496 -0.01679411  0.27386729  0.05334896 -0.20809987]
 [-0.1404152  -0.08077412 -0.28403221 -0.09314613  0.02904422]]
Matrix Pair 89; W = [[ 0.30854996 -0.10115895  0.03913852 -0.2036896   0.16705397]
 [-0.08038274 -0.36320442 -0.04395046  0.14525267 -0.08598214]
 [-0.06635009  0.06317995 -0.06997276  0.08228175  0.06151895]
 [-0.09209499 -0.01964986  0.15463349 -0.06570715 -0.06273576]
 [-0.16146817 -0.13690879 -0.1306034  -0.13283288  0.1124275 ]]
U = [[ 0.19971675  0.06552714  0.24464235  0.35870964 -0.04036446]
 [-0.38090797 -0.08259017  0.02886362  0.04485662  0.1666586 ]
 [ 0.10018116 -0.18258393 -0.16094551 -0.13567338  0.20077111]
 [ 0.24283655 -0.01114355  0.31745285  0.04711618 -0.17395702]
 [-0.12507253 -0.04523178 -0.24319475 -0.13807747  0.02359886]]
Matrix Pair 90; W = [[ 0.32786262 -0.10244053  0.11403307 -0.15421979  0.10541784]
 [-0.09583823 -0.3412275  -0.03737839  0.19882679 -0.10040266]
 [-0.15761703 -0.00151509 -0.01600084  0.07649311  0.02479832]
 [-0.05924724  0.04891378  0.16501657 -0.02411444 -0.10898123]
 [-0.15494726 -0.12885924 -0.12278479 -0.15116741  0.04024119]]
U = [[ 0.20246156  0.04517881  0.24074959  0.39905283  0.02762357]
 [-0.36839505 -0.05020519  0.09875854  0.10045849  0.09930521]
 [ 0.08521421 -0.18224113 -0.12733114 -0.20498956  0.16778795]
 [ 0.2491247  -0.00419671  0.25416708  0.04230215 -0.2084342 ]
 [-0.18856599 -0.06133522 -0.264614   -0.09583132 -0.02823498]]
Matrix Pair 91; W = [[ 0.33110868 -0.02266553  0.05941767 -0.20293268  0.11081756]
 [-0.06003891 -0.39517993 -0.06723372  0.15554484 -0.11059394]
 [-0.06771386  0.05549693 -0.05349804  0.05942418  0.02842322]
 [-0.06125957  0.06733631  0.12029458 -0.05599954 -0.05730746]
 [-0.19151763 -0.1121844  -0.16738874 -0.1525347   0.074465  ]]
U = [[ 0.18073938  0.08424219  0.32519229  0.36535851 -0.05634579]
 [-0.3281499  -0.05529273  0.02934732  0.03536779  0.17721581]
 [ 0.10993723 -0.10682767 -0.19905082 -0.230066    0.14094712]
 [ 0.18582078  0.05162132  0.27917639 -0.03418868 -0.17085925]
 [-0.12483116 -0.08127284 -0.24703797 -0.06219846  0.05513433]]
Matrix Pair 92; W = [[ 0.26068166 -0.06720255  0.09269293 -0.176724    0.18677376]
 [-0.10908418 -0.39571759 -0.00946351  0.13809638 -0.16939793]
 [-0.12507246  0.02917705 -0.04842722  0.09254009  0.0123372 ]
 [-0.12251829  0.02786611  0.16773721 -0.03913765 -0.04325102]
 [-0.18017319 -0.0820843  -0.18564701 -0.19097026  0.05633332]]
U = [[ 0.19140565  0.03574393  0.29593123  0.34200361 -0.01455518]
 [-0.39060476 -0.06830928  0.0748642   0.04241469  0.12125478]
 [ 0.10411243 -0.14102004 -0.11249416 -0.17167918  0.2038843 ]
 [ 0.22982053 -0.00602471  0.28413231 -0.03388226 -0.21131572]
 [-0.12210691 -0.07860083 -0.25391717 -0.0824663   0.02339531]]
Matrix Pair 93; W = [[ 0.27676831 -0.04311271  0.10856967 -0.22888975  0.13812538]
 [-0.08742781 -0.38577294 -0.06093682  0.14979248 -0.15432362]
 [-0.14098353  0.05035741 -0.05813006  0.10450423 -0.01360054]
 [-0.08845636  0.02846311  0.13082995 -0.07862057 -0.08443978]
 [-0.17091812 -0.06293706 -0.14223482 -0.22377129  0.09105838]]
U = [[ 0.26845308  0.07711624  0.27855831  0.32785512 -0.03522258]
 [-0.41007553 -0.09930772  0.08045727  0.0758999   0.08634573]
 [ 0.10718163 -0.13101825 -0.12900026 -0.18235805  0.15070851]
 [ 0.1745117   0.04497382  0.31552603 -0.00815947 -0.25533244]
 [-0.1277966  -0.03789237 -0.29239419 -0.07378175  0.01916111]]
Matrix Pair 94; W = [[ 0.30690895 -0.10227322  0.12140756 -0.21823092  0.12655636]
 [-0.05997725 -0.34971786 -0.03996439  0.175089   -0.15416295]
 [-0.09677866  0.025817   -0.04025816  0.11557213  0.03199422]
 [-0.08054684  0.00473617  0.14429893 -0.06514017 -0.04710515]
 [-0.1438636  -0.12572325 -0.1426233  -0.12656118  0.06732217]]
U = [[ 0.17224528  0.09144265  0.31041708  0.35104687  0.02850369]
 [-0.41060453 -0.04238604  0.0053859   0.07759568  0.17170606]
 [ 0.07288662 -0.18121496 -0.18167311 -0.23008104  0.22572299]
 [ 0.25483705  0.03453389  0.33398037  0.05677895 -0.20563715]
 [-0.12252122 -0.02190858 -0.27090867 -0.15701931  0.00352746]]
Matrix Pair 95; W = [[ 0.24826408 -0.04270372  0.04175801 -0.1714908   0.14283706]
 [-0.03449061 -0.37559205 -0.03379842  0.19953243 -0.172535  ]
 [-0.16519515  0.05853236 -0.08569868  0.08029856 -0.01346059]
 [-0.07914434  0.04812605  0.14603785 -0.02608745 -0.04006235]
 [-0.11251058 -0.0924326  -0.1884824  -0.1830364   0.10581988]]
U = [[ 0.17752606  0.04494721  0.30402148  0.33210802  0.00819473]
 [-0.34524211 -0.07467066  0.03207351  0.03897432  0.15405282]
 [ 0.0284927  -0.09187761 -0.14331387 -0.148629    0.17118516]
 [ 0.24383824  0.05181415  0.28588256  0.01950669 -0.20449208]
 [-0.12451486 -0.08476219 -0.21747231 -0.1272634  -0.01084148]]
Matrix Pair 96; W = [[ 0.30776658 -0.00929427  0.088488   -0.1437716   0.15581247]
 [-0.02933146 -0.40425772 -0.04264657  0.25927474 -0.09294716]
 [-0.0475529   0.02797647 -0.08034798  0.06748523 -0.00712678]
 [-0.05831199  0.17602246  0.11971045 -0.09149135  0.00157702]
 [-0.03025901 -0.0144523  -0.29364543 -0.14385732  0.00041728]]
U = [[ 0.07939813  0.08024205  0.20703777  0.35179827  0.02624258]
 [-0.28100422 -0.05905862  0.06658315  0.08306857  0.04873777]
 [ 0.02252445 -0.09121041 -0.20567888 -0.18142359  0.17160296]
 [ 0.23064521 -0.04372042  0.2829986   0.05276332 -0.22637913]
 [-0.13179603  0.03018426 -0.28282713 -0.0585583  -0.01645412]]
Matrix Pair 97; W = [[ 0.23165742 -0.06950423  0.03923742 -0.1009137   0.21285721]
 [-0.06205219 -0.38012997 -0.0591696   0.22813933 -0.1639871 ]
 [-0.03143824  0.0673908  -0.038942    0.01899965 -0.03133113]
 [-0.0201366   0.15501953  0.07206889 -0.08730901 -0.02860264]
 [-0.01606957 -0.07189325 -0.24635605 -0.20924909  0.05354782]]
U = [[ 0.09758159  0.05916017  0.17277594  0.3944162  -0.0148298 ]
 [-0.25947291 -0.09057311  0.08795574  0.06260948  0.05145174]
 [ 0.08025806 -0.10963955 -0.19035081 -0.15167614  0.20960938]
 [ 0.26448026 -0.06128061  0.29885412  0.05437966 -0.25381806]
 [-0.1447904   0.01340171 -0.26959076 -0.06329651 -0.03470594]]
Matrix Pair 98; W = [[ 0.26505774  0.01703352  0.07980373 -0.16891218  0.18916029]
 [-0.04134771 -0.4045977  -0.08400812  0.23332869 -0.12364622]
 [-0.03130967  0.05536566 -0.08308865  0.06128113 -0.0544291 ]
 [-0.01528122  0.15119984  0.07318684 -0.12356519 -0.0198544 ]
 [-0.03934242 -0.05455662 -0.25332963 -0.14278     0.04770689]]
U = [[ 0.08172222  0.03057102  0.22305186  0.35061284  0.05221166]
 [-0.35353912 -0.08764294  0.01481824  0.10173475  0.07397667]
 [ 0.04757273 -0.06184363 -0.12462576 -0.14873176  0.16023743]
 [ 0.27979812 -0.04307217  0.26617012  0.04249566 -0.22647316]
 [-0.07056693 -0.02922301 -0.28993381 -0.04907314  0.06167312]]
Matrix Pair 99; W = [[ 0.30180784 -0.05171591  0.06267294 -0.12802546  0.20934653]
 [-0.04331726 -0.33486463 -0.08607393  0.24516913 -0.12182545]
 [-0.06354467  0.04910238 -0.08155536  0.08436368 -0.02761896]
 [ 0.01937576  0.12688045  0.08651594 -0.04480576  0.02422867]
 [-0.00772462 -0.0166042  -0.26695733 -0.15456083  0.07677058]]
U = [[ 0.11883718  0.10247113  0.19841954  0.41672102 -0.0152472 ]
 [-0.33656318 -0.12492519  0.09657958  0.06890915  0.1216328 ]
 [ 0.05680085 -0.08089333 -0.18683695 -0.17480769  0.17192865]
 [ 0.23798467 -0.03230211  0.27874218  0.00774811 -0.2493098 ]
 [-0.06934326 -0.00274089 -0.28154858 -0.04738736 -0.02395812]]
Matrix Pair 100; W = [[ 0.26630839 -0.05099718  0.11258508 -0.1136315   0.22573724]
 [-0.05952042 -0.3630406  -0.08764968  0.24487251 -0.0976138 ]
 [-0.03519185 -0.0295427  -0.07028595  0.02491864 -0.05058531]
 [ 0.00450607  0.0883927   0.11399093 -0.05812369  0.01069333]
 [-0.0738498  -0.08060702 -0.27358202 -0.22889598  0.01108625]]
U = [[ 0.11276909  0.04706648  0.21430878  0.36977053  0.05464407]
 [-0.33276936 -0.04718393  0.10662686  0.02653379  0.07482034]
 [ 0.08595742 -0.07259605 -0.20225568 -0.18752947  0.17234293]
 [ 0.29220822 -0.00062869  0.2702754   0.01758    -0.23722836]
 [-0.13468235  0.037525   -0.27789618  0.02523415 -0.02351863]]
Matrix Pair 101; W = [[ 0.32026943 -0.06925074  0.01704632 -0.19131919  0.17557723]
 [-0.02316486 -0.41542785 -0.02411356  0.25175706 -0.16783341]
 [-0.06981142  0.05237101 -0.06258712  0.10753836  0.02821854]
 [-0.01665626  0.10775746  0.13589292 -0.11929962  0.02228008]
 [-0.04314908 -0.01283143 -0.28085458 -0.18674496  0.05085254]]
U = [[ 0.15520741  0.11847892  0.19474401  0.37839012  0.01482179]
 [-0.29246737 -0.09971157  0.09773522  0.05431214  0.09388078]
 [ 0.0465159  -0.10413766 -0.20130778 -0.13470966  0.2160419 ]
 [ 0.25340991 -0.04771357  0.25006877  0.07260274 -0.20608277]
 [-0.08500996  0.0104712  -0.29006846  0.02840897  0.04191783]]
Matrix Pair 102; W = [[ 0.26634215  0.01860546  0.09466625 -0.1203495   0.15345562]
 [-0.08225246 -0.41412238 -0.03180001  0.26189003 -0.1610647 ]
 [-0.0726156   0.05141193 -0.03850891  0.06822056 -0.04524325]
 [-0.03121261  0.10508049  0.17105066 -0.10952057  0.02826094]
 [-0.00716085 -0.09955479 -0.23871968 -0.13092642  0.05447125]]
U = [[ 0.13859295  0.07758727  0.18180349  0.3549528   0.01660098]
 [-0.33115738 -0.11960666  0.07858707  0.07447826  0.10233708]
 [ 0.10331038 -0.14210483 -0.15302066 -0.17534637  0.13363144]
 [ 0.20411041 -0.03365378  0.25508574  0.0157355  -0.19083593]
 [-0.08410613 -0.02631657 -0.28027653 -0.05944249  0.00084437]]
Matrix Pair 103; W = [[ 0.31510474 -0.03104256  0.01983086 -0.18341912  0.19151623]
 [-0.05025711 -0.33949162 -0.0710451   0.28549538 -0.17355147]
 [-0.08065874  0.04444757 -0.04986563  0.07242874  0.03376262]
 [-0.02943799  0.10425761  0.09914788 -0.13567318  0.01249185]
 [-0.09715382 -0.02035071 -0.28095924 -0.20099679  0.05740634]]
U = [[ 0.0718056   0.0526715   0.19926754  0.37393088  0.07451034]
 [-0.34362819 -0.04123729  0.04698566  0.0900962   0.12913963]
 [ 0.02214212 -0.09133954 -0.17000552 -0.13548614  0.12102035]
 [ 0.27162809 -0.07455479  0.32910581  0.08224013 -0.22990851]
 [-0.07916814 -0.03230588 -0.27595677  0.02950154  0.03002477]]
Matrix Pair 104; W = [[ 0.228713   -0.06433582  0.04213847 -0.12658151  0.16211001]
 [-0.05388992 -0.3962528  -0.09496642  0.20601207 -0.15537972]
 [-0.08346778 -0.02898681 -0.04772065  0.10683705  0.01050717]
 [ 0.02122423  0.10980289  0.15999297 -0.1245797   0.00619115]
 [-0.02480489 -0.06000424 -0.25429276 -0.14954666  0.07423386]]
U = [[ 0.07692719  0.07623168  0.22625972  0.41027547  0.05827242]
 [-0.32800111 -0.0491788   0.08147597  0.1098566   0.06164761]
 [ 0.03383542 -0.14730307 -0.19029732 -0.12136472  0.14125668]
 [ 0.26787327 -0.08068451  0.25036639  0.05496778 -0.25382137]
 [-0.10382312  0.00317147 -0.24001526 -0.05456601  0.05902596]]
Matrix Pair 105; W = [[ 0.25995192  0.00743837  0.02136541 -0.10079306  0.19634333]
 [-0.08035422 -0.38058457 -0.06538017  0.25839823 -0.17488317]
 [-0.02150176  0.06859037 -0.05052069  0.08930654 -0.0018703 ]
 [ 0.02377021  0.15856572  0.12057122 -0.04359486  0.03261975]
 [-0.0595262  -0.09805591 -0.28615412 -0.17192521  0.0760539 ]]
U = [[ 0.11959051  0.07425451  0.17352952  0.39302577  0.00945435]
 [-0.32387067 -0.08244289  0.00992804  0.11039099  0.11847963]
 [ 0.08800377 -0.12673851 -0.14914924 -0.16119569  0.16159112]
 [ 0.21993948 -0.06283636  0.28423186  0.08024044 -0.2336091 ]
 [-0.11262626 -0.02586951 -0.29865921 -0.03703484  0.01993777]]
Matrix Pair 106; W = [[ 0.27036061 -0.07124997  0.06676322 -0.10213227  0.20726633]
 [-0.10034692 -0.33642256 -0.00319461  0.29586447 -0.15585172]
 [-0.0822547  -0.01371455 -0.05964173  0.05685315 -0.02058905]
 [-0.00770186  0.1280397   0.13361568 -0.0500503   0.03841709]
 [-0.07873723 -0.07720038 -0.23702436 -0.16610122  0.03246175]]
U = [[ 0.06636888  0.0515701   0.2488071   0.37386234  0.03474933]
 [-0.30528334 -0.04269614  0.03285287  0.06895     0.10566625]
 [ 0.02020234 -0.09096079 -0.1103868  -0.13854395  0.19192405]
 [ 0.29214256 -0.07198237  0.27753     0.05299863 -0.26088518]
 [-0.09259779 -0.0399514  -0.22965385  0.01522357  0.01358855]]
Matrix Pair 107; W = [[ 0.2390665  -0.0501224   0.03892295 -0.17044185  0.21029808]
 [-0.0979442  -0.40455795 -0.09951967  0.25545094 -0.16184319]
 [-0.05495941 -0.0057615  -0.07718913  0.02907929 -0.03153338]
 [-0.01573259  0.16648674  0.14376096 -0.05334654 -0.02771764]
 [-0.09752765 -0.09897189 -0.25094394 -0.16577779  0.00134057]]
U = [[ 0.13322696  0.05606533  0.18726206  0.37272515  0.01802197]
 [-0.31233464 -0.06641785  0.023636    0.09767761  0.08753562]
 [ 0.02965607 -0.076538   -0.18147111 -0.16675061  0.17635984]
 [ 0.27648168 -0.00037353  0.287829    0.0505506  -0.26792912]
 [-0.08104461  0.05173188 -0.24951916 -0.04228618  0.03842644]]
Matrix Pair 108; W = [[ 0.31161991 -0.04518087  0.10046498 -0.15930485  0.18282749]
 [-0.04206252 -0.39332736 -0.0317328   0.2441752  -0.1576463 ]
 [-0.08030159  0.03768404 -0.05414302  0.10337564 -0.0355196 ]
 [-0.03170888  0.0856818   0.07228563 -0.04249924  0.02648707]
 [-0.04504103 -0.08223539 -0.20875728 -0.16001873  0.07427789]]
U = [[ 0.11907141  0.03003562  0.17735453  0.41783171  0.00556729]
 [-0.2645047  -0.051067    0.05821004  0.06749874  0.12088289]
 [ 0.05079467 -0.11808432 -0.20354291 -0.11781761  0.14377075]
 [ 0.28573395 -0.03181425  0.30758758  0.06356065 -0.27189756]
 [-0.08329369 -0.01176966 -0.29217193 -0.02357568  0.010131  ]]
Matrix Pair 109; W = [[ 0.24107277 -0.02463458  0.02423505 -0.13429544  0.22630025]
 [-0.05960802 -0.40625619 -0.09330621  0.23250292 -0.1423009 ]
 [-0.11204258  0.01860037 -0.06567368  0.06936412 -0.02935905]
 [ 0.00844684  0.13921478  0.10224786 -0.13293106 -0.00350234]
 [-0.09597936 -0.09004131 -0.22412123 -0.18496789  0.06277236]]
U = [[ 0.09588227  0.04385278  0.18635398  0.4061579   0.04798576]
 [-0.28980165 -0.09300903  0.04727919  0.03103947  0.06168771]
 [ 0.02968433 -0.12007431 -0.12966422 -0.17488467  0.13477133]
 [ 0.23139421 -0.04060836  0.28869417  0.01823551 -0.20439571]
 [-0.11117765 -0.00516151 -0.31812344  0.01649873  0.01193483]]
Matrix Pair 110; W = [[ 0.31048337 -0.072593    0.08923421 -0.17711001  0.21910854]
 [-0.07375419 -0.35944895 -0.05795828  0.27992299 -0.17072178]
 [-0.04161335  0.02613476 -0.04031142  0.10819668 -0.00357449]
 [ 0.02731528  0.16802822  0.11795733 -0.09975738 -0.01158304]
 [-0.06228623 -0.0331009  -0.19823073 -0.20670917 -0.00741954]]
U = [[ 0.06515616  0.08253743  0.22974004  0.34209219  0.01816841]
 [-0.33895168 -0.0818351   0.01430156  0.06793775  0.07419373]
 [ 0.02661635 -0.06447213 -0.13407442 -0.16782691  0.16438414]
 [ 0.20317873 -0.02731107  0.29942164  0.03664281 -0.22878421]
 [-0.11544431 -0.03273256 -0.28526556  0.00312058 -0.03150983]]
Matrix Pair 111; W = [[ 0.23661147  0.01237625  0.052021   -0.17628536  0.23530475]
 [-0.08619404 -0.31999575 -0.0936201   0.29126671 -0.17334878]
 [-0.06096365 -0.02656512 -0.06942355  0.06907779 -0.01868364]
 [-0.00680986  0.09285569  0.09203325 -0.08373011  0.02122158]
 [-0.05841046 -0.08543877 -0.2209237  -0.18233742  0.01178587]]
U = [[ 0.06073668  0.03695016  0.21068475  0.34220515  0.01937641]
 [-0.33462007 -0.1130355   0.09970596  0.08706302  0.08416119]
 [ 0.02475654 -0.11977125 -0.14931489 -0.18735788  0.12212947]
 [ 0.23033425 -0.08197784  0.32271888  0.0250858  -0.23795711]
 [-0.1055797  -0.0135693  -0.23228278  0.01267657 -0.0059693 ]]
Matrix Pair 112; W = [[ 0.26858415 -0.03806087  0.02257949 -0.14783844  0.20204845]
 [-0.02952854 -0.37169016 -0.0799249   0.22372332 -0.18170614]
 [-0.1443579  -0.01635158  0.03342379  0.08662098  0.0641163 ]
 [-0.0636272   0.04931531  0.15557974 -0.09739772 -0.04261463]
 [-0.09415587 -0.11043911 -0.16391647 -0.13875913 -0.01055937]]
U = [[ 0.19470626  0.04417266  0.25303398  0.44742864  0.01642854]
 [-0.32721308 -0.11023425  0.07242042  0.08927171  0.11948198]
 [ 0.08739874 -0.05528554 -0.18637261 -0.20073983  0.14606612]
 [ 0.34136362 -0.04531038  0.32983643  0.05534928 -0.16200692]
 [-0.08329151 -0.07903823 -0.25897874 -0.06838357  0.05523537]]
Matrix Pair 113; W = [[ 0.24340777  0.00920942  0.0828465  -0.10706724  0.15863602]
 [-0.05122947 -0.40690701 -0.12441663  0.19313917 -0.1213867 ]
 [-0.09607127 -0.02082341  0.01257569  0.02136585  0.05646728]
 [-0.03424694  0.06852482  0.10868906 -0.07679719 -0.00502087]
 [-0.09059719 -0.09392324 -0.2100935  -0.15133916 -0.01103814]]
U = [[ 0.18546576  0.0910278   0.30182921  0.42214974 -0.05173976]
 [-0.29624553 -0.09903361  0.11000679  0.10492098  0.14988911]
 [ 0.03391018 -0.08240149 -0.23797276 -0.18213895  0.14716033]
 [ 0.30551404 -0.07359058  0.35580748 -0.01902225 -0.14185281]
 [-0.1368179  -0.07616078 -0.27890275 -0.0613689   0.07527837]]
Matrix Pair 114; W = [[ 0.20735721 -0.04480446  0.02820372 -0.14206861  0.13675254]
 [-0.02603769 -0.41250384 -0.13337132  0.2316158  -0.17396015]
 [-0.13147684  0.03211167 -0.00071535  0.05551215  0.03902683]
 [-0.07468363  0.03806884  0.13037126 -0.03998096 -0.0805814 ]
 [-0.09599464 -0.057712   -0.20204088 -0.11422139  0.05087566]]
U = [[ 0.10797092  0.04097044  0.20554279  0.38777951  0.01438486]
 [-0.34477792 -0.09450993  0.05250251  0.03869425  0.08455462]
 [ 0.02272978 -0.06349332 -0.25393717 -0.16663299  0.17793548]
 [ 0.28445412 -0.02711351  0.3525624   0.01364118 -0.14714973]
 [-0.10231575  0.01193501 -0.26445118 -0.08317749  0.01542573]]
Matrix Pair 115; W = [[ 0.2097137  -0.02301131  0.00963745 -0.11989036  0.16567562]
 [ 0.02991419 -0.33021369 -0.07590628  0.24440626 -0.16169826]
 [-0.15334479  0.0389245   0.00045538  0.01900076  0.13111794]
 [-0.06908     0.09823463  0.13664031 -0.04845581 -0.03934009]
 [-0.10001939 -0.06211916 -0.2038137  -0.18887401  0.00266833]]
U = [[ 0.15486581  0.11489957  0.24506243  0.39150782 -0.05161192]
 [-0.35035036 -0.06407953  0.0624492   0.07562778  0.07660354]
 [ 0.06028174 -0.00734729 -0.20160228 -0.1670441   0.16515964]
 [ 0.34338063 -0.10190261  0.32965188  0.06604719 -0.20067834]
 [-0.09487269 -0.04880119 -0.28438502 -0.09490592  0.01795039]]
Matrix Pair 116; W = [[ 0.28340315 -0.04782265  0.06013951 -0.17540147  0.21260452]
 [ 0.02708001 -0.39806451 -0.07542921  0.17589466 -0.19808082]
 [-0.15196781 -0.00089653  0.02527077  0.07631362  0.10004867]
 [-0.06665704  0.06885178  0.09913519 -0.08509318 -0.0355511 ]
 [-0.07124912 -0.065465   -0.1850539  -0.19755835  0.01429481]]
U = [[ 0.18974269  0.11552788  0.25246261  0.47191801 -0.00509112]
 [-0.32253189 -0.05245669  0.1048509   0.04662341  0.11469006]
 [ 0.03821879 -0.10430551 -0.21967698 -0.17473679  0.16151632]
 [ 0.31955371 -0.04693333  0.2874604   0.03759079 -0.16570866]
 [-0.08059921 -0.02872363 -0.27259513 -0.04982568  0.0506712 ]]
Matrix Pair 117; W = [[ 0.22700089 -0.05005197  0.00964883 -0.12961424  0.1508655 ]
 [ 0.03805968 -0.34411469 -0.10157308  0.24749154 -0.16334377]
 [-0.124209   -0.02163415  0.0019834   0.06418217  0.10312788]
 [-0.0564283   0.05147491  0.13990518 -0.1111846  -0.04812257]
 [-0.06467882 -0.11634111 -0.19451618 -0.17308941  0.01380308]]
U = [[ 0.13073419  0.07413216  0.20503401  0.43361916  0.02435293]
 [-0.34646105 -0.11942364  0.12272513  0.03460502  0.16722219]
 [ 0.11933428 -0.03087346 -0.15806278 -0.15608883  0.17197792]
 [ 0.33406731 -0.05295646  0.30098581  0.00949648 -0.12556187]
 [-0.11269809 -0.01791583 -0.20609699 -0.10346114  0.08302009]]
Matrix Pair 118; W = [[ 0.29699108  0.01349787  0.00083107 -0.13180141  0.12607461]
 [-0.0564088  -0.38329465 -0.08450814  0.22789621 -0.15894481]
 [-0.10980959 -0.04278694  0.04126792  0.06694724  0.05440691]
 [-0.04632005  0.09819215  0.07819177 -0.05069438 -0.02473654]
 [-0.11827148 -0.08750472 -0.17814183 -0.18628126  0.05490527]]
U = [[ 0.19227181  0.06554141  0.24115725  0.39057601  0.01285904]
 [-0.2780995  -0.07601808  0.09246252  0.0282592   0.12863839]
 [ 0.03413969 -0.10466758 -0.22054067 -0.15386351  0.12833139]
 [ 0.27869851 -0.06059304  0.3109876   0.04674339 -0.1882752 ]
 [-0.10767391 -0.07201113 -0.22215913 -0.09034226  0.05133915]]
Matrix Pair 119; W = [[ 0.26761555 -0.03478274  0.00606975 -0.18503471  0.14157492]
 [ 0.01232713 -0.37130723 -0.10396486  0.16937394 -0.19040934]
 [-0.08293179 -0.03341959  0.01826038  0.05172394  0.12072199]
 [-0.07784857  0.10921142  0.06847694 -0.12391285 -0.01876192]
 [-0.0356891  -0.05797937 -0.1746991  -0.17668377  0.04530392]]
U = [[ 0.19646334  0.0374534   0.25307072  0.48059654 -0.04241665]
 [-0.31437188 -0.04806822  0.1219142   0.05824664  0.14001749]
 [ 0.08596453 -0.08137995 -0.23619526 -0.23052448  0.14264616]
 [ 0.31976708 -0.09729423  0.2689672   0.02153671 -0.14115783]
 [-0.07486081 -0.06220353 -0.26813169 -0.03552096  0.08592274]]
Matrix Pair 120; W = [[ 0.21252219 -0.01264413  0.06985213 -0.12018416  0.14286605]
 [ 0.01642254 -0.40240628 -0.08859769  0.23720569 -0.13466991]
 [-0.1144929   0.01974828  0.05451099  0.03348849  0.10400471]
 [ 0.00091044  0.0316163   0.14915134 -0.10766116 -0.03295289]
 [-0.0970973  -0.06811508 -0.24351629 -0.13432773  0.05044692]]
U = [[ 0.16187572  0.05895304  0.20863901  0.45678406 -0.04435489]
 [-0.26279298 -0.11773552  0.06492009  0.08858674  0.13307164]
 [ 0.07652494 -0.09999978 -0.24553822 -0.22844896  0.19040406]
 [ 0.32902781 -0.06360479  0.35428876  0.00745568 -0.17109653]
 [-0.14624304 -0.05042237 -0.22040366 -0.06489593  0.06591606]]
Matrix Pair 121; W = [[ 0.20802253 -0.00259458  0.03595125 -0.16723622  0.13170498]
 [-0.05921724 -0.36969206 -0.06017935  0.2602168  -0.19817407]
 [-0.09540435 -0.04357176  0.04320903  0.0656193   0.12370915]
 [ 0.012857    0.0311251   0.13580727 -0.07292186 -0.0363109 ]
 [-0.08744543 -0.09399929 -0.24736568 -0.1230911   0.02055569]]
U = [[ 0.17215196  0.04406116  0.27632612  0.40407974 -0.05941107]
 [-0.30611801 -0.12898628  0.04512805  0.06814907  0.1266705 ]
 [ 0.06653991 -0.07888626 -0.19639511 -0.17271285  0.16812218]
 [ 0.31612028 -0.09258862  0.26693686 -0.03149246 -0.15007892]
 [-0.075855   -0.05974977 -0.25368442 -0.05862427  0.05910957]]
Matrix Pair 122; W = [[ 0.28116722 -0.03555779  0.0397743  -0.16250095  0.17211831]
 [-0.00537628 -0.3354822  -0.11677521  0.26561081 -0.18440171]
 [-0.14723314  0.00720989  0.05139627  0.10510179  0.08797563]
 [-0.05040036  0.11187695  0.1178975  -0.08828748 -0.0560293 ]
 [-0.02382979 -0.06107561 -0.24050715 -0.11987794 -0.01691038]]
U = [[ 0.15684744  0.08740195  0.26024069  0.38451979  0.00579189]
 [-0.30937325 -0.10637542  0.08913847  0.0873881   0.16447814]
 [ 0.06329612 -0.07821089 -0.23093138 -0.16556474  0.18869405]
 [ 0.30011087 -0.0481981   0.32578781  0.01208785 -0.1247916 ]
 [-0.11940403 -0.0163879  -0.25639609 -0.0269549   0.01411948]]
Matrix Pair 123; W = [[ 0.27807294  0.04113632  0.02628276 -0.15656007  0.14758963]
 [-0.04327142 -0.38177459 -0.12629723  0.25839698 -0.11067133]
 [-0.08271797  0.03807683  0.05733867  0.05708199  0.03539992]
 [ 0.00490165  0.09512014  0.10290185 -0.08571861  0.01434108]
 [-0.02678894 -0.12365417 -0.19835937 -0.19493248  0.03779918]]
U = [[ 0.10959256  0.10783867  0.27746598  0.4059627  -0.02278976]
 [-0.30937179 -0.05679117  0.12066119  0.04469613  0.16079371]
 [ 0.09348306 -0.09853928 -0.1781963  -0.14974511  0.11636989]
 [ 0.32764292 -0.02791048  0.32477525 -0.02163738 -0.18035061]
 [-0.11893431 -0.02551453 -0.28663498 -0.04002034  0.05383941]]
Matrix Pair 124; W = [[ 0.22155937 -0.00674465  0.00151702 -0.18924979  0.21265359]
 [-0.05816765 -0.35788392 -0.14046584  0.21944361 -0.14584861]
 [-0.11090288 -0.00479042 -0.01257375  0.06337147  0.08254686]
 [-0.01648641  0.06072146  0.13879432 -0.12635169 -0.05823848]
 [-0.06948181 -0.08616254 -0.21368961 -0.17416182  0.04952755]]
U = [[ 0.14743697  0.09412515  0.23540469  0.41897799 -0.05756836]
 [-0.32005743 -0.07608272  0.0657656   0.06232312  0.11831675]
 [ 0.09835548 -0.0757043  -0.23359142 -0.2401249   0.16156435]
 [ 0.31955642 -0.00838805  0.30070317  0.01718373 -0.12704267]
 [-0.11862416 -0.02795956 -0.25811515 -0.08236642  0.02760967]]
Matrix Pair 125; W = [[ 0.21051052  0.03824057  0.0584782  -0.12274634  0.20038307]
 [-0.02879422 -0.33851504 -0.14220743  0.19442229 -0.10230491]
 [-0.15475262  0.02780363  0.0409014   0.10368428  0.12620551]
 [-0.07375306  0.05581621  0.1185969  -0.10097107 -0.03827213]
 [-0.10999903 -0.05852602 -0.16264834 -0.19965768 -0.00292245]]
U = [[ 0.19411412  0.0933324   0.20884749  0.39919772 -0.03157999]
 [-0.31464887 -0.13553798  0.09395545  0.07959253  0.09778794]
 [ 0.05983363 -0.00929558 -0.17356914 -0.24049296  0.12753135]
 [ 0.26004574 -0.05029135  0.35835068 -0.02143221 -0.16478509]
 [-0.0763635  -0.00786496 -0.21597531 -0.02396459  0.01840133]]
Matrix Pair 126; W = [[ 0.23405937 -0.03034501  0.00057752 -0.18228912  0.14388582]
 [ 0.03050581 -0.41402761 -0.09261132  0.25702125 -0.19556884]
 [-0.08899031 -0.03447583  0.00380603  0.0985489   0.11989241]
 [-0.05187124  0.03592301  0.11708164 -0.1116358  -0.05333542]
 [-0.10652162 -0.12490067 -0.17771214 -0.11896331 -0.01631743]]
U = [[ 0.13808197  0.06281984  0.24603613  0.4248329  -0.02288879]
 [-0.32591238 -0.09675185  0.07264114  0.07122141  0.15728465]
 [ 0.04924789 -0.08912457 -0.21557634 -0.19705195  0.18722419]
 [ 0.3543743  -0.00978572  0.26607427 -0.01334535 -0.12387773]
 [-0.0890883  -0.07572583 -0.28803842 -0.06112319  0.05663454]]
Matrix Pair 127; W = [[ 0.22693932  0.03409336  0.05762183 -0.11744435  0.1638948 ]
 [-0.04720137 -0.39958044 -0.06907821  0.17659893 -0.10643453]
 [-0.16847279  0.03261417  0.0273035   0.05767887  0.1228674 ]
 [-0.04261956  0.11384399  0.1301119  -0.04512819 -0.00967529]
 [-0.0542334  -0.04966711 -0.15814218 -0.12238615 -0.02805232]]
U = [[ 0.17179012  0.05534961  0.24782798  0.41972762  0.01873463]
 [-0.34391956 -0.11234866  0.04353471  0.05377064  0.11657682]
 [ 0.02651236 -0.02772225 -0.21857922 -0.22060574  0.18747401]
 [ 0.26229428 -0.0822551   0.35335218  0.0381695  -0.15404935]
 [-0.05652764 -0.05003734 -0.24646482 -0.08267775  0.07707918]]
