Epoch: 1Matrix Pair 0; W = [[-0.05953921  0.18395279 -0.28919748  0.3863697   0.33126083]
 [-0.08232275  0.45966566 -0.04763682  0.05246925 -0.17673207]
 [ 0.03069967  0.08553265 -0.36905632  0.00616671 -0.30360001]
 [ 0.50364778 -0.06021052  0.16897659  0.06693881 -0.35296461]
 [-0.17438266  0.35136398  0.05156934 -0.33931729 -0.62974797]]
U = [[-0.02338258 -0.16125877  0.0229489  -0.39804347 -0.07239969]
 [ 0.58813962  0.06693385  0.50089342 -0.0682002   0.10574823]
 [ 0.60026758  0.30664413  0.42351406  0.0572481   0.04675995]
 [ 0.19883727 -0.54992355  0.09442037 -0.16982511 -0.22954368]
 [-0.29334086  0.24182071 -0.42704324  0.21957084 -0.21454975]]
Matrix Pair 1; W = [[-0.04274661  0.21079841 -0.36148865  0.38432513  0.33648102]
 [-0.0609677   0.39920612 -0.13060989  0.07851975 -0.17185934]
 [ 0.09837641  0.05676811 -0.34644878  0.02538917 -0.345485  ]
 [ 0.52858575 -0.12593506  0.14168558  0.04008998 -0.41785547]
 [-0.16014992  0.35464721  0.10197525 -0.33101671 -0.61981197]]
U = [[-0.03874158 -0.15727965 -0.0181855  -0.39383261 -0.04268188]
 [ 0.66027653  0.09475627  0.44724097 -0.06688367  0.15858121]
 [ 0.59191364  0.30790544  0.42394873  0.07934436  0.04870356]
 [ 0.23831325 -0.54479158  0.05972992 -0.11377154 -0.27540978]
 [-0.26870386  0.23642026 -0.41383809  0.20369728 -0.22437545]]
Matrix Pair 2; W = [[ 0.01634075  0.18419522 -0.35906473  0.41496933  0.3432425 ]
 [-0.08500288  0.46565017 -0.120459    0.07142098 -0.19081563]
 [ 0.04707519  0.04208824 -0.36110391  0.03583202 -0.33848906]
 [ 0.5575701  -0.06811334  0.13887934  0.07259272 -0.42483598]
 [-0.1525395   0.3631195   0.05190347 -0.28747637 -0.60773361]]
U = [[-0.05409304 -0.17292065  0.03796189 -0.31419939 -0.06789335]
 [ 0.66290371  0.0428783   0.46716902 -0.0595309   0.15369594]
 [ 0.63959361  0.29839052  0.38388071  0.10799953  0.04978291]
 [ 0.19755915 -0.53826853  0.07244912 -0.16629437 -0.20200438]
 [-0.29880128  0.2504653  -0.39099459  0.27366102 -0.27299096]]
Matrix Pair 3; W = [[-0.0529251   0.18126542 -0.29996562  0.31952506  0.36293023]
 [-0.07448958  0.46342399 -0.11626797  0.04215645 -0.14880631]
 [ 0.01916023  0.03619989 -0.36879944 -0.02252422 -0.37961084]
 [ 0.5319243  -0.05150604  0.17257384  0.12015707 -0.37453778]
 [-0.20278613  0.36707204  0.03235868 -0.29216529 -0.5975785 ]]
U = [[-0.04058206 -0.19211034  0.01096144 -0.32506255 -0.00336589]
 [ 0.64584368  0.03476472  0.42817362 -0.04430935  0.10232296]
 [ 0.63741567  0.37346582  0.40894669  0.04720429 -0.00657663]
 [ 0.1883801  -0.57496744  0.08204578 -0.11722465 -0.27232502]
 [-0.31795294  0.26185457 -0.40302542  0.28232318 -0.25575198]]
Matrix Pair 4; W = [[ 0.2908099   0.21541421 -0.3620255  -0.05472482  0.72207418]
 [ 0.04662493  0.05228778 -0.04098709 -0.12373162 -0.02494193]
 [-0.22789998  0.17073601 -0.11243927  0.26541295  0.02405504]
 [ 0.32802544  0.14169498  0.0709289  -0.30449315 -0.33762696]
 [ 0.03436529  0.63672693  0.14331574 -0.74357989 -0.50205325]]
U = [[-0.08243064  0.08957033 -0.08061494 -0.57584599  0.33857683]
 [ 0.06442201 -0.17526387  0.44180253  0.19231711 -0.27146449]
 [ 0.21211616  0.05122204  0.39169587 -0.01901491 -0.21166131]
 [ 0.32416491 -0.48015219 -0.16971391  0.12304009 -0.58303798]
 [-0.03017249  0.21226969  0.12449214  0.03817938  0.00705426]]
Matrix Pair 5; W = [[ 0.34875237  0.21999778 -0.34836826 -0.09736912  0.66495171]
 [-0.02860043  0.01538797 -0.07791104 -0.13092341 -0.10599873]
 [-0.23282802  0.12203936 -0.2061947   0.22696025 -0.03882541]
 [ 0.33876374  0.1517963   0.07399289 -0.2736777  -0.35772795]
 [ 0.03375821  0.71333164  0.15620201 -0.78201292 -0.48849564]]
U = [[-0.04036042  0.12606731 -0.07710225 -0.55804638  0.38375912]
 [ 0.11482747 -0.234217    0.50220494  0.15709109 -0.22166777]
 [ 0.25986001 -0.00189375  0.39218825  0.00306281 -0.24039701]
 [ 0.35730497 -0.40875239 -0.12312035  0.13637934 -0.63943699]
 [-0.039791    0.28491909  0.07980587  0.08531098 -0.03883324]]
Matrix Pair 6; W = [[ 0.30667063  0.20945917 -0.36684091 -0.06557309  0.63639881]
 [ 0.03195449  0.04433238 -0.03786537 -0.07511028 -0.03514581]
 [-0.22562279  0.08886894 -0.18978015  0.21149949  0.03844672]
 [ 0.30029987  0.0588016   0.07359041 -0.26038449 -0.42971308]
 [ 0.02015759  0.68306737  0.13013321 -0.8059906  -0.51508816]]
U = [[-0.07504902  0.13459894 -0.08997689 -0.50748038  0.4221609 ]
 [ 0.1009963  -0.18953426  0.48619814  0.21224034 -0.26857836]
 [ 0.22596179  0.03964497  0.37086764 -0.05006005 -0.19634209]
 [ 0.30516019 -0.41797488 -0.19125076  0.13914266 -0.64773288]
 [ 0.01360223  0.26067096  0.14951629  0.03716812 -0.05913904]]
Matrix Pair 7; W = [[ 0.28309712  0.18740359 -0.37406327 -0.05949073  0.66606617]
 [-0.02544302  0.02278423 -0.02706803 -0.15370803 -0.02676276]
 [-0.25401833  0.09056624 -0.19543557  0.21196861 -0.04323537]
 [ 0.35202346  0.06878291  0.09079981 -0.24839115 -0.42401678]
 [ 0.08231725  0.669616    0.13993823 -0.74150306 -0.53658181]]
U = [[-0.04461368  0.10219974 -0.1144971  -0.57283942  0.40357951]
 [ 0.11385627 -0.16240131  0.50505346  0.17024538 -0.19163172]
 [ 0.2812137   0.0177866   0.38719741 -0.01084783 -0.2245458 ]
 [ 0.3789277  -0.45545283 -0.18302765  0.17256345 -0.60585845]
 [ 0.00929178  0.23123628  0.10231526  0.06908017 -0.0365186 ]]
Matrix Pair 8; W = [[-0.29118402  0.1844638   0.1000187   0.52561908 -0.06746141]
 [ 0.02746117 -0.21825227  0.2403095  -0.17577227 -0.00270909]
 [ 0.55757098  0.28448571 -0.0911868  -0.2574847  -0.28732669]
 [ 0.44142844 -0.07671283  0.09109413 -0.05135188  0.49234399]
 [-0.06754045  0.24626872  0.03587465  0.00137773  0.22372727]]
U = [[-0.52474534 -0.03550499 -0.07691464  0.55822075 -0.27964438]
 [ 0.37434501  0.52611988  0.30799876 -0.10033038 -0.11475851]
 [-0.16783975 -0.03615806 -0.30903853  0.30033853  0.39778535]
 [-0.04859441  0.1531092  -0.24709715  0.22809588  0.01118676]
 [-0.41304892 -0.44885583  0.03273265 -0.19306194 -0.35564585]]
Matrix Pair 9; W = [[-0.30574866  0.23725662  0.08317531  0.5344535  -0.05996741]
 [ 0.03758064 -0.20987546  0.25797358 -0.27082854 -0.02163276]
 [ 0.49826163  0.22451008 -0.05206514 -0.2329492  -0.22632453]
 [ 0.51340655 -0.0704245   0.13924589 -0.0232469   0.44723729]
 [-0.0341227   0.18320447  0.07023544 -0.07333943  0.15542399]]
U = [[-0.52687992 -0.03586272 -0.05990925  0.57255614 -0.27246314]
 [ 0.35727071  0.52183259  0.28717264 -0.14458888 -0.06312041]
 [-0.21891812 -0.08156167 -0.29006819  0.22875842  0.43390527]
 [ 0.00611247  0.09036907 -0.306453    0.17964195 -0.00587187]
 [-0.43436792 -0.44236383  0.11707793 -0.18823552 -0.34759951]]
Matrix Pair 10; W = [[-0.2403517   0.189126    0.11551269  0.56950779 -0.06194045]
 [-0.01601667 -0.22250665  0.23656109 -0.2402017   0.02619273]
 [ 0.52228131  0.22569042 -0.08905258 -0.1801958  -0.2912608 ]
 [ 0.49446573 -0.1343042   0.11416504 -0.08335781  0.48028711]
 [-0.02550656  0.2094141   0.02697694 -0.0091262   0.18212392]]
U = [[-0.58661046 -0.05815111 -0.05927275  0.54827378 -0.28475751]
 [ 0.38822054  0.47785803  0.28831054 -0.1234868  -0.08978925]
 [-0.25760253 -0.0813968  -0.22344152  0.24550553  0.38993231]
 [ 0.03445611  0.13959589 -0.24449099  0.14411468  0.00666262]
 [-0.47511959 -0.4101947   0.06836224 -0.15106861 -0.33705217]]
Matrix Pair 11; W = [[-0.23531295  0.18196753  0.1436886   0.51489142 -0.08460588]
 [ 0.05682485 -0.21001256  0.18678264 -0.18551676  0.00695205]
 [ 0.49064466  0.26364016 -0.03120206 -0.2542579  -0.25914948]
 [ 0.48848024 -0.14966519  0.06000274 -0.10670624  0.47981301]
 [-0.06034529  0.185668    0.0750345  -0.03301554  0.14437381]]
U = [[-0.5458733  -0.02834277 -0.08577859  0.55919387 -0.25889632]
 [ 0.33887352  0.51976079  0.34294326 -0.08912699 -0.07037142]
 [-0.24998087 -0.06576324 -0.29323655  0.27140475  0.40594994]
 [-0.04209917  0.16751096 -0.28812985  0.20679781  0.02770977]
 [-0.43605423 -0.44180523  0.12328592 -0.19674125 -0.27507432]]
Matrix Pair 12; W = [[ 0.10551938 -0.0023228  -0.48036199  0.02699806 -0.36200836]
 [-0.31640519 -0.02263763  0.26240286  0.0516131  -0.11600238]
 [ 0.07361593 -0.32906063 -0.48548695 -0.00713058 -0.57950393]
 [ 0.11795789 -0.43928416  0.61190644  0.16965924 -0.12585786]
 [-0.11175915 -0.14822354  0.36800529  0.04326873  0.26495868]]
U = [[ 0.25063682  0.67263242  0.09098727 -0.76880521 -0.15594775]
 [ 0.20639105 -0.04688332  0.05635896 -0.41392523  0.26465475]
 [-0.60844539 -0.12536169  0.35156334  0.05147613 -0.11651604]
 [-0.23847581 -0.16604461  0.04961491  0.02006058 -0.17410181]
 [ 0.22938723  0.39313003  0.4287234  -0.19295958 -0.06012538]]
Matrix Pair 13; W = [[ 0.11918923 -0.031957   -0.53312015  0.07060293 -0.27643895]
 [-0.337044   -0.04863522  0.27830142  0.10994637 -0.12179708]
 [-0.00804644 -0.32947201 -0.47768943  0.03062318 -0.5178841 ]
 [ 0.14597068 -0.43739545  0.58519955  0.23175091 -0.1157947 ]
 [-0.06623465 -0.1227641   0.36630754  0.0353401   0.19466723]]
U = [[ 0.22614192  0.61380967  0.15127209 -0.76122013 -0.12137532]
 [ 0.21547858 -0.01221702  0.14261696 -0.38410591  0.2612772 ]
 [-0.62928702 -0.15456093  0.3892839   0.08988133 -0.05425523]
 [-0.26524059 -0.12761752  0.03413401 -0.02729621 -0.20062768]
 [ 0.18293436  0.33501578  0.50010947 -0.26634067 -0.01749511]]
Matrix Pair 14; W = [[ 0.12141557 -0.04153235 -0.48691932  0.08510985 -0.34834376]
 [-0.34975658 -0.00404603  0.32240543  0.10519142 -0.18685076]
 [ 0.04832036 -0.31579305 -0.47392368 -0.00651205 -0.52018893]
 [ 0.09932103 -0.45628628  0.58115036  0.2459596  -0.12127516]
 [-0.07000915 -0.15952736  0.42535833  0.01009776  0.17344029]]
U = [[ 0.21291947  0.65684666  0.13352501 -0.70819565 -0.134556  ]
 [ 0.19163509 -0.02662877  0.10100678 -0.32764522  0.19057338]
 [-0.5701761  -0.10657898  0.44630291  0.05267774 -0.05790959]
 [-0.25629208 -0.11895547  0.10515592 -0.04950689 -0.22997525]
 [ 0.24800707  0.37073446  0.47905896 -0.26742974 -0.01194708]]
Matrix Pair 15; W = [[ 0.10064714 -0.09507208 -0.5312418   0.05666831 -0.30452985]
 [-0.35281412  0.02218049  0.31704367  0.02526355 -0.10793179]
 [ 0.01948522 -0.30188563 -0.50136308  0.02063447 -0.549062  ]
 [ 0.14909299 -0.45841355  0.54702528  0.23921462 -0.09663318]
 [-0.1297798  -0.09680578  0.35071529  0.05942264  0.25657483]]
U = [[ 0.22523112  0.68962912  0.14302359 -0.72597813 -0.15692316]
 [ 0.18830003  0.04689639  0.14828389 -0.38310495  0.19347971]
 [-0.62777925 -0.19325557  0.39367932  0.13188023 -0.04226999]
 [-0.23825398 -0.08872623  0.06970582 -0.0514211  -0.20158881]
 [ 0.25725832  0.39670387  0.45695046 -0.19508274 -0.0668472 ]]
Matrix Pair 16; W = [[-0.28389293  0.27507145  0.77209181  0.0486081  -0.75726963]
 [ 0.62653188  0.46762108 -0.28562995 -0.06041077  0.68595434]
 [-0.20534178 -0.16096626 -0.37261371  0.09887385 -0.90108082]
 [-0.59543772 -0.3105297  -0.70754748  0.35311036  0.12368012]
 [-0.53533894  0.19720214  0.03636113 -0.22341873 -0.43164011]]
U = [[ 0.0553437   0.31990821  0.45587529  0.49178684 -0.17342915]
 [-0.00495258 -0.18805801  0.4387062   0.5191199   0.17369668]
 [-0.01155662  0.23754032  0.21462853 -0.28378196  0.24455179]
 [-0.56755127 -0.77110887  0.8730678   0.51798388 -0.41462144]
 [-0.19289074 -0.28607386 -0.38098665 -0.93085451  0.16952061]]
Matrix Pair 17; W = [[-0.27735725  0.24207588  0.76046897  0.02540716 -0.72062151]
 [ 0.55261818  0.47528241 -0.30866369 -0.07641322  0.68479634]
 [-0.21307593 -0.16143352 -0.394687    0.09276418 -0.89080689]
 [-0.62631826 -0.3036674  -0.75064285  0.39724455  0.12133597]
 [-0.57379848  0.21207263  0.05643735 -0.22657842 -0.42500362]]
U = [[ 0.06744362  0.29479442  0.52966546  0.44284727 -0.14573548]
 [-0.04066608 -0.18671285  0.47198412  0.48155125  0.19380111]
 [-0.03770768  0.23018188  0.17816656 -0.31534869  0.32134692]
 [-0.52365207 -0.74440962  0.86514263  0.49893454 -0.36740622]
 [-0.18986021 -0.35306183 -0.34276896 -0.9237663   0.23213797]]
Matrix Pair 18; W = [[-0.29112825  0.24549765  0.79500584 -0.0249349  -0.77350978]
 [ 0.64160346  0.48897164 -0.29627779  0.0213667   0.60894595]
 [-0.13725004 -0.11754296 -0.42006722  0.05114501 -0.90788703]
 [-0.57300048 -0.33055754 -0.67249762  0.31863437  0.1381053 ]
 [-0.52022663  0.22074204  0.10711035 -0.24505227 -0.49508092]]
U = [[ 0.0966329   0.34893083  0.45183829  0.4188192  -0.13667876]
 [ 0.01714788 -0.20672376  0.4145217   0.54483853  0.17283095]
 [ 0.01058699  0.23832406  0.20684834 -0.33067236  0.27708491]
 [-0.57133375 -0.78850819  0.79699482  0.49204553 -0.42034948]
 [-0.1101893  -0.30289262 -0.34202316 -0.86205709  0.17254788]]
Matrix Pair 19; W = [[-0.23085526  0.3119934   0.80375893 -0.02067115 -0.73617462]
 [ 0.59720807  0.49490945 -0.27565098 -0.00175316  0.66496004]
 [-0.1739357  -0.2041855  -0.41893443  0.07486507 -0.85959479]
 [-0.65363394 -0.31929596 -0.69620681  0.33594076  0.11609359]
 [-0.52323003  0.22760196  0.08130799 -0.26754329 -0.45095281]]
U = [[ 0.01744776  0.34505899  0.53154314  0.4504994  -0.20291598]
 [ 0.03105015 -0.23148033  0.40160957  0.51471317  0.10888787]
 [-0.0440949   0.22293998  0.20200995 -0.26685543  0.29651058]
 [-0.52230917 -0.80101434  0.80537114  0.49869199 -0.40404297]
 [-0.13535251 -0.34119462 -0.38957996 -0.86951778  0.23785396]]
Matrix Pair 20; W = [[-0.2736831   0.13194041 -0.26015073 -0.40933538 -0.25800093]
 [-0.29935192  0.1086459   0.21500218  0.28161113  0.15012168]
 [ 0.14024083 -0.32820558 -0.51145646 -0.31409659 -0.3621942 ]
 [ 0.40102028 -0.39618998  0.27685934  0.00142765  0.12020257]
 [-0.25280727 -0.14594342 -0.00641867  0.04704675 -0.20675806]]
U = [[ 0.17919426  0.62875693 -0.06671573 -0.43976494 -0.19572271]
 [ 0.25984901  0.07640712 -0.24171458 -0.12091517  0.00294807]
 [-0.63828978  0.01683434 -0.02331296 -0.08938165  0.56999816]
 [ 0.18747872 -0.41656358  0.30312686  0.14573635  0.05363272]
 [ 0.02781352 -0.15154714  0.30288733 -0.1116511  -0.22516007]]
Matrix Pair 21; W = [[-0.27122637  0.08008147 -0.17015901 -0.37764197 -0.31993574]
 [-0.29254462  0.15033178  0.20142811  0.29879361  0.1452868 ]
 [ 0.13758245 -0.31924177 -0.4952131  -0.34057648 -0.4075115 ]
 [ 0.458636   -0.37833219  0.28304674 -0.03003828  0.12415114]
 [-0.21961855 -0.17901942 -0.03906056  0.00281323 -0.17449218]]
U = [[ 0.16953412  0.54954324  0.00397344 -0.51122116 -0.20064587]
 [ 0.25773033  0.07992794 -0.2056225  -0.13965444 -0.05901427]
 [-0.61750888  0.02915309 -0.05708671 -0.09260823  0.59504674]
 [ 0.14793556 -0.41077877  0.26962656  0.17357041  0.01538746]
 [ 0.0068425  -0.15231725  0.22460812 -0.12574722 -0.19513194]]
Matrix Pair 22; W = [[-0.23870143  0.08752085 -0.23303759 -0.37362555 -0.24916598]
 [-0.28709672  0.05851108  0.18386951  0.29489595  0.09176109]
 [ 0.19356033 -0.36486329 -0.57304182 -0.3624551  -0.40060745]
 [ 0.43920822 -0.35584962  0.24180061 -0.02749982  0.1330503 ]
 [-0.18902481 -0.19930889  0.01186859  0.04505998 -0.17126701]]
U = [[ 0.21954023  0.58321383 -0.0888715  -0.41648156 -0.17247881]
 [ 0.24624298  0.08306196 -0.19236428 -0.12161282 -0.00417964]
 [-0.61263299  0.08048845  0.01931207 -0.07833704  0.59587195]
 [ 0.10294095 -0.37935977  0.32642007  0.16010348  0.07108807]
 [-0.03545514 -0.06367648  0.31040465 -0.04821263 -0.21160414]]
Matrix Pair 23; W = [[-0.29062006  0.1074657  -0.18131196 -0.43387083 -0.32156065]
 [-0.30930289  0.06497994  0.18743165  0.29475036  0.08455025]
 [ 0.14291086 -0.36101256 -0.53358156 -0.28364327 -0.34445475]
 [ 0.4503266  -0.34415471  0.22341009 -0.00855256  0.12944068]
 [-0.20532616 -0.15073908 -0.0066571   0.0717242  -0.22136772]]
U = [[ 0.19229471  0.62066793  0.00074836 -0.45648609 -0.19577741]
 [ 0.20655527  0.10768941 -0.20331399 -0.17307185  0.0123823 ]
 [-0.6857099   0.03444203 -0.0063457  -0.05862639  0.63341979]
 [ 0.11585265 -0.40830574  0.28569929  0.13205307  0.01734347]
 [ 0.02272876 -0.15023756  0.27505709 -0.05689312 -0.16738476]]
Matrix Pair 24; W = [[-0.03933163  0.60892233  0.06352803  0.20178679  0.16901912]
 [ 0.14690661 -0.4759894   0.28606621 -0.25314326 -0.20171424]
 [ 0.18960914  0.3204053  -0.12509917 -0.22755333 -0.66829736]
 [-0.17928741 -0.30893265 -0.0324458  -0.04753938  0.11721358]
 [-0.23921863 -0.16734298  0.19857792 -0.18678779 -0.09579333]]
U = [[-0.15318567  0.01623208  0.21629388  0.4655401  -0.48305149]
 [ 0.50658018  0.24226907  0.14386319  0.30474339  0.40671051]
 [ 0.50478726 -0.36392899 -0.81880377  0.22909189 -0.09297892]
 [-0.3114089   0.07548257 -0.12279544  0.32548175 -0.05731824]
 [ 0.10478128 -0.06258274  0.29951461 -0.32712251 -0.73646469]]
Matrix Pair 25; W = [[-0.0406841   0.60892135  0.04637138  0.21536985  0.14534456]
 [ 0.20397386 -0.5089294   0.2719826  -0.33745653 -0.19961921]
 [ 0.16233767  0.28515751 -0.15681128 -0.1906498  -0.65140416]
 [-0.1713371  -0.32438761  0.01260148 -0.03876505  0.08737854]
 [-0.15127051 -0.11747242  0.14618776 -0.22828605 -0.02554296]]
U = [[-0.19670504  0.03106553  0.21705678  0.53505651 -0.47280449]
 [ 0.54279741  0.17905161  0.20485568  0.36621582  0.38579501]
 [ 0.44981775 -0.32214093 -0.83667658  0.25733628 -0.10685637]
 [-0.3410455   0.11045251 -0.16776522  0.38318702 -0.10293193]
 [ 0.07432451 -0.02614148  0.22824394 -0.38709743 -0.68064835]]
Matrix Pair 26; W = [[-0.03662795  0.62214007  0.08936338  0.1982651   0.14698483]
 [ 0.15184757 -0.46532963  0.27043081 -0.32878444 -0.21549794]
 [ 0.17959599  0.26722614 -0.13792749 -0.2167786  -0.71517336]
 [-0.17896991 -0.27269134  0.03241047 -0.10111412  0.08527   ]
 [-0.15660589 -0.11261356  0.14263611 -0.15556334 -0.01751556]]
U = [[-0.11369608  0.01305768  0.21410508  0.50699055 -0.47029978]
 [ 0.54965726  0.20314954  0.13055386  0.34455434  0.40547279]
 [ 0.52141263 -0.31189307 -0.82229091  0.19448287 -0.06881422]
 [-0.31798631  0.05637301 -0.14492908  0.31008823 -0.02777415]
 [ 0.15190882 -0.01619621  0.25245998 -0.40840548 -0.7348732 ]]
Matrix Pair 27; W = [[ 0.00964512  0.58326703  0.09801612  0.24526321  0.22282048]
 [ 0.1578953  -0.50927159  0.31568572 -0.32549589 -0.23693621]
 [ 0.25268879  0.27963696 -0.13535377 -0.26272755 -0.66023433]
 [-0.22141589 -0.29418146 -0.02490185 -0.06133985  0.08380078]
 [-0.22386732 -0.13083777  0.13251914 -0.15996113 -0.07681493]]
U = [[-0.12693145 -0.00800407  0.15510181  0.4956411  -0.51589859]
 [ 0.56659432  0.19860668  0.1815386   0.36454499  0.3810628 ]
 [ 0.48184451 -0.33829248 -0.8153564   0.20385365 -0.12263704]
 [-0.27105211  0.11780358 -0.12899801  0.36400145 -0.09451955]
 [ 0.14615564 -0.08220871  0.2439166  -0.38869974 -0.68020206]]
Matrix Pair 28; W = [[-0.14815481  0.0953371  -0.2094064   0.3368213  -0.39495352]
 [ 0.65199349 -0.36722697 -0.01235763 -0.07157918 -0.09332739]
 [ 0.01551572  0.28083172 -0.32511128 -0.43297122  0.41162296]
 [ 0.12592907  0.16433121  0.05359793 -0.33828196  0.16497655]
 [ 0.18715442  0.06329712  0.03922275 -0.22377966 -0.08867437]]
U = [[-0.22792906 -0.12618531 -0.12007245  0.14822476 -0.29426225]
 [-0.16984776  0.05134418  0.00100386 -0.13454706  0.47492125]
 [ 0.22014707  0.03354302 -0.41792676  0.07808713  0.29303144]
 [-0.34985863 -0.39133016 -0.57718257  0.40205106 -0.15286473]
 [ 0.38146033  0.00281312  0.36056182  0.32644501  0.11182427]]
Matrix Pair 29; W = [[-0.20357945  0.09176161 -0.19788226  0.26944226 -0.4245891 ]
 [ 0.60995758 -0.3824632  -0.0696963  -0.05878153 -0.04948378]
 [ 0.00271182  0.29582852 -0.31570454 -0.42512249  0.41527487]
 [ 0.13470394  0.11439775  0.06549918 -0.27837517  0.103251  ]
 [ 0.16589259  0.05425864  0.01887032 -0.31480271 -0.08362008]]
U = [[-0.2334473  -0.1662246  -0.06064586  0.16316993 -0.2904773 ]
 [-0.11383508  0.05260347  0.08302244 -0.13069574  0.46432127]
 [ 0.18224115  0.0921988  -0.47492263  0.0729546   0.3073315 ]
 [-0.40639383 -0.37702965 -0.58018639  0.43294809 -0.11104563]
 [ 0.35257379  0.02149844  0.31376544  0.27953952  0.09535849]]
Matrix Pair 30; W = [[-0.13454612  0.12602582 -0.27867017  0.30357964 -0.34582402]
 [ 0.65038362 -0.37761532 -0.08835083 -0.05226296 -0.12381039]
 [-0.00288988  0.27148087 -0.33196872 -0.42254253  0.4024652 ]
 [ 0.09140367  0.14727155  0.06634709 -0.27489039  0.08944215]
 [ 0.18325439 -0.00956477  0.02554943 -0.27110612 -0.0569175 ]]
U = [[-0.23094264 -0.08995708 -0.12191825  0.21074234 -0.27096744]
 [-0.10788578  0.02826687  0.04497008 -0.13258797  0.4997828 ]
 [ 0.17164974  0.06446232 -0.46692362  0.05842458  0.29845926]
 [-0.42595479 -0.37128294 -0.60254858  0.35634511 -0.15974837]
 [ 0.36665988  0.03822608  0.31700166  0.27021386  0.13523555]]
Matrix Pair 31; W = [[-0.13457396  0.13604656 -0.22285344  0.29560181 -0.43589292]
 [ 0.6102745  -0.39119494 -0.00516018 -0.01332419 -0.11372326]
 [ 0.04250158  0.32931839 -0.27985899 -0.42628491  0.37392008]
 [ 0.0998717   0.1435623  -0.0125964  -0.28973766  0.1297508 ]
 [ 0.1489518   0.01562015  0.02335393 -0.26258093 -0.07425497]]
U = [[-0.20800734 -0.12011584 -0.08689026  0.22562725 -0.2648347 ]
 [-0.13934939  0.10057804  0.00325982 -0.14077816  0.45577632]
 [ 0.2270582   0.02155463 -0.42770354  0.09195793  0.34844433]
 [-0.40517397 -0.35325895 -0.57967886  0.3876528  -0.15058062]
 [ 0.43521726  0.04021247  0.38990731  0.24180903  0.13182926]]
Matrix Pair 32; W = [[-0.51764788  0.18680845 -0.45836189  0.53796138 -0.39321665]
 [-0.21518282 -0.26626332  0.20584213  0.44230461 -0.15742482]
 [-0.12015493 -0.04864321 -0.49932304 -0.22627805  0.25721019]
 [ 0.43173788  0.12594697  0.68369485 -0.28467505  0.07642665]
 [-0.17421601 -0.09932871  0.21230382 -0.47470369 -0.20549689]]
U = [[-0.16890653 -0.05202934 -0.16153363  0.04978978  0.16174396]
 [-0.22467958 -0.14161903  0.32542705  0.0167178   0.29490597]
 [ 0.39684708  0.39911861 -0.13519267  0.24196289 -0.19159758]
 [-0.23880858 -0.39773112 -0.44124939  0.36835031  0.1722809 ]
 [ 0.21566984  0.0866392  -0.23646711 -0.21528145  0.41216729]]
Matrix Pair 33; W = [[-0.50559678  0.16363391 -0.45734465  0.56765491 -0.36647538]
 [-0.24318183 -0.33028435  0.22081868  0.46453381 -0.09508124]
 [-0.1675673  -0.12150221 -0.49456062 -0.15680754  0.29653671]
 [ 0.44478693  0.09585855  0.73967533 -0.34419488  0.04304736]
 [-0.1592845  -0.0567164   0.20570691 -0.4859412  -0.15493584]]
U = [[-0.10422472 -0.06242965 -0.13511766  0.08799344  0.24823608]
 [-0.20401857 -0.15685559  0.30307429 -0.00546186  0.27227864]
 [ 0.46618755  0.33050526 -0.15801261  0.22146941 -0.20494766]
 [-0.27724542 -0.40909901 -0.5072599   0.35275303  0.22639429]
 [ 0.24393102  0.02333195 -0.2030894  -0.26141875  0.47952491]]
Matrix Pair 34; W = [[-0.52507592  0.18025179 -0.50406271  0.57925379 -0.36541821]
 [-0.20026995 -0.2728864   0.22530925  0.47634293 -0.07889483]
 [-0.13529471 -0.08139204 -0.52282197 -0.18382179  0.31545424]
 [ 0.48761817  0.07069606  0.72905355 -0.32255593  0.05624005]
 [-0.1665307  -0.01921704  0.20231012 -0.41434049 -0.12527013]]
U = [[-0.10216363 -0.08938022 -0.14165836  0.06883011  0.18529197]
 [-0.23635973 -0.17232617  0.32574309 -0.03174098  0.29974566]
 [ 0.42630116  0.33167937 -0.13821006  0.23527979 -0.20077009]
 [-0.2634914  -0.3577204  -0.50229129  0.30379771  0.24507026]
 [ 0.26670422  0.01552981 -0.21715232 -0.28094486  0.44284437]]
Matrix Pair 35; W = [[-0.50150438  0.13437263 -0.52512996  0.56746395 -0.44638966]
 [-0.22901028 -0.3013673   0.22488848  0.40075618 -0.15359385]
 [-0.15818517 -0.03448133 -0.50503212 -0.18691086  0.33773567]
 [ 0.46670313  0.08193755  0.68578349 -0.30409673  0.06092796]
 [-0.14959525 -0.08497588  0.25359224 -0.44338576 -0.11778736]]
U = [[-0.12482529 -0.02455466 -0.17328113  0.10242189  0.20759392]
 [-0.23688795 -0.22473376  0.29201429 -0.03907573  0.35668372]
 [ 0.49472507  0.35738713 -0.11442551  0.19257582 -0.20599526]
 [-0.26383697 -0.37133981 -0.48927212  0.37017043  0.22184043]
 [ 0.28271228  0.04223527 -0.17719097 -0.22378726  0.50648473]]
Matrix Pair 36; W = [[-0.52381875  0.32740842 -0.34590888  0.08469051 -0.10473186]
 [-0.41082084  0.1855519   0.35082109  0.30854683  0.12462436]
 [-0.11418735 -0.55207291 -0.25120088  0.05067599  0.03211537]
 [ 0.58178272 -0.01146898  0.3625349   0.1432592   0.03404855]
 [-0.35416624  0.23616605  0.17392035 -0.15899044 -0.48140071]]
U = [[ 1.82935867e-02  4.96211547e-01 -6.29521417e-02  1.40864244e-01
  -1.10945301e-02]
 [ 3.01424472e-01 -2.13869648e-01 -9.49003141e-02  1.12561734e-01
  -3.35583972e-01]
 [-7.25535885e-04  3.26218998e-01 -1.53437737e-01  1.54032101e-01
  -6.72811608e-02]
 [-7.13497912e-02 -7.30220385e-01 -1.41157243e-01 -5.55481174e-02
   3.13342093e-01]
 [ 6.03252639e-02 -4.40471884e-01 -3.40162461e-01 -1.33211678e-01
   1.87912703e-01]]
Matrix Pair 37; W = [[-0.53645916  0.31910397 -0.28442004  0.05863728 -0.14301792]
 [-0.34073485  0.22397399  0.37263213  0.37877777  0.0996454 ]
 [-0.14586432 -0.48321453 -0.20553235  0.08867094 -0.02596061]
 [ 0.66434196 -0.00485834  0.34653223  0.19413065  0.00250145]
 [-0.3957653   0.21972836  0.21609669 -0.21349776 -0.4628386 ]]
U = [[-0.05625139  0.49737308 -0.0834015   0.12589431 -0.01877773]
 [ 0.2684087  -0.26219856 -0.09252316  0.11829044 -0.40886618]
 [-0.08473737  0.31921041 -0.15018081  0.10439073 -0.04434868]
 [-0.10611821 -0.68301345 -0.15385437 -0.06028532  0.30202733]
 [ 0.03187142 -0.37061771 -0.33299668 -0.22483418  0.20460387]]
Matrix Pair 38; W = [[-0.52239152  0.29542597 -0.36347624  0.03404355 -0.11374584]
 [-0.34226075  0.20442032  0.38921151  0.34630876  0.05469576]
 [-0.12395768 -0.49956293 -0.29438599  0.02857947 -0.03096955]
 [ 0.64346084  0.01945456  0.36905877  0.17111352 -0.01412548]
 [-0.31817161  0.20651908  0.16254307 -0.18996298 -0.43658369]]
U = [[ 0.00832428  0.53386106 -0.0915063   0.10855733  0.01750588]
 [ 0.30947976 -0.22416603 -0.0829726   0.10333978 -0.33617993]
 [-0.04062407  0.28936146 -0.20230883  0.09657374 -0.07273755]
 [-0.12114234 -0.68926136 -0.18747644 -0.05580693  0.29647272]
 [ 0.02677225 -0.43552888 -0.38045683 -0.22119281  0.17033503]]
Matrix Pair 39; W = [[-0.54343005  0.35194809 -0.35759998  0.12303961 -0.11008613]
 [-0.34768117  0.24065969  0.38551752  0.39289691  0.0800349 ]
 [-0.13832492 -0.54230121 -0.26382064  0.0268774   0.02195976]
 [ 0.60943591  0.08299189  0.32245403  0.19546249  0.00744333]
 [-0.38155951  0.15233347  0.18706058 -0.23694264 -0.41524421]]
U = [[-0.01816715  0.4888713  -0.04789711  0.06691477 -0.06952623]
 [ 0.28964379 -0.18352471 -0.13735845  0.03219464 -0.38806072]
 [-0.07199752  0.2639176  -0.12323715  0.1255829  -0.04987893]
 [-0.13756927 -0.65715609 -0.17203043  0.00328962  0.25284706]
 [ 0.05609709 -0.37415475 -0.4109354  -0.18383192  0.21311487]]
Matrix Pair 40; W = [[-0.37040777  0.26864878 -0.0430633   0.14747822 -0.2603496 ]
 [ 0.04170711  0.4127884   0.06889491 -0.28235016  0.19027887]
 [ 0.2361225  -0.0509353  -0.17103684 -0.40322065 -0.40556536]
 [ 0.38839125  0.06412931  0.32789974  0.49648665 -0.06263071]
 [-0.55909012 -0.15630272  0.12765213  0.12734987 -0.28570278]]
U = [[ 0.12959143 -0.61994757  0.1276857  -0.44193784  0.22240402]
 [ 0.65280978  0.07595726  0.30667963 -0.23043652 -0.18903074]
 [ 0.09697221 -0.14168559  0.52229237  0.49040256 -0.1541799 ]
 [ 0.04256119 -0.33338327  0.21147241 -0.17136597 -0.02664505]
 [-0.13558125  0.04270845  0.14874729  0.00100514 -0.07913889]]
Matrix Pair 41; W = [[-3.14818346e-01  3.01630804e-01 -1.42038030e-02  1.30857076e-01
  -2.53733552e-01]
 [ 3.85965222e-02  3.52848472e-01  1.24424054e-01 -2.30610186e-01
   2.02269698e-01]
 [ 1.66657393e-01 -3.95809092e-04 -1.53138048e-01 -4.93781065e-01
  -4.25448771e-01]
 [ 3.64374627e-01  3.80908787e-02  2.73908414e-01  5.15529496e-01
  -6.24887684e-03]
 [-6.24998778e-01 -8.68145677e-02  9.11963937e-02  1.60870447e-01
  -3.15572240e-01]]
U = [[ 0.08005761 -0.63767891  0.03908039 -0.43018443  0.26780022]
 [ 0.68360061  0.10226349  0.35266738 -0.19391419 -0.20226535]
 [ 0.12656892 -0.1950153   0.55549941  0.45846956 -0.17097985]
 [ 0.01174452 -0.41347909  0.26291143 -0.14513609 -0.02136044]
 [-0.07262142  0.02082449  0.17145656  0.0583746  -0.11150078]]
Matrix Pair 42; W = [[-0.36527364  0.29317894 -0.02559407  0.15068605 -0.27743755]
 [ 0.0217135   0.35915302  0.08306014 -0.22963105  0.19663867]
 [ 0.19897201 -0.06762497 -0.16383622 -0.46697676 -0.43769063]
 [ 0.4187765   0.01791005  0.27248501  0.47014959 -0.05806879]
 [-0.59834771 -0.17305552  0.09074666  0.11447427 -0.36312644]]
U = [[ 1.38180549e-01 -6.00679840e-01  1.18489571e-01 -4.11923505e-01
   2.49458085e-01]
 [ 6.43005063e-01  1.18703903e-01  3.41835332e-01 -2.15617012e-01
  -2.03748555e-01]
 [ 1.48996535e-01 -1.33075857e-01  5.20313722e-01  3.94440614e-01
  -2.33309983e-01]
 [ 1.55688624e-04 -3.98186525e-01  2.47854472e-01 -1.25404276e-01
  -5.78168083e-02]
 [-1.07230127e-01  3.02770216e-02  1.77982615e-01  4.48718156e-02
  -1.59734142e-01]]
Matrix Pair 43; W = [[-0.31521607  0.33555331 -0.0246504   0.14716093 -0.25334048]
 [ 0.06486184  0.33056086  0.0855045  -0.252292    0.24245635]
 [ 0.19653155 -0.02484933 -0.09816393 -0.42623842 -0.46761076]
 [ 0.4372122   0.0878207   0.27646304  0.53601088 -0.05771932]
 [-0.60627694 -0.12025534  0.15242905  0.1087194  -0.27805982]]
U = [[ 0.10595266 -0.62885472  0.06689766 -0.39499964  0.23166846]
 [ 0.62034825  0.10099777  0.35096419 -0.18294814 -0.17929801]
 [ 0.11210735 -0.15715774  0.48929534  0.46769529 -0.22168447]
 [ 0.08531165 -0.35108641  0.17307    -0.1695351  -0.0959527 ]
 [-0.06185842  0.06342148  0.11248506  0.01905273 -0.17360749]]
Matrix Pair 44; W = [[-0.04337322  0.1695362  -0.30466361  0.4896856   0.03001381]
 [-0.13649654  0.02976156  0.08392704  0.39017602 -0.12927292]
 [ 0.16320523  0.2525417  -0.43491373  0.17260292  0.02958306]
 [ 0.71298138 -0.01635734  0.07627113 -0.32658805 -0.0311474 ]
 [ 0.01913668  0.63173751  0.11468695 -0.24239111 -0.04094289]]
U = [[-0.34991264  0.14432604  0.00523411 -0.31409597 -0.21478181]
 [ 0.16355647  0.0933433   0.60767667 -0.12992192 -0.2769422 ]
 [-0.11916899  0.25046858  0.26283251  0.13299587  0.01803694]
 [ 0.22079238 -0.33773849  0.0508706   0.16235999 -0.37622116]
 [-0.64074291  0.01002384 -0.22886198  0.28425179 -0.07610378]]
Matrix Pair 45; W = [[-0.12625137  0.18835596 -0.22481927  0.42247027  0.03709945]
 [-0.07380848  0.03227926  0.11576437  0.35525413 -0.21300629]
 [ 0.15378229  0.27055879 -0.43239292  0.10546004  0.04940033]
 [ 0.7045511   0.0169816   0.01706751 -0.29008807 -0.0840545 ]
 [ 0.07815998  0.62899872  0.12584746 -0.30642988  0.00688697]]
U = [[-0.30687734  0.12302456 -0.01377208 -0.38694787 -0.2158535 ]
 [ 0.1834636   0.12482011  0.52271608 -0.20665487 -0.26951176]
 [-0.18150461  0.21512627  0.23171097  0.11461579  0.04788508]
 [ 0.25658545 -0.34384292  0.07990318  0.0680344  -0.38019263]
 [-0.65790669 -0.02869328 -0.26652651  0.24644097 -0.07561252]]
Matrix Pair 46; W = [[-0.05987683  0.13134401 -0.28225499  0.43520793  0.02406409]
 [-0.08330807  0.07370367  0.10288091  0.36912499 -0.18212723]
 [ 0.15790193  0.25162403 -0.41814969  0.15494643  0.09790627]
 [ 0.70312905 -0.03131033  0.06714126 -0.24209106 -0.07610829]
 [-0.01645493  0.57953939  0.10516511 -0.31184309  0.00124312]]
U = [[-3.19103069e-01  1.40551365e-01  7.02286517e-02 -3.75189396e-01
  -2.19260099e-01]
 [ 1.67975331e-01  1.14150872e-01  5.38860758e-01 -1.90144896e-01
  -3.06427062e-01]
 [-1.22337907e-01  2.17451199e-01  2.67548687e-01  1.02533120e-01
   4.34703228e-02]
 [ 2.13974643e-01 -3.28832042e-01  5.53788306e-04  1.19224870e-01
  -3.88811535e-01]
 [-6.94230798e-01 -5.74852021e-02 -2.70455730e-01  2.54568601e-01
  -1.31895040e-01]]
Matrix Pair 47; W = [[-3.71514876e-02  1.81111371e-01 -2.53812969e-01  4.19900728e-01
   9.05377867e-02]
 [-1.29059631e-01  1.13353261e-01  5.84601192e-02  3.96427232e-01
  -1.52137795e-01]
 [ 1.66628209e-01  2.39692240e-01 -4.04641375e-01  1.56601108e-01
   6.96476757e-02]
 [ 7.09317853e-01 -6.61894338e-04  1.14615430e-02 -2.45594991e-01
  -1.04026119e-02]
 [ 8.47655656e-03  5.73622612e-01  1.02969384e-01 -2.48354702e-01
   1.24156482e-02]]
U = [[-0.32401723  0.08459885  0.06599264 -0.38079415 -0.29209324]
 [ 0.21537986  0.05713928  0.56736075 -0.16463976 -0.28165986]
 [-0.18607449  0.20190241  0.29662071  0.09344912  0.03817273]
 [ 0.22003264 -0.30570639  0.08195974  0.14629774 -0.36241391]
 [-0.67115068  0.02407771 -0.21225788  0.24411996 -0.08783936]]
Matrix Pair 48; W = [[ 0.10387701  0.05734647 -0.18524139  0.02231001  0.04316666]
 [ 0.23561086 -0.28614628  0.04730503 -0.32139501  0.25234241]
 [-0.35535884  0.14022965 -0.15858309 -0.26654096  0.23210202]
 [ 0.25059632  0.34381747  0.73933035 -0.43288631 -0.10605598]
 [ 0.11174804  0.18944107  0.23348338 -0.84636152 -0.21494199]]
U = [[-0.0430994  -0.25731999 -0.45612385 -0.17122948  0.45553571]
 [-0.43782238 -0.18876452  0.42882476  0.05272407  0.11725844]
 [ 0.1895026  -0.22311543  0.12069953  0.03422619  0.01035364]
 [ 0.07451012 -0.25081493 -0.2974296   0.23893753 -0.26784284]
 [ 0.37718654  0.20819558  0.34958259 -0.13097905  0.15601874]]
Matrix Pair 49; W = [[ 0.09833541  0.12985174 -0.11596595  0.07363899  0.02462468]
 [ 0.2857238  -0.29664882  0.05018075 -0.31635246  0.27155819]
 [-0.36121143  0.13811493 -0.09967339 -0.2131998   0.30092914]
 [ 0.32007808  0.40303587  0.81872086 -0.46120373 -0.15488467]
 [ 0.12302285  0.18497018  0.23356854 -0.82863082 -0.28599307]]
U = [[-0.02500022 -0.296854   -0.53217815 -0.11038337  0.4531271 ]
 [-0.40859619 -0.25284415  0.43635701  0.05220219  0.18039906]
 [ 0.22170623 -0.22847889  0.08810051  0.04448249  0.03731383]
 [ 0.01401872 -0.19965592 -0.29936273  0.2891793  -0.27950357]
 [ 0.30509724  0.27965894  0.32557044 -0.09746657  0.21203012]]
Matrix Pair 50; W = [[ 0.054858    0.04365994 -0.11083758 -0.01025285  0.02909621]
 [ 0.29913263 -0.21887839  0.0612731  -0.26040148  0.26451456]
 [-0.28942467  0.17321064 -0.1625028  -0.25617909  0.27981764]
 [ 0.30237868  0.42513869  0.82609923 -0.43948845 -0.06470807]
 [ 0.1885691   0.27754463  0.24442955 -0.79441937 -0.22925053]]
U = [[-0.05496875 -0.30348708 -0.5183318  -0.13126416  0.40066158]
 [-0.43173761 -0.27103554  0.49502387  0.02083219  0.12752074]
 [ 0.17362331 -0.20946106  0.16427094  0.0192283   0.02806141]
 [ 0.06937659 -0.22659961 -0.26229487  0.25645137 -0.25988688]
 [ 0.30126111  0.23335784  0.36217957 -0.09473926  0.19606508]]
Matrix Pair 51; W = [[ 0.0409179   0.04686482 -0.12930546 -0.0060769   0.07443177]
 [ 0.27798853 -0.2206433   0.05692684 -0.26547587  0.24026727]
 [-0.31415215  0.09428814 -0.13007742 -0.24813193  0.32675779]
 [ 0.28594816  0.35113099  0.83052701 -0.37492488 -0.15194832]
 [ 0.13049005  0.18978419  0.18600838 -0.85612625 -0.26199326]]
U = [[-0.02421037 -0.24468271 -0.45030216 -0.13430918  0.4319615 ]
 [-0.4641058  -0.26512714  0.46724561  0.01959708  0.20690853]
 [ 0.15339535 -0.14723284  0.10267491  0.01509718  0.10093705]
 [ 0.07783673 -0.24133229 -0.28228914  0.25924166 -0.33953995]
 [ 0.29494486  0.2354841   0.30655244 -0.11885379  0.19369224]]
Matrix Pair 52; W = [[-0.17722639  0.23215698 -0.26318254  0.11830937 -0.0844211 ]
 [ 1.02171051 -0.33986226 -0.28405286 -0.30289563 -0.30346418]
 [ 0.0913915   0.42782154  0.09869365 -0.28391635  0.20883927]
 [-0.51229477 -0.06640677 -0.64663973 -0.01095327  0.18021381]
 [ 0.18281271  0.00620451 -0.16855076  0.18626069  0.00973702]]
U = [[-0.35716544  0.24492427  0.21129316  0.35495491 -0.46610404]
 [ 0.3874907   0.32399869 -0.28557585  0.12643448  0.0227759 ]
 [ 0.09664658 -0.08669171 -0.57311748  0.19390049  0.50314793]
 [-0.61864178 -0.78881132 -0.91897955  0.32807206 -0.12444037]
 [ 0.57385378 -0.36686559  0.73142793  0.60598941  0.25851693]]
Matrix Pair 53; W = [[-0.15488803  0.1527197  -0.2334374   0.09214795 -0.10220934]
 [ 0.97296752 -0.27149127 -0.22372832 -0.37758519 -0.29733886]
 [ 0.07307281  0.37687719  0.14673526 -0.34486645  0.25322451]
 [-0.48533037 -0.02694366 -0.68203125  0.07958074  0.19215766]
 [ 0.22562429  0.01951625 -0.21455866  0.18191994 -0.05324037]]
U = [[-0.36769617  0.23357956  0.25996048  0.38671144 -0.47748504]
 [ 0.38109808  0.33340167 -0.27178694  0.15385414  0.04414406]
 [ 0.09659221 -0.0953118  -0.56532556  0.15411884  0.44285415]
 [-0.63510338 -0.85078053 -0.84715921  0.27239112 -0.07090698]
 [ 0.58160094 -0.30917631  0.66217114  0.53973631  0.20588998]]
Matrix Pair 54; W = [[-0.18028758  0.20808365 -0.23123341  0.09894705 -0.15519666]
 [ 1.04240872 -0.3026281  -0.26460537 -0.37357465 -0.29474864]
 [ 0.13400898  0.37439997  0.10742581 -0.30505472  0.18709574]
 [-0.43893427 -0.06099384 -0.69467031  0.04732356  0.2031305 ]
 [ 0.18548994 -0.00205708 -0.2615083   0.21288744 -0.04128713]]
U = [[-0.40652971  0.24004631  0.23424825  0.35635882 -0.4720691 ]
 [ 0.43999018  0.38851985 -0.36416524  0.1432038   0.03963156]
 [ 0.04936882 -0.1015457  -0.55695168  0.1276917   0.45512498]
 [-0.58609409 -0.86218029 -0.9415011   0.30322538 -0.14612847]
 [ 0.5464185  -0.32400723  0.70647248  0.52260666  0.17797728]]
Matrix Pair 55; W = [[-0.17523618  0.15435262 -0.2369391   0.15757184 -0.109399  ]
 [ 0.94776721 -0.26199391 -0.2968069  -0.3329079  -0.23253065]
 [ 0.10492712  0.41722136  0.10643264 -0.25695556  0.26517365]
 [-0.49619268 -0.03399307 -0.67892664  0.01663522  0.1204182 ]
 [ 0.22466625 -0.01670232 -0.24362486  0.23915219 -0.02251349]]
U = [[-0.40627267  0.30861524  0.29417134  0.34480427 -0.49081956]
 [ 0.430299    0.32410215 -0.35914174  0.07288267  0.06510811]
 [ 0.11360673 -0.0946126  -0.5889053   0.17514039  0.45434493]
 [-0.60172942 -0.83694181 -0.90477912  0.31537655 -0.09844489]
 [ 0.56582114 -0.3290491   0.63420593  0.60144783  0.19996436]]
Matrix Pair 56; W = [[ 0.1751329   0.36768047 -0.25045431  0.05590012 -0.14904767]
 [-0.25974815  0.60779959  0.51024595 -0.17027975  0.1109971 ]
 [-0.12529954 -0.65149968 -0.14726365  0.39354468 -0.25321409]
 [ 0.54787677  0.06298364  0.33964531  0.35649541 -0.09749538]
 [-0.01558002  0.48043735  0.56020598 -0.15561772 -0.23022366]]
U = [[ 0.22921905  0.72643663 -0.09577334 -0.26822269 -0.27017705]
 [ 0.18009744 -0.42255501 -0.10017276 -0.45142933 -0.31868698]
 [-0.53662774 -0.01058061  0.29592888 -0.00424009 -0.06725372]
 [-0.37215478 -0.2731395  -0.12495247 -0.44409204 -0.0773272 ]
 [ 0.09497271 -0.05714516  0.04014358 -0.05375379 -0.25390386]]
Matrix Pair 57; W = [[ 0.17376918  0.3700527  -0.15877323  0.02157269 -0.20135604]
 [-0.19576955  0.52627931  0.43277076 -0.15545922  0.12572006]
 [-0.05369312 -0.59376091 -0.12912439  0.38256248 -0.23568144]
 [ 0.5807659   0.00991174  0.30471217  0.34528497 -0.09952023]
 [ 0.02796954  0.50156733  0.56519047 -0.20279968 -0.25380555]]
U = [[ 0.28734805  0.75446582 -0.03284428 -0.30162833 -0.31605467]
 [ 0.2369708  -0.37434828 -0.08746198 -0.3599164  -0.34572952]
 [-0.60051179 -0.02053561  0.37994699  0.01068951 -0.06698402]
 [-0.37011856 -0.33781849 -0.0547198  -0.48166892 -0.05137267]
 [ 0.05107598 -0.04432436  0.01557562 -0.04310518 -0.3045111 ]]
Matrix Pair 58; W = [[ 2.36725272e-01  3.45094746e-01 -1.89724875e-01  7.42391767e-03
  -2.19003335e-01]
 [-2.77066190e-01  5.94818528e-01  4.92959851e-01 -1.76123153e-01
   6.32568633e-02]
 [-7.54447951e-02 -6.13423503e-01 -1.15973099e-01  4.55556339e-01
  -2.79627592e-01]
 [ 6.14534891e-01  6.03371572e-04  3.32576876e-01  3.66074040e-01
  -1.47908445e-01]
 [-2.73960506e-02  5.00058756e-01  5.93988211e-01 -1.79690455e-01
  -3.17689150e-01]]
U = [[ 0.3046191   0.80869775 -0.12718629 -0.28538069 -0.32887125]
 [ 0.18791893 -0.3946406  -0.07581019 -0.40780328 -0.34504872]
 [-0.61836536 -0.03155033  0.32891026 -0.00521193 -0.07270225]
 [-0.41565431 -0.32299726 -0.13607922 -0.45797105 -0.06848157]
 [ 0.06884442 -0.04863317 -0.00096487 -0.08702125 -0.31242916]]
Matrix Pair 59; W = [[ 0.18295835  0.32921668 -0.16812103  0.01357728 -0.19386167]
 [-0.20882678  0.61237336  0.49501352 -0.22910217  0.10358542]
 [-0.12219889 -0.58576913 -0.17380001  0.41074543 -0.23423941]
 [ 0.58816761  0.04602425  0.3395342   0.28275871 -0.09912405]
 [ 0.02056361  0.45380069  0.61191713 -0.16935429 -0.26032937]]
U = [[ 0.27703096  0.79414414 -0.04717008 -0.29568638 -0.31893946]
 [ 0.17531819 -0.37678561 -0.14226298 -0.43597075 -0.27508367]
 [-0.56329806 -0.0173644   0.31989501  0.00656793 -0.0497292 ]
 [-0.42535229 -0.35416902 -0.08246534 -0.42203898 -0.04881518]
 [ 0.11905283 -0.06218206  0.07510103 -0.03869481 -0.24888155]]
Matrix Pair 60; W = [[-0.1495012   0.29783804  0.3167654   0.38304997  0.23927389]
 [-0.04921925 -0.20427193  0.42300339 -0.16866983 -0.1062812 ]
 [ 0.52030913  0.49136154  0.12479081  0.02623587 -0.27547394]
 [ 0.02732814 -0.26191405 -0.25208996 -0.10072994  0.2139332 ]
 [ 0.25384813  0.30027306  0.25551656 -0.14168237 -0.4424364 ]]
U = [[-0.12848175  0.1541179  -0.00868963  0.31077679 -0.248731  ]
 [ 0.55943477  0.17670136 -0.23208707  0.21524423  0.46813567]
 [ 0.22391774 -0.06123576 -0.60056563 -0.21229454 -0.03663867]
 [ 0.03646637  0.23276311 -0.66757911  0.22170162  0.06018762]
 [-0.1760357  -0.58412865  0.0946763  -0.23182601 -0.48581939]]
Matrix Pair 61; W = [[-0.17411083  0.26164245  0.36282656  0.44490874  0.26091072]
 [-0.04461414 -0.13983486  0.44644463 -0.21221775 -0.14377843]
 [ 0.55703464  0.49498348  0.1411094   0.02938893 -0.35491542]
 [ 0.05489381 -0.22844791 -0.20719937 -0.12780763  0.28663763]
 [ 0.25403778  0.3331191   0.22097465 -0.09144139 -0.4424112 ]]
U = [[-0.13701994  0.16255291 -0.02560915  0.24453438 -0.18433694]
 [ 0.59508856  0.12685556 -0.192848    0.17579645  0.40173109]
 [ 0.25243111 -0.11479968 -0.5981322  -0.12860151  0.03171429]
 [ 0.00717349  0.24889869 -0.6372447   0.22318968  0.03014408]
 [-0.15883556 -0.56333525  0.08904618 -0.2971279  -0.5294127 ]]
Matrix Pair 62; W = [[-0.1461191   0.28961975  0.32915677  0.40318784  0.26861177]
 [-0.04348647 -0.19200526  0.41440503 -0.24576283 -0.1098246 ]
 [ 0.51551758  0.47564801  0.17812985  0.04393558 -0.27451721]
 [ 0.08742029 -0.28625764 -0.22229274 -0.18331802  0.23844999]
 [ 0.18771996  0.38408796  0.22268959 -0.14995921 -0.42467296]]
U = [[-0.19093462  0.19866496 -0.0269557   0.21777188 -0.16590877]
 [ 0.56820058  0.09349999 -0.23543248  0.2236867   0.38018877]
 [ 0.21442135 -0.03199702 -0.59903326 -0.17169356 -0.04176393]
 [ 0.04326334  0.22218423 -0.62205101  0.21091168  0.05929497]
 [-0.16854037 -0.616947    0.11766917 -0.22677903 -0.4757522 ]]
Matrix Pair 63; W = [[-0.12936702  0.24384992  0.29892045  0.41271476  0.25030919]
 [-0.04484605 -0.21096922  0.45863837 -0.2130448  -0.11825082]
 [ 0.56334788  0.50414065  0.16875644 -0.02037084 -0.25850535]
 [ 0.01644738 -0.26856474 -0.23021883 -0.17054802  0.22544412]
 [ 0.19628459  0.34985125  0.22029394 -0.10258265 -0.43868134]]
U = [[-0.15511754  0.135344   -0.03466029  0.26737971 -0.19176218]
 [ 0.54330238  0.15408821 -0.2317558   0.20647065  0.46393522]
 [ 0.23137287 -0.02959124 -0.52824965 -0.14910711 -0.01852303]
 [ 0.04813684  0.23525722 -0.62149718  0.26268914  0.02847526]
 [-0.18217318 -0.53912296  0.11707077 -0.28889415 -0.50443832]]
