Epoch: 5Matrix Pair 0; W = [[ 0.02930675  0.08274528  0.03855277 -0.05907697  0.0696051 ]
 [-0.20922167  0.09412721 -0.24001237  0.2524901   0.11761369]
 [-0.13926174  0.26736625  0.22140045 -0.02482118  0.21863302]
 [ 0.11155386 -0.15553706 -0.03718183 -0.01144067 -0.00216215]
 [ 0.04937947  0.1525243  -0.02958163  0.04729322  0.0432644 ]]
V = [[ 0.29294391  0.07256439 -0.18937853  0.11145761 -0.00294493]
 [ 0.03551805  0.00962274  0.27676003 -0.06827701  0.04335479]
 [ 0.08514465  0.10577449 -0.1788679  -0.08856779 -0.13091998]
 [-0.11860684 -0.12729469 -0.10328342 -0.09407541 -0.03813158]
 [-0.08005897 -0.16618423 -0.13021887  0.29257128 -0.11597115]]
U = [[ 0.16091234 -0.06646261  0.00949334  0.08895893 -0.03611393]
 [-0.19925982 -0.13253299 -0.19727339  0.11949056 -0.03034273]
 [ 0.06290798  0.24759784 -0.36699908 -0.03488001 -0.0802606 ]
 [ 0.05084374  0.18186459  0.35336511 -0.10354639  0.1221452 ]
 [-0.061704    0.06849155  0.15519895  0.00407288 -0.06545828]]
Matrix Pair 1; W = [[ 0.08322375  0.08251388 -0.02119614 -0.07508347  0.09829683]
 [-0.17992079  0.15972132 -0.20719211  0.2077232   0.11495766]
 [-0.09420246  0.26118162  0.23615058 -0.04772805  0.182236  ]
 [ 0.1082442  -0.23166132 -0.12044803 -0.06752845  0.06251407]
 [ 0.02169058  0.11214365 -0.05166051  0.00103744 -0.04773731]]
V = [[ 0.2908918   0.12536523 -0.20508345  0.13531228 -0.01772594]
 [ 0.00201326 -0.04963882  0.32700833 -0.088328    0.01375707]
 [ 0.12143403  0.05454918 -0.15529695 -0.06239806 -0.14028553]
 [-0.19201774 -0.09539884 -0.102592   -0.06525871  0.00508395]
 [-0.15358921 -0.10257317 -0.10440583  0.27008816 -0.10884458]]
U = [[ 0.10670473 -0.10556528 -0.00286908  0.01297227 -0.02848999]
 [-0.23200465 -0.07994769 -0.14952591  0.1138704  -0.07784213]
 [ 0.0337066   0.22600021 -0.38463261 -0.00260772 -0.00666366]
 [ 0.05853587  0.17731133  0.33795668 -0.09134217  0.09545398]
 [-0.09376314  0.00427198  0.15985218 -0.03707461 -0.08768958]]
Matrix Pair 2; W = [[ 0.01744616  0.09196897  0.01190465 -0.00609369  0.14772217]
 [-0.17826276  0.10221751 -0.19302356  0.18106962  0.08756811]
 [-0.0788149   0.21067624  0.16571935 -0.06472814  0.21362589]
 [ 0.11013385 -0.19476518 -0.06439571 -0.0478896   0.02225743]
 [ 0.10082275  0.11602792 -0.05772123 -0.0266916   0.04027705]]
V = [[ 0.21935389  0.09805881 -0.11958586  0.08211504  0.03848325]
 [ 0.02053549  0.00513575  0.26004991 -0.03240954  0.04465379]
 [ 0.10275469  0.04845587 -0.12552804 -0.00984952 -0.1335874 ]
 [-0.15487008 -0.14158231 -0.05697855 -0.11208297 -0.04262338]
 [-0.13729533 -0.10382911 -0.1279742   0.25132218 -0.0582596 ]]
U = [[ 0.14296669 -0.05987727 -0.01638236  0.08180432 -0.10284695]
 [-0.26605406 -0.12714316 -0.1796275   0.14233504  0.0008115 ]
 [ 0.02306169  0.28661669 -0.37822993 -0.05211235 -0.00998321]
 [ 0.05330195  0.16674241  0.36591752 -0.1077997   0.07867918]
 [-0.01717873  0.08593734  0.15357598  0.01591236 -0.03825033]]
Matrix Pair 3; W = [[ 0.09270648  0.1054211  -0.01217358 -0.07894816  0.11327164]
 [-0.22106982  0.13794973 -0.21246513  0.19303963  0.09327881]
 [-0.11348428  0.21179471  0.241012   -0.00321154  0.25801141]
 [ 0.13646265 -0.21909325 -0.08552952 -0.09290929  0.01112196]
 [ 0.09068376  0.17810199 -0.04910374  0.02631719 -0.00696098]]
V = [[ 0.28945878  0.05278869 -0.2112279   0.12033266 -0.03876544]
 [-0.00936833 -0.02554256  0.27290038 -0.06527278  0.02377203]
 [ 0.09124375  0.09149525 -0.12841787 -0.02425553 -0.13328249]
 [-0.1913097  -0.11602974 -0.11468377 -0.10391728 -0.05114237]
 [-0.10032741 -0.08351542 -0.0696681   0.28538039 -0.07449285]]
U = [[ 0.17080314 -0.06051089 -0.03727103  0.0291416  -0.00653839]
 [-0.2699156  -0.12057006 -0.16318323  0.11976856 -0.07164954]
 [ 0.02924411  0.24545452 -0.37607815 -0.01940978 -0.00730369]
 [ 0.11584715  0.16258362  0.31430337 -0.14019286  0.15801575]
 [-0.07780607 -0.00336026  0.07212224  0.02423123 -0.03898474]]
Matrix Pair 4; W = [[ 0.05504884  0.12642145  0.13673767 -0.07783652  0.10740774]
 [-0.1317694   0.1328971  -0.19177321  0.09762895  0.13425851]
 [-0.02510156  0.25482867  0.11825463 -0.05374494  0.13441897]
 [ 0.09875212 -0.1678021  -0.10822602  0.08518293 -0.02510246]
 [-0.02544872  0.07556389 -0.03796937 -0.02526522  0.10553128]]
V = [[ 0.13584656  0.11065181  0.03232435 -0.00609908  0.01593791]
 [ 0.08165992 -0.17141109  0.36600353 -0.10893082 -0.04709403]
 [ 0.18620755  0.16413774 -0.31057846 -0.15096203 -0.04689317]
 [-0.33613713 -0.09767768  0.02069849  0.03001475 -0.06374492]
 [-0.27652416 -0.10493943 -0.08160507  0.16643525 -0.12908154]]
U = [[ 0.19024404 -0.11399884 -0.05886687  0.12162823  0.07102746]
 [-0.19813101 -0.07972507 -0.17597407  0.12588521 -0.1530729 ]
 [ 0.07506197  0.11609708 -0.09674679 -0.04866117 -0.02574829]
 [ 0.06263213  0.14527306  0.13230993 -0.02220387  0.12225931]
 [-0.15538847  0.07329187  0.12174814  0.03557422 -0.04782026]]
Matrix Pair 5; W = [[ 0.03407588  0.14420224  0.06104114 -0.03269287  0.03743528]
 [-0.13303962  0.12560389 -0.19882868  0.05684175  0.12641046]
 [ 0.03939399  0.27604296  0.14704106 -0.0550742   0.13238776]
 [ 0.06201846 -0.21404035 -0.11347043  0.07102227  0.00435023]
 [ 0.01463598  0.12080813 -0.06125218 -0.06321527  0.11202623]]
V = [[ 0.173067    0.08569577  0.04028523 -0.02861772 -0.03339947]
 [ 0.11151607 -0.10440265  0.36120816 -0.13072431 -0.0707572 ]
 [ 0.13596063  0.19712258 -0.26712827 -0.12722749 -0.07675578]
 [-0.32127252 -0.16151468 -0.05548444  0.03786302 -0.05517031]
 [-0.21854827 -0.1130684  -0.04981491  0.22350784 -0.12926518]]
U = [[ 0.1436468  -0.12290476 -0.10788014  0.11597875  0.0618793 ]
 [-0.25284808 -0.03984704 -0.17312096  0.13351469 -0.10790257]
 [ 0.11268274  0.14038797 -0.15359295 -0.10060175 -0.0344673 ]
 [ 0.01699286  0.14912841  0.14590033 -0.06204387  0.08656101]
 [-0.12087108 -0.00843822  0.15741198  0.05377775 -0.07183813]]
Matrix Pair 6; W = [[ 0.12450979  0.13505172  0.09985341 -0.06091276  0.07929179]
 [-0.1293067   0.13080318 -0.14552121  0.13820397  0.19186425]
 [ 0.05581315  0.23812073  0.16173336 -0.0406931   0.11854494]
 [ 0.03243066 -0.20624696 -0.16120336  0.03347767  0.05044987]
 [ 0.00201051  0.0633644  -0.07055988 -0.02191817  0.12580643]]
V = [[ 0.15979323  0.03467016 -0.01615368 -0.00070283  0.01171758]
 [ 0.06490628 -0.15676926  0.33945075 -0.13292307 -0.04999991]
 [ 0.10806034  0.12009163 -0.26620165 -0.11646749 -0.03187116]
 [-0.377883   -0.13336573 -0.03223872  0.04674842 -0.05271926]
 [-0.22594446 -0.10313101 -0.04187809  0.24275481 -0.10381753]]
U = [[ 0.14282225 -0.05268661 -0.09985358  0.11690927  0.07307101]
 [-0.20157189 -0.06185877 -0.22488916  0.12400425 -0.06609841]
 [ 0.09567436  0.13882618 -0.15311457 -0.11592736 -0.02875248]
 [ 0.08452436  0.12617002  0.15610599 -0.06070669  0.09838166]
 [-0.11301529  0.00792209  0.13593938  0.06039269 -0.1277391 ]]
Matrix Pair 7; W = [[ 0.04500737  0.07874263  0.05031922 -0.03938254  0.08343553]
 [-0.09097809  0.1053131  -0.13208755  0.08246429  0.18180435]
 [-0.01324116  0.24332646  0.07594651 -0.05316293  0.12732535]
 [ 0.1094653  -0.15239151 -0.09849913  0.05253277  0.04792859]
 [-0.02286672  0.05862577 -0.09433425 -0.06068584  0.12878762]]
V = [[ 0.17299338  0.03253244  0.0417374   0.02731125  0.04125121]
 [ 0.04218953 -0.14155971  0.31616123 -0.03783249 -0.12431793]
 [ 0.10805942  0.15910417 -0.25696326 -0.09816558 -0.0667172 ]
 [-0.31844731 -0.14561085 -0.0292439   0.04207134 -0.03769622]
 [-0.24311288 -0.14595771 -0.04090217  0.21039923 -0.13146499]]
U = [[ 0.16448398 -0.06062649 -0.04537544  0.08592829  0.03579361]
 [-0.19829118 -0.08042051 -0.22477841  0.13108791 -0.09576875]
 [ 0.01934064  0.12475691 -0.09707848 -0.04628623 -0.01560528]
 [ 0.0129172   0.1916051   0.19170668 -0.00842435  0.094862  ]
 [-0.08887321  0.06128163  0.11040131  0.01883    -0.03407102]]
Matrix Pair 8; W = [[ 0.07444478  0.05063474  0.17768061 -0.04142395  0.06283843]
 [-0.18443879  0.09686481 -0.12313365  0.10244341  0.17654229]
 [ 0.04947209  0.35452814  0.10461059 -0.07941264  0.01823422]
 [ 0.15126363 -0.13097569 -0.19157117  0.05883317  0.01766404]
 [ 0.00072484  0.01612518 -0.03519067 -0.03701442  0.15065099]]
V = [[ 0.1747063   0.01265506 -0.07233825  0.08052086  0.03525375]
 [ 0.07306004 -0.17193269  0.22340879 -0.0417708   0.02636886]
 [ 0.05855205  0.22938158 -0.19045443 -0.10652682 -0.059215  ]
 [-0.34051009 -0.08128538  0.02137436  0.07051714 -0.11327477]
 [-0.25814562 -0.0420551  -0.07629572  0.03975195 -0.1550265 ]]
U = [[ 0.14129898 -0.03237021 -0.02353781  0.0658471  -0.05726124]
 [-0.06375096 -0.17780844 -0.14652268  0.24892337 -0.15710806]
 [ 0.06303257  0.18558644 -0.06577029 -0.08306032 -0.09349246]
 [-0.0025727   0.14668277  0.1472142  -0.10531561 -0.0041752 ]
 [-0.08499319  0.11121265  0.12913063 -0.1229385  -0.19353731]]
Matrix Pair 9; W = [[ 0.08899169  0.04641036  0.11985215  0.05757895  0.05580866]
 [-0.22278839  0.12850858 -0.16427264  0.14980803  0.14712276]
 [ 0.02221134  0.35848818  0.14199913 -0.0056474   0.02558563]
 [ 0.10293704 -0.13371608 -0.21624249  0.02133742  0.01173883]
 [ 0.02504552  0.0199509   0.01362222 -0.00177145  0.07408314]]
V = [[ 0.09221979 -0.01120731 -0.0345727   0.02765627  0.00166331]
 [ 0.06496021 -0.12643749  0.24087971 -0.11275265  0.05380687]
 [ 0.06195757  0.19990013 -0.18224234 -0.16502674 -0.03681658]
 [-0.36837355 -0.08613124 -0.01945079  0.1414008  -0.1399773 ]
 [-0.24586163 -0.0813496  -0.07662749  0.02119476 -0.21450153]]
U = [[ 0.10717638  0.00801367 -0.03837858  0.07354201  0.02496725]
 [-0.14440802 -0.17884978 -0.15439636  0.27157468 -0.15587371]
 [ 0.03676874  0.21547285 -0.08880368 -0.12122323 -0.0443005 ]
 [ 0.00287009  0.12689563  0.11894611 -0.05938456  0.04535394]
 [-0.06699451  0.14466868  0.17904498 -0.16327596 -0.21813406]]
Matrix Pair 10; W = [[ 0.10731859  0.00639596  0.19651846 -0.01075819  0.07558382]
 [-0.2391398   0.07141516 -0.15290955  0.1789853   0.22417624]
 [ 0.02898796  0.34283709  0.07877203 -0.07187863  0.00672145]
 [ 0.1772128  -0.1153983  -0.20260254  0.03848272 -0.01337207]
 [-0.00749642  0.0711286   0.02719452 -0.05008272  0.07586336]]
V = [[ 0.16419623  0.00465946 -0.0990276   0.03774768  0.03090031]
 [ 0.05254901 -0.15628734  0.23015263 -0.04100323  0.05055306]
 [ 0.05255156  0.16966057 -0.20521699 -0.11983234 -0.08603923]
 [-0.34152327 -0.14962168 -0.01132451  0.08292597 -0.11619501]
 [-0.20637359 -0.13448716 -0.05051211  0.10389499 -0.22892736]]
U = [[ 0.11321674 -0.04991448 -0.06090692  0.0785407  -0.00288916]
 [-0.1321454  -0.21125563 -0.13041952  0.23039137 -0.20642158]
 [ 0.05626369  0.18731053 -0.07108539 -0.11650626 -0.06770943]
 [ 0.0400598   0.11618113  0.14620768 -0.07596777  0.02647024]
 [-0.03755419  0.11935991  0.1402946  -0.11572916 -0.18029451]]
Matrix Pair 11; W = [[ 0.13896479  0.01166676  0.12042636  0.02035808  0.07270917]
 [-0.24310549  0.06202311 -0.18150794  0.13029112  0.1999671 ]
 [-0.0237215   0.36807301  0.05412466 -0.05455563  0.08836778]
 [ 0.14656635 -0.16580549 -0.24614584  0.08714458 -0.04713404]
 [-0.02268455  0.08290267  0.056708   -0.01028294  0.13735675]]
V = [[ 0.17936874 -0.04424024 -0.11657473  0.04441141 -0.03269606]
 [ 0.04233748 -0.1614948   0.22222398 -0.09233826  0.04444983]
 [ 0.08397486  0.23185825 -0.21211649 -0.19082726 -0.06147097]
 [-0.31949416 -0.14189198 -0.03047821  0.09140123 -0.17095245]
 [-0.17626547 -0.09020867 -0.0633398   0.062564   -0.21953377]]
U = [[ 0.10327597 -0.01567929 -0.01588649  0.08279444 -0.0217327 ]
 [-0.14192168 -0.22711888 -0.07904445  0.19156526 -0.19779526]
 [ 0.05387157  0.203511   -0.14214295 -0.09137343 -0.10555472]
 [ 0.00328701  0.07524755  0.19039368 -0.10594644  0.04048291]
 [-0.03547224  0.0859093   0.13860204 -0.16799988 -0.15125009]]
Matrix Pair 12; W = [[ 0.07354202  0.0781009  -0.00407521 -0.01627792  0.13082277]
 [-0.24080311  0.12883866 -0.21520618  0.247933    0.10117641]
 [-0.1191532   0.21314172  0.18051092 -0.05451696  0.24824668]
 [ 0.07886924 -0.21628842 -0.06265858  0.00266023  0.01930175]
 [-0.00990651  0.16390367 -0.03757543 -0.07144248  0.03379849]]
V = [[ 0.25313425  0.08834867 -0.10765346  0.14915404  0.04984116]
 [ 0.01167622 -0.07281858  0.3706721  -0.01571439  0.03920108]
 [ 0.16551585  0.12995666 -0.21133479 -0.10416903 -0.07906065]
 [-0.15401156 -0.17605547 -0.05071227  0.00058222 -0.07363182]
 [-0.2206735  -0.08640475 -0.05729584  0.297933   -0.07536465]]
U = [[ 0.1237312  -0.01273112 -0.07443333  0.06679708 -0.00669663]
 [-0.19268902 -0.08590541 -0.21579727  0.00997211 -0.07664467]
 [ 0.12651235  0.25836798 -0.2715238  -0.08088266  0.0099705 ]
 [ 0.09599014  0.20140489  0.26904397 -0.12731784  0.14994549]
 [-0.08196388  0.05883396  0.18670894 -0.0726983  -0.10486432]]
Matrix Pair 13; W = [[ 0.02273907  0.05739288 -0.02756245 -0.0866667   0.1364906 ]
 [-0.17633534  0.15932309 -0.22900651  0.1979854   0.08178492]
 [-0.14223223  0.15778215  0.15242151 -0.08989166  0.22183213]
 [ 0.09962478 -0.19729706 -0.06217426 -0.02831904 -0.02462298]
 [-0.04601371  0.1566531  -0.04219838 -0.04268117  0.02157055]]
V = [[ 0.24678392  0.13042205 -0.18681939  0.06066535  0.02948486]
 [ 0.07115557 -0.08222857  0.32732094 -0.02510825  0.06796896]
 [ 0.11076434  0.11516204 -0.11513494 -0.09811575 -0.14958758]
 [-0.13044943 -0.13099961 -0.05406457  0.01118692 -0.02957713]
 [-0.16117486 -0.05197382 -0.13988982  0.25919874 -0.01499161]]
U = [[ 0.04618063 -0.02267563 -0.09250793  0.04514106 -0.06254504]
 [-0.27296533 -0.08907782 -0.28360514  0.0342762  -0.13093536]
 [ 0.08683441  0.20928828 -0.26793422 -0.06492795 -0.04003314]
 [ 0.02863927  0.23429196  0.24747454 -0.17606489  0.08068168]
 [-0.09389916  0.05563673  0.21149336  0.00054216 -0.06664111]]
Matrix Pair 14; W = [[ 0.01646353  0.03094692  0.05792762 -0.05112111  0.04472374]
 [-0.20528832  0.18212935 -0.25565169  0.2401414   0.0845249 ]
 [-0.05604523  0.19095304  0.1617886  -0.04068574  0.20839495]
 [ 0.10261797 -0.19479268 -0.12664241  0.00944437 -0.03803213]
 [-0.01232592  0.08089847 -0.00178298 -0.0806181   0.01129591]]
V = [[ 0.26557213  0.10629522 -0.17625637  0.06379569  0.05362895]
 [ 0.07507726 -0.08569352  0.34120458 -0.07443139  0.06044779]
 [ 0.10760808  0.06410536 -0.20183223 -0.03621668 -0.14576341]
 [-0.2121734  -0.12082072 -0.03258837  0.01961023 -0.05116128]
 [-0.18362604 -0.03612917 -0.13247802  0.20789382 -0.07744405]]
U = [[ 0.06048704 -0.0730592  -0.05483928  0.08207911 -0.01586371]
 [-0.23595435 -0.0969632  -0.2595091   0.04642853 -0.11948118]
 [ 0.13293454  0.24616896 -0.29056621 -0.09427355 -0.06066211]
 [ 0.06378053  0.20576243  0.27223625 -0.18901565  0.09525332]
 [-0.07715284  0.02782804  0.18267532 -0.03710843 -0.1381811 ]]
Matrix Pair 15; W = [[ 0.07535983  0.05959902  0.05495668 -0.10981812  0.1271    ]
 [-0.1725579   0.13014816 -0.23299638  0.23472372  0.08376064]
 [-0.10790064  0.21373152  0.20769009 -0.06789205  0.19250869]
 [ 0.08802751 -0.15456347 -0.07497469  0.01701817 -0.03821868]
 [-0.03381422  0.14982112  0.01615856 -0.04017449 -0.03928587]]
V = [[ 0.18422033  0.10647403 -0.17795913  0.07557756  0.00986125]
 [ 0.07497396 -0.15808384  0.38578577 -0.00262312  0.03593024]
 [ 0.18232614  0.12663915 -0.17646684 -0.13043017 -0.09343824]
 [-0.13902983 -0.15040428 -0.08228162  0.08363558 -0.07664362]
 [-0.22554416 -0.03504733 -0.06105622  0.28662686 -0.03392921]]
U = [[ 0.10178983 -0.04019114 -0.1123993   0.0465888  -0.05351799]
 [-0.25077155 -0.07107207 -0.19586039  0.0178034  -0.06434555]
 [ 0.15693695  0.20905903 -0.33082225 -0.11199927 -0.01781782]
 [ 0.0311769   0.24458239  0.28285024 -0.13161019  0.08613412]
 [-0.12904551  0.10191325  0.14633231 -0.02019256 -0.09432014]]
Matrix Pair 16; W = [[ 0.04723898  0.07030849  0.03277999 -0.10726181  0.04413541]
 [-0.16495831  0.16231207 -0.30441236  0.18694952  0.13182554]
 [-0.08131362  0.26894706  0.14019414 -0.08876187  0.21080169]
 [ 0.15838622 -0.20827269 -0.01700684  0.00829047 -0.01809339]
 [ 0.07069625  0.10020302  0.03444437 -0.05677003  0.0127435 ]]
V = [[ 0.20824017 -0.02207914 -0.17562222  0.13846719  0.0024653 ]
 [-0.0134406  -0.12974599  0.19534727 -0.00588151  0.03723603]
 [ 0.15192059  0.13222707 -0.26319094 -0.10389827 -0.05409545]
 [-0.18784549 -0.11424598 -0.00910832  0.01236451 -0.09385944]
 [-0.13335193 -0.07257838 -0.1328983   0.23116518 -0.12082002]]
U = [[ 0.07748115  0.00262541 -0.03164443  0.04251821 -0.05982042]
 [-0.22340999 -0.12022173 -0.17120103  0.07986415 -0.08947824]
 [ 0.12227861  0.22265766 -0.28703848 -0.10907383 -0.05624485]
 [ 0.11129147  0.23739553  0.27448488 -0.11543386  0.1423406 ]
 [-0.08566739  0.07596661  0.18582509  0.00031689 -0.1132245 ]]
Matrix Pair 17; W = [[-0.03112752  0.12410817  0.02976644 -0.08395624  0.1040484 ]
 [-0.14848662  0.16227121 -0.24328458  0.22362936  0.1532752 ]
 [-0.06666897  0.22419494  0.14482569 -0.07186626  0.1673213 ]
 [ 0.15100289 -0.22360921 -0.0628546  -0.01318212 -0.01880418]
 [ 0.04949843  0.13807437 -0.00895543 -0.0784947   0.03225229]]
V = [[ 0.2336209  -0.00263117 -0.19468704  0.16487254  0.0035533 ]
 [ 0.03182997 -0.14415603  0.26130923 -0.05830006  0.06740766]
 [ 0.13050193  0.10450316 -0.26223825 -0.16893841 -0.06502744]
 [-0.1714905  -0.15196966 -0.00444392  0.05065749 -0.09614764]
 [-0.13283429 -0.06976846 -0.15481147  0.23609158 -0.0603027 ]]
U = [[ 0.06923213  0.04642923 -0.10010804  0.04938429 -0.03926449]
 [-0.22984106 -0.12522727 -0.20811235  0.12429813 -0.13762977]
 [ 0.0863425   0.17483853 -0.27843343 -0.10841726 -0.01468819]
 [ 0.03083804  0.21902518  0.28080113 -0.09092924  0.09132871]
 [-0.12513992  0.07198116  0.15885192 -0.0233974  -0.1127135 ]]
Matrix Pair 18; W = [[ 0.03620117  0.10242808  0.03629717 -0.10864003  0.11999996]
 [-0.24135213  0.15362088 -0.30449028  0.18399069  0.10081125]
 [-0.02598116  0.23094653  0.13528908 -0.10716201  0.24699261]
 [ 0.15331106 -0.16794048 -0.04507026 -0.010464   -0.00442458]
 [ 0.01898461  0.10724339 -0.01180207 -0.05561143  0.0499852 ]]
V = [[ 0.23602339  0.00331089 -0.13523478  0.107885    0.01723186]
 [-0.02770963 -0.14185548  0.20013537 -0.05312901  0.08373049]
 [ 0.10662384  0.0697611  -0.21468823 -0.08674209 -0.06068745]
 [-0.1833913  -0.15688961 -0.03666227  0.03965184 -0.08476908]
 [-0.18637511 -0.1047202  -0.11193618  0.23056054 -0.11358428]]
U = [[ 0.06555725  0.01890102 -0.09038534  0.06624663 -0.00072311]
 [-0.20493212 -0.10706548 -0.1825587   0.0603541  -0.09039439]
 [ 0.07548445  0.19672861 -0.24793665 -0.07136946 -0.00623937]
 [ 0.10172148  0.19866211  0.29002898 -0.1606428   0.08291999]
 [-0.06601669  0.04378749  0.20140481 -0.04766167 -0.07900695]]
Matrix Pair 19; W = [[-0.02910384  0.06467098  0.04855251 -0.17279327  0.03701643]
 [-0.1462053   0.13890193 -0.22212852  0.24597328  0.08680365]
 [-0.11790232  0.25518799  0.19704376 -0.02598099  0.22091105]
 [ 0.14910514 -0.18005579 -0.03367419 -0.01734379  0.0045007 ]
 [ 0.05020087  0.06448555 -0.01274614 -0.10457265  0.03064803]]
V = [[ 0.28007758  0.01844261 -0.20001523  0.0847197   0.02979899]
 [-0.03099241 -0.07060438  0.18665456 -0.05340788  0.01980174]
 [ 0.14404708  0.09381888 -0.2641288  -0.12246634 -0.09376771]
 [-0.12756709 -0.13748038  0.0153016   0.09812628 -0.05923713]
 [-0.12352065 -0.14170854 -0.06732819  0.22683152 -0.11083369]]
U = [[ 0.09373297 -0.03846411 -0.08800907  0.03674813 -0.04984153]
 [-0.2329101  -0.13762339 -0.23443362  0.06148617 -0.13858602]
 [ 0.1305667   0.24077689 -0.28711874 -0.06029774  0.00699368]
 [ 0.11145435  0.24208757  0.26425375 -0.0926229   0.13898838]
 [-0.1032945   0.10107287  0.16713154  0.03916507 -0.02380809]]
Matrix Pair 20; W = [[ 0.05149906  0.00910279 -0.06249704 -0.14792595  0.0063788 ]
 [-0.25132212  0.0555751  -0.13249853  0.09709315  0.05799158]
 [-0.06179213  0.15673454  0.23912421  0.09696583  0.35633499]
 [ 0.0382074  -0.27859059  0.05115984  0.00593533 -0.11906055]
 [-0.10434767 -0.03189143 -0.01807081 -0.03160983  0.05224445]]
V = [[ 0.12300344  0.0217018  -0.27707784  0.06385764 -0.07240133]
 [ 0.21819181 -0.0512118   0.14019363  0.08947834  0.12055608]
 [ 0.20162748  0.1138518  -0.07976281 -0.09498876 -0.04211115]
 [-0.29202514 -0.14013452  0.05199749  0.23534557 -0.05974477]
 [-0.10845091 -0.01447725  0.09579525  0.06165348 -0.07274621]]
U = [[ 0.15827705 -0.01583481 -0.00603136  0.0676383  -0.02273308]
 [-0.07093113 -0.02431591 -0.17940479  0.17733434 -0.12193748]
 [ 0.06717634  0.08807221 -0.11812751  0.08355707 -0.0556195 ]
 [ 0.02962316  0.08876074  0.20467276 -0.1862904   0.1148516 ]
 [-0.09641861  0.03587264  0.0816275  -0.0123793  -0.02437585]]
Matrix Pair 21; W = [[ 0.07717889  0.02310863  0.00291201 -0.19507881  0.06815414]
 [-0.20557839  0.04127395 -0.17460904  0.10316076  0.05524423]
 [-0.07482481  0.1445467   0.19889477  0.14524316  0.32449773]
 [-0.02889512 -0.29433881  0.00622084  0.06399521 -0.10948514]
 [-0.08170609  0.0158922  -0.02854267 -0.07024215  0.09535719]]
V = [[ 0.11870576 -0.01753625 -0.20227978  0.151491    0.00948044]
 [ 0.13277675 -0.07086003  0.14665946  0.09889927  0.0833633 ]
 [ 0.20440067  0.06526252 -0.11037714 -0.11847825 -0.06086463]
 [-0.27264345 -0.1750694   0.0787854   0.23739683 -0.10515451]
 [-0.12716883  0.00847101  0.05142148  0.1139769  -0.0776931 ]]
U = [[ 0.15323372 -0.03285502 -0.00464979  0.05764991 -0.09903159]
 [-0.1615236  -0.0359835  -0.21140359  0.20419933 -0.11365184]
 [ 0.15520404  0.05832885 -0.07641829  0.04911108 -0.03369119]
 [ 0.02205072  0.07407323  0.16364286 -0.17623583  0.03888724]
 [-0.17333042  0.03051933  0.05641003 -0.00186059 -0.04625516]]
Matrix Pair 22; W = [[ 0.1024167  -0.00078859 -0.00790267 -0.15260065  0.03746111]
 [-0.1811104   0.08818001 -0.20338952  0.12815254 -0.00953088]
 [-0.06004143  0.11759861  0.27806782  0.07488978  0.31941322]
 [-0.03560237 -0.26741399  0.02307964  0.03225516 -0.10608587]
 [-0.13062101 -0.00794563  0.00267977 -0.11922792  0.02163761]]
V = [[ 0.14154428 -0.02468848 -0.19634585  0.15688388  0.00068841]
 [ 0.19898323 -0.0651799   0.16902343  0.05538494  0.13502251]
 [ 0.18003607  0.0204027  -0.0894517  -0.12356629 -0.01013813]
 [-0.25092755 -0.16738347  0.09689437  0.22250006 -0.10130028]
 [-0.14346471 -0.00489401  0.09243039  0.15819647 -0.13760668]]
U = [[ 0.09596441  0.01122237 -0.03374213  0.00752398 -0.08212478]
 [-0.15045787 -0.04619058 -0.16535409  0.22057525 -0.0573666 ]
 [ 0.15559859  0.12340006 -0.12925545  0.02445562 -0.04827124]
 [-0.02496768  0.06341853  0.17582773 -0.11007561  0.0480659 ]
 [-0.12800571  0.05796805  0.09019193 -0.0397084  -0.08314001]]
Matrix Pair 23; W = [[ 0.11921961  0.02720973 -0.01568078 -0.16327234  0.04964002]
 [-0.19505921  0.0039449  -0.19967116  0.15804584  0.01302939]
 [-0.07543325  0.10743839  0.22834516  0.15819788  0.27372206]
 [-0.00066407 -0.29149761  0.04415205  0.05479223 -0.07628984]
 [-0.07886953 -0.0196683  -0.04037619 -0.11262422  0.02569885]]
V = [[ 0.13173869  0.06814574 -0.20373073  0.11766957 -0.0555832 ]
 [ 0.1525406   0.00906685  0.1565648   0.04653324  0.14146787]
 [ 0.16644531  0.05369711 -0.04334397 -0.06224581  0.00625756]
 [-0.2710647  -0.20622296  0.09092422  0.29488647 -0.04463347]
 [-0.15616339 -0.02329777  0.06248189  0.15026894 -0.10952446]]
U = [[ 0.14113262 -0.04233478 -0.0098038   0.08766539 -0.05897905]
 [-0.13589294 -0.02894876 -0.16399833  0.19427801 -0.08656268]
 [ 0.1156274   0.0571432  -0.09623948 -0.0090336  -0.02928217]
 [ 0.03122036  0.01926765  0.16910795 -0.15135997  0.07245937]
 [-0.15754758  0.08458305  0.08507367  0.01416398 -0.02998798]]
Matrix Pair 24; W = [[ 0.11264802  0.03575803  0.13758206 -0.09175422  0.02955124]
 [-0.2075996   0.12360647 -0.0950782   0.15421001  0.16293458]
 [-0.11829131  0.21137226  0.08345817  0.09555812  0.08405312]
 [-0.0123477  -0.14635851 -0.10342435  0.06691153  0.06537429]
 [-0.0522793   0.02656772 -0.09884416  0.07656248  0.00249723]]
V = [[ 0.21554789 -0.08885948 -0.02004049 -0.19055037  0.02966398]
 [ 0.09152723 -0.07489381  0.27083263 -0.05423795 -0.10330914]
 [ 0.08854207  0.05424066 -0.1633411   0.00766764 -0.14583403]
 [-0.43988834 -0.02823665 -0.12114934 -0.04237524 -0.13992534]
 [-0.14463035 -0.12490362  0.00468911  0.19526931 -0.12718156]]
U = [[ 0.11960039 -0.09686802  0.02393852  0.16617388  0.00822585]
 [-0.19646316 -0.02153934 -0.20265674  0.28691435 -0.16589206]
 [-0.04225922  0.12700398 -0.08480761 -0.01105673 -0.09704587]
 [ 0.15720588  0.07119701  0.2491282  -0.16680613  0.04811251]
 [-0.13321787 -0.11309451  0.06058581 -0.06296509 -0.07094539]]
Matrix Pair 25; W = [[ 0.1035251   0.06816256  0.15627633 -0.02555978  0.06591557]
 [-0.19314142  0.21686165 -0.15150127  0.18171925  0.12837408]
 [-0.11752179  0.18659243  0.08848413  0.13339052  0.06659768]
 [ 0.08305797 -0.11439295 -0.13067813  0.02935163  0.09385155]
 [-0.05827473  0.10390695 -0.07266455  0.01966515  0.01686636]]
V = [[ 0.21709405 -0.03041578  0.06082985 -0.15549213  0.01517912]
 [ 0.07927465 -0.05570689  0.20426045 -0.03911847 -0.04219841]
 [ 0.01301115  0.06059705 -0.20251437 -0.04117397 -0.1395954 ]
 [-0.40722322 -0.02498685 -0.06529382 -0.01917306 -0.11104579]
 [-0.07128202 -0.16227687  0.00977463  0.1218438  -0.17500879]]
U = [[ 7.39907548e-02 -1.04046757e-01  2.45377546e-02  1.38591015e-01
  -4.76884942e-02]
 [-1.74706344e-01  2.53893395e-02 -1.71234568e-01  2.10684553e-01
  -9.93339567e-02]
 [-3.39179701e-02  1.26178330e-01 -1.75109763e-01  6.93097640e-02
  -1.56893683e-01]
 [ 1.25432491e-01  9.02008894e-02  2.37184560e-01 -1.28608487e-01
   5.68000789e-02]
 [-1.19442199e-01 -8.02918489e-02 -6.82251941e-05 -4.13606527e-02
  -7.67722948e-02]]
Matrix Pair 26; W = [[ 0.15311437  0.10210789  0.18621626 -0.04624354  0.08249704]
 [-0.21673506  0.18875934 -0.0976263   0.14126308  0.18118664]
 [-0.07413207  0.22652078  0.09735128  0.11287938  0.10454972]
 [ 0.05863266 -0.16449634 -0.13102088  0.0389625   0.01246464]
 [-0.05151636  0.09823708 -0.083105    0.05300636 -0.02502296]]
V = [[ 0.23788163 -0.08643123  0.03697175 -0.21026483 -0.02091762]
 [ 0.05032877 -0.14664874  0.21817573 -0.00550148 -0.05494618]
 [ 0.01155497  0.13020274 -0.21436614  0.01237341 -0.13492366]
 [-0.47299659 -0.00141042 -0.12375867 -0.01325237 -0.07908142]
 [-0.11553408 -0.11143714 -0.02054305  0.18969792 -0.17235866]]
U = [[ 0.13996208 -0.14824526 -0.01403223  0.16622834 -0.04016981]
 [-0.11822263 -0.0076561  -0.26897877  0.24896796 -0.11771744]
 [-0.03059498  0.07726031 -0.08683111  0.07178496 -0.09156832]
 [ 0.11381612  0.08788427  0.22295413 -0.11346945  0.07137706]
 [-0.1950516  -0.12319306  0.0705666  -0.07245262  0.00136163]]
Matrix Pair 27; W = [[ 0.12793775  0.11930297  0.15048386 -0.05515907  0.10086997]
 [-0.27850261  0.16340215 -0.12905977  0.17017825  0.19654437]
 [-0.1157745   0.21416908  0.16492323  0.12587577  0.06597634]
 [ 0.03611978 -0.14030791 -0.12090276  0.03185851  0.0119919 ]
 [-0.02009216  0.0192175  -0.04291904  0.02403595 -0.02589036]]
V = [[ 0.24743776 -0.02778642 -0.00252007 -0.16293385  0.02810992]
 [ 0.07802348 -0.11901987  0.20295067  0.01513553 -0.02712448]
 [ 0.0053575   0.10124846 -0.22812207 -0.00247701 -0.09388408]
 [-0.38403558 -0.01217325 -0.11188848 -0.09388299 -0.0952999 ]
 [-0.16507825 -0.17130798  0.03693952  0.18071404 -0.14095423]]
U = [[ 0.13087036 -0.14545608 -0.02690379  0.12106338 -0.07050162]
 [-0.13823072 -0.04149131 -0.24899716  0.24277105 -0.08430623]
 [-0.04730599  0.13800937 -0.08720206  0.00449589 -0.13420053]
 [ 0.11769206  0.11562741  0.15829574 -0.16127094  0.08305767]
 [-0.16771413 -0.07217516  0.08256278 -0.09127403 -0.01558102]]
Matrix Pair 28; W = [[ 0.03925963 -0.04055285 -0.02820837 -0.23026893  0.04727933]
 [-0.15020551  0.06744977 -0.089712    0.22498485  0.05453423]
 [-0.02698065  0.15287063  0.2869156   0.03909544  0.32385543]
 [-0.04270419 -0.21137125  0.03105563  0.05466926 -0.15647116]
 [-0.07775444 -0.00592682 -0.01948384 -0.18492376 -0.01593796]]
V = [[ 0.13705403  0.08319574 -0.3006799   0.09478891 -0.12655643]
 [ 0.2724168  -0.03328586  0.12026479 -0.05341092  0.05556705]
 [ 0.23811454  0.10076053 -0.08382624 -0.27152398 -0.06927906]
 [-0.18943429 -0.34260251  0.12966624  0.12886724 -0.07326464]
 [-0.08806524 -0.12998742  0.07356222  0.06539999 -0.02509803]]
U = [[ 0.13943315  0.01660461 -0.06067099  0.06401284 -0.03532764]
 [-0.05303032 -0.10852919 -0.29514811  0.22340829 -0.06675393]
 [ 0.12228988  0.12116706 -0.1515983  -0.06783119  0.13546234]
 [ 0.0177278   0.1386655   0.09622883 -0.04041579 -0.00874463]
 [-0.19040617  0.01779866  0.06667487 -0.03124244 -0.11205243]]
Matrix Pair 29; W = [[ 0.06350836 -0.11723647  0.02193699 -0.17832862  0.04281467]
 [-0.16560343  0.08249033 -0.03363897  0.19477784  0.05692065]
 [-0.02529165  0.14594527  0.25880849  0.02113124  0.34169133]
 [ 0.02346181 -0.14785007  0.02932277  0.1085454  -0.14165498]
 [-0.12326786 -0.0590961  -0.01063887 -0.13525944  0.04301919]]
V = [[ 0.18400987  0.15892267 -0.20705265  0.16090164 -0.08318801]
 [ 0.26172187 -0.07704421  0.13846656 -0.00546503  0.07353127]
 [ 0.3314643   0.07513874 -0.0868203  -0.28913266 -0.04960832]
 [-0.21658028 -0.29726134  0.10914138  0.16163291 -0.06572714]
 [-0.15774564 -0.05603699  0.09479919 -0.00833997 -0.073758  ]]
U = [[ 0.18222062  0.03437567 -0.14926462  0.11498673 -0.11514064]
 [-0.12975697 -0.11237464 -0.25282634  0.22392203 -0.01169452]
 [ 0.06826893  0.0951581  -0.11640758 -0.10302431  0.08375174]
 [-0.05974168  0.10232108  0.09591429  0.01274845 -0.02761516]
 [-0.20712677  0.09298555  0.05778319 -0.0015269  -0.13583322]]
Matrix Pair 30; W = [[ 0.06668172 -0.06732469 -0.0128346  -0.21558089 -0.01148478]
 [-0.14267022  0.04250133 -0.07219263  0.18730096 -0.004587  ]
 [-0.05101633  0.17562292  0.29262617  0.02388488  0.35113209]
 [-0.0394032  -0.16460802 -0.06191937  0.06250982 -0.10992443]
 [-0.12761559 -0.01054837 -0.00788685 -0.1202843   0.02734499]]
V = [[ 0.17556964  0.09682664 -0.27856394  0.1797292  -0.11916533]
 [ 0.2317664  -0.02763532  0.17081803 -0.02166563  0.07143208]
 [ 0.26155429  0.14590267 -0.07128845 -0.29728418 -0.09964727]
 [-0.20999583 -0.36739881  0.13685985  0.16014709 -0.07024815]
 [-0.15534552 -0.10715176  0.1057643   0.03888883 -0.11358263]]
U = [[ 0.16606107  0.02980872 -0.13368288  0.06892766 -0.06839598]
 [-0.10865455 -0.10401645 -0.30400255  0.23840138 -0.01832142]
 [ 0.09356796  0.15326602 -0.10736584 -0.03402986  0.17158131]
 [-0.04869748  0.17122829  0.11281323 -0.05289236  0.01376662]
 [-0.24532137  0.08453104  0.06521588 -0.08624298 -0.15248299]]
Matrix Pair 31; W = [[ 0.06389036 -0.11227707  0.02040596 -0.15582444  0.02301742]
 [-0.17490024  0.01589698 -0.06618542  0.1972113   0.07266094]
 [-0.05959709  0.19444315  0.25794863  0.02299254  0.27739687]
 [-0.00781001 -0.16688178  0.03378415  0.11969276 -0.1384621 ]
 [-0.07545452 -0.02800124 -0.0172198  -0.18713193  0.0435924 ]]
V = [[ 0.13324402  0.16259538 -0.28019295  0.09872241 -0.05895634]
 [ 0.21612116 -0.09312626  0.17381761  0.00269444  0.06789915]
 [ 0.27871731  0.14247979 -0.11896394 -0.28242218 -0.06341135]
 [-0.23737122 -0.28884453  0.11724858  0.16656933 -0.11766254]
 [-0.08869002 -0.1092178   0.07486493 -0.00737627 -0.08916825]]
U = [[ 0.16155059 -0.01306816 -0.13415023  0.08321499 -0.08735951]
 [-0.0893768  -0.10725899 -0.25980957  0.20532206 -0.09928622]
 [ 0.04983481  0.08983146 -0.18521869 -0.09126955  0.13432152]
 [-0.02691074  0.12329899  0.09492272 -0.06602009 -0.04172375]
 [-0.25666801  0.07912288  0.05553758 -0.0526863  -0.1065695 ]]
Matrix Pair 32; W = [[ 0.13219765 -0.05259747  0.10721683 -0.01240846  0.15759818]
 [-0.2601607   0.18470576 -0.29845043  0.16816135  0.17171822]
 [-0.08836536  0.27342077  0.0603995  -0.08198234  0.16807843]
 [ 0.2270212  -0.1281308  -0.25421224  0.01214589 -0.02671226]
 [ 0.02367805  0.18560535  0.02376848  0.02821447 -0.08813085]]
V = [[ 0.18081086  0.12653002 -0.18657686  0.158863    0.01603974]
 [ 0.08538904 -0.02733082  0.23587963 -0.1304661   0.01657958]
 [ 0.13833515  0.06911635 -0.08993808 -0.08040638 -0.12880697]
 [-0.16722833 -0.06790249 -0.16317116 -0.07519788 -0.18492522]
 [-0.19193441 -0.12530131 -0.11351418  0.20532096 -0.11331286]]
U = [[ 0.00284751 -0.10121328 -0.02938842  0.09007731 -0.09566826]
 [-0.27431221 -0.11946482 -0.12547183  0.14282975 -0.11849132]
 [ 0.06972322  0.19726053 -0.28764635 -0.07971726 -0.06045725]
 [ 0.01008986  0.33353869  0.28073871 -0.15631564  0.02361604]
 [-0.02134919  0.09191231  0.10369965 -0.11280154 -0.15511043]]
Matrix Pair 33; W = [[ 0.05439715 -0.01654106  0.09122651 -0.00365361  0.11899482]
 [-0.22829029  0.24756517 -0.30933723  0.20550157  0.14270307]
 [-0.03599586  0.24063002  0.13014438 -0.04063945  0.20768788]
 [ 0.21008593 -0.15521846 -0.2227334  -0.01793495  0.04431978]
 [ 0.00715247  0.22743207 -0.0321476   0.03893278 -0.07930719]]
V = [[ 0.20446932  0.13289757 -0.12978191  0.08521245  0.08286434]
 [ 0.05751917 -0.02533634  0.30254519 -0.17866046 -0.03790632]
 [ 0.0712018   0.06795691 -0.14990489 -0.04710982 -0.08881089]
 [-0.17383973 -0.10664764 -0.08516379 -0.12388925 -0.15529426]
 [-0.16756045 -0.20300367 -0.12946568  0.15551401 -0.11408045]]
U = [[-0.00993465 -0.07454319  0.00704009  0.10941322 -0.11401894]
 [-0.30100039 -0.1503946  -0.15725065  0.14124574 -0.12718237]
 [ 0.06545394  0.20900226 -0.2819284  -0.13462243 -0.03714894]
 [ 0.04654232  0.33298918  0.33902609 -0.12192029  0.07358512]
 [ 0.01739316  0.1066381   0.11441602 -0.02030113 -0.16311784]]
Matrix Pair 34; W = [[ 0.08629664 -0.0342435   0.10187999  0.02977104  0.16656214]
 [-0.20706829  0.1629217  -0.22388644  0.2458745   0.21208274]
 [-0.04799982  0.2969959   0.1098022  -0.03536952  0.14717011]
 [ 0.18065493 -0.11033582 -0.20503948 -0.00180345  0.06509578]
 [-0.01298385  0.1357589   0.03502867  0.06953856 -0.08510127]]
V = [[ 0.14150795  0.13894389 -0.14118457  0.07342203  0.07510855]
 [ 0.09629054 -0.06126628  0.22669895 -0.13227439 -0.01773298]
 [ 0.09553418  0.13803097 -0.06570224 -0.12275724 -0.10710612]
 [-0.18104568 -0.11417583 -0.0811869  -0.10450527 -0.12117435]
 [-0.23567866 -0.17608232 -0.18845429  0.24349236 -0.08160529]]
U = [[ 0.05389926 -0.12424599  0.01453695  0.07453325 -0.07276305]
 [-0.289532   -0.08432034 -0.09476113  0.16208224 -0.13404023]
 [ 0.12064533  0.2524486  -0.27413176 -0.16293837 -0.01966991]
 [ 0.01987828  0.33589943  0.30705862 -0.17735833  0.01234103]
 [ 0.02502525  0.11201556  0.09721204 -0.09171329 -0.14228654]]
Matrix Pair 35; W = [[ 0.13620707 -0.06068174  0.14380993  0.04358393  0.18172008]
 [-0.24623056  0.16640775 -0.25396344  0.23911786  0.14960636]
 [-0.00812106  0.30155827  0.11344677 -0.07251781  0.1837306 ]
 [ 0.21273278 -0.18494641 -0.26290493  0.03674056  0.06269312]
 [ 0.05920136  0.16331793  0.04711245  0.00622644 -0.08188839]]
V = [[ 0.21415216  0.10745357 -0.16955023  0.13133795  0.0117242 ]
 [ 0.08682016 -0.02782336  0.23136079 -0.11110965  0.03940158]
 [ 0.15221862  0.15073054 -0.05968199 -0.13571627 -0.10917154]
 [-0.15224984 -0.0742715  -0.14831706 -0.06813961 -0.12611243]
 [-0.24099888 -0.11935054 -0.17157145  0.23269156 -0.11857419]]
U = [[ 0.0483865  -0.11484479  0.04554115  0.04544107 -0.10035284]
 [-0.2241225  -0.11745768 -0.15546482  0.18135789 -0.1369873 ]
 [ 0.1038545   0.23947052 -0.2382422  -0.13022361 -0.03444706]
 [ 0.01858084  0.33316739  0.27920667 -0.1238991   0.04630893]
 [ 0.03609723  0.05651154  0.11673112 -0.06884986 -0.12489648]]
Matrix Pair 36; W = [[ 0.18628902  0.11220333  0.14848506 -0.00457693  0.12086223]
 [-0.22401531  0.13618762 -0.17749067  0.12313981  0.08298171]
 [-0.11789238  0.19992407  0.23582721  0.08448178  0.1115142 ]
 [ 0.08373517 -0.09975675 -0.12805425 -0.06027798  0.07503207]
 [-0.10641743  0.20176341 -0.12155519  0.07087    -0.06022499]]
V = [[ 1.83231255e-01  5.70072206e-02 -9.38507520e-02 -1.98692133e-02
   3.88736725e-02]
 [ 6.00151741e-02 -4.34335514e-02  2.31320405e-01 -1.10138964e-01
   6.17753131e-03]
 [-8.95003585e-03  5.53197097e-02 -1.01338617e-01  2.03745176e-04
  -1.75538332e-01]
 [-2.43212142e-01 -4.77811893e-02 -1.29738974e-01 -5.14613643e-02
  -1.13783110e-01]
 [-1.54775558e-01 -9.25141249e-02 -1.29887537e-02  1.54192408e-01
  -7.39556777e-02]]
U = [[ 0.12647644 -0.13016983  0.0304273   0.11966565 -0.12405351]
 [-0.14424297  0.04658164 -0.20821113  0.20630003 -0.01413145]
 [ 0.01014361  0.24711201 -0.24171308 -0.03467683 -0.03584356]
 [ 0.11588555  0.30474545  0.16580997 -0.14543419 -0.02357262]
 [-0.12747926 -0.0333131   0.09105942 -0.03893775 -0.08237152]]
Matrix Pair 37; W = [[ 0.15928353  0.10988038  0.12084839 -0.0055791   0.11823446]
 [-0.16433545  0.13237947 -0.25393062  0.14843006  0.1431167 ]
 [-0.16772708  0.18415727  0.17776028  0.13171435  0.10544102]
 [ 0.13095645 -0.13643743 -0.18439888 -0.08473941  0.03807778]
 [-0.08319605  0.14628508 -0.1036227   0.03930044 -0.05034381]]
V = [[ 0.25373012  0.07343655 -0.1270238  -0.01926162 -0.01289428]
 [ 0.12306735 -0.0036266   0.26245269 -0.06182224  0.04679088]
 [ 0.02500861  0.05412254 -0.09380494 -0.04817283 -0.16413043]
 [-0.20758605 -0.0911388  -0.1602561  -0.08767011 -0.14551361]
 [-0.15058903 -0.10274259 -0.05623361  0.11787198 -0.03077902]]
U = [[ 0.14110237 -0.17334429  0.05095853  0.12738569 -0.1019648 ]
 [-0.16647521 -0.01789099 -0.25868233  0.16795325 -0.03924898]
 [-0.01698478  0.21812395 -0.189432   -0.00374433 -0.08158603]
 [ 0.15279592  0.22785241  0.15346942 -0.16447529  0.05985629]
 [-0.13463895  0.00332274  0.10225013 -0.09270262 -0.06830437]]
Matrix Pair 38; W = [[ 0.18392588  0.09905031  0.12525432 -0.04200942  0.14996282]
 [-0.21660379  0.13802499 -0.20935796  0.12998614  0.12686822]
 [-0.11086441  0.18500633  0.17596056  0.07161348  0.13770887]
 [ 0.10030022 -0.14411719 -0.1338715  -0.06593252 -0.00080914]
 [-0.07684343  0.17659546 -0.09020332  0.04937115 -0.12489073]]
V = [[ 0.27454343  0.04684159 -0.08310198  0.00205582 -0.02166896]
 [ 0.05674834 -0.05268141  0.22467043 -0.13611968  0.04299353]
 [-0.01836384  0.11353542 -0.09852974 -0.06436463 -0.18160661]
 [-0.2100762  -0.05813988 -0.09614718 -0.03406263 -0.129646  ]
 [-0.22790524 -0.02699311 -0.0359319   0.1256063   0.00193258]]
U = [[ 0.07528121 -0.19611896  0.01783801  0.06671203 -0.13582902]
 [-0.17593998 -0.03497289 -0.21751512  0.24409145 -0.07826911]
 [-0.0362483   0.18580569 -0.25560655 -0.03995593 -0.06745791]
 [ 0.10079531  0.26134089  0.13208705 -0.0888629   0.03859079]
 [-0.0867829   0.0013378   0.10250344 -0.03797627 -0.10168828]]
Matrix Pair 39; W = [[ 0.20983719  0.07924893  0.14421611 -0.01802146  0.14947901]
 [-0.20681004  0.13453555 -0.21593832  0.18908251  0.12167041]
 [-0.15154493  0.22796526  0.23004681  0.05704428  0.1622162 ]
 [ 0.0917652  -0.16446692 -0.15989063 -0.02208795  0.00370677]
 [-0.13087916  0.13837229 -0.07597027  0.07366762 -0.04629885]]
V = [[ 0.25554432  0.02579122 -0.08005282  0.02487876  0.04481081]
 [ 0.07876964 -0.03308804  0.28451128 -0.08517103  0.02021177]
 [-0.02062735  0.0829732  -0.09510241 -0.01891534 -0.19959695]
 [-0.25126565 -0.05241716 -0.09241818 -0.1163438  -0.2022961 ]
 [-0.16056302 -0.07439507 -0.08929979  0.14550416 -0.05521764]]
U = [[ 1.32584220e-01 -1.39626087e-01  6.52809896e-02  6.47985521e-02
  -1.03130293e-01]
 [-2.12567161e-01  4.56132272e-02 -2.28057380e-01  2.10751187e-01
  -1.06247835e-01]
 [ 1.65202961e-02  1.59750818e-01 -2.71807769e-01 -4.23642317e-03
  -7.84328082e-02]
 [ 9.27609353e-02  3.05738179e-01  2.00257967e-01 -1.73400301e-01
  -2.35768328e-04]
 [-1.32300899e-01 -5.53448037e-03  1.39834588e-01 -4.44994261e-02
  -3.14950528e-02]]
Matrix Pair 40; W = [[-0.02187951 -0.10114308  0.02603052 -0.12007831  0.04245566]
 [-0.22682949  0.18405557 -0.21488245  0.14896019  0.09015358]
 [-0.05274765  0.20820251  0.14480158 -0.00477737  0.28372426]
 [ 0.12351545 -0.21076148 -0.12116748  0.08186016 -0.14358117]
 [-0.00591741 -0.02830099  0.09908179 -0.13512606 -0.02803253]]
V = [[ 0.07122359  0.06900131 -0.2213117   0.14637213 -0.05535953]
 [ 0.15718284 -0.04937682  0.25862014 -0.02122704  0.07399679]
 [ 0.28205175  0.12552277 -0.1533771  -0.12759617 -0.01420585]
 [-0.26535605 -0.15608484 -0.007751    0.21361978 -0.17020696]
 [-0.18700817 -0.07762348 -0.051038    0.13701625 -0.06413977]]
U = [[ 0.11641695 -0.04802936 -0.11280731  0.08340221 -0.03450521]
 [-0.08617069 -0.17110113 -0.20822883  0.20793932 -0.1006451 ]
 [ 0.10028911  0.20228922 -0.17022249 -0.03897284  0.05350798]
 [-0.05861015  0.24657514  0.1791668  -0.05621571  0.06902879]
 [-0.0765838   0.12550983  0.11782258 -0.05979795 -0.22311509]]
Matrix Pair 41; W = [[-0.02910175 -0.13080852 -0.03843326 -0.10828028  0.03182958]
 [-0.14290638  0.13272428 -0.20970752  0.23227555  0.16398653]
 [-0.05413239  0.26959468  0.16472859  0.03481366  0.30902088]
 [ 0.12828872 -0.17068532 -0.09905095  0.04569068 -0.14275653]
 [-0.00039747 -0.02438404  0.0889461  -0.14641822 -0.03365883]]
V = [[ 0.08510612  0.08064373 -0.19098997  0.14753042 -0.02771136]
 [ 0.12724534 -0.06329943  0.2387658  -0.02130069  0.0669645 ]
 [ 0.26002617  0.16592871 -0.08320717 -0.16408177 -0.0442005 ]
 [-0.20962445 -0.22165175 -0.04213325  0.20564698 -0.09619029]
 [-0.2314598  -0.07153048 -0.09097864  0.12339968 -0.00507065]]
U = [[ 0.15480939 -0.03951044 -0.08656027  0.06845332 -0.1098883 ]
 [-0.11167491 -0.13890931 -0.16283751  0.25455657 -0.05006229]
 [ 0.18951262  0.16264024 -0.13684114 -0.06401821  0.09852648]
 [-0.03806045  0.24841424  0.12342922 -0.1108609   0.07476169]
 [-0.00540286  0.14451426  0.05094875 -0.07202825 -0.17276574]]
Matrix Pair 42; W = [[-0.0294553  -0.03754016  0.02690853 -0.07185676  0.02342372]
 [-0.15074951  0.13601966 -0.1739457   0.14890826  0.11001236]
 [-0.07962911  0.18226575  0.17396871 -0.01299962  0.26193399]
 [ 0.07086137 -0.23190046 -0.08465475  0.08365608 -0.10491702]
 [-0.02335866  0.0286221   0.04241294 -0.08376716  0.06140635]]
V = [[ 0.12861252  0.02346393 -0.20925923  0.22687362 -0.01444623]
 [ 0.14255632 -0.00813512  0.26393078 -0.02621621  0.10099271]
 [ 0.2315537   0.11483015 -0.09441127 -0.18796639 -0.00998446]
 [-0.27034299 -0.18698298 -0.03609765  0.19227937 -0.11674374]
 [-0.26005893 -0.1264966  -0.06974938  0.06724384 -0.08389093]]
U = [[ 0.16215247 -0.02969858 -0.07350479  0.09047797 -0.10358742]
 [-0.13234673 -0.19856196 -0.22741759  0.21221602 -0.06907788]
 [ 0.13302151  0.18452416 -0.14111739 -0.08367194  0.08655449]
 [-0.00746408  0.22098796  0.20082573 -0.06757366  0.01850294]
 [-0.0971129   0.19753896  0.10860504 -0.00784241 -0.23694452]]
Matrix Pair 43; W = [[-0.00378001 -0.04132885 -0.04119109 -0.1066016   0.02323414]
 [-0.15107071  0.11889679 -0.211981    0.16456019  0.17042376]
 [-0.05644491  0.25536062  0.13191205 -0.05957053  0.25127775]
 [ 0.07920113 -0.15013753 -0.14462169  0.039086   -0.11144982]
 [-0.0751012   0.0029924   0.01512296 -0.09283971  0.01381038]]
V = [[ 0.08446817  0.00143938 -0.23950239  0.18403536 -0.03053315]
 [ 0.13938398 -0.06596905  0.21835095 -0.02362664  0.10686241]
 [ 0.23676355  0.11386072 -0.12486634 -0.15340194 -0.04565441]
 [-0.24251001 -0.18732972  0.03162065  0.17486463 -0.15746375]
 [-0.26397143 -0.1097459  -0.06958664  0.07357465 -0.04508366]]
U = [[ 0.12253126 -0.04683391 -0.07736429  0.05057905 -0.10525674]
 [-0.06220022 -0.20516633 -0.16054196  0.17919663 -0.05536971]
 [ 0.16485766  0.16607981 -0.11016006 -0.12562164  0.02323242]
 [-0.01384958  0.27777195  0.11521946 -0.08260443  0.08497978]
 [-0.04021457  0.11736755  0.05526933 -0.05786544 -0.25508013]]
Matrix Pair 44; W = [[ 0.14173262  0.09551086  0.2033646  -0.0147845   0.16384956]
 [-0.18565286  0.17704815 -0.20684181  0.18785706  0.18397073]
 [-0.11736004  0.2540141   0.15397361  0.02887416  0.06788736]
 [ 0.05972299 -0.20436056 -0.14208854 -0.00829346  0.10081563]
 [-0.09222084  0.16262122 -0.02632211  0.02507713  0.00765192]]
V = [[ 0.22887974  0.06679384 -0.05212215 -0.0022508   0.04604902]
 [-0.06727455  0.02614957  0.37404875 -0.15927076 -0.017375  ]
 [ 0.04965043  0.08557213 -0.13612057  0.00292197 -0.12649263]
 [-0.2364996  -0.05431657 -0.08673744 -0.04761323 -0.15917407]
 [-0.14985139 -0.0373478  -0.03423001  0.21358535 -0.1255687 ]]
U = [[ 0.11593074 -0.06767299  0.01243722  0.07095184  0.02272239]
 [-0.17147108 -0.02113758 -0.22886463  0.12968083 -0.13381141]
 [ 0.00134609  0.16215604 -0.28339192 -0.03650408 -0.06193425]
 [ 0.10569089  0.21323863  0.21265018 -0.08042117  0.04220721]
 [-0.06211026 -0.03390915  0.09216879  0.0369958  -0.10497455]]
Matrix Pair 45; W = [[ 0.07306433  0.11653433  0.19300586 -0.01607342  0.21584013]
 [-0.18013629  0.18814006 -0.24189076  0.20750523  0.16947747]
 [-0.08611021  0.24771279  0.10836184 -0.00328994  0.10010205]
 [ 0.06400521 -0.12559233 -0.14565524  0.05902403  0.09132124]
 [-0.09016281  0.13681236 -0.05936609  0.06095571 -0.06087319]]
V = [[ 0.20174047  0.11234213 -0.06844994  0.02369478  0.07521706]
 [-0.02301882 -0.05796428  0.36925234 -0.15045909 -0.03261817]
 [ 0.05744631  0.10911329 -0.19341606 -0.01934892 -0.20323458]
 [-0.23558895  0.01301016 -0.09491847 -0.02839882 -0.09413333]
 [-0.22848949 -0.10635201 -0.02811065  0.23725471 -0.17500211]]
U = [[ 0.09496903 -0.04248446 -0.01902911  0.05532445  0.04050181]
 [-0.1927379  -0.05156228 -0.17366609  0.17786517 -0.08381459]
 [ 0.0424294   0.14041566 -0.28485171 -0.11054256 -0.08650872]
 [ 0.05752172  0.19554761  0.19822263 -0.1556686   0.02613797]
 [-0.06030224  0.00131478  0.14713952 -0.02387031 -0.05852065]]
Matrix Pair 46; W = [[ 0.11072104  0.07962928  0.22835983  0.02094606  0.17023312]
 [-0.10359549  0.17969123 -0.22387788  0.12601745  0.20917345]
 [-0.10271144  0.26080088  0.11224489  0.08301981  0.07567865]
 [ 0.08255865 -0.14450126 -0.1978367  -0.00582322  0.03960979]
 [-0.1189239   0.12479223 -0.00931673  0.0039015  -0.02067981]]
V = [[ 0.18237081  0.08571214 -0.06755666  0.02120745  0.02716423]
 [-0.06981895 -0.06385083  0.34563547 -0.15154268  0.00614938]
 [ 0.03066486  0.1078006  -0.18801834 -0.02339577 -0.12514867]
 [-0.16307507 -0.05833653 -0.07886442 -0.02791244 -0.09581527]
 [-0.14982195 -0.11073494 -0.01127577  0.2105864  -0.11419002]]
U = [[ 0.11178777 -0.05100144 -0.02992566  0.04311304 -0.03681624]
 [-0.12194599 -0.0863463  -0.23940107  0.18965504 -0.11187369]
 [-0.0239896   0.22316431 -0.26861015 -0.03409086 -0.02266132]
 [ 0.08346041  0.22689424  0.21718298 -0.12860489  0.04803817]
 [-0.07385147 -0.02029856  0.15778606 -0.0265981  -0.0966971 ]]
Matrix Pair 47; W = [[ 0.14693939  0.14821313  0.18019772  0.05813851  0.18595364]
 [-0.11784435  0.13404637 -0.21318096  0.1638472   0.15149412]
 [-0.04519626  0.24119055  0.16207604  0.07610806  0.09376243]
 [ 0.10049557 -0.11224895 -0.14902434  0.00318043  0.07240206]
 [-0.11783353  0.18766875  0.03277737  0.02439773  0.02812901]]
V = [[ 0.25697191  0.07663568 -0.04717522  0.00887599  0.01355854]
 [-0.00773394  0.01470206  0.31061113 -0.12372627 -0.01016197]
 [ 0.02247991  0.10329326 -0.15294771  0.00296888 -0.14232793]
 [-0.24011481  0.02214217 -0.12142989 -0.03412081 -0.10530991]
 [-0.22536956 -0.11081257 -0.07332904  0.2121948  -0.13332407]]
U = [[ 0.12219358 -0.12210805 -0.00912061  0.02099107 -0.04668753]
 [-0.14882088 -0.05434303 -0.22275259  0.17996939 -0.11222963]
 [ 0.02040715  0.1681005  -0.24105711 -0.06176723 -0.0659091 ]
 [ 0.08053236  0.213217    0.15357097 -0.11005572  0.08205416]
 [-0.00046423 -0.04068601  0.09786268 -0.0029291  -0.14461063]]
Matrix Pair 48; W = [[ 0.00815928  0.0604666  -0.11384692 -0.03313948  0.04350266]
 [-0.20030413  0.12079502 -0.30381741  0.17130316  0.22057282]
 [-0.03053275  0.34138368  0.13626947 -0.12293794  0.11358411]
 [ 0.16103003 -0.20490264 -0.04377448  0.00463291  0.06852946]
 [ 0.10869301 -0.01533528 -0.01797241 -0.08059766  0.16364434]]
V = [[ 0.12776109 -0.03402634 -0.12683151  0.12990048 -0.03263967]
 [ 0.00797262 -0.13754911  0.25106625  0.01010885  0.01516024]
 [ 0.21337276  0.13936025 -0.27032258 -0.21101074  0.00857211]
 [-0.28976919 -0.19711653  0.12682866  0.13248337 -0.00836507]
 [-0.22073118 -0.0767793  -0.03824573  0.19365553 -0.11889988]]
U = [[ 0.18886998  0.06368284 -0.09746784  0.00885752  0.00637395]
 [-0.19536859 -0.13056037 -0.22777772  0.00154487 -0.10670548]
 [ 0.13091704  0.1855223  -0.25820444 -0.11900695  0.03538553]
 [-0.00861342  0.10840922  0.22624813 -0.06663041  0.06135839]
 [-0.17963716  0.13949798  0.13917957 -0.0431952  -0.14363229]]
Matrix Pair 49; W = [[-0.02489546  0.11999039 -0.0419549  -0.04292182  0.06370134]
 [-0.21896883  0.16339392 -0.28513083  0.20638918  0.19135168]
 [-0.06152262  0.25452046  0.10879475 -0.10132304  0.18088398]
 [ 0.15038404 -0.25268103 -0.03376021  0.01505625  0.0661671 ]
 [ 0.07491536 -0.06785243  0.02628558 -0.09293417  0.18128579]]
V = [[ 0.11543828  0.01764452 -0.15355277  0.08559237 -0.08037005]
 [ 0.01017843 -0.16481574  0.28570193 -0.00232188  0.03124645]
 [ 0.24336963  0.16819372 -0.3288783  -0.21913122 -0.07148288]
 [-0.21742092 -0.16818603  0.04225163  0.15183009 -0.00175278]
 [-0.25628989 -0.07698925 -0.03678592  0.23546694 -0.10135137]]
U = [[ 0.20312846  0.06185631 -0.15667664 -0.00854467  0.0017567 ]
 [-0.18213057 -0.16879114 -0.20994999  0.00189193 -0.08061468]
 [ 0.13604476  0.16383128 -0.21994894 -0.0895686  -0.02369279]
 [-0.01851163  0.17193571  0.17799691 -0.08198864  0.07383311]
 [-0.13281655  0.15346018  0.07913176 -0.05094732 -0.17180423]]
Matrix Pair 50; W = [[-0.0187604   0.11289826 -0.02806285 -0.08824619  0.06411479]
 [-0.1271551   0.18069338 -0.2432477   0.13860224  0.22900648]
 [ 0.00650504  0.33797643  0.1255931  -0.15194496  0.11167551]
 [ 0.1684234  -0.23570065 -0.03385886  0.06611634  0.01875831]
 [ 0.1084232   0.02524558  0.04797835 -0.13420726  0.17129167]]
V = [[ 0.16626316 -0.03650901 -0.15267991  0.1067394   0.00295947]
 [ 0.05564479 -0.16559812  0.23086788 -0.011955   -0.00714783]
 [ 0.20220471  0.15625464 -0.33484748 -0.18106481 -0.02152258]
 [-0.28557903 -0.21117223  0.10627007  0.1087466  -0.01898416]
 [-0.23854585 -0.12732854 -0.04885529  0.18301537 -0.14288973]]
U = [[ 0.19066278  0.06450449 -0.1101478   0.03492155  0.03319883]
 [-0.25615869 -0.09946772 -0.22255592 -0.01890201 -0.1268981 ]
 [ 0.14991996  0.19883155 -0.25090075 -0.17242496  0.02157819]
 [-0.04119249  0.11158638  0.25340385 -0.07410722  0.05075687]
 [-0.10938826  0.17428143  0.14782803 -0.04732438 -0.1380934 ]]
Matrix Pair 51; W = [[ 0.0222112   0.07705216 -0.06590387 -0.03260402  0.09910003]
 [-0.20899673  0.13205778 -0.23832163  0.14762403  0.14541055]
 [-0.06810372  0.34053973  0.12300723 -0.15510722  0.11109788]
 [ 0.131204   -0.28426697 -0.05796497  0.03850275 -0.02406823]
 [ 0.12575552  0.0110333   0.04523002 -0.13124233  0.19675252]]
V = [[ 0.12167912 -0.03316731 -0.12791017  0.14898336 -0.00867657]
 [ 0.01289036 -0.17952272  0.23537828  0.03244001 -0.05367411]
 [ 0.27677823  0.20614739 -0.29888156 -0.16406757 -0.07034035]
 [-0.28441722 -0.23886533  0.09154392  0.14607109 -0.03771276]
 [-0.20933053 -0.08660081 -0.01139228  0.22857254 -0.11642941]]
U = [[ 0.14204511  0.05070979 -0.11977951  0.04793747  0.06019388]
 [-0.25758606 -0.16648311 -0.25338964 -0.00920788 -0.07949758]
 [ 0.10173316  0.21642152 -0.28841296 -0.07735794 -0.00201975]
 [ 0.00839605  0.11116978  0.19954491 -0.07273028  0.07265657]
 [-0.17762629  0.10417596  0.1583712  -0.03083656 -0.13772788]]
Matrix Pair 52; W = [[ 0.12024207  0.02465281  0.1528111  -0.04202304  0.14152445]
 [-0.24957111  0.13882318 -0.19501238  0.13451882  0.16687934]
 [ 0.06156702  0.21070663  0.10653404  0.08678516  0.11477896]
 [ 0.03614416 -0.15007824 -0.17514901  0.11074599 -0.0074018 ]
 [-0.0603145   0.08649719  0.05978536  0.03284247 -0.06684982]]
V = [[ 0.11059646  0.10049256 -0.14235253  0.05907533  0.0677131 ]
 [ 0.12090943 -0.09786264  0.20696155 -0.03211832  0.05994601]
 [ 0.05890675  0.17754299 -0.08491489 -0.13992914 -0.03530317]
 [-0.3058569  -0.12989782 -0.07717107  0.16597313 -0.16227701]
 [-0.28654711 -0.04841012 -0.02011585  0.0689021  -0.14291727]]
U = [[ 0.08611817 -0.05027185 -0.00291382 -0.0099818  -0.0511045 ]
 [-0.11826934 -0.07276701 -0.19745809  0.27984743 -0.11721592]
 [ 0.07065437  0.13956532 -0.12202992 -0.09152087 -0.02927011]
 [-0.03081252  0.18180518  0.15005912 -0.12476436 -0.0564545 ]
 [ 0.04712798  0.04852672  0.11068204 -0.15970919 -0.17294773]]
Matrix Pair 53; W = [[ 0.11762599  0.07830675  0.18069089  0.00955088  0.12145083]
 [-0.21893239  0.10816454 -0.13820877  0.20931949  0.15747975]
 [ 0.01527209  0.27410438  0.07522757  0.13376709  0.10916348]
 [ 0.03732412 -0.10902383 -0.19169706  0.0245724   0.00692784]
 [-0.05757033  0.11577009 -0.0066612  -0.02009372  0.02527659]]
V = [[ 0.1490373   0.00972659 -0.11351851  0.00534925  0.00814679]
 [ 0.07811022 -0.07934195  0.24773448 -0.00905285  0.0572074 ]
 [ 0.11076719  0.11044941 -0.1524528  -0.13164053 -0.05361029]
 [-0.27588968 -0.08833542 -0.0288921   0.15577303 -0.22032512]
 [-0.23185145 -0.11000083  0.01121965  0.05739336 -0.17050034]]
U = [[ 0.03644005 -0.07316848  0.02264443  0.05610544 -0.08106869]
 [-0.08319892 -0.11636227 -0.13126922  0.26103395 -0.19623946]
 [ 0.04839242  0.1021062  -0.16491568 -0.12384923 -0.00529512]
 [-0.00357632  0.13938773  0.14162886 -0.06868764 -0.08329564]
 [-0.02579327  0.03034818  0.15249227 -0.08160608 -0.17092119]]
Matrix Pair 54; W = [[ 0.10684759  0.01977014  0.20621766 -0.04440856  0.16403714]
 [-0.1729418   0.06807679 -0.20013052  0.19871723  0.11200917]
 [-0.02629573  0.21090156  0.10267817  0.11984005  0.06471985]
 [ 0.09544374 -0.09957831 -0.19037139  0.0877937  -0.03327004]
 [-0.04054889  0.09566207  0.01439566 -0.04749617 -0.06598938]]
V = [[ 0.16551469  0.09738474 -0.13570976  0.09116185 -0.01449832]
 [ 0.14014641 -0.12760982  0.17721358 -0.0426961   0.09675054]
 [ 0.03890708  0.10130957 -0.08312749 -0.16271133 -0.12499891]
 [-0.29907918 -0.1533007  -0.02934723  0.1478285  -0.20788131]
 [-0.24238752 -0.06193155 -0.02259845  0.11523064 -0.12888314]]
U = [[ 0.01726001 -0.11524905  0.01064668  0.01690755 -0.04041052]
 [-0.03036697 -0.12123044 -0.13263069  0.26130272 -0.14188543]
 [ 0.00680256  0.15392976 -0.11548987 -0.11715039 -0.03647059]
 [-0.01891943  0.19425278  0.09711558 -0.10928444 -0.01178872]
 [ 0.02415328  0.07043266  0.09442313 -0.14363151 -0.15989878]]
Matrix Pair 55; W = [[ 0.14462248  0.06297442  0.22749305  0.00307488  0.10562719]
 [-0.18172521  0.1256119  -0.15827193  0.16032924  0.15283408]
 [-0.0096872   0.29565613  0.1127885   0.03513721  0.03575023]
 [ 0.06858255 -0.11268866 -0.18556348  0.10856624 -0.03692925]
 [-0.1208383   0.08085164  0.01683981 -0.02450502  0.01321535]]
V = [[ 0.17489511  0.02087505 -0.10272367  0.09257346  0.05636056]
 [ 0.14391549 -0.05806978  0.19405852 -0.00521088  0.02112717]
 [ 0.10939722  0.10185638 -0.13580334 -0.15314903 -0.08621221]
 [-0.33521286 -0.09185478 -0.0146698   0.09448705 -0.16092987]
 [-0.24721821 -0.0505294  -0.05934954  0.12380891 -0.17293917]]
U = [[ 0.10023701 -0.06404802  0.00688182 -0.01456866 -0.10374854]
 [-0.04761804 -0.13269205 -0.14340417  0.31888055 -0.1258824 ]
 [ 0.0442113   0.134796   -0.12948176 -0.05880661 -0.022744  ]
 [ 0.02045644  0.17209225  0.1281736  -0.07454006 -0.036008  ]
 [ 0.04179652  0.0162945   0.15734903 -0.08961119 -0.21336421]]
Matrix Pair 56; W = [[ 0.12561949  0.18042167  0.08736069 -0.00511195  0.12191695]
 [-0.09442648  0.11176271 -0.21025274  0.07416538  0.08526215]
 [-0.04209349  0.20125999  0.19320884  0.06031962  0.12668295]
 [ 0.09441241 -0.12681415 -0.21467158  0.05449809  0.06717393]
 [-0.03553081  0.0915792  -0.10112356 -0.00203791 -0.0214441 ]]
V = [[ 0.18683941  0.07058961 -0.04376353 -0.03688442  0.02662593]
 [ 0.09205671 -0.11558961  0.39863436 -0.0249755  -0.05032612]
 [ 0.00093277  0.05686578 -0.15093329 -0.11852629 -0.12162637]
 [-0.33769188 -0.06440012 -0.12702572  0.00822193 -0.02480198]
 [-0.32218317 -0.05065341  0.0014188   0.2021691   0.01586473]]
U = [[ 0.12215895 -0.09425849  0.03233079  0.06999364  0.04654183]
 [-0.21263982  0.02542092 -0.2401485   0.124622   -0.12717162]
 [-0.05924022  0.17706483 -0.14633517 -0.01666693 -0.03011381]
 [ 0.04326217  0.25224054  0.15423762 -0.03028931  0.01346655]
 [-0.17273153 -0.03256665  0.05380971  0.10563045 -0.02806617]]
Matrix Pair 57; W = [[ 0.10243952  0.10524654  0.1558375  -0.04755528  0.06633533]
 [-0.15173459  0.16290137 -0.18159126  0.07411224  0.08211934]
 [ 0.02316704  0.13819284  0.17547692  0.07133766  0.13347795]
 [ 0.06806604 -0.12831988 -0.20013105  0.03971782  0.07448834]
 [-0.05755644  0.14281543 -0.17796945  0.01243846 -0.00113516]]
V = [[ 0.2267433   0.13312048 -0.06245696 -0.07530125  0.01830256]
 [ 0.14560699 -0.06892494  0.38814769 -0.08474342 -0.04946254]
 [ 0.05565598  0.05247881 -0.18675799 -0.14215927 -0.17389785]
 [-0.38191026 -0.0891937  -0.07983064  0.01154318 -0.0361858 ]
 [-0.30841351 -0.09414692  0.01561564  0.23602211  0.03221492]]
U = [[ 0.12341326 -0.1149171  -0.04006952  0.09579156  0.03651695]
 [-0.14867512 -0.03125656 -0.17772479  0.11402925 -0.12476404]
 [-0.02475218  0.14683044 -0.17422596 -0.00476504 -0.01572851]
 [ 0.07643     0.22478913  0.12731922 -0.08047529 -0.02643216]
 [-0.15215059 -0.03137335  0.03937252  0.10330086 -0.09200457]]
Matrix Pair 58; W = [[ 0.10525894  0.17715924  0.14351616 -0.04748468  0.05916015]
 [-0.12521188  0.15336261 -0.23830466  0.06734587  0.14970403]
 [-0.01267652  0.16928464  0.17113235  0.08846357  0.08811031]
 [ 0.11087575 -0.14100676 -0.18129537  0.10510128  0.04060299]
 [-0.0159053   0.13520368 -0.0796322   0.0174206   0.00602865]]
V = [[ 0.22781602  0.11929527  0.00534721 -0.0251785   0.07543574]
 [ 0.11961556 -0.05458907  0.41819152 -0.06102946 -0.08437432]
 [ 0.06085671  0.13095761 -0.20898032 -0.16543052 -0.15811481]
 [-0.31464119 -0.03925056 -0.14379635  0.03393226 -0.0623777 ]
 [-0.23252221 -0.0516904  -0.04803598  0.19509755  0.0158743 ]]
U = [[ 0.13660926 -0.10894091  0.02561285  0.01890789  0.03099054]
 [-0.14490463  0.03695833 -0.16640006  0.16775932 -0.14508291]
 [-0.04034284  0.17233953 -0.10665088 -0.03901847  0.02517163]
 [ 0.03320762  0.20121091  0.16990892 -0.10475259 -0.00593172]
 [-0.11537013 -0.01567189  0.06727443  0.03152559 -0.07613258]]
Matrix Pair 59; W = [[ 0.16635163  0.09644855  0.15037233 -0.03058944  0.12369127]
 [-0.11347313  0.11265997 -0.21567459  0.07941516  0.10599698]
 [ 0.03393862  0.160411    0.21419768  0.11191942  0.13410161]
 [ 0.02105946 -0.1664366  -0.13564043  0.12206815  0.09760038]
 [-0.08617363  0.07815353 -0.11882004  0.02381302  0.00182371]]
V = [[ 0.23415453  0.11714199 -0.00121444 -0.03885532  0.04949986]
 [ 0.05826627 -0.0940139   0.40831594 -0.05872178  0.00313418]
 [ 0.09086847  0.13660623 -0.22522115 -0.12805926 -0.13336487]
 [-0.31147303 -0.04243903 -0.05054431  0.07209241 -0.00674773]
 [-0.26917608 -0.05515747 -0.00844102  0.1681516   0.01512438]]
U = [[ 0.10121578 -0.04219544 -0.03087883  0.02707479 -0.00359089]
 [-0.15856935  0.01484009 -0.19865056  0.14076542 -0.10685904]
 [ 0.02754683  0.124415   -0.1007683  -0.06553799  0.01302674]
 [ 0.09915289  0.22673366  0.1439732  -0.11509398 -0.00489359]
 [-0.12034365 -0.04129597  0.05372585  0.11558657 -0.03277566]]
Matrix Pair 60; W = [[ 1.64992028e-01  1.59332634e-01  6.93110114e-02 -1.83022159e-01
   2.11689188e-02]
 [-1.68358451e-01  1.80977976e-01 -1.24679308e-01  1.26207004e-01
   8.64709297e-02]
 [-3.39577744e-02  1.88046920e-01  2.36629401e-01  7.03678374e-02
   1.55804338e-01]
 [-9.54094286e-02 -1.25526412e-01 -6.23734428e-02  4.35297176e-02
  -2.33881717e-02]
 [-2.18063267e-02 -3.44693773e-02 -1.14417089e-01  9.04796356e-05
  -3.49581669e-02]]
V = [[ 0.24231715  0.02797835  0.03313735 -0.09991192 -0.06622778]
 [ 0.16971573 -0.0998265   0.28372559  0.06752778  0.04189453]
 [ 0.08120166  0.10558517 -0.16289835 -0.08257658 -0.07849422]
 [-0.34033241 -0.08528148 -0.03189895  0.02704828  0.06917117]
 [-0.16029487 -0.14875863  0.01525407  0.21563023 -0.00583229]]
U = [[ 0.19025749 -0.1463708  -0.01038172  0.12020436 -0.09083933]
 [-0.22392368  0.0527174  -0.24971649  0.24870961 -0.0600103 ]
 [-0.03498027  0.16421422 -0.15603465 -0.02747551 -0.00236806]
 [ 0.14737253  0.15696986  0.1645643  -0.20552909  0.02627681]
 [-0.18476573 -0.05574668  0.06944334  0.02147121 -0.04834188]]
Matrix Pair 61; W = [[ 0.1321082   0.12273087  0.09687121 -0.13068313 -0.02193248]
 [-0.16233868  0.10447541 -0.10449159  0.15366532  0.05834822]
 [-0.08165339  0.15257963  0.24725873  0.08979286  0.17301174]
 [-0.07885605 -0.17063642 -0.07579253  0.08816022 -0.01166899]
 [-0.02824169  0.02969197 -0.08309435 -0.02026003  0.05225681]]
V = [[ 0.29771045  0.0271276   0.01295047 -0.15508585 -0.04839726]
 [ 0.19400923 -0.10500012  0.2522573   0.03031951 -0.0159549 ]
 [ 0.11061821  0.09082513 -0.15180466 -0.03227279 -0.16650923]
 [-0.40962547 -0.08216439  0.04479656  0.02259618  0.01556238]
 [-0.17462472 -0.10104252  0.08499255  0.14359676 -0.03925438]]
U = [[ 0.20079321 -0.06260236  0.02314735  0.10418947 -0.10247405]
 [-0.14070336  0.07300203 -0.22556191  0.20903965 -0.06484615]
 [-0.02450028  0.0958021  -0.2202579   0.03637294 -0.03218206]
 [ 0.07906622  0.14213463  0.11977953 -0.16078806  0.03894507]
 [-0.18015524 -0.12044209 -0.01504148  0.03158726  0.04827055]]
Matrix Pair 62; W = [[ 0.16120804  0.16020824  0.0402996  -0.21172669  0.04578614]
 [-0.18643421  0.13250435 -0.11658629  0.08506693  0.0856397 ]
 [-0.06256549  0.17969816  0.20135467  0.05310162  0.20980793]
 [-0.03307271 -0.08908977 -0.08987151  0.06406621  0.04233716]
 [-0.06700431 -0.04055072 -0.07309576  0.00228808  0.05446718]]
V = [[ 2.22572835e-01  3.11831077e-02 -2.12268543e-02 -1.73241063e-01
  -3.92925117e-02]
 [ 1.33502345e-01 -1.18200721e-01  3.06487460e-01  7.65586848e-02
   1.00872103e-04]
 [ 1.12179034e-01  8.25997434e-02 -1.44744260e-01 -1.40136518e-02
  -9.52056227e-02]
 [-3.22314545e-01 -1.05267877e-01 -3.04633460e-02 -3.53963952e-02
   5.86954275e-02]
 [-8.98862642e-02 -1.35311890e-01  6.48980450e-03  1.99386634e-01
   1.14500515e-02]]
U = [[ 0.19377504 -0.13788436  0.00453541  0.07340915 -0.11060348]
 [-0.16164013  0.08278726 -0.26608394  0.23935827 -0.0366809 ]
 [ 0.00516933  0.11971803 -0.2082006  -0.00277099 -0.01593273]
 [ 0.11563802  0.15128687  0.14998196 -0.17079505  0.08473851]
 [-0.16911428 -0.10525956  0.07233743  0.07176773 -0.03637899]]
Matrix Pair 63; W = [[ 0.10861488  0.13156733  0.08966585 -0.19953707  0.02284722]
 [-0.17213174  0.15680951 -0.11839766  0.11199481  0.06234875]
 [-0.09993525  0.20736822  0.22042122  0.07371021  0.20107587]
 [-0.03023841 -0.09555759 -0.09504817  0.04310955  0.0034263 ]
 [-0.00320891 -0.01542739 -0.05909752 -0.02543946  0.04948252]]
V = [[ 0.25745926  0.05059262  0.05235272 -0.17334554 -0.0429028 ]
 [ 0.17271327 -0.15573518  0.24972113  0.03844268  0.07218022]
 [ 0.15046989  0.11025603 -0.12458839 -0.04857188 -0.10325408]
 [-0.33521583 -0.12540791 -0.02308701  0.03025985  0.04437451]
 [-0.13290424 -0.10935831  0.08173059  0.19461649  0.0381032 ]]
U = [[ 0.16154651 -0.10650099  0.00153724  0.09210439 -0.03216799]
 [-0.22837638  0.03810511 -0.23817828  0.17837934 -0.00209141]
 [ 0.00099712  0.07686103 -0.1758818   0.06702076 -0.02330369]
 [ 0.08340097  0.22976004  0.18141721 -0.15639047  0.06673083]
 [-0.12257415 -0.0219886  -0.01384209  0.06514248  0.01693687]]
