Epoch: 0Matrix Pair 0; W = [[ 0.43203327 -0.88793733 -0.66425546 -0.90253063 -0.20695425]
 [ 0.79399471 -0.09531109 -0.91556957  0.01309638  0.50372889]
 [ 0.13020185 -0.33168334  0.01527078  0.3646703  -0.09391116]
 [ 0.61489642  0.58340289  0.26747548 -0.05583412  0.77706077]
 [ 0.79924692  0.23930872  0.67562263  0.20113015  0.75842231]]
V = [[-0.27429366  0.31636893 -0.24838978  0.7192878   0.79837479]
 [ 0.35579104  0.70586992 -0.33152723  0.10471636 -0.02740174]
 [-0.51950709 -0.57416208  0.42590076 -0.62425001 -0.76739154]
 [ 0.11915022  0.18279986 -0.49393991 -0.47179458 -0.08651183]
 [ 0.21785998  0.33509518 -0.75895032  0.15464639 -0.39122879]]
U = [[-0.24964483  0.53741826 -0.42821854  0.12932903 -0.00199531]
 [ 0.02581956  0.92554044 -0.20224197  0.31449124 -0.28124133]
 [-0.68274104 -0.49474087 -0.36088584  0.25490927 -0.6532659 ]
 [ 0.37641248  0.04991507 -0.30147713  0.17587246  0.42438965]
 [-0.01275327  0.04596619 -0.25499035  0.16782483  0.13213017]]
Matrix Pair 1; W = [[ 0.62870966 -0.86437356 -0.53013511 -0.87273357 -0.23738628]
 [ 0.87625855 -0.09835208 -0.8834855   0.05894485  0.4101879 ]
 [ 0.08384811 -0.43254462 -0.07569461  0.368047   -0.10465543]
 [ 0.63790661  0.54212197  0.37562228 -0.02184966  0.88751504]
 [ 0.79431305  0.2433659   0.6855215   0.26737152  0.71373762]]
V = [[-0.22352763  0.30357955 -0.18225522  0.65075239  0.84539849]
 [ 0.52425013  0.5768228  -0.23470671  0.14339443  0.05463373]
 [-0.46712166 -0.64575243  0.59386582 -0.70823411 -0.87258709]
 [ 0.12126463  0.20378244 -0.5125292  -0.34725195 -0.09073167]
 [ 0.28913536  0.44814532 -0.8857344   0.18697185 -0.40300334]]
U = [[-0.42350427  0.55875183 -0.30618172  0.14850189  0.06129395]
 [-0.01171476  0.92893921 -0.21916792  0.41913711 -0.23382146]
 [-0.54498982 -0.40286355 -0.4845916   0.12671098 -0.68127477]
 [ 0.50457691  0.1230074  -0.14451922  0.0849492   0.3444265 ]
 [-0.00631898  0.118859   -0.16314718  0.14141542  0.22969565]]
Matrix Pair 2; W = [[ 0.4837564  -0.8484488  -0.67440856 -0.72427751 -0.24195317]
 [ 0.7266474  -0.13970573 -0.93818109 -0.03946     0.50313531]
 [ 0.16409631 -0.34895337 -0.03109071  0.36128053  0.04448306]
 [ 0.58433486  0.61872745  0.28828832 -0.08829661  0.83151997]
 [ 0.89112286  0.12711626  0.64486963  0.24491681  0.88243223]]
V = [[-0.31335276  0.21575323 -0.18747406  0.5688202   0.86784567]
 [ 0.3812984   0.57724158 -0.36837301  0.03344865  0.00299936]
 [-0.45301026 -0.64188179  0.42136626 -0.62769993 -0.79060473]
 [ 0.14600198  0.14800404 -0.46582975 -0.44500149  0.07675651]
 [ 0.31691117  0.39617085 -0.72351724  0.05981565 -0.56935427]]
U = [[-0.31232515  0.54056936 -0.42285362  0.0281444   0.01868981]
 [ 0.08772581  0.95049677 -0.16940965  0.4607645  -0.27896437]
 [-0.6951829  -0.34554926 -0.39129568  0.20585805 -0.64004388]
 [ 0.3773959   0.00982529 -0.30903186  0.08050399  0.38441419]
 [-0.00181187  0.18912493 -0.18496318  0.21574254  0.18208588]]
Matrix Pair 3; W = [[ 0.48349047 -0.77357917 -0.58324036 -0.77482763 -0.39822037]
 [ 0.87248252 -0.13822731 -0.98383386 -0.00464462  0.45771137]
 [ 0.12355764 -0.37932172  0.04091984  0.38239568  0.04044423]
 [ 0.69483361  0.60789937  0.36600336 -0.025252    0.82348022]
 [ 0.92312518  0.28888874  0.72303139  0.30459517  0.85499136]]
V = [[-0.22331816  0.34106871 -0.16390093  0.60698349  0.89139123]
 [ 0.41779225  0.63167443 -0.29304978  0.21102533  0.10431259]
 [-0.46516551 -0.60192686  0.49036611 -0.62091052 -0.71894998]
 [ 0.13126616  0.09104449 -0.62359878 -0.49745401 -0.05290263]
 [ 0.19771931  0.40634724 -0.7890228   0.11290888 -0.50249681]]
U = [[-0.35594317  0.50492581 -0.24301467  0.11878791 -0.06104293]
 [ 0.10161916  0.82289604 -0.3318153   0.38322453 -0.19374327]
 [-0.63357149 -0.36838378 -0.39929712  0.14985387 -0.74266227]
 [ 0.50411739 -0.01128471 -0.21082265  0.10467232  0.45107797]
 [ 0.15415857  0.02780451 -0.24010878  0.19571101  0.2473239 ]]
Matrix Pair 4; W = [[-0.01099164 -0.27236119  0.11452719  0.2798006   0.25459793]
 [ 0.88466508 -0.21575688  0.37938494 -0.28697896  0.02954456]
 [ 0.11861785 -0.44457522 -0.70161967  0.05712993  0.74318862]
 [ 0.64605211  0.22904356  0.53799313 -0.13662614 -0.12394888]
 [ 0.10105551 -0.00305405  0.17959796  0.01148938  0.17088408]]
V = [[-0.15713474 -0.7916658  -0.72409286  0.30908429 -0.650379  ]
 [-0.44323461  0.33310656 -0.48728092  0.54235891  0.30024412]
 [-0.00556146  0.39135633  0.31585348  0.38281688  0.3460599 ]
 [ 0.15056237 -0.00523761 -0.03365212 -0.6382303  -0.08589459]
 [ 0.08545318  0.58156462  0.16667155 -0.20491147 -0.0384655 ]]
U = [[ 0.13172786 -0.09484387  0.17986652 -0.60208942 -0.04282711]
 [ 0.71776145  0.60303602  0.42551278 -0.16116451  0.00632968]
 [ 0.0527989  -0.43824044 -0.66919144  0.03462102  0.40045486]
 [ 0.84498564 -0.49406586 -0.87647146  0.41950146  0.27697201]
 [ 0.12265648 -0.3879113  -0.43273986  0.03921943 -0.61247574]]
Matrix Pair 5; W = [[ 0.09889887 -0.23742368  0.15342688  0.15136286  0.36852   ]
 [ 0.72133243 -0.09596693  0.49596431 -0.23655914 -0.00701009]
 [ 0.21658182 -0.470944   -0.5686554   0.04613262  0.66572575]
 [ 0.66648112  0.30874316  0.54702941 -0.16429311 -0.14067379]
 [ 0.061749    0.05297704  0.08729011  0.05415941  0.01247414]]
V = [[-0.16270002 -0.73983997 -0.81558539  0.2389239  -0.65727596]
 [-0.47323506  0.31242149 -0.4174039   0.50854081  0.30345589]
 [ 0.07307645  0.26901645  0.42530433  0.56207944  0.17880195]
 [ 0.10948873  0.05891706  0.07532172 -0.50014313 -0.04359605]
 [ 0.12840259  0.55263244  0.18320535 -0.20939184 -0.03864782]]
U = [[ 0.07757015 -0.23444984  0.11943151 -0.68869135 -0.07393258]
 [ 0.64699279  0.44756889  0.42679781 -0.09875319  0.04406363]
 [ 0.11069101 -0.54948628 -0.57725531 -0.13074817  0.35131802]
 [ 0.89088894 -0.52872398 -0.8494896   0.27477463  0.21474529]
 [ 0.16381255 -0.36982619 -0.42244585 -0.03769997 -0.53868541]]
Matrix Pair 6; W = [[ 0.10033524 -0.38683799  0.1251019   0.22704554  0.23009738]
 [ 0.80609699 -0.24259141  0.44749229 -0.23597857  0.07235617]
 [ 0.02796505 -0.34532528 -0.56095267  0.08001043  0.73299238]
 [ 0.6027754   0.33132106  0.5324568  -0.1606631  -0.19794368]
 [ 0.09711686  0.06917312  0.18992133  0.09015214  0.15881687]]
V = [[-0.15936354 -0.74598132 -0.78648293  0.21105446 -0.64178672]
 [-0.56193466  0.37804813 -0.43687574  0.54218163  0.30627848]
 [ 0.14431948  0.38548329  0.34950628  0.52598724  0.28534728]
 [ 0.14495746  0.03351476 -0.03975867 -0.5159123   0.060148  ]
 [ 0.11121983  0.52085572  0.03876209 -0.19101991 -0.07848155]]
U = [[ 0.23551134 -0.13761365  0.12246676 -0.60890492  0.11514252]
 [ 0.68584758  0.57117133  0.29245589 -0.14018625  0.00557196]
 [ 0.00381181 -0.60827017 -0.56610547 -0.03603174  0.32432099]
 [ 0.83021136 -0.56173342 -0.78869453  0.44511978  0.19973551]
 [ 0.12823307 -0.2334007  -0.29077641  0.02118191 -0.61158687]]
Matrix Pair 7; W = [[ 0.0057092  -0.30670992  0.11482378  0.30947895  0.22541927]
 [ 0.76980626 -0.26408941  0.34142699 -0.20752656  0.03830177]
 [ 0.16963827 -0.29643946 -0.67094675  0.05942705  0.71257323]
 [ 0.616848    0.35656842  0.63471562 -0.07302795 -0.15907794]
 [ 0.01031588  0.04173846  0.14721719  0.10555991  0.1882414 ]]
V = [[ 0.01420214 -0.75972682 -0.6785996   0.24846435 -0.5704823 ]
 [-0.51378914  0.34100978 -0.50661665  0.43808145  0.43611777]
 [ 0.03097804  0.26987832  0.32709637  0.45832458  0.20788002]
 [ 0.22313943  0.14548647  0.04467811 -0.67153348  0.08042014]
 [ 0.06558732  0.59297662  0.00657831 -0.29244072 -0.09798997]]
U = [[ 0.0522605  -0.11686443  0.28343714 -0.53815981  0.10758398]
 [ 0.53542863  0.52756111  0.42707887 -0.10634738 -0.05461111]
 [-0.01273881 -0.45135832 -0.55456037 -0.07277428  0.35455125]
 [ 0.87241806 -0.50534976 -0.75898019  0.370095    0.16224633]
 [ 0.17891702 -0.36383227 -0.37675822  0.01525157 -0.54239201]]
Matrix Pair 8; W = [[ 0.14887085  0.3830856  -0.03092594 -0.26783019  0.08564582]
 [-0.0813012   0.38816749  0.32264893  0.07654583 -0.01565192]
 [ 0.84662828 -0.69594614  0.28137164  0.71411707 -0.37007682]
 [ 0.38585239  0.07255689  0.30971988  0.01401528  0.7610232 ]
 [-0.63460178 -0.52884474  0.00609899 -0.5065287   0.39413461]]
V = [[ 0.69734577 -0.18088236  0.14217725 -0.05984389 -0.79842589]
 [-0.04880067  0.14229772 -0.48858064 -0.13096696 -0.26569587]
 [ 0.01875681  0.09329211  0.20048981 -0.08977832  0.04982947]
 [-0.79544136  0.63066609  0.10104211  0.26766878 -0.84361966]
 [ 0.00236074  0.4421472  -0.31005793  0.23296756 -0.43013114]]
U = [[-0.13843535 -0.00388675 -0.04930839  0.68829264 -0.05668277]
 [-0.43305494  0.7396502  -0.28459608  0.18407949 -0.5036207 ]
 [ 0.59561164  0.40612325  0.57718192 -0.55857369 -0.51903932]
 [ 0.25139317  0.37861624 -0.35677579  0.83029857 -0.09622096]
 [ 0.03703111 -0.43936839 -0.2968724  -0.51807116  0.03117178]]
Matrix Pair 9; W = [[ 0.17874198  0.3263916  -0.14056426 -0.17043553  0.01719659]
 [-0.18008692  0.34695613  0.21409386  0.03981415  0.12721051]
 [ 0.88225266 -0.59345783  0.25740958  0.55076135 -0.20158109]
 [ 0.47391823  0.04537156  0.20574259  0.16562194  0.82294146]
 [-0.47930449 -0.53660351 -0.11024871 -0.51402263  0.53445782]]
V = [[ 0.7187062  -0.13875469  0.08091361 -0.06263332 -0.80055534]
 [ 0.03308566  0.12151187 -0.48942642 -0.11795876 -0.23114253]
 [-0.10846457  0.03465249  0.32773376 -0.06710991 -0.0179785 ]
 [-0.79548672  0.80014463  0.10257813  0.34907926 -0.78245168]
 [-0.00481968  0.34686463 -0.34536717  0.35468133 -0.45876105]]
U = [[-0.15822093  0.08892137 -0.14964775  0.77364319  0.00559656]
 [-0.33529386  0.68988341 -0.26254047  0.10379279 -0.4374246 ]
 [ 0.51600606  0.25549671  0.51792547 -0.64021852 -0.45393849]
 [ 0.15727679  0.42630087 -0.39563375  0.65246489 -0.07617721]
 [ 0.15990033 -0.33497825 -0.40095489 -0.65992136  0.19905515]]
Matrix Pair 10; W = [[ 0.23925472  0.33070799 -0.14187365 -0.17593845 -0.03703456]
 [-0.21714638  0.3891133   0.19229514  0.19725978  0.00252516]
 [ 0.80774165 -0.77774841  0.40353835  0.73060802 -0.25626843]
 [ 0.4028974   0.15175839  0.19230389  0.02661587  0.76104334]
 [-0.65062961 -0.58383133 -0.06075579 -0.60208199  0.42342989]]
V = [[ 0.79765149 -0.21969694  0.05273879  0.03320726 -0.81783311]
 [-0.02011896  0.13679046 -0.5088849  -0.02295033 -0.34154349]
 [-0.01477573 -0.01367602  0.35641384  0.0858684   0.04062481]
 [-0.74675839  0.71935925  0.10115472  0.41528007 -0.83292854]
 [ 0.03999724  0.39072858 -0.25009808  0.28026269 -0.38916002]]
U = [[-0.25269157  0.0937641  -0.03415245  0.83332615  0.04929238]
 [-0.45018615  0.83299975 -0.36773558  0.16898906 -0.58483721]
 [ 0.68685884  0.31687713  0.60521079 -0.68428327 -0.54220642]
 [ 0.19780584  0.37947904 -0.47417714  0.77326419 -0.08267985]
 [ 0.22199599 -0.29482505 -0.28345481 -0.55683912  0.05428173]]
Matrix Pair 11; W = [[ 0.15016192  0.2555283  -0.032711   -0.27833867 -0.03965285]
 [-0.1329172   0.48008281  0.27389247  0.19405601  0.08645578]
 [ 0.83497485 -0.72715696  0.4028399   0.62055214 -0.2739962 ]
 [ 0.54011136  0.05186933  0.25765301  0.11418355  0.7957018 ]
 [-0.51652517 -0.5951369  -0.16305223 -0.51542772  0.49930957]]
V = [[ 0.76791902 -0.04544646  0.13415245 -0.05270812 -0.83148094]
 [ 0.03888413  0.2565258  -0.4727701  -0.18821631 -0.20078735]
 [-0.10986274 -0.0144472   0.3169653  -0.0683022   0.05917324]
 [-0.63663213  0.7665991   0.0966713   0.2785533  -0.82506152]
 [-0.11116669  0.47975325 -0.25961137  0.34044385 -0.32168583]]
U = [[-0.22920423 -0.03890323 -0.06141418  0.72387488 -0.02248231]
 [-0.26188182  0.66849531 -0.34716819  0.08912912 -0.57771985]
 [ 0.51495044  0.28780478  0.49447982 -0.54003224 -0.48898501]
 [ 0.27966929  0.3859641  -0.46791559  0.69075769 -0.04472521]
 [ 0.06613389 -0.45206736 -0.34628153 -0.60967172  0.20983243]]
Matrix Pair 12; W = [[-0.24459434 -0.33543199  0.2940253  -0.30263421  0.04694339]
 [-0.06877479 -0.25740609  0.45546633 -0.36070151  0.11090236]
 [-0.0150824  -0.31296849 -0.20135273 -0.01047211  0.37147625]
 [ 0.1584157  -0.18177456 -0.31430621  0.39751938 -0.44458317]
 [ 0.15749833  0.22038713  0.00411627 -0.52623388  0.57175797]]
V = [[-0.57938372  0.6598201  -0.74938818  0.0815283  -0.27330398]
 [ 0.61340513  0.07854872  0.38673971 -0.71918674  0.47284518]
 [-0.04063322 -0.0405871   0.52257156 -0.54374718 -0.00105379]
 [ 0.46579374  0.57349583 -0.32911647 -0.03458407 -0.69375404]
 [ 0.29183598  0.4264998   0.83085273 -0.87336683 -0.52994702]]
U = [[ 0.0159156  -0.0808179   0.06687336 -0.10179706 -0.07708685]
 [ 0.3664222   0.38961198  0.66286547  0.27739413 -0.11054632]
 [ 0.63706066 -0.11346211 -0.2110791  -0.77904468 -0.10038981]
 [-0.15004933  0.005877   -0.33809224  0.26970409  0.10289048]
 [-0.68490159  0.77287188 -0.67040458  0.26144473  0.18614837]]
Matrix Pair 13; W = [[-0.12712831 -0.43041201  0.33530524 -0.24947174  0.19612337]
 [-0.15943654 -0.32653087  0.37370541 -0.41111429  0.02982922]
 [ 0.02718352 -0.28119056 -0.12270639  0.04718519  0.39082334]
 [ 0.14589756 -0.14421056 -0.39313755  0.4755328  -0.54412076]
 [ 0.18059138  0.1501426  -0.08554262 -0.41920626  0.54757546]]
V = [[-0.59928756  0.62975268 -0.7621821   0.08402998 -0.33482361]
 [ 0.50537469  0.09150456  0.27169718 -0.82192586  0.48772797]
 [ 0.08059849 -0.1244593   0.69802823 -0.50669598 -0.1703574 ]
 [ 0.37045582  0.62605753 -0.3382486  -0.1263273  -0.51456025]
 [ 0.43151537  0.37225819  0.85969252 -0.69595869 -0.66695027]]
U = [[-0.16248985 -0.02714432  0.10611473  0.01518658  0.01882088]
 [ 0.2108545   0.43202255  0.56578325  0.30573069 -0.19824033]
 [ 0.46073388 -0.1188639  -0.07998344 -0.66818663 -0.11767497]
 [-0.17070365 -0.06877186 -0.36012396  0.27152186  0.01785916]
 [-0.60103571  0.69030068 -0.53084592  0.27579258  0.22439955]]
Matrix Pair 14; W = [[-0.25277315 -0.43891256  0.24135753 -0.24464321  0.12847914]
 [-0.00808192 -0.28600965  0.46192299 -0.44126231  0.14016431]
 [ 0.00125769 -0.23171238 -0.16430015 -0.13161754  0.35992817]
 [ 0.13125239 -0.16950418 -0.47667823  0.48809717 -0.53028141]
 [ 0.06621658  0.18230752 -0.00843898 -0.44532995  0.47699549]]
V = [[-0.66752097  0.72518539 -0.83220823 -0.00494714 -0.42869297]
 [ 0.68905375  0.09418637  0.3640263  -0.71831992  0.44769052]
 [-0.10281693 -0.18446212  0.68495672 -0.52567165 -0.06552787]
 [ 0.32079903  0.52330149 -0.46871494  0.01177393 -0.63077914]
 [ 0.41568866  0.26784111  0.89974601 -0.82341061 -0.67252487]]
U = [[ 0.00088825 -0.15058612  0.02253638 -0.05167172  0.04885525]
 [ 0.30385863  0.46582877  0.61303566  0.25300536 -0.02047259]
 [ 0.58255731 -0.07911804 -0.22317605 -0.6820658  -0.08458265]
 [-0.04898025 -0.14147132 -0.26730002  0.27513477  0.08651899]
 [-0.65475153  0.65050337 -0.56330595  0.17454692  0.2726069 ]]
Matrix Pair 15; W = [[-0.08485821 -0.48477345  0.26848329 -0.25803122  0.09900664]
 [-0.14121661 -0.16027584  0.54597515 -0.36758841  0.07499116]
 [-0.13900207 -0.23008966 -0.15139978 -0.11387608  0.34175297]
 [ 0.02343086 -0.05850934 -0.41373913  0.40560218 -0.61164586]
 [ 0.15043346  0.23391603 -0.09789627 -0.34110504  0.47781705]]
V = [[-0.67978512  0.58776876 -0.71073721  0.03311807 -0.43218987]
 [ 0.67471299  0.07342067  0.21437887 -0.70395278  0.55417488]
 [-0.07345549 -0.13966155  0.58997247 -0.5277404  -0.16065505]
 [ 0.37203641  0.51037514 -0.48908566  0.01422996 -0.60162595]
 [ 0.45637211  0.38940893  0.89815079 -0.69152533 -0.5543892 ]]
U = [[-0.01086458 -0.0717035   0.10574969 -0.10722093 -0.10819688]
 [ 0.28616753  0.51147385  0.74116942  0.36580992 -0.14692032]
 [ 0.63370071 -0.09539442 -0.09618235 -0.64092572 -0.02534383]
 [-0.10992041 -0.14954685 -0.34471207  0.16231828  0.03007907]
 [-0.57552683  0.7922173  -0.55213256  0.14750435  0.30696496]]
Matrix Pair 16; W = [[ 0.55973449 -0.03271638  0.39621933 -0.754377   -0.69215633]
 [ 0.55765722 -0.49696366  0.08286432 -0.16641599 -0.05388902]
 [-0.06983658 -0.51033703  0.69503201 -0.9173739   0.73028865]
 [-0.49291029 -0.20444275  0.3524163  -0.07648555  0.03947038]
 [ 0.04276557  0.19996991 -0.21646045  0.18729951 -0.02057946]]
V = [[-0.12557628 -0.04826769  0.20760057  0.4287386   0.435039  ]
 [-0.52557465 -0.06447429 -0.02477242  0.04378358 -0.07426258]
 [-0.08713955  0.58425639 -0.29743373  0.12841966 -0.01081413]
 [-0.13154957 -0.15233416 -0.03636795  0.63855811  0.29569823]
 [ 0.24368546  0.01549582 -0.15900417  0.35269767 -0.06836144]]
U = [[-0.04236668 -0.35149796  0.19825076  0.6419133  -0.18865741]
 [-0.07966239 -0.67841924 -0.67553828  0.77788087  0.05575643]
 [ 0.48364723 -0.65624436  0.08698398  0.5068671   0.67304524]
 [ 0.0684505   0.51752877 -0.28437774  0.13952865  0.35570941]
 [-0.25892534  0.19920494  0.43544762 -0.41547893  0.91362461]]
Matrix Pair 17; W = [[ 0.50946035  0.0990583   0.35737226 -0.88927919 -0.61478447]
 [ 0.69444788 -0.60695015  0.09996138 -0.26553434 -0.05351982]
 [-0.13107919 -0.52302224  0.68460252 -0.93167678  0.69984886]
 [-0.51713565 -0.15280017  0.22592272 -0.14156508  0.01967939]
 [ 0.17732767  0.26015831 -0.25053443  0.09871794 -0.06029533]]
V = [[-0.05546121 -0.0387333   0.12664393  0.33739992  0.60615574]
 [-0.44026874 -0.12898586 -0.1936562   0.19108681 -0.07598491]
 [-0.18002941  0.47118449 -0.39056337  0.07726864 -0.00064344]
 [-0.12589547 -0.08558254 -0.01193086  0.5856803   0.41130856]
 [ 0.30261259  0.05139658 -0.14415822  0.31309347 -0.00496792]]
U = [[-0.12851988 -0.20330744  0.19363293  0.61673841 -0.21170377]
 [-0.08992719 -0.87390744 -0.63099558  0.82370908  0.0785755 ]
 [ 0.52458023 -0.69053614 -0.01962794  0.32233815  0.56670333]
 [ 0.02938824  0.53841224 -0.37365629  0.06018189  0.31794447]
 [-0.34278523  0.22533706  0.51032567 -0.38728565  0.91885673]]
Matrix Pair 18; W = [[ 5.36669735e-01  3.60715396e-02  3.78518580e-01 -7.37647071e-01
  -6.92982483e-01]
 [ 7.21649022e-01 -5.90312312e-01  1.40035551e-01 -2.10511837e-01
  -8.02601999e-02]
 [-1.80885570e-01 -6.15767553e-01  7.78852247e-01 -8.26110635e-01
   7.13696309e-01]
 [-4.83453269e-01 -1.44631287e-01  3.55519565e-01 -3.93940284e-02
  -8.73240470e-02]
 [ 3.52825907e-02  1.35001307e-01 -2.39213097e-01  2.12380599e-01
   7.34064172e-04]]
V = [[-0.1166874  -0.2125748   0.04209746  0.41521952  0.44045122]
 [-0.56476586 -0.05912905 -0.18658825  0.02933149 -0.17869436]
 [-0.15624187  0.45882382 -0.3350484   0.21572096 -0.07379806]
 [-0.04527585 -0.22660525  0.0253601   0.57259446  0.33196982]
 [ 0.35574857  0.0543105  -0.04191007  0.37787675 -0.11182855]]
U = [[-0.02539197 -0.29400868  0.17663353  0.71903185 -0.0950202 ]
 [ 0.03054568 -0.80014001 -0.70392188  0.81076472  0.02998459]
 [ 0.42006565 -0.59530541  0.02258056  0.36624862  0.64936298]
 [ 0.07823924  0.52402895 -0.40909238  0.03687498  0.26141284]
 [-0.22939214  0.12042502  0.48377025 -0.48411537  0.91789702]]
Matrix Pair 19; W = [[ 0.63239353  0.15451607  0.38582734 -0.7537024  -0.610654  ]
 [ 0.6180124  -0.59219601  0.03905015 -0.31332861 -0.13513147]
 [-0.1895808  -0.58222078  0.71022292 -0.91976536  0.74116309]
 [-0.42311235 -0.15933268  0.27096342 -0.10669686 -0.02693555]
 [ 0.1720337   0.16818151 -0.17094842  0.18257321  0.06316094]]
V = [[-0.14306854 -0.16911485  0.0775376   0.41115218  0.56210309]
 [-0.49335996 -0.13028905 -0.177887    0.20770932 -0.16892928]
 [-0.09800992  0.56450691 -0.39150753  0.23541227 -0.04674746]
 [-0.09729931 -0.23424747 -0.04135894  0.66948228  0.32604419]
 [ 0.34383967  0.00986366 -0.12315467  0.39175093 -0.12359778]]
U = [[-0.08862694 -0.20981611  0.24094871  0.62555697 -0.11130588]
 [-0.07878849 -0.79169172 -0.68801707  0.91537231  0.00203784]
 [ 0.49716362 -0.63958402  0.08611227  0.48119582  0.60846244]
 [ 0.13885637  0.49132109 -0.34487021  0.11002993  0.42850374]
 [-0.35477322  0.2234004   0.55799806 -0.49010719  0.90079559]]
Matrix Pair 20; W = [[-0.06600304 -0.00674609 -0.55890352 -0.22180142 -0.2481537 ]
 [ 0.53741159  0.22544494  0.70231926  0.73729557  0.66216595]
 [-0.07323979  0.55260291  0.90462086  0.46103268 -0.43600368]
 [-0.42878416 -0.1121733  -0.16023699  0.42806872  0.49853925]
 [ 0.05859198  0.64141274  0.63290553  0.74894435 -0.80938454]]
V = [[ 0.19733305 -0.05573998  0.07574359 -0.3539154  -0.20794349]
 [ 0.12523584  0.55805894 -0.25242846 -0.00778036 -0.29330438]
 [ 0.07998205  0.43946566  0.10239781 -0.13347402 -0.58401481]
 [-0.44498018  0.14218143 -0.19387463 -0.17614052 -0.68778743]
 [-0.00921244  0.45747117 -0.21805169  0.08875574 -0.01014409]]
U = [[ 0.25333203  0.32011443  0.02697168 -0.20922084  0.59185075]
 [-0.25050575  0.07390303 -0.72535252 -0.26188498 -0.10389755]
 [ 0.11382206  0.41420323 -0.74847938 -0.71731695  0.10203284]
 [ 0.79294465  0.77098233 -0.65124217  0.03004905 -0.27534916]
 [ 0.14528521 -0.01356251 -0.47443968  0.27188171  0.80640834]]
Matrix Pair 21; W = [[ 0.07802793  0.00194316 -0.61354083 -0.10080816 -0.25777859]
 [ 0.48208339  0.19081971  0.61763759  0.61295226  0.52403815]
 [-0.08186075  0.62898646  0.81679725  0.5428206  -0.60889416]
 [-0.4295603  -0.04331195 -0.15616913  0.56048874  0.66744498]
 [ 0.06475192  0.67188494  0.53129416  0.72650266 -0.80451795]]
V = [[ 0.20113626 -0.1288775  -0.01687284 -0.26553818 -0.1883281 ]
 [ 0.19247862  0.57114532 -0.33654061  0.1656207  -0.25341193]
 [ 0.04896032  0.4449764   0.19697002 -0.232869   -0.41759536]
 [-0.40879203  0.02327919 -0.26986893 -0.18296343 -0.70109493]
 [-0.08448519  0.54131678 -0.17636637  0.07251085  0.02647838]]
U = [[ 0.29012347  0.39226633  0.15416615 -0.14391778  0.53258642]
 [-0.14977999  0.12963998 -0.79606986 -0.37862868 -0.01819168]
 [ 0.14786136  0.43160363 -0.84282786 -0.73221597  0.08180799]
 [ 0.64124686  0.84923855 -0.69439066  0.0501104  -0.17747454]
 [ 0.24706585 -0.10978444 -0.44567836  0.17268817  0.71312895]]
Matrix Pair 22; W = [[-0.01499734 -0.03365478 -0.45427199 -0.03717451 -0.25615263]
 [ 0.5975402   0.29426879  0.70973023  0.78710689  0.55557582]
 [-0.18387788  0.61641901  0.837312    0.44210057 -0.46105579]
 [-0.30254653  0.00984897 -0.21922714  0.52001829  0.54323665]
 [-0.04814809  0.64900457  0.57469917  0.69611961 -0.79563807]]
V = [[ 0.23304752 -0.06526359  0.00336771 -0.25853634 -0.29229818]
 [ 0.16162399  0.70005428 -0.2786993   0.06734511 -0.30660859]
 [-0.05726663  0.55686441  0.11640165 -0.28162356 -0.52890853]
 [-0.45296031  0.13905206 -0.24182519 -0.12243368 -0.68267068]
 [-0.14978681  0.52417761 -0.16249932  0.17929515  0.06343323]]
U = [[ 0.28936292  0.46819     0.06417671 -0.26350428  0.574307  ]
 [-0.10681586  0.14379985 -0.71904186 -0.28449627 -0.01261989]
 [ 0.18648317  0.38315994 -0.7370663  -0.73831151  0.19298227]
 [ 0.63765332  0.78862203 -0.83554366 -0.05211561 -0.27615971]
 [ 0.22177847 -0.10868467 -0.46190136  0.26811462  0.74213052]]
Matrix Pair 23; W = [[-0.07116252  0.1033793  -0.60729141 -0.10023343 -0.19810487]
 [ 0.44373891  0.32145457  0.75358159  0.60839713  0.50955774]
 [-0.10178226  0.56233974  0.76282691  0.5006339  -0.4613819 ]
 [-0.3059515  -0.06107191 -0.19344482  0.53048415  0.55798361]
 [-0.09466709  0.65758552  0.55394402  0.72589801 -0.87188498]]
V = [[ 0.33884643 -0.15782016 -0.02510309 -0.34748137 -0.29527819]
 [ 0.20686798  0.66487462 -0.25265719  0.03958884 -0.40019908]
 [ 0.13254567  0.47804871  0.10896303 -0.14421616 -0.49049268]
 [-0.45119615  0.05215688 -0.27423211 -0.14206362 -0.67326517]
 [-0.07809524  0.41189454 -0.3356384   0.13104047  0.00819526]]
U = [[ 0.22754537  0.47537359 -0.02842686 -0.10572406  0.49025117]
 [-0.08007768  0.0012235  -0.71026758 -0.2832134  -0.03798132]
 [ 0.04989493  0.42481762 -0.86426643 -0.82009198  0.20952933]
 [ 0.67181921  0.86142145 -0.68138275 -0.07931657 -0.23462119]
 [ 0.12007746  0.0317182  -0.49098475  0.13382146  0.76956102]]
Matrix Pair 24; W = [[ 0.13519534  0.49572035  0.17368278  0.28735613  0.02001691]
 [-0.3357361   0.39809241 -0.5661003  -0.35363916  0.14941039]
 [-0.31515282 -0.16748897 -0.45628274 -0.18580486  0.01977111]
 [-0.48018206  0.48684445 -0.07975172  0.44984844 -0.34861951]
 [ 0.7062119  -0.04128179  0.69326483  0.20329549 -0.34024079]]
V = [[-0.79229326  0.26045576  0.16217754  0.5343834  -0.73260416]
 [-0.3015064   0.04383979 -0.40157363  0.8677156   0.29896903]
 [ 0.15340506 -0.22510332 -0.61146487 -0.13813152  0.73695889]
 [-0.21878258 -0.04063287  0.15066511 -0.35963032 -0.21362636]
 [-0.3252209   0.18279754 -0.74755394  0.17406598  0.38927149]]
U = [[ 0.57453836  0.67008002  0.53584404 -0.36972075  0.00629403]
 [ 0.51908852 -0.06692808 -0.36628199  0.15365138 -0.17900751]
 [ 0.66917138  0.18690282  0.33490577 -0.14409291  0.67564629]
 [-0.13705569  0.2440639   0.04826743  0.68719371 -0.24949733]
 [ 0.24274815 -0.30508861  0.72695534  0.43458922  0.27748146]]
Matrix Pair 25; W = [[ 0.12727049  0.54405497  0.12087837  0.28923101 -0.04060452]
 [-0.41439521  0.35086072 -0.4351357  -0.36236027  0.07043205]
 [-0.38166928 -0.17370315 -0.5739259  -0.27681215 -0.0655678 ]
 [-0.39105442  0.40681486 -0.13195254  0.43889496 -0.44239728]
 [ 0.70609941 -0.07556165  0.66385735  0.20961508 -0.23740397]]
V = [[-0.66104765  0.1980999   0.27062874  0.46491639 -0.88045081]
 [-0.34284654  0.00576046 -0.39071685  0.82651859  0.38434648]
 [ 0.01567131 -0.12530389 -0.50501062 -0.08313061  0.65404479]
 [-0.09654555  0.11462283  0.15804474 -0.35794606 -0.21392069]
 [-0.33662531  0.28679918 -0.76146352  0.23306044  0.26408146]]
U = [[ 0.54307344  0.6890141   0.47101499 -0.31755954  0.05481114]
 [ 0.61597764 -0.06164131 -0.36682778  0.09622054 -0.09375267]
 [ 0.69221826  0.26738542  0.4676257   0.00566195  0.68156134]
 [-0.31297786  0.2499347   0.18732465  0.82858489 -0.32382652]
 [ 0.06812345 -0.18653495  0.75465084  0.41175022  0.30841406]]
Matrix Pair 26; W = [[ 0.10369701  0.45196419  0.16109184  0.13290174 -0.053462  ]
 [-0.36153356  0.43203799 -0.55687334 -0.39609005  0.15481527]
 [-0.32558725 -0.1857813  -0.6028508  -0.21738605 -0.03070823]
 [-0.45329747  0.39814576 -0.19420321  0.47883529 -0.45544928]
 [ 0.55845085 -0.07078762  0.76217289  0.27752283 -0.25414997]]
V = [[-0.76608977  0.27215974  0.11315223  0.55656224 -0.82751887]
 [-0.31899938 -0.03035488 -0.30853927  0.70316666  0.48758566]
 [ 0.04139457 -0.18637092 -0.6178582  -0.24436064  0.72178869]
 [-0.21231884 -0.00737933  0.09143879 -0.47828878 -0.21689027]
 [-0.47253131  0.19208211 -0.61425956  0.18756052  0.27851496]]
U = [[ 0.54914298  0.56572642  0.61509691 -0.33054825  0.09206166]
 [ 0.48737237 -0.01543401 -0.39349525  0.21814696 -0.18953369]
 [ 0.61120528  0.17778413  0.46949999 -0.01292839  0.65373703]
 [-0.15662363  0.15852019  0.05537437  0.77472284 -0.38367328]
 [ 0.06848833 -0.3086254   0.72924588  0.5748432   0.38340285]]
Matrix Pair 27; W = [[ 0.18997862  0.47143805  0.13899197  0.11261403 -0.10749954]
 [-0.4343975   0.44991924 -0.47696421 -0.31729599 -0.014488  ]
 [-0.22368156 -0.24845106 -0.47400345 -0.13763782 -0.02040868]
 [-0.50145284  0.52285919 -0.18922012  0.49140899 -0.43251229]
 [ 0.71681461  0.04722238  0.7998983   0.12415248 -0.25537583]]
V = [[-0.67957364  0.19732137  0.30850998  0.55399813 -0.91570679]
 [-0.31459304  0.06556194 -0.29220152  0.83745036  0.36896724]
 [ 0.17212899 -0.21412234 -0.47021007 -0.22099753  0.55599156]
 [-0.11926971  0.10752637  0.1568673  -0.44991706 -0.08247505]
 [-0.39384587  0.28532632 -0.73997737  0.31028219  0.41852111]]
U = [[ 0.65680808  0.71835258  0.45224841 -0.27568099  0.09645037]
 [ 0.60823971 -0.01426616 -0.48388818  0.11831437 -0.23698571]
 [ 0.61794214  0.31050937  0.3807385  -0.10506269  0.6398497 ]
 [-0.19584074  0.32389388  0.15386575  0.78256689 -0.27085341]
 [ 0.15851958 -0.15870703  0.75206709  0.42164373  0.26193507]]
Matrix Pair 28; W = [[-0.65583262 -0.08203696 -0.00588909 -0.35840484  0.58588766]
 [-0.39252416  0.39092997  0.33353306 -0.08204695 -0.22891187]
 [ 0.01623702 -0.35164274 -0.07745552  0.75108246  0.38036928]
 [ 0.45971844 -0.70180513  0.24484436  0.27503953 -0.33594269]
 [ 0.87358255  0.01233267 -0.03392417 -0.60476716  0.85234591]]
V = [[-0.38477684  0.29667096  0.27496254 -0.12825847 -0.2806837 ]
 [-0.19517684 -0.34593508 -0.18190626 -0.45060956 -0.19440547]
 [ 0.02791752  0.17182581 -0.55534229  0.77115816  0.68659503]
 [-0.12604897  0.44863029 -0.36801673  0.29197018 -0.51257698]
 [ 0.35341627  0.13398083 -0.85297902  0.48409178 -0.29391121]]
U = [[-0.44448715  0.36717406  0.07828686 -0.54429262  0.23967664]
 [ 0.31642659 -0.08716638  0.07595315  0.10584786 -0.62723445]
 [-0.24224926  0.62448848  0.30962374  0.52233684  0.3738459 ]
 [ 0.07718935  0.52058954 -0.55714047 -0.06339368 -0.22775754]
 [ 0.00857741 -0.97494494 -0.17264726  0.65191151 -0.4544645 ]]
Matrix Pair 29; W = [[-0.71055131 -0.22790144 -0.09429853 -0.35488583  0.61806136]
 [-0.43210409  0.40581693  0.36146741 -0.123699   -0.16477049]
 [ 0.13246277 -0.26615524 -0.12591503  0.70213024  0.24526049]
 [ 0.34687156 -0.74244353  0.23153904  0.42720103 -0.35704168]
 [ 0.85548287 -0.02602445  0.02342957 -0.6564511   0.84433565]]
V = [[-0.31986313  0.37225114  0.30999781 -0.13225455 -0.40650419]
 [-0.32514606 -0.42892315 -0.30778693 -0.44376856 -0.12885074]
 [-0.04191112  0.1403181  -0.57962849  0.74808329  0.78266123]
 [-0.18805704  0.48697663 -0.45198862  0.30540286 -0.6421304 ]
 [ 0.48738136  0.17024486 -0.77873008  0.53867392 -0.30831123]]
U = [[-0.31406956  0.44077445  0.08325752 -0.46858435  0.17394028]
 [ 0.37300188  0.02482343 -0.08151415  0.06090201 -0.60959779]
 [-0.21303186  0.71726351  0.31192322  0.68786712  0.26834828]
 [ 0.00767849  0.41379469 -0.6321867  -0.05527423 -0.13492336]
 [ 0.08819002 -0.90578909 -0.23598135  0.53618105 -0.42969958]]
Matrix Pair 30; W = [[-0.71555608 -0.08630771 -0.15421383 -0.34009435  0.62775862]
 [-0.54428205  0.37845782  0.20925233 -0.09273479 -0.26471522]
 [ 0.04552161 -0.33535212 -0.24736259  0.68327766  0.23881879]
 [ 0.32126638 -0.72671139  0.113474    0.26676693 -0.52563284]
 [ 0.8355587  -0.09374554  0.13209147 -0.71764295  0.78228125]]
V = [[-0.26227164  0.36057224  0.32972668 -0.24135661 -0.27728605]
 [-0.28005869 -0.41264517 -0.28904613 -0.44616967 -0.22483916]
 [-0.01968141  0.18265345 -0.65569337  0.84540881  0.79213567]
 [-0.28003893  0.42412723 -0.42415418  0.26748029 -0.63136391]
 [ 0.40423842  0.26135232 -0.72627679  0.67411675 -0.31798644]]
U = [[-0.32778817  0.35371547  0.04999418 -0.59730701  0.18153745]
 [ 0.38523719 -0.10573898 -0.09677386  0.13990277 -0.62652832]
 [-0.07453998  0.81426854  0.23220779  0.52427999  0.40253417]
 [ 0.0115221   0.42197928 -0.54889753 -0.00361686 -0.24038508]
 [ 0.02375483 -0.88241116 -0.278652    0.63182581 -0.3449759 ]]
Matrix Pair 31; W = [[-0.80657484 -0.22701061 -0.0790185  -0.51067482  0.62432898]
 [-0.53946429  0.39999515  0.33140913 -0.17172661 -0.21931061]
 [-0.03068491 -0.38497205 -0.08610699  0.70395252  0.40196884]
 [ 0.2994853  -0.57805956  0.14623656  0.36070871 -0.47507097]
 [ 0.88297874 -0.01648199 -0.00128287 -0.71661563  0.73043031]]
V = [[-0.36783511  0.42166013  0.26020843 -0.15207829 -0.35692704]
 [-0.18024148 -0.40964712 -0.23240677 -0.47145687 -0.20093982]
 [-0.11677909  0.0931448  -0.53654092  0.854905    0.75357362]
 [-0.15007038  0.45326339 -0.33394915  0.18752869 -0.55852837]
 [ 0.5393043   0.20609248 -0.84251132  0.59548163 -0.23368444]]
U = [[-3.63808833e-01  4.10624891e-01  3.91612341e-02 -5.79884924e-01
   2.05089319e-01]
 [ 3.95310117e-01 -4.44262320e-03  2.53674065e-04  5.76442213e-02
  -5.31847975e-01]
 [-7.90022896e-02  6.91053977e-01  2.35286189e-01  5.39937383e-01
   2.26313082e-01]
 [-4.52950709e-02  4.88236558e-01 -5.64784739e-01 -6.69598652e-02
  -2.63678083e-01]
 [ 4.26155013e-02 -9.56960854e-01 -1.78048759e-01  6.79522313e-01
  -3.73962607e-01]]
