Epoch: 7Matrix Pair 0; W = [[ 0.09057966  0.00619746  0.08955925 -0.01359617 -0.01510317]
 [-0.16105425  0.15050415 -0.16550771  0.11015969  0.19683794]
 [-0.09377491  0.22171475  0.12055484 -0.02111861  0.13072472]
 [ 0.16928382 -0.19178002 -0.23894881  0.0640184  -0.10412286]
 [-0.05718129  0.06770076  0.02677681 -0.03128168  0.0982327 ]]
V = [[ 0.16996635 -0.02198285 -0.1834163   0.08921835 -0.0776816 ]
 [ 0.01904023 -0.08006708  0.22681249 -0.01132218  0.02341349]
 [ 0.0956806   0.17647097 -0.17239529 -0.19461199 -0.07853681]
 [-0.34797897 -0.19069569 -0.01533673  0.12565357 -0.16297707]
 [-0.19771338 -0.08430633 -0.11069799  0.03117888 -0.14439188]]
U = [[ 0.1247915  -0.00657141 -0.06652757  0.07580963 -0.10246264]
 [-0.0934853  -0.20837531 -0.15459159  0.23350111 -0.09196084]
 [ 0.15244517  0.11682903 -0.12794999 -0.01215735 -0.03157589]
 [-0.02989274  0.2135644   0.18503907 -0.04979449  0.10188538]
 [-0.0656123   0.09031738  0.0931463  -0.08441694 -0.22457482]]
Matrix Pair 1; W = [[ 0.10912326 -0.02920654  0.0524674   0.03151058  0.02073176]
 [-0.24223382  0.14173078 -0.18493179  0.12297911  0.13944799]
 [-0.04288968  0.237905    0.16544113 -0.01801981  0.11769424]
 [ 0.13154252 -0.19951263 -0.17915668  0.08171052 -0.10981494]
 [-0.05717861  0.07050301  0.01227847 -0.07974845  0.13066932]]
V = [[ 0.18870312 -0.0439866  -0.17432232  0.11925087  0.00141519]
 [ 0.09776668 -0.0475389   0.17970641 -0.0191004   0.02715172]
 [ 0.13141432  0.15301032 -0.1315165  -0.22984731 -0.10477625]
 [-0.30211687 -0.15238962 -0.04299536  0.11042175 -0.16967586]
 [-0.2696317  -0.14379963 -0.10399061  0.02862466 -0.15642867]]
U = [[ 0.16503034 -0.04775739 -0.05484919  0.11651901 -0.10393074]
 [-0.05858577 -0.26452255 -0.19666088  0.21679286 -0.10765809]
 [ 0.14837758  0.17045937 -0.17999114 -0.03753294 -0.02617163]
 [-0.05047351  0.17073995  0.24111862 -0.13398193  0.02098156]
 [-0.01217125  0.09965131  0.10823513 -0.07879892 -0.17324061]]
Matrix Pair 2; W = [[ 0.014057   -0.01739244  0.08561769  0.02397189  0.06772096]
 [-0.16422247  0.09874828 -0.12262108  0.10862538  0.18694575]
 [-0.02374355  0.25033044  0.09265536 -0.03969708  0.13796616]
 [ 0.12453848 -0.22011332 -0.20069488  0.13692747 -0.06655605]
 [ 0.0320559  -0.00742355 -0.00579747 -0.09876272  0.12322713]]
V = [[ 0.16252048 -0.00827092 -0.11866645  0.12673802  0.0209921 ]
 [ 0.10644741 -0.11997392  0.24934049 -0.0416575   0.0916956 ]
 [ 0.13759113  0.22484211 -0.14261664 -0.19218339 -0.09001768]
 [-0.32450387 -0.20141428 -0.04476587  0.07583584 -0.15972634]
 [-0.22465615 -0.1508433  -0.04098342 -0.00786714 -0.11934144]]
U = [[ 0.13334759 -0.08455028 -0.01504296  0.10139766 -0.08555156]
 [-0.12009358 -0.19876658 -0.12032354  0.21536588 -0.14904471]
 [ 0.0867112   0.19227968 -0.16693908 -0.04838519  0.03028594]
 [-0.01277714  0.19696887  0.21996623 -0.04710564  0.03328919]
 [-0.05699376  0.14935357  0.1322287  -0.11819645 -0.23753219]]
Matrix Pair 3; W = [[ 0.06162959  0.00763938  0.14255257  0.00132448  0.00620497]
 [-0.16150304  0.11952714 -0.11196893  0.19825973  0.13831584]
 [-0.0238975   0.24695724  0.09452338 -0.0662031   0.11761675]
 [ 0.16872386 -0.20374364 -0.22682828  0.11862895 -0.05244583]
 [-0.03063408  0.01330884 -0.00676268 -0.04963821  0.12971952]]
V = [[ 0.12778787 -0.00068504 -0.19106786  0.09416722  0.02136674]
 [ 0.06115114 -0.07113762  0.20248136 -0.06893839  0.07643531]
 [ 0.09975788  0.18239316 -0.14780515 -0.22228766 -0.06229209]
 [-0.28579178 -0.12603608  0.02018252  0.15674652 -0.08761673]
 [-0.23905055 -0.10527714 -0.06228274  0.06302557 -0.13430014]]
U = [[ 0.16649323 -0.06309632 -0.00077306  0.08804598 -0.0481957 ]
 [-0.10746878 -0.23499088 -0.13875474  0.25456583 -0.16553505]
 [ 0.10698179  0.1296693  -0.09160864 -0.10093471  0.02103166]
 [ 0.03445291  0.17706108  0.17615064 -0.09065219  0.04498986]
 [-0.04399695  0.11684569  0.12394048 -0.11760372 -0.18517639]]
Matrix Pair 4; W = [[ 0.10352118  0.02087993  0.00431897 -0.07273992  0.11590794]
 [-0.16986894  0.14783207 -0.18518279  0.19509889  0.11585736]
 [-0.05166786  0.24072063  0.2119162   0.04963304  0.23887312]
 [ 0.03254019 -0.1904821  -0.11120593 -0.03429778 -0.03338377]
 [-0.01788558  0.0476709   0.02768396 -0.03669862 -0.05409814]]
V = [[ 0.23212193  0.01227753 -0.21226917  0.05939004 -0.06385813]
 [ 0.14016026 -0.06153189  0.2493668  -0.08151594  0.07265312]
 [ 0.16269569  0.04645525 -0.19383556 -0.17787769 -0.11704198]
 [-0.24203993 -0.16565285 -0.06243115 -0.01543671 -0.06472897]
 [-0.16634654 -0.12001154 -0.07800458  0.12445849  0.021526  ]]
U = [[ 0.15461957 -0.10901445 -0.01141321  0.01688792 -0.06941623]
 [-0.15794205 -0.10939024 -0.16969545  0.1205736  -0.08054365]
 [ 0.05567057  0.16326055 -0.21818438 -0.06738697  0.06962681]
 [ 0.04576371  0.20290305  0.15115626 -0.06901989  0.05492132]
 [-0.08096989  0.06495233  0.07151513 -0.07337613 -0.13975841]]
Matrix Pair 5; W = [[ 0.09467961 -0.01297177  0.06084767 -0.13024042  0.10324397]
 [-0.18979303  0.08413377 -0.19566992  0.21603228  0.15607792]
 [-0.0271864   0.23035546  0.24536077  0.00145102  0.26104387]
 [ 0.06313778 -0.21840629 -0.04970108 -0.05523127 -0.09920787]
 [-0.02073028  0.08263063 -0.0299458  -0.10490115 -0.03047097]]
V = [[ 0.17240723  0.08781751 -0.22300774  0.10331565 -0.07016148]
 [ 0.13217497 -0.03566531  0.18318452 -0.05443672  0.03372854]
 [ 0.19316304  0.04249681 -0.11939824 -0.12421794 -0.04870362]
 [-0.22962652 -0.15241585  0.01875875 -0.00511501 -0.05150141]
 [-0.18937638 -0.07668769 -0.03882826  0.14376322 -0.05619342]]
U = [[ 9.73911931e-02 -5.27492959e-02 -2.69339267e-02  7.86273664e-02
  -1.41960366e-01]
 [-1.00240472e-01 -9.55375274e-02 -1.52206613e-01  1.68958974e-01
  -1.27718159e-01]
 [ 8.98601968e-02  1.63971123e-01 -2.04134975e-01 -8.18381599e-02
  -1.59805586e-02]
 [ 4.24998862e-02  2.72952761e-01  1.67193839e-01 -5.75149685e-02
   1.02703044e-04]
 [-4.32420621e-02  4.12208354e-02  1.23384112e-01 -8.72976955e-02
  -1.29599214e-01]]
Matrix Pair 6; W = [[ 0.08886392 -0.03430031  0.00733513 -0.13165277  0.05240529]
 [-0.13640872  0.124818   -0.13217483  0.21425183  0.07335342]
 [-0.01802991  0.25311693  0.16436876 -0.04312155  0.29608372]
 [ 0.00898357 -0.12539952 -0.04745481 -0.00200471 -0.05683207]
 [-0.04205352  0.12037542  0.01479705 -0.03191349 -0.09139941]]
V = [[ 0.18395234  0.00742418 -0.16425426  0.11945004 -0.06828992]
 [ 0.14255106 -0.10597896  0.22490843 -0.02939762  0.0847681 ]
 [ 0.16726267  0.09812529 -0.19714723 -0.11352573 -0.07156077]
 [-0.19094273 -0.19735313 -0.03912741 -0.00606822  0.00252903]
 [-0.15075682 -0.10334485 -0.06842016  0.16617458 -0.06130873]]
U = [[ 0.07756639 -0.0712251  -0.01042053  0.0797587  -0.06386934]
 [-0.13307187 -0.13258962 -0.22627327  0.1301045  -0.11444411]
 [ 0.0790961   0.21070131 -0.20189564 -0.08542343 -0.01105629]
 [ 0.02888059  0.18567737  0.17729376 -0.00242422  0.0123753 ]
 [-0.06244493 -0.00162032  0.07810884 -0.03160413 -0.12420523]]
Matrix Pair 7; W = [[ 4.13546102e-02  3.64651915e-02  7.85186589e-02 -9.32086284e-02
   1.07396712e-01]
 [-1.79843784e-01  8.55837706e-02 -1.59128664e-01  2.37963070e-01
   7.89095666e-02]
 [-5.52907505e-02  2.19824602e-01  2.04971105e-01 -3.22717044e-02
   2.35342962e-01]
 [ 1.17919346e-02 -1.45577158e-01 -7.20974866e-02 -4.05847768e-02
  -2.63433432e-02]
 [-1.38984187e-04  3.20257734e-02  3.87375029e-03 -8.98163744e-02
  -9.76815419e-03]]
V = [[ 0.23077144  0.08191231 -0.22970833  0.12876829 -0.02574946]
 [ 0.08345499 -0.1241375   0.25816465 -0.09538887  0.03422221]
 [ 0.2171334   0.05073715 -0.1924799  -0.13615217 -0.12216474]
 [-0.2087779  -0.16452678  0.00654341  0.02661495 -0.04948758]
 [-0.20920307 -0.06677017 -0.03921708  0.16488433 -0.04898456]]
U = [[ 0.08318408 -0.11695758  0.0082873   0.0196837  -0.14588179]
 [-0.10473403 -0.06506297 -0.16236631  0.16562105 -0.1030718 ]
 [ 0.014922    0.2030581  -0.18358073 -0.02578508 -0.01465276]
 [ 0.05735192  0.27595416  0.19767544 -0.01824917  0.04699516]
 [-0.06591642  0.05668073  0.11683772 -0.02449091 -0.10328321]]
Matrix Pair 8; W = [[ 0.06938635  0.06299779  0.15438161 -0.05143854  0.09886466]
 [-0.11338441  0.17776294 -0.14378331  0.05830511  0.08536995]
 [-0.03331879  0.24130379  0.16555395  0.0131815   0.10874925]
 [ 0.02345779 -0.15392304 -0.11087648 -0.00954251 -0.04370336]
 [-0.06106789  0.11026932 -0.0212777  -0.02834737  0.01411839]]
V = [[ 0.22715573  0.10268515 -0.04826367  0.03872025 -0.03475878]
 [ 0.10443571 -0.13229373  0.30738083 -0.12378147  0.05581591]
 [ 0.13368419  0.13871584 -0.17662657 -0.10440525 -0.07377938]
 [-0.20215568 -0.17795933 -0.04051801  0.1174326  -0.0766649 ]
 [-0.12945739 -0.128881   -0.07067999  0.10494674 -0.05374786]]
U = [[ 0.09799834 -0.05693826 -0.03551413  0.02690937 -0.05728496]
 [-0.14264345  0.00597571 -0.25349477  0.2583023  -0.04423169]
 [ 0.05977371  0.23382225 -0.17238725 -0.08082628 -0.0157786 ]
 [ 0.08249694  0.26529887  0.11036133 -0.09150693  0.02497165]
 [-0.16747314 -0.01378932  0.07262435 -0.02522628 -0.0536445 ]]
Matrix Pair 9; W = [[ 0.08172522  0.0119532   0.11495128 -0.06542312  0.11307909]
 [-0.176253    0.16141499 -0.18932842  0.1035885   0.12583585]
 [-0.02624357  0.21643382  0.19827178  0.01282342  0.07463394]
 [ 0.0512536  -0.19611896 -0.10371463  0.02092204 -0.02874142]
 [-0.09325382  0.06777621 -0.05519371 -0.04740264  0.06205766]]
V = [[ 0.17408744  0.186162   -0.1037261   0.00629515  0.00208811]
 [ 0.10178645 -0.09786432  0.30598362 -0.12432532 -0.03269557]
 [ 0.08638211  0.17711981 -0.14979811 -0.10898815 -0.03679615]
 [-0.22577209 -0.18556562 -0.02360028  0.05280909 -0.09368568]
 [-0.09016998 -0.09822559 -0.00237555  0.10103338 -0.14491553]]
U = [[ 0.09968154 -0.04240635 -0.01064638  0.08447313 -0.0308964 ]
 [-0.16117743 -0.0566412  -0.18753032  0.20416557 -0.0326039 ]
 [ 0.05408904  0.2027543  -0.17914177 -0.13538405  0.01039187]
 [ 0.00353003  0.1693269   0.17333028 -0.09965052  0.0303407 ]
 [-0.11703636  0.01823975  0.09612921 -0.0204087  -0.11919744]]
Matrix Pair 10; W = [[ 0.0731254   0.06804964  0.1695366  -0.06253674  0.11246416]
 [-0.13442387  0.09864625 -0.14079899  0.09142733  0.13174207]
 [-0.07433674  0.26167335  0.19303123 -0.01214789  0.09189132]
 [ 0.00280955 -0.10133089 -0.04332551 -0.03848034  0.00205731]
 [-0.04520726  0.06705985 -0.04700477 -0.00212238  0.01148616]]
V = [[ 0.20555661  0.10157388 -0.01283067  0.06233228  0.00042455]
 [ 0.1177209  -0.12457941  0.22531024 -0.12992876  0.01638975]
 [ 0.11907659  0.1337751  -0.18346322 -0.09411204 -0.04249123]
 [-0.19470323 -0.20612819 -0.00228624  0.04068516 -0.11031483]
 [-0.14819929 -0.12490825  0.01102899  0.12886323 -0.13370555]]
U = [[ 0.16077523 -0.12210416 -0.09135115  0.0451802  -0.03617512]
 [-0.17848364  0.01951227 -0.25699289  0.21271712 -0.06138981]
 [ 0.01186416  0.21015334 -0.20907476 -0.12648067  0.02173737]
 [ 0.04945765  0.19129877  0.12959276 -0.10187039 -0.03539771]
 [-0.08019989 -0.01083843  0.10913221 -0.02980995 -0.11187778]]
Matrix Pair 11; W = [[ 0.06869419  0.0543575   0.14682853 -0.02923341  0.10642623]
 [-0.1777223   0.16207617 -0.17724549  0.07085823  0.15109788]
 [-0.04477274  0.20495161  0.20299236  0.01231644  0.13161472]
 [-0.00150687 -0.10168201 -0.09841742 -0.03029548 -0.05010742]
 [-0.11567639  0.12425831 -0.0679238  -0.01307788  0.04396244]]
V = [[ 0.16574705  0.14851333 -0.09765314  0.05824638 -0.05242433]
 [ 0.12953014 -0.1014183   0.3090818  -0.11991932 -0.0284795 ]
 [ 0.17578459  0.17317846 -0.11924869 -0.14522503 -0.08784202]
 [-0.20852872 -0.13188838  0.02359424  0.115658   -0.11491847]
 [-0.15782985 -0.06902675 -0.05528858  0.1236576  -0.13522444]]
U = [[ 0.16478087 -0.07574083 -0.04549342  0.0138336  -0.02468449]
 [-0.1501229  -0.00879996 -0.17263737  0.21929382 -0.06274744]
 [-0.02695243  0.20950895 -0.23788573 -0.12270442  0.04015679]
 [ 0.08018149  0.20934562  0.0861879  -0.14742297  0.02723058]
 [-0.11829855 -0.02960535  0.10054403  0.01843061 -0.06805551]]
Matrix Pair 12; W = [[ 0.08589518 -0.01102971  0.0140358  -0.05168581  0.12571947]
 [-0.20494245  0.08017544 -0.18647568  0.1717201   0.12021794]
 [-0.03443109  0.16519403  0.25596854  0.05686781  0.2658272 ]
 [ 0.0927842  -0.20864549 -0.01674306  0.02068223 -0.00326324]
 [-0.09406901  0.05785212  0.0146939  -0.09246245 -0.05336635]]
V = [[ 0.14448656  0.04994118 -0.18160238  0.10223938 -0.01567551]
 [ 0.12225241 -0.05433352  0.26011125  0.03041544  0.06128475]
 [ 0.18571011  0.12255116 -0.12941367 -0.06542941 -0.05852535]
 [-0.26226783 -0.11352095 -0.01550261  0.11271418 -0.04253771]
 [-0.15932956 -0.07875202  0.00174859  0.19422308 -0.09581589]]
U = [[ 0.09454045 -0.03349159  0.05453319  0.06489461 -0.03773544]
 [-0.20812907 -0.05642228 -0.18498352  0.16467871 -0.09880444]
 [ 0.09769024  0.14860339 -0.20817869 -0.11074971 -0.0389638 ]
 [ 0.0708169   0.08617552  0.21500232 -0.11174593  0.03139557]
 [-0.13033881  0.09221732  0.0797868   0.02633172 -0.04936796]]
Matrix Pair 13; W = [[ 0.08358065  0.04440416  0.05144275 -0.09788063  0.10312612]
 [-0.22300552  0.07333808 -0.21912785  0.2409794   0.06992285]
 [-0.02615745  0.13681716  0.20565076  0.07960748  0.2745048 ]
 [ 0.0756442  -0.18714438  0.00947945  0.07764388 -0.03988009]
 [-0.07151534  0.10699189 -0.02997494 -0.04444893 -0.02728476]]
V = [[ 0.22973934  0.04551914 -0.18621673  0.16553382  0.01184463]
 [ 0.13085973 -0.12137844  0.26744914 -0.03629744  0.08335192]
 [ 0.20479402  0.04419018 -0.13721217 -0.08226359 -0.09676072]
 [-0.22896551 -0.11915418 -0.0017688   0.1088364  -0.11244817]
 [-0.24668993 -0.08731358  0.01688468  0.21830418 -0.11349659]]
U = [[ 0.03692392 -0.01738344 -0.02585795  0.0744058  -0.05058958]
 [-0.14594078 -0.0837501  -0.1361836   0.1494115  -0.03870402]
 [ 0.09163538  0.16661963 -0.25332122 -0.059072   -0.04353832]
 [ 0.0199564   0.07955093  0.17735217 -0.17667255 -0.01781763]
 [-0.12356819  0.09199282  0.07574929  0.01151562 -0.13140785]]
Matrix Pair 14; W = [[ 0.09545498  0.01597635  0.02992393 -0.07883492  0.08493039]
 [-0.1318516   0.16478556 -0.20760351  0.20114868  0.10410148]
 [-0.07790177  0.17199169  0.19670893  0.03016056  0.19608557]
 [ 0.07349736 -0.1834999  -0.07322806  0.02025395 -0.00687698]
 [-0.14887581  0.05026365 -0.01294055 -0.07996665 -0.01549414]]
V = [[ 0.19517319  0.03019885 -0.09401152  0.10430182  0.05119241]
 [ 0.12969027 -0.11010316  0.26963055  0.00118217  0.05862706]
 [ 0.18957916  0.06019454 -0.1208874  -0.03074031 -0.08201535]
 [-0.19450444 -0.13258639  0.01241169  0.06910751 -0.06299405]
 [-0.17811934 -0.02933012 -0.01495137  0.19693544 -0.09412463]]
U = [[ 0.10998727 -0.04239864  0.03991     0.06871472 -0.07944399]
 [-0.15537567 -0.0972216  -0.20877925  0.17471241 -0.11158326]
 [ 0.12212772  0.1868261  -0.24513159 -0.05791384 -0.05068561]
 [ 0.05657201  0.11389311  0.15970113 -0.15894392  0.01454827]
 [-0.13981676  0.03886693  0.04960995  0.02163396 -0.1134957 ]]
Matrix Pair 15; W = [[ 0.07686842 -0.0002863   0.06901519 -0.03899565  0.13807689]
 [-0.196968    0.10971179 -0.2644718   0.21579693  0.04439319]
 [-0.07159924  0.20938878  0.25245856  0.01329332  0.2555664 ]
 [ 0.02010061 -0.19783139 -0.07889144  0.02295455 -0.03214619]
 [-0.05821778  0.07508138  0.03372468 -0.11589692 -0.00064257]]
V = [[ 0.14993847 -0.00671707 -0.1060028   0.10735672  0.05959255]
 [ 0.05895701 -0.10724686  0.30152672 -0.02350407  0.03035159]
 [ 0.20283831  0.07272051 -0.10394839 -0.01968578 -0.05647978]
 [-0.22099287 -0.09995613  0.03010001  0.10552338 -0.0916455 ]
 [-0.1945254  -0.07210438 -0.06814927  0.14740046 -0.13975033]]
U = [[ 0.01876379 -0.05088296 -0.00670412  0.08431157 -0.04184383]
 [-0.20894501 -0.07034849 -0.16760929  0.12420847 -0.11652505]
 [ 0.0706346   0.13629145 -0.2323035  -0.13029716  0.02260015]
 [ 0.06257341  0.07849884  0.16601512 -0.15294365 -0.01490132]
 [-0.13065499  0.08049701  0.08142559  0.01958465 -0.08977836]]
Matrix Pair 16; W = [[ 0.12786629  0.08651837  0.03105432 -0.05085234  0.02343292]
 [-0.17497487  0.09777004 -0.13045065  0.06352003  0.14304737]
 [-0.07450551  0.20438086  0.16472218  0.05170761  0.20731262]
 [ 0.01342576 -0.17229202 -0.2275904  -0.00241598 -0.00504952]
 [-0.10121969  0.03368892 -0.07661805 -0.00864035 -0.05258456]]
V = [[ 0.18915963  0.07365309 -0.03366868 -0.04334357 -0.0271676 ]
 [ 0.0984765  -0.09679342  0.29427106 -0.06424541  0.03367981]
 [ 0.03302829  0.04180721 -0.09269654 -0.01066078 -0.09609094]
 [-0.25718884 -0.12383971 -0.10832739 -0.02066937 -0.06783054]
 [-0.1805363  -0.0158682  -0.08691004  0.20132197  0.03328535]]
U = [[ 0.16962074 -0.17493875 -0.00808061  0.04137939 -0.12056467]
 [-0.16468095 -0.03082045 -0.28799993  0.20120272 -0.08317902]
 [-0.01385735  0.18841563 -0.21340754 -0.07967399  0.00823888]
 [ 0.06707983  0.2616447   0.14012396 -0.12466296  0.05463935]
 [-0.11609058 -0.01216716  0.09406873  0.00889787 -0.09421446]]
Matrix Pair 17; W = [[ 0.20004396  0.05851404  0.05305802 -0.04362285  0.04220296]
 [-0.17374586  0.11378292 -0.14473264  0.08007457  0.14450472]
 [-0.07742637  0.20217843  0.14385274  0.01314382  0.14867524]
 [ 0.04162965 -0.15725126 -0.23085521  0.03191231 -0.07473618]
 [-0.07782171  0.02060354 -0.08414531 -0.01829202 -0.00447545]]
V = [[ 0.12501192  0.05216503 -0.05351549 -0.0800306  -0.0301886 ]
 [ 0.11395428 -0.07984722  0.29036231 -0.02042585  0.02546867]
 [ 0.08544817  0.09666299 -0.07859946 -0.04354398 -0.10439358]
 [-0.2456524  -0.09760639 -0.09915461  0.03004033 -0.02680397]
 [-0.26346441 -0.04617972 -0.07211666  0.14169941  0.0559445 ]]
U = [[ 0.10013931 -0.14081131 -0.01840986  0.05635493 -0.1160535 ]
 [-0.09752608 -0.05308925 -0.20541719  0.23454652 -0.06948129]
 [-0.06094109  0.09532722 -0.1953858  -0.05645055  0.00346902]
 [ 0.06212741  0.25680592  0.13866316 -0.05704078  0.05993208]
 [-0.07102791  0.02915089  0.01039409  0.0354665  -0.05621041]]
Matrix Pair 18; W = [[ 0.1915534   0.09659904  0.11351153 -0.10301538  0.09785895]
 [-0.20549642  0.16948694 -0.17211525  0.0582692   0.1291753 ]
 [-0.10519377  0.17943906  0.12328056  0.04904743  0.23517938]
 [ 0.11016508 -0.127786   -0.16629484 -0.02301705 -0.00959463]
 [-0.0929935   0.06381607 -0.00931087  0.00326231 -0.03881764]]
V = [[ 0.15202732  0.02257895 -0.0582221  -0.04232624  0.04345987]
 [ 0.15883795 -0.0935176   0.28569928  0.011608    0.03539683]
 [ 0.04695257  0.10536647 -0.12211479 -0.01953692 -0.16070081]
 [-0.30062197 -0.12611113 -0.08090467 -0.02436601 -0.06632035]
 [-0.2292552  -0.08822828 -0.02543741  0.16130475  0.00233333]]
U = [[ 0.11752888 -0.09876095  0.00504778  0.01103786 -0.11694367]
 [-0.16254502 -0.03727027 -0.26775659  0.21518773 -0.04549442]
 [-0.00040186  0.15206574 -0.1982178  -0.11117264 -0.03278613]
 [ 0.05273024  0.27166636  0.19080697 -0.12708958  0.08944182]
 [-0.06654219  0.00453909  0.00608246  0.05664499 -0.11353348]]
Matrix Pair 19; W = [[ 0.11611315  0.0734111   0.06024293 -0.11623627  0.09705139]
 [-0.22209286  0.0980048  -0.16366239  0.04455825  0.10456372]
 [-0.09845624  0.17900541  0.21443164  0.10893561  0.15835518]
 [ 0.10665473 -0.17718012 -0.16749362 -0.01103501 -0.05845098]
 [-0.06500208  0.11767762 -0.01215521  0.0210815  -0.04548739]]
V = [[ 0.19034897 -0.0025504  -0.11389783 -0.01298822  0.01593563]
 [ 0.1297688  -0.16267234  0.27377138 -0.04482453  0.00738416]
 [ 0.09784594  0.07243537 -0.0628203  -0.07974262 -0.1421834 ]
 [-0.28548641 -0.09058123 -0.10147724  0.01414783 -0.09773514]
 [-0.20804239 -0.08436761 -0.00035041  0.15523399  0.00691383]]
U = [[ 0.1069017  -0.0818589   0.01012481  0.0846268  -0.13518726]
 [-0.12394438 -0.06567736 -0.24014568  0.17438189 -0.02189733]
 [-0.01727304  0.1794588  -0.15798635 -0.04522733 -0.02960544]
 [ 0.08303203  0.25495928  0.12981886 -0.12697064  0.05017728]
 [-0.07088828  0.03461822  0.02021244  0.00950434 -0.03711949]]
Matrix Pair 20; W = [[ 0.08455237  0.00977253  0.02627647 -0.05940049  0.13531758]
 [-0.27264316  0.10656496 -0.15798664  0.10837303  0.19259614]
 [-0.04291098  0.27409899  0.19082567 -0.03831776  0.22032758]
 [ 0.05583619 -0.1863834  -0.07396874  0.04587583  0.02448501]
 [-0.05144171  0.10142596  0.02001889  0.05777652 -0.02697539]]
V = [[ 0.22634726  0.02893538 -0.14198677  0.07500195 -0.04079221]
 [ 0.15197616 -0.10340104  0.20383653 -0.07212648  0.04536187]
 [ 0.11151775  0.10693514 -0.15765447 -0.07611025 -0.07218815]
 [-0.33103659 -0.07177908 -0.00303052  0.05815955 -0.12507276]
 [-0.23096835 -0.04735316 -0.06901846  0.19859539 -0.00767065]]
U = [[ 0.10330006 -0.13939367  0.01586909  0.01537009 -0.14896919]
 [-0.1307909  -0.06246905 -0.17773477  0.22955723 -0.11738799]
 [ 0.0203923   0.17028928 -0.16437241 -0.06219417 -0.03315513]
 [ 0.06549818  0.2517885   0.19931566 -0.09162628  0.02007134]
 [-0.03720762 -0.0024918   0.09460468 -0.09250784 -0.17165026]]
Matrix Pair 21; W = [[ 0.06518522 -0.03103546  0.09049451 -0.07093031  0.06457588]
 [-0.23804224  0.15653364 -0.22486992  0.16978197  0.19004364]
 [-0.03205308  0.2589062   0.10680492 -0.05636818  0.2137998 ]
 [ 0.09678575 -0.14940541 -0.11871172  0.05923785 -0.02239875]
 [ 0.0083623   0.05046124  0.01952043 -0.02513137 -0.06334592]]
V = [[ 0.23923501  0.08307381 -0.11413901 -0.00032342 -0.02943893]
 [ 0.13071238 -0.08164871  0.21222608 -0.08603306  0.01414313]
 [ 0.13642414  0.03657475 -0.10301449 -0.08273793 -0.06180205]
 [-0.26812458 -0.06257105 -0.05275812 -0.0023416  -0.17982859]
 [-0.18281147 -0.03981371 -0.07904366  0.17406189 -0.0632738 ]]
U = [[ 0.03662097 -0.16445809  0.02556544  0.02290185 -0.13668748]
 [-0.20156723 -0.05520196 -0.18527003  0.1978851  -0.06638172]
 [ 0.01795837  0.19925981 -0.20927721 -0.08122853 -0.0391597 ]
 [ 0.10842154  0.28454045  0.17792837 -0.13869537  0.09777408]
 [-0.08357829  0.0536796   0.09069267 -0.0844706  -0.16987946]]
Matrix Pair 22; W = [[ 0.15498705  0.01618024  0.09680698 -0.04457032  0.06070432]
 [-0.24585384  0.12625827 -0.15684034  0.12053885  0.1528616 ]
 [-0.01561267  0.22521307  0.15998817  0.0097051   0.20971317]
 [ 0.08829077 -0.19928849 -0.09201042  0.07570092  0.00966386]
 [-0.06269065  0.08795773 -0.06441172  0.01242045 -0.0365035 ]]
V = [[ 0.14998912  0.09954164 -0.15369799  0.00651614  0.00404987]
 [ 0.10500424 -0.04330516  0.27520467 -0.06603172  0.01671764]
 [ 0.15028865  0.02839042 -0.16580804 -0.07165998 -0.10330753]
 [-0.28226317 -0.11744266 -0.00620469  0.05869597 -0.15600813]
 [-0.20557938 -0.11261482 -0.12791037  0.19492232 -0.07561058]]
U = [[ 0.10912661 -0.10611114  0.04801652  0.09677972 -0.05832178]
 [-0.17206376 -0.04494727 -0.10486682  0.21112256 -0.14725954]
 [ 0.09577195  0.21932276 -0.16963663 -0.09884163  0.01409256]
 [ 0.06381409  0.21467884  0.21845446 -0.12676928  0.07553483]
 [-0.02144288  0.01032992  0.12367864 -0.04953859 -0.10184014]]
Matrix Pair 23; W = [[ 0.09248514 -0.01238626  0.05106174 -0.05373576  0.08652461]
 [-0.22395914  0.13292657 -0.19784179  0.18814554  0.15658485]
 [-0.04626501  0.22151352  0.15624178 -0.04114567  0.16387625]
 [ 0.05112624 -0.1892243  -0.08186202  0.08209912  0.00794708]
 [-0.00843546  0.0853531  -0.0172776  -0.01994128  0.00778902]]
V = [[ 0.22708561  0.09642313 -0.12399486  0.03769631 -0.02672706]
 [ 0.11250698 -0.05184457  0.20865635 -0.03986127  0.05241022]
 [ 0.13204586  0.0609377  -0.14909249 -0.06692311 -0.07487977]
 [-0.24942475 -0.08084349 -0.03883357  0.02184821 -0.1692858 ]
 [-0.18902633 -0.04882126 -0.11785679  0.18962067 -0.02406346]]
U = [[ 0.12668678 -0.08709355  0.05915172  0.09613321 -0.10095872]
 [-0.12988782 -0.10047608 -0.13191888  0.20199659 -0.07995255]
 [ 0.01099728  0.17459194 -0.23984655 -0.06857107  0.00130965]
 [ 0.10202337  0.19475377  0.21311111 -0.13319001  0.04783427]
 [-0.02938875 -0.00457071  0.08966778 -0.08208383 -0.19084783]]
Matrix Pair 24; W = [[ 0.12909636 -0.02363065  0.03286418 -0.15440344  0.05374295]
 [-0.157907    0.07815489 -0.2516085   0.19190784  0.04685508]
 [-0.00884638  0.24108835  0.2069643   0.06780854  0.23826626]
 [ 0.0499843  -0.23265537 -0.05690382 -0.00190348 -0.0239133 ]
 [ 0.00655612  0.09659149 -0.00054843 -0.04812733 -0.02320615]]
V = [[ 0.2017123  -0.0371758  -0.20753017  0.05238525 -0.03300469]
 [ 0.09155791 -0.0553948   0.2045368  -0.06611123  0.01190719]
 [ 0.14288218  0.07311552 -0.12010882 -0.09857039 -0.00160314]
 [-0.29644613 -0.11358195  0.02328179  0.1141463  -0.05328955]
 [-0.17148409 -0.06056966  0.03287359  0.12955863 -0.09729947]]
U = [[ 0.13972755 -0.07240458  0.01295563  0.02855071 -0.07122321]
 [-0.18204553 -0.04937822 -0.22236486  0.21512128 -0.06295932]
 [ 0.09900139  0.09247943 -0.09259364 -0.0616486  -0.07356753]
 [ 0.03794628  0.11623211  0.22516111 -0.08293509  0.03385891]
 [-0.07206989  0.06326755  0.100115   -0.04217243 -0.05836116]]
Matrix Pair 25; W = [[ 0.11609386 -0.0015422   0.08864017 -0.11689358  0.11539324]
 [-0.19948816  0.08690187 -0.2066196   0.20774297  0.10066391]
 [-0.09466815  0.18718523  0.20148162  0.04083481  0.2262093 ]
 [ 0.06600003 -0.19424518 -0.00694755 -0.01654595 -0.05469321]
 [-0.0482567   0.0418801  -0.02576554 -0.05888285 -0.05710732]]
V = [[ 0.18562564  0.01074673 -0.17252521  0.03446304 -0.01599262]
 [ 0.15621357 -0.09109105  0.1835708  -0.0475644   0.07833274]
 [ 0.16488166  0.0403503  -0.14770302 -0.12357417 -0.00502844]
 [-0.32567083 -0.15679492 -0.03933873  0.08119061 -0.11707194]
 [-0.18172189 -0.06660556  0.05661071  0.18888672 -0.0625927 ]]
U = [[ 0.06577037 -0.06976201  0.03047029 -0.00869899 -0.01348067]
 [-0.18131187 -0.03909913 -0.19145529  0.16620323 -0.10521094]
 [ 0.14197732  0.08252344 -0.12858545 -0.02799476 -0.06843815]
 [ 0.09484715  0.14733333  0.24766451 -0.15304313  0.00265575]
 [-0.07854124  0.06686313  0.07863074 -0.00151947 -0.09115622]]
Matrix Pair 26; W = [[ 0.15602648  0.05055722  0.04412855 -0.10952197  0.06793027]
 [-0.20122646  0.09442542 -0.24625104  0.18861553  0.10198511]
 [-0.02068628  0.24216481  0.23018899 -0.00815502  0.24391002]
 [ 0.03495232 -0.16475137 -0.08008891  0.05365421 -0.06305278]
 [-0.07987116  0.02647578 -0.03400538 -0.0329822  -0.0577641 ]]
V = [[ 0.13940252 -0.0692179  -0.12787957  0.0871519  -0.02385883]
 [ 0.09900337 -0.08018828  0.18259681 -0.0605108   0.08984789]
 [ 0.15530097  0.09605181 -0.09557377 -0.10715929 -0.05383801]
 [-0.29329817 -0.18806553  0.03913662  0.1127286  -0.13782616]
 [-0.17928583 -0.0992088   0.05868207  0.2113258  -0.10364258]]
U = [[ 0.06418926 -0.09206329  0.03230225  0.05839332 -0.03751415]
 [-0.22735494 -0.07551874 -0.21145394  0.19004349 -0.09613683]
 [ 0.14852865  0.16299997 -0.11426862 -0.03229865 -0.01937865]
 [ 0.02365176  0.10527688  0.25461296 -0.1208889  -0.00421866]
 [-0.06321779  0.01191889  0.05031677 -0.05988013 -0.02206975]]
Matrix Pair 27; W = [[ 0.14020371 -0.03598361  0.08097346 -0.11085999  0.11861361]
 [-0.18677082  0.10582441 -0.20628843  0.18586552  0.05377539]
 [-0.03471217  0.23994834  0.15637758  0.0565045   0.22315053]
 [ 0.06331348 -0.15857653 -0.02839723 -0.02719874 -0.00199115]
 [-0.05035782  0.03188197 -0.05311534 -0.05029254 -0.05949525]]
V = [[ 0.15110703 -0.04139803 -0.1861236   0.03521655  0.02876239]
 [ 0.15218049 -0.10322634  0.17630277 -0.03319756  0.06967046]
 [ 0.22024408  0.04664393 -0.08805499 -0.03920093 -0.05657762]
 [-0.28318896 -0.134376   -0.04129584  0.10753453 -0.12126693]
 [-0.16085053 -0.07381818  0.03874666  0.15423268 -0.08438573]]
U = [[ 0.05809966 -0.0627618  -0.02288331  0.07088697 -0.01127503]
 [-0.13250189 -0.10328062 -0.15734752  0.15736804 -0.14519258]
 [ 0.10876209  0.15903647 -0.06053681 -0.00308646  0.00484232]
 [ 0.01761601  0.07515328  0.21604253 -0.1260499   0.05174698]
 [-0.06115031  0.05792959  0.11368753 -0.02503317 -0.09237246]]
Matrix Pair 28; W = [[ 0.12980828  0.03161157  0.07820816 -0.08713728  0.05948004]
 [-0.21130141  0.17937581 -0.14727917  0.1359733   0.18815261]
 [-0.05815062  0.22164708  0.07232085  0.02750916  0.1686877 ]
 [ 0.02979375 -0.21416518 -0.13502396  0.07841572 -0.04562105]
 [-0.00873433 -0.01671341 -0.00168457  0.04257918  0.05139025]]
V = [[ 0.13574398 -0.01234809 -0.03633125  0.00679115 -0.01450132]
 [ 0.08018153 -0.1618703   0.38646411  0.0219467   0.00211166]
 [ 0.09545757  0.16217232 -0.1897475  -0.13065499 -0.09548282]
 [-0.29729258 -0.15929943 -0.05167205  0.1244421  -0.13703412]
 [-0.23937033 -0.13658454 -0.07364007  0.16796723 -0.0942    ]]
U = [[ 0.14726879 -0.06992578 -0.07282918  0.11620058 -0.05314528]
 [-0.14103668 -0.12716485 -0.22988139  0.19422347 -0.06802881]
 [ 0.01711796  0.17293643 -0.11479183 -0.00116889  0.03929026]
 [ 0.04058216  0.1835041   0.23667171 -0.18258825 -0.04986888]
 [-0.09989253  0.06298957  0.12520709 -0.02320965 -0.19654318]]
Matrix Pair 29; W = [[ 0.1125689   0.09005279  0.08458069 -0.07726454  0.07232123]
 [-0.15561029  0.20054106 -0.18225147  0.07192411  0.14249439]
 [-0.03201479  0.22685459  0.13455731  0.00907994  0.13872632]
 [ 0.05868215 -0.17902277 -0.14467635  0.03959836 -0.02332858]
 [-0.06283161 -0.01781588  0.02362142 -0.03471256  0.02911763]]
V = [[ 0.15737589  0.018563   -0.06867336  0.00834435 -0.04633708]
 [ 0.0674488  -0.1162778   0.3568502  -0.00909525 -0.01401774]
 [ 0.06863705  0.15244899 -0.16655047 -0.15758051 -0.08905899]
 [-0.28298861 -0.18493332 -0.07802468  0.0499994  -0.09374787]
 [-0.24231774 -0.11993952 -0.05493446  0.11945704 -0.03666656]]
U = [[ 0.16928646 -0.07582013 -0.00563704  0.04326212 -0.04023885]
 [-0.11818922 -0.07710244 -0.17596264  0.12439889 -0.11247755]
 [ 0.07147333  0.2274651  -0.18495632 -0.02042657 -0.00445406]
 [ 0.00301977  0.17766831  0.1833446  -0.09802576 -0.03349242]
 [-0.08009153  0.06429349  0.11253625 -0.07452214 -0.1873008 ]]
Matrix Pair 30; W = [[ 0.05413437  0.09167642  0.11726536 -0.03454343  0.07444673]
 [-0.18783937  0.18295922 -0.20465656  0.15370459  0.10531346]
 [-0.05262769  0.18860603  0.12205637  0.05000109  0.12433565]
 [ 0.10062715 -0.21296468 -0.19089613  0.08154957 -0.04179664]
 [-0.0111052  -0.00548681 -0.0259394  -0.0500395   0.05272694]]
V = [[ 0.19914715  0.02296199 -0.10785627  0.09237177 -0.07392815]
 [ 0.06198718 -0.13823548  0.30221077  0.01751703 -0.00712541]
 [ 0.07053069  0.18992664 -0.12753843 -0.15448048 -0.10669827]
 [-0.31893296 -0.18669481 -0.03505821  0.09706153 -0.10709645]
 [-0.24524721 -0.17497702  0.01124163  0.18068069 -0.04700627]]
U = [[ 0.16917366 -0.06310172 -0.04201056  0.05360148 -0.00317038]
 [-0.14309575 -0.0436257  -0.20343941  0.15377436 -0.09391272]
 [ 0.05879433  0.24653834 -0.17366195 -0.03108773  0.03238633]
 [ 0.04815309  0.21873875  0.18474439 -0.18217203  0.00259501]
 [-0.0822778   0.12209646  0.06961823 -0.03830881 -0.17282998]]
Matrix Pair 31; W = [[ 0.0696088   0.08827578  0.08809057 -0.0983892   0.03284646]
 [-0.13032153  0.15804463 -0.13093477  0.14749291  0.1682943 ]
 [ 0.00445231  0.23358552  0.16583277  0.0173511   0.13775284]
 [ 0.08700411 -0.19079527 -0.11917899  0.1113853  -0.03876373]
 [-0.02380924  0.0156477  -0.01987065  0.01011608  0.06568503]]
V = [[ 0.12023802 -0.00142915 -0.03038469  0.02338265 -0.02893527]
 [ 0.09202786 -0.15994665  0.37810505  0.02066965 -0.03464185]
 [ 0.08504581  0.17622619 -0.13357957 -0.1852008  -0.1047349 ]
 [-0.2781914  -0.14319775 -0.07794438  0.07646482 -0.06005411]
 [-0.27111812 -0.11547642 -0.03084914  0.14059035 -0.07660157]]
U = [[ 0.08809937 -0.04557846 -0.02566847  0.08854649 -0.09159995]
 [-0.10994118 -0.1162257  -0.19825098  0.18904899 -0.09659109]
 [ 0.06203848  0.23949613 -0.16503101 -0.07010889  0.01117838]
 [ 0.05683634  0.16276765  0.25010331 -0.13252046 -0.04494577]
 [-0.11338936  0.12578428  0.1204322  -0.0349673  -0.2193634 ]]
Matrix Pair 32; W = [[ 0.04078475  0.08612691  0.10694876 -0.14922139 -0.01554668]
 [-0.14752706  0.06645659 -0.13031282  0.13221581  0.11873459]
 [-0.09105397  0.25108072  0.13564519  0.06549341  0.24448378]
 [ 0.06787382 -0.20260367 -0.07316805  0.10380793 -0.15038943]
 [ 0.03633413  0.09654286  0.01668973 -0.08331492  0.08889297]]
V = [[ 0.22904225 -0.01812573 -0.14107547  0.05543656  0.02360226]
 [ 0.08948507 -0.0781321   0.21895742 -0.04107318  0.0855043 ]
 [ 0.13292129  0.09344002 -0.1320419  -0.07440697 -0.05057783]
 [-0.3004258  -0.16252145  0.02142157  0.08919189 -0.09547385]
 [-0.2247984  -0.01520794  0.03701949  0.13057738 -0.16157021]]
U = [[ 0.15396979 -0.055501   -0.0755916   0.09293922 -0.06230057]
 [-0.18906403 -0.11490941 -0.1701899   0.24846686 -0.11236578]
 [ 0.13083614  0.09944548 -0.15484756 -0.00521513  0.03440162]
 [ 0.02364787  0.15958381  0.12902021 -0.11031013  0.05190669]
 [-0.1689479   0.06344423  0.08447164 -0.02866075 -0.13530129]]
Matrix Pair 33; W = [[ 0.11966206 -0.0101021   0.10066777 -0.10049761 -0.03994108]
 [-0.22364852  0.02325341 -0.14297877  0.12328317  0.15756005]
 [-0.12048087  0.2652112   0.19575674 -0.01369906  0.2598931 ]
 [ 0.08371115 -0.22378288 -0.06148518  0.08762117 -0.07488596]
 [ 0.00505144  0.04550262  0.01403175 -0.00604516  0.07833469]]
V = [[ 0.1787295  -0.00505777 -0.09186029  0.00471999  0.05079408]
 [ 0.09932198 -0.13593209  0.24606332  0.00410546  0.0728447 ]
 [ 0.13068086  0.10742373 -0.17947185 -0.07892126 -0.05914757]
 [-0.29982878 -0.14780914  0.03146831  0.16851614 -0.13006446]
 [-0.20300968 -0.03258014 -0.04269144  0.13097926 -0.12705985]]
U = [[ 0.17621385 -0.03315677 -0.04869171  0.08889225 -0.10598138]
 [-0.16248475 -0.12661675 -0.18755812  0.26394065 -0.07586746]
 [ 0.04890456  0.14235175 -0.09727479 -0.0192416   0.02984822]
 [-0.00446532  0.16533339  0.16063559 -0.09800122 -0.00941126]
 [-0.20135351  0.05782848  0.10662717 -0.02894009 -0.11558845]]
Matrix Pair 34; W = [[ 0.07737     0.01402306  0.10285681 -0.08003011  0.01844725]
 [-0.15602796  0.03942551 -0.17170501  0.09530521  0.08971371]
 [-0.09065466  0.19552571  0.19550954  0.0665835   0.25979388]
 [ 0.09737426 -0.23330903 -0.08236306  0.09420922 -0.15024688]
 [-0.01361197  0.09457718 -0.0214957  -0.02371984  0.1095778 ]]
V = [[ 0.25448802 -0.00617017 -0.09868893  0.00652363  0.04977994]
 [ 0.13543574 -0.12889372  0.29660665 -0.03703573  0.06563869]
 [ 0.20680238  0.15991219 -0.19411491 -0.11673555 -0.1110091 ]
 [-0.25420921 -0.19141303  0.06201413  0.0992398  -0.09483419]
 [-0.19490467 -0.08276041 -0.03755246  0.09180565 -0.18188295]]
U = [[ 0.17447717 -0.09141828 -0.08056763  0.13646819 -0.04760285]
 [-0.13316401 -0.10244992 -0.13612641  0.22652607 -0.13662933]
 [ 0.08817865  0.16086501 -0.17513203 -0.031472   -0.0437841 ]
 [-0.01137539  0.18376346  0.10565864 -0.07597668  0.00315357]
 [-0.19291132  0.05141792  0.05880808 -0.00601672 -0.17365322]]
Matrix Pair 35; W = [[ 0.046262    0.00909828  0.04183953 -0.14806613  0.04982851]
 [-0.1432359   0.08763817 -0.2191308   0.09070708  0.10308442]
 [-0.08301001  0.25172452  0.20355131  0.05648805  0.22545159]
 [ 0.0127981  -0.22223477 -0.09675607  0.05317045 -0.06715854]
 [ 0.00366637  0.02793944  0.01643929 -0.01000504  0.10185522]]
V = [[ 0.19097447  0.0087868  -0.07744636  0.0231035   0.05305646]
 [ 0.14510873 -0.13795571  0.29162527 -0.05784762  0.01300139]
 [ 0.14117162  0.07928823 -0.10888938 -0.16029678 -0.05758976]
 [-0.25059579 -0.16940349 -0.01123523  0.13345282 -0.13674982]
 [-0.19372929 -0.0125747  -0.05246434  0.04971015 -0.14475149]]
U = [[ 0.21734822 -0.05478955 -0.03728618  0.11823014 -0.08780372]
 [-0.20170008 -0.14603003 -0.20673856  0.20448664 -0.06909895]
 [ 0.12520631  0.11126562 -0.1593719  -0.00348472 -0.05946865]
 [-0.02614915  0.11979871  0.18871342 -0.14322624  0.01063091]
 [-0.17741596  0.00301598  0.05582194 -0.05324004 -0.11300065]]
Matrix Pair 36; W = [[ 0.07490007  0.05783719  0.07129903 -0.0121831   0.09121506]
 [-0.22237597  0.2039877  -0.23886096  0.19834301  0.06343067]
 [-0.12052949  0.1989355   0.18395773  0.02194239  0.10994449]
 [ 0.13787341 -0.13189686 -0.17241378 -0.0571405   0.02349537]
 [-0.07668954  0.14497248  0.00623327  0.04738208  0.02972705]]
V = [[ 0.27161183  0.0818054  -0.09841547  0.01750582  0.05765321]
 [ 0.01043949  0.00763689  0.38016094 -0.14550118  0.04717295]
 [ 0.04924941  0.09072423 -0.12474881 -0.01726193 -0.18720096]
 [-0.19661946  0.00412495 -0.0508027   0.00551689 -0.08949738]
 [-0.19681796 -0.11301373 -0.05760414  0.27623123 -0.14852616]]
U = [[ 0.02729211 -0.06507545 -0.05219201  0.01665775  0.03032374]
 [-0.1324494  -0.12220546 -0.27462264  0.12242605 -0.05476546]
 [ 0.07607508  0.1453273  -0.26177228 -0.10696196 -0.05046922]
 [ 0.01317017  0.16946128  0.21489375 -0.09681909  0.02835392]
 [-0.08785177  0.02204143  0.19969816  0.00382746 -0.06261211]]
Matrix Pair 37; W = [[ 0.01972688  0.03425412  0.09024218 -0.01940522  0.15906425]
 [-0.18248761  0.17289885 -0.17940158  0.22874999  0.06227302]
 [-0.10356556  0.2405439   0.14267044 -0.04715836  0.15714706]
 [ 0.06551682 -0.1232557  -0.10369949 -0.01138653 -0.0108796 ]
 [-0.09303434  0.11789992 -0.01011934 -0.02868254  0.01748865]]
V = [[ 0.22766194  0.04578463 -0.15543581  0.03465606  0.06706099]
 [ 0.05619079 -0.04254385  0.33721453 -0.06964108 -0.02103908]
 [ 0.03485303  0.05010565 -0.20541215 -0.08436918 -0.19919209]
 [-0.23603462 -0.03068887 -0.00863379 -0.0045259  -0.04223704]
 [-0.19784911 -0.0348943  -0.10481556  0.198733   -0.11344411]]
U = [[ 0.05565202 -0.048864   -0.09778652  0.02229103 -0.06607207]
 [-0.19624604 -0.02808162 -0.20394893  0.04162705 -0.11315254]
 [ 0.01898431  0.15458081 -0.31521718 -0.10484149 -0.02428293]
 [-0.02333701  0.17795195  0.22478506 -0.12319853  0.07667925]
 [-0.08252499  0.00828745  0.22671228 -0.00912127 -0.10603068]]
Matrix Pair 38; W = [[ 0.03763119  0.06098765  0.11061236  0.05049119  0.14657175]
 [-0.14578053  0.21376114 -0.16285972  0.24755583  0.12512746]
 [-0.07529781  0.1597695   0.23345284  0.02753893  0.123212  ]
 [ 0.11571003 -0.140392   -0.10351947 -0.03142111  0.015528  ]
 [-0.07089627  0.16121    -0.04274659 -0.01251805  0.03777048]]
V = [[ 0.22417665  0.04409296 -0.15327821  0.01841746  0.09316562]
 [ 0.01014794 -0.03787599  0.31690692 -0.12411763 -0.02854593]
 [ 0.07474042  0.09401311 -0.21327941 -0.02993298 -0.17832273]
 [-0.16774494 -0.03425735 -0.01642029 -0.00120008 -0.06602935]
 [-0.1922723  -0.03299127 -0.07877741  0.19442466 -0.09136499]]
U = [[ 0.04716495 -0.04104794 -0.08057647  0.05496302 -0.00641727]
 [-0.20724054 -0.10937    -0.27230877  0.09139609 -0.11613936]
 [ 0.00788596  0.1291987  -0.28472404 -0.06775821 -0.02670659]
 [ 0.06414098  0.1595142   0.20884478 -0.1365093   0.02025798]
 [-0.08813874  0.01035206  0.21163063 -0.00257261 -0.09022318]]
Matrix Pair 39; W = [[ 0.06688974  0.02436909  0.09692393  0.02128235  0.08429518]
 [-0.17279406  0.13489959 -0.15042324  0.18744805  0.08502292]
 [-0.06733308  0.1932996   0.19970299 -0.03436787  0.12989933]
 [ 0.08811224 -0.11948133 -0.17754494 -0.03903134 -0.00579188]
 [-0.09064302  0.14278676 -0.00077623  0.0264996  -0.02466139]]
V = [[ 0.22962857  0.05598273 -0.10254043  0.00071016  0.06166242]
 [ 0.0162143  -0.02280171  0.30093854 -0.09034827 -0.00552527]
 [ 0.04092194  0.06598577 -0.20673766 -0.05883063 -0.16618299]
 [-0.22040165 -0.03476498 -0.00782583 -0.02066583 -0.00651265]
 [-0.13418865 -0.04297288 -0.09361132  0.22644161 -0.12627645]]
U = [[ 0.03805735 -0.04715118 -0.06378268  0.03723475 -0.04774471]
 [-0.16983849 -0.07656978 -0.21012531  0.08240473 -0.06539181]
 [ 0.0242348   0.19145597 -0.26861161 -0.10951203 -0.08303348]
 [ 0.01182789  0.15729254  0.1601877  -0.11647129  0.02938655]
 [-0.12588481  0.00894742  0.22472781 -0.02709222 -0.09060269]]
Matrix Pair 40; W = [[ 0.10558686  0.04878546 -0.0201081  -0.1136707   0.04775446]
 [-0.22464944  0.06711167 -0.25895321  0.23841663  0.10239346]
 [-0.01524903  0.25062629  0.22409032  0.02624077  0.19945247]
 [ 0.04777308 -0.18484064  0.00261071 -0.0050534  -0.00058284]
 [-0.01573158 -0.01310498 -0.07043912 -0.03478804  0.08788038]]
V = [[ 0.20217694 -0.00341031 -0.16570559  0.07744174 -0.0555007 ]
 [ 0.08523542 -0.11263271  0.22744099  0.02900993  0.0532875 ]
 [ 0.1338341   0.1195359  -0.2473278  -0.10470233 -0.11841705]
 [-0.2456177  -0.09040855  0.10393505  0.06830763  0.04589977]
 [-0.12846474 -0.09638214 -0.03559382  0.21995297 -0.0438497 ]]
U = [[ 0.18908871 -0.03815697  0.03979239  0.08403399 -0.05171084]
 [-0.15519411 -0.03396398 -0.25309817  0.16009736 -0.02633921]
 [ 0.04091731  0.16501759 -0.1885301   0.00345325 -0.06016534]
 [-0.00269627  0.15522589  0.2556464  -0.15322224  0.09103534]
 [-0.20760788  0.07063942  0.04730299  0.00088979 -0.0952962 ]]
Matrix Pair 41; W = [[ 0.11090596  0.06517507  0.07697341 -0.12644345  0.11226087]
 [-0.18730485  0.14364285 -0.19959607  0.22978188  0.1079996 ]
 [-0.08676715  0.21263764  0.15706738  0.0225374   0.21685102]
 [ 0.03268411 -0.22992145  0.00977568 -0.03858828 -0.03845892]
 [-0.03411673  0.00769685 -0.03206672 -0.06759331  0.10944458]]
V = [[ 0.21753341  0.07008506 -0.208451    0.11364857 -0.03443396]
 [ 0.12236113 -0.05137776  0.24683932  0.05716167  0.00428729]
 [ 0.13097126  0.1112171  -0.24743521 -0.15812452 -0.03927432]
 [-0.27682623 -0.16435743  0.05080397  0.07570595 -0.03190257]
 [-0.14748398 -0.07635304 -0.02653288  0.17583406 -0.04439672]]
U = [[ 0.12639496 -0.00502346 -0.05101163  0.00603942 -0.01073399]
 [-0.13971615 -0.08161571 -0.23191774  0.10178751 -0.09607162]
 [ 0.12683783  0.21800889 -0.24166022  0.01124311 -0.07395289]
 [ 0.0837808   0.09642651  0.21204539 -0.14651937  0.09162306]
 [-0.13403743  0.06466989  0.08081812 -0.02382038 -0.11049801]]
Matrix Pair 42; W = [[ 0.0697604   0.08551425  0.06256498 -0.08893768  0.12247432]
 [-0.17833859  0.12642435 -0.24201314  0.2028617   0.11473684]
 [-0.09387615  0.16634971  0.19811246  0.03790002  0.15063791]
 [ 0.01666888 -0.19706142  0.01304407  0.03432265  0.02400457]
 [-0.05471796  0.0177684  -0.08166949 -0.03021674  0.08653401]]
V = [[ 0.22393916  0.06791989 -0.14103448  0.06272755 -0.01077107]
 [ 0.04799907 -0.04215735  0.20283366 -0.00360274  0.0191914 ]
 [ 0.18160995  0.12221889 -0.2243583  -0.11717985 -0.10584901]
 [-0.28297921 -0.15090131  0.06920768  0.09245125  0.00829685]
 [-0.15614027 -0.07977649 -0.03517492  0.2002041  -0.11811856]]
U = [[ 0.16352937 -0.05181264  0.02255181  0.02732528 -0.06508995]
 [-0.21754588 -0.11766409 -0.2050831   0.09304024 -0.1059486 ]
 [ 0.05554331  0.21109934 -0.1815497  -0.0359481  -0.04782372]
 [ 0.01880043  0.10681063  0.27627659 -0.13778476  0.1053378 ]
 [-0.21741287  0.04606799  0.0703533  -0.08052255 -0.06791345]]
Matrix Pair 43; W = [[ 0.06030747  0.06869678  0.02498888 -0.06662419  0.06423631]
 [-0.19082365  0.14432886 -0.24864235  0.18586559  0.17704448]
 [-0.08355218  0.20686992  0.22753016  0.04732736  0.1879326 ]
 [ 0.04880489 -0.16142541 -0.01514475 -0.01000538 -0.05686413]
 [ 0.00442542 -0.0165777  -0.08815419 -0.04803934  0.06552439]]
V = [[ 0.25282709  0.00202592 -0.11805643  0.05270811  0.00627509]
 [ 0.0659279  -0.06924454  0.23307649  0.00702878  0.07244091]
 [ 0.14378243  0.12868591 -0.23464923 -0.16080226 -0.04752343]
 [-0.27125866 -0.17950344  0.05240962  0.06100137 -0.03771155]
 [-0.12626234 -0.10610097 -0.00648762  0.25165249 -0.10551033]]
U = [[ 0.18753338  0.02749836  0.02057753  0.08963365 -0.0794708 ]
 [-0.18573915 -0.11088859 -0.29426942  0.09419721 -0.06992021]
 [ 0.11345004  0.17374494 -0.22082019 -0.0336318  -0.04244538]
 [ 0.0106395   0.14362917  0.26531772 -0.15850678  0.01205746]
 [-0.15597975  0.08166869  0.03449263 -0.0143337  -0.05349306]]
Matrix Pair 44; W = [[ 0.15441354  0.12876845  0.10913878 -0.06640416  0.04495541]
 [-0.19766274  0.17435944 -0.172329    0.14554058  0.10655771]
 [-0.03121367  0.21340023  0.21749291  0.0219037   0.17725298]
 [ 0.00094723 -0.18778164 -0.12506693  0.10017921 -0.03853547]
 [-0.04674338  0.05076536 -0.0616207  -0.02210959 -0.01716469]]
V = [[ 0.19383527  0.08755835 -0.06714714 -0.01735557  0.0174744 ]
 [ 0.13870981 -0.07375037  0.23204805 -0.04424427  0.05909986]
 [ 0.16999071  0.07861238 -0.14496848 -0.12659548 -0.15525347]
 [-0.24384245 -0.13153557 -0.02546509  0.06979311 -0.072497  ]
 [-0.12156183 -0.12643342  0.01735086  0.13895606 -0.04309488]]
U = [[ 0.13076799 -0.05913269 -0.0498894   0.11537852 -0.08376203]
 [-0.20336831  0.07913238 -0.21702068  0.26734545 -0.08867338]
 [-0.05147622  0.17774881 -0.17844256 -0.06027868  0.02248472]
 [ 0.08669712  0.25420813  0.19481631 -0.13477376 -0.01959058]
 [-0.17148675  0.00393982  0.07687875  0.03528107 -0.05110398]]
Matrix Pair 45; W = [[ 0.11694195  0.12418971  0.09518425 -0.12474997  0.10896516]
 [-0.13933508  0.11867831 -0.14564546  0.16514106  0.09809294]
 [-0.04898209  0.17545784  0.23366849  0.03718124  0.17667101]
 [ 0.07842539 -0.13835673 -0.03724366  0.06487391 -0.00356571]
 [-0.04407299  0.04197515 -0.08033044 -0.00627352  0.00998965]]
V = [[ 0.21960794  0.03457119 -0.02733217  0.0138884   0.01629705]
 [ 0.14171468 -0.01647278  0.28873215 -0.04412969  0.03646508]
 [ 0.13234271  0.1269205  -0.1666949  -0.18415242 -0.11057669]
 [-0.23940064 -0.15644135 -0.00223413  0.0055374  -0.06497111]
 [-0.10966708 -0.09651831 -0.01318518  0.13515448 -0.03227616]]
U = [[ 0.16913682 -0.06851712 -0.01303238  0.13924417 -0.09296348]
 [-0.1481371   0.08013847 -0.19335926  0.26165596 -0.09554869]
 [-0.00303019  0.13395882 -0.1717976  -0.05707996  0.02526173]
 [ 0.10517767  0.2406656   0.15732025 -0.14321788  0.04774289]
 [-0.13842229  0.02516352  0.03372582  0.02196644 -0.11352623]]
Matrix Pair 46; W = [[ 0.10567397  0.03052916  0.09619336 -0.11987267  0.06361973]
 [-0.15845764  0.11720026 -0.14081974  0.1307391   0.12002948]
 [-0.03042069  0.2363902   0.22790019  0.03272408  0.11080845]
 [ 0.08085649 -0.09633113 -0.03141987  0.07621069 -0.03559202]
 [-0.04672208  0.05570602 -0.06669607 -0.02488141 -0.03658529]]
V = [[ 0.19953591  0.09521909 -0.02793285 -0.05246438  0.00649871]
 [ 0.1721158  -0.0490131   0.27494089 -0.05628717  0.05721993]
 [ 0.08827591  0.06500471 -0.10212937 -0.10382077 -0.10241317]
 [-0.31495426 -0.14663335 -0.02103592  0.08389415 -0.0723327 ]
 [-0.13123336 -0.07922043  0.04063893  0.15999317 -0.02632059]]
U = [[ 0.15128492 -0.14289112 -0.02209898  0.06545013 -0.04269985]
 [-0.14709886  0.05301665 -0.2073955   0.18028199 -0.04748417]
 [-0.01601615  0.14366449 -0.20649193 -0.0981467   0.07617024]
 [ 0.03287972  0.1946547   0.18352528 -0.18881239  0.01223559]
 [-0.16733287 -0.01865234  0.05444297 -0.00983853 -0.06975959]]
Matrix Pair 47; W = [[ 0.09908643  0.09822037  0.05681268 -0.10218777  0.12242838]
 [-0.17968651  0.12547892 -0.13711535  0.14203464  0.08656765]
 [-0.07557325  0.14223384  0.2642548   0.0749691   0.18830605]
 [ 0.00363777 -0.14517858 -0.1209094   0.11029032 -0.00923944]
 [-0.06448472  0.04259634 -0.10279984  0.00075905  0.01670563]]
V = [[ 0.20024668  0.02824669 -0.06982292  0.01788297  0.01525724]
 [ 0.11675899 -0.02018175  0.25317009 -0.07873751  0.06611733]
 [ 0.09818032  0.0385068  -0.12440822 -0.09910489 -0.12152927]
 [-0.30829083 -0.12817401  0.00820649  0.03737232 -0.06924055]
 [-0.20293143 -0.11212109  0.02597956  0.17474635 -0.02888115]]
U = [[ 0.13859992 -0.11655318  0.03668686  0.05918186 -0.08249246]
 [-0.18250341  0.00784205 -0.22973408  0.23116186 -0.10602704]
 [-0.06766094  0.15139138 -0.15529369 -0.12703187  0.00516169]
 [ 0.10175033  0.21815164  0.13645656 -0.16619334 -0.03594897]
 [-0.17026638 -0.0478205   0.06301038  0.02966803 -0.11386639]]
Matrix Pair 48; W = [[ 0.06638723  0.17676276  0.06202944 -0.04484511  0.08504573]
 [-0.15398488  0.15843892 -0.1975412   0.09033279  0.09247196]
 [-0.03523803  0.15544061  0.17709657  0.026776    0.17439062]
 [ 0.05309473 -0.09832537 -0.18852596  0.038878    0.07123819]
 [-0.11872296  0.12081862 -0.07956561  0.05696079  0.02637875]]
V = [[ 0.19053609  0.09088326 -0.03640143 -0.0636656   0.02884128]
 [ 0.02550141 -0.06423198  0.29803801 -0.06084363 -0.015061  ]
 [ 0.07031173  0.04279888 -0.17691835 -0.10298088 -0.17299248]
 [-0.26636237 -0.02691448 -0.02129507 -0.02633094 -0.02376328]
 [-0.1348183  -0.05610728 -0.11244219  0.26848425 -0.07180381]]
U = [[ 0.1116364  -0.10171568 -0.0010317   0.01130211 -0.03323985]
 [-0.20626899  0.03270752 -0.25011279  0.16757312 -0.12239791]
 [ 0.01372089  0.18850175 -0.18723547  0.01545736 -0.03102384]
 [ 0.0681464   0.24984711  0.18036076 -0.08059832  0.09589515]
 [-0.09310112 -0.03405377  0.11443512  0.04719698 -0.05066279]]
Matrix Pair 49; W = [[ 0.13050822  0.17736883  0.13406582 -0.08435371  0.03817536]
 [-0.10340829  0.13805256 -0.16777348  0.13847057  0.05678779]
 [-0.09093034  0.22802434  0.2260092   0.05240437  0.23449766]
 [ 0.08941012 -0.10642564 -0.14359802  0.01386117  0.02472499]
 [-0.0555618   0.13432509 -0.06400315 -0.01003161 -0.03376764]]
V = [[ 0.16109085  0.06808293 -0.116026   -0.04027339 -0.02740467]
 [ 0.03318078 -0.09887584  0.33832166 -0.03775798  0.03134267]
 [ 0.07347217  0.11100472 -0.10686255 -0.0936031  -0.14294113]
 [-0.21931901 -0.01656617 -0.00688768  0.02742833 -0.01974508]
 [-0.21135839 -0.09803308 -0.08126885  0.24444636 -0.04899819]]
U = [[ 0.0866634  -0.1464656  -0.07541687  0.06475147 -0.0973385 ]
 [-0.20680898 -0.02317349 -0.19130075  0.17800238 -0.05770497]
 [-0.01261604  0.19631839 -0.25128326 -0.0091315  -0.00219154]
 [ 0.07935183  0.19187653  0.1728746  -0.14609937  0.11612126]
 [-0.12057268 -0.02939221  0.06945575  0.0359648  -0.06607098]]
Matrix Pair 50; W = [[ 0.15068765  0.1133791   0.11799926 -0.11800111  0.04681548]
 [-0.18128338  0.14312778 -0.18494475  0.16162038  0.05085294]
 [-0.10261517  0.21220531  0.22704214  0.0291993   0.1815239 ]
 [ 0.03391826 -0.11313836 -0.13656199 -0.0190024   0.07674892]
 [-0.0531219   0.09469658 -0.06359712  0.05575874  0.02374769]]
V = [[ 0.15238738  0.07030909 -0.04354782 -0.03286895  0.04769799]
 [ 0.07328793 -0.0932945   0.28468199  0.01239958 -0.00259192]
 [ 0.13396866  0.10920413 -0.10544704 -0.10963417 -0.14418145]
 [-0.27297948 -0.08336366 -0.09438934  0.00403877 -0.06749221]
 [-0.18801634 -0.08970853 -0.09971808  0.26889024 -0.0323974 ]]
U = [[ 0.102066   -0.08342749 -0.01406419  0.05874693 -0.00556797]
 [-0.17276209  0.00990224 -0.23020282  0.17182903 -0.1333496 ]
 [ 0.05280181  0.19530027 -0.16988824 -0.05335345 -0.04735547]
 [ 0.05052086  0.26424172  0.20372954 -0.06102761  0.06863376]
 [-0.09094015  0.01354979  0.05954862 -0.02007974 -0.04585747]]
Matrix Pair 51; W = [[ 0.06189061  0.15094965  0.04942179 -0.02500645  0.09172111]
 [-0.11050597  0.12307421 -0.1818228   0.17814937  0.12993808]
 [-0.04301643  0.24743929  0.1943311   0.0882354   0.140244  ]
 [ 0.09148233 -0.13629385 -0.13035067  0.02709474 -0.00547293]
 [-0.09173647  0.18758338 -0.0050363   0.00391528 -0.00167393]]
V = [[ 0.21049094  0.03561405 -0.02885538  0.00876898  0.01512884]
 [ 0.07096541 -0.02770252  0.30645009 -0.04957147 -0.04132653]
 [ 0.08628468  0.09225991 -0.11989429 -0.06500285 -0.16070172]
 [-0.21272438 -0.0100975  -0.08084966  0.03087181 -0.05958585]
 [-0.20799548 -0.09279887 -0.06664107  0.22091053 -0.0087022 ]]
U = [[ 0.0738378  -0.09193395 -0.05276172  0.03396252 -0.02699347]
 [-0.13592871  0.05120419 -0.21064993  0.14135421 -0.08475546]
 [ 0.0110456   0.13922805 -0.17566147 -0.02959162 -0.03835725]
 [ 0.10584125  0.23355175  0.19737022 -0.07571212  0.09057151]
 [-0.05576349 -0.02675506  0.05615911  0.01450365 -0.04928645]]
Matrix Pair 52; W = [[ 0.0568143  -0.04215771  0.06401141 -0.07366709  0.04764725]
 [-0.20316711  0.09047664 -0.16553131  0.16798708  0.07819586]
 [-0.1025124   0.21575236  0.22262073  0.01008763  0.23822022]
 [ 0.0336263  -0.20486946 -0.09121985 -0.02260005 -0.05394589]
 [-0.07622486  0.12117087 -0.09138499 -0.03878204  0.0072996 ]]
V = [[ 0.24971044  0.06561507 -0.14708412  0.00409282  0.0186566 ]
 [ 0.12816877 -0.09053937  0.24736938 -0.11241087 -0.03055929]
 [ 0.09008611  0.06327572 -0.16124519 -0.08163167 -0.12589142]
 [-0.20274261 -0.1356048  -0.0414734  -0.05748354 -0.07211004]
 [-0.13827361 -0.07739494 -0.00123217  0.21058053 -0.04561463]]
U = [[ 0.15620385 -0.11469327  0.00235826  0.08892181 -0.07294471]
 [-0.17017499 -0.0366423  -0.22062561  0.23926914 -0.09406252]
 [ 0.14177327  0.13546192 -0.21568691 -0.09615208 -0.00988818]
 [ 0.04319108  0.17119726  0.22638031 -0.09586979  0.12613852]
 [-0.12810338 -0.03508107  0.11714087 -0.05640999 -0.02483105]]
Matrix Pair 53; W = [[ 0.0692429  -0.04497915  0.03401629 -0.03607024  0.10142563]
 [-0.14992035  0.15632567 -0.13940702  0.18951852  0.12347323]
 [-0.0170634   0.25486721  0.1671784   0.01302299  0.20193761]
 [ 0.03619446 -0.22739485 -0.14431942  0.03541257 -0.04206427]
 [-0.05757628  0.10240349 -0.10185559 -0.0261143   0.00896348]]
V = [[ 0.19396877 -0.01961843 -0.1152248   0.00574857  0.02422651]
 [ 0.06613968 -0.09760994  0.21332564 -0.12811618 -0.03911866]
 [ 0.0931332   0.05809629 -0.118631   -0.13665874 -0.08348937]
 [-0.29004702 -0.15081255 -0.03979851 -0.05052003 -0.06471063]
 [-0.10539261 -0.14411762 -0.05359887  0.21863949 -0.10196633]]
U = [[ 0.12883518 -0.08359783 -0.01016232  0.032922   -0.00740956]
 [-0.14500616 -0.09880392 -0.2443987   0.26688409 -0.12375101]
 [ 0.07362066  0.20092619 -0.21460319 -0.08248113 -0.03121805]
 [-0.00524759  0.15493809  0.18253875 -0.14563329  0.07870242]
 [-0.12666445 -0.00726323  0.11471955 -0.00591145 -0.07844363]]
Matrix Pair 54; W = [[ 0.12863767 -0.0309481   0.02954871 -0.0553255   0.1117319 ]
 [-0.12305807  0.16243312 -0.18825805  0.19459939  0.09302575]
 [-0.05900798  0.22964517  0.18984333 -0.00527373  0.14463157]
 [ 0.02686968 -0.24607891 -0.16998239  0.00120598  0.0192874 ]
 [-0.07181857  0.06559632 -0.07519954 -0.02178794 -0.05200838]]
V = [[ 0.24056884  0.04367147 -0.18753497 -0.00577226  0.03245418]
 [ 0.06557075 -0.01151331  0.25530348 -0.13708245 -0.02732985]
 [ 0.08909317  0.09602406 -0.08120428 -0.13913248 -0.13249717]
 [-0.2892073  -0.14488967 -0.0081812   0.00209713 -0.16061156]
 [-0.17620109 -0.16314338 -0.03727716  0.18790308 -0.01347004]]
U = [[ 0.11477151 -0.09372343  0.02509887  0.05857355  0.00389238]
 [-0.14148238 -0.0182885  -0.18729182  0.21414399 -0.1068842 ]
 [ 0.08500977  0.18706366 -0.26286819 -0.04360174 -0.00062014]
 [ 0.0530099   0.14150321  0.26892087 -0.08090693  0.03578037]
 [-0.0474264  -0.00852367  0.12020033 -0.07315896 -0.03874265]]
Matrix Pair 55; W = [[ 0.12563608 -0.05026583  0.04038664 -0.09561181  0.07789308]
 [-0.20540939  0.09492158 -0.17156186  0.24015768  0.11268918]
 [-0.06339222  0.21798541  0.16759378  0.01245944  0.1477522 ]
 [ 0.03385567 -0.26231728 -0.10774869 -0.00146681 -0.00331573]
 [-0.07295356  0.04456087 -0.07542328 -0.01607452 -0.04596501]]
V = [[ 0.2396283   0.06265592 -0.14072985  0.04770008  0.03120497]
 [ 0.10317992 -0.08382564  0.22021334 -0.12173515 -0.01913401]
 [ 0.0927549   0.12512265 -0.17015188 -0.09791489 -0.07100727]
 [-0.2780366  -0.11711445 -0.02747165  0.00757362 -0.07444345]
 [-0.0973177  -0.09590186 -0.06481048  0.17812657 -0.03357653]]
U = [[ 0.11296977 -0.07369288  0.05494345  0.08924687 -0.02151643]
 [-0.1332275  -0.06594635 -0.16805266  0.19366567 -0.09861101]
 [ 0.09120235  0.14613656 -0.16787838 -0.03815434  0.00190494]
 [ 0.01865252  0.15575145  0.2471747  -0.13815774  0.08079529]
 [-0.04717468  0.012261    0.07029158 -0.05292506 -0.07588252]]
Matrix Pair 56; W = [[ 0.05950508  0.0693201   0.02859723 -0.03489095  0.02646483]
 [-0.17072953  0.16961661 -0.22497186  0.15122372  0.21960291]
 [-0.04766958  0.29718544  0.17453522  0.01152041  0.14657283]
 [ 0.05925387 -0.13999365 -0.05605513  0.0977594   0.08669332]
 [-0.05525322  0.09934772 -0.06521602  0.01712435  0.10205795]]
V = [[ 0.20201584  0.01902998 -0.04526082  0.06437487  0.04466323]
 [ 0.11221298 -0.0862673   0.30061384 -0.04263557 -0.01090964]
 [ 0.13104528  0.18554423 -0.18504819 -0.14508898 -0.05969417]
 [-0.23785246 -0.06923542 -0.08063278  0.03079128  0.03047729]
 [-0.17203082 -0.08348813 -0.06756774  0.21291209 -0.06475317]]
U = [[ 0.16695232 -0.0274884  -0.08100249  0.12321542 -0.06651321]
 [-0.20456003 -0.03666137 -0.2032093   0.0965234  -0.00757143]
 [-0.02030849  0.20374279 -0.21502774 -0.06042554 -0.01948618]
 [ 0.02902537  0.15498733  0.2526052  -0.16024416  0.06280636]
 [-0.10656767  0.06024325  0.12657817 -0.01982867 -0.04534018]]
Matrix Pair 57; W = [[ 0.05572703  0.14532353  0.012401   -0.12008367  0.10565233]
 [-0.23151769  0.21640487 -0.21176084  0.10745889  0.14453146]
 [-0.03213579  0.26693801  0.24426301  0.0214257   0.15366409]
 [ 0.0722887  -0.14778064 -0.09376101  0.10111265  0.07278086]
 [-0.02636326  0.12422778 -0.03203048  0.03893234  0.04707266]]
V = [[ 0.25873699  0.06519261 -0.1156539   0.06812721 -0.02179688]
 [ 0.09503447 -0.05380888  0.23663759 -0.04772056  0.05809355]
 [ 0.10296373  0.15471016 -0.22765363 -0.10993221 -0.09668723]
 [-0.24272768 -0.07086603 -0.00284202 -0.02434479  0.00439641]
 [-0.13902644 -0.10447581 -0.00260463  0.2317554  -0.05503885]]
U = [[ 1.50429129e-01 -9.43972444e-02 -4.77656407e-02  1.04458099e-01
  -2.04883998e-02]
 [-1.97387738e-01 -5.92961045e-02 -2.54931257e-01  9.45729129e-02
  -1.01349781e-01]
 [ 2.44671930e-02  1.54354893e-01 -2.92982328e-01 -1.77255000e-02
   7.55092431e-04]
 [ 1.04659848e-01  1.32349119e-01  2.40770814e-01 -1.29776982e-01
   1.04619149e-02]
 [-1.77687255e-01 -5.49819079e-05  1.11496542e-01 -8.16238424e-03
  -9.81501880e-02]]
Matrix Pair 58; W = [[ 0.03024332  0.09883233  0.05922014 -0.07426418  0.08706607]
 [-0.19049288  0.18465072 -0.27076649  0.18552963  0.15872061]
 [-0.0755975   0.29937456  0.24228062 -0.00076001  0.1090386 ]
 [ 0.06937294 -0.18271076 -0.04372047  0.01135138  0.00921658]
 [-0.00754725  0.12326248 -0.03404387  0.01236884  0.01450178]]
V = [[ 0.28974201 -0.01082681 -0.09353899 -0.01229572  0.0063716 ]
 [ 0.11692487 -0.07680241  0.22599526 -0.01119687  0.04640381]
 [ 0.0791213   0.15732034 -0.24352171 -0.09557607 -0.08711327]
 [-0.27149848 -0.04692423 -0.0708191   0.05368154 -0.00724513]
 [-0.1856859  -0.1356914  -0.00686662  0.30589168 -0.12729403]]
U = [[ 0.16015473 -0.0766172  -0.02671135  0.08462141 -0.01995587]
 [-0.20534256  0.02648229 -0.25742268  0.10787462 -0.0585753 ]
 [ 0.01517028  0.19902711 -0.24488466 -0.0574499  -0.00931055]
 [ 0.08277358  0.21124207  0.21415265 -0.16008218  0.02493321]
 [-0.12150058  0.009237    0.16180174 -0.03150762 -0.04797978]]
Matrix Pair 59; W = [[ 0.12107833  0.10396857 -0.01412268 -0.06366977  0.10942744]
 [-0.19451006  0.20312438 -0.27629     0.12050151  0.20606775]
 [-0.00589971  0.29541899  0.22332078  0.02349125  0.10226252]
 [ 0.08184696 -0.13455416 -0.09182549  0.07525215  0.09143486]
 [-0.04484471  0.08648003 -0.07895503 -0.02626409  0.02884623]]
V = [[ 0.28364488  0.03234053 -0.06996454  0.05641806 -0.02035036]
 [ 0.10026655 -0.00613546  0.2880802  -0.04590173  0.03810399]
 [ 0.12047509  0.09729409 -0.26256352 -0.18191851 -0.04614894]
 [-0.26291459 -0.03301358 -0.0795647  -0.00939511  0.02235223]
 [-0.12173949 -0.14915107 -0.05317292  0.2156115  -0.04457942]]
U = [[ 0.14244739 -0.02506186 -0.04542253  0.04927626 -0.05890126]
 [-0.20749814 -0.01941862 -0.25910589  0.12160607 -0.06077787]
 [ 0.00396851  0.20811623 -0.21924123 -0.10136719  0.02692896]
 [ 0.01743975  0.17224626  0.28300189 -0.06300956  0.03881047]
 [-0.1057926   0.05416776  0.10835231  0.06158625 -0.12302377]]
Matrix Pair 60; W = [[ 0.08906206  0.07763171  0.09032623 -0.03369642  0.14001856]
 [-0.19222161  0.1350914  -0.23446306  0.17433732  0.16512258]
 [-0.0607221   0.2976913   0.13533655 -0.01449515  0.15640522]
 [ 0.07684444 -0.16183555 -0.06982608  0.04909571  0.03146442]
 [ 0.00435129  0.04414248 -0.01948745 -0.05862729  0.06553885]]
V = [[ 0.21892728  0.05815771 -0.04678898  0.1219014  -0.01361436]
 [ 0.01213499 -0.05070239  0.33813011 -0.08828398 -0.05009375]
 [ 0.11784855  0.08834128 -0.26492255 -0.1210053  -0.08680591]
 [-0.23446071 -0.09041003 -0.01533421  0.03358764 -0.09297077]
 [-0.1558212  -0.1167876  -0.05355366  0.23866092 -0.18043222]]
U = [[ 0.17333595 -0.10598929  0.00664891  0.07643141  0.03818371]
 [-0.2136277  -0.0315979  -0.17407697  0.08815956 -0.02478556]
 [ 0.08802307  0.14733403 -0.30400512 -0.1075102   0.02513633]
 [ 0.06033886  0.13527929  0.21913417 -0.03935297  0.09421682]
 [-0.12115811  0.10325182  0.1097066   0.00832542 -0.06369644]]
Matrix Pair 61; W = [[-0.00338504  0.0131604   0.00374964 -0.02592036  0.15126308]
 [-0.13194329  0.11096296 -0.28046955  0.15825316  0.19958506]
 [-0.06195981  0.24685229  0.12932126  0.00275223  0.12352545]
 [ 0.12863662 -0.20972864 -0.04301225  0.02934315  0.03413367]
 [-0.03071295  0.06331226 -0.03078444 -0.06440516  0.13890399]]
V = [[ 0.14688437  0.04874228 -0.06663343  0.10997689 -0.04902784]
 [-0.00985657 -0.10868443  0.38935828 -0.07999224  0.0204998 ]
 [ 0.16471625  0.12257705 -0.19565347 -0.06831103 -0.09524989]
 [-0.23436082 -0.14624481 -0.03200497  0.03179854 -0.04159932]
 [-0.18497089 -0.07830351 -0.06971607  0.20531607 -0.08878663]]
U = [[ 0.17771745 -0.04322905 -0.02467234  0.07811865 -0.05317188]
 [-0.26869666 -0.07180005 -0.19898887  0.08073219 -0.0626844 ]
 [ 0.03209913  0.17701287 -0.22475444 -0.07962977 -0.05418316]
 [ 0.06630575  0.1300377   0.23638729 -0.13051056  0.09115615]
 [-0.13276347  0.10523136  0.11893511  0.00056818 -0.02166893]]
Matrix Pair 62; W = [[ 0.08745162  0.05290335 -0.00339024 -0.05128852  0.12812965]
 [-0.11694954  0.11446472 -0.30561341  0.15223978  0.19021564]
 [-0.1056911   0.2982434   0.13976767 -0.05808595  0.18820214]
 [ 0.10128631 -0.13786614 -0.09677492  0.01223233  0.0089595 ]
 [ 0.04424519  0.04155192 -0.00204401  0.00346171  0.08620458]]
V = [[ 0.14597027  0.06033187 -0.08976939  0.11835762 -0.0287985 ]
 [ 0.0477282  -0.10376713  0.31439914 -0.06463852  0.02760571]
 [ 0.18621606  0.12761981 -0.21830242 -0.1187626  -0.09577226]
 [-0.26154537 -0.15501149 -0.03983827  0.03591523 -0.05318367]
 [-0.18071644 -0.10630973 -0.03995782  0.21289852 -0.13012275]]
U = [[ 0.13172963 -0.03365439 -0.00918742  0.07198972  0.03223568]
 [-0.2733131  -0.03576714 -0.1767636   0.1218162  -0.08456354]
 [ 0.06848352  0.2182057  -0.22468729 -0.08830944 -0.00221447]
 [ 0.07623679  0.13014007  0.22690984 -0.08616014  0.10111519]
 [-0.16457243  0.10233154  0.15474795  0.01388682 -0.09087892]]
Matrix Pair 63; W = [[ 0.018515    0.09463465  0.02701004 -0.05287902  0.09069205]
 [-0.11433772  0.08769003 -0.30022743  0.13476282  0.15945388]
 [-0.09648679  0.32077541  0.16107307 -0.06980228  0.15331502]
 [ 0.11071324 -0.17229196 -0.04666408 -0.02004979  0.04648251]
 [ 0.02058022  0.04818346 -0.03737632  0.00515456  0.13785514]]
V = [[ 0.20241177  0.07080268 -0.08783369  0.11286452 -0.01700763]
 [ 0.03262187 -0.10908664  0.38595958 -0.12053159  0.03338403]
 [ 0.1237811   0.0967521  -0.21928929 -0.05614886 -0.07764681]
 [-0.17477609 -0.17756421 -0.00384406 -0.04774006 -0.0490184 ]
 [-0.20331475 -0.06834595 -0.10006332  0.24455154 -0.14131044]]
U = [[ 0.15348145 -0.02756857 -0.05849261 -0.01294374 -0.02846458]
 [-0.21479641 -0.039205   -0.17228651  0.04871495 -0.05360998]
 [ 0.11191903  0.14242964 -0.27613108 -0.05115132 -0.01300392]
 [ 0.08364456  0.12833678  0.25596401 -0.09533545  0.05353923]
 [-0.10221324  0.07840452  0.15292224 -0.02243766 -0.06639568]]
