Epoch: 3Matrix Pair 0; W = [[ 2.07723288e-01  1.48997143e-01  3.44626075e-01 -5.89895392e-02
   1.53374092e-01]
 [-3.62573792e-01  1.09671622e-01 -1.10487785e-01  1.39956081e-01
   7.23533006e-02]
 [-1.78396916e-01  3.11788739e-01  4.10619546e-01  2.42835624e-01
   1.36654639e-01]
 [ 1.63039104e-04 -8.48715115e-02 -1.88940728e-01 -2.78641339e-02
  -7.51921464e-02]
 [-2.98979345e-01  1.74995510e-01 -1.48696468e-01  4.02632300e-02
  -1.25046897e-01]]
V = [[ 0.28322893 -0.0092059  -0.08860405 -0.18269451  0.25013203]
 [ 0.12783417  0.09511581  0.17307952 -0.00893842 -0.06363257]
 [-0.07041049  0.18034084 -0.09073195  0.13979521 -0.04912563]
 [-0.4150896   0.07796551 -0.11219771  0.19906123 -0.33680148]
 [-0.1951165   0.12546599 -0.00600048 -0.01796968 -0.04308893]]
U = [[ 0.0372707  -0.15424068  0.08447025  0.0027361  -0.07195655]
 [-0.01965398  0.02808032 -0.13290273  0.34782097 -0.09888596]
 [-0.05244291  0.28750368 -0.06605158 -0.001434   -0.10952818]
 [ 0.21021749  0.18843128  0.02264112 -0.22957036  0.01595064]
 [ 0.00647123 -0.053877    0.09249753 -0.07557866 -0.08154971]]
Matrix Pair 1; W = [[ 0.25867868  0.15590563  0.35082605 -0.08830967  0.16269162]
 [-0.36055816  0.12078687 -0.09473614  0.15910351  0.08055165]
 [-0.14572361  0.29114971  0.39023878  0.26886106  0.16861522]
 [ 0.03091131 -0.09732326 -0.24180525 -0.06738289 -0.06130318]
 [-0.27138262  0.23871387 -0.14860669  0.03924742 -0.12338972]]
V = [[ 0.27936648  0.02921289 -0.07764099 -0.17019171  0.21600682]
 [ 0.05860903  0.07271712  0.12803094 -0.08168216 -0.13972408]
 [-0.14167849  0.10386076 -0.05948842  0.14475724 -0.02524802]
 [-0.43208417  0.1286662  -0.20478914  0.22543916 -0.42049355]
 [-0.22521673  0.06435539  0.04768534  0.01625011 -0.01961836]]
U = [[ 0.05964146 -0.15300695  0.08737961  0.01843214 -0.15242487]
 [ 0.00787713 -0.01148047 -0.16555255  0.41381487 -0.09738834]
 [ 0.03099068  0.29038126 -0.07661234 -0.00874563 -0.10793919]
 [ 0.19937495  0.13669378 -0.01716978 -0.23644489  0.0721829 ]
 [ 0.01374888 -0.088075    0.06792145 -0.06878409 -0.14976131]]
Matrix Pair 2; W = [[ 0.18785124  0.14052439  0.35223362  0.00865341  0.17822347]
 [-0.33597242  0.07550854 -0.1561938   0.14941147  0.14379061]
 [-0.12971687  0.25951405  0.37210163  0.27734759  0.11376677]
 [ 0.03721932 -0.09018535 -0.18801827 -0.01845724 -0.08201805]
 [-0.23195396  0.21509317 -0.09502763  0.12016205 -0.17981625]]
V = [[ 0.28186321  0.00391194 -0.05741875 -0.19209973  0.28336828]
 [ 0.1220201   0.13220646  0.16680848 -0.01370503 -0.05415449]
 [-0.12362882  0.12645037 -0.07857667  0.14322189 -0.00372653]
 [-0.35974999  0.05095414 -0.12959603  0.20024378 -0.42685991]
 [-0.24010227  0.06353131  0.07160644  0.04161021 -0.07882963]]
U = [[ 0.04965848 -0.1228024   0.09769426  0.05957966 -0.14312182]
 [-0.03018114  0.035544   -0.1524863   0.39226325 -0.17217823]
 [ 0.00770753  0.25971219 -0.08531419 -0.02246371 -0.08927462]
 [ 0.1542053   0.17091758  0.00614677 -0.20063132  0.07218766]
 [-0.03268182 -0.07779653  0.12429464 -0.01301905 -0.09997551]]
Matrix Pair 3; W = [[ 0.17588428  0.13021608  0.37956029 -0.06234181  0.20280577]
 [-0.32369757  0.09638445 -0.16444927  0.17254288  0.07831963]
 [-0.18502993  0.24548381  0.44528107  0.3003067   0.10547548]
 [ 0.02512346 -0.08162575 -0.16829068 -0.04689829 -0.05064445]
 [-0.30469326  0.22173017 -0.06473401  0.03890637 -0.14586714]]
V = [[ 0.30331785 -0.00560633 -0.08111941 -0.20130104  0.2474724 ]
 [ 0.0824573   0.0645899   0.18147209 -0.05989389 -0.11260447]
 [-0.13382104  0.16405074 -0.1382845   0.18400158  0.00912099]
 [-0.34787371  0.07660009 -0.1186545   0.15918969 -0.34531053]
 [-0.20368206  0.06508266  0.06263781  0.05053824 -0.07145962]]
U = [[ 0.03989136 -0.16309541  0.08329214 -0.02841756 -0.06546968]
 [-0.02423311  0.0367127  -0.11474072  0.43395173 -0.14142182]
 [ 0.00594154  0.31124185 -0.09404099  0.03105971 -0.09260556]
 [ 0.18856034  0.19429964  0.00663709 -0.20796572  0.04924149]
 [ 0.03122723 -0.01612939  0.05537127 -0.02597297 -0.10391433]]
Matrix Pair 4; W = [[ 0.00745489 -0.11382322 -0.05099934 -0.11817108 -0.0022936 ]
 [-0.04830637  0.0408429  -0.07035221  0.10987363  0.08571958]
 [ 0.08566952  0.21116603 -0.01884065  0.04805129  0.12208987]
 [ 0.01919815 -0.12304135 -0.0673821   0.17303261 -0.1104753 ]
 [ 0.06104669 -0.14899134  0.03627981 -0.14555504  0.17924458]]
V = [[-0.05539722 -0.00094115 -0.08464742  0.12142661 -0.16572745]
 [ 0.18416771 -0.24334692  0.22820015  0.01406454  0.20066501]
 [ 0.32350162  0.24252497 -0.18122295 -0.20115899  0.07474974]
 [-0.3460484  -0.26205329  0.16648934  0.2558684  -0.08074517]
 [-0.25666039 -0.19856207  0.0573792   0.00383444 -0.19122473]]
U = [[ 0.16490969 -0.08402053 -0.13565121  0.04373755  0.06455154]
 [-0.1080765  -0.0927554  -0.16434855  0.26388373 -0.21419745]
 [ 0.14397581 -0.00162938  0.01892962 -0.12592535  0.00444082]
 [-0.20116228  0.19229928  0.07442505  0.03540208 -0.0203956 ]
 [-0.15221455  0.14376017  0.01717682 -0.04915706 -0.23896678]]
Matrix Pair 5; W = [[-0.01245351 -0.11313219 -0.07041532 -0.14192959  0.07208176]
 [-0.07781339  0.11075962 -0.00896082  0.10130251  0.12185911]
 [ 0.12668123  0.19326118 -0.02515027  0.01972165  0.21299877]
 [-0.02197886 -0.08038142 -0.09316562  0.12915255 -0.08502518]
 [ 0.06141194 -0.0829753   0.02147818 -0.1666849   0.15180253]]
V = [[ 0.03363899 -0.03221359 -0.15569     0.15173263 -0.18368632]
 [ 0.21339715 -0.23684153  0.22293928  0.06072963  0.16205758]
 [ 0.29636541  0.28254693 -0.16716335 -0.2592082   0.03906573]
 [-0.32744025 -0.34611745  0.17844333  0.2891765  -0.07439938]
 [-0.25458338 -0.11761933  0.02017485  0.01642805 -0.14508711]]
U = [[ 0.20760304 -0.02807531 -0.11807497  0.02221657  0.06528759]
 [-0.06938118 -0.13256519 -0.1492256   0.2591823  -0.23043573]
 [ 0.13128379  0.03920282  0.00892202 -0.07595012 -0.01337902]
 [-0.14284215  0.1057947   0.07564261  0.01278839 -0.02291574]
 [-0.13612924  0.14883645 -0.00554314 -0.11125235 -0.2493037 ]]
Matrix Pair 6; W = [[ 0.04142358 -0.18185713 -0.07658663 -0.18863633  0.06418666]
 [-0.02504251  0.11997678 -0.05954492  0.11611773  0.04938597]
 [ 0.10723115  0.21413241 -0.00084674  0.05131014  0.19887196]
 [ 0.01466983 -0.17562098 -0.0703281   0.10220025 -0.13508457]
 [-0.01657248 -0.0891428   0.05228    -0.10849641  0.11562843]]
V = [[-0.05578269 -0.00527337 -0.12850672  0.11430836 -0.20825476]
 [ 0.26899784 -0.21523974  0.14677075 -0.01713232  0.19414594]
 [ 0.3032741   0.32279255 -0.16145925 -0.21965292  0.0025732 ]
 [-0.3462466  -0.26451819  0.15018996  0.29299323 -0.0116069 ]
 [-0.2264719  -0.1239493   0.0462899   0.00864089 -0.15563924]]
U = [[ 0.2171692  -0.05933072 -0.16532581  0.02964989  0.01690176]
 [-0.05343858 -0.13779558 -0.161037    0.19702371 -0.25931522]
 [ 0.17356726 -0.00219252  0.00194465 -0.03889639  0.04384672]
 [-0.20161788  0.14984063  0.04778558  0.04137539 -0.04727498]
 [-0.21516732  0.12934114  0.02323304 -0.03653463 -0.21749327]]
Matrix Pair 7; W = [[ 0.00301661 -0.18806865  0.00580948 -0.16948517  0.0818833 ]
 [-0.03526746  0.05557731 -0.02939319  0.11571967  0.11627556]
 [ 0.04435543  0.17793437  0.05897977 -0.00680742  0.16592971]
 [-0.01703577 -0.17528977 -0.06192756  0.17922264 -0.13300551]
 [ 0.02768074 -0.11875665  0.02106163 -0.17584549  0.08960708]]
V = [[-0.01116979  0.02393486 -0.12650631  0.14033685 -0.24003142]
 [ 0.20441259 -0.18291528  0.19645273 -0.00946009  0.15235438]
 [ 0.3077302   0.29330709 -0.13436918 -0.22551956  0.02548159]
 [-0.3319047  -0.34244987  0.17785553  0.26529711 -0.06019552]
 [-0.29233843 -0.19000212  0.04183469  0.04711632 -0.16001722]]
U = [[ 0.1834654  -0.1084286  -0.13034435  0.02771057  0.02346841]
 [-0.05586176 -0.13375612 -0.11964991  0.28481895 -0.21772424]
 [ 0.16395526 -0.02872657  0.05820277 -0.05893777  0.02099077]
 [-0.11552023  0.1182627   0.09134276  0.03758143 -0.00348752]
 [-0.14133717  0.1113472  -0.02697905 -0.04565997 -0.21851728]]
Matrix Pair 8; W = [[ 0.04785526  0.05712389  0.07523733  0.0493728   0.1066111 ]
 [-0.16744665  0.19528359 -0.34369676  0.17109824  0.27846946]
 [ 0.03778497  0.3790752  -0.04290075 -0.16618332 -0.03011377]
 [ 0.29364674 -0.2181106  -0.14904402  0.00699491  0.04633052]
 [ 0.13939053  0.00184749  0.13829904 -0.08581941  0.13556903]]
V = [[ 0.09870654 -0.07459672 -0.054456    0.1457006   0.03198349]
 [-0.09225837 -0.22349115  0.20403608 -0.11682945 -0.05990041]
 [ 0.13625117  0.22125334 -0.2684023  -0.1892477  -0.03393884]
 [-0.26617679 -0.15394408  0.05397579  0.05924555 -0.02044146]
 [-0.19104021 -0.12635239 -0.22957855  0.15168105 -0.2986162 ]]
U = [[ 0.06186932  0.00958417 -0.15326831  0.03305027  0.09315819]
 [-0.20958174 -0.27868052 -0.12955892 -0.00092295 -0.12060339]
 [ 0.1177084   0.21705951 -0.29584312 -0.2240024  -0.11201155]
 [-0.02756088  0.18734421  0.30986019 -0.13995547  0.09376389]
 [ 0.063411    0.16629922  0.13391333 -0.10153998 -0.16571167]]
Matrix Pair 9; W = [[-0.02030247  0.04798107  0.10014072  0.0736349   0.1206492 ]
 [-0.18728233  0.17108109 -0.2729326   0.18878376  0.28717855]
 [ 0.06492167  0.43368224 -0.09990331 -0.16498004 -0.02284628]
 [ 0.30114061 -0.17099024 -0.15697198  0.01976803  0.06946338]
 [ 0.07790562  0.04547181  0.13670703 -0.1303791   0.16493955]]
V = [[ 0.12513861 -0.08063918 -0.06227146  0.1228849   0.076771  ]
 [-0.04825629 -0.17018314  0.26205868 -0.17820821  0.01284547]
 [ 0.21016768  0.16591881 -0.30299899 -0.20448389 -0.03958074]
 [-0.21311942 -0.16033961  0.0038587  -0.00126156 -0.09828456]
 [-0.22468026 -0.18849465 -0.18800572  0.1490868  -0.25813234]]
U = [[ 0.08164272  0.05826335 -0.09059791  0.0238271   0.03789088]
 [-0.18344555 -0.27917489 -0.03841625  0.04092719 -0.1517895 ]
 [ 0.05591508  0.18326459 -0.21973106 -0.20132453 -0.1389241 ]
 [-0.01504178  0.201014    0.23909261 -0.0732685   0.12823674]
 [ 0.06060824  0.17379015  0.15910579 -0.11950685 -0.13997123]]
Matrix Pair 10; W = [[-0.02930508  0.06856633  0.04731889  0.03098199  0.10180488]
 [-0.18160189  0.15321984 -0.32166132  0.2405403   0.26646476]
 [ 0.01123812  0.42532697 -0.02453197 -0.19953743  0.05534452]
 [ 0.26772202 -0.17007055 -0.17238159  0.01340585  0.03226056]
 [ 0.10495579  0.04496955  0.16364792 -0.05434251  0.18636815]]
V = [[ 0.08720884 -0.01171326 -0.07422313  0.12367286  0.10050611]
 [-0.05051762 -0.14493591  0.20612591 -0.1548328   0.01368661]
 [ 0.19360336  0.15514928 -0.30988908 -0.27537733  0.00109851]
 [-0.29114731 -0.15439441  0.00042006  0.05939509 -0.07178423]
 [-0.24672077 -0.19597229 -0.26734686  0.16766181 -0.22526317]]
U = [[ 0.04849835  0.01336057 -0.09879913  0.06020808  0.02388209]
 [-0.2072624  -0.2910018  -0.08735209 -0.00530667 -0.19553176]
 [ 0.14098655  0.2312732  -0.21019235 -0.15827716 -0.13843557]
 [-0.09040054  0.19203292  0.29112427 -0.07859581  0.08218725]
 [ 0.05986075  0.17575105  0.18702046 -0.11041316 -0.20015237]]
Matrix Pair 11; W = [[ 0.02989888  0.0206593   0.11749311  0.08133737  0.11616484]
 [-0.2020845   0.15212249 -0.3063934   0.17672889  0.26024408]
 [ 0.09314822  0.33608425 -0.08353442 -0.17774499  0.05755899]
 [ 0.29491962 -0.13643302 -0.18357353  0.04865924  0.07059413]
 [ 0.15794118  0.06549813  0.11644899 -0.11423451  0.18221573]]
V = [[ 0.07519218 -0.06749986 -0.13806046  0.19282759  0.10286243]
 [-0.0417721  -0.19662581  0.22009133 -0.17992637 -0.06463206]
 [ 0.2012607   0.1483792  -0.27983999 -0.22989173 -0.05112016]
 [-0.24939662 -0.19765615  0.01712995  0.03446319 -0.05326078]
 [-0.17071594 -0.14842779 -0.26443473  0.13379873 -0.29454891]]
U = [[ 0.12253597  0.03427015 -0.12102202  0.04070591  0.0331227 ]
 [-0.20504881 -0.32836577 -0.08887821 -0.00983183 -0.18752784]
 [ 0.10349191  0.25786723 -0.24248102 -0.19270916 -0.09409347]
 [-0.07060048  0.11739591  0.30954452 -0.11889712  0.10237177]
 [ 0.00810337  0.13380305  0.19731461 -0.16691328 -0.20592724]]
Matrix Pair 12; W = [[ 0.12960429  0.13899301  0.0759588   0.12592328  0.21943559]
 [-0.13749727  0.16215142 -0.27987584  0.18981647  0.26181245]
 [-0.03972695  0.26920979 -0.09054663 -0.13701945  0.09995067]
 [ 0.21053446 -0.10342901 -0.30465805  0.02699199  0.15181143]
 [ 0.06795935  0.30588011  0.04683365 -0.02314943  0.01040554]]
V = [[ 0.12520462  0.13278873 -0.01409262  0.1437688   0.11926341]
 [-0.11844059 -0.10155273  0.42511095 -0.20215462 -0.05345721]
 [ 0.0640847   0.09538716 -0.28081262 -0.00919852 -0.20920212]
 [-0.13626822 -0.01883621 -0.12492319 -0.17051524 -0.11249195]
 [-0.24355254 -0.21981918 -0.34952508  0.20696626 -0.16055604]]
U = [[-0.06165255 -0.02739366  0.05807564 -0.10874786 -0.01591779]
 [-0.25032689 -0.19555937 -0.09888576  0.00930926 -0.08852278]
 [ 0.10010583  0.24381606 -0.25977101 -0.1724112  -0.04797261]
 [ 0.03225361  0.30583133  0.3826764  -0.14079797  0.10502486]
 [ 0.02210334  0.10745772  0.09266107  0.03396226 -0.14128755]]
Matrix Pair 13; W = [[ 0.06499316  0.11115789  0.16547209  0.1416643   0.24149068]
 [-0.05948935  0.21657498 -0.32800364  0.27047703  0.18380375]
 [-0.05851903  0.29691434 -0.12326355 -0.08735382  0.07907997]
 [ 0.20725702 -0.14276491 -0.2760764   0.03345982  0.15982399]
 [ 0.07958822  0.23800488 -0.0272475  -0.00690483 -0.04639668]]
V = [[ 0.1713586   0.10731708 -0.01000682  0.12398398  0.08927233]
 [-0.12933209 -0.12919722  0.41960057 -0.17889476  0.02372456]
 [ 0.08204173  0.08695131 -0.20788146 -0.07945571 -0.228704  ]
 [-0.16392587 -0.10135411 -0.13565332 -0.15681956 -0.11648317]
 [-0.25632104 -0.19789874 -0.28866579  0.21188403 -0.14084277]]
U = [[ 0.00801594 -0.0246691   0.02559379 -0.0751747  -0.06085189]
 [-0.26170212 -0.12257186 -0.10354419  0.05078149 -0.02067563]
 [ 0.10282699  0.27609577 -0.25284895 -0.18768932 -0.05104092]
 [ 0.05513436  0.33970249  0.38014991 -0.11369317  0.12702317]
 [ 0.05289751  0.048954    0.12365725 -0.05472835 -0.10459828]]
Matrix Pair 14; W = [[ 0.13406011  0.07919558  0.08495416  0.14068594  0.23655883]
 [-0.11895418  0.17359092 -0.29375705  0.1994083   0.23741865]
 [-0.0536519   0.26112628 -0.10961408 -0.10470799  0.07882736]
 [ 0.24509498 -0.13607361 -0.2270321   0.02526513  0.15690596]
 [ 0.0301855   0.30309989  0.03253925  0.00200759 -0.02977831]]
V = [[ 0.17313361  0.11082695 -0.01818434  0.12145293  0.06371412]
 [-0.11888586 -0.14717039  0.38698792 -0.16101539 -0.01765764]
 [ 0.04992154  0.11498958 -0.28170526 -0.00868969 -0.23166228]
 [-0.21596378 -0.09718514 -0.12793359 -0.16296249 -0.08946209]
 [-0.21725024 -0.14618165 -0.34494136  0.27793419 -0.1392855 ]]
U = [[ 0.02055485 -0.0298255   0.00381181 -0.01627536 -0.00748892]
 [-0.27652101 -0.2144262  -0.13124578 -0.01561302 -0.03967953]
 [ 0.06720986  0.2608654  -0.3273128  -0.1241433  -0.10445346]
 [-0.02320114  0.29501314  0.39081858 -0.14244478  0.08964369]
 [ 0.0429432   0.11473443  0.16758399 -0.04305271 -0.19378271]]
Matrix Pair 15; W = [[ 0.08001169  0.15023208  0.14512664  0.10534787  0.25706472]
 [-0.07049324  0.12443161 -0.24192963  0.2197576   0.26251675]
 [-0.08017167  0.25306059 -0.03619688 -0.11009608  0.03238286]
 [ 0.22279789 -0.11996553 -0.22695511  0.02592546  0.12094347]
 [ 0.07342166  0.31827527  0.00338038  0.06507761 -0.06717266]]
V = [[ 0.15999464  0.11986021 -0.05537204  0.12497247  0.10054931]
 [-0.15035689 -0.06262327  0.45778157 -0.23084692 -0.02663469]
 [ 0.13272697  0.14252583 -0.2926594  -0.05838404 -0.19759614]
 [-0.16312567 -0.0429204  -0.17106446 -0.13963921 -0.13801129]
 [-0.21809859 -0.12424477 -0.29835787  0.26851547 -0.18533197]]
U = [[ 0.02613431 -0.05172899  0.03378858 -0.10873598 -0.00493729]
 [-0.2352213  -0.16099111 -0.05207675 -0.01286537 -0.10174762]
 [ 0.05710337  0.24786245 -0.29927275 -0.1175321  -0.08952564]
 [-0.0005953   0.30427428  0.34835453 -0.11216702  0.0779511 ]
 [ 0.10834898  0.12115277  0.09369073  0.0226057  -0.16991962]]
Matrix Pair 16; W = [[-0.04543803  0.1839126  -0.14465688 -0.2356399   0.10108532]
 [-0.1513045   0.00500428 -0.25145337  0.07496699  0.05642059]
 [ 0.00703409  0.0707674   0.22939119 -0.06762551  0.34947239]
 [ 0.05446245 -0.26948578 -0.05813842  0.05884614 -0.01494075]
 [-0.05986017  0.05309303 -0.02960383 -0.19440488  0.12005959]]
V = [[ 0.16974275  0.13279114 -0.27965335  0.11311271  0.04421021]
 [ 0.13974169 -0.06114472  0.37434758  0.0506807   0.02841191]
 [ 0.29162018  0.16534713 -0.34177209 -0.26299715 -0.0382224 ]
 [-0.236803   -0.21781942  0.03250891  0.26132272 -0.11008132]
 [-0.30635637  0.05052333 -0.07829286  0.23316205 -0.00205058]]
U = [[ 0.25806253  0.07276278 -0.15129326  0.02326634  0.15518718]
 [-0.19649478 -0.07322085 -0.24417055  0.01159445 -0.14465782]
 [ 0.12282945  0.16635319 -0.11152533 -0.12748037  0.06988497]
 [ 0.03061445  0.04358385  0.20048786 -0.06686053  0.04335084]
 [-0.18735141  0.18510821  0.12428767  0.09129655 -0.04344889]]
Matrix Pair 17; W = [[-0.03371657  0.16366698 -0.08703181 -0.16257998  0.08819249]
 [-0.08677948  0.02551328 -0.30846593  0.13254605  0.11254564]
 [ 0.02249044  0.13589118  0.21239048 -0.06383944  0.34557931]
 [-0.03007439 -0.2525969  -0.05606652  0.02842445 -0.07902657]
 [-0.02231553  0.01979519  0.0465471  -0.1805223   0.19587349]]
V = [[ 0.17129378  0.17380094 -0.2697172   0.14404047  0.06107069]
 [ 0.08362557 -0.05117209  0.35871902 -0.04444802  0.04666146]
 [ 0.30469506  0.18403076 -0.37580211 -0.25211725 -0.00049171]
 [-0.25590437 -0.16803174 -0.00574023  0.18426236 -0.11316975]
 [-0.27561506  0.00405902 -0.08297274  0.21928052 -0.02628183]]
U = [[ 0.22999578  0.01290003 -0.17957133  0.06147094  0.08992308]
 [-0.16515345 -0.09395537 -0.2614941  -0.00689268 -0.10856488]
 [ 0.15588431  0.19314412 -0.07336626 -0.129373    0.12058616]
 [ 0.00707582  0.04879183  0.18816524 -0.05923672  0.09916623]
 [-0.21586244  0.22734078  0.06513445  0.0786492  -0.03803991]]
Matrix Pair 18; W = [[-0.05905621  0.15785088 -0.0857139  -0.2234967   0.15556621]
 [-0.08128011 -0.00534033 -0.22590261  0.07670758  0.04889266]
 [ 0.03019339  0.11945557  0.18681659 -0.11724581  0.30646642]
 [ 0.01757476 -0.27010631 -0.02538358  0.02559385  0.01021488]
 [-0.08660693  0.0591108   0.00050762 -0.24961428  0.12323001]]
V = [[ 0.20752695  0.14254283 -0.24260525  0.07033442  0.02175963]
 [ 0.05050302 -0.05060678  0.329959   -0.01044014  0.04742172]
 [ 0.26555812  0.19951539 -0.29019376 -0.30928195 -0.03754693]
 [-0.18191046 -0.1679256   0.06607299  0.27319822 -0.11148413]
 [-0.33194478 -0.00100546 -0.03196136  0.24585215 -0.02104132]]
U = [[ 0.23289139  0.00305742 -0.19256456 -0.03226354  0.06580251]
 [-0.18710106 -0.13762641 -0.21798548 -0.02631293 -0.09102807]
 [ 0.2192241   0.14602858 -0.11651727 -0.10560219  0.05740811]
 [ 0.01367695  0.11297538  0.14556115 -0.08700932  0.0675608 ]
 [-0.18027989  0.15762001  0.06873099  0.00890826 -0.07879939]]
Matrix Pair 19; W = [[-0.05118422  0.12707067 -0.15107457 -0.17879152  0.08987458]
 [-0.10744562  0.01303209 -0.28665381  0.13838977  0.05652917]
 [ 0.0220507   0.09568469  0.21300805 -0.05991603  0.27373673]
 [ 0.03822018 -0.24252182 -0.05750817 -0.00660254 -0.0548004 ]
 [-0.02983907  0.06644862 -0.01853591 -0.22385464  0.19512642]]
V = [[ 2.12870045e-01  1.58152814e-01 -2.70992187e-01  1.17455527e-01
   1.05154111e-02]
 [ 1.12634963e-01 -9.38164493e-02  3.84092728e-01  8.71596108e-04
  -3.41918738e-05]
 [ 2.68236356e-01  1.94760010e-01 -3.71489621e-01 -2.66544130e-01
  -1.47672455e-02]
 [-2.06095018e-01 -1.65445361e-01  2.37543970e-02  2.82206732e-01
  -7.42038125e-02]
 [-3.23333418e-01  4.16467010e-02 -7.27189606e-02  2.92447876e-01
  -8.29368688e-02]]
U = [[ 0.22266813  0.05007802 -0.14566587  0.02132193  0.09512128]
 [-0.21640168 -0.04595707 -0.26617624  0.01561369 -0.13782928]
 [ 0.20079104  0.22544993 -0.07746393 -0.08125826  0.11062104]
 [ 0.01755746  0.10225422  0.14432783 -0.0942004   0.08858036]
 [-0.19300909  0.22435981  0.13728769  0.0579252  -0.10659941]]
Matrix Pair 20; W = [[ 0.10387169 -0.09832981  0.14242031 -0.04860982  0.08853729]
 [-0.26410119  0.2415926  -0.21759011  0.25341366  0.07880773]
 [-0.17818936  0.23454713  0.25129225  0.08022398  0.26515969]
 [ 0.18457178 -0.10328302 -0.21234879  0.04339163 -0.0812633 ]
 [-0.03305823  0.18552229 -0.08088157  0.04557252 -0.27049026]]
V = [[ 0.27910924  0.17500943 -0.1916278   0.12526127  0.06859147]
 [ 0.1971054  -0.01865143  0.26378403 -0.19401081  0.06953517]
 [ 0.06092131  0.06838802  0.09438444 -0.08912478 -0.16164457]
 [-0.17638698 -0.10649568 -0.12690195 -0.08148563 -0.15530485]
 [-0.11739781 -0.12844149 -0.00891533  0.14696974 -0.0283224 ]]
U = [[ 0.03147082 -0.15488     0.00718948  0.09219896 -0.2715592 ]
 [-0.21766612  0.02667544 -0.20160734  0.32663242 -0.04332824]
 [ 0.11948811  0.2268921  -0.32669946 -0.1069167   0.0027283 ]
 [ 0.04679143  0.37317988  0.17580767 -0.18046321 -0.02352107]
 [-0.03191204 -0.01080654  0.15102925 -0.04403809 -0.07243176]]
Matrix Pair 21; W = [[ 0.10068189 -0.05721178  0.12937389 -0.10657034  0.06285184]
 [-0.23056212  0.23669925 -0.22781079  0.2214298   0.08850045]
 [-0.14960237  0.24301955  0.2183347   0.12465375  0.31264184]
 [ 0.15523585 -0.12923081 -0.17805726  0.05567028 -0.09558583]
 [-0.04949215  0.17741748 -0.13717817  0.08211315 -0.26806908]]
V = [[ 0.24664633  0.15383859 -0.13208741  0.18356123 -0.00442476]
 [ 0.14225352  0.05094384  0.22683033 -0.16220075  0.10102098]
 [ 0.05186219 -0.00057339  0.07503207 -0.01175939 -0.13567589]
 [-0.18098769 -0.17277568 -0.14031128 -0.09957189 -0.20710405]
 [-0.08846531 -0.15102455 -0.05060724  0.12299937 -0.01604961]]
U = [[ 0.05896656 -0.10893124  0.075349    0.09795428 -0.26616173]
 [-0.18073366 -0.0598888  -0.19627234  0.31232078 -0.00053307]
 [ 0.08548281  0.27805177 -0.26971034 -0.12280967  0.01054344]
 [ 0.05120749  0.39349359  0.19551739 -0.21153953  0.04366443]
 [-0.02144788  0.01305821  0.17909601 -0.02909514 -0.07587476]]
Matrix Pair 22; W = [[ 0.14629381 -0.08055225  0.13519856 -0.06469141  0.1181187 ]
 [-0.18881054  0.16960408 -0.18709212  0.2332973   0.15716129]
 [-0.174678    0.18093943  0.27139292  0.12305616  0.3241882 ]
 [ 0.15428355 -0.06637263 -0.18278944 -0.03428378 -0.13622577]
 [-0.02899932  0.26238489 -0.10555784  0.08210439 -0.23666943]]
V = [[ 0.24021006  0.18309545 -0.12497809  0.20921994  0.02063245]
 [ 0.18779479  0.0371921   0.26795131 -0.19385148  0.11604743]
 [ 0.03423172  0.03427711  0.0694303  -0.07191825 -0.16933652]
 [-0.19764322 -0.17768967 -0.14703978 -0.10136053 -0.14713124]
 [-0.09470175 -0.12842717 -0.09966466  0.10598619  0.02565244]]
U = [[ 0.09719555 -0.19280069  0.07650648  0.04495097 -0.29123241]
 [-0.1819502  -0.02926139 -0.18777427  0.32641956 -0.03433578]
 [ 0.04479251  0.23314711 -0.32378112 -0.04971032  0.00598362]
 [ 0.05360073  0.43910134  0.18365856 -0.21607528 -0.02062314]
 [-0.01801997  0.06548359  0.16133067 -0.03360386 -0.06390528]]
Matrix Pair 23; W = [[ 0.12423463 -0.13219478  0.09877756 -0.11675631  0.02078696]
 [-0.26198022  0.21453577 -0.2099223   0.27370946  0.07154505]
 [-0.20992287  0.21024346  0.29412987  0.15874676  0.34812406]
 [ 0.14316172 -0.11072381 -0.20493329  0.02669058 -0.09179095]
 [-0.0292377   0.20099566 -0.07962529  0.05425487 -0.24926539]]
V = [[ 0.30149188  0.18048147 -0.1444152   0.19406512  0.00359435]
 [ 0.16670714  0.02320684  0.21725202 -0.10824357  0.14023145]
 [ 0.05595027  0.03873193  0.09482957 -0.08800514 -0.16611878]
 [-0.18396843 -0.15519946 -0.1198034  -0.06612432 -0.16634653]
 [-0.0402125  -0.11551595 -0.00738432  0.14544744  0.04031768]]
U = [[ 0.04139001 -0.17072257  0.01171536  0.02558275 -0.27875163]
 [-0.21418915 -0.0544209  -0.21306238  0.28623803 -0.00090449]
 [ 0.13358431  0.21109844 -0.25492817 -0.04579704  0.03676107]
 [ 0.05553004  0.41136155  0.20096879 -0.22940836 -0.03318796]
 [-0.03308794  0.06544731  0.10784935  0.0116088  -0.13588759]]
Matrix Pair 24; W = [[-0.01216423 -0.03273494 -0.12577759 -0.06771376  0.08038111]
 [-0.12173719  0.09480212 -0.1851343   0.17578199  0.27604244]
 [ 0.09579482  0.30774633  0.0396474  -0.22291012  0.07287513]
 [ 0.12763955 -0.15361171 -0.06142128  0.08784698 -0.05274378]
 [ 0.14538981 -0.06022359  0.03993751 -0.19198653  0.26136218]]
V = [[ 0.0767156   0.00340401 -0.19528556  0.17136024 -0.01649289]
 [ 0.05526171 -0.30335398  0.28651073 -0.13949303  0.07946183]
 [ 0.34573109  0.12621264 -0.28212373 -0.36671558 -0.04481726]
 [-0.29188798 -0.35583112  0.16292422  0.16131301  0.02861944]
 [-0.25844387 -0.11041431 -0.06582797  0.16368794 -0.14186654]]
U = [[ 0.18481546  0.07349919 -0.26293337 -0.05792794  0.05933009]
 [-0.15309567 -0.18373872 -0.18025353  0.07026307 -0.11747102]
 [ 0.21443107  0.18061009 -0.15352665 -0.26213028  0.03037886]
 [-0.15037739  0.15348801  0.10009447  0.11748574  0.00521395]
 [-0.08449831  0.21996771  0.075857    0.00615934 -0.2587014 ]]
Matrix Pair 25; W = [[-0.05005867 -0.08263875 -0.09026226 -0.07574309  0.06012994]
 [-0.10961639  0.1057508  -0.23958787  0.21225446  0.32185273]
 [ 0.12473855  0.27977005  0.07246722 -0.29015975  0.04496207]
 [ 0.17397975 -0.18906926 -0.05990521  0.07969993 -0.08865275]
 [ 0.1539219  -0.10077875  0.08162683 -0.18647261  0.27505756]]
V = [[-0.00499196  0.02051673 -0.16406221  0.1131809  -0.07105595]
 [ 0.05868584 -0.2488723   0.30823332 -0.11737613  0.04793906]
 [ 0.36568147  0.16112042 -0.31662281 -0.38003039 -0.06511728]
 [-0.31669736 -0.31239223  0.14488461  0.19787119 -0.01861584]
 [-0.19040782 -0.13291881 -0.02316111  0.15497765 -0.16215216]]
U = [[ 0.16591972  0.0828367  -0.26781036 -0.02086425  0.10804593]
 [-0.08769524 -0.17392877 -0.15422568  0.06976273 -0.13386178]
 [ 0.2547448   0.12877065 -0.14490176 -0.23303846  0.05689067]
 [-0.19714244  0.22817575  0.19535387  0.08606793 -0.06861861]
 [-0.12596481  0.24234368  0.09302286 -0.00066682 -0.2210179 ]]
Matrix Pair 26; W = [[-0.00711064 -0.05937221 -0.13881167 -0.14692309  0.05923494]
 [-0.09755505  0.13347065 -0.20614439  0.15063898  0.29722694]
 [ 0.10304618  0.31441785 -0.011674   -0.19277882  0.10335956]
 [ 0.14922051 -0.18577157 -0.06810769  0.16862038 -0.06793496]
 [ 0.15905411 -0.03293677  0.07374765 -0.19974869  0.21814012]]
V = [[ 0.073612    0.02412012 -0.18066584  0.18420952 -0.03929774]
 [ 0.09760647 -0.26864825  0.27970554 -0.13439027  0.08735193]
 [ 0.37573033  0.12845539 -0.30172597 -0.40252099  0.02001616]
 [-0.3220297  -0.34614418  0.13349542  0.15165964  0.04239786]
 [-0.21043614 -0.14994899 -0.02542116  0.10533806 -0.10713173]]
U = [[ 0.17833926  0.13677149 -0.24362033 -0.0695868   0.06245557]
 [-0.12243007 -0.19626553 -0.14794722  0.04347239 -0.13879454]
 [ 0.24252707  0.19184216 -0.15842995 -0.27714333  0.04849831]
 [-0.20865471  0.17468498  0.14793202  0.13945657 -0.00809005]
 [-0.10103375  0.22003701  0.02708944 -0.06448784 -0.2390953 ]]
Matrix Pair 27; W = [[-0.00167821 -0.04156974 -0.14657001 -0.06909244  0.10320733]
 [-0.08934914  0.07896991 -0.25025974  0.19052958  0.26760916]
 [ 0.12493531  0.28036919  0.07002065 -0.26394342  0.09908871]
 [ 0.13712413 -0.1588251  -0.08626986  0.15025429 -0.09048048]
 [ 0.10762308 -0.04420327  0.09049839 -0.16336641  0.2211543 ]]
V = [[ 0.07708837  0.01388457 -0.17081719  0.17996474 -0.0856307 ]
 [ 0.10920977 -0.33241257  0.29431214 -0.09479951  0.0920928 ]
 [ 0.36045297  0.10912164 -0.2808432  -0.39019567  0.01608318]
 [-0.31307726 -0.30334965  0.10743277  0.1469092   0.00280189]
 [-0.28238398 -0.1193401  -0.05936364  0.06617535 -0.17430383]]
U = [[ 0.16312206  0.10494176 -0.21798499  0.0062737   0.07004557]
 [-0.10700555 -0.18146254 -0.09097564  0.03346496 -0.14987033]
 [ 0.25561284  0.15959117 -0.16058208 -0.19975904  0.10269098]
 [-0.16771782  0.18332     0.10005962  0.1107576  -0.05145532]
 [-0.09931461  0.17231563  0.10084854 -0.05025763 -0.22853105]]
Matrix Pair 28; W = [[ 0.2144121   0.02053357 -0.02219104 -0.17214021 -0.22014426]
 [-0.33729952  0.25615433 -0.17725945  0.29797241 -0.13605218]
 [-0.26972602  0.15251492  0.43990737  0.18914626  0.42287032]
 [-0.08483625 -0.07224154  0.11994959 -0.06837353 -0.08033562]
 [-0.13519382 -0.19395578 -0.07000469  0.02961683 -0.10083047]]
V = [[ 0.35074903 -0.12817279 -0.2076617  -0.06953715 -0.2007927 ]
 [ 0.20386546 -0.04301667  0.084006    0.29050306  0.32067   ]
 [ 0.1067723   0.07543372  0.34215944  0.23560843 -0.05498879]
 [-0.2134821  -0.2605409   0.12307525  0.04171585  0.20424555]
 [ 0.17624525 -0.15095727  0.0714978   0.07768305 -0.04432264]]
U = [[ 2.16791671e-01 -1.76577456e-01 -8.34607684e-03  5.06053977e-03
  -2.34143380e-01]
 [-2.14878741e-01  1.34855173e-01 -1.23234910e-01  3.44340053e-01
   1.57019948e-01]
 [-1.80199065e-02  7.74607830e-02 -3.55517411e-01  2.77292743e-01
  -9.04350037e-02]
 [ 1.84474703e-01  2.43624224e-01  2.63801134e-01 -4.36645877e-01
   2.06731580e-01]
 [-6.41236703e-02 -2.43392232e-01 -5.69340688e-05 -1.00735325e-02
  -8.51045856e-03]]
Matrix Pair 29; W = [[ 0.22251457  0.06243771  0.04256079 -0.21170148 -0.21344928]
 [-0.32711858  0.21587014 -0.11311434  0.32132308 -0.06948885]
 [-0.3235279   0.16859874  0.37246478  0.24013177  0.44062719]
 [-0.06807251 -0.05347142  0.15565932 -0.05481658 -0.14069147]
 [-0.08274901 -0.17454558 -0.12337549  0.09230112 -0.0985109 ]]
V = [[ 0.32719023 -0.14896237 -0.22676292 -0.07947628 -0.16939092]
 [ 0.18507342  0.00869729  0.08327531  0.21098475  0.33708448]
 [ 0.09637877  0.10811025  0.35537574  0.15409135 -0.04786857]
 [-0.28030975 -0.31027352  0.08166647 -0.0089958   0.22611672]
 [ 0.1303539  -0.17489266  0.08846819  0.15864174 -0.0155341 ]]
U = [[ 0.21475862 -0.22795804 -0.01098582  0.00639425 -0.24224048]
 [-0.2612681   0.10901413 -0.07297013  0.29102823  0.21370236]
 [ 0.00433946  0.07864832 -0.29405743  0.31393634 -0.06892058]
 [ 0.13979507  0.25360622  0.33127421 -0.42231837  0.13922093]
 [-0.05271752 -0.21157597  0.02056058 -0.10419989  0.03049556]]
Matrix Pair 30; W = [[ 0.27286374  0.04656246  0.02962934 -0.19141413 -0.20743367]
 [-0.26156165  0.27633149 -0.12688575  0.27590041 -0.13431259]
 [-0.30613257  0.2171077   0.3828212   0.18587024  0.41586703]
 [-0.04935936 -0.04016838  0.16129574 -0.00479299 -0.09069433]
 [-0.03944651 -0.19327949 -0.11339011  0.07623182 -0.09596989]]
V = [[ 0.30459794 -0.17221581 -0.17481988 -0.09900181 -0.20211255]
 [ 0.18201865 -0.03341547  0.07588983  0.21910104  0.29051284]
 [ 0.11881681  0.09403122  0.34200603  0.20220148 -0.0918525 ]
 [-0.23713694 -0.2424704   0.12078157  0.00607271  0.17677059]
 [ 0.17210424 -0.15719904  0.04259162  0.16855193 -0.01371792]]
U = [[ 0.18713183 -0.24424814  0.00276012 -0.02466986 -0.27476838]
 [-0.30156226  0.09972099 -0.09232532  0.32295765  0.14713999]
 [ 0.05216004  0.13145078 -0.35920942  0.26988039 -0.0979721 ]
 [ 0.15265882  0.23193768  0.29068938 -0.40890938  0.11587742]
 [-0.05918649 -0.21152864  0.0525424  -0.0687992   0.0032365 ]]
Matrix Pair 31; W = [[ 0.24847722  0.00574728  0.03953376 -0.21751922 -0.251301  ]
 [-0.36045117  0.19105057 -0.1783308   0.31104312 -0.11990999]
 [-0.32687926  0.15887884  0.44188843  0.20531202  0.43083017]
 [-0.08927213 -0.04597877  0.11819572  0.01680355 -0.12369255]
 [-0.05407894 -0.15043845 -0.11827962 -0.00416387 -0.10534641]]
V = [[ 0.3233649  -0.17396141 -0.15610053 -0.07239348 -0.24903345]
 [ 0.21980873  0.01327419  0.07227952  0.29218301  0.27837219]
 [ 0.14250422  0.09829703  0.33532385  0.21364364 -0.03202138]
 [-0.24810742 -0.30997196  0.05486596  0.00625313  0.18070825]
 [ 0.15354829 -0.16874536  0.07439331  0.13898288 -0.00500367]]
U = [[ 0.20885099 -0.19720494 -0.01909384  0.05630254 -0.21277951]
 [-0.25536306  0.12206326 -0.13965508  0.36795659  0.19168291]
 [ 0.0410191   0.09388731 -0.3476618   0.25732031 -0.06997617]
 [ 0.11391891  0.199244    0.28863458 -0.43221656  0.15640887]
 [-0.13091172 -0.20213619 -0.03243502 -0.08974688  0.06622857]]
Matrix Pair 32; W = [[ 0.02367987  0.22752479 -0.10358464 -0.05181531  0.06723119]
 [-0.173848    0.15883039 -0.17725392  0.1788576   0.06866899]
 [-0.11530585  0.26737671  0.2329777  -0.13411722  0.24688077]
 [ 0.02378382 -0.27262145  0.06008015 -0.09964279  0.15953059]
 [ 0.02997255 -0.01903386 -0.03040903 -0.02071862  0.13008537]]
V = [[ 0.29047023 -0.02480106 -0.14425914  0.06062045 -0.13241997]
 [-0.03251752 -0.08777435  0.21544573  0.06752     0.01464648]
 [ 0.19757381  0.08886788 -0.19376101 -0.02120176 -0.01776336]
 [-0.17423846 -0.16307339  0.1076019   0.0634576   0.07569589]
 [-0.06201029 -0.12681311 -0.01254016  0.2938774  -0.08074171]]
U = [[ 0.13140513  0.0314473  -0.09314006  0.13836195 -0.01739792]
 [-0.26734348 -0.09816283 -0.27531008  0.05679554 -0.06629148]
 [ 0.10770769  0.22277947 -0.42835707  0.03360983 -0.04369498]
 [ 0.11288739  0.0795472   0.32357874 -0.08157486  0.24337095]
 [-0.1919002  -0.0606972   0.12232563 -0.04964823  0.06482397]]
Matrix Pair 33; W = [[ 0.03416956  0.21091333 -0.04538744 -0.08621461 -0.01267766]
 [-0.22559969  0.11577087 -0.20862179  0.25980561  0.07778101]
 [-0.13089103  0.25483072  0.23313913 -0.13443289  0.27346724]
 [ 0.00937998 -0.30088325  0.07255982 -0.05615497  0.06775698]
 [ 0.04503603  0.00075189  0.04505461 -0.08065447  0.12191447]]
V = [[ 0.35068067 -0.02994298 -0.12100455  0.04308886 -0.0918573 ]
 [-0.00967567 -0.11931265  0.2658104   0.08819678  0.01717246]
 [ 0.17880345  0.10680056 -0.20664851 -0.05257085 -0.04312429]
 [-0.12099952 -0.17269178  0.08814329 -0.02166628  0.08119194]
 [-0.08675776 -0.12073413  0.04772652  0.35099099 -0.050668  ]]
U = [[ 0.20714019  0.04342206 -0.1249      0.15105509 -0.03201103]
 [-0.30469542 -0.05972294 -0.29289725  0.09999174 -0.01390645]
 [ 0.08197609  0.17671994 -0.40037737 -0.0235665  -0.04931811]
 [ 0.11637401  0.04137135  0.34238977 -0.06868177  0.16793293]
 [-0.18890747 -0.03570055  0.17961299  0.00472418 -0.01338969]]
Matrix Pair 34; W = [[ 0.08913305  0.22210361 -0.03413091 -0.1073695   0.05388224]
 [-0.2266989   0.15182455 -0.21401635  0.24714198  0.06789153]
 [-0.11540019  0.28057325  0.28416182 -0.08570828  0.30016004]
 [ 0.0776445  -0.26717925  0.08996602 -0.06593686  0.07655048]
 [ 0.02114424 -0.00241317  0.00190239 -0.07524524  0.17067012]]
V = [[ 0.28598598 -0.06777581 -0.09230738  0.03125149 -0.08998238]
 [-0.00356097 -0.14988458  0.22874288  0.14315873  0.03444192]
 [ 0.13522174  0.04205822 -0.21128579 -0.04887444 -0.09650757]
 [-0.12903777 -0.17867581  0.08598412 -0.01615287  0.09456646]
 [-0.15360007 -0.11485667  0.0568655   0.30816902 -0.07692828]]
U = [[ 0.16188461 -0.04746105 -0.05816939  0.13077022 -0.02639877]
 [-0.32081629 -0.03427496 -0.29580296  0.07256718 -0.08623766]
 [ 0.06483145  0.17454142 -0.42351357  0.01221283 -0.06312843]
 [ 0.15681002  0.13040906  0.32689637 -0.10042727  0.19196557]
 [-0.18218544 -0.06951754  0.16000076 -0.01886237  0.04844776]]
Matrix Pair 35; W = [[ 0.08231875  0.22325462 -0.12511019 -0.09473443  0.03128321]
 [-0.22480827  0.16427408 -0.18520419  0.19654929  0.02237988]
 [-0.11992645  0.2932729   0.24851995 -0.11031109  0.2758055 ]
 [ 0.05932326 -0.29472058  0.03524609 -0.10604588  0.11264547]
 [ 0.04330492  0.03321039  0.01913286  0.00186733  0.14850041]]
V = [[ 0.33650542 -0.06204567 -0.18412235  0.02355834 -0.05899606]
 [ 0.00516918 -0.06113383  0.2513071   0.09713476  0.03090464]
 [ 0.1554105   0.12115402 -0.20759207 -0.06157678 -0.07740855]
 [-0.12682612 -0.11806694  0.05066604  0.00632822 -0.00456537]
 [-0.13281155 -0.14045838 -0.00471651  0.33132785 -0.00960454]]
U = [[ 0.21925137  0.04081098 -0.06929488  0.06539983  0.02645513]
 [-0.29486297 -0.05311586 -0.30061263  0.01893515 -0.04025302]
 [ 0.06055788  0.16165888 -0.37414142  0.04376061 -0.01081175]
 [ 0.13329512  0.08406815  0.38527324 -0.11934438  0.25271815]
 [-0.21366364 -0.03949434  0.15285377 -0.0750659   0.01336826]]
Matrix Pair 36; W = [[ 0.00794344  0.07409992 -0.06682753 -0.19341479  0.23144516]
 [-0.35724282 -0.09160763 -0.1602617   0.09739349 -0.09058245]
 [-0.04867345  0.08813457  0.28311555  0.1797511   0.46124195]
 [ 0.01480501 -0.34883492 -0.03354023 -0.04861513 -0.13346901]
 [-0.32108687  0.20107719 -0.02828213 -0.09859539  0.05302723]]
V = [[ 0.17717284  0.00288306 -0.40712206  0.19032371  0.22666361]
 [ 0.07608843  0.19579161  0.02893184  0.00735179  0.00305143]
 [ 0.05677517 -0.12492534 -0.1026354  -0.09278291 -0.04501876]
 [-0.20246747 -0.00490996  0.04715222  0.51533496 -0.39154585]
 [-0.1906183   0.17364899  0.18685256  0.0578897  -0.01465385]]
U = [[-2.31065323e-03  9.24951889e-02  2.75722586e-04 -9.77694311e-03
  -1.93047952e-02]
 [ 4.07791551e-02 -1.58031212e-01 -2.32717235e-01  2.86393074e-01
  -1.52323924e-01]
 [ 5.09120980e-02  1.70959337e-01 -1.42236341e-01  5.58030021e-02
  -2.71395186e-02]
 [ 4.82644111e-02 -1.06327463e-01  1.23528026e-01 -2.31811547e-01
   4.44724043e-03]
 [-1.26952931e-01  7.62676878e-02  1.51664751e-01 -8.41526898e-02
  -4.43046571e-02]]
Matrix Pair 37; W = [[-0.03373371  0.09530695 -0.05000888 -0.13158214  0.23808263]
 [-0.37210101 -0.14788439 -0.14668371  0.05339657 -0.10558705]
 [-0.03517811  0.15389256  0.30785548  0.14416977  0.43063772]
 [-0.03807961 -0.32676994 -0.01443912 -0.03636495 -0.14819675]
 [-0.24737578  0.21280198 -0.02612809 -0.17342854  0.02228397]]
V = [[ 0.20550392 -0.03978078 -0.37926713  0.17440405  0.23823153]
 [ 0.14740035  0.22145885 -0.01354313  0.0201322  -0.0440767 ]
 [ 0.00432496 -0.11074993 -0.10000665 -0.10467417 -0.09564904]
 [-0.16463092 -0.08088916  0.00192906  0.45517949 -0.44745828]
 [-0.19365639  0.22808431  0.15749102  0.13752706 -0.03843513]]
U = [[ 0.0362539   0.06730205  0.05378802 -0.05893592 -0.05843045]
 [-0.02092227 -0.11462933 -0.24927482  0.28220658 -0.16523706]
 [-0.00277612  0.13008912 -0.15953237  0.10344508 -0.02689033]
 [ 0.05438358 -0.08155683  0.08721604 -0.24056636  0.02760336]
 [-0.19433287  0.07867314  0.17865877 -0.07142872 -0.00879098]]
Matrix Pair 38; W = [[-3.93602050e-02  9.62656779e-02 -7.76195038e-02 -1.47761703e-01
   1.95144082e-01]
 [-3.03464022e-01 -7.12725586e-02 -1.56470156e-01  7.95595521e-02
  -3.61163154e-02]
 [-5.35887801e-02  1.41892698e-01  2.90123279e-01  1.75131947e-01
   4.62790586e-01]
 [ 1.10289804e-02 -2.68235633e-01 -4.40606868e-04 -1.63363248e-02
  -6.14514764e-02]
 [-2.76628264e-01  2.02032665e-01 -3.07692621e-02 -1.34725960e-01
   6.23040405e-02]]
V = [[ 0.20533307  0.00177286 -0.38515139  0.16012312  0.23581758]
 [ 0.12021432  0.21253363  0.0720862   0.01900975 -0.08164606]
 [ 0.02672203 -0.10652862 -0.06040943 -0.08357903 -0.09511023]
 [-0.19604779 -0.05902104  0.06462252  0.45551958 -0.3692676 ]
 [-0.1977426   0.18743539  0.13643503  0.10034307 -0.07918976]]
U = [[-0.02095619  0.08899478 -0.0184774  -0.04540754  0.01704067]
 [ 0.04396842 -0.08498221 -0.24700131  0.26724653 -0.1804106 ]
 [ 0.03966994  0.16156798 -0.1502427   0.0603879   0.02906523]
 [ 0.0871775  -0.13528202  0.10406037 -0.24787996  0.03696283]
 [-0.16269771  0.12415463  0.18077689 -0.06730509 -0.01921047]]
Matrix Pair 39; W = [[ 0.00139456  0.1238856  -0.05116715 -0.18223868  0.27054107]
 [-0.34096486 -0.16593095 -0.14304397  0.06759013 -0.08001062]
 [-0.04009873  0.09190475  0.32130991  0.13088249  0.47794781]
 [-0.06686435 -0.28480115  0.02002446 -0.02369716 -0.11686315]
 [-0.32102249  0.20579767 -0.0676461  -0.09352078  0.02993325]]
V = [[ 0.17274183  0.03526382 -0.40920569  0.14188083  0.16525029]
 [ 0.11579633  0.21609339  0.01890344  0.04302933 -0.03508668]
 [ 0.00085488 -0.10694112 -0.03978982 -0.06999222 -0.02845425]
 [-0.17939945  0.01277774 -0.01275115  0.47232939 -0.41598731]
 [-0.11076326  0.21165157  0.20169395  0.1307036  -0.01034381]]
U = [[ 0.0026953   0.05673198 -0.02506155 -0.00720449  0.00389653]
 [ 0.05512391 -0.14265109 -0.22475046  0.27517439 -0.19381309]
 [ 0.0528846   0.12775357 -0.18958552  0.11323969  0.02116336]
 [ 0.0265372  -0.07812106  0.05271426 -0.22004182 -0.01462828]
 [-0.14182083  0.13955084  0.22850057 -0.09480107  0.03627278]]
Matrix Pair 40; W = [[ 0.1097436   0.04229698  0.07717494 -0.05658849  0.00529327]
 [ 0.03922252  0.32535776 -0.0742062   0.11458577  0.17944974]
 [ 0.03667873  0.21365346  0.1730363  -0.01977771  0.11801602]
 [-0.07780665 -0.15370657 -0.08829874  0.19360807 -0.02667831]
 [ 0.12344323 -0.03328127 -0.19078588  0.08035241  0.04205816]]
V = [[ 0.29340879  0.08115826  0.16162798 -0.17766793 -0.09264993]
 [ 0.11210924 -0.19533431  0.48529097 -0.09581425  0.00502311]
 [ 0.23621189  0.1291995  -0.16540914 -0.07032595 -0.12554864]
 [-0.39170473 -0.11251562  0.01404372 -0.14991863  0.25319092]
 [-0.11240795 -0.16056447 -0.04171213  0.26219687  0.08571892]]
U = [[ 2.18257611e-01 -5.69520330e-02 -3.66558611e-03  1.11338600e-01
   2.21764061e-04]
 [-2.19628145e-01  5.03046025e-02 -2.58486090e-01  1.39345335e-01
   5.96033100e-02]
 [-1.43641897e-02  1.03048779e-01 -2.16283913e-01 -1.27541919e-01
   7.07989244e-02]
 [ 7.27609279e-02  3.16589101e-01  1.01400033e-01 -3.23663765e-02
   3.84620092e-02]
 [-2.24764844e-01 -5.78483791e-02 -5.24184840e-02  1.03031402e-01
   2.06992441e-02]]
Matrix Pair 41; W = [[ 0.14506549  0.11972847  0.05947278 -0.05173006 -0.02193863]
 [ 0.09495931  0.267266   -0.1487512   0.08665615  0.1521736 ]
 [-0.02489405  0.27479677  0.17571844 -0.01368102  0.10810322]
 [-0.06970029 -0.07187048 -0.02017183  0.14618662  0.03177899]
 [ 0.07312277 -0.06525384 -0.17072107  0.03389825  0.00616693]]
V = [[ 0.25541262  0.15246348  0.12998435 -0.14511249 -0.14154024]
 [ 0.19953584 -0.27114856  0.45590503 -0.02833701 -0.00536248]
 [ 0.22047227  0.13465231 -0.14770323 -0.0820654  -0.17592364]
 [-0.37286359 -0.14724801 -0.03315697 -0.10346189  0.24992268]
 [-0.16768487 -0.16753002 -0.0540913   0.22018384  0.05196713]]
U = [[ 0.202493   -0.08925348 -0.0442963   0.06888621  0.02666712]
 [-0.28804433  0.09646366 -0.19724467  0.12430324 -0.01751652]
 [-0.01298935  0.11925876 -0.1584526  -0.04535276  0.04582569]
 [ 0.02646078  0.31289596  0.14725956  0.02177838  0.06744305]
 [-0.24931702 -0.12118954 -0.07668613  0.10210703 -0.05483903]]
Matrix Pair 42; W = [[ 0.09422604  0.05995548  0.00827608 -0.07655353 -0.02246364]
 [ 0.02142496  0.23713426 -0.13129215  0.1319163   0.17921046]
 [ 0.06201156  0.26893205  0.15946104 -0.02357363  0.07687991]
 [-0.0566588  -0.10631515 -0.07547396  0.16791663 -0.04293318]
 [ 0.11322718 -0.08680427 -0.21288448  0.08897443  0.03525503]]
V = [[ 2.58661507e-01  1.13542563e-01  1.35102234e-01 -1.82251550e-01
  -1.15704532e-01]
 [ 1.95611223e-01 -2.07401785e-01  4.63540298e-01 -6.40250146e-02
  -2.55087500e-02]
 [ 1.85800315e-01  1.06444240e-01 -1.67004264e-01 -1.00844970e-01
  -1.68251041e-01]
 [-3.51927618e-01 -1.55286671e-01 -1.54692017e-02 -9.58259426e-02
   2.58197337e-01]
 [-1.87110332e-01 -2.22673241e-01 -2.27803375e-04  2.64844099e-01
   6.65553174e-02]]
U = [[ 2.39524219e-01 -1.15581368e-01 -6.26873118e-02  6.57251940e-02
  -4.31031219e-02]
 [-3.03170839e-01  5.22976975e-02 -2.13844954e-01  8.47958698e-02
   1.87411145e-02]
 [ 3.90895962e-02  1.32233308e-01 -1.88590088e-01 -1.17343444e-01
   5.64289242e-02]
 [ 8.33941619e-02  3.39624911e-01  1.34631102e-01 -6.68468435e-02
   3.28213907e-02]
 [-2.49175011e-01 -1.23282559e-01 -3.11976854e-04  1.45648455e-01
  -4.35247626e-02]]
Matrix Pair 43; W = [[ 0.14293037  0.02932822  0.06274544  0.00226008 -0.0758104 ]
 [ 0.06487231  0.30480159 -0.15142822  0.07978071  0.19271404]
 [ 0.00277419  0.20905331  0.23568897 -0.06910975  0.08631572]
 [-0.07515398 -0.08152839 -0.09967526  0.13259923 -0.03541895]
 [ 0.08987129 -0.09268791 -0.21498245  0.07390141 -0.01335467]]
V = [[ 0.29434936  0.06542924  0.09470606 -0.1498278  -0.11019995]
 [ 0.10955458 -0.26702088  0.52143939 -0.06854776 -0.03308218]
 [ 0.16136375  0.05826216 -0.19510604 -0.09817298 -0.19598036]
 [-0.37313978 -0.09998733  0.02119016 -0.1239605   0.26995512]
 [-0.14520429 -0.22512803 -0.06362301  0.22071569  0.05201102]]
U = [[ 0.26436074 -0.04694474 -0.06425365  0.06988169  0.01068782]
 [-0.27195343  0.06343753 -0.245709    0.09679861  0.03368521]
 [ 0.00963342  0.14408896 -0.15450021 -0.13086664  0.05184059]
 [ 0.01699702  0.28274745  0.13387216  0.01372377  0.05197316]
 [-0.20850624 -0.11214779 -0.03773943  0.09588092 -0.03069522]]
Matrix Pair 44; W = [[ 0.10512     0.06842053  0.2192797   0.00431661  0.14302513]
 [-0.33972378  0.12472362 -0.31818605  0.23539224  0.15768008]
 [-0.05444555  0.25975385  0.14163915  0.0581942   0.08914129]
 [ 0.17222816 -0.10008242 -0.33921946  0.05613456 -0.02527046]
 [-0.07008789  0.18351354  0.05180744  0.03218833 -0.1570152 ]]
V = [[ 0.12381095  0.16063565 -0.21537972  0.14751273  0.14575282]
 [ 0.08888505  0.0750095   0.30629298 -0.21745782  0.02793376]
 [-0.06312393  0.08564566  0.00060278 -0.0011566  -0.14842347]
 [-0.15112637 -0.00988883 -0.19928722  0.10008777 -0.1248425 ]
 [-0.21684447  0.03515182 -0.14625942  0.06421654 -0.22008089]]
U = [[-0.02103097 -0.10409942  0.03908791 -0.12311682 -0.18106773]
 [-0.19159304 -0.11324748 -0.07177009  0.17879288 -0.07313518]
 [ 0.1767406   0.32839204 -0.21033336 -0.1147164  -0.07272961]
 [ 0.10546874  0.29047338  0.12758971 -0.22614704 -0.03267036]
 [ 0.14249163  0.10668188  0.16995968 -0.02266315 -0.15454626]]
Matrix Pair 45; W = [[ 0.15563206  0.10091264  0.23104665  0.0506949   0.14883512]
 [-0.33364281  0.17993083 -0.36809485  0.24229505  0.07972671]
 [-0.13334988  0.26599872  0.12632703  0.11442234  0.11705624]
 [ 0.17464879 -0.06065155 -0.28485213  0.0929667  -0.03179986]
 [-0.05127134  0.18908502  0.0200294   0.01589117 -0.21841803]]
V = [[ 0.14097463  0.16397503 -0.25303557  0.19702717  0.19695415]
 [ 0.014566    0.06125574  0.23172808 -0.22768078  0.02587142]
 [-0.01048325  0.09663504 -0.03857657 -0.02699468 -0.10823387]
 [-0.13677093 -0.0773362  -0.17359817  0.04767513 -0.22282089]
 [-0.21373529  0.03470215 -0.09991617  0.06030161 -0.15690315]]
U = [[-0.06801206 -0.06545384  0.0719334  -0.11465978 -0.17807453]
 [-0.21747973 -0.13777425 -0.04613237  0.21561902 -0.10314427]
 [ 0.18756991  0.33917266 -0.2046313  -0.15669722 -0.03047969]
 [ 0.09923179  0.34498074  0.14278704 -0.22256637 -0.01938083]
 [ 0.14062412  0.07936283  0.1502018  -0.04531442 -0.23058258]]
Matrix Pair 46; W = [[ 0.17604456  0.01875146  0.26376777 -0.01277515  0.16083141]
 [-0.30431509  0.11752463 -0.37105659  0.24085441  0.10576616]
 [-0.08600795  0.21216474  0.20488439  0.11940946  0.12392426]
 [ 0.2271832  -0.08675002 -0.36590434  0.03962479 -0.00533646]
 [-0.09616732  0.24179883  0.05637028 -0.0487533  -0.20169069]]
V = [[ 0.13463268  0.16770338 -0.24483148  0.12198754  0.15087784]
 [ 0.06824099  0.05277503  0.32057935 -0.17524851 -0.00203372]
 [-0.01380497  0.11855081  0.01318565  0.00584475 -0.16904769]
 [-0.07732095 -0.01103889 -0.17256369  0.0410005  -0.20474451]
 [-0.20855759 -0.01689856 -0.14636858  0.11905091 -0.16941794]]
U = [[-0.05230277 -0.11774423  0.04486135 -0.06475095 -0.16765147]
 [-0.17648825 -0.07876897 -0.0585278   0.20079614 -0.06245269]
 [ 0.10118234  0.28950765 -0.27067548 -0.1382154   0.01063577]
 [ 0.05447258  0.32858179  0.12268416 -0.23777244 -0.06424732]
 [ 0.12638419  0.13326823  0.16367036 -0.00473003 -0.18798972]]
Matrix Pair 47; W = [[ 0.15346957  0.06418586  0.18277875 -0.00595822  0.20125644]
 [-0.31041006  0.11229252 -0.3239942   0.24651478  0.11310374]
 [-0.13865095  0.27240441  0.13299878  0.123081    0.11360643]
 [ 0.13676285 -0.05038902 -0.35421637  0.02815684 -0.01427585]
 [-0.07867927  0.21584813 -0.03456902  0.00775071 -0.13857416]]
V = [[ 0.1240339   0.17902298 -0.20355528  0.17304545  0.16854921]
 [ 0.0312062  -0.00513157  0.29816279 -0.16721183  0.03941268]
 [-0.02113488  0.14221337 -0.06735098  0.02595336 -0.13859037]
 [-0.14287069 -0.05614008 -0.16234138  0.0484769  -0.20580122]
 [-0.21181548 -0.01682557 -0.13835145  0.11069297 -0.13600975]]
U = [[-0.05912653 -0.09924311 -0.00361989 -0.08021046 -0.21160968]
 [-0.17292563 -0.11928024 -0.11913258  0.15684705 -0.05213866]
 [ 0.14042343  0.2757173  -0.24730271 -0.16882854 -0.0168722 ]
 [ 0.02852324  0.31714614  0.12788395 -0.25074364 -0.09082958]
 [ 0.10044332  0.16839141  0.20665048 -0.06416467 -0.20169987]]
Matrix Pair 48; W = [[ 0.06011841 -0.01443658  0.09650459 -0.0805398   0.11250074]
 [-0.36448773  0.21137832 -0.24795555  0.23143908  0.2836446 ]
 [-0.03315212  0.3617701   0.1810833  -0.04330195  0.0683329 ]
 [ 0.25613038 -0.1327859  -0.20909333 -0.03100388 -0.09977986]
 [ 0.04138435  0.05806676  0.1653031  -0.15284529  0.02564518]]
V = [[ 0.07201592 -0.06823764 -0.17939204  0.1902573   0.13743242]
 [ 0.06759852 -0.05686911  0.14033589 -0.12775014  0.084882  ]
 [ 0.10437152  0.12784    -0.07462735 -0.142004    0.05612909]
 [-0.28460476 -0.20761422 -0.01640572  0.27836601 -0.16979542]
 [-0.13794384 -0.00120159 -0.11751506  0.01264606 -0.25972968]]
U = [[-0.0631633   0.00104103  0.00792281 -0.00457433 -0.11071532]
 [-0.03705987 -0.23433063 -0.00761235  0.17440162 -0.08821418]
 [ 0.18563937  0.27122931 -0.19581307 -0.21073313 -0.02666074]
 [-0.00658417  0.15084914  0.06145091 -0.10641975 -0.02439644]
 [ 0.14473099  0.17328197  0.16114255 -0.26822306 -0.27706008]]
Matrix Pair 49; W = [[ 0.05688598 -0.01753733  0.1069577  -0.05521342  0.12127936]
 [-0.37159557  0.11943713 -0.297541    0.29967895  0.19452743]
 [-0.09533819  0.4147518   0.20336973 -0.0187594   0.03418813]
 [ 0.26397634 -0.11348374 -0.24227363  0.03005337 -0.08975464]
 [ 0.04262182 -0.03102055  0.15848455 -0.10932734  0.00873038]]
V = [[ 0.09475352 -0.02386812 -0.24203368  0.24721865  0.08071086]
 [ 0.01685392 -0.02484643  0.10199042 -0.09319455  0.09641459]
 [ 0.07754307  0.20946299 -0.04558894 -0.16543825  0.05893912]
 [-0.25430218 -0.11484019  0.0050234   0.2832668  -0.21226761]
 [-0.18697317 -0.08061294 -0.09484077 -0.04727371 -0.21455029]]
U = [[-0.044086    0.01678075 -0.01992206 -0.07661439 -0.10323702]
 [-0.03166724 -0.24658287 -0.04527209  0.17856686 -0.13115741]
 [ 0.1567123   0.2337758  -0.18065259 -0.20080712 -0.06821518]
 [ 0.00410071  0.14926976  0.1096354  -0.14177042 -0.07680154]
 [ 0.1113412   0.20843103  0.21833281 -0.27863685 -0.3334415 ]]
Matrix Pair 50; W = [[ 0.06370292 -0.10698815  0.10827807 -0.06178728  0.09938513]
 [-0.42591665  0.17085239 -0.27836943  0.25531452  0.2260764 ]
 [-0.0446537   0.37510391  0.16825896 -0.02009473  0.07157486]
 [ 0.21325593 -0.13581886 -0.1686224   0.01570188 -0.07119761]
 [ 0.02659574 -0.02612792  0.21960192 -0.08788942  0.09170044]]
V = [[ 0.13604975 -0.0700482  -0.26393562  0.2511029   0.05820628]
 [-0.00379105 -0.04010581  0.10045762 -0.12685297  0.02406301]
 [ 0.16960384  0.15359546 -0.05983723 -0.18569394  0.06104652]
 [-0.24148667 -0.12694316  0.00147277  0.22934512 -0.2091019 ]
 [-0.16538282 -0.06233165 -0.13753301 -0.06314908 -0.28780577]]
U = [[-0.01131075  0.0407628  -0.0355072  -0.03120166 -0.05778809]
 [-0.03072595 -0.17971106 -0.06629889  0.14418043 -0.06006775]
 [ 0.21306814  0.2576916  -0.21070647 -0.16962741 -0.05587173]
 [-0.01257302  0.15415649  0.01862662 -0.10687143 -0.08578696]
 [ 0.11899102  0.21073144  0.19693356 -0.18386662 -0.27792206]]
Matrix Pair 51; W = [[-1.15848655e-04 -1.01965390e-01  1.24362435e-01 -1.93099406e-02
   6.39912483e-02]
 [-3.47837431e-01  1.37833150e-01 -3.03890618e-01  2.35721316e-01
   2.52199815e-01]
 [-2.02086165e-02  3.95564291e-01  1.67619846e-01 -3.48309462e-02
   7.24239919e-02]
 [ 2.22316827e-01 -1.15023817e-01 -1.96938168e-01  2.83896144e-03
  -1.54335275e-02]
 [-4.84223627e-02  6.55050028e-02  2.08234706e-01 -1.50197082e-01
   2.44405492e-02]]
V = [[ 0.07101135 -0.03858781 -0.25871847  0.24064992  0.1369952 ]
 [ 0.06116604 -0.08121217  0.09667712 -0.17454762  0.00580108]
 [ 0.13138558  0.17929702 -0.01204222 -0.18301663 -0.01731831]
 [-0.20751086 -0.15471835  0.01703955  0.28096359 -0.17396663]
 [-0.15417445 -0.03336311 -0.04893969  0.02256168 -0.21382347]]
U = [[ 0.00952648  0.06489997  0.00874953  0.0040913  -0.13057013]
 [-0.03521987 -0.23834337 -0.04041841  0.15145055 -0.04441984]
 [ 0.17286283  0.24874975 -0.22630924 -0.14076965 -0.05419174]
 [-0.04563741  0.18960473  0.07715901 -0.12606783 -0.02398107]
 [ 0.12460051  0.26504837  0.20457604 -0.26065853 -0.30668371]]
Matrix Pair 52; W = [[ 0.1420798  -0.0293126  -0.14520999 -0.34383626  0.09049702]
 [-0.32988598 -0.0443329   0.06369564  0.11588325 -0.169746  ]
 [-0.14030144  0.11744052  0.4586769  -0.03925141  0.63906957]
 [-0.08668232 -0.28583442  0.11146164  0.08759866 -0.09868075]
 [-0.17836365  0.09761137 -0.12895145 -0.07122971 -0.00810275]]
V = [[ 0.36437159  0.16434427 -0.3499788   0.17495361 -0.08698265]
 [ 0.37978618  0.03009734  0.02192028  0.04517968  0.01692309]
 [ 0.41192872 -0.14648888  0.19147937 -0.30527715 -0.17022078]
 [-0.21008883 -0.46691363  0.22152525  0.14328384 -0.09495198]
 [-0.02755551 -0.03479435  0.16820677  0.13682944  0.11066533]]
U = [[ 0.21549163  0.18272953  0.00706975  0.22337397 -0.23651098]
 [-0.13169285  0.07900119 -0.44785261  0.23230015  0.03187874]
 [ 0.03198948  0.05563128 -0.3146449   0.07807666  0.13844149]
 [-0.05822173  0.05053279  0.07227672 -0.20316362 -0.06723969]
 [-0.24762912 -0.1346648   0.12010058  0.00585331  0.04279571]]
Matrix Pair 53; W = [[ 0.06297332 -0.0090703  -0.10794204 -0.28432621  0.05561293]
 [-0.31560324  0.0386758   0.0727476   0.18618779 -0.18579055]
 [-0.1127347   0.07703743  0.49483382 -0.05424034  0.5913844 ]
 [-0.09382649 -0.24285395  0.10931018  0.00716974 -0.17251818]
 [-0.18654593  0.09663926 -0.16263632 -0.13635922 -0.01218655]]
V = [[ 0.39294979  0.17715636 -0.38721811  0.13700164 -0.07569861]
 [ 0.36064296  0.02040415  0.01999158  0.04808395  0.09050374]
 [ 0.37264103 -0.1082757   0.21408231 -0.30217274 -0.19360182]
 [-0.17658387 -0.50298939  0.21389522  0.1504348  -0.06530944]
 [-0.05850133 -0.08013594  0.14927856  0.04974454  0.07360473]]
U = [[ 0.16464568  0.12933922 -0.0227567   0.24588773 -0.2104413 ]
 [-0.09050904  0.093588   -0.39310644  0.20590743  0.03578088]
 [ 0.06031222  0.09608721 -0.34102679 -0.01460778  0.15588054]
 [-0.05687751  0.05972931  0.1167246  -0.19971907 -0.05915828]
 [-0.30475373 -0.10406587  0.11718814 -0.04824486 -0.03899661]]
Matrix Pair 54; W = [[ 0.13062575 -0.01425151 -0.15229545 -0.27251541  0.09849952]
 [-0.30771937 -0.00177877  0.05928747  0.15644683 -0.11805613]
 [-0.06424445  0.09202543  0.44852466 -0.04157465  0.58326264]
 [-0.08847075 -0.26918222  0.06901516  0.05339147 -0.11948942]
 [-0.19320263  0.12429871 -0.18598467 -0.05570413 -0.01629488]]
V = [[ 0.39730674  0.16679293 -0.2939347   0.1902226  -0.06404288]
 [ 0.33629973  0.07060943  0.05289857  0.01476074  0.02346138]
 [ 0.36692976 -0.17944342  0.12346999 -0.3162239  -0.20793221]
 [-0.14326464 -0.50446939  0.22909845  0.10690237 -0.06534715]
 [-0.08700373 -0.03653537  0.12073302  0.09310901  0.10433242]]
U = [[ 0.15793283  0.19118182 -0.08198036  0.24203276 -0.22728743]
 [-0.11257172  0.06636708 -0.38368342  0.16406633  0.02576555]
 [ 0.10627963  0.13867072 -0.24909195  0.02383166  0.13113438]
 [-0.09350825  0.02818521  0.03577742 -0.22628385 -0.07081326]
 [-0.27749387 -0.12618094  0.05575279 -0.00415667  0.04720902]]
Matrix Pair 55; W = [[ 0.09589268  0.01049379 -0.17159369 -0.29213654  0.01991729]
 [-0.29292461 -0.00574514  0.01945232  0.12426625 -0.09468854]
 [-0.10842221  0.04463172  0.51294088  0.01966177  0.639292  ]
 [-0.11776813 -0.27403538  0.10661918  0.03733915 -0.17058679]
 [-0.17351144  0.12066905 -0.15103143 -0.14066445 -0.01904339]]
V = [[ 0.34791076  0.18695521 -0.37171036  0.20850154 -0.03873552]
 [ 0.36430571  0.00847773 -0.0199769   0.06334256  0.0147318 ]
 [ 0.41645367 -0.11743049  0.17543384 -0.37240625 -0.21032254]
 [-0.22129819 -0.46752064  0.18783844  0.15557176 -0.08214475]
 [-0.04890064 -0.09174713  0.16535061  0.06486882  0.10379068]]
U = [[ 0.20420053  0.17832448  0.00521706  0.15943681 -0.23589212]
 [-0.07528579  0.06708811 -0.41350512  0.16008597 -0.03106363]
 [ 0.08285604  0.08695634 -0.3233492   0.0167031   0.11717723]
 [-0.12707013  0.05090096  0.09117541 -0.23389066 -0.08529277]
 [-0.24126195 -0.07840608  0.05467312 -0.00071882 -0.03684002]]
Matrix Pair 56; W = [[ 0.23267396  0.15579641  0.29829764 -0.06503679  0.2129475 ]
 [-0.11610286  0.14352181  0.02654071  0.04476187  0.24354168]
 [-0.05177534  0.23221818  0.21500142  0.13647164 -0.1081585 ]
 [-0.0042393  -0.15951638 -0.12583901  0.05971447  0.04425496]
 [-0.13475386  0.14832564 -0.1658348   0.06892269 -0.04195363]]
V = [[ 0.21447922  0.06447768  0.23602099 -0.34420392  0.11426195]
 [ 0.06291782 -0.05976395  0.27658403  0.00977442 -0.12197132]
 [-0.16983209  0.13159877 -0.35565985  0.0092438  -0.2736716 ]
 [-0.5642947   0.05633241 -0.22277183 -0.10564198 -0.28253626]
 [-0.24079172 -0.06572847  0.14115087  0.12296127 -0.07841821]]
U = [[ 0.10083926 -0.23993623  0.10260351  0.18779851  0.05375277]
 [ 0.01394172  0.08585995 -0.29574112  0.3764723  -0.15380002]
 [-0.17388459  0.04906285  0.03187506  0.05747623 -0.02558858]
 [ 0.20958222  0.0907331   0.07212714 -0.02407485 -0.02694774]
 [-0.24593795 -0.1454671   0.05457202  0.0066407  -0.00057903]]
Matrix Pair 57; W = [[ 0.26059412  0.21837199  0.31775139 -0.06461743  0.21431822]
 [-0.16825087  0.09363702  0.02783474  0.01501793  0.2028117 ]
 [-0.07218212  0.27895687  0.1480645   0.13942049 -0.0932057 ]
 [-0.08328633 -0.17952972 -0.10701233  0.06638445  0.07693475]
 [-0.12778445  0.17795838 -0.17264109  0.10403588 -0.03761439]]
V = [[ 0.29485748  0.09858163  0.23214769 -0.34800395  0.11113959]
 [ 0.02736061 -0.07305835  0.27739015 -0.05078967 -0.15892471]
 [-0.12117961  0.06692105 -0.34646654 -0.05870742 -0.21146305]
 [-0.585867    0.13483911 -0.21473447 -0.13838697 -0.27711598]
 [-0.28087633 -0.06864954  0.10923146  0.09101409 -0.07138353]]
U = [[ 0.03886823 -0.17245138  0.05549425  0.19708821 -0.01782919]
 [-0.00443744  0.08248527 -0.30605538  0.34323284 -0.17293726]
 [-0.20829959  0.01741549  0.04711267  0.04058041 -0.06692394]
 [ 0.25385513  0.11325614  0.0896414   0.00150422 -0.0152209 ]
 [-0.26112205 -0.20800962 -0.00769573  0.02561321  0.02645614]]
Matrix Pair 58; W = [[ 0.20362973  0.14900067  0.34228253  0.009012    0.14835496]
 [-0.13459218  0.08410816  0.07478282  0.04894842  0.21061532]
 [-0.07821081  0.28119328  0.14343519  0.18473642 -0.03256877]
 [ 0.00158569 -0.1784436  -0.13012802  0.01112343  0.04558277]
 [-0.20139043  0.20243559 -0.22394591  0.08620347 -0.00631614]]
V = [[ 0.25599227  0.0989717   0.16588812 -0.34320645  0.05229363]
 [ 0.03613528 -0.09482216  0.30615477 -0.05589608 -0.20005372]
 [-0.11344321  0.13089346 -0.3888869   0.00558898 -0.21902559]
 [-0.57905106  0.1126786  -0.13384126 -0.10597389 -0.2525993 ]
 [-0.24736287 -0.08749144  0.07279774  0.15321253 -0.09035312]]
U = [[ 0.12855422 -0.19764031  0.05746116  0.18785063  0.00252336]
 [-0.02443117  0.06861524 -0.29577099  0.38874389 -0.17715723]
 [-0.14711324  0.03654738 -0.02109486  0.06686471 -0.0852776 ]
 [ 0.21233962  0.06878481  0.07909621 -0.03399204  0.05008326]
 [-0.19921742 -0.12709848  0.07302121 -0.00524991  0.01794929]]
Matrix Pair 59; W = [[ 0.26820219  0.23019703  0.32284518  0.02584772  0.1736316 ]
 [-0.09450556  0.15814326  0.02324432  0.00490658  0.23702759]
 [-0.04108192  0.24670622  0.16817528  0.1960789  -0.02738088]
 [-0.01253361 -0.19266261 -0.15224851  0.02209958  0.11890685]
 [-0.20683515  0.17032245 -0.15887195  0.12763761 -0.06444928]]
V = [[ 0.22364516  0.09483753  0.24254448 -0.33382797  0.0427733 ]
 [ 0.02527212 -0.07018014  0.30848708 -0.0571193  -0.14723665]
 [-0.15369022  0.08265282 -0.33130324 -0.0569891  -0.27413883]
 [-0.55768594  0.08389019 -0.14903431 -0.11219058 -0.25147831]
 [-0.27172014 -0.07655973  0.07675357  0.17745243 -0.0476148 ]]
U = [[ 0.13098133 -0.22382267  0.09101406  0.20081369  0.03200739]
 [-0.00444985  0.05724826 -0.31706374  0.32434903 -0.11413083]
 [-0.21298583 -0.01170363  0.02588648  0.07946274 -0.0871018 ]
 [ 0.1839387   0.13930013  0.02600003 -0.02035503  0.02866217]
 [-0.18709611 -0.17374287  0.045815    0.02861508 -0.01479353]]
Matrix Pair 60; W = [[ 0.1202907  -0.22135057  0.05431584 -0.14845913 -0.12237393]
 [-0.25629369  0.15822845  0.01266703  0.16307994  0.19307283]
 [-0.00092916  0.23812108  0.23037474  0.1867      0.23771859]
 [ 0.10786688 -0.13105474 -0.03861327  0.06907137 -0.17593941]
 [-0.02074902  0.01441982 -0.00192825 -0.04707019 -0.12651212]]
V = [[ 0.12078839  0.03902163 -0.23042571  0.12802332 -0.16794118]
 [ 0.20350781 -0.13183499  0.02699086 -0.16459256  0.15317915]
 [ 0.10459963 -0.02675718  0.06659001 -0.22289769 -0.08229745]
 [-0.29435082 -0.39727666  0.15225599  0.06069664 -0.096368  ]
 [ 0.03282857 -0.12859428  0.13930715 -0.01530933 -0.13851275]]
U = [[ 0.02214073 -0.14069064 -0.15602876  0.12901683 -0.30801683]
 [-0.07089758 -0.03360471 -0.12632536  0.35634299 -0.08769872]
 [ 0.03041867  0.17082501 -0.19839994 -0.02380125  0.11469492]
 [-0.1397686   0.27891224  0.14677217  0.02478262 -0.13235753]
 [-0.09744852  0.059684    0.02816397 -0.12056349 -0.17791412]]
Matrix Pair 61; W = [[ 0.18887324 -0.283072   -0.01786815 -0.08085841 -0.0757269 ]
 [-0.17921893  0.12237919  0.02575297  0.16849773  0.15616549]
 [-0.04000197  0.20409542  0.24348466  0.10683433  0.170199  ]
 [ 0.11585551 -0.07419441 -0.0603038   0.10923617 -0.11465082]
 [ 0.00863737  0.00148484  0.02691766 -0.05176659 -0.148684  ]]
V = [[ 0.07894776  0.01231524 -0.23008406  0.13422546 -0.14748599]
 [ 0.21615938 -0.08049462  0.07395678 -0.10192183  0.15909213]
 [ 0.1288728  -0.03281837  0.12600772 -0.26817639 -0.0448581 ]
 [-0.29921515 -0.46498397  0.12589916 -0.01330052 -0.10068911]
 [-0.05919996 -0.18188087  0.1513226   0.04772693 -0.07502655]]
U = [[-0.01184073 -0.0961893  -0.12209175  0.12980478 -0.30163743]
 [-0.06892098 -0.08487815 -0.10646374  0.33948775 -0.09307489]
 [ 0.06549907  0.11799865 -0.16412101 -0.00595441  0.12410876]
 [-0.13723154  0.25794452  0.13595647  0.04802398 -0.10297305]
 [-0.06121068 -0.01894086  0.0550096  -0.11432679 -0.26719724]]
Matrix Pair 62; W = [[ 0.12414788 -0.24596298 -0.00723707 -0.1283129  -0.04872852]
 [-0.1974254   0.0996399   0.05030143  0.22633434  0.22715437]
 [ 0.01043307  0.16665274  0.17162157  0.1760755   0.2208741 ]
 [ 0.10349943 -0.08550822 -0.05194736  0.0569851  -0.15440712]
 [-0.0279034  -0.05565388  0.00135204 -0.01780152 -0.15339197]]
V = [[ 0.0907928   0.07622603 -0.14388965  0.18112687 -0.1562798 ]
 [ 0.23679559 -0.10582216 -0.00669404 -0.10765424  0.17229987]
 [ 0.13102951  0.01310619  0.14016196 -0.24116304 -0.07630233]
 [-0.3007851  -0.41255033  0.06878375  0.00168818 -0.13351253]
 [ 0.00179847 -0.15705309  0.09299502  0.01426524 -0.13962151]]
U = [[ 0.07210441 -0.10061353 -0.07045595  0.11530914 -0.31808692]
 [-0.01630957 -0.06986494 -0.197597    0.33878902 -0.06579872]
 [ 0.05897089  0.15646766 -0.1716647  -0.07712407  0.11477645]
 [-0.08908473  0.24583179  0.13451722  0.04426882 -0.11116775]
 [-0.13897234 -0.00487729  0.05049629 -0.10871335 -0.18361496]]
Matrix Pair 63; W = [[ 0.16733242 -0.2501938   0.0394298  -0.15139506 -0.10061666]
 [-0.25032146  0.1059294   0.0595098   0.21943621  0.15743087]
 [ 0.0223815   0.14216278  0.25450385  0.1141658   0.23504515]
 [ 0.11480119 -0.07609305 -0.0791573   0.10946768 -0.16652013]
 [-0.00571555  0.00110403  0.01878383 -0.01825894 -0.10953816]]
V = [[ 0.0912044  -0.00121102 -0.15219609  0.19935127 -0.11914436]
 [ 0.15527374 -0.06828655  0.04959173 -0.1283027   0.12440449]
 [ 0.06922414 -0.02834907  0.11278398 -0.18630236 -0.04615658]
 [-0.27492147 -0.40081086  0.08050273 -0.01722204 -0.11978206]
 [-0.04369998 -0.14765082  0.10345253  0.02610286 -0.14225568]]
U = [[ 0.07538406 -0.12642744 -0.1396228   0.14299164 -0.25911026]
 [-0.00319081 -0.10501273 -0.13465533  0.36494792 -0.04395588]
 [ 0.0437052   0.15978728 -0.14961606 -0.06085581  0.03161909]
 [-0.13957486  0.29749315  0.05713107 -0.01853636 -0.1404453 ]
 [-0.10273074 -0.00141583  0.08956178 -0.0420289  -0.19049196]]
